Total of 100 tasks calculated correctly, accuracy 100.00% 
517 12427 21207 b00f2d711a976d2e26f209d782c7a4deae9fa5529fe289cd38652a9257d3807e
689 59030 23738 f13587bc89fe4882c7c889302511ffd738d136129b9f5be4c492cb4948a93a89
962 5304 22563 f13587bc89fe4882c7c889302511ffd738d136129b9f5be4c492cb4948a93a89
1136 34892 23821 f13587bc89fe4882c7c889302511ffd738d136129b9f5be4c492cb4948a93a89
1245 7463 6496 b2a8d69fc231cf1e926bcf4aa5a1aa97cf414d53f976f7c62d76d92929f75558
1398 41856 52933 f13587bc89fe4882c7c889302511ffd738d136129b9f5be4c492cb4948a93a89
1417 16950 48947 f13587bc89fe4882c7c889302511ffd738d136129b9f5be4c492cb4948a93a89
2116 50173 1785 750299594f6d44b9b270ff93b102533244ee06a5b65e39d488f289c318ce51f1
2121 48104 21387 f13587bc89fe4882c7c889302511ffd738d136129b9f5be4c492cb4948a93a89
2173 60218 65044 f13587bc89fe4882c7c889302511ffd738d136129b9f5be4c492cb4948a93a89
2517 64848 8911 f13587bc89fe4882c7c889302511ffd738d136129b9f5be4c492cb4948a93a89
2584 247 37087 f5c0b09ee34bfebdd944be9dbec2e7ba3105d944e883af15e85e2b325e5fe013
2590 49339 2977 1c92ceadbda929691a4eb9e0dd975a9a50ba48eda890346fe735f3d36e5f109c
2671 33172 47832 f13587bc89fe4882c7c889302511ffd738d136129b9f5be4c492cb4948a93a89
3068 11454 29561 f13587bc89fe4882c7c889302511ffd738d136129b9f5be4c492cb4948a93a89
3087 5487 35465 97790fb79ec4b4b96b159f520676765c686e9e22b2e18cf6203acf8ab8671395
3190 44630 53166 f13587bc89fe4882c7c889302511ffd738d136129b9f5be4c492cb4948a93a89
3399 46505 40157 45308a4b8f79d0bac54d4c10b8abb68b684eb7453f2874558ec2232b478b88e2
3523 5335 33706 83cfe8465176013f45ad22b1f5ce5936168f94aceb1e8414655471b37441fad8
4021 15539 8627 04e1cc435850bd038fb9bd4f6eeeba28a28407fccd393c06e03cae4741ccff3c
4231 64118 59562 f13587bc89fe4882c7c889302511ffd738d136129b9f5be4c492cb4948a93a89
4392 19092 51269 f13587bc89fe4882c7c889302511ffd738d136129b9f5be4c492cb4948a93a89
4577 18994 13763 f13587bc89fe4882c7c889302511ffd738d136129b9f5be4c492cb4948a93a89
4836 42483 42247 d4ae893ea563b5cbe6fb66037eb79b4c3e19b57843691bd39e57401e1bb8dfce
4916 56584 41681 f13587bc89fe4882c7c889302511ffd738d136129b9f5be4c492cb4948a93a89
5185 7235 18479 9c48a9181a657f3a88cfa48847c4aa905df1b998fad3273bf0937031edceebbe
5240 61292 32301 f13587bc89fe4882c7c889302511ffd738d136129b9f5be4c492cb4948a93a89
5286 21536 11864 f13587bc89fe4882c7c889302511ffd738d136129b9f5be4c492cb4948a93a89
5327 64064 52880 f13587bc89fe4882c7c889302511ffd738d136129b9f5be4c492cb4948a93a89
5333 59470 46508 f13587bc89fe4882c7c889302511ffd738d136129b9f5be4c492cb4948a93a89
5901 45880 18225 f13587bc89fe4882c7c889302511ffd738d136129b9f5be4c492cb4948a93a89
6229 37707 21058 16c38f12ef3cc8da3e64b5b959787ec04cc2c9396c3c7dcb1724da38d8c23031
6319 51813 33857 c77c331cdd09af0a5fd77d01957e919f1675db458063c55bae9ac5d0d425e202
6510 19851 51197 8e377339bd8bb9426ab3158c8005b69d16d221d64d2a9bd970a7a34620a25223
6651 22969 3885 289ea6f18878a063b9e25b5775cc384daa2f0d66ed72d758e834fe032dbac966
6809 48417 21007 705f047fce066db5433097851aab121be63eca9fd22343f4b441a7d21bdf50e9
7005 11373 18117 9aa672418eac9f3c9c3eca1293dae266a69e1867057609ffab44007e01d5e470
7169 19555 18109 796ad0f0c08c715a577980fffb6cec911292f22e14a29ba61c4e59589e9d4a1f
7234 50541 64379 d27b5aee0f92664f60729a46c65f1cbe091c3c558cab0964e0ef812c60943744
7286 61092 54500 f13587bc89fe4882c7c889302511ffd738d136129b9f5be4c492cb4948a93a89
7399 14665 7391 a093b4dea8ebd03736169c3034ae9952a8a82774cc7548fc9001de017eed9f75
7446 17698 18578 f13587bc89fe4882c7c889302511ffd738d136129b9f5be4c492cb4948a93a89
7503 18710 18464 f13587bc89fe4882c7c889302511ffd738d136129b9f5be4c492cb4948a93a89
7824 30881 59871 74c93b82a185e42ce322baa90ebee4845c1f10793edccecdf5b1a01f7bd59f02
20968 64192 19811 f13587bc89fe4882c7c889302511ffd738d136129b9f5be4c492cb4948a93a89
20979 39264 20737 f13587bc89fe4882c7c889302511ffd738d136129b9f5be4c492cb4948a93a89
21001 25676 1785 f13587bc89fe4882c7c889302511ffd738d136129b9f5be4c492cb4948a93a89
21711 28459 35496 471d00520791f26bc7a75c24ae1cdb0bd1176803f50f386b5ebaf0116be5679e
21713 54025 45257 9c42697e42bf5768d8172feb66d9b252cc57e5dcf1577319c1ac58d6733e46c3
21772 60668 40360 f13587bc89fe4882c7c889302511ffd738d136129b9f5be4c492cb4948a93a89
22598 15587 55765 98ed15c241672501204d1193e275157ec1537696520515d09f495cbfe0b84d54
22749 49979 44304 3625954d7ce50d4836b355f6f005574a4c8c0b44f34b074a45f69dcc26ea6af4
22916 28317 63042 6b149137b2a9ae5a0da0c52f910d9a658aceacc0b317fa897ceffb5228f7a460
23100 46681 61582 6b4fcf4f37ed59f8eabc427614ec9eff3a117eb50f1949e1eb393e459e432088
23156 57947 1325 57cda6941c5777ed821817d763d383fc56596ad3e234ecae13af25c76f3afa0c
23209 2704 17944 f13587bc89fe4882c7c889302511ffd738d136129b9f5be4c492cb4948a93a89
23245 43836 46603 f13587bc89fe4882c7c889302511ffd738d136129b9f5be4c492cb4948a93a89
23997 19371 36627 a3d909730df80c40904e2e86bfb6b05ad3d7d360f3f0296cea1d1774770eff22
24158 52552 5028 f13587bc89fe4882c7c889302511ffd738d136129b9f5be4c492cb4948a93a89
24291 28495 46190 e20848ace592db6027eb8028733b8a740146a63e078c529118b150c24a44762a
24414 39648 44811 f13587bc89fe4882c7c889302511ffd738d136129b9f5be4c492cb4948a93a89
24651 11347 32115 bbb6f94182ba4f050ba41e0900e4d14cc62c95b2c78b427f0787df38d379cd8b
24730 26171 3617 86fb6ee5365b37910aa62d6f2f02b5f2a1ae21ac75090bc95068646685b260fa
24920 5388 14624 f13587bc89fe4882c7c889302511ffd738d136129b9f5be4c492cb4948a93a89
25393 41807 45816 60d5025a15ff5a197b5793323850d23ab8db0dcad70cda3d2ea53a9ffd74ef44
25576 45623 20889 62a15595f04011bdbde7e310f2ccdc929985d7f57d84390db9b6220a42c2089b
25700 21502 12308 f13587bc89fe4882c7c889302511ffd738d136129b9f5be4c492cb4948a93a89
25834 6566 40541 f13587bc89fe4882c7c889302511ffd738d136129b9f5be4c492cb4948a93a89
26233 47149 13196 be3625746e6a778289551da3c16d50980eebb7d92b31fac0ad654327c5f9e9c7
26662 34730 23587 f13587bc89fe4882c7c889302511ffd738d136129b9f5be4c492cb4948a93a89
26841 2052 2592 f13587bc89fe4882c7c889302511ffd738d136129b9f5be4c492cb4948a93a89
26929 4841 49029 cc7b4bda1cb2a6f0a3d9782765ce660151a0c936cda4a45d36cd14e39e21ff54
26990 47005 23941 ebfcf3cd11d5f4767268f457c2ff1d497b56deb168cfc5db84f2334972c0ddc1
27100 63742 23605 f13587bc89fe4882c7c889302511ffd738d136129b9f5be4c492cb4948a93a89
27126 60717 42066 f1db6b291a0b43f5becd2cd33aaa4f1006702e609e9994267bdb8fc4b4da81cc
27347 2186 20310 f13587bc89fe4882c7c889302511ffd738d136129b9f5be4c492cb4948a93a89
27398 55476 36534 f13587bc89fe4882c7c889302511ffd738d136129b9f5be4c492cb4948a93a89
27470 14326 6165 f13587bc89fe4882c7c889302511ffd738d136129b9f5be4c492cb4948a93a89
27580 8733 51903 8e2f99b1c92d99d923ebc31d071c6214eb2078228fab161c53117ff7957658de
27887 23413 20606 567d2a224038c5667d34530092ce998bda243f976c477d535851f183f19f97ba
27975 36355 39391 daf28ee9ddadb3bc9aa8721ae2d67df4a288b00348588fc60b2ef6ea355aa278
28064 9163 39739 c59991dc4783114f7e9818b182db6ed0f97414a4cf952df2eb74c38f1a2e9cb7
28226 33941 40762 c1b38ed9f567d8d4830f18e20e6d73a4473707f318ac644b2c4abae47cff1677
28612 37013 882 8d536eb53f2f29c51dc590b6ffb334b34efd46843462c71a5cafeefcdb216ef0
37073 38568 46173 f13587bc89fe4882c7c889302511ffd738d136129b9f5be4c492cb4948a93a89
37112 46035 37393 a87a7a6926648a03c81b7e9fedbe4376726c0b3414b2716ecbeeed4aadbad6ec
37153 57925 24754 27117608b95781ed65307d40c727211c7bc9d14909215f29b2b38b473f462748
37877 9699 56048 311c85d654e4f1455f9b7deaaf2df5faa35ac787d5f6c93d7ff763347afd5d3c
38175 3730 33469 f13587bc89fe4882c7c889302511ffd738d136129b9f5be4c492cb4948a93a89
38304 6920 46788 f13587bc89fe4882c7c889302511ffd738d136129b9f5be4c492cb4948a93a89
38502 56288 18692 f13587bc89fe4882c7c889302511ffd738d136129b9f5be4c492cb4948a93a89
38529 39878 45616 f13587bc89fe4882c7c889302511ffd738d136129b9f5be4c492cb4948a93a89
38579 56906 41968 f13587bc89fe4882c7c889302511ffd738d136129b9f5be4c492cb4948a93a89
38618 60192 30207 f13587bc89fe4882c7c889302511ffd738d136129b9f5be4c492cb4948a93a89
38686 11913 37581 209a8f7cf5b9c87de42914aeeea384ded2af33d7d511aeb4d03cda814f27813a
38762 5893 36129 90dfd16013d56ca2df8b2614f773d31952c1ed2e62bfa93be45f310badf3ec43
39729 38965 63894 0cd0c3f35fb76a25f177633f49cf27d3e90789fea8c32fc6bace68fd6d78cd6b
39916 34583 55656 4a5383c4cb94f5cf752e957bfca251b9c8b886708cccc404b265b4ab72b0ac46
39959 37956 6057 f13587bc89fe4882c7c889302511ffd738d136129b9f5be4c492cb4948a93a89
40077 59363 11070 dc8245ca50ee54a6785814654c5441f4c36f0027cca380e7344851615311aa34

Total of 0 tasks calculated error.
