Total of 100 tasks calculated correctly, accuracy 100.00% 
1892069527 42570 13770 f13587bc89fe4882c7c889302511ffd738d136129b9f5be4c492cb4948a93a89
1892070027 15077 39519 5841fb070ec913a1678dc4a38e773cd0e946c96d1853638bd0eed80546cb2e9a
1892070197 7122 60336 f13587bc89fe4882c7c889302511ffd738d136129b9f5be4c492cb4948a93a89
1892070296 31888 14201 f13587bc89fe4882c7c889302511ffd738d136129b9f5be4c492cb4948a93a89
1892070725 12371 45724 025029f803ab92d300bb1bef26fcfdf5c563eec71590876a090c7e543737ad37
1892070745 22544 44770 f13587bc89fe4882c7c889302511ffd738d136129b9f5be4c492cb4948a93a89
1892070754 21060 26307 f13587bc89fe4882c7c889302511ffd738d136129b9f5be4c492cb4948a93a89
1892070920 32746 61083 f13587bc89fe4882c7c889302511ffd738d136129b9f5be4c492cb4948a93a89
1892070986 42146 31914 f13587bc89fe4882c7c889302511ffd738d136129b9f5be4c492cb4948a93a89
1892071084 59165 31784 1085c0dc80b40976271f56d6171f963cf029909dd1cd2eed3f5a95abd5ec3b42
1892071126 42054 24241 f13587bc89fe4882c7c889302511ffd738d136129b9f5be4c492cb4948a93a89
1892071179 12299 64617 3f339132b4d4f3e9e13bd06eb8c10060b1fd670d2c1b6604d218a12d95890e43
1892071429 15495 30786 a6991566cd7965a754af17263a2362fe0809cdd0c3c59c3d410645cde2df3f1b
1892071600 22803 55188 a73012a458fb3f9e94aa02f8da1506d16116f768af34f573fbd75f8b5f1b26ea
1892072102 41306 24360 f13587bc89fe4882c7c889302511ffd738d136129b9f5be4c492cb4948a93a89
1892072181 17080 22725 f13587bc89fe4882c7c889302511ffd738d136129b9f5be4c492cb4948a93a89
1892072388 42842 11823 f13587bc89fe4882c7c889302511ffd738d136129b9f5be4c492cb4948a93a89
1892073155 5745 21426 3f2856964df2cc2744ded259d9484652958a45eab38ec6a309660595913cd86a
1892073324 7032 33776 f13587bc89fe4882c7c889302511ffd738d136129b9f5be4c492cb4948a93a89
1892073387 17810 60921 f13587bc89fe4882c7c889302511ffd738d136129b9f5be4c492cb4948a93a89
1892073540 11588 23625 f13587bc89fe4882c7c889302511ffd738d136129b9f5be4c492cb4948a93a89
1892073828 29830 47112 f13587bc89fe4882c7c889302511ffd738d136129b9f5be4c492cb4948a93a89
1892073975 38907 38873 5c9e2448206ed056780d7019ffbc4c02798d3986bc3ae558752ef858220dc81a
1892073997 41671 1269 0629839114b04e137b1af1c31b3b556d0a917662e6f1cc4e222478223053a6ea
1892074101 37172 16558 f13587bc89fe4882c7c889302511ffd738d136129b9f5be4c492cb4948a93a89
1892074156 18824 44799 f13587bc89fe4882c7c889302511ffd738d136129b9f5be4c492cb4948a93a89
1892074287 13174 26122 f13587bc89fe4882c7c889302511ffd738d136129b9f5be4c492cb4948a93a89
1892074511 13468 25425 f13587bc89fe4882c7c889302511ffd738d136129b9f5be4c492cb4948a93a89
1892074564 30353 10634 248ed22208908f2e190e40d7aecf767544759b6efca6a04032787be9f52159a2
1892074934 4925 29296 da9ccc43b6278c60cbe4087b338a452d0126715fd314dae52e3627307ec3e709
1892075085 50320 46949 f13587bc89fe4882c7c889302511ffd738d136129b9f5be4c492cb4948a93a89
1892075151 25196 36337 f13587bc89fe4882c7c889302511ffd738d136129b9f5be4c492cb4948a93a89
1892075340 49063 33848 2c135b85f7cffb6f2159aaa046cccca648dfbd40bfbbd655fcf87db7e8dc3ea0
1892075598 1605 6075 a66af8a4352f2ce4e9d50de6e2402a4a0cb1c0139a40f426c81bb067b5194cd3
1892075649 27699 59405 32e96701fdaad1d69f54b92d9232fa07c79ae8218cfc790035d8993898badc3f
1892075710 38496 11867 f13587bc89fe4882c7c889302511ffd738d136129b9f5be4c492cb4948a93a89
1892075730 350 19380 f13587bc89fe4882c7c889302511ffd738d136129b9f5be4c492cb4948a93a89
1892075994 40152 10514 f13587bc89fe4882c7c889302511ffd738d136129b9f5be4c492cb4948a93a89
1892076290 26311 37383 7f45fa6a9e242386e5fe52a5e2878f64ca22f2ef508f89290af3effe79240ffd
1892076346 31823 35917 0df8bc792534f81fbaf4d783f8056b80a977bbf31208c0095cdfeab5f5cefb4e
1892076405 25220 31932 f13587bc89fe4882c7c889302511ffd738d136129b9f5be4c492cb4948a93a89
1892076512 38121 63538 a784c39cf32278fc1b6e812b67e95ef58f414fab1cf804fd013de81c1b20ca31
1892076983 26440 13231 f13587bc89fe4882c7c889302511ffd738d136129b9f5be4c492cb4948a93a89
1892077484 23234 26081 f13587bc89fe4882c7c889302511ffd738d136129b9f5be4c492cb4948a93a89
1892078312 62987 58631 f0c2c7ccfaf74839934ecff1466135c8f70e873d97bb5327f9516ee156a61a67
1892078812 40931 49095 215fb5c30f2142936d94258fc40dfcf17af2588850b05b36eebe10bb66e446d6
1892079026 30843 19271 04c56ea86662afbc2b9c3a7f9daf8acb53365d0e656a2299db3cb1f884e41ba5
1892079355 21075 63541 398315e3bddb6a0997bf808c7baadf814034c44fc5df03d0afb2517a3326e3d9
1892079391 32469 58691 c5c033ecddda14e3489bacf1f622641fb3d89d96f09fdf1cda727e17b4dd11d4
1892079593 34293 46390 10d90593408cfc8dc59829725e4c4fb9958882437ec8288f6f5b25685d93a19e
1892079672 15164 15004 f13587bc89fe4882c7c889302511ffd738d136129b9f5be4c492cb4948a93a89
1892079706 27828 8425 f13587bc89fe4882c7c889302511ffd738d136129b9f5be4c492cb4948a93a89
1892080044 22628 34074 f13587bc89fe4882c7c889302511ffd738d136129b9f5be4c492cb4948a93a89
1892080083 20505 30744 aa1d90b29b1647d7d7f6ec0ebb3737ed205e804f3ab8b86f2c1501fa0bdfd7e4
1892080368 47783 9191 1adb3d8db7b6d9b27d519f7f27c449c38f4c52fcd93cc6176a25c932097d0dc4
1892080531 64088 39756 f13587bc89fe4882c7c889302511ffd738d136129b9f5be4c492cb4948a93a89
1892080573 20881 54871 1e37801a26d1f9a59cbbe25e2016b5d9c3fc79795e495ff2a587600d2d6efc83
1892080706 4760 39333 f13587bc89fe4882c7c889302511ffd738d136129b9f5be4c492cb4948a93a89
1892080780 14898 29350 f13587bc89fe4882c7c889302511ffd738d136129b9f5be4c492cb4948a93a89
1892081316 11608 41281 f13587bc89fe4882c7c889302511ffd738d136129b9f5be4c492cb4948a93a89
1892081319 45814 26803 f13587bc89fe4882c7c889302511ffd738d136129b9f5be4c492cb4948a93a89
1892081375 57719 48958 ab5fbe98c8ea188ca1804f47eada3e6d00c311a12f7f10ae859e2118423b1a6b
1892081600 12389 25019 84fc8924384d8d533e53447d8577af85129bc914f7ee0feecc686f2236ff9fd9
1892061863 10100 22346 f13587bc89fe4882c7c889302511ffd738d136129b9f5be4c492cb4948a93a89
1892061903 60488 30149 f13587bc89fe4882c7c889302511ffd738d136129b9f5be4c492cb4948a93a89
1892061967 6533 18154 3c49bf766ff1515a4077dc9a55ac1beb496652523b872215f6bf944d50e9c10a
1892061983 58592 21233 f13587bc89fe4882c7c889302511ffd738d136129b9f5be4c492cb4948a93a89
1892062409 52975 7509 ec23ad516ef167f47d5b99e566cc70c627b004994f713e4c6d397fd7ea0f425f
1892062574 15635 37775 ea580e1273c4fbf8a630d473305e4c67e6fbd847706df7e3c4e90e9ce32fda34
1892062627 19939 61306 28c6824d493a4f7789ae042794abc6cfcb4ed18135dee182a93520aec592db39
1892062773 62907 48915 81570a45814d48b311998da9fc9f801cf1d88bb5d35046573f01c7be5111150f
1892063176 7808 19459 f13587bc89fe4882c7c889302511ffd738d136129b9f5be4c492cb4948a93a89
1892063257 20434 13979 f13587bc89fe4882c7c889302511ffd738d136129b9f5be4c492cb4948a93a89
1892063484 27093 48362 61eaa9bdb6ff50636836d5cd66486c6de5f98f8ef5a9fc7db9cea611c255a13d
1892063504 48244 978 f13587bc89fe4882c7c889302511ffd738d136129b9f5be4c492cb4948a93a89
1892063643 21439 28322 4c958cd2ba0e181947f76e25d74299f0820254a931fdbfac7e04ff636b4976f1
1892063704 46339 26725 6d5df323f29eabfd5b2870a8dd74a3d032cc4321471c626fad008b7948b4285b
1892063896 18861 62046 5489f20f2eb27049ca193587a6b1b3a1847e41047e3497e4d1b226d6a3c10b86
1892064093 61188 56009 f13587bc89fe4882c7c889302511ffd738d136129b9f5be4c492cb4948a93a89
1892064299 21917 13678 f6d01654c5c5fe69dac29d12ae50f51fac07e3357e54ba1abc88e34fcf45f4c8
1892064391 11887 51270 1680332852ef2dc7be0bbadf19ba071e659629f4f2f76439803d64e276365395
1892081697 49012 47920 f13587bc89fe4882c7c889302511ffd738d136129b9f5be4c492cb4948a93a89
1892081756 59494 65381 f13587bc89fe4882c7c889302511ffd738d136129b9f5be4c492cb4948a93a89
1892081879 16992 11762 f13587bc89fe4882c7c889302511ffd738d136129b9f5be4c492cb4948a93a89
1892082041 55604 47908 f13587bc89fe4882c7c889302511ffd738d136129b9f5be4c492cb4948a93a89
1892082225 42346 40145 f13587bc89fe4882c7c889302511ffd738d136129b9f5be4c492cb4948a93a89
1892082286 22853 28743 3d3049680e4b63a889110beb51bcce93191ee7d212d3d79435858ffcb74fc369
1892082485 43745 11847 051c2b99a41e19c675947d03071f77ff5e56712cc6a1bda7118cc636afb0f7ab
1892082650 21694 32826 f13587bc89fe4882c7c889302511ffd738d136129b9f5be4c492cb4948a93a89
1892082715 43548 64500 f13587bc89fe4882c7c889302511ffd738d136129b9f5be4c492cb4948a93a89
1892082717 61884 49830 f13587bc89fe4882c7c889302511ffd738d136129b9f5be4c492cb4948a93a89
1892082999 58411 27110 913edbaa2185d10d7ce3280e715edc0676e04caa93c03d306ae923ac2c504feb
1892083572 51183 57274 dfcb4aba45d3259c11966e2431024896e07dbb1e9cd27ff1b938e1c5de076e5a
1892084096 28171 25712 20a2f38a0090303a95ec2f3aa6829f02d9ae63a20e2c5916be22f544d45599e2
1892084206 46450 56441 f13587bc89fe4882c7c889302511ffd738d136129b9f5be4c492cb4948a93a89
1892084293 58162 56755 f13587bc89fe4882c7c889302511ffd738d136129b9f5be4c492cb4948a93a89
1892084396 30190 51222 f13587bc89fe4882c7c889302511ffd738d136129b9f5be4c492cb4948a93a89
1892084648 63101 6960 166b232c42f6a7df8259423870e9659e3b36cedb7ef62a8a2f878c8c4c91a792
1892084649 37757 22584 30c378db43925e891a1b205381cb9b981c8823ce09cba26a1dec385b6199e3a4
1892084905 29667 19335 7cc5865e3cd9f184e9ae2368ebb265aa4499f8e03fa8a46f2e6b365e6be04ef8

Total of 0 tasks calculated error.
