Total of 100 tasks calculated correctly, accuracy 100.00% 
2183352582 49056 61504 f13587bc89fe4882c7c889302511ffd738d136129b9f5be4c492cb4948a93a89
2183352606 27709 58136 3b0b500c527c62fad0a8100e715f6cf85c48f59390844d68c52806ad94da07bc
2183352880 16740 57789 f13587bc89fe4882c7c889302511ffd738d136129b9f5be4c492cb4948a93a89
2183353021 35972 28544 f13587bc89fe4882c7c889302511ffd738d136129b9f5be4c492cb4948a93a89
2183353196 11854 59215 f13587bc89fe4882c7c889302511ffd738d136129b9f5be4c492cb4948a93a89
2183353414 24719 17576 da5c71614bc6e28a8d88ab427ec9df8094d9693557e6eb34f4d8f94c4e90bbd6
2183353921 775 4765 ff1be0f81396d8c25aca202c249284421d7b784e0ff2135ffb79fd517560a734
2183354016 62794 47300 f13587bc89fe4882c7c889302511ffd738d136129b9f5be4c492cb4948a93a89
2183354267 8595 56968 83ff55305f69d698fc67a7be1d60c5d38af52f7f36f866a1f10d8ff8e268a239
2183354500 62380 3672 f13587bc89fe4882c7c889302511ffd738d136129b9f5be4c492cb4948a93a89
2183354558 34580 47862 f13587bc89fe4882c7c889302511ffd738d136129b9f5be4c492cb4948a93a89
2183354765 59757 46180 de3c09b33dd0d2e44679052a8d3d4ac42e5f382c79acbcb15fc8adcd5a243372
2183354777 36378 31478 f13587bc89fe4882c7c889302511ffd738d136129b9f5be4c492cb4948a93a89
2183354865 46282 29914 f13587bc89fe4882c7c889302511ffd738d136129b9f5be4c492cb4948a93a89
2183354883 26714 34285 f13587bc89fe4882c7c889302511ffd738d136129b9f5be4c492cb4948a93a89
2183355339 57836 48236 f13587bc89fe4882c7c889302511ffd738d136129b9f5be4c492cb4948a93a89
2183355441 24098 64836 f13587bc89fe4882c7c889302511ffd738d136129b9f5be4c492cb4948a93a89
2183355825 34005 43785 bfbf55da1268d173353f88d6596e72dad6403a7226b2e2c6bfa52f705d96e493
2183355851 12907 747 3d15271f20bd8916da2d8e4a6dd0aff3608ea7dcc9001af4f2ea95fec863feac
2183355866 4761 40520 ef75d66cc3c9474e84e4b2ed3f0e5060f8738b3a1f38150f8e83f1cd93767414
2183356415 39460 61904 f13587bc89fe4882c7c889302511ffd738d136129b9f5be4c492cb4948a93a89
2183286825 46741 7352 cfd370fe0f31475d95a2438f20eb503c8712e0f6e1fe3630d8e1ca375e13de80
2183286878 8496 17632 f13587bc89fe4882c7c889302511ffd738d136129b9f5be4c492cb4948a93a89
2183287008 56219 5189 7a2806016d7fff9889b334b98c4d30a078a42a03ad5ddefaf4d1179e6dd812a2
2183287714 30719 17085 d5d2db9c0e7701d81a70a981684855509054746c40d683087040040e59d47504
2183287931 24596 18946 f13587bc89fe4882c7c889302511ffd738d136129b9f5be4c492cb4948a93a89
2183287982 60756 39053 f13587bc89fe4882c7c889302511ffd738d136129b9f5be4c492cb4948a93a89
2183288091 65318 32974 f13587bc89fe4882c7c889302511ffd738d136129b9f5be4c492cb4948a93a89
2183288262 15452 37750 f13587bc89fe4882c7c889302511ffd738d136129b9f5be4c492cb4948a93a89
2183288290 52433 27923 ede5948cd7b2413f6be595ad087bbd76088dc3e0d16aa40c3aabdf0d2952636a
2183288357 39867 34679 798d2090f129b7577b97962c5f525dc5334b6dba7a32d347a71cda787ae7b2fd
2183288708 1164 9785 f13587bc89fe4882c7c889302511ffd738d136129b9f5be4c492cb4948a93a89
2183289130 49320 4459 f13587bc89fe4882c7c889302511ffd738d136129b9f5be4c492cb4948a93a89
2183289282 53566 38251 f13587bc89fe4882c7c889302511ffd738d136129b9f5be4c492cb4948a93a89
2183289288 55919 17962 043b2bcc3d9a45bb175592d0ca8faab0dfc787ef28c1e2d935e7a5fb42786127
2183289668 4969 35801 80d529223dfb9d2fcc02cd056fa180a074261b9853e6635bb7d795d029443723
2183289800 33257 28306 e3ed6cf5bedd26f927ea318bbad889f7a877cc9e39662a85b6533cd9f692679a
2183289923 40308 18245 f13587bc89fe4882c7c889302511ffd738d136129b9f5be4c492cb4948a93a89
2183290041 12515 3352 7f630cdb50c656f263f4b5a91325c9c6158d2ef89fde9649d42712cdfe61707d
2183290136 37010 45422 f13587bc89fe4882c7c889302511ffd738d136129b9f5be4c492cb4948a93a89
2183290299 23658 20855 f13587bc89fe4882c7c889302511ffd738d136129b9f5be4c492cb4948a93a89
2183290643 52697 13042 6d002552f1430f74d1d8fa0733f4bbf789ec3f1309a96feb796d29e91d1bbbdf
2183360873 53249 51876 666f3231d1ecaf76007d6d9a75187c3111e13076768b94589d3571a5734a069b
2183360889 62452 63662 f13587bc89fe4882c7c889302511ffd738d136129b9f5be4c492cb4948a93a89
2183360950 10149 17049 0160757044e9f9a31632827b8c01e7d4a7ec6ceb3045736660b169b3734c970a
2183361019 60841 487 65cb60a01747c6ce132ae00e44be08e6f4939dfc19aeca58d414187c8cddc7c2
2183361138 55376 26748 f13587bc89fe4882c7c889302511ffd738d136129b9f5be4c492cb4948a93a89
2183361369 36014 11095 f13587bc89fe4882c7c889302511ffd738d136129b9f5be4c492cb4948a93a89
2183361378 53156 47403 f13587bc89fe4882c7c889302511ffd738d136129b9f5be4c492cb4948a93a89
2183361757 50794 10687 f13587bc89fe4882c7c889302511ffd738d136129b9f5be4c492cb4948a93a89
2183361956 20757 20905 543ea24a8c06033efc4e9ebee70e62db4dfa35a849c5d7103bb7cbebc99e0156
2183362222 61577 19495 dc1818dd1cdd613dc3b0e06c4d4ffbc2eb2c7a43dd61320ad0fad3ea4e66357a
2183362981 18781 35887 09932a3a4c369eed65668200ebcda83003711d4d6032d7770849f97199f74721
2183363357 52202 27144 f13587bc89fe4882c7c889302511ffd738d136129b9f5be4c492cb4948a93a89
2183363423 52403 30871 d76072fac03c5e9778d1b2ecf3df3852c600f28eb9a10b1cbcd713e1c63b5954
2183363485 15920 11489 f13587bc89fe4882c7c889302511ffd738d136129b9f5be4c492cb4948a93a89
2183363561 39278 53904 f13587bc89fe4882c7c889302511ffd738d136129b9f5be4c492cb4948a93a89
2183363624 64298 36806 f13587bc89fe4882c7c889302511ffd738d136129b9f5be4c492cb4948a93a89
2183363775 25821 65147 0c54b4856adafff92bfe3a7afe37e65cba5bf06190d092464365aa70d6002197
2183363811 61619 29266 3b2295e45d8d1d8c48c3e51d210907c14393e8e780dc3d7b97527e3a83e222c6
2183363954 56736 2731 f13587bc89fe4882c7c889302511ffd738d136129b9f5be4c492cb4948a93a89
2183364079 49738 53539 f13587bc89fe4882c7c889302511ffd738d136129b9f5be4c492cb4948a93a89
2183364098 19638 60419 f13587bc89fe4882c7c889302511ffd738d136129b9f5be4c492cb4948a93a89
2183364209 16498 17067 f13587bc89fe4882c7c889302511ffd738d136129b9f5be4c492cb4948a93a89
2183364228 13900 45956 f13587bc89fe4882c7c889302511ffd738d136129b9f5be4c492cb4948a93a89
2183364266 36300 31682 f13587bc89fe4882c7c889302511ffd738d136129b9f5be4c492cb4948a93a89
2183364311 32940 20730 f13587bc89fe4882c7c889302511ffd738d136129b9f5be4c492cb4948a93a89
2183364329 47611 59458 7da1f33b6e23ce1693faae311daabe1a393ccc52a08db93f1dabfb4475a64fa7
2183364606 48907 40232 34e0da1ceb4b4c87feddea553f682714cd8af101ef98f52ef35d3b9b6dd6f7ec
2183364637 40127 26974 ddfa80a11eff95a4f1da9170e8e81177f7e79f50c6aebd173b447e0b6baafe5e
2183364711 49810 29576 f13587bc89fe4882c7c889302511ffd738d136129b9f5be4c492cb4948a93a89
2183364904 62175 19368 8f2caa2fbc12cb94df4cb51c8ea01fafa3b3b722c34f68e927f0362b4ac9b5f2
2183364940 21231 21005 e36812669c854f7ed263ca027056489aaaeebf9843d5d538344983792106da2b
2183365074 4048 26170 f13587bc89fe4882c7c889302511ffd738d136129b9f5be4c492cb4948a93a89
2183365088 15215 22804 48e3d48ae0c19f72abaa2272548b05158f11052a8ca0de655773203f8389fa72
2183365337 42906 7516 f13587bc89fe4882c7c889302511ffd738d136129b9f5be4c492cb4948a93a89
2183365657 43866 34208 f13587bc89fe4882c7c889302511ffd738d136129b9f5be4c492cb4948a93a89
2183365862 27406 57929 f13587bc89fe4882c7c889302511ffd738d136129b9f5be4c492cb4948a93a89
2183366101 2126 23688 f13587bc89fe4882c7c889302511ffd738d136129b9f5be4c492cb4948a93a89
2183366226 55878 64754 f13587bc89fe4882c7c889302511ffd738d136129b9f5be4c492cb4948a93a89
2183366234 43262 18374 f13587bc89fe4882c7c889302511ffd738d136129b9f5be4c492cb4948a93a89
2183366314 34757 51716 83234da863a05d749c4e0808b9643cd9e1624e057b28e3cfeff1575e906115a3
2183366329 6200 50181 f13587bc89fe4882c7c889302511ffd738d136129b9f5be4c492cb4948a93a89
2183366501 16707 18140 063b9cbcef25c25c73a7bcec4e2e04fd51e007603bac7c268b3226d1a8a11ad8
2183366524 24399 42677 bb88dc1efac2e36bea2786f160e499cbcafa821c35a79be2d5f3e7b958ba6c55
2183366639 57545 43876 1cc8b3bb5bed3b33235c7c3906d5a994eacd745601f2cbbffcefb08070ba2481
2183366872 34397 27956 f8dd18af52289ac346e15a7d338eb34fe49bec4223b1d422086138801d37ad69
2183366974 62787 37827 88c6ccd6c4945906a343eb5a7a791063060bdf8d9ea22383847a05b4273fa4e9
2183367198 21217 19463 653938e119bd587ec21b9d6dde5db1bfebb17f2f20556ce2f7a40a7ee6a482de
2183367207 9376 14975 f13587bc89fe4882c7c889302511ffd738d136129b9f5be4c492cb4948a93a89
2183367240 39833 34082 868ce8cc5fd3a8d3cc8451d5f2f0f0c727c9b15cfbd41a5da5b8ec73b6411259
2183367323 35776 63992 f13587bc89fe4882c7c889302511ffd738d136129b9f5be4c492cb4948a93a89
2183367544 27261 29813 cc660e2bb206e928fc6c101a652818e59a634b2eac73874b5b34c02d980f4004
2183367635 12418 56183 f13587bc89fe4882c7c889302511ffd738d136129b9f5be4c492cb4948a93a89
2183367683 64247 16419 c8a6644ca58746c5b91e0fc5a825c55e28c4dede3656c7c408c61a856b11e18a
2183367809 48467 27962 e502fec2b1320996fd94b4683d25e49729f8d043252b28a5fd0d353e491bf7b5
2183368024 59812 3949 f13587bc89fe4882c7c889302511ffd738d136129b9f5be4c492cb4948a93a89
2183368114 2848 64697 f13587bc89fe4882c7c889302511ffd738d136129b9f5be4c492cb4948a93a89
2183368277 6837 16547 631e8c58f865388ef744da50563cae30551936ca3d7a20ef40643aed1a1b69e0
2183368659 26556 9916 f13587bc89fe4882c7c889302511ffd738d136129b9f5be4c492cb4948a93a89

Total of 0 tasks calculated error.
