Total of 100 tasks calculated correctly, accuracy 100.00% 
2474696851 43540 25586 f13587bc89fe4882c7c889302511ffd738d136129b9f5be4c492cb4948a93a89
2474696885 22907 41289 61efd2f665108b3569397cdc1c8c56d84816600ab2e95e63d74c4beee5abb4bf
2474697016 44491 19959 17ad7407b76ca9eaff08d47b60e0374df8f4b3df7a968ef162ae307d85f1f63b
2474697198 40200 36346 f13587bc89fe4882c7c889302511ffd738d136129b9f5be4c492cb4948a93a89
2474697422 8000 4288 f13587bc89fe4882c7c889302511ffd738d136129b9f5be4c492cb4948a93a89
2474697589 53840 30119 f13587bc89fe4882c7c889302511ffd738d136129b9f5be4c492cb4948a93a89
2474697752 18474 7779 f13587bc89fe4882c7c889302511ffd738d136129b9f5be4c492cb4948a93a89
2474697923 7060 14867 f13587bc89fe4882c7c889302511ffd738d136129b9f5be4c492cb4948a93a89
2474697932 42541 61229 84899947786685b41bf30e782d38cc7d3bb398162d3a2accd01481ea70063826
2474698237 58732 17134 f13587bc89fe4882c7c889302511ffd738d136129b9f5be4c492cb4948a93a89
2474698448 38524 49025 f13587bc89fe4882c7c889302511ffd738d136129b9f5be4c492cb4948a93a89
2474698518 57354 61719 f13587bc89fe4882c7c889302511ffd738d136129b9f5be4c492cb4948a93a89
2474698627 50024 18505 f13587bc89fe4882c7c889302511ffd738d136129b9f5be4c492cb4948a93a89
2474698938 19416 25156 f13587bc89fe4882c7c889302511ffd738d136129b9f5be4c492cb4948a93a89
2474699100 18348 20679 f13587bc89fe4882c7c889302511ffd738d136129b9f5be4c492cb4948a93a89
2474699287 7921 4608 0850c7f25e84fd842bc6312f857c273c3f688bca11ee5771c2c71d3434a97b30
2474699468 29542 52332 f13587bc89fe4882c7c889302511ffd738d136129b9f5be4c492cb4948a93a89
2474700116 16758 16992 f13587bc89fe4882c7c889302511ffd738d136129b9f5be4c492cb4948a93a89
2474700328 18945 13428 826c1b0686cf976ac7543ffe747b86b6dd5230fd14846fc319a3e83892f38457
2474700377 19064 57729 f13587bc89fe4882c7c889302511ffd738d136129b9f5be4c492cb4948a93a89
2474700520 41308 12962 f13587bc89fe4882c7c889302511ffd738d136129b9f5be4c492cb4948a93a89
2474700691 34014 16308 f13587bc89fe4882c7c889302511ffd738d136129b9f5be4c492cb4948a93a89
2474713101 43975 8689 77a3594c60fd7c4905f5ae4a57df5e2859934d3d3e66bc69cc187c5ec8a1d753
2474713140 45382 27855 f13587bc89fe4882c7c889302511ffd738d136129b9f5be4c492cb4948a93a89
2474713263 23019 35729 13ed8717ed9ff8502eeb6cd6d95dcca36b2b0a1f7295a29a2208929d1b288d3a
2474713628 58794 22255 f13587bc89fe4882c7c889302511ffd738d136129b9f5be4c492cb4948a93a89
2474713713 51370 37810 f13587bc89fe4882c7c889302511ffd738d136129b9f5be4c492cb4948a93a89
2474713795 39496 24414 f13587bc89fe4882c7c889302511ffd738d136129b9f5be4c492cb4948a93a89
2474714157 34345 36278 c839c8ef9b86ae0435fc90be3008172b2af2f50913b4186c19543fe483cbb376
2474715241 7167 60657 3302692e0aeac9b8a4349ddeeaf597c661d95e9d41e04d081b914ed499031c77
2474715391 38973 62799 b92535f9868eeb013f21bf0703a7cadf8c7ef45c38352d76e45b973696ab56f3
2474715506 6449 11057 4bebdd63735e5bd4f6ee4826f177c38cf58c69743fdd76d75437cbca02cb4089
2474715515 63069 7224 c75b458caa025f447810d88fb9a08020271bf813de6085230b0360670eab92c1
2474715678 49576 4722 f13587bc89fe4882c7c889302511ffd738d136129b9f5be4c492cb4948a93a89
2474716259 20837 55507 81663be47d07dc1434c924ea0745868db1e689832a4aaaea27664c208aca950d
2474716395 42307 2147 f8c2bcf369ecd35e082cc420edf130804fee7a4a15803736708a722ade8248c5
2474716521 23031 23102 33a552f67767d17328666fd96aa6f0fd25c4326286c3dbb629fcbc5b9c0f109a
2474716891 29419 29404 c18f928ba78f6d30d784c3e6fab539ea67d05fab98b7b76ef55ca80ec7dfaf04
2474716904 24208 6259 f13587bc89fe4882c7c889302511ffd738d136129b9f5be4c492cb4948a93a89
2474717123 33219 53802 1665a23bf97be4cad5cfa968531bf18b4393b5f100a0c5437fdbeaf39b9943c6
2474709111 21911 23474 ee451d2b6918102ee2c04c4304393858a4ae049c3ccbcb6af894358301481aa8
2474709171 19651 62810 97097fd227590168e4ffecdda4dbad41d98476a90dfaea206c48b1b8ae5f809e
2474709552 13711 8275 1197475b80347834e31fe2aefae63c3f4b8d4d8e14381c123e632b2b13439203
2474709586 21700 3075 f13587bc89fe4882c7c889302511ffd738d136129b9f5be4c492cb4948a93a89
2474709642 64893 15057 2dbc31feb49cb426c9511cf7cb81672c4a24587b2ddd638428a9a9318621dff4
2474709815 49815 24824 1d016d26c5c93abcc0cf6544ffbc339e2a5c677a33ca0c4af11ad8f745cf545f
2474710041 58180 47036 f13587bc89fe4882c7c889302511ffd738d136129b9f5be4c492cb4948a93a89
2474710302 44341 4238 5ab3f8853b9930c8cfc2aa3f69ef609cb4edf3c0bba11f0bf366f3266e378687
2474710411 2531 46082 a4e55461a148bc9d7c7300904f5ec15b296fc55ce7bf05c9eecfbfc9bb3ff188
2474710443 25706 32011 f13587bc89fe4882c7c889302511ffd738d136129b9f5be4c492cb4948a93a89
2474710773 37569 38679 7c84b184cde885e6e176cce98d603560945211fd4a73288160fc512a6b2f0b44
2474710983 60055 16347 59cd42f35eeeb51b4aa1495e7c52b52e3748552ce59ebedb264856faf5be3ac3
2474711043 35510 58030 f13587bc89fe4882c7c889302511ffd738d136129b9f5be4c492cb4948a93a89
2474711189 64705 59792 32017b57aaa385a4ee1d44a81f2e71f9a2ab1d9192173d55901789e7a5bd1230
2474711191 32674 55048 f13587bc89fe4882c7c889302511ffd738d136129b9f5be4c492cb4948a93a89
2474711682 25015 55761 9088eecfb947bd73f887c5a7099d588dc45b0ebe9e2ff11bde8e65ec24b149e6
2474711701 11343 18370 d278354b813bd259a488ea895d274db704f52a385e08851cc47261198d439131
2474711922 42126 46433 f13587bc89fe4882c7c889302511ffd738d136129b9f5be4c492cb4948a93a89
2474712129 52649 23746 08716415d149869c0a384fa7872bdebcb3984b18499d7a5756dae0ca2372415c
2474712421 20190 14088 f13587bc89fe4882c7c889302511ffd738d136129b9f5be4c492cb4948a93a89
2474712817 62665 50136 aa4871f952b9d073536730150081eabf7513197b7876a0e86245618c978255f7
2474712905 4770 7046 f13587bc89fe4882c7c889302511ffd738d136129b9f5be4c492cb4948a93a89
2474712946 15392 38476 f13587bc89fe4882c7c889302511ffd738d136129b9f5be4c492cb4948a93a89
2474712984 26456 35202 f13587bc89fe4882c7c889302511ffd738d136129b9f5be4c492cb4948a93a89
2474717448 28878 21202 f13587bc89fe4882c7c889302511ffd738d136129b9f5be4c492cb4948a93a89
2474717459 38159 64812 642f7b663e77d035d0e77e6f62550dfb7eb78c482b5ac54c66cab4c48b279def
2474717483 34241 21189 f96b603e2e5f51a100d2780553f0d652f2d357e835c401fbf03923abeb2451e8
2474717675 54073 29914 6910a69039bb45eb4600d7bb382b128d1a80d81bb76aaee15b02389b5f2df1c3
2474717790 41745 63579 3379470d6d23fec46e14f6016472e0d7271f4074c6f2a01f9daa740890193d56
2474718084 9194 4318 f13587bc89fe4882c7c889302511ffd738d136129b9f5be4c492cb4948a93a89
2474718155 9561 59690 771b3d47e594a9fa2234b5c50e8a880a0a1ffe10b6c98bec65946985aa839335
2474718188 58970 33760 f13587bc89fe4882c7c889302511ffd738d136129b9f5be4c492cb4948a93a89
2474718507 37280 9008 f13587bc89fe4882c7c889302511ffd738d136129b9f5be4c492cb4948a93a89
2474718613 46341 40190 a98cf7ebbd1aba529a71bc442f32166f8c446ce6f3ee58e896bc91a544403036
2474718814 17865 11492 c4cb702e871aee5233498e919a1aba782297eb5a16856e5ab7b9b65363303f82
2474719053 16417 31381 5c5eb0a58f44e3e48812d9f4215adc1912d0c6751a33efaf978397f736ec4ed3
2474719251 15385 57187 c1980a1b1442c4edaa6df6b20fe387da9eb9b8203dbda4837bbc7c5db330d3f4
2474719463 28900 60084 f13587bc89fe4882c7c889302511ffd738d136129b9f5be4c492cb4948a93a89
2474719539 5158 28252 f13587bc89fe4882c7c889302511ffd738d136129b9f5be4c492cb4948a93a89
2474719640 34727 27411 64ac3320d82bd42261e67c98b1f96a745e79ca4168f53c1520a8719cd7b4e541
2474719888 47965 28355 43540ed3ff9e84f7bb1349f88af186a9234340517a838ebfc3e3fdcf832be681
2474720578 44672 59045 f13587bc89fe4882c7c889302511ffd738d136129b9f5be4c492cb4948a93a89
2474720689 38045 46361 b16ddd9393f1206b3cec2d62a97d4e9e269eb476284fd8488c9a951d689c51d7
2474720734 5017 42587 f55cb7bbae9dfda398bd94473c7f69bf9b1b81841b987426267ae9d62d9c9004
2474720935 8523 50114 46f9d04b2184f2a05dbb7c1af82dd958e933948edd02236be2b83e2f896009c6
2474721114 42978 30503 f13587bc89fe4882c7c889302511ffd738d136129b9f5be4c492cb4948a93a89
2474721343 35204 8005 f13587bc89fe4882c7c889302511ffd738d136129b9f5be4c492cb4948a93a89
2474721515 46330 4573 f13587bc89fe4882c7c889302511ffd738d136129b9f5be4c492cb4948a93a89
2474721520 39978 49055 f13587bc89fe4882c7c889302511ffd738d136129b9f5be4c492cb4948a93a89
2474721576 59686 43475 f13587bc89fe4882c7c889302511ffd738d136129b9f5be4c492cb4948a93a89
2474721712 54226 47789 f13587bc89fe4882c7c889302511ffd738d136129b9f5be4c492cb4948a93a89
2474722023 31014 36358 f13587bc89fe4882c7c889302511ffd738d136129b9f5be4c492cb4948a93a89
2474722528 14006 30263 f13587bc89fe4882c7c889302511ffd738d136129b9f5be4c492cb4948a93a89
2474722756 14299 39975 4983d1b2719c7636eaf8cc97101a44ffa7d97b4c9bb3482856ff50996483102b
2474723471 43728 57048 f13587bc89fe4882c7c889302511ffd738d136129b9f5be4c492cb4948a93a89
2474723705 25263 31462 3654a04c50791a3d82547680c4b41b522d5f5c4ac2e7870ec0972d66e9de9a18
2474723820 52939 37241 5675dd39a321d05c47d1e6d092eab7df1cb144aac9c2d492452ec12958019962
2474723910 2798 31141 f13587bc89fe4882c7c889302511ffd738d136129b9f5be4c492cb4948a93a89
2474724030 53649 24337 e189076201a2528c7c3992db5adfa15c17a73fee255178b0afa788cfe555f183
2474724110 30899 43272 d0a939b2d8e55534394705e6223df365dfbc163a02db5c588d8ddbbb091ccbeb

Total of 0 tasks calculated error.
