Total of 100 tasks calculated correctly, accuracy 100.00% 
145178836 44339 64138 94ee9bd0aecb350de53a5c48ad2cd44539c6f32cee892067f8de214faa549980
145179224 42921 58718 4be920f2241ca3d1c2b1b30ebd8840df024cc2084a58bb20da5cb6f79b2638a5
145179276 169 18751 ba3b0fa5a39f6a0c4b2a178d7873e542e84408ad9cc5c2230bd1401f0557c6b6
145179402 17962 55312 f13587bc89fe4882c7c889302511ffd738d136129b9f5be4c492cb4948a93a89
145179551 63525 57920 1638ffc5edad374742428c9ab8190710aab5451c2fc3b48bd490af129932b0f4
145179584 34071 4353 e90df480e2dbe9fd2bb5fe7a657c6a091258d15e4e9a1971ff1939b6e3d9a538
145180148 16204 56107 f13587bc89fe4882c7c889302511ffd738d136129b9f5be4c492cb4948a93a89
145180278 1282 45730 f13587bc89fe4882c7c889302511ffd738d136129b9f5be4c492cb4948a93a89
145180332 55742 63085 f13587bc89fe4882c7c889302511ffd738d136129b9f5be4c492cb4948a93a89
145180503 49846 48302 f13587bc89fe4882c7c889302511ffd738d136129b9f5be4c492cb4948a93a89
145180611 53443 8252 b65924415d70b32a35343a43e55f60484cf053fbb1e2f4988fdabf4779a1fa1e
145180996 45932 3007 f13587bc89fe4882c7c889302511ffd738d136129b9f5be4c492cb4948a93a89
145181112 64177 63394 49c616755842d9877b49a1d19921d5b3926526c838af333dd2d4d32a8b0a9852
145181465 10308 53924 f13587bc89fe4882c7c889302511ffd738d136129b9f5be4c492cb4948a93a89
145181474 53731 19046 b80210364e390ea69ab420a8fcc4d50cff6a99420c8a0e99d6a16c19ad9b85e7
145181683 38068 37118 f13587bc89fe4882c7c889302511ffd738d136129b9f5be4c492cb4948a93a89
145181877 14290 58358 f13587bc89fe4882c7c889302511ffd738d136129b9f5be4c492cb4948a93a89
145181940 16487 22606 d01a782de060d96ff2d33cfcd2cdb78a31c83009e22ce1446e437d292bbf7b00
145182122 50993 63942 07d921d4cad9c7ecc6e1b9878f2f74d9cffd1c93341f6c6f45d644d9360d8cf8
145182228 38356 51027 f13587bc89fe4882c7c889302511ffd738d136129b9f5be4c492cb4948a93a89
145182689 38397 2354 31fa9f272caa60acc661d2ef9deb03622ba4b6e5a1f62e1ede2640406a91803b
145207299 33437 436 098612a442b3a56c816baffb21c8f3f821fc83f39ade013f3cbc01f2b262935f
145208065 34647 26937 990ecc5dc16ef7869a90480bf70d8bf2f70466cef65305fd43d334ab01a68934
145208229 14889 31575 5d85ff05ce146e6f7929f8ee2ed26a9e6910536b38c1269cb0c859b6c815b968
145209322 29965 30488 e9268b5982095f3efc7613c65ac68ee9aa9f2bfb597ae3acaf79e0689332118d
145209596 51828 51823 f13587bc89fe4882c7c889302511ffd738d136129b9f5be4c492cb4948a93a89
145209600 27223 8758 a04f9dea33a484684c7c968da69b5a05c23360c2d19493feea5d11145434c679
145209725 55144 50174 f13587bc89fe4882c7c889302511ffd738d136129b9f5be4c492cb4948a93a89
145209924 21675 48604 8ec6a92615a70a95d3b1cdac91ab8ce7490807e4216b4aa82b2bf4318e9ceda8
145210351 33249 55835 b1e145cf5fcaa8f58abddda57adcdfb9163158d9b65235cd645baecffa1b786d
145210361 25517 9802 b4113621dbb7b3b87abf72c73bd2bcf64548bf57875f4593f595add5a57098ed
145210603 55264 9334 f13587bc89fe4882c7c889302511ffd738d136129b9f5be4c492cb4948a93a89
145210907 35052 29870 f13587bc89fe4882c7c889302511ffd738d136129b9f5be4c492cb4948a93a89
145252446 47851 3931 21c517f4a5a149f462114c5d7241e6c8ec0fcd9bfa6b02bd9e5f241089e875f3
145252770 41361 50040 c837bafbd197a75ed8ff2055902b9dbd3a4e6330596970318782aa9afc27254f
145253190 60583 48098 366015ceaa21664e70e3a75a94e9a394350b5fea270c2bc81b4b9cb5c353b2cc
145253348 5657 52483 1eb4bf4e6a42bca13f133cb52cc5e2210dbb0bf2eba8d5977040eeaeb6e0ed45
145253660 10818 31697 f13587bc89fe4882c7c889302511ffd738d136129b9f5be4c492cb4948a93a89
145253789 17509 13423 fe64434a8d8d251f60ad907dc4edbd3bf0d9974a8285963b6abb0fe27e0351b3
145253923 10149 52045 dd48dfd6ce3b6c9b0c0d6578ddb7182396bb02379865074c0676419b44fd9b80
145254109 59286 36826 f13587bc89fe4882c7c889302511ffd738d136129b9f5be4c492cb4948a93a89
145254146 31980 24534 f13587bc89fe4882c7c889302511ffd738d136129b9f5be4c492cb4948a93a89
145254157 53542 17206 f13587bc89fe4882c7c889302511ffd738d136129b9f5be4c492cb4948a93a89
145254400 44790 28688 f13587bc89fe4882c7c889302511ffd738d136129b9f5be4c492cb4948a93a89
145255017 60920 8999 f13587bc89fe4882c7c889302511ffd738d136129b9f5be4c492cb4948a93a89
145255259 8039 47848 39b7574efe8f9b059d265e0fb715674154049e5445d54cb367ee93248522e700
145255748 33630 42637 f13587bc89fe4882c7c889302511ffd738d136129b9f5be4c492cb4948a93a89
145256204 32594 3204 f13587bc89fe4882c7c889302511ffd738d136129b9f5be4c492cb4948a93a89
145256273 16006 33875 f13587bc89fe4882c7c889302511ffd738d136129b9f5be4c492cb4948a93a89
145264640 59881 13110 67e9c95a544b5e22d7ba2ff74a6bb199a249de673665f5e194bd635b138575b9
145265324 27376 2011 f13587bc89fe4882c7c889302511ffd738d136129b9f5be4c492cb4948a93a89
145265334 4676 18208 f13587bc89fe4882c7c889302511ffd738d136129b9f5be4c492cb4948a93a89
145265354 31627 4113 750615284bfb1b6b68fecde790dc9b3225e6cca123552803ce77ccd3bd8e0e50
145265599 13517 15752 f3898b91e865abbc71739d393bc7fd28dbd9d005719b10c7cd9a365ffb4222e6
145265960 54181 64264 9c256e38ff1f5ec667c9bfb28b9ba3bab52f8c820a695f6cc426885ddbd802fe
145266175 6468 2413 f13587bc89fe4882c7c889302511ffd738d136129b9f5be4c492cb4948a93a89
145266215 31735 3251 7264c13c327bed25c4f094321c735040957827a7f58e71856ae85c6a856b8363
145266299 24020 49577 f13587bc89fe4882c7c889302511ffd738d136129b9f5be4c492cb4948a93a89
145266398 32202 16373 f13587bc89fe4882c7c889302511ffd738d136129b9f5be4c492cb4948a93a89
145266530 61838 54008 f13587bc89fe4882c7c889302511ffd738d136129b9f5be4c492cb4948a93a89
145266599 31019 46858 8bd3a65a99b555f911b5aff3cbdfae2e026623250f39df1e618b96be22f93e74
145266778 15995 11086 790216bbafb9db63da68afdadff8b6d31f2bc03f66a914fd1f15fe15761f74e2
145266909 13182 9458 f13587bc89fe4882c7c889302511ffd738d136129b9f5be4c492cb4948a93a89
145266958 40929 34506 385778aebef495a10d8f4e217da7ad5886ab0df3c02ccb94f707920bd75b1ab2
145267273 51180 33976 f13587bc89fe4882c7c889302511ffd738d136129b9f5be4c492cb4948a93a89
145267282 23760 4573 f13587bc89fe4882c7c889302511ffd738d136129b9f5be4c492cb4948a93a89
145267354 31381 20029 c9050654e2282b4d5852b2fa197ff21c71564ac4b53b1753ead43b5a77bd6520
145267578 60405 17514 865b72417e10572f32a42c47f3d17db3025c6f9d0a2f00b854af31ce36121664
145267601 14609 7850 7eb3adbc731741b5ba988d16966f83b2da23a500541fb21f7b1cc4a35756a97d
145267734 30594 21804 f13587bc89fe4882c7c889302511ffd738d136129b9f5be4c492cb4948a93a89
145268083 41822 54728 f13587bc89fe4882c7c889302511ffd738d136129b9f5be4c492cb4948a93a89
145268322 57160 5743 f13587bc89fe4882c7c889302511ffd738d136129b9f5be4c492cb4948a93a89
145268445 2720 40209 f13587bc89fe4882c7c889302511ffd738d136129b9f5be4c492cb4948a93a89
145268540 42041 37855 69e7322255ec4e3be100d92369287f8ed2e08e189e252853e1a9279d04d53a1a
145256485 20107 54235 e8c3dae9897b13f5e217da7c3f5323169acc8f06080aa8c45ad5dd0605fd4570
145256531 37714 19972 f13587bc89fe4882c7c889302511ffd738d136129b9f5be4c492cb4948a93a89
145257355 64213 53939 742cee1db13c0aae438c7363dc2f9029c5dc8c1c4378f8a45d5c485ee9a9058f
145257424 3709 25956 4717a9b042010e02e46a6e7de59fd6235105dbda2f45f25cb393e55a7aab6c91
145257547 21541 61958 8385dd597f6db23002c7a5a4fa9252628e112e3e2904b34268f044c1ecfb2f28
145257596 5042 49774 f13587bc89fe4882c7c889302511ffd738d136129b9f5be4c492cb4948a93a89
145257929 19757 41306 5d794ded7ce0662786981be1b9aa1881c5df4aa5ef2c19f16d9f51a7ea0b0a3c
145258145 49522 24010 f13587bc89fe4882c7c889302511ffd738d136129b9f5be4c492cb4948a93a89
145258172 45980 45161 f13587bc89fe4882c7c889302511ffd738d136129b9f5be4c492cb4948a93a89
145258311 55817 21030 b6955c6c1529a2e7ff1882df94eb73fdd7a1dd6767646349b30bf346126b6249
145258342 37414 53217 f13587bc89fe4882c7c889302511ffd738d136129b9f5be4c492cb4948a93a89
145258355 24492 2668 f13587bc89fe4882c7c889302511ffd738d136129b9f5be4c492cb4948a93a89
145258439 34910 16059 f13587bc89fe4882c7c889302511ffd738d136129b9f5be4c492cb4948a93a89
145258907 15626 26743 f13587bc89fe4882c7c889302511ffd738d136129b9f5be4c492cb4948a93a89
145259153 50010 58091 f13587bc89fe4882c7c889302511ffd738d136129b9f5be4c492cb4948a93a89
145259183 16954 39210 f13587bc89fe4882c7c889302511ffd738d136129b9f5be4c492cb4948a93a89
145259777 54817 29437 e8a7840698c05a600fb5ddea5760371ad96a7ae77c21d5a7b794a1ad3e0a9c51
145260020 738 52523 f13587bc89fe4882c7c889302511ffd738d136129b9f5be4c492cb4948a93a89
145260291 11730 10816 f13587bc89fe4882c7c889302511ffd738d136129b9f5be4c492cb4948a93a89
145260304 41797 9633 0b2a0c0f85f3f546cf1b75483bb40e8f6d358aaf059af80dfd7a0f891e23d2a8
145260345 40833 59612 48750872b9fef9cc439e6ef9c65ac38baef3615962e7ce14452505dd20432b65
145261380 29038 56959 f13587bc89fe4882c7c889302511ffd738d136129b9f5be4c492cb4948a93a89
145261486 13299 12776 7af5e67d37782dd280e895ea5d481643d5a718d249972a8dc0a20e8baf369f88
145261984 39461 63074 ea77c7e89b215bf692ab03da577eab65d58863a333d71b273cf3d4d966faae6b
145262613 1923 13876 cdf74bda941e22e38dad9fee24f53d7b91292428c5e9f7bcedd7c988c87fa954
145262677 53143 14842 8328d12f4fcf8ce07ccc31be71e0b9c35735179148badc920b72ae153abd945e

Total of 0 tasks calculated error.
