Total of 100 tasks calculated correctly, accuracy 100.00% 
2765988287 55806 48845 f13587bc89fe4882c7c889302511ffd738d136129b9f5be4c492cb4948a93a89
2765988364 14149 16524 a912449af7323a4838450b33ab963bfe5700cf4b2f17e9b1852c0b9584055b9f
2765988538 42803 50716 0093164170be270d06e16ccf220b521408a6ceebb3fd174efe5c745e9f0f49ca
2765988592 64852 48113 f13587bc89fe4882c7c889302511ffd738d136129b9f5be4c492cb4948a93a89
2765988616 59467 39280 63497d4adfaa37348b74581b3a86e6c39267a85e0f6e43aa625c72da0567ec61
2765988684 40643 52368 34090391bc12de7f53a64bcaed41e6488df161fbb64630d44dc00b754216476a
2765988860 7183 15743 c06ebfc105b9eb843ac559e5dcac0c128e66aca6ba8312f9a5ac6947affb3398
2765988863 51963 52583 d1c8a04ff43d3e7d8dbacae4c7a60286d6f53b900ba38faee0c70471d4fdfedd
2765989425 60250 50985 f13587bc89fe4882c7c889302511ffd738d136129b9f5be4c492cb4948a93a89
2765989508 4758 6437 f13587bc89fe4882c7c889302511ffd738d136129b9f5be4c492cb4948a93a89
2765989707 5454 2449 f13587bc89fe4882c7c889302511ffd738d136129b9f5be4c492cb4948a93a89
2765989829 9922 5993 f13587bc89fe4882c7c889302511ffd738d136129b9f5be4c492cb4948a93a89
2765990294 47485 55944 9a0c811d0181fabc7354a29acc58fc796e22c0d1db55e74c971efac1d493f3ea
2765990449 58477 42277 3f3b43aa98597d9d9f65e3f37b317874992e3d194326dbd66a352d63eb25e280
2765990467 34126 23034 f13587bc89fe4882c7c889302511ffd738d136129b9f5be4c492cb4948a93a89
2765990899 42653 53682 22f3b56d3d00fed17ee96a5269b9c23c13418c25badbf3d0ef79d9fcbd4a7acb
2765991028 50420 61833 f13587bc89fe4882c7c889302511ffd738d136129b9f5be4c492cb4948a93a89
2765991361 32557 63634 2626b0a61e7e11be99f2706fd2f0d94905484e9117b07158664f3ce060b0ffc8
2765991465 11167 60138 c70211ee5fe6c90307e563ac744a913a3d7ec3d75b16e93df744e6932d2fd2ec
2765991685 56496 63368 f13587bc89fe4882c7c889302511ffd738d136129b9f5be4c492cb4948a93a89
2765991750 59973 9313 0035ab701f3d41a03b7f02f44cc4d5c905dc3943575902e0ddff50ee90c97c14
2765992032 38326 46509 f13587bc89fe4882c7c889302511ffd738d136129b9f5be4c492cb4948a93a89
2765992344 46344 5469 f13587bc89fe4882c7c889302511ffd738d136129b9f5be4c492cb4948a93a89
2765992390 39136 33245 f13587bc89fe4882c7c889302511ffd738d136129b9f5be4c492cb4948a93a89
2765992420 12198 9945 f13587bc89fe4882c7c889302511ffd738d136129b9f5be4c492cb4948a93a89
2765992680 47737 17515 5f932c8bf003bfa5707687268dcb34024311829d0462384728e007c83c31638b
2765993035 47001 42079 df29944de639fb407d9930808cbe867d1d9a25baa32312bd11ee41a10bf07dc6
2765993224 56147 18580 643412ed5b08249945d89c2a7051c16fe985954afcfe180a71d7aba89537acf2
2765993333 6763 1335 d6c9eb1369e4cb003cabca96e01e9cf4fa9a12cbae09e380c5e6f42e6f457c74
2765993389 6915 24796 9070e11af1ea726a69cee4b37f14af6ba8feed9052f7aba02faece22508a0035
2765993609 62779 34837 892054119c7058b868ed609647a15768225612dd6c360a3043759d5ac974845c
2765994466 25886 27618 f13587bc89fe4882c7c889302511ffd738d136129b9f5be4c492cb4948a93a89
2765994711 64189 53755 792517e6381d3fb3352c8bd2cc6338a8ad5888cc27150dae3e24f4992b3a7ccc
2765995234 57613 25895 4566e441fb41264397db42a673de378967e7aaf4b8ed1a9a6fafe766a59475cb
2765995450 9959 4977 f066878427a90b033668d3ac966edb51849b1fa19cff00f8ccac7d656f538d0a
2765995846 40863 17085 4a838e994255d48505257a0b9dc773395d8e22e57f5d142b47fae515dfa368f8
2765996023 55803 45300 987c67171b11996dbc92ddfe65175363ad4c6f7d22947422dfdf322c7980d3d9
2766000182 63977 50585 3263514db26d92c584e8571979fa9cc030d1f8a6e7a3a4f9c4b1ef224bd6a644
2766000212 28064 47810 f13587bc89fe4882c7c889302511ffd738d136129b9f5be4c492cb4948a93a89
2766000882 9475 22589 ce210c2255152139676200f2f96a7456412e7e0d64c54305f06a350351fabb3a
2766001041 41157 56040 458624c54bb4a30db263d291cfc3337558fabf9501f97e984536f8ab4964e73b
2766001505 14404 833 f13587bc89fe4882c7c889302511ffd738d136129b9f5be4c492cb4948a93a89
2766001516 58216 1177 f13587bc89fe4882c7c889302511ffd738d136129b9f5be4c492cb4948a93a89
2766001651 54026 57221 f13587bc89fe4882c7c889302511ffd738d136129b9f5be4c492cb4948a93a89
2766001719 19181 38762 0fab70e063eda821a82bef029f9fd095faad8374e919243994ab1d1474b85bc9
2766001993 46359 48764 f4deb1e939dd5db9940b172224323423674431729a058a7a09c4ff7b4430e104
2766002399 43122 4692 f13587bc89fe4882c7c889302511ffd738d136129b9f5be4c492cb4948a93a89
2766002888 6107 16931 aad91063ef3798b80c44e8a2377df08ebdb9029b0754fba79e4aee07c4b56fc9
2766002945 54264 60599 f13587bc89fe4882c7c889302511ffd738d136129b9f5be4c492cb4948a93a89
2766003139 16567 26839 7a9c106c9fac5ce3ba7087b264b1b0419fd9785f4c75fa9cbeb03acc68d860df
2766003154 61077 54020 11f703ac1737c5c639205171c72c8463548234dfd7ad3e17eb20ff83c6f3b336
2766003423 4788 24608 f13587bc89fe4882c7c889302511ffd738d136129b9f5be4c492cb4948a93a89
2766003665 37311 29572 e88fba32d8dd335a850026bd966fe9bfaa012f0811980c9a80448afef6101c68
2766003764 61927 49211 62c97e0252b3148e331f6fc608ca53234e81abdb48b3928ba5ff4152ad27553e
2766003870 43626 22947 f13587bc89fe4882c7c889302511ffd738d136129b9f5be4c492cb4948a93a89
2766004002 17915 57942 bc8d0153567898978498d0a91f4796a37b3ba1efb4f224d46db20888ec37daa5
2766004082 41108 54714 f13587bc89fe4882c7c889302511ffd738d136129b9f5be4c492cb4948a93a89
2765926406 62264 64734 f13587bc89fe4882c7c889302511ffd738d136129b9f5be4c492cb4948a93a89
2765926589 51072 59062 f13587bc89fe4882c7c889302511ffd738d136129b9f5be4c492cb4948a93a89
2765926613 9237 11151 e34a4e5bafc077879aeb7a1a461ce1279ad6f7eabf9842d3b0fe337ed4613c3d
2765926669 51274 13876 f13587bc89fe4882c7c889302511ffd738d136129b9f5be4c492cb4948a93a89
2765926934 65257 58617 473c2f6e3f6ae60723e5fb6f71a364f3e57ce109a8e69b4a877d5b7b032fd2e5
2765927115 54962 12015 f13587bc89fe4882c7c889302511ffd738d136129b9f5be4c492cb4948a93a89
2765927163 35527 1343 7d3c21aaf9a849b03ed4531c5da39f5c58c329fd84ae86982e3c88287043d661
2765927757 12861 36912 bdb72946a4ea03e9c97af150bdd09d9524a6a471f34d5ef35c5377c3569323a8
2765928187 62904 38720 f13587bc89fe4882c7c889302511ffd738d136129b9f5be4c492cb4948a93a89
2765928566 61100 57427 f13587bc89fe4882c7c889302511ffd738d136129b9f5be4c492cb4948a93a89
2765928625 3657 30223 b4f5ceb312a7d3fc34c02f8133564199d3d2e6fe6b2b3f993be4f804f950d9d9
2765928637 5468 19066 f13587bc89fe4882c7c889302511ffd738d136129b9f5be4c492cb4948a93a89
2765929127 4958 56133 f13587bc89fe4882c7c889302511ffd738d136129b9f5be4c492cb4948a93a89
2765929215 19659 46110 8f9d14acfce8f41f48c7cc0fa1767ce415a8a22381ca2a00fdde3426bf340f25
2765929445 55433 25435 0a592cdb979a9f68127dea439b196bffee3407de8a78a3c1a1b3fbc1e5079402
2765930101 64290 25591 f13587bc89fe4882c7c889302511ffd738d136129b9f5be4c492cb4948a93a89
2765930178 9896 53711 f13587bc89fe4882c7c889302511ffd738d136129b9f5be4c492cb4948a93a89
2765930274 2867 37181 317dca7275eab85547c6f76e4c17d50ca4246c9f86f2aaf72482365b5c75c8c9
2765930357 25602 4855 f13587bc89fe4882c7c889302511ffd738d136129b9f5be4c492cb4948a93a89
2766004511 17799 47349 0030343791843bb5cf4c5b91710ec7a7c6034b384ba29f34bc0c410b65aab786
2766004671 27461 10392 6cd48dbfb95ef9b9206a9bcf9afef85d8ed6f3464831b3bf0e765944c32e84d2
2766004816 50583 13122 d7fc25103b417bce77d1c4ee30951c5565396178e12cff22808da155af4bb5b6
2766004955 55205 58965 53748367e39ede29583c89744432ecb7cf7d2f1c5b034fa7019426c7961460a0
2766005022 46998 3816 f13587bc89fe4882c7c889302511ffd738d136129b9f5be4c492cb4948a93a89
2766005690 15816 41917 f13587bc89fe4882c7c889302511ffd738d136129b9f5be4c492cb4948a93a89
2766005745 6116 21672 f13587bc89fe4882c7c889302511ffd738d136129b9f5be4c492cb4948a93a89
2766006010 31430 41032 f13587bc89fe4882c7c889302511ffd738d136129b9f5be4c492cb4948a93a89
2766006470 46338 29039 f13587bc89fe4882c7c889302511ffd738d136129b9f5be4c492cb4948a93a89
2766006516 10195 1107 db149951ac95ca4556b6edaa1e73a484af7c5023f92e99bd1cf3e3751208f2d5
2766006628 17041 44027 d159833bc33e2a56747cb821669ded239d7edf06dc1b902a9daeddc975b78557
2766007044 59699 62214 fb6d42e97e82188543bbd1c848276dff7427ee7151b7eff8d543d08b21ae7091
2766007146 58579 33986 a2d8400cdf160d548614a2762aea2094b678f4e9f853514152e632990b107bed
2766007231 58737 1745 e97be1e4fa47a0f84569e214c9e4f71f379c883fd382cbca1bef5d8907bedd7b
2766007282 40636 49162 f13587bc89fe4882c7c889302511ffd738d136129b9f5be4c492cb4948a93a89
2766007321 54065 47816 6fcdd979d508dbd65612c79ab3a0b72e8e02dd72a2c76084a767996fe8a4b63f
2766007532 30861 62166 6de740e6fb353c413a792def98ad2a2ee774dd15f82d601ab4da4c75b4d8c76b
2766007667 33230 9041 f13587bc89fe4882c7c889302511ffd738d136129b9f5be4c492cb4948a93a89
2766007668 37562 59721 f13587bc89fe4882c7c889302511ffd738d136129b9f5be4c492cb4948a93a89
2766007691 19192 14135 f13587bc89fe4882c7c889302511ffd738d136129b9f5be4c492cb4948a93a89
2766008234 55528 57379 f13587bc89fe4882c7c889302511ffd738d136129b9f5be4c492cb4948a93a89
2766008305 42630 12600 f13587bc89fe4882c7c889302511ffd738d136129b9f5be4c492cb4948a93a89
2766008582 50244 44393 f13587bc89fe4882c7c889302511ffd738d136129b9f5be4c492cb4948a93a89
2766008745 19622 40822 f13587bc89fe4882c7c889302511ffd738d136129b9f5be4c492cb4948a93a89

Total of 0 tasks calculated error.
