Total of 100 tasks calculated correctly, accuracy 100.00% 
2911670816 20197 41004 594bffe75eabc660dee7fdc2a96514430604dc0fcf5f0425d07f8d23cde9210f
2911671152 17475 44370 b6d670eb9c2c6546db7f2ef9683b70df55914fff2a79a98803c5f8f1e0651deb
2911671206 64685 43198 054c80eff2a70082acc9882b0bf3af3a596ea0b2ff1cc5547e7ec5698419863c
2911671561 62463 11334 d4c0196e6df07a2d42f3886a39f85e8e74912fdf4309c1df552fed4402bded59
2911671625 41816 23864 f13587bc89fe4882c7c889302511ffd738d136129b9f5be4c492cb4948a93a89
2911671974 16214 29876 f13587bc89fe4882c7c889302511ffd738d136129b9f5be4c492cb4948a93a89
2911672123 31688 30749 f13587bc89fe4882c7c889302511ffd738d136129b9f5be4c492cb4948a93a89
2911672156 14397 24277 999149d45566cb170648e881d670fd7b5e26185ec93b7795d4b19ca4f15cf2ac
2911672211 4029 55161 e2685ce8cbf4162a5924eb8fb1f14d46487f213cb3f5584282e587913d143182
2911672389 63089 45937 832886269ea03d25ed14e650f000539de660710b19a1a6359e638a2b20c6c734
2911672949 38745 28103 6eb34de58bdbf9205e8e9786ac61786812d2d369abbd952a0e13c3280a49136d
2911673288 11425 16700 d9fdcb06260f1802ac6e24b50e08e6106a9c2efce9ff591c2f201d2bb3b4839a
2911673327 62986 33728 f13587bc89fe4882c7c889302511ffd738d136129b9f5be4c492cb4948a93a89
2911673463 37720 52132 f13587bc89fe4882c7c889302511ffd738d136129b9f5be4c492cb4948a93a89
2911673839 25732 64898 f13587bc89fe4882c7c889302511ffd738d136129b9f5be4c492cb4948a93a89
2911673926 47640 62125 f13587bc89fe4882c7c889302511ffd738d136129b9f5be4c492cb4948a93a89
2911674287 40093 26482 91931c843558201a745f02c982b190d830110d5d7ad622cb0e18e07bf5f646f9
2911674344 19282 4374 f13587bc89fe4882c7c889302511ffd738d136129b9f5be4c492cb4948a93a89
2911637605 35255 11001 7679f1970f0bb6742523854c07d4b8729126f51f72ad4a1caaebc11b666f9da8
2911637607 19563 56030 419fec3b59cd016e83ec541db30c20d95c7b35bbbdadf2da218c1addb37819b6
2911637649 22924 57557 f13587bc89fe4882c7c889302511ffd738d136129b9f5be4c492cb4948a93a89
2911638268 37623 50588 633fbdf2d5db1cc7ac55f74395c637b378d6e61b8fd3de0437c5ec0557ba7b9b
2911638279 55663 55548 b476f510f5c8226daddcaee1d68d422dac6c51d0fa909f1af54b73b707c19017
2911638311 63426 46313 f13587bc89fe4882c7c889302511ffd738d136129b9f5be4c492cb4948a93a89
2911638425 35001 734 f68dbb2a51058fd60c70252aba5e50d82a0a984da608c1a75c010c52eb20f02f
2911638607 8602 47774 f13587bc89fe4882c7c889302511ffd738d136129b9f5be4c492cb4948a93a89
2911639326 28041 1271 60e203a108c1dda223fcd138dc21a0ae86e0ba95788244b96b75f276691fb35e
2911639418 61261 52312 374be8799c66afcd65a7cdcc94de2a27ee75d84f68a74c3d9564289298d8c11c
2911640181 29288 12825 f13587bc89fe4882c7c889302511ffd738d136129b9f5be4c492cb4948a93a89
2911640316 30531 26537 e619105910c7d58380a1a5a2f4e200e1e18a231c64f2f81a15b418ba4608d380
2911640551 18060 63441 f13587bc89fe4882c7c889302511ffd738d136129b9f5be4c492cb4948a93a89
2911640697 25222 64679 f13587bc89fe4882c7c889302511ffd738d136129b9f5be4c492cb4948a93a89
2911640760 42369 41836 72deab99c32db58777e0b2f32b805fb390676886390ba439be7fd164f8e47df3
2911641240 22699 37011 8dc922b4002b5636e878711962281d3a9b1ddabd597a83814ae029a1fd16e2f8
2911674455 48734 54100 f13587bc89fe4882c7c889302511ffd738d136129b9f5be4c492cb4948a93a89
2911674674 42900 42172 f13587bc89fe4882c7c889302511ffd738d136129b9f5be4c492cb4948a93a89
2911675070 13688 16954 f13587bc89fe4882c7c889302511ffd738d136129b9f5be4c492cb4948a93a89
2911675497 40490 30801 f13587bc89fe4882c7c889302511ffd738d136129b9f5be4c492cb4948a93a89
2911675933 4998 34030 f13587bc89fe4882c7c889302511ffd738d136129b9f5be4c492cb4948a93a89
2911676201 53296 10307 f13587bc89fe4882c7c889302511ffd738d136129b9f5be4c492cb4948a93a89
2911676209 3575 30053 95c295f2bcf741b8b34736a5db5bc7e9fcea83ee35d6d01ce0b4593714159810
2911676915 37306 20650 f13587bc89fe4882c7c889302511ffd738d136129b9f5be4c492cb4948a93a89
2911677085 61316 41577 f13587bc89fe4882c7c889302511ffd738d136129b9f5be4c492cb4948a93a89
2911677167 10256 841 f13587bc89fe4882c7c889302511ffd738d136129b9f5be4c492cb4948a93a89
2911677753 20686 20990 f13587bc89fe4882c7c889302511ffd738d136129b9f5be4c492cb4948a93a89
2911678040 35575 31405 843d5ce0d5f08605a9075ba8b12c7f7d54eea814e68a427c3f2af09df8e3be43
2911678056 49416 45252 f13587bc89fe4882c7c889302511ffd738d136129b9f5be4c492cb4948a93a89
2911678147 13930 59100 f13587bc89fe4882c7c889302511ffd738d136129b9f5be4c492cb4948a93a89
2911678211 34444 31857 f13587bc89fe4882c7c889302511ffd738d136129b9f5be4c492cb4948a93a89
2911678227 39073 57606 e5cc9dce2cf49fec29e48a7da22336aae177bfe84014251c18eef32a1a127d62
2911678283 12542 30574 f13587bc89fe4882c7c889302511ffd738d136129b9f5be4c492cb4948a93a89
2911678478 45067 14056 5c9cf5e228eaa50cde00a02fdce058376cf6c19b1e8d0a521165bba36d87830a
2911678560 35432 49144 f13587bc89fe4882c7c889302511ffd738d136129b9f5be4c492cb4948a93a89
2911678848 29516 4226 f13587bc89fe4882c7c889302511ffd738d136129b9f5be4c492cb4948a93a89
2911678955 40124 36258 f13587bc89fe4882c7c889302511ffd738d136129b9f5be4c492cb4948a93a89
2911679273 32732 41632 f13587bc89fe4882c7c889302511ffd738d136129b9f5be4c492cb4948a93a89
2911679294 3103 53903 71a70686b80e336a9f0f832b1e3401127961145f24763f0baf16e0816c7e5e06
2911679403 39970 29279 f13587bc89fe4882c7c889302511ffd738d136129b9f5be4c492cb4948a93a89
2911679433 24648 54619 f13587bc89fe4882c7c889302511ffd738d136129b9f5be4c492cb4948a93a89
2911679518 45087 48473 01cefb8336db968782283ebc8694c58b7ba654350760cc2e56303b59faaaac4f
2911679524 30646 54259 f13587bc89fe4882c7c889302511ffd738d136129b9f5be4c492cb4948a93a89
2911680139 5647 41723 daa310c115c07b247d7ef789a817979c8fe05dc8d6ec96ab8c08685a387a5e0d
2911681241 6192 60840 f13587bc89fe4882c7c889302511ffd738d136129b9f5be4c492cb4948a93a89
2911681724 46856 63270 f13587bc89fe4882c7c889302511ffd738d136129b9f5be4c492cb4948a93a89
2911681816 12906 63279 f13587bc89fe4882c7c889302511ffd738d136129b9f5be4c492cb4948a93a89
2911682160 25909 16607 587adabb76c412f71b87d10f305ec00dfb6448da7f07533fb87676b9cb4c674e
2911682440 5577 12149 3a5df99a07cb318e7366a59ba9abfb00ad97ead185769f515d8a1c1fa647a137
2911682441 57659 19359 3ab9f7e44770f3ee90aa804bedf4ed8e2da83e486f333c8c573763194c5203eb
2911686910 24506 52319 f13587bc89fe4882c7c889302511ffd738d136129b9f5be4c492cb4948a93a89
2911686966 58662 48731 f13587bc89fe4882c7c889302511ffd738d136129b9f5be4c492cb4948a93a89
2911687065 23979 4923 31edb9b3c8627852ea6f18d86d4fb58252eccc246e7348f6177ec557783bd21a
2911687118 44660 5439 f13587bc89fe4882c7c889302511ffd738d136129b9f5be4c492cb4948a93a89
2911687339 16576 46266 f13587bc89fe4882c7c889302511ffd738d136129b9f5be4c492cb4948a93a89
2911687757 50062 62213 f13587bc89fe4882c7c889302511ffd738d136129b9f5be4c492cb4948a93a89
2911687893 45010 65294 f13587bc89fe4882c7c889302511ffd738d136129b9f5be4c492cb4948a93a89
2911687906 57238 35763 f13587bc89fe4882c7c889302511ffd738d136129b9f5be4c492cb4948a93a89
2911687912 48308 62817 f13587bc89fe4882c7c889302511ffd738d136129b9f5be4c492cb4948a93a89
2911687931 34198 58574 f13587bc89fe4882c7c889302511ffd738d136129b9f5be4c492cb4948a93a89
2911688266 46181 62631 0d233dcaa16ec4755273aaebc6f983112c92c4c28ad001485f8d764f47eac04a
2911688397 2441 27505 34abda5da03c7fb6b368479e93f67046513306989eb6085de2bafff71269be48
2911688408 1540 44236 f13587bc89fe4882c7c889302511ffd738d136129b9f5be4c492cb4948a93a89
2911688509 17759 31023 77aad5f1bb9a4c46a4c390638dc6331f2ee63d954b9433fb01c26fa817bb610a
2911688783 14452 39104 f13587bc89fe4882c7c889302511ffd738d136129b9f5be4c492cb4948a93a89
2911688906 26849 29489 6c4774e0a7c46b7f6ff1c0c0e3f6d4b8e584abbc657e4ba6164c572cf4b1e73f
2911688926 60635 60577 93d2d8c945264f26cf0ec1353012bd69b4a63a194bd3011cf2e2d5c97e3c0313
2911689114 39486 21355 f13587bc89fe4882c7c889302511ffd738d136129b9f5be4c492cb4948a93a89
2911689150 47381 26409 1f3b92634828272dee769fbc80e3892d15f1717f953ddb79ef8f32c552e57936
2911689297 37124 8399 f13587bc89fe4882c7c889302511ffd738d136129b9f5be4c492cb4948a93a89
2911689489 62398 31694 f13587bc89fe4882c7c889302511ffd738d136129b9f5be4c492cb4948a93a89
2911689650 22340 15947 f13587bc89fe4882c7c889302511ffd738d136129b9f5be4c492cb4948a93a89
2911689728 26691 28964 55cb19ae4deeb1618cf7d8ed8e0250fb5cde8ecc1e6c0798a6736ab7c147e74a
2911689795 16102 26341 f13587bc89fe4882c7c889302511ffd738d136129b9f5be4c492cb4948a93a89
2911689931 30781 33033 1529b3099d5252e8c699b534ef5e60e8a36d18c57f0dbcf42ee9a2e925c81abd
2911689961 6097 15534 97f630431730353f2ac9e99493b8e94fcb0db21a1a76a03274b48da5c90f4f37
2911690052 55257 33848 ec0ea8fe171baff66e2fafc8ebf0b50df61a97729fbebf7e5e58596a2e5281b8
2911690114 3545 31767 dccacef6e65fad450e8aa4a11fea7c1701eb7f6ae967a09581fc36ca809b81d6
2911690198 57482 58434 f13587bc89fe4882c7c889302511ffd738d136129b9f5be4c492cb4948a93a89
2911690297 18113 48388 f57779cce7b2934a720ffb70f16e6ef80e3e2ebfa3e9d61522388e785e63fa6d
2911690378 33172 34590 f13587bc89fe4882c7c889302511ffd738d136129b9f5be4c492cb4948a93a89
2911690520 17509 44470 d0ff239cc01509299c74a5ba48342a6725ec7ca504f8a0971039558359956035

Total of 0 tasks calculated error.
