Total of 100 tasks calculated correctly, accuracy 100.00% 
3639795892 59916 32883 f13587bc89fe4882c7c889302511ffd738d136129b9f5be4c492cb4948a93a89
3639795980 58345 22949 3d3c5f501aa35bbb249abad53c25ca1648bb84bc3e37b88c8575280f139d78f2
3639796080 34848 19688 f13587bc89fe4882c7c889302511ffd738d136129b9f5be4c492cb4948a93a89
3639796176 52705 6821 88b0f0f58673c0b0a1796add45148a366abcba5322ad09a7c48f00943114a711
3639796183 18618 44159 f13587bc89fe4882c7c889302511ffd738d136129b9f5be4c492cb4948a93a89
3639796671 18496 18031 f13587bc89fe4882c7c889302511ffd738d136129b9f5be4c492cb4948a93a89
3639796893 48810 15552 f13587bc89fe4882c7c889302511ffd738d136129b9f5be4c492cb4948a93a89
3639797051 58108 17720 f13587bc89fe4882c7c889302511ffd738d136129b9f5be4c492cb4948a93a89
3639797203 10347 29515 89f6ebd8cdbb219a625afd6a0354be2443b533175e3ba61e3dd8bb65997631c8
3639797297 16255 49590 14685f59d2ac998671bfce063ac9237ae60e22444bbbda67c9b60ba5270d55d7
3639797426 43612 39934 f13587bc89fe4882c7c889302511ffd738d136129b9f5be4c492cb4948a93a89
3639797435 52912 62508 f13587bc89fe4882c7c889302511ffd738d136129b9f5be4c492cb4948a93a89
3639797552 53086 38668 f13587bc89fe4882c7c889302511ffd738d136129b9f5be4c492cb4948a93a89
3639797728 20236 18063 f13587bc89fe4882c7c889302511ffd738d136129b9f5be4c492cb4948a93a89
3639798043 32971 21343 f5f7d7181693d9c28ecd387b981d1ebe4fb51c2c883d72e6163a4fd8a9f96945
3639798292 60389 50405 c988609fa4e98f3d72c9932a0844f5106db9df2b9dece14554c7751417f5e609
3639798473 13616 26265 f13587bc89fe4882c7c889302511ffd738d136129b9f5be4c492cb4948a93a89
3639798551 11313 62805 bd398382ed6a7c60249ec5e2e81877db32f4cad8217d3515483221fe9a956936
3639798581 2237 38873 dc5451cfbbec5aaf1655be26cb55ebd7f62e4184c7c4f1b9895290bec6434665
3639798683 47332 6912 f13587bc89fe4882c7c889302511ffd738d136129b9f5be4c492cb4948a93a89
3639798687 14287 32414 692dc056422221d23237753b6c17585062d578a406eee28083d6209771a4e680
3639798959 58176 18263 f13587bc89fe4882c7c889302511ffd738d136129b9f5be4c492cb4948a93a89
3639798979 34780 14228 f13587bc89fe4882c7c889302511ffd738d136129b9f5be4c492cb4948a93a89
3639799026 61575 55181 aa829efc7ed6646a9d696df325670b5457f17d9f51a8ad449b0916718ec92da7
3639799399 2385 43531 bcb8afb9336327b352a49ebc4928f34acc6c13a1cc4341780e9702d8739f93d0
3639799405 38462 34918 f13587bc89fe4882c7c889302511ffd738d136129b9f5be4c492cb4948a93a89
3639799416 9785 52656 9264b504e46af3f79bec0a3a4bfd1ded514518f7fee605592b2015baf3b19ac0
3639799436 9388 64422 f13587bc89fe4882c7c889302511ffd738d136129b9f5be4c492cb4948a93a89
3639799501 14460 45419 f13587bc89fe4882c7c889302511ffd738d136129b9f5be4c492cb4948a93a89
3639799640 48958 9405 f13587bc89fe4882c7c889302511ffd738d136129b9f5be4c492cb4948a93a89
3639791636 58788 56275 f13587bc89fe4882c7c889302511ffd738d136129b9f5be4c492cb4948a93a89
3639791799 16812 23308 f13587bc89fe4882c7c889302511ffd738d136129b9f5be4c492cb4948a93a89
3639792000 43019 35888 3202e43872918db69caffc439622332153498c543f4f36e5121bfa3a79fe1150
3639792001 52128 65258 f13587bc89fe4882c7c889302511ffd738d136129b9f5be4c492cb4948a93a89
3639792200 46827 58002 481d463b8b0e12a5eec668699fc4a7cce9f162812ffb5ce6cc8b0c9a4b8e1c80
3639792835 37176 19701 f13587bc89fe4882c7c889302511ffd738d136129b9f5be4c492cb4948a93a89
3639792896 13502 7781 f13587bc89fe4882c7c889302511ffd738d136129b9f5be4c492cb4948a93a89
3639793112 5906 23465 f13587bc89fe4882c7c889302511ffd738d136129b9f5be4c492cb4948a93a89
3639793226 19948 35277 f13587bc89fe4882c7c889302511ffd738d136129b9f5be4c492cb4948a93a89
3639793468 40351 34675 d7aad32785ef33dbbe9423c82d4b224078d76b2c1c66596bb29f157ff4406511
3639793644 5268 35048 f13587bc89fe4882c7c889302511ffd738d136129b9f5be4c492cb4948a93a89
3639793802 24156 40563 f13587bc89fe4882c7c889302511ffd738d136129b9f5be4c492cb4948a93a89
3639794138 63544 23766 f13587bc89fe4882c7c889302511ffd738d136129b9f5be4c492cb4948a93a89
3639794619 46131 40169 d5ab7be41f005351436d95054696a2c2b771aae1d6dbdf4d5c22c3a47f43b865
3639794914 5341 44787 bb3ae1b7d81081cb186e75fcc18fd16a1d4fb50c0b565decb4146491ab5ee827
3639794972 61656 25341 f13587bc89fe4882c7c889302511ffd738d136129b9f5be4c492cb4948a93a89
3639795074 5483 45985 18feaaaf1a6943408657738e39ee1a37f5db96ec506b28ba063c77c09dba7ff6
3639795160 41959 10817 7026c0a979c274387e1782b555b53d070062cb2d8ab7d9fdfdae0aba0af58810
3639795325 37371 39627 1f207912207a9d989192f85117fa38a84a981c65466f2162883f23af8559e472
3639800133 5434 47647 f13587bc89fe4882c7c889302511ffd738d136129b9f5be4c492cb4948a93a89
3639800144 30096 4181 f13587bc89fe4882c7c889302511ffd738d136129b9f5be4c492cb4948a93a89
3639800157 27318 15507 f13587bc89fe4882c7c889302511ffd738d136129b9f5be4c492cb4948a93a89
3639800313 31735 9831 0520b82b7267a0b7c931b9e1b63a2e653e09ac4dcefcb257d1dfe296c351a1a6
3639800600 41869 50131 e0ca95edae8e782fb8dbe83a9fb778705bdccd978ba243f068b09d1a54e914d8
3639800697 41438 29070 f13587bc89fe4882c7c889302511ffd738d136129b9f5be4c492cb4948a93a89
3639800902 47234 26265 f13587bc89fe4882c7c889302511ffd738d136129b9f5be4c492cb4948a93a89
3639801292 50614 6440 f13587bc89fe4882c7c889302511ffd738d136129b9f5be4c492cb4948a93a89
3639801316 14437 33745 91bdb829d72cd2b9d2eae2176f0993e032fb181246bee647100ac0082fd683bc
3639802060 677 20779 431de84c59ea21017c86302c6264536c2f3bd83eddb87a1fd5a05ec518d1ef70
3639802161 55900 1703 f13587bc89fe4882c7c889302511ffd738d136129b9f5be4c492cb4948a93a89
3639802291 43056 26209 f13587bc89fe4882c7c889302511ffd738d136129b9f5be4c492cb4948a93a89
3639802383 40072 44561 f13587bc89fe4882c7c889302511ffd738d136129b9f5be4c492cb4948a93a89
3639802402 20611 31762 4ca66e28d24a0efb69d66424dc119c12e62fe9e1895ca9c73d76917218eb1336
3639802531 34055 17928 2f9d52a7a14dcbf54700837e6bd0373d2d3083a6c3bfad9e584f8795e953874f
3639802674 61554 35438 f13587bc89fe4882c7c889302511ffd738d136129b9f5be4c492cb4948a93a89
3639802717 15638 20272 f13587bc89fe4882c7c889302511ffd738d136129b9f5be4c492cb4948a93a89
3639802730 4383 5241 a5a2f1d90da27aa316c3ad090a474d562e4fbded941bba2a5fea8534aff7cd81
3639802890 11809 29720 28bccb69bc38b571a866e2ee2db1baf9585e239d7f423144f8e43a07d1f860fe
3639803750 16673 19083 be68a3ba11294b26f09180d01e21ecb02e5efd1e0fe8414ef5c1eb6d0ebad3da
3639803778 35183 23555 5e837e975ee4245ce53e1108aa1eb22c439dc8f74e0b9f39adc43895866106e6
3639812137 1217 40376 e36b6d8d40602f2b41f20134f2f142937bda022da00460240017131003aa6be4
3639812565 59874 55556 f13587bc89fe4882c7c889302511ffd738d136129b9f5be4c492cb4948a93a89
3639812940 4444 45223 f13587bc89fe4882c7c889302511ffd738d136129b9f5be4c492cb4948a93a89
3639813528 63719 62812 8b00752bb02a9825063703b450819b2fad53a1acf682ae18dbd58f0e88232359
3639813933 60000 52333 f13587bc89fe4882c7c889302511ffd738d136129b9f5be4c492cb4948a93a89
3639813947 47751 22624 fc35f23a69ad7c379a6cc33ed4ebfb14670aafa5f31f9f646a95a896ff84dc20
3639813989 34708 35568 f13587bc89fe4882c7c889302511ffd738d136129b9f5be4c492cb4948a93a89
3639814227 14521 62060 45f77b02fba59c8eb1ea916996a33e8dc7f79db96ffad552181e41f275809750
3639814628 30944 15377 f13587bc89fe4882c7c889302511ffd738d136129b9f5be4c492cb4948a93a89
3639814634 45257 62944 a5da8d863b5472f27addfbbb9d8f23165b32d7dc52b6c0324d9efc0809d58f7a
3639814702 24088 54835 f13587bc89fe4882c7c889302511ffd738d136129b9f5be4c492cb4948a93a89
3639814821 58883 10458 f969c332f12c74661d7641279d914972af28fec371db36d40930652b307c6cd8
3639815325 10495 33096 332232af89eb94ac28047385ce2522646ae33091b0cfa91fa7eade48fcecb90d
3639815423 45095 15900 e61dcd0a597bcf29bd5576c4e595debf261586cb96b93ce2b4d9485e471d1408
3639815840 61590 41174 f13587bc89fe4882c7c889302511ffd738d136129b9f5be4c492cb4948a93a89
3639815856 64612 34793 f13587bc89fe4882c7c889302511ffd738d136129b9f5be4c492cb4948a93a89
3639816002 47227 27560 70f1c4db2bc7b78a7b9c37add9e5fb16a117820df25759556be1821023249d5c
3639816034 24065 8912 e9d1ce34d05b277647a8bdf87e8c6b17b1df83c2de05daa3fd64373201da7932
3639816193 21851 649 0477f6c699e814945444a1b58ce3e6f00407d329778e477c9ae816b33a2b27dd
3639816267 3827 62325 0ffa27b6ae406b2e80b88c5553f006340c217ebeb5efe962f5b004dd124ddbc9
3639816272 33246 56786 f13587bc89fe4882c7c889302511ffd738d136129b9f5be4c492cb4948a93a89
3639816449 4623 54001 03daa6e5d13a2f0e50e3026b689463baba4b70506633b84a8b13ed03ac64771f
3639816454 57796 22474 f13587bc89fe4882c7c889302511ffd738d136129b9f5be4c492cb4948a93a89
3639816601 596 51752 f13587bc89fe4882c7c889302511ffd738d136129b9f5be4c492cb4948a93a89
3639816789 38488 63898 f13587bc89fe4882c7c889302511ffd738d136129b9f5be4c492cb4948a93a89
3639817243 48482 46455 f13587bc89fe4882c7c889302511ffd738d136129b9f5be4c492cb4948a93a89
3639817247 13720 29224 f13587bc89fe4882c7c889302511ffd738d136129b9f5be4c492cb4948a93a89
3639817384 408 31546 f13587bc89fe4882c7c889302511ffd738d136129b9f5be4c492cb4948a93a89
3639817460 18568 15432 f13587bc89fe4882c7c889302511ffd738d136129b9f5be4c492cb4948a93a89
3639817623 42556 48041 f13587bc89fe4882c7c889302511ffd738d136129b9f5be4c492cb4948a93a89

Total of 0 tasks calculated error.
