Total of 100 tasks calculated correctly, accuracy 100.00% 
3785466149 5692 11859 f13587bc89fe4882c7c889302511ffd738d136129b9f5be4c492cb4948a93a89
3785466231 48913 22089 1dd83226c28a4010995970c5a41f17ef7e4e3a02dfa19b7053cd454d9437cbbe
3785466400 24565 31200 485fca9ed31f696980c4e271b3740181972d63e78e52242f7b5e9bedb45d9457
3785466595 34273 8766 163ef561dda13e855b80f44d8c37f95eb7f88bac9e1a1f988993732fe81666f6
3785467097 64636 8624 f13587bc89fe4882c7c889302511ffd738d136129b9f5be4c492cb4948a93a89
3785467496 6431 55555 2c62d4c0e664362a4373e99db9bdd9f0c5c3de22658152ae177a37c0e47ded3d
3785467635 24111 50733 d9a7e9b5d3e8ae91d68a5aa362fac5109e1b307b188b03085071fcff05863a9b
3785467832 61613 32831 56e179ab4da61adda3cbbfe1c32d8396a57e10a1864cbea8ff4aa8d6729d60e1
3785467842 17160 52100 f13587bc89fe4882c7c889302511ffd738d136129b9f5be4c492cb4948a93a89
3785467862 16324 20223 f13587bc89fe4882c7c889302511ffd738d136129b9f5be4c492cb4948a93a89
3785467974 53986 23637 f13587bc89fe4882c7c889302511ffd738d136129b9f5be4c492cb4948a93a89
3785468034 15544 33625 f13587bc89fe4882c7c889302511ffd738d136129b9f5be4c492cb4948a93a89
3785468695 17293 53408 250d87b199bad94021b068109784f56eb3dc124d4d39be596a7ec3e416a3d243
3785468699 46331 29906 85001059f67b8953ac9b3f3ee6d5995318c6b3362e4bf1221dba535c17e94379
3785468732 23296 41699 f13587bc89fe4882c7c889302511ffd738d136129b9f5be4c492cb4948a93a89
3785469134 310 39392 f13587bc89fe4882c7c889302511ffd738d136129b9f5be4c492cb4948a93a89
3785469630 29364 65535 f13587bc89fe4882c7c889302511ffd738d136129b9f5be4c492cb4948a93a89
3785469666 51043 41383 b98973fe464b039de726161cf82771e62c5df271038eb250ad48b490a078053d
3785469806 7353 56380 dca9ea8aea92dfc1609f375a1e07b82ece25ed1889ff7d56a35cf6d427d7c28a
3785469947 51806 48231 f13587bc89fe4882c7c889302511ffd738d136129b9f5be4c492cb4948a93a89
3785470010 31553 29767 2fdceff1c4bb259bcb439b16265297a361bf481bc7b38703b31992402c017d93
3785470170 32365 60063 5042e55449ab4b8ad94b7d75cfb0d15a9f4132171664c7157ca300bf0ee0e06e
3785470206 61850 24658 f13587bc89fe4882c7c889302511ffd738d136129b9f5be4c492cb4948a93a89
3785470522 34694 10431 f13587bc89fe4882c7c889302511ffd738d136129b9f5be4c492cb4948a93a89
3785471050 57717 8308 883db5c9d0a7d5ee20c67c0125e3a851f0346a0400d9453f6b886072b2ab9618
3785471201 17291 45254 18faa208bde63c498ca2d48df46de908def954e0bf0d7f8c6e90f5ad29189e5c
3785471444 17263 57076 5e3e78c66cba2b0f901174f1358e09f5fd1e92c469ff45dfb52d2cdba05499d1
3785471505 44106 11471 f13587bc89fe4882c7c889302511ffd738d136129b9f5be4c492cb4948a93a89
3785472019 21700 35410 f13587bc89fe4882c7c889302511ffd738d136129b9f5be4c492cb4948a93a89
3785472049 26297 30601 b6640485d3fa5082c708b348d7cfe34f2aa0cff8bcfd7e0ef081087a8e2c1b51
3785472394 32313 26760 3a37a728c5e565462343f45316798a6f0bddab67d01362e4cdda4536f89bf3f2
3785472708 63567 49048 f395649529f32be50d5d0fdf2a0b638c21837722a7f803e9c9960991628467f6
3785473075 50389 49360 43c55e192516bd6f22c72068db2864d05d314c681913b37b19b30ee2d5b65e74
3785473076 43144 62606 f13587bc89fe4882c7c889302511ffd738d136129b9f5be4c492cb4948a93a89
3785473139 53174 5873 f13587bc89fe4882c7c889302511ffd738d136129b9f5be4c492cb4948a93a89
3785473623 6507 29325 abf1cbb54560b6ea66974495cf13654cc5595b0da5cdbbbbe4a339cd0b46a7a9
3785473736 44241 3463 f550c79582020bcd9868febc7354d464afa921be0c2514aa791551d1fba81ede
3785475469 33021 42638 498545960d66a6f6528585855cb1014f60bf05d056734f27538b611ec6fbfd5b
3785476251 9002 63565 f13587bc89fe4882c7c889302511ffd738d136129b9f5be4c492cb4948a93a89
3785476437 29058 35013 f13587bc89fe4882c7c889302511ffd738d136129b9f5be4c492cb4948a93a89
3785476532 30958 16825 f13587bc89fe4882c7c889302511ffd738d136129b9f5be4c492cb4948a93a89
3785476638 56575 29776 ec0edf8cd5dc38052f5e68c11d1752c60c692899857fb204a012dc0a4d2d2f14
3785476663 36403 62171 253ac21bd7159d1c9b0a781b461aa254b49d4c5d186552565edde99c7ae8bd24
3785477371 25213 56172 1e9c51f7818340a28e8727fe3f8e7ad08f45304054a1d75e93a8b5a58991a9c0
3785477572 13038 49579 f13587bc89fe4882c7c889302511ffd738d136129b9f5be4c492cb4948a93a89
3785477646 22664 29394 f13587bc89fe4882c7c889302511ffd738d136129b9f5be4c492cb4948a93a89
3785478107 52168 39479 f13587bc89fe4882c7c889302511ffd738d136129b9f5be4c492cb4948a93a89
3785478197 48600 50024 f13587bc89fe4882c7c889302511ffd738d136129b9f5be4c492cb4948a93a89
3785478346 570 38332 f13587bc89fe4882c7c889302511ffd738d136129b9f5be4c492cb4948a93a89
3785478586 10589 8564 43c513f6fa94e63c55838bb1ce2587a1a1af0b17adcfa276d06d471366a33c30
3785478890 40918 15527 f13587bc89fe4882c7c889302511ffd738d136129b9f5be4c492cb4948a93a89
3785478926 65116 23037 f13587bc89fe4882c7c889302511ffd738d136129b9f5be4c492cb4948a93a89
3785479058 34470 16873 f13587bc89fe4882c7c889302511ffd738d136129b9f5be4c492cb4948a93a89
3785479221 42093 57509 92e259ba15b22e3fc356d92f65903506484df7e9cba27b59244d136281b5e6de
3785479326 38245 615 13bfaf08309a04ef36252dd278ee2be4301a9fe2b888472295bfb8b76301a50f
3785479498 42646 61882 f13587bc89fe4882c7c889302511ffd738d136129b9f5be4c492cb4948a93a89
3785479623 17902 32793 f13587bc89fe4882c7c889302511ffd738d136129b9f5be4c492cb4948a93a89
3785479977 47768 56201 f13587bc89fe4882c7c889302511ffd738d136129b9f5be4c492cb4948a93a89
3785480120 64107 22257 cde0038062ce7bb97e05026f1c9e0fdc8f5394b01d9a67be260c15e291f3dc21
3785480131 29261 11838 1ffee6e1b032818b661040c34349fbe92cb3137306b24053bf89a78ef93d3acc
3785480205 40095 36897 b1af21681faff4faeae2e1d89f85e22f9bad23211921dcc3e87dbc2e46ef45d3
3785480225 50405 4314 b0df661f6be99fdee4f94d155a676670484c0d78b2d6e543457bad19ad34e8be
3785480835 24466 10681 f13587bc89fe4882c7c889302511ffd738d136129b9f5be4c492cb4948a93a89
3785481212 5046 33170 f13587bc89fe4882c7c889302511ffd738d136129b9f5be4c492cb4948a93a89
3785481488 7600 64016 f13587bc89fe4882c7c889302511ffd738d136129b9f5be4c492cb4948a93a89
3785481523 49578 57659 f13587bc89fe4882c7c889302511ffd738d136129b9f5be4c492cb4948a93a89
3785481677 28310 31641 f13587bc89fe4882c7c889302511ffd738d136129b9f5be4c492cb4948a93a89
3785481930 7865 10839 b83b397bdb136cdcfb9558d5bac0e04f38b4c91858569c0957e0c323880f3fe8
3785481993 19484 5222 f13587bc89fe4882c7c889302511ffd738d136129b9f5be4c492cb4948a93a89
3785482059 29909 22726 996c3e34e00adb0d59cc4f8c53b89fd5f5a2d7a2083df50bd142688a64e43649
3785482155 43288 60307 f13587bc89fe4882c7c889302511ffd738d136129b9f5be4c492cb4948a93a89
3785425099 17718 7594 f13587bc89fe4882c7c889302511ffd738d136129b9f5be4c492cb4948a93a89
3785425104 7446 50796 f13587bc89fe4882c7c889302511ffd738d136129b9f5be4c492cb4948a93a89
3785425262 4243 30302 23501a26e100e98d5b3c2a03ab1fa54ea74bf8c9827d2de7887e19c809e25350
3785425486 15415 21207 b5f165cbfdc3a9acf129957f48ea378fdbdb68b1bc3db406e4b3ea7d37d5178e
3785425640 29057 49298 3b9c7a485104772153e8bf1dcced5494bc2cb63d34d8a1d8bc9230ddf4d21132
3785425972 24382 42434 f13587bc89fe4882c7c889302511ffd738d136129b9f5be4c492cb4948a93a89
3785426168 11049 34828 64b974329e8d1fd91274bcfda87789bcdf33201cccac5906aab0cc0deab614ff
3785426227 45516 27099 f13587bc89fe4882c7c889302511ffd738d136129b9f5be4c492cb4948a93a89
3785426244 38145 64645 f9407866c3ff9e71f2e6377ab65cdcbce49b256dda2f84126859f52fa7164026
3785426699 19281 1842 5a21b9c503508d4ddd5392758b2bec2cf08fb5a447d9aa04b4eb58b2f47e4e8c
3785426810 62381 13194 3c8cb11920f655357722b2787d8269c7cc96e072ebeccdfac99c0d9937671950
3785427571 30667 4392 ff7d564c4617c6123e789e9db452c8e4bfc0ef41dacede2c75933c3d48549f20
3785427962 41568 62157 f13587bc89fe4882c7c889302511ffd738d136129b9f5be4c492cb4948a93a89
3785428350 33575 24142 397662ff24297bfd5fb8ce2921b52c2d1c947841037523db3f4f1c084d4b9186
3785428840 64495 64094 e12c7dc829bf2cdab1f2aa8b2319d142b9b6715a8152a200dea0d501891bcc9b
3785482270 37555 61835 d29ba7fb5db76210976054726ae89beecfa1c0cd9654fa9f25b57ee4e6ff231a
3785482447 59009 8032 4fbf2ba75481d776039df7d920e691bc6db9982ff1a7c9b722fed0ec48b2462f
3785482551 61055 54137 562a8c1aa7007712dd9405e2102420ac760c8f7941726d1d67c218e0168b56c5
3785483132 13246 10416 f13587bc89fe4882c7c889302511ffd738d136129b9f5be4c492cb4948a93a89
3785483380 18937 1431 dfff4019f05ea333a28d34e159737813c98dc7a14417b75cdfeaa047ab9b097b
3785483636 45002 40518 f13587bc89fe4882c7c889302511ffd738d136129b9f5be4c492cb4948a93a89
3785483739 8472 7407 f13587bc89fe4882c7c889302511ffd738d136129b9f5be4c492cb4948a93a89
3785483926 27861 23498 d14024fb267e7aacf6552b979084c4230d873e6d89da017d290f590ace8cebcb
3785484094 18223 35753 fc652001bfce2b1ac558f9c03bb6b2b0b2e69cc50202961ac014a00a94b9e842
3785484669 20853 29450 0dcc76d1f5dd657a6a9a9e5994b60791f9bfd1ecda607b152c18a9f73ebeb0db
3785484763 19841 6436 4dec648ef71f24e0728a739474d87baf0ce3079b8ac9ce822563f8b7cd03977b
3785484810 30063 38317 9fa255ef24a2f0516e5090ea250983a389c3fe80af73b3a8a1fcc21d7644ad1c
3785484952 58595 21645 892925687de331fe18d8a82dc4db383251e3aae541e07f539abe1dc5a43d24ef
3785485601 28487 61865 1f4521626e2ab90ea48fa8b78cb767316768f4c2ced2002c6606124587e4dbba

Total of 0 tasks calculated error.
