Total of 100 tasks calculated correctly, accuracy 100.00% 
4076769307 22658 41743 f13587bc89fe4882c7c889302511ffd738d136129b9f5be4c492cb4948a93a89
4076769489 63280 34002 f13587bc89fe4882c7c889302511ffd738d136129b9f5be4c492cb4948a93a89
4076769497 63616 56908 f13587bc89fe4882c7c889302511ffd738d136129b9f5be4c492cb4948a93a89
4076769738 38943 55443 877ce0bfafdcbaf1238e2a0c6198f51a6fafe6bfeb6552078c8b76b4c65a5bb3
4076769901 38851 26843 055a062db34987dcb7751460c911fbc214e81af78d603e47d909d51870009a0e
4076770908 22391 63102 bb9c299b24911674cd9ec851c1cc9030eaa9fc38edf2b7b5c09e09075ae775d0
4076771033 12356 36144 f13587bc89fe4882c7c889302511ffd738d136129b9f5be4c492cb4948a93a89
4076771147 324 54981 f13587bc89fe4882c7c889302511ffd738d136129b9f5be4c492cb4948a93a89
4076771148 48281 65293 d461addb52a41fb96399f5a6747a087376b37e6f30c5e942b9408bb394e25ab6
4076771421 1908 53249 f13587bc89fe4882c7c889302511ffd738d136129b9f5be4c492cb4948a93a89
4076771439 50946 37406 f13587bc89fe4882c7c889302511ffd738d136129b9f5be4c492cb4948a93a89
4076771667 20545 1187 0a33a65ec9dfdb52d8ff655c7318faf624093120be5863ffe9d3ef8746dadfac
4076771715 38902 11348 f13587bc89fe4882c7c889302511ffd738d136129b9f5be4c492cb4948a93a89
4076771997 15134 37366 f13587bc89fe4882c7c889302511ffd738d136129b9f5be4c492cb4948a93a89
4076772348 24539 59603 1269d122e9c237726ade374eb589695458e53259ebd014dd3514d39bdd21ac4b
4076772395 55513 47528 ab27d9af526b0f26b7761f6d5a9b14de43f77a8e767a8c3882fe93507918ee68
4076772494 46703 19677 d2afea0d0f3e3856145fde8dbc137220babe6d1a5bb17cc2eb1cbd390f99cf9d
4076772643 43391 54411 d8d81f30d1e54b0e6c0cd3345c055550ade5ab044765370b4ceef2c181b974df
4076772763 63952 55086 f13587bc89fe4882c7c889302511ffd738d136129b9f5be4c492cb4948a93a89
4076772886 12218 55167 f13587bc89fe4882c7c889302511ffd738d136129b9f5be4c492cb4948a93a89
4076772947 53714 53898 f13587bc89fe4882c7c889302511ffd738d136129b9f5be4c492cb4948a93a89
4076773341 34440 29915 f13587bc89fe4882c7c889302511ffd738d136129b9f5be4c492cb4948a93a89
4076761631 10744 21848 f13587bc89fe4882c7c889302511ffd738d136129b9f5be4c492cb4948a93a89
4076761785 18853 51104 7a16eab9de11eb44afd3fca35859421706e0c1237cc0687228900c7c546ea1b7
4076761868 44894 1955 f13587bc89fe4882c7c889302511ffd738d136129b9f5be4c492cb4948a93a89
4076762009 39859 5550 3bb6ba30e217a1b5455918d31fe4da8e36abe4c02451b3f58b4c4758ff06b82f
4076762058 20203 15153 469adb34eaf6d911f1ce563bdeae4d1a9f4354fe8b19f11a5894877dda14d44a
4076762184 45346 48859 f13587bc89fe4882c7c889302511ffd738d136129b9f5be4c492cb4948a93a89
4076762230 63995 60737 f1c71c8d3bc6f099c5356102c335f4b3696d41d372c98d7796d5f7be260d99ab
4076762288 56205 43886 bf283b3e4c87aa7e39b48eeb6a62ee1693646abeb85f996bffb42114d88186d1
4076762390 5102 15108 f13587bc89fe4882c7c889302511ffd738d136129b9f5be4c492cb4948a93a89
4076762482 38416 42302 f13587bc89fe4882c7c889302511ffd738d136129b9f5be4c492cb4948a93a89
4076762651 30751 47999 c87d373e37ed3b8250ffc56f0efcea542fa8049f9cc70f48e4b48df4dff09999
4076762706 32702 16342 f13587bc89fe4882c7c889302511ffd738d136129b9f5be4c492cb4948a93a89
4076762990 35934 41144 f13587bc89fe4882c7c889302511ffd738d136129b9f5be4c492cb4948a93a89
4076763132 21988 60878 f13587bc89fe4882c7c889302511ffd738d136129b9f5be4c492cb4948a93a89
4076763334 49524 28570 f13587bc89fe4882c7c889302511ffd738d136129b9f5be4c492cb4948a93a89
4076763498 53054 60740 f13587bc89fe4882c7c889302511ffd738d136129b9f5be4c492cb4948a93a89
4076763715 47205 13338 a6e53ab44153917bffcddc29707cddd6faae3d9a04440152e0a51fe94ab692f1
4076763906 38055 36009 920bc0e5e73d7aff0dd4e4513cb0cb641b2b2a0ba0c843de99959375cddf95fb
4076763975 223 53471 90d33d871eca472bb4214fdc69e1b8f352b335881e43dd607d9cbf06f9056133
4076764430 57009 47218 4be6024df4c203f9d8728e69b33d11cbdbff62e05cdd47cfaa5cf3bcdae21c9e
4076764993 61877 64204 86a312ba8d4796e3ad1b635d3d36688c46720dfd44718ecf31cadd43e449431e
4076765132 63255 60189 e79a455acc26fe582898e47efe408a0722c5f615155b9f130e7abe9be0ee68d8
4076765274 43462 63891 f13587bc89fe4882c7c889302511ffd738d136129b9f5be4c492cb4948a93a89
4076765346 31321 27516 8bb2e4e65001fde8a8259453edb1612950f35e4f2455d574d62eaa3e16038011
4076765360 7138 56751 f13587bc89fe4882c7c889302511ffd738d136129b9f5be4c492cb4948a93a89
4076765368 41920 14272 f13587bc89fe4882c7c889302511ffd738d136129b9f5be4c492cb4948a93a89
4076765489 5681 64189 0d18c3d8201a005b30863c6f4a6fbb8b391932ab2363f215f50da54f3b4949ee
4076765727 15718 63012 f13587bc89fe4882c7c889302511ffd738d136129b9f5be4c492cb4948a93a89
4076765920 4684 48952 f13587bc89fe4882c7c889302511ffd738d136129b9f5be4c492cb4948a93a89
4076766000 47061 41960 1007356660294cbe871b677c2f4a4c798457baf170241c9aef8c53ac40d9be4c
4076766014 11976 26571 f13587bc89fe4882c7c889302511ffd738d136129b9f5be4c492cb4948a93a89
4076766122 39367 50029 db712e2d20dfc557a23218d7864f0da03f56536ddf87a9048807df207203298d
4076766194 14785 61196 6fdd0412682f7b459bdeddd4e4f86680180b9aa94d231beae2456915f7f2ddfd
4076766476 1553 27075 8d2febfc19661f159e4b47157a31a6492c5b64c5d643d62b9854aab64b658b92
4076766636 20096 35275 f13587bc89fe4882c7c889302511ffd738d136129b9f5be4c492cb4948a93a89
4076766746 40398 32968 f13587bc89fe4882c7c889302511ffd738d136129b9f5be4c492cb4948a93a89
4076766751 1410 35563 f13587bc89fe4882c7c889302511ffd738d136129b9f5be4c492cb4948a93a89
4076767566 57815 9994 72c1cde771858a12c194d6ad210df3e995eed7c054806befcfc367f847ae9818
4076767633 31143 5636 930d8d3cf947e6f206558385ce39c1d30cfebc21065a23868bafd51c91cff14e
4076768000 33873 61614 24016a1b519be755b8c6f49b9cac0c727cba204a67e20cdaaf07fa19b75495cd
4076768008 15102 19424 f13587bc89fe4882c7c889302511ffd738d136129b9f5be4c492cb4948a93a89
4076768126 5638 22210 f13587bc89fe4882c7c889302511ffd738d136129b9f5be4c492cb4948a93a89
4076768291 36244 10137 f13587bc89fe4882c7c889302511ffd738d136129b9f5be4c492cb4948a93a89
4076768484 33964 2040 f13587bc89fe4882c7c889302511ffd738d136129b9f5be4c492cb4948a93a89
4076768510 54552 30773 f13587bc89fe4882c7c889302511ffd738d136129b9f5be4c492cb4948a93a89
4076768689 31881 49842 dc63664164b2f0215d22ec7a5291ee2897b520636321a211e3640e79947ae97a
4076768836 10021 5848 0c55bd3bdb1c1846b6784f1e2d945ddd30d6eb4fd25592d233d14399d9a4e0f0
4076768885 34089 23137 e2477ea77c07fc77be331b26655bc38bca517f2f4ccd157d32d6bdbed41daab1
4076768928 49732 64373 f13587bc89fe4882c7c889302511ffd738d136129b9f5be4c492cb4948a93a89
4076768929 41387 59365 12e691cb9e6a2744cc6e4b09154054db22df530937b38df26d5fafe9112f3225
4076769247 50881 60406 16ad6c7c681f76cdb2dfd7b1f73c4a3e95bb8d0a6cc356ef2444bf487c853a90
4076773389 18901 43041 6f1f368dd8597b54af6cc627baaf1b475ddcfffae4d3425a958a886969459ed0
4076773616 24980 64348 f13587bc89fe4882c7c889302511ffd738d136129b9f5be4c492cb4948a93a89
4076773799 34844 895 f13587bc89fe4882c7c889302511ffd738d136129b9f5be4c492cb4948a93a89
4076773839 98 43446 f13587bc89fe4882c7c889302511ffd738d136129b9f5be4c492cb4948a93a89
4076773996 51379 39571 4fae3d0656f05e0fa60abc8ae4cbeb47165deb6248aec8546eae8630f66b67c5
4076774001 15593 4570 6d42e0974e5c3181e6186ecfe52ef328ffef7ad68768e5e84e310e4acc081fa9
4076774037 14353 40302 1b4b6284f96369e07d155d8b6013fde542cf5c0abf54834ef3b9a1fda5903512
4076774039 52638 41226 f13587bc89fe4882c7c889302511ffd738d136129b9f5be4c492cb4948a93a89
4076774488 54233 60887 5da8796b63cf9abc3759b3dcb4d7f1c770f5588800cbfe1b814ed0237ecf6a9f
4076774513 19460 25903 f13587bc89fe4882c7c889302511ffd738d136129b9f5be4c492cb4948a93a89
4076774585 56763 26492 9a3132c9453484482420b2abe6b9f2ca9ba1af564e9d82d40b27cf3fb992bb3c
4076774904 29825 34934 c5e1a8fbdf3fed0680e8f6db214d1d68fc5b077b79f740cf826206365c139213
4076775126 8346 22461 f13587bc89fe4882c7c889302511ffd738d136129b9f5be4c492cb4948a93a89
4076775525 6202 55858 f13587bc89fe4882c7c889302511ffd738d136129b9f5be4c492cb4948a93a89
4076776082 60670 26138 f13587bc89fe4882c7c889302511ffd738d136129b9f5be4c492cb4948a93a89
4076776192 11170 24224 f13587bc89fe4882c7c889302511ffd738d136129b9f5be4c492cb4948a93a89
4076776682 17577 41531 c652661ef400ba610fcc8a3abad81392d2f742f2e3f88a53e76af47f581323a0
4076777025 38045 62576 4ad0deba8719052aba127e6a3a8e359e429832962b94cc4808ba641903e1404f
4076777144 18262 37797 f13587bc89fe4882c7c889302511ffd738d136129b9f5be4c492cb4948a93a89
4076777285 59821 56263 7417da22162744594ba4535a923b2fab5d173b57bb03cd75670cc93e7bdca138
4076777833 25961 61147 9819218bb0f7309d267e1b786620eaf63f8ffc6b6d3669d19f9c2da996949df6
4076777887 17083 19348 4db9e61ecb269b42be469fd1fd14ff2017ec9d59214fb8ca7a24e0daaf3dbcf8
4076777930 58956 9837 f13587bc89fe4882c7c889302511ffd738d136129b9f5be4c492cb4948a93a89
4076778251 54621 29518 c01b837f9aee31e8fd75bdef72b06e9567b205deb6efeb4d8036cf9324373fa3
4076778485 25669 27524 c0b8009e47f5ab97139fefdf2c510f627f16b27c933c01d2379d44abf77e6431
4076778569 4141 19605 8f2e0e0b813b6b138c352f4aa85febc1e09cf13287d55f5567a5a07f1a67cd12
4076778653 55467 43632 9f1bf4d40d5120d1dc3d84bd7aca4c073fda53f2b2c18fd432368f4228a7d4a6

Total of 0 tasks calculated error.
