Total of 100 tasks calculated correctly, accuracy 100.00% 
290889838 13442 5652 f13587bc89fe4882c7c889302511ffd738d136129b9f5be4c492cb4948a93a89
290889879 52959 54616 4a7082185b23f0e510b4372df8a9ff913172d5dbef06c5ec7707dd6f41716f62
290889940 38455 50721 dc68b0b3096756202a343717b864a4ebaac83c1fcde8ce8e68916ee0c5fe3c0c
290890443 24552 32441 f13587bc89fe4882c7c889302511ffd738d136129b9f5be4c492cb4948a93a89
290890485 40876 12717 f13587bc89fe4882c7c889302511ffd738d136129b9f5be4c492cb4948a93a89
290890588 10187 39700 a687d1c53f47cae47c5d3166d019bcf96754ed68c7d924809993824f6e522fe4
290890635 47511 55510 e65771e2587b5f0e64a6639a2ec3cef62ee731450a702aa65c316d5c56dbb470
290890673 37688 54048 f13587bc89fe4882c7c889302511ffd738d136129b9f5be4c492cb4948a93a89
290890891 16490 13794 f13587bc89fe4882c7c889302511ffd738d136129b9f5be4c492cb4948a93a89
290890966 29391 805 51937d9f9e94eff2fd022917585cf94a73f99f5c38d67460a5408e1560de8254
290891164 19577 3942 dfa3fddbf6c6345a3d256217d9cf10f22ecfd1f426ada1a344e0dc6b9f04969c
290891256 35643 44732 59eaf3ce284a23e3dcc991be9b1b030480fa4ee02c9a34a9babfd393d86f4a34
290891307 15604 30097 f13587bc89fe4882c7c889302511ffd738d136129b9f5be4c492cb4948a93a89
290891452 63254 51736 f13587bc89fe4882c7c889302511ffd738d136129b9f5be4c492cb4948a93a89
290891498 59688 37541 f13587bc89fe4882c7c889302511ffd738d136129b9f5be4c492cb4948a93a89
290891636 29558 21302 f13587bc89fe4882c7c889302511ffd738d136129b9f5be4c492cb4948a93a89
290891766 47314 39777 f13587bc89fe4882c7c889302511ffd738d136129b9f5be4c492cb4948a93a89
290891848 14069 10781 14be15a3ccb73ea9ce2f2d1b051cfb1af3dd6758acbc8b9b227656c0c437e87a
290892422 51218 24796 f13587bc89fe4882c7c889302511ffd738d136129b9f5be4c492cb4948a93a89
290892533 5714 45876 f13587bc89fe4882c7c889302511ffd738d136129b9f5be4c492cb4948a93a89
290892563 19516 8937 f13587bc89fe4882c7c889302511ffd738d136129b9f5be4c492cb4948a93a89
290892923 62992 44342 f13587bc89fe4882c7c889302511ffd738d136129b9f5be4c492cb4948a93a89
290893034 61453 18345 7a0a052085121f9dc9f83e8803af64af418a1ad475d509fc689a3fd2ba01c215
290893086 1950 61834 f13587bc89fe4882c7c889302511ffd738d136129b9f5be4c492cb4948a93a89
290893160 55250 23474 f13587bc89fe4882c7c889302511ffd738d136129b9f5be4c492cb4948a93a89
290893167 35552 24158 f13587bc89fe4882c7c889302511ffd738d136129b9f5be4c492cb4948a93a89
290893335 23562 17853 f13587bc89fe4882c7c889302511ffd738d136129b9f5be4c492cb4948a93a89
290893395 5716 36845 f13587bc89fe4882c7c889302511ffd738d136129b9f5be4c492cb4948a93a89
290893460 65426 53540 f13587bc89fe4882c7c889302511ffd738d136129b9f5be4c492cb4948a93a89
290893597 60173 3418 1148cea3be1ce1e0f1675b67c5296453196d54afb38d5db8762551058f0c0dc7
290898077 50981 12658 444ada953ef7766e0f6ef2dc4a65680b860670d7d84584089e269dfd01606ab8
290898083 60095 63307 2c357bf8f39ff022cceb868b0d51cdec630b6abfc86866a8e579aa11c508d9dc
290898193 6135 44980 9345a6dda1a114114a64b839c476913ceefd8963aad203ec2811d30f3076e195
290898907 54705 40436 5126b06d07b2c942d3729049b31b79265824748341a3a1d7d23ed90a05220015
290899094 36057 47529 c83b8755de61412b4eca80fe14f320906569c2aab25c9c159ef1aba7ae2c93a5
290899186 54749 17147 ef7b88a64c11358e7cc729bfc6536ab1f794895b2db3a3d4232466c7dd75e4e3
290899192 61466 57540 f13587bc89fe4882c7c889302511ffd738d136129b9f5be4c492cb4948a93a89
290899509 55235 27194 2cf588b8df24554ee40164025c2ee9ec6c0209fca179f31394643da6332a7957
290899566 12548 8533 f13587bc89fe4882c7c889302511ffd738d136129b9f5be4c492cb4948a93a89
290899683 30682 58878 f13587bc89fe4882c7c889302511ffd738d136129b9f5be4c492cb4948a93a89
290899839 9313 8630 e947e6f3599a22870cc1dadbb217c26f4897f4a5228e86caa623c635cc203787
290899894 41746 44670 f13587bc89fe4882c7c889302511ffd738d136129b9f5be4c492cb4948a93a89
290899961 63964 15690 f13587bc89fe4882c7c889302511ffd738d136129b9f5be4c492cb4948a93a89
290900161 13726 39564 f13587bc89fe4882c7c889302511ffd738d136129b9f5be4c492cb4948a93a89
290900478 9684 8054 f13587bc89fe4882c7c889302511ffd738d136129b9f5be4c492cb4948a93a89
290900520 61400 65048 f13587bc89fe4882c7c889302511ffd738d136129b9f5be4c492cb4948a93a89
290900731 25903 22705 3bed17100aa73b6e2911bb6fc466d0949dcec1f587c60c9c10cf6a50ef863748
290900985 57121 25029 9a8b54fca0da2ed8de333db29c579bd86942b42f00f477a9abed38578484220c
290900988 23266 18354 f13587bc89fe4882c7c889302511ffd738d136129b9f5be4c492cb4948a93a89
290901315 45699 44776 985aa7d4a4bce0b370c63bed965dceb8736adacb466dfd05c004442f41af2879
290901345 31758 50888 f13587bc89fe4882c7c889302511ffd738d136129b9f5be4c492cb4948a93a89
290901630 21489 23295 21e82ae7dc27f10e7dc2bed3e47c8660f5e2baeb4c2fd326c7a9aef267db16c8
290901720 4836 55048 f13587bc89fe4882c7c889302511ffd738d136129b9f5be4c492cb4948a93a89
290901722 38761 38812 73da0817c7238a1825d3f80d7c06fe08d971c3abdc04eebe3c4513939e843128
290901775 4776 18717 f13587bc89fe4882c7c889302511ffd738d136129b9f5be4c492cb4948a93a89
290901781 52144 25440 f13587bc89fe4882c7c889302511ffd738d136129b9f5be4c492cb4948a93a89
290906177 61766 21113 f13587bc89fe4882c7c889302511ffd738d136129b9f5be4c492cb4948a93a89
290906444 64774 13802 f13587bc89fe4882c7c889302511ffd738d136129b9f5be4c492cb4948a93a89
290906810 31434 9454 f13587bc89fe4882c7c889302511ffd738d136129b9f5be4c492cb4948a93a89
290907006 59325 20008 ceff430fcd6011dba8ed327d495ce8a6ffa32bd48610a76cf7f11991bda780fc
290907134 56708 24819 f13587bc89fe4882c7c889302511ffd738d136129b9f5be4c492cb4948a93a89
290907460 35099 50079 57d4e04fbf5ca585935691481b54cb415c295aafd8c0aca9fae2140bf4b1afa8
290907832 46209 64035 c0e4363b8f0602839693fd9dd88a7de78fc06115ac4c72b09eca15db6169050d
290908079 43121 47788 3c9fd3c73d892f795ad08334d4d876d89cd65dd483da1fc60dd8d2d595b3ba64
290908169 64825 55080 7d9c955eeab3be6be355c054ed000393b9a67f8ecd4920d32f77db280d886045
290908222 27009 49779 24b1c49b73e893d2ad5522daa09605bfcebf596ba520e1bdd1e968b9a94e938c
290908436 35724 261 f13587bc89fe4882c7c889302511ffd738d136129b9f5be4c492cb4948a93a89
290908474 7105 39448 f95f9c7e72a12282252a191d106a8b2dfc2a217974b2b0df049fadc49ff1cf99
290908688 58442 63085 f13587bc89fe4882c7c889302511ffd738d136129b9f5be4c492cb4948a93a89
290908962 2705 12188 b69778241d417dbe2d4c58cea918e4b13c4440550c46b8788c82221f2705f339
290908997 25685 30346 8e19264a1a785f7332939ac4a5b80781cf6574d7841df389ce418989c2a1d679
290909383 34017 40073 ca6a297149a96e88ffb85bc6255d3343271119fe74900aa127cad5e911d9f42b
290909533 18990 52545 f13587bc89fe4882c7c889302511ffd738d136129b9f5be4c492cb4948a93a89
290910128 50642 30838 f13587bc89fe4882c7c889302511ffd738d136129b9f5be4c492cb4948a93a89
290910273 51316 63052 f13587bc89fe4882c7c889302511ffd738d136129b9f5be4c492cb4948a93a89
290910284 37046 56507 f13587bc89fe4882c7c889302511ffd738d136129b9f5be4c492cb4948a93a89
290910646 5008 43199 f13587bc89fe4882c7c889302511ffd738d136129b9f5be4c492cb4948a93a89
290910776 59563 57072 9b8c05d68c3850eba9de1d129f4db35cfddf3bf8dd304296400594892bde9941
290911859 18090 40207 f13587bc89fe4882c7c889302511ffd738d136129b9f5be4c492cb4948a93a89
290912029 11273 47750 7c3bceb467822231b5ee30de2604878f295add13d561691fb33ef87bf6dfa175
290912040 18260 48469 f13587bc89fe4882c7c889302511ffd738d136129b9f5be4c492cb4948a93a89
290912127 50925 8836 358167581b4df1c4e1bddca7bafd6ed1f00e0fd1458c3593fb6e8afa563ff4c3
290912178 6893 33513 346bec76aa492202bbe6b8ccc6f3fc98200abeb7d57a89184ebbd7fabf4b4ac4
290912581 62185 32217 d7f319a1c20b5d7336578ac6d5d535f9f2ffecaf65871ae704db08d46c02e6af
290912760 32276 31744 f13587bc89fe4882c7c889302511ffd738d136129b9f5be4c492cb4948a93a89
290912874 1796 59489 f13587bc89fe4882c7c889302511ffd738d136129b9f5be4c492cb4948a93a89
290913134 59365 61492 b711405b82f3702382c048a409bd9a75d0f0aceebbceca00adf1d9e790582e98
290913147 15092 43114 f13587bc89fe4882c7c889302511ffd738d136129b9f5be4c492cb4948a93a89
290913169 40804 12125 f13587bc89fe4882c7c889302511ffd738d136129b9f5be4c492cb4948a93a89
290913264 58741 3668 05a673dffc61c93f203b7a309e614379a4fd52690e9a0d3834a47a06fa282aea
290913484 19623 59247 e177d92e7c6ecb8c04d5abbb9e7ca03c109dddcf34e237587aa60ef42cfb7337
290913487 43349 1478 7383640a65e205019dfa79dd946015abf2b7d2f71ce686412e26593a05a63287
290913726 37139 21574 61208a224828e86376ef78cb24acb1bde36fb2377c6c38a28a16ffc10f0dafe6
290913899 641 25306 840a841b8fc3f5a9a7ad48cf8c6d0f741f0784b13bfb4aefa91497293dd7cfe1
290913951 54715 40127 4308959724112a40dffea07268dbbf85c2250a59d141944c4807500e1d2639a0
290914072 13121 58037 31c2a8abb3cd5ff330055257603b91fb8472e406b592c47d7342cebfcd214834
290914278 40265 23879 f59a7b2601493a8278edda07dc425cead1a0777e0ebf90d195160b24d04ef005
290914709 13695 60113 dbf619035c704103c97c2752c5614d40a77f5ae3068828f508a6eec76e829c90
290915250 29750 20978 f13587bc89fe4882c7c889302511ffd738d136129b9f5be4c492cb4948a93a89
290915308 46100 36547 f13587bc89fe4882c7c889302511ffd738d136129b9f5be4c492cb4948a93a89

Total of 0 tasks calculated error.
