Total of 100 tasks calculated correctly, accuracy 100.00% 
4805067192 40608 47779 f13587bc89fe4882c7c889302511ffd738d136129b9f5be4c492cb4948a93a89
4805067271 4560 15057 f13587bc89fe4882c7c889302511ffd738d136129b9f5be4c492cb4948a93a89
4805067658 23089 65193 f9c94d8df903c3e7ed42a1910ca499697e9d090dfa008ca3aff73cc2628b8590
4805067687 39105 57469 135356c58bca4367779fbe789098d0e01b328f1416e41c7b3169a9c6dbb99b69
4805067775 41738 7626 f13587bc89fe4882c7c889302511ffd738d136129b9f5be4c492cb4948a93a89
4805068171 43861 23853 53c35c6d140753e76a91be033283946398358bd9f4bad3eba674ac4ecbb69a7c
4805068371 1983 46609 5819243f171e31b578e4116b063c7a3b967c05bb02a0a83863beabaa06947b67
4805068404 6949 45623 9ea3960176321f013917b20e998bcd350777c5cccc8fc9186032a4df6eff2ca7
4805068425 63217 47591 ddc01df2b37574ff8d3d50edb23488d2baf9e910248e4dd0fc618457541164f7
4805068605 5804 254 f13587bc89fe4882c7c889302511ffd738d136129b9f5be4c492cb4948a93a89
4805069050 64486 60044 f13587bc89fe4882c7c889302511ffd738d136129b9f5be4c492cb4948a93a89
4805069163 51235 57997 81fabdaa92bce50bb4f75580524886f58f51cfdcd551d2b46a30153b53af8340
4805070054 29898 41838 f13587bc89fe4882c7c889302511ffd738d136129b9f5be4c492cb4948a93a89
4805070086 24691 20471 d08a1d9df21cfbe62e1900c1cf5184e96c6deaf1ed3aff17516e062a52ef2075
4805070389 32081 61454 61b88e05d759f9354f897659ff425c26293f80d9bf7b46e479eedc7905d0555f
4805070828 43846 33143 f13587bc89fe4882c7c889302511ffd738d136129b9f5be4c492cb4948a93a89
4805046422 29703 45932 068037e898dcc2e8ecb58110454e7c418e343300208f44dbfab139330bfe9c5c
4805046454 496 40201 f13587bc89fe4882c7c889302511ffd738d136129b9f5be4c492cb4948a93a89
4805046892 52709 65177 84b918241f5aab7f90ef4a62099db191a7d23b6a7e72912719e4fc1a653b056b
4805047001 25312 23919 f13587bc89fe4882c7c889302511ffd738d136129b9f5be4c492cb4948a93a89
4805047123 64363 43484 edc92f3ce50e563e055d6d8be968d92ea00b717bfe5ea9328d0d9f88e174399c
4805047486 57815 17223 57b1a30238aadeb53226fd47507603fee2719e3fd7123ffbd0820d45092daf48
4805047731 15975 34786 40d55e5544e370f9a4b3a36974142c2733e2bbf957e747f810afb1f72790b6c9
4805047905 62915 13266 ac79e363b762949320fdfdffefaaef279af91a8ca8f2904ecee32fac242d08c6
4805048081 60513 42610 f8bbf54b355f119888290f55fefe89863c516bf419ed216d969e1eb9a695d9e2
4805048530 43921 30375 515346dca82ae14cb274564d3b275a0fa484c9562ab162b58d3ac6a9bfbc0122
4805048730 19466 6570 f13587bc89fe4882c7c889302511ffd738d136129b9f5be4c492cb4948a93a89
4805049186 36442 58541 f13587bc89fe4882c7c889302511ffd738d136129b9f5be4c492cb4948a93a89
4805049534 18574 35170 f13587bc89fe4882c7c889302511ffd738d136129b9f5be4c492cb4948a93a89
4805049837 9436 35706 f13587bc89fe4882c7c889302511ffd738d136129b9f5be4c492cb4948a93a89
4805050061 8545 34364 9ffa0add43fc8c349c9152a0a6872bba6ccfddd5bce97489fd791a3adafa956f
4805050135 60618 38584 f13587bc89fe4882c7c889302511ffd738d136129b9f5be4c492cb4948a93a89
4805070857 18397 54805 d43da51a656901dfb888913ede08f3d970a69edfccab283941bcb0b67c02a9b9
4805070907 37409 28002 f2f53f92c3004d0b2c2a23c458181de72aaad2f154c789773575b46a83d0cf19
4805071503 42131 3040 74e67841b0bbe6f076d58d6ce258f9a587b9783f1508aa1e9efcf6519ff3411f
4805071548 57713 58935 16f21c6ff87b0e5d56c1f3cbf79203c0b0c24332c39eaf33f73481d7153daa7c
4805071607 46734 23151 f13587bc89fe4882c7c889302511ffd738d136129b9f5be4c492cb4948a93a89
4805071673 47253 62193 04537b7bd775e6427f4691f946fd46e35b3b40ed116c810d7ce8d15119bdd1ae
4805071747 21687 61800 b77188804065dec3028be18efbf2ecce2ae6476c7af1319a697bfbcc391b4361
4805071809 22118 4755 f13587bc89fe4882c7c889302511ffd738d136129b9f5be4c492cb4948a93a89
4805071907 37735 32449 f4a53d2a6bbcc4ddbb7c40523d3d60075d663b8bdadca3f70a113f3b7d9eca21
4805072324 28609 55648 bb2350b3db1ea3059c661d3c230616d640bb5611c3e9d9b7cde1f3a07a432bef
4805072426 17344 52719 f13587bc89fe4882c7c889302511ffd738d136129b9f5be4c492cb4948a93a89
4805072511 43465 1606 b1a4d929d800c3b6faf4828a205940ef809ec7a86d1b0a72578da4920085586c
4805072737 18258 49953 f13587bc89fe4882c7c889302511ffd738d136129b9f5be4c492cb4948a93a89
4805072786 922 40650 f13587bc89fe4882c7c889302511ffd738d136129b9f5be4c492cb4948a93a89
4805072824 11287 28434 e432411dd24e40ab4a4e977705ee3c6b90c8fc849efc478e338711d9f9f20bd8
4805072840 23129 59926 26f554b057e7de094c0ef741d43c0c0db78608fe907ba1561ad7c918d0b4c2ab
4805073115 3025 13788 d61cfc0dddceac546660d92d016ca78a9967a3a2281ac1441a9f30396a078f2a
4805073193 41828 62475 f13587bc89fe4882c7c889302511ffd738d136129b9f5be4c492cb4948a93a89
4805073229 4617 9083 7b90e757b1bd7b243beff98995b23bf6f4654a522e6f6618bae97e32fb26835f
4805073701 11840 29056 f13587bc89fe4882c7c889302511ffd738d136129b9f5be4c492cb4948a93a89
4805073791 52531 18807 e90c4edb4c072b01ffa30f1fb21b2faecb98a4afa661b45be706caf2db0af82e
4805074008 6170 36703 f13587bc89fe4882c7c889302511ffd738d136129b9f5be4c492cb4948a93a89
4805074109 25566 14983 f13587bc89fe4882c7c889302511ffd738d136129b9f5be4c492cb4948a93a89
4805074192 50589 62947 ace8cbe2d1f13ec462688b55bc8f8ecdaac5871b067bbcdeae37b71fe973dc8f
4805074343 25266 63896 f13587bc89fe4882c7c889302511ffd738d136129b9f5be4c492cb4948a93a89
4805074369 5911 51819 cc017ad97875ee0dc619b41868c1e958cd7d1a8ca33b6c983a987b3d3b13444e
4805074458 31297 26066 6cdc990e7766c09dc2396fcd7fdf532ebe0d1023f111fcd0a8293172a165a625
4805074516 3769 56789 ad7b8f17046b18b4116524b8f20275bb7a96c9bb53951242d446a0f110dfb051
4805074560 18501 1329 5885b991577266e4d163bc76aee720de219ce4814e65cf744796ca652c702281
4805074679 6821 48964 6fe91a8203c5857c78e2d0f2d706bad7e23f03bb4dbd9f94c12b2ee3a72d28de
4805091371 9306 901 f13587bc89fe4882c7c889302511ffd738d136129b9f5be4c492cb4948a93a89
4805091476 39553 26044 980063c81373974c3c02d94dec5925cdd0f8f28e64640bfdb4eb8d82a8510c7a
4805091582 33364 18561 f13587bc89fe4882c7c889302511ffd738d136129b9f5be4c492cb4948a93a89
4805091648 54433 64701 404b81c8b319e188e838cc6ad8a67f96d57e7082bd109d8ae57de79771c32927
4805091831 11767 18723 c6f0c5f6252d92f27ef8182a322c7e7a8accc149b8248a65179b84f2b94b8ce6
4805091958 31251 15594 3089519aa5b96d2f85b612559e85c25cc79648bfa40dab7d7739e59e9de0f268
4805092017 5192 50767 f13587bc89fe4882c7c889302511ffd738d136129b9f5be4c492cb4948a93a89
4805092470 11816 48623 f13587bc89fe4882c7c889302511ffd738d136129b9f5be4c492cb4948a93a89
4805092566 3368 38485 f13587bc89fe4882c7c889302511ffd738d136129b9f5be4c492cb4948a93a89
4805092660 22699 21245 1c3c24cbbe3aefd53c09668d15b4fa092663119a120d266ac8d6ba77915758d3
4805092715 18496 39928 f13587bc89fe4882c7c889302511ffd738d136129b9f5be4c492cb4948a93a89
4805092777 34494 22939 f13587bc89fe4882c7c889302511ffd738d136129b9f5be4c492cb4948a93a89
4805092839 62930 19526 f13587bc89fe4882c7c889302511ffd738d136129b9f5be4c492cb4948a93a89
4805092867 57518 39768 f13587bc89fe4882c7c889302511ffd738d136129b9f5be4c492cb4948a93a89
4805092884 54337 4340 2bf8fb641310fb59b893e83f2bd36e7de5d105d937aa707114a5c09819a9cd18
4805092965 1620 58229 f13587bc89fe4882c7c889302511ffd738d136129b9f5be4c492cb4948a93a89
4805093112 26109 40689 0d8446db5e3c5e82a00da4a08a11f76a2aef343b377f3a5fbc4b9f1f858f5c78
4805093455 60688 18044 f13587bc89fe4882c7c889302511ffd738d136129b9f5be4c492cb4948a93a89
4805093771 62702 7106 f13587bc89fe4882c7c889302511ffd738d136129b9f5be4c492cb4948a93a89
4805093838 26513 23991 6d4e13ac43a6bd11882b1685ed30cbf9972bd5b7750122760db88e19e666716e
4805094192 63622 36080 f13587bc89fe4882c7c889302511ffd738d136129b9f5be4c492cb4948a93a89
4805094268 4631 9367 f6ec1547eb1f7f83568909880dd061471afb6e87818e6b6a67a823b8894e6f37
4805094296 11601 4176 63c086ee16fda32a33a13ff437f4d7a48b30563cb32359832bcbc1234000ed16
4805094667 25555 51985 3652e04d0e304367ddc4b26a6e1aa135d85e90d6234d73f8462e38870a9c04c7
4805095096 25858 9092 f13587bc89fe4882c7c889302511ffd738d136129b9f5be4c492cb4948a93a89
4805079224 5109 46373 90d2b8ef33dce9a3fd66dd7bfe373c8c78884a39497b3d780b14273086ed06b7
4805080144 18860 65111 f13587bc89fe4882c7c889302511ffd738d136129b9f5be4c492cb4948a93a89
4805080157 14059 3876 9f4e266ccd8cb76249b2072bb710325ac8c255646e51cc24c5ac05224eb9a97d
4805080417 51004 19628 f13587bc89fe4882c7c889302511ffd738d136129b9f5be4c492cb4948a93a89
4805080485 18981 23190 77349db4b82d24a0758bd8d9bef50ba581be3737eac42a443750b58cd2507ad9
4805080801 37550 26891 f13587bc89fe4882c7c889302511ffd738d136129b9f5be4c492cb4948a93a89
4805080824 46960 1333 f13587bc89fe4882c7c889302511ffd738d136129b9f5be4c492cb4948a93a89
4805080913 58723 8366 d3e7183e727d59378a8121b48d69eeb07128a90c75165d3d4b3e167127d60a36
4805080969 6843 10010 bbec30fca49aa76c6394d59508ca35dfddbb66ba845dacf8c9aae9be3913424c
4805080995 10571 8326 ca74e78322438c8f49dac0ed87a95fc0b2cbf4e87f38cee79455c7c1a3a61009
4805081113 32832 41686 f13587bc89fe4882c7c889302511ffd738d136129b9f5be4c492cb4948a93a89
4805081283 5600 40966 f13587bc89fe4882c7c889302511ffd738d136129b9f5be4c492cb4948a93a89
4805081542 5344 64195 f13587bc89fe4882c7c889302511ffd738d136129b9f5be4c492cb4948a93a89

Total of 0 tasks calculated error.
