Total of 100 tasks calculated correctly, accuracy 100.00% 
4950802851 49172 38687 f13587bc89fe4882c7c889302511ffd738d136129b9f5be4c492cb4948a93a89
4950802855 10182 29583 f13587bc89fe4882c7c889302511ffd738d136129b9f5be4c492cb4948a93a89
4950803026 47264 8200 f13587bc89fe4882c7c889302511ffd738d136129b9f5be4c492cb4948a93a89
4950803070 35974 31083 f13587bc89fe4882c7c889302511ffd738d136129b9f5be4c492cb4948a93a89
4950803164 5427 25283 7beede0722498ff2af1d55cc24bc8314e9b58cf43feff6f7a47507975d8efcde
4950803837 41088 52380 f13587bc89fe4882c7c889302511ffd738d136129b9f5be4c492cb4948a93a89
4950803893 8571 41145 e529b18b3ecb04ec0d7175be013635c14f8a59b8e6a29e17538c6bd9b767e0d1
4950804203 1803 24163 5d89daff1d08a2545dec3275f33e68d3077113c9aca8e02d50d9ec71cb2f2d22
4950805023 30354 58461 f13587bc89fe4882c7c889302511ffd738d136129b9f5be4c492cb4948a93a89
4950805032 2014 48778 f13587bc89fe4882c7c889302511ffd738d136129b9f5be4c492cb4948a93a89
4950805034 31683 11011 14b61ce91a04901ae02139d096b372d575436fcf27cf1868f3dcd6401721b3ab
4950805275 21106 32015 f13587bc89fe4882c7c889302511ffd738d136129b9f5be4c492cb4948a93a89
4950805484 6975 61309 3d0aee7a7394d3be9682a2e302dbf008cc6f2749e0e0c43db6ff22f2a6219b52
4950805754 29693 38885 5104fef2e5466472761b3d6b24f657868b943dabb5a8859670b6e6326db0c901
4950806202 28345 40673 cebac62cc9477f5945fe5a22ff3259dde484bfd789f464d8c7794d3fb80f8bc3
4950806266 2968 20469 f13587bc89fe4882c7c889302511ffd738d136129b9f5be4c492cb4948a93a89
4950806357 41836 3417 f13587bc89fe4882c7c889302511ffd738d136129b9f5be4c492cb4948a93a89
4950806450 47911 4350 e966a90e5d6380c9b7308081155c079e563dd8f6165f8686fafb05b1701fb236
4950794442 1871 11921 bc2330a5bc9cf03690047b0d4f2a3d1c2ffa421f9dc32156e2c6cb92ea240256
4950794462 65395 12571 3ca078a43fbaf2bad5389914587c40a4cd766c92525c7cbcf3dd7717f1fce91f
4950794962 54476 59701 f13587bc89fe4882c7c889302511ffd738d136129b9f5be4c492cb4948a93a89
4950794984 10926 29960 f13587bc89fe4882c7c889302511ffd738d136129b9f5be4c492cb4948a93a89
4950795144 3626 51055 f13587bc89fe4882c7c889302511ffd738d136129b9f5be4c492cb4948a93a89
4950795197 3401 18418 6ff0e87e62744a9d3d08f963b1215545e8082f7ef8253d8577cc5e892ebbd404
4950795359 41318 45479 f13587bc89fe4882c7c889302511ffd738d136129b9f5be4c492cb4948a93a89
4950795556 33777 24566 e8e286bddcfb61cb740ef12f04cbc65df193b33132dbc54d739a11aa5128c03c
4950795985 16985 16598 9706f212c4d97572f4a65a668add8b611e91fc895e68d4e8131e04e029c98ebc
4950796612 43450 37037 f13587bc89fe4882c7c889302511ffd738d136129b9f5be4c492cb4948a93a89
4950796885 39773 30006 4829fce29513ce796e68a5ac1d291c71336f8c672a9ce9657743958542049bdd
4950797100 1198 37714 f13587bc89fe4882c7c889302511ffd738d136129b9f5be4c492cb4948a93a89
4950797137 44025 20104 c7620363eaf692bb28616f600101009d5d371fdd8e68c20fec597eca02a43e4c
4950797471 60286 49326 f13587bc89fe4882c7c889302511ffd738d136129b9f5be4c492cb4948a93a89
4950797703 11348 45812 f13587bc89fe4882c7c889302511ffd738d136129b9f5be4c492cb4948a93a89
4950797781 25099 8121 58cfdbb32a2ec7d32aa30d5bc386ad9e058f1f5231d6ee7f0aee0ae38699d1a8
4950704182 54129 2118 344c0a5268c333b289e09a765115c276f89054245197034a3b3349bbac7c5c00
4950704194 54098 61623 f13587bc89fe4882c7c889302511ffd738d136129b9f5be4c492cb4948a93a89
4950704304 35816 5687 f13587bc89fe4882c7c889302511ffd738d136129b9f5be4c492cb4948a93a89
4950704607 8232 5246 f13587bc89fe4882c7c889302511ffd738d136129b9f5be4c492cb4948a93a89
4950704890 6034 46235 f13587bc89fe4882c7c889302511ffd738d136129b9f5be4c492cb4948a93a89
4950704917 47535 52127 d8604d13bcbc2730322b170c40a7fa7544e1bd349a99b5b41aa3f59cd3b5b38c
4950704937 20804 64145 f13587bc89fe4882c7c889302511ffd738d136129b9f5be4c492cb4948a93a89
4950705000 39678 51781 f13587bc89fe4882c7c889302511ffd738d136129b9f5be4c492cb4948a93a89
4950705164 36955 40099 30adafac5f6cf4ecd9d490f4ad16dff2ba26fc359501a802077225cfed2d43e3
4950705589 8266 23997 f13587bc89fe4882c7c889302511ffd738d136129b9f5be4c492cb4948a93a89
4950705971 5546 21554 f13587bc89fe4882c7c889302511ffd738d136129b9f5be4c492cb4948a93a89
4950706121 21750 29147 f13587bc89fe4882c7c889302511ffd738d136129b9f5be4c492cb4948a93a89
4950706390 11086 29875 f13587bc89fe4882c7c889302511ffd738d136129b9f5be4c492cb4948a93a89
4950706659 32499 43960 28f540aa75cdd8e1071b62b86265a2925676213ac655cdc79af1479ca45cda32
4950706673 2284 59986 f13587bc89fe4882c7c889302511ffd738d136129b9f5be4c492cb4948a93a89
4950706708 22579 12483 12b01c82c034b69d07d6a1562a7d4a8266066ba90939ea2a8919bf58e742fea4
4950706882 37221 6446 e4cb043cf881fd3db83818d9043364a916832441be150025d6a3f28ae0f4a503
4950706956 12189 29094 3f5f1434b6fb19d0bfd8713b74da620e2799a48a669c8c27e0a7431cea5ccc4a
4950707234 12070 44988 f13587bc89fe4882c7c889302511ffd738d136129b9f5be4c492cb4948a93a89
4950707296 34473 19553 c298f85e7facac2f33390a2294ffc2b569cbc4207641f50040dc9e1f3ce73395
4950707387 15464 11619 f13587bc89fe4882c7c889302511ffd738d136129b9f5be4c492cb4948a93a89
4950707468 63625 58066 f7382dba4106b622a0fd523808861ebe50b6d20b78c8d2bf157a767c6be66f9d
4950707563 3643 50069 3db2a02fcf98540dde5c82a60b77a862df376bb5f6b81655d7fdb03c3d186999
4950707613 11990 50339 f13587bc89fe4882c7c889302511ffd738d136129b9f5be4c492cb4948a93a89
4950707759 35062 49035 f13587bc89fe4882c7c889302511ffd738d136129b9f5be4c492cb4948a93a89
4950707962 6906 65439 f13587bc89fe4882c7c889302511ffd738d136129b9f5be4c492cb4948a93a89
4950708065 58975 32260 dc70d39cccedd952ebca6d33581e1349287b096e5522e3e3c0a433e3b162d8a3
4950806791 6923 60017 d7461059319491c66c16d0e952c1d03a93cd3b0c2d2002632fa4a8be5b38c696
4950806854 36602 623 f13587bc89fe4882c7c889302511ffd738d136129b9f5be4c492cb4948a93a89
4950807162 16716 30146 f13587bc89fe4882c7c889302511ffd738d136129b9f5be4c492cb4948a93a89
4950807194 49071 15239 281e48e2e9abd74194031b0c3b31b37a38361af48bd6f4523567f1a46a3b9dbe
4950807251 37923 12603 f1c8071ad4e1b8f29ce3161795c3a2962fb67bd802ca3b828cb7f6cff902d87d
4950807433 54521 35142 8b7ca7a8c56a2f2c26ffcfdec42da1cd57a93df5a839cf6e1f32d9e6a22e0504
4950807516 52784 34108 f13587bc89fe4882c7c889302511ffd738d136129b9f5be4c492cb4948a93a89
4950807684 473 13080 483bae3e856826c47a5212d8ffaafa5a8c8348bbacc795c9c3239a7b70789be7
4950807865 1193 58982 ba9f48e5bd07d23c54e7eda4d39d7db913bd9a0d152f09f56b034959e71d0744
4950807935 41726 31950 f13587bc89fe4882c7c889302511ffd738d136129b9f5be4c492cb4948a93a89
4950808034 13105 11074 ec8dfe4a171b091738f0f2460ac808de9690eea70cdb00383bf711a0896f2624
4950808073 8074 25555 f13587bc89fe4882c7c889302511ffd738d136129b9f5be4c492cb4948a93a89
4950808135 37285 38502 8226edb29505f7edf80968195e5cb07d1614a8e2388b08fe70148fb282a5350a
4950808521 23357 31134 cc52b2146ec897a7e9a62c21f0820f11c080d484c48d641bc29998de6123d6cc
4950808896 5522 39771 f13587bc89fe4882c7c889302511ffd738d136129b9f5be4c492cb4948a93a89
4950809166 17764 16880 f13587bc89fe4882c7c889302511ffd738d136129b9f5be4c492cb4948a93a89
4950810576 61561 17204 acfb98e3c75788b197ea90976fa4f5a4168c47adc15d20933e7fea94088efbeb
4950810704 14218 50954 f13587bc89fe4882c7c889302511ffd738d136129b9f5be4c492cb4948a93a89
4950810862 18649 55524 0d86e2edf7aec8a126c4a13116172cc85b2432317b7f3c29450cbf2a18aade92
4950810865 19142 44713 f13587bc89fe4882c7c889302511ffd738d136129b9f5be4c492cb4948a93a89
4950810983 44398 19773 f13587bc89fe4882c7c889302511ffd738d136129b9f5be4c492cb4948a93a89
4950811025 64539 12204 869f26ed685086c67e54d8a545a9eb881b1c8258684bcc4ca5de44be9f6f250e
4950811114 49904 42488 f13587bc89fe4882c7c889302511ffd738d136129b9f5be4c492cb4948a93a89
4950811223 41284 54199 f13587bc89fe4882c7c889302511ffd738d136129b9f5be4c492cb4948a93a89
4950811280 58584 61362 f13587bc89fe4882c7c889302511ffd738d136129b9f5be4c492cb4948a93a89
4950811425 50338 43532 f13587bc89fe4882c7c889302511ffd738d136129b9f5be4c492cb4948a93a89
4950812000 50551 39618 829c94c3a2c9735de7b117ccf0061afc7c1855f8751bc0e1fb44d21bca1e5f9e
4950812445 35149 14417 1cadcb9a7ad4070357837ed4432820a6acea176192028bd00ee47512d12ac899
4950812550 39925 40204 c2707c25992aa143c5a8aa8ba13fc64da75ff7cfad785ce3dc3c68131c3b5e2d
4950813085 13785 35411 4fad905ef83409a1c68f68c03973ca923f5e3abb17761da82e51482d707d31aa
4950813144 55035 5426 864134993df828db02b9aa5ca1336153bf64487bc99d0fa0a4aae2a1cbd8a037
4950813425 56767 24052 33c5d8ee29b265c6a8f01bad768c85c030b48aafe9c97d2316c3714af391a6be
4950813453 38335 43459 72e3758e5ee6f3e3d91b21a8969fd8065cb694267918b2a0646cab236e87f410
4950813547 49694 55588 f13587bc89fe4882c7c889302511ffd738d136129b9f5be4c492cb4948a93a89
4950813819 16246 40745 f13587bc89fe4882c7c889302511ffd738d136129b9f5be4c492cb4948a93a89
4950813851 27895 33141 11a618fd2ae45010c36b2e5a8e5fa2d76fe64e673589454d1626f95d6a19c9a6
4950813886 2163 23171 2f6a559a07ac38ccc7b7cd568e675f211db959314c48fabb94b131b5d213d90a
4950813985 12971 60285 9656e8d6be6425568eb2fd1b326012bf9d473d5a80b0a3bb8aea1c07fcafbdb4
4950814251 16499 60372 57d1d69786ba644830fb5db72131e0e567edb8352df42c7518d3ce02bbc868bf

Total of 0 tasks calculated error.
