Total of 100 tasks calculated correctly, accuracy 100.00% 
5096522181 57553 1543 44c771bf513813972ca7b45607e4bde41582e1fb97937fb26c89ccd8522328f3
5096522833 52873 33965 ce64433c2a17b7a83205d1b6884081f86c1757760803e29c91378ea7eb52948f
5096522924 61492 57766 f13587bc89fe4882c7c889302511ffd738d136129b9f5be4c492cb4948a93a89
5096523067 55444 45585 f13587bc89fe4882c7c889302511ffd738d136129b9f5be4c492cb4948a93a89
5096523339 33292 21903 f13587bc89fe4882c7c889302511ffd738d136129b9f5be4c492cb4948a93a89
5096523360 49111 4028 bb9472b67685c4f9c303795ba383a8caba2e1e27f25078041fff341837f93756
5096523580 56539 18682 10a9ca1209d1c993a4189b6f78a33af70987cee5c7029fe35e63502dd589cf3d
5096523677 48608 54515 f13587bc89fe4882c7c889302511ffd738d136129b9f5be4c492cb4948a93a89
5096523744 21522 62123 f13587bc89fe4882c7c889302511ffd738d136129b9f5be4c492cb4948a93a89
5096523767 63252 58282 f13587bc89fe4882c7c889302511ffd738d136129b9f5be4c492cb4948a93a89
5096523856 20220 20253 f13587bc89fe4882c7c889302511ffd738d136129b9f5be4c492cb4948a93a89
5096524544 24327 51277 ae6f36f07defbd693f77a2d21622121ee6b689f01dd82c36aea29ae34432cd1e
5096524934 58016 24859 f13587bc89fe4882c7c889302511ffd738d136129b9f5be4c492cb4948a93a89
5096525132 50076 63362 f13587bc89fe4882c7c889302511ffd738d136129b9f5be4c492cb4948a93a89
5096525331 61104 46108 f13587bc89fe4882c7c889302511ffd738d136129b9f5be4c492cb4948a93a89
5096530050 56095 11147 6729dda662480018457ed87f11cc0e497167a313cb474b4bc90b987f16e25576
5096530255 14512 4727 f13587bc89fe4882c7c889302511ffd738d136129b9f5be4c492cb4948a93a89
5096530305 3524 37447 f13587bc89fe4882c7c889302511ffd738d136129b9f5be4c492cb4948a93a89
5096530807 35752 54582 f13587bc89fe4882c7c889302511ffd738d136129b9f5be4c492cb4948a93a89
5096530911 28612 64119 f13587bc89fe4882c7c889302511ffd738d136129b9f5be4c492cb4948a93a89
5096530925 28006 2000 f13587bc89fe4882c7c889302511ffd738d136129b9f5be4c492cb4948a93a89
5096531473 47922 1932 f13587bc89fe4882c7c889302511ffd738d136129b9f5be4c492cb4948a93a89
5096531846 7314 30181 f13587bc89fe4882c7c889302511ffd738d136129b9f5be4c492cb4948a93a89
5096531927 23723 51813 70d387bb5062986ac6e0256a87dbb66891621ecd1348a8e5a945dfee7c852ca4
5096532011 1004 64783 f13587bc89fe4882c7c889302511ffd738d136129b9f5be4c492cb4948a93a89
5096532093 62598 39796 f13587bc89fe4882c7c889302511ffd738d136129b9f5be4c492cb4948a93a89
5096532694 29818 32706 f13587bc89fe4882c7c889302511ffd738d136129b9f5be4c492cb4948a93a89
5096532743 53749 31252 171144f91553f2a9152f8897251014db5186b89a07775d63a11bc347db6db317
5096533428 1065 1126 dcdbd31de0357e17f2159d07dd22663421edcae7ad1ca14db614f43ee1d0deca
5096533871 10955 50544 284981d8b482cb12b0dd2b0cd8170010f68ed2fd7058f5cc02c3c9b09e03b765
5096533924 52626 18543 f13587bc89fe4882c7c889302511ffd738d136129b9f5be4c492cb4948a93a89
5096534511 56555 17537 be825c520a27c3a6ec7f7da85817652961e45acded0f212a3114b96d015745ca
5096534547 49572 49799 f13587bc89fe4882c7c889302511ffd738d136129b9f5be4c492cb4948a93a89
5096534584 3939 38266 e6061e44d793ec436818e49ee7cbf1df4861aab306352d4a9515aca00b36eedf
5096534823 55047 3916 83ea67568850450969f5874be6966efa6f610e993b49e851c4f6fd7fcd8f057a
5096534984 54624 35963 f13587bc89fe4882c7c889302511ffd738d136129b9f5be4c492cb4948a93a89
5096535156 5758 18676 f13587bc89fe4882c7c889302511ffd738d136129b9f5be4c492cb4948a93a89
5096535423 2606 46537 f13587bc89fe4882c7c889302511ffd738d136129b9f5be4c492cb4948a93a89
5096535429 1146 3779 f13587bc89fe4882c7c889302511ffd738d136129b9f5be4c492cb4948a93a89
5096535531 49646 27473 f13587bc89fe4882c7c889302511ffd738d136129b9f5be4c492cb4948a93a89
5096536191 19027 13944 c95b6819465910ea6952160ae1f9ab0fae6a237f79a1e1db70811eca31a11c14
5096536275 49197 17910 9b880779565159c3dfcbb0395e5d61e6ddcfe678ba546920a937ee0683f697cf
5096536301 15258 5429 f13587bc89fe4882c7c889302511ffd738d136129b9f5be4c492cb4948a93a89
5096536361 57512 54313 f13587bc89fe4882c7c889302511ffd738d136129b9f5be4c492cb4948a93a89
5096536453 52872 42331 f13587bc89fe4882c7c889302511ffd738d136129b9f5be4c492cb4948a93a89
5096536521 37806 37290 f13587bc89fe4882c7c889302511ffd738d136129b9f5be4c492cb4948a93a89
5096537503 19585 45258 268d6a822df415a3bf2a4f0a2be94870a63e6032962d1a7a87fea064466ad679
5096537645 54711 33024 36bcd6cce5fb32d6f359e06bd9d5190385a8b34c82af03e90c6f80a5256b3177
5096537863 35619 13495 1f514138ec4ffcca76b3c43a5a50445f548217e3afa979b7b1d357c2e3299532
5096537954 62855 2149 b5ecc2e065c5c7aca793299308278cdc9b054d32061ae829f29b703c4dd0eee4
5096537989 55482 62723 f13587bc89fe4882c7c889302511ffd738d136129b9f5be4c492cb4948a93a89
5096538024 48177 62095 8159db60200889f2ba2f43a5b9c7b641993076903f4a1f56c055397b09e6024b
5096538046 27323 39856 b53e7856e98b2df466191a91713cfeefd4acbd62ad0e57c56e0d8f2f4dac23f9
5096538073 45969 607 81e50a0999975320b5e64f778baf82043467c03ff9270f170034c001917323fa
5096538263 60431 27007 ef621197061ee0355c5370b35a1b80e632329ea612514a87976c945b61761b7c
5096538579 16871 54606 7fd347e62a040626047b9141b4cee357dda59d390a27a9eab49d401ef6f62d59
5096539350 63566 6650 f13587bc89fe4882c7c889302511ffd738d136129b9f5be4c492cb4948a93a89
5096539616 51142 62301 f13587bc89fe4882c7c889302511ffd738d136129b9f5be4c492cb4948a93a89
5096539721 24701 50245 1a4b13a6e6d52d40bf09e3bfce4a13145f15085e47baaa87384808334818da7c
5096539943 10606 59924 f13587bc89fe4882c7c889302511ffd738d136129b9f5be4c492cb4948a93a89
5096540141 57498 20487 f13587bc89fe4882c7c889302511ffd738d136129b9f5be4c492cb4948a93a89
5096540334 9415 41238 35ecc8789053556b8497670333f8e9fb0ba97420fd157dc01722742581ae096f
5096540525 27556 64765 f13587bc89fe4882c7c889302511ffd738d136129b9f5be4c492cb4948a93a89
5096540640 45756 42283 f13587bc89fe4882c7c889302511ffd738d136129b9f5be4c492cb4948a93a89
5096540801 28818 18448 f13587bc89fe4882c7c889302511ffd738d136129b9f5be4c492cb4948a93a89
5096540884 10304 15115 f13587bc89fe4882c7c889302511ffd738d136129b9f5be4c492cb4948a93a89
5096541254 24604 33078 f13587bc89fe4882c7c889302511ffd738d136129b9f5be4c492cb4948a93a89
5096541316 45811 50188 12bd31e268c116bff3b71a73fe0a5e1391f99e8988621a002aed2c2f62020de3
5096541640 28818 37564 f13587bc89fe4882c7c889302511ffd738d136129b9f5be4c492cb4948a93a89
5096541662 44061 37458 3f255a503adffaba9150e826f431c304a8692608ab7c8bbd0af3654415939cb6
5096541791 15628 46702 f13587bc89fe4882c7c889302511ffd738d136129b9f5be4c492cb4948a93a89
5096541922 52246 49130 f13587bc89fe4882c7c889302511ffd738d136129b9f5be4c492cb4948a93a89
5096541948 27201 26443 e59e1ec9cff3858ffb759840e222d0d9c9621e14732ea27af69597600b884fba
5096472722 31994 42592 f13587bc89fe4882c7c889302511ffd738d136129b9f5be4c492cb4948a93a89
5096472775 36179 20819 1915a4ce1c92f17d05c32fe0a29650947040f8a8f4bc7243eef006d2f1e4299b
5096473300 49564 18624 f13587bc89fe4882c7c889302511ffd738d136129b9f5be4c492cb4948a93a89
5096473687 31259 10345 7ff263fdca5966a8089538026cb8c4638f8e0e872b2fc77fc2141992c5b265c3
5096474041 46472 47175 f13587bc89fe4882c7c889302511ffd738d136129b9f5be4c492cb4948a93a89
5096474172 26154 61309 f13587bc89fe4882c7c889302511ffd738d136129b9f5be4c492cb4948a93a89
5096474594 18754 38850 f13587bc89fe4882c7c889302511ffd738d136129b9f5be4c492cb4948a93a89
5096474611 14402 3904 f13587bc89fe4882c7c889302511ffd738d136129b9f5be4c492cb4948a93a89
5096474752 36295 57700 5a722e05e9c6da1d73d0f5f533b6c68f451b6fe7ba281f6830a0118fb4f9a226
5096475097 56181 22747 ff90642e629c3eb474183c0106a74bbf5bde3131c30543ab5565af424376a878
5096475155 28461 27530 05b4cd011a371e5f0abfd4ba19a24539fdabc7b93e67ac0c76443a759e3c1b51
5096475227 7469 51009 236d4dab8c413fa4c6f04e9926e635431abc866804e55cc3d75df3b83a883107
5096475365 38997 28591 25c73f1a6dd2c3813f846d91c39ded41d881cfbfbce6995c05f0bd28a56abc86
5096475389 1294 10592 f13587bc89fe4882c7c889302511ffd738d136129b9f5be4c492cb4948a93a89
5096475677 7249 49983 3b3be7b909b3d7744cb0cdc439cec17885727c04b45fe0fd6f9e732be87f0abf
5096542385 23254 8051 f13587bc89fe4882c7c889302511ffd738d136129b9f5be4c492cb4948a93a89
5096542850 39942 37753 f13587bc89fe4882c7c889302511ffd738d136129b9f5be4c492cb4948a93a89
5096543012 58832 29920 f13587bc89fe4882c7c889302511ffd738d136129b9f5be4c492cb4948a93a89
5096543102 36685 63132 535411156ace47339209482b7f8c8c6caedbf03dfd0799182aef939f686dfd57
5096543687 40972 53980 f13587bc89fe4882c7c889302511ffd738d136129b9f5be4c492cb4948a93a89
5096543718 13936 24648 f13587bc89fe4882c7c889302511ffd738d136129b9f5be4c492cb4948a93a89
5096543719 41276 10455 f13587bc89fe4882c7c889302511ffd738d136129b9f5be4c492cb4948a93a89
5096543906 34438 20046 f13587bc89fe4882c7c889302511ffd738d136129b9f5be4c492cb4948a93a89
5096544149 28718 43816 f13587bc89fe4882c7c889302511ffd738d136129b9f5be4c492cb4948a93a89
5096544311 43628 13595 f13587bc89fe4882c7c889302511ffd738d136129b9f5be4c492cb4948a93a89
5096544367 2725 61813 e9b28d19535805ba566aa531ac3554aa7760e67ea72012ec802db53640c6b74a
5096544535 4973 43365 e8ca96226c0ab40f90cdfb09f6de2ef447745203fcbcd20060687801137eea3c

Total of 0 tasks calculated error.
