Total of 100 tasks calculated correctly, accuracy 100.00% 
5242298505 158 2800 f13587bc89fe4882c7c889302511ffd738d136129b9f5be4c492cb4948a93a89
5242299508 20978 7948 f13587bc89fe4882c7c889302511ffd738d136129b9f5be4c492cb4948a93a89
5242299913 50355 61059 27cc88607924c61b86ffa05c73c5a4ff0b0e39a1e95fe256ad3215dd090483d7
5242300076 22536 57196 f13587bc89fe4882c7c889302511ffd738d136129b9f5be4c492cb4948a93a89
5242300261 25574 9159 f13587bc89fe4882c7c889302511ffd738d136129b9f5be4c492cb4948a93a89
5242300427 30703 28992 257bf2e2d3b72bac2bac3e53980337b6eac09f179660aadb057d181088112012
5242300800 32365 54150 b762e336b60fb593d2eafd044bd3b4eff02a4c49623607e21a647057eb879cad
5242300859 53244 21575 f13587bc89fe4882c7c889302511ffd738d136129b9f5be4c492cb4948a93a89
5242300997 15357 7639 2d589c5ff1847d3c9ff309e9870b6f72663d7008696163c1d8ff6ede8948741d
5242301161 55540 52403 f13587bc89fe4882c7c889302511ffd738d136129b9f5be4c492cb4948a93a89
5242301215 47367 44942 4f0c01a2c6eee8305bb8f872d70933ad655a62ac51c431ae5dff7622f5122b88
5242301337 25566 32258 f13587bc89fe4882c7c889302511ffd738d136129b9f5be4c492cb4948a93a89
5242301347 26831 46154 0847c03ff9a47d60499224ffba10f9cda2cb09fb357f8460468d8a40dfd4069d
5242301545 61297 12067 073b4f88fe2e88c6734e740bfb760b7285929392552653cb8c541def15dc7872
5242301779 10133 35478 fe5735e47cd952b67006fc481c72b6a66b4f393a9c9121a670db25042e241bae
5242301857 5828 25884 f13587bc89fe4882c7c889302511ffd738d136129b9f5be4c492cb4948a93a89
5242301927 60352 6538 f13587bc89fe4882c7c889302511ffd738d136129b9f5be4c492cb4948a93a89
5242302091 3237 31931 c722a5adf1ba5c64f1434f9b5b3b1502cb024fde5f99cfccced47396e8d4f91e
5242302128 65418 59396 f13587bc89fe4882c7c889302511ffd738d136129b9f5be4c492cb4948a93a89
5242306567 47545 17056 c35f3ff717c17090e09fd8f8ee78fb85171ead7e332b47bae2f414ffe9e22a9c
5242306643 29074 2463 f13587bc89fe4882c7c889302511ffd738d136129b9f5be4c492cb4948a93a89
5242306715 61401 2236 e5337a9a678ce952d1e5809848a271d011755dc12f1b0d0fdc9e45e3fd6631a6
5242306735 50833 159 49f91dae0310a7aa6c1d76abbea31642bc8b2296aae3c9ea67eab02a03ccae6b
5242307595 51754 53161 f13587bc89fe4882c7c889302511ffd738d136129b9f5be4c492cb4948a93a89
5242307769 18836 347 f13587bc89fe4882c7c889302511ffd738d136129b9f5be4c492cb4948a93a89
5242308109 1755 60562 202ce4b835c3825356444ec2def0117aaf1367f284d53850ebce7d3eb637a73f
5242308175 45366 9571 f13587bc89fe4882c7c889302511ffd738d136129b9f5be4c492cb4948a93a89
5242308285 12573 61324 f78c27f4a9faed79055d2f44bbb27715c57f5cb49e53c526f4cd8850319a58f1
5242308755 5225 8570 834f78c381fc2b1a5f54419d95dea4192c897ac23e17fce2537f77f18ee4c79c
5242308776 38334 23679 f13587bc89fe4882c7c889302511ffd738d136129b9f5be4c492cb4948a93a89
5242308813 25565 32036 870b9805668535dee9aacbe77c280dd8348c42e4d123a92fe31acff14348bdae
5242309305 20510 11641 f13587bc89fe4882c7c889302511ffd738d136129b9f5be4c492cb4948a93a89
5242309743 39689 54170 c35b28ae0b8ec7d5a45ed5b683641e6b339d2431fd0571c012eb83556e4c557f
5242309975 33266 55087 f13587bc89fe4882c7c889302511ffd738d136129b9f5be4c492cb4948a93a89
5242310008 25234 52157 f13587bc89fe4882c7c889302511ffd738d136129b9f5be4c492cb4948a93a89
5242310225 6277 7082 bf6cc4a1fe73e0571421cccfe1df27f4fd6405b2e0049d72cc9e554fb417c4f1
5242310349 22237 42151 44ef94e96adf5ec02a8f7061c53a5874973d933cefe70796d1ba8635a491565a
5242310400 27807 50425 590bb8d42240de1d9b0d51af0fdb86813ecd70f1e203dc7fb04b5dd17912aec0
5242310524 30776 44608 f13587bc89fe4882c7c889302511ffd738d136129b9f5be4c492cb4948a93a89
5242310597 10078 55202 f13587bc89fe4882c7c889302511ffd738d136129b9f5be4c492cb4948a93a89
5242310639 20862 12019 f13587bc89fe4882c7c889302511ffd738d136129b9f5be4c492cb4948a93a89
5242310868 53547 6954 016e9a94c9d7fcdbb7150392322c4776ff6db3f6424fd1facc88988d526c03fb
5242311261 10559 50197 788a450948ed6a3fd7e154a8aad3d2c4c27c1c7bec4be6c22172b6acf9ae79b7
5242311288 30424 50828 f13587bc89fe4882c7c889302511ffd738d136129b9f5be4c492cb4948a93a89
5242311572 53728 13273 f13587bc89fe4882c7c889302511ffd738d136129b9f5be4c492cb4948a93a89
5242311580 31391 60596 5de377158adcd32fde6c75c5a16e3f2e81e7ca48083b797a117851616a63071e
5242311656 20903 52950 acf133fe86036dea4df22e70cd22959ee2ea84a4bbf160d1c2658910f63280e7
5242312250 1200 4108 f13587bc89fe4882c7c889302511ffd738d136129b9f5be4c492cb4948a93a89
5242312638 45776 19528 f13587bc89fe4882c7c889302511ffd738d136129b9f5be4c492cb4948a93a89
5242312861 27747 52273 ccc12aac920e725f3358dcd8721c0c72428ec60d8e63933d6e3617f100450689
5242312903 54957 43939 3b7749c7c42bb5ab089538d747170504431317fc3d3a5b226fb59feeb219db20
5242313168 35503 8728 7c57542afbc5b2405cc7a75b2c3d26af0023b2e40351160d36200acf493689da
5242313190 22265 60535 000a9271e2b46adff2d5b3a1d5ef09bf5dea0997322ec9db29119fe9c6b80cc0
5242313224 64697 56042 0a9855fb5fac9555abf494f631d44a29551d01bf0b6fb5f2c98a9b0ae50f2ad8
5242313239 61961 23473 65dbcc54bf5a47d9d11952ddd149e8e087a962f1f30663611adcbdfa53475eeb
5242313267 35801 10399 50875ea571659644f8391ddc72ebbe164d100727de65c4ac8336a6641e9303b1
5242313567 41583 16978 8779189f86818366d0e8bca766f845d042bbecaf87a805397473330918baff29
5242313632 43251 2380 6de724c78926a2e2abcc26bc739e5bbb61b72ef2900542614a7fd944cf03b757
5242314084 17239 46255 38a94cb131288efc60b8569a904863051e8ee2b68bc53c62237a63b4ed78aee3
5242314262 26523 34695 63f1009e717821c4357aac309a01ae6b1bd6be3f6d0fbf8a4253357e3e738529
5242302599 35617 5476 f01d427a084a28f4288de6deeda8cbfc01c2fc4ab7146cb530b04b71cbb4a2c4
5242302719 8075 59954 7aecdf4d87426d5346d8f10295e1321b31d5d48e809f47b5cccaef42332c8b56
5242303125 25090 51494 f13587bc89fe4882c7c889302511ffd738d136129b9f5be4c492cb4948a93a89
5242303248 45114 13156 f13587bc89fe4882c7c889302511ffd738d136129b9f5be4c492cb4948a93a89
5242303281 19800 19301 f13587bc89fe4882c7c889302511ffd738d136129b9f5be4c492cb4948a93a89
5242303640 62150 60139 f13587bc89fe4882c7c889302511ffd738d136129b9f5be4c492cb4948a93a89
5242303743 3971 13353 aa01ba89cb3817ebd33c1f5f84314b54cb372d721d6b4022b487f6f9ae2c6481
5242303753 53119 61274 9cbc15456a15b442351ef190204786281c3bd4e7aeba1bfe953aad3fa576a098
5242303785 60212 30972 f13587bc89fe4882c7c889302511ffd738d136129b9f5be4c492cb4948a93a89
5242303946 55953 57862 f950e9988cfa764a24c210a80d644739fdb8dd6fe8a9d34393a5cce842454957
5242304219 6099 24883 cd821f76067f70b81c83d468d9e2da67b0a5c00c522dca20c490ae6606f6b3d0
5242304308 13084 58055 f13587bc89fe4882c7c889302511ffd738d136129b9f5be4c492cb4948a93a89
5242304565 34580 45976 f13587bc89fe4882c7c889302511ffd738d136129b9f5be4c492cb4948a93a89
5242304608 49779 41912 db52863fecf838562d8c2862b87abb31219ac58e1e85868621f3cf06035fce47
5242304645 61459 12635 2e70ec76b0886cfef2d23d4e887cf625d38827d06f0c6175ab1c204a58255a21
5242304694 17083 55197 e824d2a80d7c882bf0f32ef95d21178b41a88ecb32e468662958571aaf6add5c
5242304731 25518 55995 f13587bc89fe4882c7c889302511ffd738d136129b9f5be4c492cb4948a93a89
5242305066 46005 19805 a1de776abe40f5957b977d80dbf9c38453374d18a2b51058aabb49e2a0a8a138
5242305240 40479 28677 1d419c98f24837631c2d2391089bdc3d4581cb2c18553ab0510125865cf74e91
5242305254 54168 4637 f13587bc89fe4882c7c889302511ffd738d136129b9f5be4c492cb4948a93a89
5242305300 36054 13413 f13587bc89fe4882c7c889302511ffd738d136129b9f5be4c492cb4948a93a89
5242306219 49117 45769 e355be9a43c9bbf81134d0e72542d015f8d821337977a9446ab85a222681ea6c
5242314817 5817 51456 36cfa694de754070135abac6463461e45655e7558d85cb901f6a4d897b65d9e2
5242314897 53125 63574 75f6cd0476d115026efce06adcf45403444a1b6fa856a31b5594f6242845699e
5242315342 5591 44317 7701babde61cd48c0ba0000e1524e8b5c2b58ca2b25a637c24628bb4a7929c02
5242315544 1704 35422 f13587bc89fe4882c7c889302511ffd738d136129b9f5be4c492cb4948a93a89
5242315724 35960 19964 f13587bc89fe4882c7c889302511ffd738d136129b9f5be4c492cb4948a93a89
5242315781 36231 38040 c871ce2078692b27467d8c3f2d80b80c81d1d87af5b2961a80e4dbc02935c6c2
5242315806 30304 55596 f13587bc89fe4882c7c889302511ffd738d136129b9f5be4c492cb4948a93a89
5242316066 33980 48723 f13587bc89fe4882c7c889302511ffd738d136129b9f5be4c492cb4948a93a89
5242316910 59977 12457 d988f64d7e4c2c8b1dfc9b3a3e0ca0d3af5fd91559ff17f56c24ac84589db721
5242316936 62481 28154 9604a0dd459ee70096d3e9ca5caf9477d6c559dc369aed7952d9d9fe9b3bb59b
5242317140 25433 54933 11e656ef3dfb0400fcc27c2e5cc0c983f239c0a235f012a9d2a703bdfcfd6d6d
5242317357 56488 55414 f13587bc89fe4882c7c889302511ffd738d136129b9f5be4c492cb4948a93a89
5242317633 53506 40541 f13587bc89fe4882c7c889302511ffd738d136129b9f5be4c492cb4948a93a89
5242317664 53710 30049 f13587bc89fe4882c7c889302511ffd738d136129b9f5be4c492cb4948a93a89
5242317891 9554 32053 f13587bc89fe4882c7c889302511ffd738d136129b9f5be4c492cb4948a93a89
5242318115 39837 37926 ffbc5cffbaf15cfe86b1dd76c37dca08696a4f0b8c34c26c0a8732a601ce9080
5242318227 30655 27063 263473f95c99eb08ea86aa5c0a2cbf34ad621586ad6ef0b7e353773e0e8f0557
5242318387 64874 10450 f13587bc89fe4882c7c889302511ffd738d136129b9f5be4c492cb4948a93a89

Total of 0 tasks calculated error.
