Total of 100 tasks calculated correctly, accuracy 100.00% 
5387944312 611 57528 f2240937ef7354d69f37a171432c01cc5bba43a98e014d905943cf795e5c0713
5387944377 40131 38353 12428eb00c389eecb5ad0140de164ce0efced9c81cd77cff81968ca254a14f42
5387944503 36562 56470 f13587bc89fe4882c7c889302511ffd738d136129b9f5be4c492cb4948a93a89
5387944913 11968 25584 f13587bc89fe4882c7c889302511ffd738d136129b9f5be4c492cb4948a93a89
5387945049 17293 51344 dfc5a3c447b80c258f2731b73fd6e2e741d314c7423900f53eaecd97bf0d51bd
5387945502 20139 39567 37d27a9393e184a7759775c0d4cf3139bd4a3f68d0126862759bbb08e0f096ee
5387945518 1470 63439 f13587bc89fe4882c7c889302511ffd738d136129b9f5be4c492cb4948a93a89
5387945670 44722 53821 f13587bc89fe4882c7c889302511ffd738d136129b9f5be4c492cb4948a93a89
5387945732 39811 29782 661c3f969050ec088113dbadbba11771709485b66318cf61e4d96e1cabebd501
5387945777 41846 18754 f13587bc89fe4882c7c889302511ffd738d136129b9f5be4c492cb4948a93a89
5387946104 3127 57768 f92ceb4d7fefad576bc06d3ac69eaaa97ffab9919ad51c137375639ef8d5393c
5387946642 2411 22963 9174ead2917a791a70cff826f3fbc1e4082202b7761e3ff6d8c3db3e2cf7ef2d
5387946819 52891 40839 c89f967c76322f236dbe0ff81d8d13dc7cd9d6a4f7f9c6cde98c399590342c49
5387946921 40976 19445 f13587bc89fe4882c7c889302511ffd738d136129b9f5be4c492cb4948a93a89
5387947188 17684 56200 f13587bc89fe4882c7c889302511ffd738d136129b9f5be4c492cb4948a93a89
5387947480 62173 61480 005546df2b3c53ea6f878d008c73bc4358aa5e10bf26482c2918a0e7f67817cf
5387947556 48171 43599 310cc520ee10a32c4bd95db14625e471ec824218ffaceeb3d056a48657b5b528
5387947682 12205 34999 21cd91379a767f96a54d723edebef4dc390fcd80065862ede825971a2a09f8dc
5387948001 41955 46725 c1e4ba6e472da92551d726693f4f47b05fab50ee5e271b26e863df5176afcaa2
5387948679 64857 38085 52b3d5dca677de7163d207b57dc9e902eb687091a59a35e47a0bb8292ad8b6c9
5387948699 22504 59719 f13587bc89fe4882c7c889302511ffd738d136129b9f5be4c492cb4948a93a89
5387948753 63578 34619 f13587bc89fe4882c7c889302511ffd738d136129b9f5be4c492cb4948a93a89
5387949414 43840 42759 f13587bc89fe4882c7c889302511ffd738d136129b9f5be4c492cb4948a93a89
5387949909 43865 11605 e44e7696dcadb7fe0e26a7e4d4c5691301cd900df6e847550277f760182f509c
5387949961 45804 5764 f13587bc89fe4882c7c889302511ffd738d136129b9f5be4c492cb4948a93a89
5387950002 60748 42442 f13587bc89fe4882c7c889302511ffd738d136129b9f5be4c492cb4948a93a89
5387950014 52144 65530 f13587bc89fe4882c7c889302511ffd738d136129b9f5be4c492cb4948a93a89
5387950330 62113 46663 30f5ed61b040af8bdf36f48e0ad8cac3edfaec71c75c90b2d0d0559d34e1c66b
5387950392 28483 47330 b0e7fb470c368343b1f3457f25189eff69ff6a05d29d52ca3be494df87d5a25f
5387950425 12350 55261 f13587bc89fe4882c7c889302511ffd738d136129b9f5be4c492cb4948a93a89
5387950919 38022 2261 f13587bc89fe4882c7c889302511ffd738d136129b9f5be4c492cb4948a93a89
5387951129 1919 42112 fd0744583c2fb287f0846bb91a5b306277fc87e28953fc50095d541e14768d3b
5387951330 60259 26048 96c2b960e935716880a2abadef49db528cbd6511c8b2f33ff656da39a97fe946
5387951411 29559 25797 6a48962110b990c7f447a49c4ad8fa54f2c7ded3191800e41f59be18b8e6284f
5387951419 12669 23016 ad3434aac78f5962ba9bb99bc4956bca0dc321a4b72837b84f9bb72b902e9638
5387951552 6560 27296 f13587bc89fe4882c7c889302511ffd738d136129b9f5be4c492cb4948a93a89
5387951623 63311 61900 74b872fcaa3ad8d049037d46f8f4c088fa1e998485281543e78ba93a28497aae
5387951645 37452 20589 f13587bc89fe4882c7c889302511ffd738d136129b9f5be4c492cb4948a93a89
5387951681 5054 54874 f13587bc89fe4882c7c889302511ffd738d136129b9f5be4c492cb4948a93a89
5387951725 31530 23679 f13587bc89fe4882c7c889302511ffd738d136129b9f5be4c492cb4948a93a89
5387956472 33124 13555 f13587bc89fe4882c7c889302511ffd738d136129b9f5be4c492cb4948a93a89
5387956582 32081 47314 4b69b0d4bbcca223899c761177a34181de46c534c10d1f1bec47d85cda44000b
5387956583 58761 64964 dd083df2adaf3388667a84afaee2c9e6e646f60c33005f86743e7283b06ce1f2
5387956713 30286 333 f13587bc89fe4882c7c889302511ffd738d136129b9f5be4c492cb4948a93a89
5387956771 59448 53089 f13587bc89fe4882c7c889302511ffd738d136129b9f5be4c492cb4948a93a89
5387956797 15710 7366 f13587bc89fe4882c7c889302511ffd738d136129b9f5be4c492cb4948a93a89
5387956999 22831 58711 41704774f88ceadde2d6e558def4360b8706babe37b42e7974ba4e74cab73622
5387957099 8464 54850 f13587bc89fe4882c7c889302511ffd738d136129b9f5be4c492cb4948a93a89
5387957272 4337 3765 51dfddf7d908f994c449d9660b3cba8085e7cc95ef1d5f4eae6190105e0f7cd9
5387957413 27578 28011 f13587bc89fe4882c7c889302511ffd738d136129b9f5be4c492cb4948a93a89
5387957611 32366 28688 f13587bc89fe4882c7c889302511ffd738d136129b9f5be4c492cb4948a93a89
5387957768 60148 13740 f13587bc89fe4882c7c889302511ffd738d136129b9f5be4c492cb4948a93a89
5387957812 63578 40 6a7dac344ac0ec04bdf885f12837528cc6d06262c86786b28eb6e7ca1b7d9294
5387957920 46415 41089 03f688159a85a3b274eb67c7dc16638d6b8d13ddd793341fb332f756ac2d0a6c
5387958069 46469 21857 104152ce02d2cf40330f0207d4a97238e8701e37b564dfd7fa95ee142a3930dc
5387958137 40649 10451 481faf9dacc20aa564a90cdf95ba2a2e23dee74e76411fe0ef693f7c79c7d334
5387958156 20674 15527 f13587bc89fe4882c7c889302511ffd738d136129b9f5be4c492cb4948a93a89
5387958218 15934 18448 f13587bc89fe4882c7c889302511ffd738d136129b9f5be4c492cb4948a93a89
5387958455 34810 603 f13587bc89fe4882c7c889302511ffd738d136129b9f5be4c492cb4948a93a89
5387958641 6389 6213 cf50d0c8fca4a388afd37d11afd13a0873d0c5bfdc9daeceb3c11df1643fab0a
5387958643 23326 39689 f13587bc89fe4882c7c889302511ffd738d136129b9f5be4c492cb4948a93a89
5387958649 22281 12991 00fa14d83be6ac9b2185684372abd6ae309e529821b4908d4701be38fb5f2b35
5387958979 56829 57580 163decd6bc010ffe087bb728c024c980fa6c8dc84a4d2742186c27f5c86abb9b
5387959141 40650 43753 f13587bc89fe4882c7c889302511ffd738d136129b9f5be4c492cb4948a93a89
5387959175 53570 46961 f13587bc89fe4882c7c889302511ffd738d136129b9f5be4c492cb4948a93a89
5387959244 37080 24789 f13587bc89fe4882c7c889302511ffd738d136129b9f5be4c492cb4948a93a89
5387959314 1284 3609 f13587bc89fe4882c7c889302511ffd738d136129b9f5be4c492cb4948a93a89
5387959794 12322 4863 f13587bc89fe4882c7c889302511ffd738d136129b9f5be4c492cb4948a93a89
5387959805 21320 52713 f13587bc89fe4882c7c889302511ffd738d136129b9f5be4c492cb4948a93a89
5387960211 31473 22364 4819aa7c254be40227120a0020105d4e77413a974cf55e3e5ccfc0843d13a45e
5387968861 16524 14139 f13587bc89fe4882c7c889302511ffd738d136129b9f5be4c492cb4948a93a89
5387968887 59303 36062 5595ddca98c178e190ff407e82f88d4cf79ac331809bc581960f7eed806a9b23
5387968979 17324 21471 f13587bc89fe4882c7c889302511ffd738d136129b9f5be4c492cb4948a93a89
5387969027 15497 5924 e1bf5ef5966f501309768c8fa73de1a1168cc2c09a777991a4d11178d5223330
5387969327 24464 52036 f13587bc89fe4882c7c889302511ffd738d136129b9f5be4c492cb4948a93a89
5387969544 6234 48925 f13587bc89fe4882c7c889302511ffd738d136129b9f5be4c492cb4948a93a89
5387969731 34040 26203 f13587bc89fe4882c7c889302511ffd738d136129b9f5be4c492cb4948a93a89
5387969852 5851 38453 07b8c1e731efde39c85606b29ddcc422584c3f794cf9e1502ce853bfcb999803
5387969941 7302 8792 f13587bc89fe4882c7c889302511ffd738d136129b9f5be4c492cb4948a93a89
5387970058 40172 59697 f13587bc89fe4882c7c889302511ffd738d136129b9f5be4c492cb4948a93a89
5387970136 62526 46523 f13587bc89fe4882c7c889302511ffd738d136129b9f5be4c492cb4948a93a89
5387970585 34036 16277 f13587bc89fe4882c7c889302511ffd738d136129b9f5be4c492cb4948a93a89
5387970712 1146 37239 f13587bc89fe4882c7c889302511ffd738d136129b9f5be4c492cb4948a93a89
5387970728 36538 41350 f13587bc89fe4882c7c889302511ffd738d136129b9f5be4c492cb4948a93a89
5387971778 64006 14479 f13587bc89fe4882c7c889302511ffd738d136129b9f5be4c492cb4948a93a89
5387972605 26565 8773 2ba99a25bdd7082a5439e30a750aedfde2f8dede3366b1f65b50ad8cbb30cbca
5387960430 41562 50066 f13587bc89fe4882c7c889302511ffd738d136129b9f5be4c492cb4948a93a89
5387960441 19376 37634 f13587bc89fe4882c7c889302511ffd738d136129b9f5be4c492cb4948a93a89
5387960569 4204 61721 f13587bc89fe4882c7c889302511ffd738d136129b9f5be4c492cb4948a93a89
5387960571 22762 17513 f13587bc89fe4882c7c889302511ffd738d136129b9f5be4c492cb4948a93a89
5387960724 2710 37768 f13587bc89fe4882c7c889302511ffd738d136129b9f5be4c492cb4948a93a89
5387960992 39241 41296 4b734fc27b707c37c05ab94fd24ab3affb9d305592e8b9c1963131272b9f6bee
5387961342 30199 57505 187c89e4dc38b7842ad3ba723071ec3d188b9e65c859852717be728679b950ce
5387961563 8190 30733 f13587bc89fe4882c7c889302511ffd738d136129b9f5be4c492cb4948a93a89
5387961765 37604 46981 f13587bc89fe4882c7c889302511ffd738d136129b9f5be4c492cb4948a93a89
5387961965 40847 17043 9d483597901a9b72506d163e0e80eb858e3de9081229c8afc9a5946fbfa037c4
5387962110 59523 11295 d293dc91d6db97931b31e258147f9652e918d5190c5df8d9d107406750a4e243
5387962238 57095 40115 496ada5199f7ac077ba2631277167ad18f4aa95f41ed109afa1c7345f37d2e76
5387962278 54241 20010 73961b4e891271c08c82ef6609f826b5a2e280e29847dde84ebc39cb02198631
5387962730 50046 56122 f13587bc89fe4882c7c889302511ffd738d136129b9f5be4c492cb4948a93a89

Total of 0 tasks calculated error.
