Total of 100 tasks calculated correctly, accuracy 100.00% 
436498549 9313 52487 debe5d1d5d3123476df1875638e42be4752b060e794b5257cd7993e0f210b658
436498622 42987 13134 a899da6418b7d2e5341c0a9da497e43ebbbfc1f93bae8566f78a50217dc70b33
436498828 25351 39272 737ae3b14bf7e5c7dba42a2be9b75d504115aaa6bba317493ab713757770a615
436498963 23962 21072 f13587bc89fe4882c7c889302511ffd738d136129b9f5be4c492cb4948a93a89
436499082 25224 33554 f13587bc89fe4882c7c889302511ffd738d136129b9f5be4c492cb4948a93a89
436499085 54932 56816 f13587bc89fe4882c7c889302511ffd738d136129b9f5be4c492cb4948a93a89
436499126 29933 36594 d29dbac5359cf119287ae92fee01461a08d9f17c1a40ffd988d740221edfb81e
436499249 55179 35848 a7d1a7f43b48dd736fabbb42858f8b6f5b92ccf8f16509c26c02bd057239b526
436499555 65362 51213 f13587bc89fe4882c7c889302511ffd738d136129b9f5be4c492cb4948a93a89
436499878 36777 1717 7336fed3d9a86567ab7562357a9b6bf4570e5fe4aa324d0800527bae8a452e60
436499900 37687 23962 ff8696259bc00b70dd92396703cfb87da83c75364b52db1af4e4012f6eefe364
436499966 56474 51306 f13587bc89fe4882c7c889302511ffd738d136129b9f5be4c492cb4948a93a89
436500023 26331 57499 dc1d3f805552f36e66677959fe3088d8fe36a8bc542397f725b3f656dadd0a91
436500035 27344 62236 f13587bc89fe4882c7c889302511ffd738d136129b9f5be4c492cb4948a93a89
436500223 18826 43988 f13587bc89fe4882c7c889302511ffd738d136129b9f5be4c492cb4948a93a89
436500359 44501 27923 a709082d35736d5516cf11c698f8207a1cc19bdd6afb64092e759a2bbfd14140
436500468 45195 34306 34b7b4d32ffb9ae30ff41bbbfcb426486ad5d5d2d4f5f2ee829e4675b36915b3
436500594 43117 51213 8e41b645fb9a26019ec1f005b137a41459526197e04278204d3d1b288f9055a5
436500639 3789 46926 c539e50bfe1b4e0d2297132b9ffe748b15328d261324cb8a2d881eb5a115b9ea
436500973 19435 52993 602f675362c20eaf464c14a84d9ab10e190e7946b8ed5a3598269130679fef04
436501457 30605 56980 dd0ffd420dbd0df6447630ca4b8f12d66fc16334c2752ec23b67aad1cad33992
436501471 52803 58192 934f5047e53fd6ea3cd7a9911aa3a63129e38b0a2aa7aea825662b15345f74ff
436501813 10315 61005 58c614671c367d45655d2a86a19cbda2d7eb42de6c61de9850eed35989771481
436501922 18344 10288 f13587bc89fe4882c7c889302511ffd738d136129b9f5be4c492cb4948a93a89
436502059 15791 13538 7e02efe56cb20e90054d469fd2b2cfc44e30ebfe6602619330979bb0912d4dce
436502442 9465 22762 861c09ff65f7d3892f3ecdd73bc35c8e7d545b378fa33e9e177fba575a784320
436506729 59245 47388 44e0436391339557ca7be8faa531c3205e32d475f2c21f9cd4769a35ab15ecb6
436507206 41791 4141 317964df08ff250c5d70ab15d1d016d6332a80ea0cb0d9c4da70b0af1b0d01a0
436507369 20142 38930 f13587bc89fe4882c7c889302511ffd738d136129b9f5be4c492cb4948a93a89
436508170 32524 14496 f13587bc89fe4882c7c889302511ffd738d136129b9f5be4c492cb4948a93a89
436509262 23248 52616 f13587bc89fe4882c7c889302511ffd738d136129b9f5be4c492cb4948a93a89
436509382 60028 59860 f13587bc89fe4882c7c889302511ffd738d136129b9f5be4c492cb4948a93a89
436509726 6081 913 681304dded43709511d881d4c6d114a1ccb0b0c1e0a006739b3eeb6b1c99ab8b
436509866 18662 1094 f13587bc89fe4882c7c889302511ffd738d136129b9f5be4c492cb4948a93a89
436509945 896 11483 f13587bc89fe4882c7c889302511ffd738d136129b9f5be4c492cb4948a93a89
436510034 37908 23458 f13587bc89fe4882c7c889302511ffd738d136129b9f5be4c492cb4948a93a89
436510077 31474 50819 f13587bc89fe4882c7c889302511ffd738d136129b9f5be4c492cb4948a93a89
436510377 23662 32788 f13587bc89fe4882c7c889302511ffd738d136129b9f5be4c492cb4948a93a89
436510674 26805 8041 775dd44a83435302d3f67ebb7e2862a8b122a9cbb14e205a54d88a9fb2d72d81
436502629 26693 32958 106fcaf8c1d8701df949efbdbf0b1e3e8c0def225c5cb9f13e8f81bdc877ad71
436502646 5228 56526 f13587bc89fe4882c7c889302511ffd738d136129b9f5be4c492cb4948a93a89
436502756 17213 55811 aa58c922136abdfccd9824a702ecadce1ce8e9be6de48b53b0d9db3c4044ebb7
436502778 24306 22764 f13587bc89fe4882c7c889302511ffd738d136129b9f5be4c492cb4948a93a89
436502935 34860 25474 f13587bc89fe4882c7c889302511ffd738d136129b9f5be4c492cb4948a93a89
436503429 1624 29862 f13587bc89fe4882c7c889302511ffd738d136129b9f5be4c492cb4948a93a89
436503535 822 16379 f13587bc89fe4882c7c889302511ffd738d136129b9f5be4c492cb4948a93a89
436503581 9032 16967 f13587bc89fe4882c7c889302511ffd738d136129b9f5be4c492cb4948a93a89
436503685 43832 27182 f13587bc89fe4882c7c889302511ffd738d136129b9f5be4c492cb4948a93a89
436503762 3517 20098 3f9eaeccb2daf249a6bfa42a140aa5054c6adada75022ac890b7d5c6a88b2956
436503820 42886 64718 f13587bc89fe4882c7c889302511ffd738d136129b9f5be4c492cb4948a93a89
436503932 30971 14259 a7ca75163986ddcfc7a172047da76683e897bfa3c55297a2dfb4ac8635141061
436503989 26616 19362 f13587bc89fe4882c7c889302511ffd738d136129b9f5be4c492cb4948a93a89
436504192 34319 35343 797759e08d0d2b965636513ec7025795adefeb6ac54b7a7a82054e03f0deeab3
436504377 16376 34566 f13587bc89fe4882c7c889302511ffd738d136129b9f5be4c492cb4948a93a89
436504480 40693 59414 f7781f7af8dbc06bdc2bd7602a892a9bf672c98d4407e55077a323a30030502d
436504556 51305 39888 b177d25327435f9ff45b16559ccf648b701050a8c65e12be994febbd07ff8cc3
436504739 41858 44021 f13587bc89fe4882c7c889302511ffd738d136129b9f5be4c492cb4948a93a89
436504849 1790 18023 f13587bc89fe4882c7c889302511ffd738d136129b9f5be4c492cb4948a93a89
436504932 35169 43656 7181507d7ef66c44904cb8f794c3815dbf45212b8fc6730a57203faa1a123b83
436504941 15657 19965 53db74211c57e906126d18cb2f8d140d99cca5d0ee2ea37b2a0fcfa8e3346010
436505142 13931 13101 4633e9c8dbae45426a9e176bcc79b2b600872c3429cdc10a2fa43498ce3607c9
436505337 11007 1576 1c494a539b5cf3a6c542f3ecbd91bd99f4cbc8654abacaf6ffd5562be03408d6
436505418 3198 51086 f13587bc89fe4882c7c889302511ffd738d136129b9f5be4c492cb4948a93a89
436505423 21625 17634 ab3961378b12bf30a4929b9e76b87a67818d19151d9800cbaa9c42e5145e0441
436505885 32680 15124 f13587bc89fe4882c7c889302511ffd738d136129b9f5be4c492cb4948a93a89
436511637 48534 62326 f13587bc89fe4882c7c889302511ffd738d136129b9f5be4c492cb4948a93a89
436511711 65340 64671 f13587bc89fe4882c7c889302511ffd738d136129b9f5be4c492cb4948a93a89
436512056 42212 5933 f13587bc89fe4882c7c889302511ffd738d136129b9f5be4c492cb4948a93a89
436512217 56240 14924 f13587bc89fe4882c7c889302511ffd738d136129b9f5be4c492cb4948a93a89
436512234 29393 60863 1b9c66037e5876c07e40a1bf5d043d5db6637958927de9a4a6f85fcfa0349614
436513084 13524 47400 f13587bc89fe4882c7c889302511ffd738d136129b9f5be4c492cb4948a93a89
436513865 46994 42533 f13587bc89fe4882c7c889302511ffd738d136129b9f5be4c492cb4948a93a89
436514078 41215 64234 e8193941a8345d892129dbfcad27e611d22d21df20161a346e44c29cf34d4b24
436514084 48206 36423 f13587bc89fe4882c7c889302511ffd738d136129b9f5be4c492cb4948a93a89
436514126 41139 15398 6acbff037a5b82b5e7a393a03d769d5a5d362d2581db73834bd183221a8969ae
436514432 33275 48855 339c88de07fbc41d4581a8a8c6f3429ed7efefdae87a9800b2b7a0a8382eb18a
436514673 37602 38728 f13587bc89fe4882c7c889302511ffd738d136129b9f5be4c492cb4948a93a89
436514771 35332 52231 f13587bc89fe4882c7c889302511ffd738d136129b9f5be4c492cb4948a93a89
436514854 10043 59634 1186c6b9866a5213d85723f5748f7fa67abfdd980bc247587aa928b910ae0e28
436515023 33286 13888 f13587bc89fe4882c7c889302511ffd738d136129b9f5be4c492cb4948a93a89
436515376 529 46606 a0d64a7a4f9b6adb1a1b087f04abf54d8559be5b40e66584693fa24436e8a994
436515650 36793 41855 2afd8e197a1a7d1dc0e7de2abd53f4ca74a25a96ee67382537b48a7a99677b30
436515882 25945 59153 a72a4bf6b28ced50f575f516999995b5caa889c54f29c3f325ac258bfc770232
436516168 60496 5877 f13587bc89fe4882c7c889302511ffd738d136129b9f5be4c492cb4948a93a89
436516331 31659 10484 4024e45abbfd775f7e4993a4fd054090fa92ea8f7759160c13750d1f1d6a10c4
436516388 173 7681 19cb3081de9788d12e8d2a9617208604c793589f993adf6ef3fad642d9efe1f6
436516517 30085 44083 88aa8e6cfa4a2906b7f2660d41e7172c3abd78a9fc77fa04ad5788dc300a549e
436516527 32116 44792 f13587bc89fe4882c7c889302511ffd738d136129b9f5be4c492cb4948a93a89
436516764 50093 9721 356737d79d0256684c9506872c60fa1628f29292cbe790c77616b46d4b76e582
436516793 24117 43322 21928a93030f19fbaa9634462be45c29b006ba2fedecad5091724da733780a93
436517009 39271 60123 82d566c9caf496fa4ff0eaa86d8e9d5eec996a1341795269ff69b6a24bf4b6f2
436517038 27601 44151 f2c2c18812d3123595468809a31d757fe2909d40f676f02ca8912c3b00975b83
436517185 22974 5996 f13587bc89fe4882c7c889302511ffd738d136129b9f5be4c492cb4948a93a89
436517249 46455 18857 b4da6f9c0e78808a18ff9599edfe99f0f5db9df56cc1b75f566e0371ddcd953b
436517255 40886 46021 f13587bc89fe4882c7c889302511ffd738d136129b9f5be4c492cb4948a93a89
436517495 60071 20915 f2dda542eea2b756f9f89f8511495797a0ed6c09f86cfc5ef4502b41ec3a1e14
436517775 18012 44128 f13587bc89fe4882c7c889302511ffd738d136129b9f5be4c492cb4948a93a89
436518464 25072 26857 f13587bc89fe4882c7c889302511ffd738d136129b9f5be4c492cb4948a93a89
436518607 44137 54059 a02afdf43d8f00de1c76b9a2a356d8f0dcd9507a9a55eff7f58ae71934598f27
436518913 16828 7698 f13587bc89fe4882c7c889302511ffd738d136129b9f5be4c492cb4948a93a89

Total of 0 tasks calculated error.
