Total of 100 tasks calculated correctly, accuracy 100.00% 
6407651634 21998 48752 f13587bc89fe4882c7c889302511ffd738d136129b9f5be4c492cb4948a93a89
6407651847 9457 41765 874049aefe387da58830e8578049d47630bdb076d7005825e093f7a2802d7cb7
6407651998 43462 7433 f13587bc89fe4882c7c889302511ffd738d136129b9f5be4c492cb4948a93a89
6407652089 15557 6023 c7eaf405c3af6a1e2a2d464790bcc2d2a7bb2213f7e2d6e67c77075794a8519a
6407652252 24467 61101 3b4d64130faecf1e92ab3b466e66694f749a6198e1a1ffc3d7ffa68edf393918
6407652357 42251 2854 f6d749f390d91874cffc444de303413d868cc946124ee49b7f9c53ce90109295
6407652423 50288 62343 f13587bc89fe4882c7c889302511ffd738d136129b9f5be4c492cb4948a93a89
6407652669 46273 229 6ad9c2fbd9fb896626e5d71e92a5e7acdbf0b0f6346b64b04ba81542cf767e27
6407652685 64359 31383 a8b67301b38f203339f23b17fc3c7b6d8ba70fa46c0181acd4223356874f9874
6407652851 15201 2740 f3ec8c1ab65d46441629d23f72738c55949ec3a458ea99f742cd5ab117a20e8c
6407653016 54505 37535 be310445aaf35c53755355fedd7d207b20cf65cd3719282aadf2d2814df3756f
6407653052 49652 28875 f13587bc89fe4882c7c889302511ffd738d136129b9f5be4c492cb4948a93a89
6407653120 63227 46785 2c0db104fda6803cb6739da5af1c79c5a80f0d320de4d775cceff51b45559c4c
6407653362 48225 10289 f8cda008dea23631711367ee522fe989903afbf728367b0aebb5a2b28a83ee0a
6407653392 38804 6082 f13587bc89fe4882c7c889302511ffd738d136129b9f5be4c492cb4948a93a89
6407653525 45156 23085 f13587bc89fe4882c7c889302511ffd738d136129b9f5be4c492cb4948a93a89
6407653597 26055 31011 08eab8fb660a582b16c62b500e8df23ec06d8402372078f72a5c9316c22c3a5c
6407653824 52659 53178 126e96ee70741f4a925b7a98d5fc3555e675ee83ef80e190e96412a2ccfe94e1
6407653938 58148 32974 f13587bc89fe4882c7c889302511ffd738d136129b9f5be4c492cb4948a93a89
6407654187 42358 55603 f13587bc89fe4882c7c889302511ffd738d136129b9f5be4c492cb4948a93a89
6407654556 58136 10726 f13587bc89fe4882c7c889302511ffd738d136129b9f5be4c492cb4948a93a89
6407654626 50327 10529 4c92e15d036ff6ff132e45ade9119e163a42f5d192ed1ba7622becedeae5a0d1
6407654657 14522 58587 f13587bc89fe4882c7c889302511ffd738d136129b9f5be4c492cb4948a93a89
6407654809 62648 50736 f13587bc89fe4882c7c889302511ffd738d136129b9f5be4c492cb4948a93a89
6407654924 27969 62097 825ff90a26016830c7c3f6d91f37576903c484074f604d6d25a759c0d9c2ed6a
6407655228 56234 39250 f13587bc89fe4882c7c889302511ffd738d136129b9f5be4c492cb4948a93a89
6407655438 22943 27767 e62804e811b2f602373a9e1866efd2b18131f09df1f906cff51ab3a09cea6ac8
6407655506 58435 30217 3852e04b871c48f4b640d5b0834b46b5ca85612585e3e1562a44a745f7b426f6
6407655603 16367 50460 597d6d4f3f624ccea5e1424e60f204bed4e4c799ad462fc1451b142773366532
6407655875 39016 56590 f13587bc89fe4882c7c889302511ffd738d136129b9f5be4c492cb4948a93a89
6407656445 39946 11586 f13587bc89fe4882c7c889302511ffd738d136129b9f5be4c492cb4948a93a89
6407656451 45701 65020 ae18e4361ce228a0c3285ead4120d0b5dab357562fa7f58cca8e5c92dfc5397c
6407656718 10030 55601 f13587bc89fe4882c7c889302511ffd738d136129b9f5be4c492cb4948a93a89
6407657028 7847 36758 b89f98343dad263708987a777356c67e1e8a6a7f8a132d639d445bc170c4a02a
6407657394 26566 17118 f13587bc89fe4882c7c889302511ffd738d136129b9f5be4c492cb4948a93a89
6407657395 25935 32070 b89e4bc8cf1d1e9f5a797f63e0a332335775c0e6ff0e92f00ac2793c1371503e
6407658009 33926 52684 f13587bc89fe4882c7c889302511ffd738d136129b9f5be4c492cb4948a93a89
6407658061 32894 46570 f13587bc89fe4882c7c889302511ffd738d136129b9f5be4c492cb4948a93a89
6407658145 26343 40936 760be99a716f911a8e52629f19fe229e74652579332d72a1018c726ecbac4d1f
6407658191 56356 58684 f13587bc89fe4882c7c889302511ffd738d136129b9f5be4c492cb4948a93a89
6407658300 42187 40218 84652aa4d00b0def39b519718d2dd9b1b138504b4491495156c80625a068428f
6407658637 54366 53666 f13587bc89fe4882c7c889302511ffd738d136129b9f5be4c492cb4948a93a89
6407658844 52232 39526 f13587bc89fe4882c7c889302511ffd738d136129b9f5be4c492cb4948a93a89
6407658930 15820 57268 f13587bc89fe4882c7c889302511ffd738d136129b9f5be4c492cb4948a93a89
6407659468 6738 16473 f13587bc89fe4882c7c889302511ffd738d136129b9f5be4c492cb4948a93a89
6407659556 56271 35904 976240a5632984b11263b2d498237519097471d93093a47539ec90bbebb7c17d
6407659623 29995 33395 0faeb1b8b7db38633350bfdfab162421645b1445778eb82d3635c208ee0a54ef
6407659917 35465 39695 17c686354bd6445ff21d0a068546734537309dc27c51e3aec2cc1ed3c4d49729
6407659940 23578 16071 f13587bc89fe4882c7c889302511ffd738d136129b9f5be4c492cb4948a93a89
6407659954 12473 47613 b82a7465c8d4fa6bc6bf9ff6c15e9f75c47572d1f7ce8a6e6b592015ca8ba4c5
6407660320 36508 29844 f13587bc89fe4882c7c889302511ffd738d136129b9f5be4c492cb4948a93a89
6407660772 47392 14362 f13587bc89fe4882c7c889302511ffd738d136129b9f5be4c492cb4948a93a89
6407660973 18106 36447 f13587bc89fe4882c7c889302511ffd738d136129b9f5be4c492cb4948a93a89
6407661556 37166 8421 f13587bc89fe4882c7c889302511ffd738d136129b9f5be4c492cb4948a93a89
6407662090 46854 8689 f13587bc89fe4882c7c889302511ffd738d136129b9f5be4c492cb4948a93a89
6407662133 27792 19202 f13587bc89fe4882c7c889302511ffd738d136129b9f5be4c492cb4948a93a89
6407662286 49407 5963 b7a450e0c487ccf1a1e83ef5de54d7b10ac95c1ec2b82e63126f38ac779e9149
6407662383 56408 46033 f13587bc89fe4882c7c889302511ffd738d136129b9f5be4c492cb4948a93a89
6407662583 62916 61759 f13587bc89fe4882c7c889302511ffd738d136129b9f5be4c492cb4948a93a89
6407662888 42604 36275 f13587bc89fe4882c7c889302511ffd738d136129b9f5be4c492cb4948a93a89
6407663078 18827 20721 03ea30ff68934ff04ac93a74966fd57bf601c924f4683ace73543d68a436a0c0
6407663181 13574 17776 f13587bc89fe4882c7c889302511ffd738d136129b9f5be4c492cb4948a93a89
6407663639 26099 43838 0d8e34dd887aeca132b722eaf1ae7fb570edaba0c5fb134bd597c8018847c55e
6407664002 3545 20524 285ab9a0a3201cf6de1e58c96b3f08649eeb44c7ddbbdc681cc52a126948f50c
6407664472 1127 61705 c095f48fb512d06ac331d8497d92fae0ac835038c1c4aba2a0abe78bbe34fb29
6407664476 1705 43020 59b6290103a4c4c3f243e39f9cfb854ee88aad6aab2bb1ff21133b81da74443a
6407664712 39815 60434 5b435d9ad3e433439c751524518c603d27ee9573b732cf51ec1497d80105ab6b
6407664906 30445 30760 a444f0d166e66ed6a70ad7650afcd2835b892b764f6c630afb579352cfa560af
6407665065 26174 23829 f13587bc89fe4882c7c889302511ffd738d136129b9f5be4c492cb4948a93a89
6407665358 9368 7745 f13587bc89fe4882c7c889302511ffd738d136129b9f5be4c492cb4948a93a89
6407666213 33915 60 c232540394746152a8693b1d5dfb4d941ebeae6be0149b4175c1c4ac55920f1f
6407667283 13185 59358 87d9c69a46874087e50d98af31d10d9bd65d1b383f7e262d68cf5a7d0f49fe7e
6407667668 2208 17903 f13587bc89fe4882c7c889302511ffd738d136129b9f5be4c492cb4948a93a89
6407619251 50030 42583 f13587bc89fe4882c7c889302511ffd738d136129b9f5be4c492cb4948a93a89
6407619305 26121 21835 57ec9e74e6e6f9b81ee810db37e3e9e024656f04f1b03b27a11bdc01e68c80b2
6407619436 64086 7634 f13587bc89fe4882c7c889302511ffd738d136129b9f5be4c492cb4948a93a89
6407619735 44454 6395 f13587bc89fe4882c7c889302511ffd738d136129b9f5be4c492cb4948a93a89
6407619832 10476 8011 f13587bc89fe4882c7c889302511ffd738d136129b9f5be4c492cb4948a93a89
6407620184 50821 18266 4911a3979c2aee27e3203107c8fe97dbb47e4c2ef9403dd3436438fb9e5abcd4
6407620401 41051 6979 00d0cc50b9d682ee1df8003bc97df859f1af29fd7ce2f520ba5a1db439c9e4ba
6407621183 1056 52496 f13587bc89fe4882c7c889302511ffd738d136129b9f5be4c492cb4948a93a89
6407622047 28651 34267 45414fa83b2b5a9a7a9a152250972c26855b52892b48b840ef2cda0103624a31
6407622054 6815 6655 97eb3ca3396da43b7211e5661a08b0d0581f12fd444520134399db035d2a6514
6407622235 28898 63857 f13587bc89fe4882c7c889302511ffd738d136129b9f5be4c492cb4948a93a89
6407622295 7941 339 bfb7a6088653f914a6982025ce91b453d8deb45aaac55f910e1ffe42638580e6
6407672037 19076 41375 f13587bc89fe4882c7c889302511ffd738d136129b9f5be4c492cb4948a93a89
6407672754 35531 7393 5c1604024670527ad6c7bd39c95a34ab816d5575628081735accaad5599de38d
6407673385 51907 55701 65d475c2f000fe40c62e1b808d504e5d79542f1d6a1f699939a50024556b2f2b
6407673426 33002 1156 f13587bc89fe4882c7c889302511ffd738d136129b9f5be4c492cb4948a93a89
6407673505 48919 64413 a0e541efd3e5771cba1f3488023ed97197322c33cc19e66d7a1fbe9e90408c3e
6407673759 17332 3831 f13587bc89fe4882c7c889302511ffd738d136129b9f5be4c492cb4948a93a89
6407673766 33635 7994 d7e1dd2f61d20c13d8495cf04a373c9f00f1391802497d3fa8ef3ae8ae46964a
6407673793 16169 6129 8ad38c2c5f3f10aa3e781a2e9b3d80c440ce63b231169957a03be5b937398a82
6407673963 27725 41664 2985bef9351a379271ecfc7668eab870a495c3540b4aa887f5cca1adf3134de5
6407674734 33280 40418 f13587bc89fe4882c7c889302511ffd738d136129b9f5be4c492cb4948a93a89
6407674876 20232 24085 f13587bc89fe4882c7c889302511ffd738d136129b9f5be4c492cb4948a93a89
6407675969 1195 53408 8e2e242149e219bdd1b8a019c3b3103eed997c4b1d947d66c37cfc094709e5da
6407675971 50451 60285 ee303d11bef706a796dd4742ea1bb904851cb9bdea2cb365701fefdd6ccec29c
6407676056 35628 57966 f13587bc89fe4882c7c889302511ffd738d136129b9f5be4c492cb4948a93a89
6407676107 41564 28397 f13587bc89fe4882c7c889302511ffd738d136129b9f5be4c492cb4948a93a89

Total of 0 tasks calculated error.
