Total of 100 tasks calculated correctly, accuracy 100.00% 
6553293060 52249 32183 f77cf1ac56e5dc98c8b414ded643d0f6009f95196a269f04f9eb8d911434b44f
6553293498 34387 27058 168e455135a544179741ba78350c0c54970c11665b5e91c23ac6a54ca915c08f
6553293606 22383 61207 9b830c659c2593df35b588b6950eadce0d15fc9bf346123b24d85caf69ee9c68
6553293887 44287 51774 46a904948291454faebba93e6f71810296ad2b83708fe76a4731737905bc49fc
6553294191 7902 38602 f13587bc89fe4882c7c889302511ffd738d136129b9f5be4c492cb4948a93a89
6553294258 5597 42697 14e46f860a1a31581aee94f5482904e1b12224eb75ce86724c76a31b9996f810
6553294322 22226 4185 f13587bc89fe4882c7c889302511ffd738d136129b9f5be4c492cb4948a93a89
6553294423 50196 28261 f13587bc89fe4882c7c889302511ffd738d136129b9f5be4c492cb4948a93a89
6553294537 3734 5888 f13587bc89fe4882c7c889302511ffd738d136129b9f5be4c492cb4948a93a89
6553294574 40349 806 40a085cea7497264cc2db3b4fb36bc2aaa081db8acde1b53c1ee31d4dab8cd17
6553294591 21861 18408 2a121061148a5e0af9db27389d8b8afac16f74dc0cf2925a2c92eb3bebaac4dd
6553294830 48130 31346 f13587bc89fe4882c7c889302511ffd738d136129b9f5be4c492cb4948a93a89
6553294900 5766 40140 f13587bc89fe4882c7c889302511ffd738d136129b9f5be4c492cb4948a93a89
6553295101 32945 3435 1d0f55abfec27aaa3665c4a3f77829fd1a17f8d3ea26036b938186aa86ea21bf
6553295360 33853 5501 1df3303277cd09f3a7155c39d64168eb4914734491dc40c8dcb0ac87d9cb4996
6553295495 41176 43470 f13587bc89fe4882c7c889302511ffd738d136129b9f5be4c492cb4948a93a89
6553295663 43607 56916 9c0d506a9dda336735b97e3161de3ebb212f4c9d6894acae71d13171f78e3336
6553295764 29586 21846 f13587bc89fe4882c7c889302511ffd738d136129b9f5be4c492cb4948a93a89
6553295817 53444 16440 f13587bc89fe4882c7c889302511ffd738d136129b9f5be4c492cb4948a93a89
6553296272 59293 48425 cd9cacd5d56c366c26316ba077f0794b78d4071360157f78f4cca47cf78405df
6553296349 61072 29082 f13587bc89fe4882c7c889302511ffd738d136129b9f5be4c492cb4948a93a89
6553296355 32046 42678 f13587bc89fe4882c7c889302511ffd738d136129b9f5be4c492cb4948a93a89
6553297038 36386 49636 f13587bc89fe4882c7c889302511ffd738d136129b9f5be4c492cb4948a93a89
6553297079 23811 47138 99fe1e8aac42f3fa18dbabc3d507ee6949ebf38ba2d22a84e549cdb7ba08882a
6553297597 59610 8261 f13587bc89fe4882c7c889302511ffd738d136129b9f5be4c492cb4948a93a89
6553297663 1398 17793 f13587bc89fe4882c7c889302511ffd738d136129b9f5be4c492cb4948a93a89
6553297926 33781 33642 757c5d347c0814c1b9e871dfd797da7b1b3549d6b576bbb946434df010ba40e6
6553298111 29798 61938 f13587bc89fe4882c7c889302511ffd738d136129b9f5be4c492cb4948a93a89
6553298508 55179 30497 33558bcc9dad2366187c69a46f83268a82b292d689aad2038f48d84de1981dc5
6553298804 12571 51257 8ce7138491064d7f6018b2051ed120c77219dc64bfff9b9770e01106812d370e
6553299340 45579 13569 8f1748c3162a25df1a90f4e9ad8cdbec506acc8038f5fc810e964fa790e6be92
6553299441 556 55321 f13587bc89fe4882c7c889302511ffd738d136129b9f5be4c492cb4948a93a89
6553299791 27404 12966 f13587bc89fe4882c7c889302511ffd738d136129b9f5be4c492cb4948a93a89
6553299808 64332 16436 f13587bc89fe4882c7c889302511ffd738d136129b9f5be4c492cb4948a93a89
6553300451 32053 29633 192edd8fd0d26b6670fa75170781d81e6028d012de93b0183c517381b8c7b273
6553300615 47952 63617 f13587bc89fe4882c7c889302511ffd738d136129b9f5be4c492cb4948a93a89
6553300825 9883 56225 0be127bb3537e28759c9e9bbf5c56e1708b453b3f90d8f0ad9caafc943e82044
6553260066 56784 31354 f13587bc89fe4882c7c889302511ffd738d136129b9f5be4c492cb4948a93a89
6553260088 9590 55206 f13587bc89fe4882c7c889302511ffd738d136129b9f5be4c492cb4948a93a89
6553260177 25850 2741 f13587bc89fe4882c7c889302511ffd738d136129b9f5be4c492cb4948a93a89
6553260229 30930 59115 f13587bc89fe4882c7c889302511ffd738d136129b9f5be4c492cb4948a93a89
6553260378 10781 3877 0ee6a7205d6c0671d2f7881e68e8ae3f0fa8a941568c63c3d53b8f9edad1f97a
6553260407 21680 21324 f13587bc89fe4882c7c889302511ffd738d136129b9f5be4c492cb4948a93a89
6553260566 48577 28202 5515750eabb2e8a47ff3487a796e3dcb971562fd0528e6a6c10a099beeceeef4
6553260649 44924 3683 f13587bc89fe4882c7c889302511ffd738d136129b9f5be4c492cb4948a93a89
6553260876 51194 11017 f13587bc89fe4882c7c889302511ffd738d136129b9f5be4c492cb4948a93a89
6553261614 16320 48437 f13587bc89fe4882c7c889302511ffd738d136129b9f5be4c492cb4948a93a89
6553262322 2509 22865 71309e1b7d9d43fc8861eff1d615695ec7051b4c9c86d7b0d3e27ed9688d1d58
6553262871 11228 17694 f13587bc89fe4882c7c889302511ffd738d136129b9f5be4c492cb4948a93a89
6553262878 57738 65177 f13587bc89fe4882c7c889302511ffd738d136129b9f5be4c492cb4948a93a89
6553263380 51367 46058 d93b4c0ac1b1e19f167c1aa61886cccf40ebb621a30540adbc815f46cc2ecf4f
6553263435 40077 3772 78d66074d26aaf7aab231b37dbf330df7c65557582466009d949e7df1a65e9e5
6553263441 2038 8950 f13587bc89fe4882c7c889302511ffd738d136129b9f5be4c492cb4948a93a89
6553263555 17435 24265 ee8a0ddd5e83454c40f5f0a2ca2203cecd406f88bcbe0e876b16f0a705c7f39c
6553263691 54949 2547 915c542ddc17325c1ab4470c9902b2d9de4bb35919d5e717829c865ead24d82b
6553263938 10389 17819 426f948c4cc06967dce8c2b268ac663a76f88c023c4d48bd5aa15a939a69d785
6553263984 22913 3492 99132a308f6d44d2f22f993c51b646522bbdab2c5f9443e06ff6818baff2f4ef
6553231392 17449 18212 4ea0f287c0bd9670c525b9465ce976956f50c1eb962dfd2042473b08de5eec54
6553231555 57113 32861 7f066d3d4e35f9c96639974226af3b9fdf5450776bf6e2cd683c14f206ff1176
6553231570 65100 55645 f13587bc89fe4882c7c889302511ffd738d136129b9f5be4c492cb4948a93a89
6553231785 29822 20959 f13587bc89fe4882c7c889302511ffd738d136129b9f5be4c492cb4948a93a89
6553231797 53809 58701 85e2915bea266c8df75cc7df3968790a5bcf6cee431627e422f74c6c45715b34
6553232229 53367 36395 3eea65d1c807317a8536b3fefe522f31290a04ae3913fb94698594331c9f5776
6553232345 52496 52550 f13587bc89fe4882c7c889302511ffd738d136129b9f5be4c492cb4948a93a89
6553232360 24355 1023 002b81bb94986e0414ac32044a9df15558268bfb79b23427fea73f0064328494
6553232469 39539 24673 c9185615abd924e939b30f98b211d405d3751841a6ea0c22d764f1ae3b3b6759
6553232481 62878 49788 f13587bc89fe4882c7c889302511ffd738d136129b9f5be4c492cb4948a93a89
6553232697 20983 64373 ab7504e39ad382a75d6bf2db21d1b0dd60aee7dd64c8ac2f6a599acc4137fe65
6553232983 56012 56620 f13587bc89fe4882c7c889302511ffd738d136129b9f5be4c492cb4948a93a89
6553233163 39090 27635 f13587bc89fe4882c7c889302511ffd738d136129b9f5be4c492cb4948a93a89
6553233936 64335 11731 99e0b4b3642e1763b70e468ace36fe5e7bcb77c2e56e97c5192aa20a10a9a40b
6553234035 41293 32924 ea95674cdb7e2ac79dec9b1480e6c0759ef5c8ca7830996f02c0d626143806dc
6553234078 54468 58186 f13587bc89fe4882c7c889302511ffd738d136129b9f5be4c492cb4948a93a89
6553234407 9023 1371 70587ab81b9beb5a72f5867b0cdcbf6ba4e9507085eef8721be9510015d05722
6553234737 54135 37853 6a7e06dc5cfe62d5280f2fe256420feb18c6d472b366052e8648efb7feac678a
6553234864 40468 53408 f13587bc89fe4882c7c889302511ffd738d136129b9f5be4c492cb4948a93a89
6553235040 59445 17008 ade31905c40b0a2e5c92f54401054560126cec0598024d0fbd463a4a64318f02
6553235103 4679 46137 c6abc7c28b4c7bdb6c3baa193508871c7421aea45e4bb5066fe98bb6417bbdf4
6553235327 54441 46349 450ba3d8b9d2d33298f1ad7a52f40744bf265cb203d9b11246214e568a7fbd96
6553301581 7640 18959 f13587bc89fe4882c7c889302511ffd738d136129b9f5be4c492cb4948a93a89
6553301619 50672 18341 f13587bc89fe4882c7c889302511ffd738d136129b9f5be4c492cb4948a93a89
6553301923 38257 9954 dc5be7615c4c1c4aaf30c0822a75e283671ce50291f7fa5e32c9b8c45fd78661
6553302032 35078 32977 f13587bc89fe4882c7c889302511ffd738d136129b9f5be4c492cb4948a93a89
6553302324 22170 42984 f13587bc89fe4882c7c889302511ffd738d136129b9f5be4c492cb4948a93a89
6553302368 50219 28057 3ea16dbb6e6b02039c8db575b04d5c2eb34489a4adf24137d35b33d51b2eb731
6553302597 13497 21374 ec097055b5207b9c9e735a2fad4c3d7399fa58ad9b55fe4c92a63d16bd19f852
6553302970 39246 18276 f13587bc89fe4882c7c889302511ffd738d136129b9f5be4c492cb4948a93a89
6553303071 34833 8594 3f62476ccacc87b513724323bc93e630def2c5f7871f2124803f4328c19f3c65
6553303180 56072 8417 f13587bc89fe4882c7c889302511ffd738d136129b9f5be4c492cb4948a93a89
6553303181 10372 59087 f13587bc89fe4882c7c889302511ffd738d136129b9f5be4c492cb4948a93a89
6553303270 1144 17762 f13587bc89fe4882c7c889302511ffd738d136129b9f5be4c492cb4948a93a89
6553304042 35554 44608 f13587bc89fe4882c7c889302511ffd738d136129b9f5be4c492cb4948a93a89
6553304135 43213 59852 2b8d338334385f32cbce3145db58968df91a682817e38297e523fa5deed7a488
6553304454 35054 28312 f13587bc89fe4882c7c889302511ffd738d136129b9f5be4c492cb4948a93a89
6553304532 12765 53019 2ef2f4391979f86fff6dca681961260a410622566a4ec2366d263ddd6a47474b
6553304687 50880 21049 f13587bc89fe4882c7c889302511ffd738d136129b9f5be4c492cb4948a93a89
6553305055 4424 40296 f13587bc89fe4882c7c889302511ffd738d136129b9f5be4c492cb4948a93a89
6553305114 37875 2245 6f9005db2198ec0fa4c766c9933fbea365392f01abb3b63f7da5a43b36af2db1
6553305158 35642 62157 f13587bc89fe4882c7c889302511ffd738d136129b9f5be4c492cb4948a93a89
6553305183 55899 6583 ca0cf04150f9d746b40559376c53cc8a1392ccd7c930a50bf96615e376d6fefd

Total of 0 tasks calculated error.
