Total of 100 tasks calculated correctly, accuracy 100.00% 
6844604519 7054 9013 f13587bc89fe4882c7c889302511ffd738d136129b9f5be4c492cb4948a93a89
6844604765 38089 37837 e71899734799faee9d95ef91dbe4ff2ac46339025d521cba42f872441d7d102a
6844604920 27199 60328 3542dd50f18790107a56da34da962d5fb02d552d2f94c82935f4b64b4fb30b6e
6844605081 43066 52863 f13587bc89fe4882c7c889302511ffd738d136129b9f5be4c492cb4948a93a89
6844605385 61350 31159 f13587bc89fe4882c7c889302511ffd738d136129b9f5be4c492cb4948a93a89
6844605578 60506 60478 f13587bc89fe4882c7c889302511ffd738d136129b9f5be4c492cb4948a93a89
6844606137 21799 15554 29c35a78a5acf7742d6b0b42d70a294cda05d5c4c79a4b4b7119490b38960a61
6844606366 9849 17645 f5ecece830a03f7797bfbb53ff90d9d4a945be4ac89392e3c9e27c4360999ba7
6844606529 196 56274 f13587bc89fe4882c7c889302511ffd738d136129b9f5be4c492cb4948a93a89
6844606847 7919 53014 0a53d07a7f7e4827d8b91e01dbc4efa179bf48e53f3cb316d080972bc512dfc1
6844607204 15862 31110 f13587bc89fe4882c7c889302511ffd738d136129b9f5be4c492cb4948a93a89
6844607982 15744 50870 f13587bc89fe4882c7c889302511ffd738d136129b9f5be4c492cb4948a93a89
6844608023 55788 56933 f13587bc89fe4882c7c889302511ffd738d136129b9f5be4c492cb4948a93a89
6844608087 30634 63743 f13587bc89fe4882c7c889302511ffd738d136129b9f5be4c492cb4948a93a89
6844608223 18174 25070 f13587bc89fe4882c7c889302511ffd738d136129b9f5be4c492cb4948a93a89
6844608512 61504 58102 f13587bc89fe4882c7c889302511ffd738d136129b9f5be4c492cb4948a93a89
6844608628 34055 43147 02b0945a850dbee0c7f44bb968fbb857f5f3caacbdf2d876fa622859153d2774
6844608806 64141 22116 b7704f1fef5ddd9fd4ce7336fa34ac901394fb9f56ec328b017c89095eecce81
6844608903 47694 19011 f13587bc89fe4882c7c889302511ffd738d136129b9f5be4c492cb4948a93a89
6844609058 51373 47506 b947d2e33881a452b784288c52b347121fecd9d6ad5ca512e0ea1bfb4cf655ab
6844609163 19835 14408 3634f63e3869d653f0bf73279d62dec9b533a806bd725436ea14e23fe224ef2d
6844609282 63788 6846 f13587bc89fe4882c7c889302511ffd738d136129b9f5be4c492cb4948a93a89
6844609296 28839 33615 121b028306cdaf85b6ed37eb0ed27d47ff4b2f5ed64395cd105c739c306ba84f
6844609326 65027 63851 438a0d6b8cfb0a5ded793eef2d7dcb92c884b01ab0811c29ad335af3c8f6058d
6844609394 62508 26169 f13587bc89fe4882c7c889302511ffd738d136129b9f5be4c492cb4948a93a89
6844609555 16006 12542 f13587bc89fe4882c7c889302511ffd738d136129b9f5be4c492cb4948a93a89
6844609605 48377 1319 d95e18de51df1d4f81d49e9c2f19cb14077dce7b4be0a7d00acc0f1da9fb17eb
6844609725 35371 20301 d907056e68effb3f3ce09d1ef18cbba9fe98dd93cfc7a6c4591a5b050fc5184e
6844609906 38814 64909 f13587bc89fe4882c7c889302511ffd738d136129b9f5be4c492cb4948a93a89
6844609965 32071 57282 c2f7d645720bf6636558a94bb6c50c504def3d0122bf631950dba5be8df2c7e4
6844610472 24575 17225 364ccf120105f25e4b3f02be2be92d58f630fc0ae730c2ce286cc25f4613c59d
6844610905 11765 41213 f8dfdf025cc91097118bebbec0407543717f491c7b74b6d5d478cd78873631d1
6844611124 56809 64615 3f98391c01381b7d24456b2fcaf0f737909ea18092917544ed0ab75feab97b02
6844611195 7706 20069 f13587bc89fe4882c7c889302511ffd738d136129b9f5be4c492cb4948a93a89
6844611232 12404 4948 f13587bc89fe4882c7c889302511ffd738d136129b9f5be4c492cb4948a93a89
6844611418 49723 60832 454a6f12fa498de896cd5dfec465ce8fa3bab7f7cdad2d90ac25c833b8cb4ddd
6844611644 8440 34068 f13587bc89fe4882c7c889302511ffd738d136129b9f5be4c492cb4948a93a89
6844611988 27376 30380 f13587bc89fe4882c7c889302511ffd738d136129b9f5be4c492cb4948a93a89
6844534908 43806 2234 f13587bc89fe4882c7c889302511ffd738d136129b9f5be4c492cb4948a93a89
6844534977 56856 59124 f13587bc89fe4882c7c889302511ffd738d136129b9f5be4c492cb4948a93a89
6844535130 16853 50466 ee6bf83d15412eb1cc61e4166cd5054867be4539b3b6f16e75a96d2216c6ef92
6844535335 7278 49447 f13587bc89fe4882c7c889302511ffd738d136129b9f5be4c492cb4948a93a89
6844535786 63059 25900 11865ae5317d2bb54472e1c016f604af7e89e674635b5be0bdcf366290a26254
6844536272 37451 17597 47cfc9c511b11f9efe8baa4d06e8fe99581a05d23f7ec0da8c52b311e79f1c23
6844536356 42561 6228 a634c1db65723f50ae098d7542e2acdebb3182481c8c78a1ae1a5f30453a2240
6844536457 17250 12822 f13587bc89fe4882c7c889302511ffd738d136129b9f5be4c492cb4948a93a89
6844536791 5032 37904 f13587bc89fe4882c7c889302511ffd738d136129b9f5be4c492cb4948a93a89
6844536812 41040 21036 f13587bc89fe4882c7c889302511ffd738d136129b9f5be4c492cb4948a93a89
6844537091 47873 48860 1de5da121e63de36a90bb9b17b81d0cda8eb3b219af5e09a371d63cccdb4771d
6844537134 25527 33379 20051c62ddf50bc670cdf2e2bc6686bdd74de4cf8b1dd4fdaa5fa7a85c5bb26c
6844537170 17833 18567 c96e2a5b48c7337b69f930a4cb845365bb5ee6138bbfb2212cde3b51cad4b22c
6844537282 65360 36065 f13587bc89fe4882c7c889302511ffd738d136129b9f5be4c492cb4948a93a89
6844537443 9513 31198 7c782195fc878097c9aa628646a4fb62de5ce514fdaad40780e8b666229a94f0
6844537489 52990 57465 f13587bc89fe4882c7c889302511ffd738d136129b9f5be4c492cb4948a93a89
6844537610 17270 53232 f13587bc89fe4882c7c889302511ffd738d136129b9f5be4c492cb4948a93a89
6844538101 9369 125 2ad2da06315d4a0b5e34c9fced5225332cf106373fde22f58559be0d3d0d80e2
6844538152 46989 34108 8d64d2c6e66956ce9a62921096e285772fb5f41ac811b1eb73a89e5eb3082fe5
6844538156 39907 31207 b9ad2567e1ad6b0bc5a177635e3caf86f12a3126a66d2c8f7bd7cfb0cec9fe78
6844616952 19263 40622 1d20772636eeafffed1d2273be7d896704c2952ee8b27b841e3c615c61ad31b2
6844616998 38239 22219 1dc023d2931f458ef15afe8c0dc9f6f7dc504d69d79440fc017da752194a85c2
6844617127 7267 25098 8469b947e0c743a359e42af2cd2c50915be2f2bda850c904fc75a72cf16f6cd3
6844617177 6421 19244 3e3077fa912ddebe3726257d42abc2c163db33c6a22d662f8372e5904abd53e1
6844617190 31548 10884 f13587bc89fe4882c7c889302511ffd738d136129b9f5be4c492cb4948a93a89
6844617336 63092 25924 f13587bc89fe4882c7c889302511ffd738d136129b9f5be4c492cb4948a93a89
6844617384 17801 10369 812b054ca8f31f0e307306bd2eac0e070766aeb041ae00537a0b87a986582b7c
6844617422 64106 2386 f13587bc89fe4882c7c889302511ffd738d136129b9f5be4c492cb4948a93a89
6844617573 37358 15065 f13587bc89fe4882c7c889302511ffd738d136129b9f5be4c492cb4948a93a89
6844617669 49439 1345 f99cd99830270a0adc4612a9c5a94f5bd8ad53b7be3e1750344ecbe9c15129bf
6844617670 50371 29990 f74729723bf6f347380137d9b54ebae600354afce3c3dbd9c77539ab1315e3c4
6844617997 1230 38723 f13587bc89fe4882c7c889302511ffd738d136129b9f5be4c492cb4948a93a89
6844618135 44734 7113 f13587bc89fe4882c7c889302511ffd738d136129b9f5be4c492cb4948a93a89
6844618209 16890 21835 f13587bc89fe4882c7c889302511ffd738d136129b9f5be4c492cb4948a93a89
6844618241 30944 17342 f13587bc89fe4882c7c889302511ffd738d136129b9f5be4c492cb4948a93a89
6844618270 50947 43273 63eecd33e5521251ab2f517636e3ef2746934f99bb976502639d589abd23cac8
6844618593 59467 15832 e248de8afc69ce5f1f26e8e19e5549af0f263a37a4399b1c51217c2e6915da79
6844618774 35110 62995 f13587bc89fe4882c7c889302511ffd738d136129b9f5be4c492cb4948a93a89
6844618784 21513 22616 96860287d9afe3ce80e2b84869996a445c219b7380cdfabd3fe8ce76477eaee8
6844618817 5138 21802 f13587bc89fe4882c7c889302511ffd738d136129b9f5be4c492cb4948a93a89
6844618915 43093 1185 52ec81f908d98cf9eecf4503fc2d8be926d8dac8a6126582e3772751ba54473e
6844619092 55161 14649 c7c5e51600cf3a3152181d8b75e9074569a4148e13cd17c62379aae2ab680eee
6844619201 11980 27866 f13587bc89fe4882c7c889302511ffd738d136129b9f5be4c492cb4948a93a89
6844619291 64333 39240 595a88c7dab13d3cba081a8dcc06f2b252d2611c62746f2ae0f2af3697ca4c42
6844619553 52192 21965 f13587bc89fe4882c7c889302511ffd738d136129b9f5be4c492cb4948a93a89
6844619574 44060 15272 f13587bc89fe4882c7c889302511ffd738d136129b9f5be4c492cb4948a93a89
6844619617 48686 42394 f13587bc89fe4882c7c889302511ffd738d136129b9f5be4c492cb4948a93a89
6844619997 60428 44721 f13587bc89fe4882c7c889302511ffd738d136129b9f5be4c492cb4948a93a89
6844620253 38118 58801 f13587bc89fe4882c7c889302511ffd738d136129b9f5be4c492cb4948a93a89
6844620469 64352 23916 f13587bc89fe4882c7c889302511ffd738d136129b9f5be4c492cb4948a93a89
6844620608 51112 40156 f13587bc89fe4882c7c889302511ffd738d136129b9f5be4c492cb4948a93a89
6844620906 60485 23143 227e4906648d9eecdc141886f82daac7fc327ba78108efd8a9318b8c83cd30a7
6844620969 31194 30996 f13587bc89fe4882c7c889302511ffd738d136129b9f5be4c492cb4948a93a89
6844621054 22156 1901 f13587bc89fe4882c7c889302511ffd738d136129b9f5be4c492cb4948a93a89
6844621664 42708 40182 f13587bc89fe4882c7c889302511ffd738d136129b9f5be4c492cb4948a93a89
6844621680 46968 54265 f13587bc89fe4882c7c889302511ffd738d136129b9f5be4c492cb4948a93a89
6844621722 59507 14527 acbf974dfbd904b5589595b780aa7dc1ce1ae8d695bf876a59da4cbf3ed5f012
6844621811 56201 48879 11a9a42caea6345c396800f70f430c9dcc42e040271b13dc742524249b21ddf2
6844621818 62702 21350 f13587bc89fe4882c7c889302511ffd738d136129b9f5be4c492cb4948a93a89
6844621935 52255 54251 6fc6390faf00734f04a7eefd2da50dfc3534af4830c44837817c397bffe0775d
6844622017 61224 65131 f13587bc89fe4882c7c889302511ffd738d136129b9f5be4c492cb4948a93a89
6844623106 29184 23713 f13587bc89fe4882c7c889302511ffd738d136129b9f5be4c492cb4948a93a89

Total of 0 tasks calculated error.
