Total of 100 tasks calculated correctly, accuracy 100.00% 
6990262979 20367 58419 a9d61988d8dae3ed94d8e1ffd73cc48a24b0edffeccbf20f5655a552be153941
6990263164 63793 43505 f315061c8848267061509a2bf3413443bf052b0a7022f42154088e98cd349c61
6990263403 28507 12202 64ddeaef10d6dee0ba5bd36ef89b17521e677c482c92ae06d39e1c5a3fdbd306
6990263432 21505 50802 355e8cf3fc7ea892b887531d37eec20f730586e80c6d2e218199483e545489d4
6990263930 28729 62344 4d79e87541723c1d635677c7877662837652080703cfe2142a38c4e112aaf0e4
6990264015 58654 28507 f13587bc89fe4882c7c889302511ffd738d136129b9f5be4c492cb4948a93a89
6990264445 45048 15332 f13587bc89fe4882c7c889302511ffd738d136129b9f5be4c492cb4948a93a89
6990264633 19420 39861 f13587bc89fe4882c7c889302511ffd738d136129b9f5be4c492cb4948a93a89
6990264777 24340 51230 f13587bc89fe4882c7c889302511ffd738d136129b9f5be4c492cb4948a93a89
6990265241 10152 64994 f13587bc89fe4882c7c889302511ffd738d136129b9f5be4c492cb4948a93a89
6990265297 6258 24413 f13587bc89fe4882c7c889302511ffd738d136129b9f5be4c492cb4948a93a89
6990265366 34812 8141 f13587bc89fe4882c7c889302511ffd738d136129b9f5be4c492cb4948a93a89
6990265599 12932 28063 f13587bc89fe4882c7c889302511ffd738d136129b9f5be4c492cb4948a93a89
6990265757 52510 59979 f13587bc89fe4882c7c889302511ffd738d136129b9f5be4c492cb4948a93a89
6990265815 49125 25983 624073a71483da69782abe6a563d9f4126336598191dddea5de24b5358ecea65
6990266175 19951 19795 79176a3112cc81258135415215493581bd5987f5f5cf3de4f31ed7f35986e407
6990266201 5474 12181 f13587bc89fe4882c7c889302511ffd738d136129b9f5be4c492cb4948a93a89
6990266354 725 50399 bd19e21bf8563369b74ce57722c11f0c3adaeca1a28b178bef1ad044ece69b9a
6990266397 45807 11735 5626a901060a91c9f5b2ab593597fd03dcef1c0bf6f33ea2ff1bc0206f557b5d
6990266756 40971 30498 eaead1a0f48f7d7a983a1c0d04345b2fe6d5f573765b8b542153ea923e2014fc
6990266897 49245 30461 462903a7df5c5c338262a6dc2ddba2f9fd1595ecfa1e8397273a1247f62272f4
6990267130 13871 11989 bf5de3f8f3fe1d4458db8c0cad3edf33f0da0ce4d70df7754c162d985b4aad5c
6990267406 14097 27978 238193fd010b591252a1119b3935edb40bc66842e6fca991d9aa9c4fd0a16c74
6990267629 62968 14283 f13587bc89fe4882c7c889302511ffd738d136129b9f5be4c492cb4948a93a89
6990267673 7875 49256 4f0cb4b2ef06dd712426e7a221fec04cd8b6dc34038bb9279b7772daf026b128
6990267838 6753 39649 86cd9769710d882ca65758d81199c8b2da205af87bff8ff1b2595217f8d95b40
6990267868 10732 31716 f13587bc89fe4882c7c889302511ffd738d136129b9f5be4c492cb4948a93a89
6990268231 32963 4066 4e37b32eb57b9c951d7eefbc194de184c17aac412923aad6d6415a0ad7960427
6990268238 63958 7764 f13587bc89fe4882c7c889302511ffd738d136129b9f5be4c492cb4948a93a89
6990268398 50535 40356 cded2117bc1db21ccc69c572f3c8de434f0f141668214d492423f566740d3e3e
6990268437 8745 22952 c32bba275ca5b5a80586953a5dbd5b6e9f0d7dc98cd63e07d913138fde12151b
6990269220 41312 43002 f13587bc89fe4882c7c889302511ffd738d136129b9f5be4c492cb4948a93a89
6990269233 42719 59474 2e96116113de2f1c5151ccb45fef742d190617ecff698746c91404df45baeddd
6990269279 11099 13458 fa4a9c5257e7bf7e9ef11d3c616420f67bf8dd0cc0000ba9255f377dc7ab3c90
6990269368 22291 42516 2527ad0af174a448e2c755b5556794a3648680893b45d114a5844ee1f457e386
6990269624 37648 29572 f13587bc89fe4882c7c889302511ffd738d136129b9f5be4c492cb4948a93a89
6990269784 57388 19968 f13587bc89fe4882c7c889302511ffd738d136129b9f5be4c492cb4948a93a89
6990270093 55186 27363 f13587bc89fe4882c7c889302511ffd738d136129b9f5be4c492cb4948a93a89
6990270614 17752 40114 f13587bc89fe4882c7c889302511ffd738d136129b9f5be4c492cb4948a93a89
6990270703 31892 64201 f13587bc89fe4882c7c889302511ffd738d136129b9f5be4c492cb4948a93a89
6990270853 28185 11889 bdc3b3c847c5d02d3992e9ffffed9b4c3152e12aa6d4fd8383889faee9e5c177
6990271310 10624 1317 f13587bc89fe4882c7c889302511ffd738d136129b9f5be4c492cb4948a93a89
6990271830 4278 43504 f13587bc89fe4882c7c889302511ffd738d136129b9f5be4c492cb4948a93a89
6990272444 19802 2191 f13587bc89fe4882c7c889302511ffd738d136129b9f5be4c492cb4948a93a89
6990272477 45213 61943 8361edbb7ea07f5fcdcd04dd8abd2d9a422cd6cb797f7167a8bbb62abf9165f8
6990272600 30496 34739 f13587bc89fe4882c7c889302511ffd738d136129b9f5be4c492cb4948a93a89
6990272625 26353 30903 82b4d18ec84a5edb398b463c44251bcd442aae4c609bff7576e2d59227feb3fb
6990273007 35298 33334 f13587bc89fe4882c7c889302511ffd738d136129b9f5be4c492cb4948a93a89
6990273055 831 52291 afae00bea1cc2b044d573ea7f9596cba206792600d4cb11484993aeaab1c7977
6990273103 35061 54162 f274ff72fb90cd615c37c09027c52076f8dbb527745b40238681de6db6630cb9
6990273186 44654 16613 f13587bc89fe4882c7c889302511ffd738d136129b9f5be4c492cb4948a93a89
6990273223 5508 18734 f13587bc89fe4882c7c889302511ffd738d136129b9f5be4c492cb4948a93a89
6990273762 2987 49458 954d1a1bccf143c728903cfe1aca70c9d07ed09bd1ef78f3662f3705f6338364
6990273845 9002 12632 f13587bc89fe4882c7c889302511ffd738d136129b9f5be4c492cb4948a93a89
6990274324 23948 58694 f13587bc89fe4882c7c889302511ffd738d136129b9f5be4c492cb4948a93a89
6990229560 5926 17551 f13587bc89fe4882c7c889302511ffd738d136129b9f5be4c492cb4948a93a89
6990229631 4850 57428 f13587bc89fe4882c7c889302511ffd738d136129b9f5be4c492cb4948a93a89
6990229762 37074 65374 f13587bc89fe4882c7c889302511ffd738d136129b9f5be4c492cb4948a93a89
6990229768 31918 28969 f13587bc89fe4882c7c889302511ffd738d136129b9f5be4c492cb4948a93a89
6990229780 30748 17929 f13587bc89fe4882c7c889302511ffd738d136129b9f5be4c492cb4948a93a89
6990229927 14135 4193 5a7e71cd5e11fd58af4fecdc189551bdd0ae516f75e9ce706021a2db98550bda
6990230081 42271 63827 53da63e609aee0e46670143f773e0b89868dd43ea6bda4f605be2ecd3fce48e6
6990230167 33767 63993 24b8737ff1e0134ab73f1d2609a21697960ac71aa901a698099d99be30ce91b8
6990230278 6500 18747 f13587bc89fe4882c7c889302511ffd738d136129b9f5be4c492cb4948a93a89
6990230539 19657 13573 51273281ebdf3eea30dfe45ec43413a729c3d5183c42eda0c6699987222539e6
6990230752 32242 63751 f13587bc89fe4882c7c889302511ffd738d136129b9f5be4c492cb4948a93a89
6990231027 44298 49121 f13587bc89fe4882c7c889302511ffd738d136129b9f5be4c492cb4948a93a89
6990231233 13036 56124 f13587bc89fe4882c7c889302511ffd738d136129b9f5be4c492cb4948a93a89
6990231478 34638 16805 f13587bc89fe4882c7c889302511ffd738d136129b9f5be4c492cb4948a93a89
6990231767 15686 56621 f13587bc89fe4882c7c889302511ffd738d136129b9f5be4c492cb4948a93a89
6990231811 45835 38703 03c0f73f97facf742a2a39254d50e1f3dd9d81a992376e82e2f02c9f3f8b966c
6990232433 31454 7671 f13587bc89fe4882c7c889302511ffd738d136129b9f5be4c492cb4948a93a89
6990233219 31207 42246 e2a6e2d9ba6ad2950027373bba2e1b2296e4c27fc5a09e05c4c80710a5f20146
6990233461 20316 51264 f13587bc89fe4882c7c889302511ffd738d136129b9f5be4c492cb4948a93a89
6990233495 53375 18744 b657c1ff2179715d9c8cb0f7efa2f6a5be220d7d8a53ec63fa319979b4651dbc
6990233579 44471 360 ee10b19b3f6e23b30b2cc7167c40c453d4df66e1b27f7eef235864911bbec53b
6990283216 60754 1217 f13587bc89fe4882c7c889302511ffd738d136129b9f5be4c492cb4948a93a89
6990283262 1533 32470 18b3ba8f156a0b5ae05dcb82bef61fcf462610a6818d47771e860d5b8a0cb594
6990283567 4158 41636 f13587bc89fe4882c7c889302511ffd738d136129b9f5be4c492cb4948a93a89
6990283847 34933 15749 24bc614dee50c4b429fef45a546f2f8cb33fa5f1d32f7b3585d78526e4ebd921
6990284003 45282 44614 f13587bc89fe4882c7c889302511ffd738d136129b9f5be4c492cb4948a93a89
6990284295 52651 22417 481de5581de35bc310b3f2dde902a7a3dd256f81f876cf15dbfc26b7f6e9c7af
6990284388 6671 48183 c402b34ee8eb5389d5bc72dda0b2e59d2d84eff2545d6ced3841e3228ae39734
6990284458 28194 27286 f13587bc89fe4882c7c889302511ffd738d136129b9f5be4c492cb4948a93a89
6990285139 26199 55991 e05a35b0b72dec3cc1c1ba809c0b0b1a92b32f13d5a341d2d16c214b02e21e3b
6990285164 10953 63436 c43b88c2389a99f7f79b796a3aac5ed2bdbbf33c5bc22706b16a50b1996ba4f6
6990285207 10409 14448 c2013b14aeee0b1f12c7ec9121fb8868edb940e718b09e2051dce1e624fe8828
6990285604 14404 33487 f13587bc89fe4882c7c889302511ffd738d136129b9f5be4c492cb4948a93a89
6990285605 20780 44053 f13587bc89fe4882c7c889302511ffd738d136129b9f5be4c492cb4948a93a89
6990285779 61319 539 36489551424bd1f9c245c64a7ec08f16172afde22b8a2fcaa90f63777ebe0e52
6990286110 59768 49006 f13587bc89fe4882c7c889302511ffd738d136129b9f5be4c492cb4948a93a89
6990286235 40896 53497 f13587bc89fe4882c7c889302511ffd738d136129b9f5be4c492cb4948a93a89
6990286373 17477 38572 dbffa1fdcfcf7dcff8e64d7353eaa978fb0d5d9ea8177858efd66677c3eff5c2
6990286703 42945 32813 6f45948facbb60047f2e9e6349904d191247a7698ae7869c7014364d6dc4e173
6990286757 35801 35920 7ef14f9963bb4c20d2fc467f1829bbd99dcfb886d211ff102e9726bf24b9dedd
6990286835 33859 56728 fcb463a9f997b64a410a74bec51733c13c6a998be2bd139f7301d49c5ff4794b
6990274587 32993 47587 8d0cd73ceaf59c438b287ee1a9d59558cdeb87cf7c5aed321515117a3e886abd
6990274644 23785 36528 b5659fa21f8eaa9a129c24ebe1f0353d8343b7116651bbea5b198bd3e31f3b32
6990274816 48787 44950 0ba37fabb418de9afe17388e569b3e585fac7a7d83360a4fe63cf26ea90ba764
6990275184 37066 57821 f13587bc89fe4882c7c889302511ffd738d136129b9f5be4c492cb4948a93a89

Total of 0 tasks calculated error.
