Total of 100 tasks calculated correctly, accuracy 100.00% 
7281496066 33356 25775 f13587bc89fe4882c7c889302511ffd738d136129b9f5be4c492cb4948a93a89
7281496168 24527 55973 e3333bc8b781dd129cc96ce2ca4d18b55dd1d9a66ff0fb1b273742333eb7e9bc
7281496229 12506 32252 f13587bc89fe4882c7c889302511ffd738d136129b9f5be4c492cb4948a93a89
7281496756 31765 59270 af636c1345baca95bd0a2f1d3333ad43790885a5991dfd1c7ec221a6401f7be1
7281497038 24912 49597 f13587bc89fe4882c7c889302511ffd738d136129b9f5be4c492cb4948a93a89
7281497673 52533 13722 ec4cc73e416a523930d5ef9acf80e67846c92a2f74f3ee452752b16d6388c4f2
7281497754 42950 38372 f13587bc89fe4882c7c889302511ffd738d136129b9f5be4c492cb4948a93a89
7281498099 32809 50630 5e6c9146ec435f16425dd967e58bb90d0afed7c39d64da10e084e083897c7c3d
7281498169 4356 49348 f13587bc89fe4882c7c889302511ffd738d136129b9f5be4c492cb4948a93a89
7281498173 4694 32883 f13587bc89fe4882c7c889302511ffd738d136129b9f5be4c492cb4948a93a89
7281498230 61317 53088 f6a16aa2ed19350ade39b84fcb6d724bdb251a3ee8eb22b9654d746f02ac1275
7281498323 55327 18383 b4c201bd9324119c8772b24ec8fc992e0de0f9351b3fcedb476697ebeeed57d5
7281498462 14233 54437 eb73ef858d5e51196525f160a24cedf45ba1dcaa27d711d7948fd00943a9fbce
7281499075 2639 51920 e18b89b3a5081ae86e6c75b80e14c0510a14f516384823da6898b57cfc15d209
7281499146 24347 7134 c764f8e22d8ca6ca115a765ad7e8a4214cccda08ed42ff0ed975e8a2d2ad47fc
7281499327 52599 32869 2de54286852cc52b44fad038e9d7ca5142b98c9e0b5cc9a26fd64cf97864e90b
7281499578 34508 22247 f13587bc89fe4882c7c889302511ffd738d136129b9f5be4c492cb4948a93a89
7281499588 10071 9640 bc99d6e6ea6bbd1a9c1c492aa57cf027213b0f0924cde25bc68469764da27d6c
7281499684 57664 35593 f13587bc89fe4882c7c889302511ffd738d136129b9f5be4c492cb4948a93a89
7281499858 39507 12752 ed3d52cdeda5a48740ff3c57100449bdff2330426a55d64c9d814315dcf435fc
7281499902 49858 23250 f13587bc89fe4882c7c889302511ffd738d136129b9f5be4c492cb4948a93a89
7281499908 50819 49719 99d84c20ebc6a1b06ff8360c56bd1a196a874f7bcf42859790cacf60142eb1f5
7281500120 22549 35033 735e189652d438dc0e0bc54171a45990fec6077a2db0a0dd2d61b2b0e11c7a2e
7281500501 58007 8567 09df0ca2b3ebb6509ebf472ab0a258b0d9ca377418f9dc1177f2c657493d6727
7281500544 35103 28803 179826012289ab8c418e8a63281b11ff822f4abd8320c508f258728a02ab3731
7281500717 55074 26514 f13587bc89fe4882c7c889302511ffd738d136129b9f5be4c492cb4948a93a89
7281500835 42071 40291 84f61b9523c433dd008b8468e71bb486860648bdc4e95c89c46e9a2312f2ec15
7281500872 18843 51066 44ec254100b27a3e38bf161b8131a5fce15027de3466221701cb85bc82800b6f
7281500992 61079 53852 14b990719f1d66eec4e62630c8beade8767427d27eb2c3dd52f7b060da0b3270
7281501273 24786 11867 f13587bc89fe4882c7c889302511ffd738d136129b9f5be4c492cb4948a93a89
7281501280 51547 948 a6eadf7ea45e4f3bdc835b72d52b60711d4de9126576c55e4ecc382185833fa5
7281501485 12728 2614 f13587bc89fe4882c7c889302511ffd738d136129b9f5be4c492cb4948a93a89
7281501554 14017 1960 757874b8c9a307afdd29b74989eb9a77b5da11686ba3b304408b7db49d390eda
7281501601 49919 58166 10c2dcb66a5a354948799d06ad54dd9024781249e3b3ea6cc28d59f5bd1757b0
7281501818 19998 26055 f13587bc89fe4882c7c889302511ffd738d136129b9f5be4c492cb4948a93a89
7281501835 39899 31145 3bdc3a44c9693ba9e9eb4127cd33550b9dcc7b29a09079a587a4099a843cc481
7281501867 3785 44411 2a9a0117ca518f1623710b628c72f43c771001d1ba45aca31a49af40cd9fadb5
7281502054 42068 37842 f13587bc89fe4882c7c889302511ffd738d136129b9f5be4c492cb4948a93a89
7281502220 19247 28793 a52307dca070dfa09cfe55176e7a79577957887c8280040c0ba9701d08fc57dc
7281502843 51591 13315 9852e59dca7309cdf1b45520a8ae24cbbab5ce769ee2daaad43d3d9d4e67b376
7281503319 58962 1461 f13587bc89fe4882c7c889302511ffd738d136129b9f5be4c492cb4948a93a89
7281503664 48446 24469 f13587bc89fe4882c7c889302511ffd738d136129b9f5be4c492cb4948a93a89
7281503767 25402 31558 f13587bc89fe4882c7c889302511ffd738d136129b9f5be4c492cb4948a93a89
7281504034 16279 53522 df6341d5389aec3c4bbd6ec1d1bf68ed5faf1312347fd3da8a9a6f5cffee08ec
7281504216 25475 17751 ac353ca2995898cb65f1b404d8aafeec04bfcd1e31ef86b6a2c3c868e46052a1
7281509086 40480 59865 f13587bc89fe4882c7c889302511ffd738d136129b9f5be4c492cb4948a93a89
7281509261 26097 7707 485d060121aeed29fe0eca9aea450fda2c9b3779b9a91131a08bdffbcb8e67ae
7281509302 52160 45711 f13587bc89fe4882c7c889302511ffd738d136129b9f5be4c492cb4948a93a89
7281509522 40676 65389 f13587bc89fe4882c7c889302511ffd738d136129b9f5be4c492cb4948a93a89
7281509596 48941 34942 05d3923652d3d6dffaafc2a137828fa12167abad08026c59a3621ee510da6846
7281509624 45448 65295 f13587bc89fe4882c7c889302511ffd738d136129b9f5be4c492cb4948a93a89
7281509670 12153 49653 161ac200323b0dbdd270d52c9c5604c232fa1e1bd37146f980b2ee4c65c7593c
7281509694 3304 16769 f13587bc89fe4882c7c889302511ffd738d136129b9f5be4c492cb4948a93a89
7281509796 17525 40656 93ca2e07df0e9d92d0f625c25d51ff0f21689e8e85db6e0d41edbf1b9a1ca433
7281509863 53260 15026 f13587bc89fe4882c7c889302511ffd738d136129b9f5be4c492cb4948a93a89
7281510319 31266 18461 f13587bc89fe4882c7c889302511ffd738d136129b9f5be4c492cb4948a93a89
7281510547 1567 54806 e2e2924856664bf11e5b04f61bb3402f0ec61d7357262ca68e89f298edb34dc7
7281510782 49507 17184 e13472292cc194f0d4ed153870bf988ed93081fdc5978cc33511c2af78e736a2
7281510823 14501 51657 60b1575777539b862480b989725be287b73a5df9e4db46a2291834037f4e0243
7281511034 16094 57100 f13587bc89fe4882c7c889302511ffd738d136129b9f5be4c492cb4948a93a89
7281511248 59221 1381 2bdecb9eadda7842268181623d84d2de010f2a745ba4ad109f74c0a0ec87b6cd
7281511778 37099 4141 7e21d345f58995ab83ec20427990b07d992bf68aa8445cf324373642d58d245e
7281511944 33566 46257 f13587bc89fe4882c7c889302511ffd738d136129b9f5be4c492cb4948a93a89
7281512105 8860 58912 f13587bc89fe4882c7c889302511ffd738d136129b9f5be4c492cb4948a93a89
7281512278 3818 7129 f13587bc89fe4882c7c889302511ffd738d136129b9f5be4c492cb4948a93a89
7281504356 61311 7904 d563eb9bebffb244c1211ea5a483326ee642625a34cca448e9897d50cead4297
7281504541 14724 6479 f13587bc89fe4882c7c889302511ffd738d136129b9f5be4c492cb4948a93a89
7281504619 8360 8539 f13587bc89fe4882c7c889302511ffd738d136129b9f5be4c492cb4948a93a89
7281504979 26073 1012 3191c08b558bbee2b57541def4bddd3189b68767395f16e3de9379f32d623d67
7281505094 21626 32582 f13587bc89fe4882c7c889302511ffd738d136129b9f5be4c492cb4948a93a89
7281505449 46503 64832 9dd4926cc04895c68c24607ab96f93e217843eaf84ede30576434c7c161d5ef1
7281505577 17579 46194 8b91a109c3424f7e1533d6f8e1b7fac1627acc57766b357d25828750f27cb723
7281505824 30701 28147 30be1f1a63ac5b05a1fcf54a9e85fb78091a7cbbc35ef6ac3453ceabef9c18c0
7281505938 62078 42055 f13587bc89fe4882c7c889302511ffd738d136129b9f5be4c492cb4948a93a89
7281505985 9062 38763 f13587bc89fe4882c7c889302511ffd738d136129b9f5be4c492cb4948a93a89
7281506046 55923 7434 9fc4362a01732e1e15a3cfb3c1d04be8e2c9003f9c8b51fe7b6b9f4192519827
7281506257 62892 60665 f13587bc89fe4882c7c889302511ffd738d136129b9f5be4c492cb4948a93a89
7281506632 10803 6855 69e8c972aee00ee74af8ce8a86dfb43bdc7e585cf1489cb9cabe493d3e88a5fc
7281506727 19105 2415 2aa8d03848d63c0b6fffd578fbf748278b3aa29015383da44170d6da7641b6ea
7281506870 8058 42829 f13587bc89fe4882c7c889302511ffd738d136129b9f5be4c492cb4948a93a89
7281506994 13288 7236 f13587bc89fe4882c7c889302511ffd738d136129b9f5be4c492cb4948a93a89
7281507280 28113 64619 f748e9357a80ee376f614bba407668793492d081f3b1403bb99a6ff6bd943c38
7281507535 32731 40172 375f11a46bc68eeed075f4815274171bcf6822c03e85c38813e74a4f0d80f0f8
7281507730 54704 41844 f13587bc89fe4882c7c889302511ffd738d136129b9f5be4c492cb4948a93a89
7281507879 48011 59981 97f5a3dc1162bba3847b6a5d319d43d6c05fd29724c0c15de4d3456c472a45f8
7281507900 16986 46321 f13587bc89fe4882c7c889302511ffd738d136129b9f5be4c492cb4948a93a89
7281508195 5658 58097 f13587bc89fe4882c7c889302511ffd738d136129b9f5be4c492cb4948a93a89
7281508218 54160 4469 f13587bc89fe4882c7c889302511ffd738d136129b9f5be4c492cb4948a93a89
7281508340 23601 11342 7aa89dea632619201f89ea34472d46ddc293270cd2cc2c664c8c891391cdcf07
7281512875 5707 47618 2b06c32e6d9b83665b626daebc8027b71db0934f34eb4c9cf8af17598e4e0393
7281512895 35932 44366 f13587bc89fe4882c7c889302511ffd738d136129b9f5be4c492cb4948a93a89
7281513615 921 51594 048966d96c7d03e4bc7ecefc1515bd328f0c7aab803deb9eaf3c6564f2f00b8d
7281513818 38144 65433 f13587bc89fe4882c7c889302511ffd738d136129b9f5be4c492cb4948a93a89
7281514303 57931 23956 7c9a22bf0997d306b6febdb61f30c2296a2a08d9aba0e63159b1af2756daf6a4
7281514507 59339 98 16bd2142caf0c5a5ed3c0bdd0333a3b97baf509d522e5ed06c8bf7ce672f2a25
7281515004 34156 45482 f13587bc89fe4882c7c889302511ffd738d136129b9f5be4c492cb4948a93a89
7281515194 61412 36289 f13587bc89fe4882c7c889302511ffd738d136129b9f5be4c492cb4948a93a89
7281515268 29627 1474 16a3ac7adb8ae208dbaf9b483a873da53c7e3dec2562b1ba25d516df0713acc7
7281515331 11418 55451 f13587bc89fe4882c7c889302511ffd738d136129b9f5be4c492cb4948a93a89
7281515652 57617 30042 5247f0b00545841686b0ae8e148af56453f711b7a25c6f5fcfb0757b2c0710bb

Total of 0 tasks calculated error.
