Total of 100 tasks calculated correctly, accuracy 100.00% 
7718462359 24231 55493 534ddfa4fe1e2999fec5bbce5afc098c92b668eb9551226aafc78f50a250c92d
7718463039 52911 62673 edc889524802eb80f0afe463f0d30a6f91058c3f885416627a7879e20f650798
7718463365 46421 32719 6f47cec7f32910b5f1cedb4df98ba54dcf4e122ab8b322fc21d37e74e8139dbf
7718463386 32010 4744 f13587bc89fe4882c7c889302511ffd738d136129b9f5be4c492cb4948a93a89
7718463417 24697 20336 b48a4b5bc2cb6b5de475e1cb2a6cce77635d8bbb5bb514089adadce1d3f79f60
7718463539 34134 11382 f13587bc89fe4882c7c889302511ffd738d136129b9f5be4c492cb4948a93a89
7718463819 42599 54870 631d23ba25cb56339611a0bd1499708bf94eade5acf1058aa270a94d7ada09f1
7718463994 22758 37761 f13587bc89fe4882c7c889302511ffd738d136129b9f5be4c492cb4948a93a89
7718464183 43747 8647 a4c63fe4127cfd3dba35a4532adc321bab1d92f1429d00f2e5fe497f4943f4e8
7718464407 28268 48114 f13587bc89fe4882c7c889302511ffd738d136129b9f5be4c492cb4948a93a89
7718464640 17425 20511 c8ab5ae52ae602d08fc38ca93bc3954746deea878593ba062b2601e928053d60
7718464802 44492 22917 f13587bc89fe4882c7c889302511ffd738d136129b9f5be4c492cb4948a93a89
7718464955 11626 22763 f13587bc89fe4882c7c889302511ffd738d136129b9f5be4c492cb4948a93a89
7718465075 11373 47080 9fdb84e7d11cdcdca746b2891a39b7d678b61bfa72105fa65182de5801adfad9
7718465130 62600 58032 f13587bc89fe4882c7c889302511ffd738d136129b9f5be4c492cb4948a93a89
7718465216 40451 30824 e128cedbf1e1e1bec66b631831a95eb090f3819cbe13416d98fc7ffe4114a3c6
7718465420 19195 61411 3ae54be27d5b4f3f76f861ac64f832eff7edc9f916a788c4a585d6978f94ffb1
7718465436 37872 19896 f13587bc89fe4882c7c889302511ffd738d136129b9f5be4c492cb4948a93a89
7718465831 49689 57100 725e4425253b6c9956088d39b27317ee8522b77b31aad137679ff875938ba873
7718465885 13161 33290 7e59bd9b38a196d9d7d4d56d062b0368636566186f6842a53fa8b6c0d4c89d71
7718466016 4234 5038 f13587bc89fe4882c7c889302511ffd738d136129b9f5be4c492cb4948a93a89
7718466362 19167 41864 7712aa0fe4e551e8f7aba4fc957d4383174ac8c8ad347f1f21cd46ebbb915171
7718466411 17110 13714 f13587bc89fe4882c7c889302511ffd738d136129b9f5be4c492cb4948a93a89
7718466443 5114 42298 f13587bc89fe4882c7c889302511ffd738d136129b9f5be4c492cb4948a93a89
7718466599 10005 46490 6d675748f04c6d1bd4768e48f7c546d0f8e4f64ba3cafb3146c7657300e068fc
7718466984 61410 24832 f13587bc89fe4882c7c889302511ffd738d136129b9f5be4c492cb4948a93a89
7718467243 26350 51804 f13587bc89fe4882c7c889302511ffd738d136129b9f5be4c492cb4948a93a89
7718467252 48321 14550 e654695e553f9bf1b0c60f3209f5e6f0bec375fd46c6adf19abc68f946a0287b
7718467618 42837 63116 2b131c63210d5af6a22c6b248d685ee8d9b92248f54ac45332da659facaf2b19
7718467688 57576 47060 f13587bc89fe4882c7c889302511ffd738d136129b9f5be4c492cb4948a93a89
7718467742 18972 36622 f13587bc89fe4882c7c889302511ffd738d136129b9f5be4c492cb4948a93a89
7718467869 13180 62358 f13587bc89fe4882c7c889302511ffd738d136129b9f5be4c492cb4948a93a89
7718468485 35949 38542 5591a85934267789a7f7051c02495e64d4b2576a9fc8fd065546e9c05afdddbc
7718468730 10689 56622 7f18c85339e61ded1055dfd229361b44add84116571d30817b377ac7076ba02a
7718469047 38943 3045 a88425ee1f28a54b1ded674406318e4ed2883a0a2ae32e72c26b6cfc2bb342be
7718469180 30133 23378 33f7d6c4c1a46d961ec3089ecf4b0c7f81d330e002de14b75cda38af4daa9d77
7718469539 14241 35778 f7ece9f9e298db776d70248cbd088be365ddff7de70988d849763061f1b44216
7718424805 54430 29606 f13587bc89fe4882c7c889302511ffd738d136129b9f5be4c492cb4948a93a89
7718424809 7658 29270 f13587bc89fe4882c7c889302511ffd738d136129b9f5be4c492cb4948a93a89
7718425048 2544 47109 f13587bc89fe4882c7c889302511ffd738d136129b9f5be4c492cb4948a93a89
7718425522 33909 30019 a23d0daa41344533674c4c99721e1f3e9e775ed9e65cb1e7c87d9f50b8a85f9c
7718425588 41024 60845 f13587bc89fe4882c7c889302511ffd738d136129b9f5be4c492cb4948a93a89
7718425778 44997 9730 9a71535dae227ff96307fc07b196ba0963cbadab3ed7299fe8afefe97623990e
7718425849 19529 63631 3d9f1c53151ea645e8f782a6c7722ff0ed396d9c86f9e2606417b397d21d28bb
7718426973 51577 33674 72bcbe4babd3f3f65519e43115aaf3400102116b8337d1fde621e03022236b4f
7718427108 24988 60975 f13587bc89fe4882c7c889302511ffd738d136129b9f5be4c492cb4948a93a89
7718427109 46697 51884 bc0231d6db049f3b135e25ba8f70fd64d05184117befc649b6ae41163793cd31
7718427131 6470 18671 f13587bc89fe4882c7c889302511ffd738d136129b9f5be4c492cb4948a93a89
7718427142 49756 39400 f13587bc89fe4882c7c889302511ffd738d136129b9f5be4c492cb4948a93a89
7718427447 13454 10712 f13587bc89fe4882c7c889302511ffd738d136129b9f5be4c492cb4948a93a89
7718427912 57800 2167 f13587bc89fe4882c7c889302511ffd738d136129b9f5be4c492cb4948a93a89
7718427985 23648 27725 f13587bc89fe4882c7c889302511ffd738d136129b9f5be4c492cb4948a93a89
7718428102 21219 26942 e3e3234889b1b9180cc61d080d838d9f836e5ddfea0e4c947f6ba25de59bc84f
7718428159 42112 21743 f13587bc89fe4882c7c889302511ffd738d136129b9f5be4c492cb4948a93a89
7718428191 4883 28096 807b82ef2d440d2d4c6a028354c211c1074db70c3bfcbb2ffc2b35080cce9c38
7718428541 23175 37695 79c79a1a5e14d147756a87169d12e4132a190790477ae918b25f0c4df447ee21
7718428561 33746 43347 f13587bc89fe4882c7c889302511ffd738d136129b9f5be4c492cb4948a93a89
7718474348 38564 51937 f13587bc89fe4882c7c889302511ffd738d136129b9f5be4c492cb4948a93a89
7718474483 34877 22981 73fe21757eb7d9c13db5d4e1a40b275e87e97ddbed0c55c66fbda1090adc2bc7
7718474620 11567 42669 25e3a336cfd22efead8fa1f04fabbc8571164f11f73c689694e24910c555f7f4
7718475551 53563 8406 909ce8a20df6987475a87f198eca80233a3eadb48a1d4ddb71bd8bfb8bf98c7c
7718475872 6953 55274 8ea7b57f38723e302b3384f15accb31409fec464bd93b547e8e9d7296789e55a
7718476551 46564 43058 f13587bc89fe4882c7c889302511ffd738d136129b9f5be4c492cb4948a93a89
7718476642 546 5545 f13587bc89fe4882c7c889302511ffd738d136129b9f5be4c492cb4948a93a89
7718476714 32982 53925 f13587bc89fe4882c7c889302511ffd738d136129b9f5be4c492cb4948a93a89
7718476822 34242 9306 f13587bc89fe4882c7c889302511ffd738d136129b9f5be4c492cb4948a93a89
7718477059 44396 3287 f13587bc89fe4882c7c889302511ffd738d136129b9f5be4c492cb4948a93a89
7718477084 18130 56280 f13587bc89fe4882c7c889302511ffd738d136129b9f5be4c492cb4948a93a89
7718477725 133 52025 7a8cedd74ba414711b98719b97d275961f38580198c84136f537142ab85d23e1
7718477813 58421 18632 b43180a22a6575ee1a80e704d5dba0095c985d03c824e09dff360e68e330783c
7718477973 63186 56313 f13587bc89fe4882c7c889302511ffd738d136129b9f5be4c492cb4948a93a89
7718478174 23598 62604 f13587bc89fe4882c7c889302511ffd738d136129b9f5be4c492cb4948a93a89
7718478389 8120 3588 f13587bc89fe4882c7c889302511ffd738d136129b9f5be4c492cb4948a93a89
7718478645 44781 20653 4d729474723dd63530a3c4a0131aa678baeac8f7b854107d733feb2e3f74b26e
7718478960 17169 19329 815dc857dde0246ed0c8a1229eeb2628673552caed79365f2ce95bd4f0b17c15
7718479127 39566 62135 f13587bc89fe4882c7c889302511ffd738d136129b9f5be4c492cb4948a93a89
7718479249 32573 11195 03ea2a2276ead1d1a65bf8d9ab1d432b49b5ff76f030db812a1b18675990c86a
7718479257 60511 49256 be4ee028e2b03024c0511a65609041575966b6d6c944c078648123c4ec8b5852
7718479301 18832 39770 f13587bc89fe4882c7c889302511ffd738d136129b9f5be4c492cb4948a93a89
7718479411 63832 53260 f13587bc89fe4882c7c889302511ffd738d136129b9f5be4c492cb4948a93a89
7718480833 17427 61099 c409cc4c340ddd75816f8b9141926636db2073abab8a44b2c7f795186c3ce2cd
7718480880 42504 53050 f13587bc89fe4882c7c889302511ffd738d136129b9f5be4c492cb4948a93a89
7718481127 65518 21266 f13587bc89fe4882c7c889302511ffd738d136129b9f5be4c492cb4948a93a89
7718481267 39985 62628 18973fa3872833522ccf58708dd3d5ec59c6b16a38daed014204f628c90377d8
7718481766 20370 533 f13587bc89fe4882c7c889302511ffd738d136129b9f5be4c492cb4948a93a89
7718481774 12500 721 f13587bc89fe4882c7c889302511ffd738d136129b9f5be4c492cb4948a93a89
7718481979 14356 45190 f13587bc89fe4882c7c889302511ffd738d136129b9f5be4c492cb4948a93a89
7718482233 42213 52944 8c504afbfac4aafe03af230c697e51b57dfa833148756b13f25afe7be88c530a
7718482341 42673 64862 c27092071a8212ddde1bae435e66a4b559fee2c851293b64c556f93cd9b067b4
7718482434 45538 45926 f13587bc89fe4882c7c889302511ffd738d136129b9f5be4c492cb4948a93a89
7718482946 24372 43139 f13587bc89fe4882c7c889302511ffd738d136129b9f5be4c492cb4948a93a89
7718483095 64429 44233 93801831d342a2a216e89f7979e5c72fc9c8a5b320db0a793cf763ef98f6524d
7718483471 29049 57006 cd0661143e259236b281c301359c614e45bfd848f46f03ee86eb49b906d96d54
7718483480 16107 29340 4a69ae5920df0480ba46511429ebb49ccea376bfe7f3be67b797bae66569dbf6
7718484491 43576 41780 f13587bc89fe4882c7c889302511ffd738d136129b9f5be4c492cb4948a93a89
7718484509 2444 51453 f13587bc89fe4882c7c889302511ffd738d136129b9f5be4c492cb4948a93a89
7718484615 2724 34395 f13587bc89fe4882c7c889302511ffd738d136129b9f5be4c492cb4948a93a89
7718484633 63353 63278 e3d0841a525c48230ee5dc257bedb24aa3f1e5a1ebc93f95f2a57611f2249393
7718484660 49800 39417 f13587bc89fe4882c7c889302511ffd738d136129b9f5be4c492cb4948a93a89
7718485227 21786 49041 f13587bc89fe4882c7c889302511ffd738d136129b9f5be4c492cb4948a93a89

Total of 0 tasks calculated error.
