Total of 100 tasks calculated correctly, accuracy 100.00% 
7864262744 50762 28455 f13587bc89fe4882c7c889302511ffd738d136129b9f5be4c492cb4948a93a89
7864262982 2045 49004 9056966e2f2fbd4154230190aaf052114741027c09f8a1827730d166133140ea
7864263170 512 36306 f13587bc89fe4882c7c889302511ffd738d136129b9f5be4c492cb4948a93a89
7864263289 41662 62403 f13587bc89fe4882c7c889302511ffd738d136129b9f5be4c492cb4948a93a89
7864263393 34544 23030 f13587bc89fe4882c7c889302511ffd738d136129b9f5be4c492cb4948a93a89
7864263624 25234 59897 f13587bc89fe4882c7c889302511ffd738d136129b9f5be4c492cb4948a93a89
7864263684 37693 49094 bd72fbfbf81b10d7686847f42e2665e0f6a866676ac703ba4d6b3b13dbdffdae
7864263788 53351 10385 7f9d2a778722485d39dec0b9b93a218a9b6dd6c6040e452ca99cb2821d6db8a6
7864263936 12159 11775 c59adf09ad35bbc76cc2bbf2747eb6eb5a1acaab35c64256123dfb8f8fb3adb6
7864264289 48068 36703 f13587bc89fe4882c7c889302511ffd738d136129b9f5be4c492cb4948a93a89
7864264667 40265 6494 2ba588008fce98d872463897d7cb184127c49c0059e86cde9bf5c6fb3d181a99
7864264737 51069 43667 37d53119caa2e67e79a408e8fd3fa3f9d298b0770b0856a04cc121694d6ae09b
7864264860 65080 51830 f13587bc89fe4882c7c889302511ffd738d136129b9f5be4c492cb4948a93a89
7864265036 16996 37170 f13587bc89fe4882c7c889302511ffd738d136129b9f5be4c492cb4948a93a89
7864265270 60495 52223 c384559f3742bb1a125f380eb5f1daacf76e1decbfef9bc6a5b1f4f9fb0f299d
7864265542 54960 54643 f13587bc89fe4882c7c889302511ffd738d136129b9f5be4c492cb4948a93a89
7864265559 31986 33077 f13587bc89fe4882c7c889302511ffd738d136129b9f5be4c492cb4948a93a89
7864265970 24569 44215 d78ebc9f91ea02dcce17cc285e29a715a9a36afc8cf6fa17cef2a63559f45783
7864266096 17003 56019 1f4508ea5397c112a35e06544a24da1a2fc3bcb221a08c24f9ef86feef950e93
7864266113 23903 56435 494c42f41d28f52751dbe336ec8b9c5698e5ea493a4f1a9a15632ba6bf449a6d
7864266234 6623 63620 3a5e62c8a0d819e80506d0b1449eb719a6e152307ae29267ab94f4e7a449a42d
7864266249 9318 60989 f13587bc89fe4882c7c889302511ffd738d136129b9f5be4c492cb4948a93a89
7864266340 63848 50357 f13587bc89fe4882c7c889302511ffd738d136129b9f5be4c492cb4948a93a89
7864266535 60873 33798 bb64ac08deef1e8afe8e65335914cb9929e008cb45ff313c3e7c53e1816da4e0
7864266801 55365 3421 09cedf5d08135718ddf940b73ba224884facf1c14261b72eda9ba1f8231e0c36
7864266891 6300 18457 f13587bc89fe4882c7c889302511ffd738d136129b9f5be4c492cb4948a93a89
7864267308 46457 13438 4142501e7051e9fa00231c1193e7900066f67bfcf2bf8ac63f28abf935ee0ff5
7864267413 8924 18250 f13587bc89fe4882c7c889302511ffd738d136129b9f5be4c492cb4948a93a89
7864267526 11825 16268 b40a0a950715f65b5fc0249e533edea13719d40cf0d79791501a9d6b0dc5afca
7864267625 48611 31714 6dfd38e52ebdad7e7ecd6268d3318475f37619a127b6021cc76e989cd6b68bb0
7864268081 51877 40995 a62e53365396cea129d6bb7e746d1cdebd9d2a33bb79a3f0c97b8ec94569ac5a
7864268913 24501 44960 cf581c6d14e888c7dcafee3668d909cf2ff9a6bb57e9b3e3342b50b8257d43e3
7864268990 44707 55338 d31f2544c793a3a4131c841d2362e6cf182469f0f4ab48a36bb234146cc74c05
7864269021 35253 45364 5efab058053989fb1db9c132ea6c83607a06395463a7ed229461ec78e7852c1f
7864269326 62644 28737 f13587bc89fe4882c7c889302511ffd738d136129b9f5be4c492cb4948a93a89
7864269426 22633 3612 da9bb9ecbc2b6c484716bb56bafe8a6f959cedd924082bbabec817a96b3f9682
7864269483 63723 46628 893b430540c01a20a2104aeaf1f9a1e2d3b54aa93b26ad15e17bfc302af6da0a
7864269565 31891 21291 fcc252d2e708ab328e6646dcb5c16072decd56ce06bdf5585cb2c10f565b5da6
7864269801 36978 25120 f13587bc89fe4882c7c889302511ffd738d136129b9f5be4c492cb4948a93a89
7864269824 3126 40910 f13587bc89fe4882c7c889302511ffd738d136129b9f5be4c492cb4948a93a89
7864269917 14949 35440 2ebd6e29c6c0ccfa4c27ebfe33bcabd4b2f3bd9cf0785395ee35df47d3638ac7
7864269927 57624 8876 f13587bc89fe4882c7c889302511ffd738d136129b9f5be4c492cb4948a93a89
7864269950 47090 49222 f13587bc89fe4882c7c889302511ffd738d136129b9f5be4c492cb4948a93a89
7864270658 57551 46531 5f976ed75f113b3929d7b127deac650bcf393d5ede5c8eaf6d58bc8f35f3ffff
7864270737 15378 28073 f13587bc89fe4882c7c889302511ffd738d136129b9f5be4c492cb4948a93a89
7864271188 35053 47694 53dac539b7c13455974e3b71d206e9af74322068c3655662ec7c20a3475a4d3a
7864271215 27596 28332 f13587bc89fe4882c7c889302511ffd738d136129b9f5be4c492cb4948a93a89
7864271294 60653 50736 5f03a117cc640920e423cf15a53a0590e1164fa6b477a12a512cc170d86d4c89
7864271316 32557 17461 92bb09ca8cfab16f63a02b7cdd7216f43a1e284899d03e7805fb11de2b966323
7864271399 24408 60785 f13587bc89fe4882c7c889302511ffd738d136129b9f5be4c492cb4948a93a89
7864271457 54835 25272 d0fdfd4e228e7f0c564ae4dc5de019bf449ad8d9198faab4c14b21dc3617e26b
7864271785 63650 11487 f13587bc89fe4882c7c889302511ffd738d136129b9f5be4c492cb4948a93a89
7864272046 5272 27183 f13587bc89fe4882c7c889302511ffd738d136129b9f5be4c492cb4948a93a89
7864272133 38861 9753 c7be61744b193cda55cf8cad5c38e8739e42cd073c972cabaad6ac60acf1f3fd
7864272171 20407 30955 82f43c00048edcf8064dd8c57117793327ecc126ed4b9a1062677ac8f514d21f
7864272198 24909 21407 d132c14f87e72d5971978b35af67662c491c37ee3f5e50a80e7c64504bf86bb0
7864272527 8968 57268 f13587bc89fe4882c7c889302511ffd738d136129b9f5be4c492cb4948a93a89
7864272651 33753 31627 605242a4a6c0fef5b70a13ae56acaf975b85b0970a8bb7e087273028d1d90aac
7864272766 38171 57898 6ced46d660fc139b3e21e00b3ea49831d6ae9acc78f8cd386035d5715739e61c
7864273086 19968 58446 f13587bc89fe4882c7c889302511ffd738d136129b9f5be4c492cb4948a93a89
7864273570 27988 49779 f13587bc89fe4882c7c889302511ffd738d136129b9f5be4c492cb4948a93a89
7864273785 5924 60895 f13587bc89fe4882c7c889302511ffd738d136129b9f5be4c492cb4948a93a89
7864274034 55716 18990 f13587bc89fe4882c7c889302511ffd738d136129b9f5be4c492cb4948a93a89
7864274078 61155 14756 bbe78a0efdd5a7d242fb02448847b9343538fb4e175e635be765dc45a4ceadc9
7864274741 32537 48939 c453f82d2156e94fa93719d1ea3d553ec5f06d0317b24f18f7053ee30d2ede7b
7864230261 35615 63165 1e25ef1cc6fb1ff877d667f404ea6f8c9ed8def312421052cd997428fc8863e4
7864230431 19648 16172 f13587bc89fe4882c7c889302511ffd738d136129b9f5be4c492cb4948a93a89
7864230699 57555 1584 4315332e591a9916c5a4c8ea80a7850d74448f3ef6bab5a59c8dcf352c64f668
7864231606 22196 33938 f13587bc89fe4882c7c889302511ffd738d136129b9f5be4c492cb4948a93a89
7864231992 52714 8142 f13587bc89fe4882c7c889302511ffd738d136129b9f5be4c492cb4948a93a89
7864232569 46944 15372 f13587bc89fe4882c7c889302511ffd738d136129b9f5be4c492cb4948a93a89
7864233007 16464 18476 f13587bc89fe4882c7c889302511ffd738d136129b9f5be4c492cb4948a93a89
7864233192 49914 56567 f13587bc89fe4882c7c889302511ffd738d136129b9f5be4c492cb4948a93a89
7864233255 38618 32037 f13587bc89fe4882c7c889302511ffd738d136129b9f5be4c492cb4948a93a89
7864233296 21720 29695 f13587bc89fe4882c7c889302511ffd738d136129b9f5be4c492cb4948a93a89
7864233365 29976 20822 f13587bc89fe4882c7c889302511ffd738d136129b9f5be4c492cb4948a93a89
7864233596 4071 9035 9172f7308242046931e39d1c3c4dcbe0fcd90b9485f081aaaa3f2268abfed6cc
7864233857 17052 14035 f13587bc89fe4882c7c889302511ffd738d136129b9f5be4c492cb4948a93a89
7864233912 47677 59647 1ef93a4b4fc5dd4a312831c6444363ea687f226eb15252070b0b0737907fce8b
7864233963 32807 37596 66da18ad7c734174d822ddfac87c0a24196ee824dd05b5361e7899c169564fdc
7864233976 20268 17511 f13587bc89fe4882c7c889302511ffd738d136129b9f5be4c492cb4948a93a89
7864275601 39424 9828 f13587bc89fe4882c7c889302511ffd738d136129b9f5be4c492cb4948a93a89
7864275647 63607 62093 f136cb5615bb13b6a23c1230cefbbe1db17415da307001d9ac155aaf82f8711b
7864275941 64231 53655 4040abcb99637223cd540a7bdb8b4499d6758887f6a24d4c17d54c47102f3af9
7864276263 51322 38832 f13587bc89fe4882c7c889302511ffd738d136129b9f5be4c492cb4948a93a89
7864276286 33604 65076 f13587bc89fe4882c7c889302511ffd738d136129b9f5be4c492cb4948a93a89
7864277054 53074 53158 f13587bc89fe4882c7c889302511ffd738d136129b9f5be4c492cb4948a93a89
7864277322 22015 16329 f85ca30f58e0d6d59f40c1d86cbcb5383b23c85d0b3c4ce0dfcf2b407bd6c5d4
7864277333 23971 10797 1a827d0fc5132340756bf9df3f17bc83c8224e7e71740ce222c6232508bb6279
7864277450 44246 22985 f13587bc89fe4882c7c889302511ffd738d136129b9f5be4c492cb4948a93a89
7864277515 13428 14291 f13587bc89fe4882c7c889302511ffd738d136129b9f5be4c492cb4948a93a89
7864277841 45177 32818 0c11e4d8d3e22279432b42368edd1d961e92d8af1bd72f28f269d1db4292acf4
7864277865 47922 42137 f13587bc89fe4882c7c889302511ffd738d136129b9f5be4c492cb4948a93a89
7864278017 33008 56488 f13587bc89fe4882c7c889302511ffd738d136129b9f5be4c492cb4948a93a89
7864278057 24856 15262 f13587bc89fe4882c7c889302511ffd738d136129b9f5be4c492cb4948a93a89
7864278062 2753 13940 8826823d3eee723a643fbe845410fe21a53ef98aa9704a494d4aa797373d6b7b
7864278149 14270 39168 f13587bc89fe4882c7c889302511ffd738d136129b9f5be4c492cb4948a93a89
7864278533 30704 33033 f13587bc89fe4882c7c889302511ffd738d136129b9f5be4c492cb4948a93a89
7864278545 18234 2712 f13587bc89fe4882c7c889302511ffd738d136129b9f5be4c492cb4948a93a89
7864278595 59891 59652 fa628a8933b50751f6ca0d97888eceae5fceef5e71236bff37fb2da41594e95c

Total of 0 tasks calculated error.
