Total of 100 tasks calculated correctly, accuracy 100.00% 
8301207728 10965 57138 7fd4bf5eb5ade1b8c53020a64f0eb7804044f97ded13993737ad413dc81b16a4
8301207853 27499 28208 236d7ee877b0fda7eda99dbfb9982a59e966b9b77063ca1090f06353b8a163aa
8301207905 6956 61122 f13587bc89fe4882c7c889302511ffd738d136129b9f5be4c492cb4948a93a89
8301208473 62251 6734 90ed0bced7dbd487db50f3bb76b2f5002edbcd117f79e153913b8a3d6693c148
8301208548 18712 32816 f13587bc89fe4882c7c889302511ffd738d136129b9f5be4c492cb4948a93a89
8301208664 49078 11138 f13587bc89fe4882c7c889302511ffd738d136129b9f5be4c492cb4948a93a89
8301208665 24140 12809 f13587bc89fe4882c7c889302511ffd738d136129b9f5be4c492cb4948a93a89
8301208880 30671 29713 e09e1144872d342f7fada964a962b9428edbdb3758fd3c894ef72a83c378d195
8301208903 19173 64507 cd77aa01d93eef65776144c95c27695c6d724725fd53bb625dff845de40fac02
8301209138 39787 52368 61cb8770877b6b61b8ed2097ccba995bd65ecf938e3c53b5d0ba0463571ea5b7
8301209455 49620 51648 f13587bc89fe4882c7c889302511ffd738d136129b9f5be4c492cb4948a93a89
8301209536 45286 15534 f13587bc89fe4882c7c889302511ffd738d136129b9f5be4c492cb4948a93a89
8301209654 46029 3838 c1d12762e9a639240cf679054e6b130695e1da962844c28edd55095790e4b042
8301209687 37092 11212 f13587bc89fe4882c7c889302511ffd738d136129b9f5be4c492cb4948a93a89
8301209696 21950 65493 f13587bc89fe4882c7c889302511ffd738d136129b9f5be4c492cb4948a93a89
8301209868 7524 49908 f13587bc89fe4882c7c889302511ffd738d136129b9f5be4c492cb4948a93a89
8301210209 291 62116 b30cd6f1e43c17298d2fe101b9ef7fdfb45f9cc284de37bf70b66796f95d4810
8301210445 14594 727 f13587bc89fe4882c7c889302511ffd738d136129b9f5be4c492cb4948a93a89
8301210681 31739 57462 34488ab793f8fc8c4b93f43888e35f9ef17ff3f427a2132ef7fd8ff2a503c276
8301210736 31661 65220 a50c0b476385c96016760f7f779375044103d6065214dfc0ddceca3167e1cd64
8301210821 30593 27593 2a7c0d24ead90b21f481236c5664fb01f65874c40dac55b57a11c543e3e4f1f8
8301211322 38704 32266 f13587bc89fe4882c7c889302511ffd738d136129b9f5be4c492cb4948a93a89
8301211352 54823 23787 cc248a7826456c1e270c369b99bce2343787cbbce70447df66b2e1c4b9d3bba2
8301244422 39967 36380 ab6c242b5d4b28340a6afa3859be6cf6c5de30957995f98e89a8388935d927f1
8301244656 39713 43212 13950b3cf7b0ecd03c762cc80998d2868447cf20de091b535598f3d0e77da6d8
8301244825 36026 53898 f13587bc89fe4882c7c889302511ffd738d136129b9f5be4c492cb4948a93a89
8301244994 2054 58225 f13587bc89fe4882c7c889302511ffd738d136129b9f5be4c492cb4948a93a89
8301245138 61187 35413 5c1d53eb6056654cebc4340bc1d1c6a1b38e3ca41c002169b9ae3ccb583feab6
8301245140 29713 10042 b9368a7a49a61efde17f8a15e2928147cdfc9c1bc46cb159ce3382410d7b3992
8301245232 24714 22780 f13587bc89fe4882c7c889302511ffd738d136129b9f5be4c492cb4948a93a89
8301245274 9824 50454 f13587bc89fe4882c7c889302511ffd738d136129b9f5be4c492cb4948a93a89
8301245398 21661 3203 e3d09c884b6dee11edb8d317bc7e40a3dde0a16a96da72465d1c68ff55ea1a28
8301245664 15387 21343 884d85df07ef22135d7647258a43e58f6910773587659d25f3ce43c4a339a980
8301245946 34081 4143 86975916c162e932b7ffaa67ee27c065dca1af8768d678915a886daf9c1b6126
8301245949 62731 32816 b3f81c788d8ac6054c9853aeeb50b05c6d20e3fa27c59d643b89417fc01f66a0
8301245957 63619 22589 763c2b23f3609e9bac07e9725039427fda2c426e2a38d1f817226fc331155ed5
8301246063 3116 34062 f13587bc89fe4882c7c889302511ffd738d136129b9f5be4c492cb4948a93a89
8301246118 41250 44180 f13587bc89fe4882c7c889302511ffd738d136129b9f5be4c492cb4948a93a89
8301246803 40501 26651 09dc8de502e3c0fad7f67b39740493e92151a7a74c67e6425eca09207493520e
8301246826 58060 55223 f13587bc89fe4882c7c889302511ffd738d136129b9f5be4c492cb4948a93a89
8301246877 21857 42089 80a60e6a7e08654a734fdf011e9f7f1dbc7fc0d8f31e2efe847cecde5b93677c
8301247177 12477 59249 56c7e73a0676e9bfb1474a39c1759a30b74322e1dc35570e0e3f75ae701202fb
8301247861 53804 19470 f13587bc89fe4882c7c889302511ffd738d136129b9f5be4c492cb4948a93a89
8301247957 24292 53056 f13587bc89fe4882c7c889302511ffd738d136129b9f5be4c492cb4948a93a89
8301248083 16385 49748 59d198f8ec6bae28c92cd22c9a2f81afc398d6c8e02470774a82ed145866f6b3
8301248339 50219 28322 d9fcff1f034d963dae0301b3ce71ab18bcaf5d251df6f309c9dff8643f9c73fc
8301248391 600 6987 f13587bc89fe4882c7c889302511ffd738d136129b9f5be4c492cb4948a93a89
8301248539 18223 38207 cc2d08c3295ea4b70249af499856e682ab5a7e73ac52435297b34d9f64b6d64e
8301248658 13556 26621 f13587bc89fe4882c7c889302511ffd738d136129b9f5be4c492cb4948a93a89
8301248815 36095 52701 918daf7835bc94925163d14c834bbf15eec7d61c6156ed48c21429b4f8cef4eb
8301248939 64619 25355 58c86d7629dcd82bfa75cf24837bb34699caa6641555e5769d581caf2e3f1373
8301249070 16686 49440 f13587bc89fe4882c7c889302511ffd738d136129b9f5be4c492cb4948a93a89
8301249236 22235 39724 e7d0248bcad48f114475b2600a9e7ad83a223375f0a7fe587a32982ba4b7d406
8301249243 9086 28682 f13587bc89fe4882c7c889302511ffd738d136129b9f5be4c492cb4948a93a89
8301249320 3702 22405 f13587bc89fe4882c7c889302511ffd738d136129b9f5be4c492cb4948a93a89
8301249389 59662 30264 f13587bc89fe4882c7c889302511ffd738d136129b9f5be4c492cb4948a93a89
8301249601 578 44783 f13587bc89fe4882c7c889302511ffd738d136129b9f5be4c492cb4948a93a89
8301250073 1678 55064 f13587bc89fe4882c7c889302511ffd738d136129b9f5be4c492cb4948a93a89
8301250166 2371 65288 b4651588751c997b11e0f51b7febcf0d45a09131dedb3c037e0f11b667a92435
8301250306 23450 34679 f13587bc89fe4882c7c889302511ffd738d136129b9f5be4c492cb4948a93a89
8301250519 20799 9348 902d856ff99ed3ee8cd81dbe96b1872794a74faebca061bb9350ee244defd8bf
8301250547 30995 5938 cafba53e19ea1bbcc2877013dbcc609cc5171fe7f0cf182d9cb556008ac2432b
8301250576 56066 36660 f13587bc89fe4882c7c889302511ffd738d136129b9f5be4c492cb4948a93a89
8301251224 17340 40984 f13587bc89fe4882c7c889302511ffd738d136129b9f5be4c492cb4948a93a89
8301251280 32424 46846 f13587bc89fe4882c7c889302511ffd738d136129b9f5be4c492cb4948a93a89
8301251511 27021 17040 a1f1bb465212833ad7da5f679677f621365d5d4cfce67348ea47ccaa1c15c447
8301251529 52649 16536 03dca5c647ac3395609a431b0f162b12d2a62a20fcf4919559b6cf28a1d07a09
8301251578 49827 20007 fb0e768bf23fb503831846b4abad2c4f8a2eda5f3dfcea5bcb7b735631073e54
8301251590 19828 57572 f13587bc89fe4882c7c889302511ffd738d136129b9f5be4c492cb4948a93a89
8301251665 59975 55388 43bf167a8cecf27987fbf1a9cd752628efced8c47795af3fb02f84f1412daaa1
8301251678 4406 7403 f13587bc89fe4882c7c889302511ffd738d136129b9f5be4c492cb4948a93a89
8301251716 24993 33795 10209c7657caffb26cde3329aca2e3a38b4f1f6d6e1a9bc25576fd431a04ca48
8301251801 46267 36779 b12f05d74f9bc4e803f667d1f7e839c1f5fd9b3b941ccbb807a470eceb992461
8301252082 52184 44600 f13587bc89fe4882c7c889302511ffd738d136129b9f5be4c492cb4948a93a89
8301252941 3532 9472 f13587bc89fe4882c7c889302511ffd738d136129b9f5be4c492cb4948a93a89
8301252977 15674 27513 f13587bc89fe4882c7c889302511ffd738d136129b9f5be4c492cb4948a93a89
8301253053 11804 18862 f13587bc89fe4882c7c889302511ffd738d136129b9f5be4c492cb4948a93a89
8301253305 31610 36244 f13587bc89fe4882c7c889302511ffd738d136129b9f5be4c492cb4948a93a89
8301253308 3182 5379 f13587bc89fe4882c7c889302511ffd738d136129b9f5be4c492cb4948a93a89
8301253643 13610 64192 f13587bc89fe4882c7c889302511ffd738d136129b9f5be4c492cb4948a93a89
8301253838 55018 17357 f13587bc89fe4882c7c889302511ffd738d136129b9f5be4c492cb4948a93a89
8301253902 51819 24888 e7f137a1eb27d78e2584c477f48e4d677ed93388429bc128931fa30973a15119
8301253930 28391 46321 8a32e55e190456d48dcc90e44c6a8403561fb63d34695b8d357fad7b2ea3cef0
8301254126 44160 6921 f13587bc89fe4882c7c889302511ffd738d136129b9f5be4c492cb4948a93a89
8301254333 15155 29983 3f20c9ec47c7152bd33ec11bbd317fbf1a9caa73f375699fba91ec724430d856
8301254587 44830 58026 f13587bc89fe4882c7c889302511ffd738d136129b9f5be4c492cb4948a93a89
8301254727 8508 51220 f13587bc89fe4882c7c889302511ffd738d136129b9f5be4c492cb4948a93a89
8301254873 19736 473 f13587bc89fe4882c7c889302511ffd738d136129b9f5be4c492cb4948a93a89
8301254939 6555 44695 b8e5b21af31aaeb25d9a22727b5474ca5730481510d88f54f307ae6a7fa5c0a9
8301254940 7823 10357 4afdd2eea3197d364297db77ca940d27682b6bbce824ac77b73b121d93292f84
8301255225 7481 20296 f1ac1310d25d1e4bd68eec24d8c18998759bbe635017fab58464f8d2d56685d4
8301255255 7612 13755 f13587bc89fe4882c7c889302511ffd738d136129b9f5be4c492cb4948a93a89
8301255276 64604 36817 f13587bc89fe4882c7c889302511ffd738d136129b9f5be4c492cb4948a93a89
8301255344 42548 24652 f13587bc89fe4882c7c889302511ffd738d136129b9f5be4c492cb4948a93a89
8301255361 64656 6459 f13587bc89fe4882c7c889302511ffd738d136129b9f5be4c492cb4948a93a89
8301255431 40438 54309 f13587bc89fe4882c7c889302511ffd738d136129b9f5be4c492cb4948a93a89
8301255510 467 6943 f66c81b756d4e3e30d293a75776c8ab6293c87138c9cbbcb53dd5b8eeeb75bb6
8301255531 51402 51288 f13587bc89fe4882c7c889302511ffd738d136129b9f5be4c492cb4948a93a89
8301255615 25729 40119 f9b03be32fea193293f340eba2dbd0c8560f03c9f685e2dc3ada227aba010e81
8301256082 39449 52375 73f891a6a634f0b71c1fe9aa1dbd3a577133ca092b7713a23f2bc45aca932270

Total of 0 tasks calculated error.
