Total of 100 tasks calculated correctly, accuracy 100.00% 
8592540377 16978 41061 f13587bc89fe4882c7c889302511ffd738d136129b9f5be4c492cb4948a93a89
8592540479 602 12878 f13587bc89fe4882c7c889302511ffd738d136129b9f5be4c492cb4948a93a89
8592540548 63447 61440 392d74235bc101386ddc3b97f74e6c4bd9f9eded1ed3ebe6e826799a382d435b
8592540578 32773 15295 afb180527d24b7b3e052fa4fba451f9fb8eb791fe9e032e2816be161796a1b48
8592540636 38158 46481 f13587bc89fe4882c7c889302511ffd738d136129b9f5be4c492cb4948a93a89
8592540684 12349 63948 4d9d3c9955cac4ff94dab3d745367c8558cbed86ff59ade840662f7668dff0c9
8592540824 26895 23295 5ffe461dcd6ec14f91e61a9576c795deccbdc890c047c4ed09e8e185f64cda67
8592541159 62554 65079 f13587bc89fe4882c7c889302511ffd738d136129b9f5be4c492cb4948a93a89
8592541492 27162 60773 f13587bc89fe4882c7c889302511ffd738d136129b9f5be4c492cb4948a93a89
8592541499 10494 18087 f13587bc89fe4882c7c889302511ffd738d136129b9f5be4c492cb4948a93a89
8592541581 63037 43476 c500221391652e2c153264a44b911f6cd1f9ceb6da96e67338abcd0ca5d860f9
8592541973 63387 21972 14b3f17c1e9d9f64cbb7bdfe974d47145356bdde39b131e8a4ce7fbb52e9d273
8592542113 56233 29720 b6723878d326a1358ba8cbd6bcd49ec20cf3c41ac5d7c36c65b7f6b5f52a7c7e
8592542144 10756 34672 f13587bc89fe4882c7c889302511ffd738d136129b9f5be4c492cb4948a93a89
8592542178 61034 32507 f13587bc89fe4882c7c889302511ffd738d136129b9f5be4c492cb4948a93a89
8592542235 18856 35153 f13587bc89fe4882c7c889302511ffd738d136129b9f5be4c492cb4948a93a89
8592542296 5389 31956 8bdadcd8c3bb6ade4b220bb3f9b6777420498609b7833d24c9efad6b42297667
8592542417 9307 53652 70eb407aa681d6d566ffde5c659c960f19a575dbf9657f4a19ca556a894532dc
8592542451 61741 65101 ac06801582b05f727d3aa441ff7d434d2be30aeb9374e66186c5d71785c1c798
8592542699 10330 32080 f13587bc89fe4882c7c889302511ffd738d136129b9f5be4c492cb4948a93a89
8592542717 34070 38998 f13587bc89fe4882c7c889302511ffd738d136129b9f5be4c492cb4948a93a89
8592543237 27787 13936 1f68c8120787f5903bb82db1fd1d7e233e66893e62e000b9056a686ab049fe69
8592543480 41380 52575 f13587bc89fe4882c7c889302511ffd738d136129b9f5be4c492cb4948a93a89
8592543498 59224 29882 f13587bc89fe4882c7c889302511ffd738d136129b9f5be4c492cb4948a93a89
8592543550 19480 13669 f13587bc89fe4882c7c889302511ffd738d136129b9f5be4c492cb4948a93a89
8592544230 13746 4977 f13587bc89fe4882c7c889302511ffd738d136129b9f5be4c492cb4948a93a89
8592544233 6589 13417 f50cd21e589d12e0097b5596a9ea6cd009bcc1d253d9c2f7d74de366e4ee4173
8592544787 34725 19522 bc6ac9e7e4a706cb743d9fa49eda0dec550ab335c124c69cbfea47eb8cad0275
8592544854 37576 39531 f13587bc89fe4882c7c889302511ffd738d136129b9f5be4c492cb4948a93a89
8592545021 21473 33724 fd911d01a2363a88b544ca7f681d77afebba495cd665ebd4660636da4efc6dc8
8592545165 6723 30236 3205155e5fd5e1fc2d841ffaa67d9881d0c89f4eb86b542c67c491810f48e0db
8592545323 27667 57834 6eca1683385f9a69a9c9cabccd1a9688bf796c71aef1cd5c7b1b2d1b99ed04c5
8592545554 55534 46919 f13587bc89fe4882c7c889302511ffd738d136129b9f5be4c492cb4948a93a89
8592545746 21443 60309 f8db3b3733caed46d1325f49680b11ff97f98ae4ca0937c54e96a1646af9e831
8592545803 48698 60420 f13587bc89fe4882c7c889302511ffd738d136129b9f5be4c492cb4948a93a89
8592545963 33292 57710 f13587bc89fe4882c7c889302511ffd738d136129b9f5be4c492cb4948a93a89
8592546218 35250 48684 f13587bc89fe4882c7c889302511ffd738d136129b9f5be4c492cb4948a93a89
8592546731 59812 35319 f13587bc89fe4882c7c889302511ffd738d136129b9f5be4c492cb4948a93a89
8592547030 18558 2729 f13587bc89fe4882c7c889302511ffd738d136129b9f5be4c492cb4948a93a89
8592547281 53935 27223 1f66bc5b3ac92ff373cbe892fe5573ecff1e0c1d9b7fbcbef4e50e7abeec0498
8592547639 38566 61854 f13587bc89fe4882c7c889302511ffd738d136129b9f5be4c492cb4948a93a89
8592548362 48856 38321 f13587bc89fe4882c7c889302511ffd738d136129b9f5be4c492cb4948a93a89
8592548367 21948 13546 f13587bc89fe4882c7c889302511ffd738d136129b9f5be4c492cb4948a93a89
8592548830 65199 31794 283d02d4abd0cd535539bf65f09f87c2393d7c9abc6e871c3dd6cc167810f0d4
8592548897 56268 41042 f13587bc89fe4882c7c889302511ffd738d136129b9f5be4c492cb4948a93a89
8592548904 27060 21877 f13587bc89fe4882c7c889302511ffd738d136129b9f5be4c492cb4948a93a89
8592549010 56894 3887 f13587bc89fe4882c7c889302511ffd738d136129b9f5be4c492cb4948a93a89
8592549020 17912 63783 f13587bc89fe4882c7c889302511ffd738d136129b9f5be4c492cb4948a93a89
8592549139 52325 38736 d82e47e098fbb7f094406655b16c449f6f5f18d95fc112145026ef986aaf6dea
8592549296 41385 3644 ab5706b3f97af07f277706a165d83c6027173e91fd7309cb88005cab1b441c46
8592550102 62732 20043 f13587bc89fe4882c7c889302511ffd738d136129b9f5be4c492cb4948a93a89
8592550278 11071 13268 9a68e243066d5a5eacc6484cea5ecba6cfa121ef098d197087fd8bdb18298afa
8592550349 37754 17975 f13587bc89fe4882c7c889302511ffd738d136129b9f5be4c492cb4948a93a89
8592550425 1184 6465 f13587bc89fe4882c7c889302511ffd738d136129b9f5be4c492cb4948a93a89
8592550441 50421 13084 a560dffecfb42e8fcfb892a7f9210bbfc0c6a369b1f91204f676a657289e5f23
8592550641 44296 56159 f13587bc89fe4882c7c889302511ffd738d136129b9f5be4c492cb4948a93a89
8592550646 16893 15628 6136d1056d02f78bd2c2dfd16aa375f0a748e230ff7fb05addfcc45c6ef8bf94
8592550784 22987 30375 def8478eb728971b6ae9f811790e8d773cd1b40904eaa1a8d580513160040645
8592550864 47146 33056 f13587bc89fe4882c7c889302511ffd738d136129b9f5be4c492cb4948a93a89
8592550923 32141 16676 dd23b79024591502ec1acbc3875bd08ff5d65ba415bdafba4b45e130707a42b1
8592551373 3362 16605 f13587bc89fe4882c7c889302511ffd738d136129b9f5be4c492cb4948a93a89
8592551413 59829 39810 8f4dff7536ec278a115170921f42d4c2c067f42651b1c90ce8a4580c1637b839
8592551544 55874 22467 f13587bc89fe4882c7c889302511ffd738d136129b9f5be4c492cb4948a93a89
8592551805 30217 62911 17ce401948ca8b0cb9ab6d564711eaefbd5ad9449307677140f1589216264e8b
8592560147 55641 59705 07a641ac1b9b6d21507827b295dfa5fd61281383f4113ceb5ef669630a30af3e
8592560366 21349 28174 b0661ae3458942d8861d5642f8117a78a7f67d2c7f9d06e19b576314aa0371ed
8592560425 22800 52103 f13587bc89fe4882c7c889302511ffd738d136129b9f5be4c492cb4948a93a89
8592560459 53035 7771 939e5f89bd8fbd691160baf720621509e32fb9a9738fe94462e5e7a51a152271
8592560630 64274 25518 f13587bc89fe4882c7c889302511ffd738d136129b9f5be4c492cb4948a93a89
8592560740 54136 17413 f13587bc89fe4882c7c889302511ffd738d136129b9f5be4c492cb4948a93a89
8592560819 38665 30232 193bc6edafeb295f471e368aaec284feb7d83ed2297dd97a45c118e9b704ca99
8592560834 53316 15744 f13587bc89fe4882c7c889302511ffd738d136129b9f5be4c492cb4948a93a89
8592561420 20242 46151 f13587bc89fe4882c7c889302511ffd738d136129b9f5be4c492cb4948a93a89
8592561443 30479 60931 06fdfeb56fc8d61c5ebe3ad9ba6ac121c755572eb01f5f064257edf45b295a7a
8592561513 63854 50992 f13587bc89fe4882c7c889302511ffd738d136129b9f5be4c492cb4948a93a89
8592561777 32316 40728 f13587bc89fe4882c7c889302511ffd738d136129b9f5be4c492cb4948a93a89
8592561816 40435 45530 5df92f03a60a6dbcbec2114dd0748483f1972fe14b2fe1c40c2fa844e40d2c8e
8592561981 34445 63444 f41e9690a21c3a9c5551bba93fe6bfd86b63f4fd866e0b06523161bb14d08121
8592562048 5517 44298 9f8bac2e3667bcda96c092a906aabcc8da350e0dad8f9f27c5d978afc5d13877
8592562165 22155 15519 d66123aee9857d8bb8378c4c4fe94c20e1f4b6a4c5020d92a7c92ad523aa05cf
8592562908 64557 64583 6649017a9887cc961f3b8c2d7e0af50e63268b63a8da03a46dfa0e0fba480f70
8592563007 22169 29088 f1f448e04d5b872bd8dc4c68a9ea0bc72bec6ed29a211a1c5c440e221c34221e
8592563504 18233 61576 b5b86bc28304413acb95710c43d6384b1a1cd79b6a066ab8e36177c8f2b7f790
8592563616 15768 42542 f13587bc89fe4882c7c889302511ffd738d136129b9f5be4c492cb4948a93a89
8592564058 15205 42130 85c32819db58e5507be74a900560a16768550c0a2800234a6bc165f5b997a80b
8592552203 29876 14148 f13587bc89fe4882c7c889302511ffd738d136129b9f5be4c492cb4948a93a89
8592552223 17165 35412 9f70547957c616fd3452490c2701cc66c0cef0a5975c2e50ae3b9a06a87d59d0
8592552359 62708 1849 f13587bc89fe4882c7c889302511ffd738d136129b9f5be4c492cb4948a93a89
8592552498 2943 62031 7b6eeb9f054e9a0053038fd36f1fb34a24c1a4143f3793112faf69c307bdcb94
8592553411 61409 62688 f996d2f702d9044ef2aad4059bff566b8553b2f197971b59a95926957d0b832d
8592553435 26405 11297 0ba4bdb98689478cd62c08e791ba3eab349e85ce52e7ba12d2f3b1163c2f9695
8592553621 405 23209 e6e37976389686fac7c8e093c323d2d7075051f784c99e01238762609c30bada
8592553655 41851 48857 2ea78123b1c5972056160206960f0c0fdf823cdc5ed060166323c6f2e52fd444
8592553894 23682 7212 f13587bc89fe4882c7c889302511ffd738d136129b9f5be4c492cb4948a93a89
8592554647 33949 23034 26a0c30114018c6b3393ddcbdc01f969a9db64e211a6961c97aaab32bad41d8a
8592554795 10811 60165 73ccca3610a5bda93f93dfa0c227a4a78302da15966ce1bd3ea5059a278f7f67
8592554833 52825 47146 684750f333a3ab0d9ff46c122b10da16e2353ffacf20a61d4d4927b92c26406d
8592555022 1032 38085 f13587bc89fe4882c7c889302511ffd738d136129b9f5be4c492cb4948a93a89
8592555202 5368 9637 f13587bc89fe4882c7c889302511ffd738d136129b9f5be4c492cb4948a93a89
8592555222 59881 57257 a9c410b9b9d6d14cf71223751458f17ad008c1e7f67bbe7e3e39f2cef19c34cb

Total of 0 tasks calculated error.
