Total of 100 tasks calculated correctly, accuracy 100.00% 
71791 18749 25228 0ACE02BF9F507B948F7F30A905AF23A8BBF09B95CAB3375A9A95CF1F47DDE058
43749 21953 24484 3D640B80D562433E395BDECF2ECE4E4A87733F41884F6F9EC5AAE5461B5F1B7D
56541 56511 57198 402157A976D8E3CFE9C3C0407006B06E499530A816812709D25FD7C0072DDFC4
71245 19502 24640 F13587BC89FE4882C7C889302511FFD738D136129B9F5BE4C492CB4948A93A89
52287 43001 21369 9C975F2A491D274BD11F9C6C79642115422D7ED2A2238C77A499E6ECE7197E12
43427 60618 32065 F13587BC89FE4882C7C889302511FFD738D136129B9F5BE4C492CB4948A93A89
57897 21433 62481 50BC4DB9EFF3ED96FADFAC3894BB0DBADA4ABF0D2FA49840E425462EBF1DBC15
64615 40930 64125 F13587BC89FE4882C7C889302511FFD738D136129B9F5BE4C492CB4948A93A89
40990 49484 63875 F13587BC89FE4882C7C889302511FFD738D136129B9F5BE4C492CB4948A93A89
68063 14865 19881 75ACEFBF34EFC223E468BFC99A664F6D146DC60072131C4E6DB8C921CA5A1209
53591 39955 34529 AA93FBCC7F1B3B777EE91B988904656699F4C0F47E34510384A55A75C17B48C6
67887 28136 17631 F13587BC89FE4882C7C889302511FFD738D136129B9F5BE4C492CB4948A93A89
56010 15058 45064 F13587BC89FE4882C7C889302511FFD738D136129B9F5BE4C492CB4948A93A89
41018 40881 58601 752408DA06B1852D3F8B81DE2D873264E1A2FF2E53962C759135395C85F69C0D
66893 32462 39317 F13587BC89FE4882C7C889302511FFD738D136129B9F5BE4C492CB4948A93A89
42393 21699 52064 F976EDE5C7F93780B0A0CE48463368E1141305DE02C81793AEE0E994A0007210
53318 7882 35522 F13587BC89FE4882C7C889302511FFD738D136129B9F5BE4C492CB4948A93A89
56656 615 61441 34A60A360DAAD9126CBF008BE9AA043DAF33381F4439E5D2554F9CBE30C7C62F
69452 25925 59443 0BD12199CB118ECC0051FF1F38E447683A71C3350D7D7E88A918104DD60638F6
56198 30919 45071 12AFEC070F1CD3E027B2C98A4F481F85156CF03C7B2518E76A1EC32D9D6D5814
70434 53862 27584 F13587BC89FE4882C7C889302511FFD738D136129B9F5BE4C492CB4948A93A89
71542 56666 13443 F13587BC89FE4882C7C889302511FFD738D136129B9F5BE4C492CB4948A93A89
68057 48488 48648 F13587BC89FE4882C7C889302511FFD738D136129B9F5BE4C492CB4948A93A89
59114 16870 51912 F13587BC89FE4882C7C889302511FFD738D136129B9F5BE4C492CB4948A93A89
65247 25391 11125 E7E335F9B0959B9D97741A6919F4DBB55FB4BFF0063450B53370AA13AA3E3730
68911 59954 39305 F13587BC89FE4882C7C889302511FFD738D136129B9F5BE4C492CB4948A93A89
58122 16475 29237 D3EE07AF75862DC32FE28D567EA9DE551F762F4B4378525790F24706784F0ECB
53511 46436 42244 F13587BC89FE4882C7C889302511FFD738D136129B9F5BE4C492CB4948A93A89
66031 58814 29877 F13587BC89FE4882C7C889302511FFD738D136129B9F5BE4C492CB4948A93A89
70142 16733 58746 A16E820B3A4B033795DD157AC50E1304624FD76BABC98F5FE85B8D1C87534E0C
53030 8500 59007 F13587BC89FE4882C7C889302511FFD738D136129B9F5BE4C492CB4948A93A89
42822 43457 23232 4C7672464319AD299CDAB4831C7D8A5DEEC322B8BB0130212ECB070F8A8D065E
69419 28387 11362 43F488247269C2CD913E89F3DF782B5A0C6F4EC53C615C7AA5A8001B98A5223D
43420 9668 29420 F13587BC89FE4882C7C889302511FFD738D136129B9F5BE4C492CB4948A93A89
52049 27245 10238 18DB9AF2D42BBF3C24EC65C52B81A3132F079B6F7B0735FB45F7678375304296
54434 51397 41265 B0C6DB6D28A2BC69209FEB421FC006DEE835C571F704BACA3675487F62B55D0B
42674 1343 64584 5D5CE96951E3BE944EEE1856EC14E7F6BB29BB3D3BDA5B562BD0BCBFFD321668
68175 33166 46754 F13587BC89FE4882C7C889302511FFD738D136129B9F5BE4C492CB4948A93A89
65696 63467 7562 24C1B8D5C39832B51430EB4F581968C454086E8F959AAD5B631A9E14D41722B6
42656 43404 17089 F13587BC89FE4882C7C889302511FFD738D136129B9F5BE4C492CB4948A93A89
40338 23500 26052 F13587BC89FE4882C7C889302511FFD738D136129B9F5BE4C492CB4948A93A89
68179 38168 5659 F13587BC89FE4882C7C889302511FFD738D136129B9F5BE4C492CB4948A93A89
68729 295 62807 2F3F6F0163880DB4EC4EC7FB74B6D436F65A8CBAFB0A26ACC6FA4DC41E058E91
54938 55272 1073 F13587BC89FE4882C7C889302511FFD738D136129B9F5BE4C492CB4948A93A89
64833 12869 348 52F1457521DB9AE343353B963B4DF871DA81233A78D75AEE0C419EEA9B8EA456
70291 18973 59502 BB0E7C22CE6DACB078D878E72870BD6373A8E7E7C9CBDE349D785A9450270342
70635 14895 5200 9CF09D2F1C5C8A453EA47B75D15F2495885EC0750DE4ADE120EE115BDB369C48
68251 57590 56742 F13587BC89FE4882C7C889302511FFD738D136129B9F5BE4C492CB4948A93A89
43699 46160 4815 F13587BC89FE4882C7C889302511FFD738D136129B9F5BE4C492CB4948A93A89
59321 41315 37120 C6B34D33C19F4405B59D3FDD7A18416CE1A9DFA772C823E59BCF4EE25839DB01
43056 39951 54601 11B6D2D7BAB9D3BD3039CA66925593D6C9401CBA03B1B2FB3148DEAFFF15479A
56765 20754 60607 F13587BC89FE4882C7C889302511FFD738D136129B9F5BE4C492CB4948A93A89
42897 1419 7521 97E61514F0743AA1485E897FE2757A5DF989086413CB60420334669935FA7216
67568 15009 43814 C90A51B5D7883BDE731E388EB69CD487D915A8D8D1A59AB4B8B1DCE74CAC23C2
42785 53403 33538 D66A94E2C8C3C52FE7366CA56E9F12AD0D624B142D4812F022A5AED28311A7B4
54941 9970 32579 F13587BC89FE4882C7C889302511FFD738D136129B9F5BE4C492CB4948A93A89
65101 44334 56428 F13587BC89FE4882C7C889302511FFD738D136129B9F5BE4C492CB4948A93A89
64366 26983 10834 35C0EA5E772837A981F07DA454E211C5E238F49ABCEE35C60971293566C77902
69726 57244 64364 F13587BC89FE4882C7C889302511FFD738D136129B9F5BE4C492CB4948A93A89
69615 14633 19235 E3590F85D7E3EE54695B612EAE4B5FFED28461710FCEDE524CE07FFC1E3B897E
54377 11660 41330 F13587BC89FE4882C7C889302511FFD738D136129B9F5BE4C492CB4948A93A89
56879 17063 53929 12C8BDCA375026C4526177AD38678835CB6D052A46FE64C3AD9A18037D595A9E
66487 30982 35207 F13587BC89FE4882C7C889302511FFD738D136129B9F5BE4C492CB4948A93A89
71097 9136 47207 F13587BC89FE4882C7C889302511FFD738D136129B9F5BE4C492CB4948A93A89
59504 59574 52245 F13587BC89FE4882C7C889302511FFD738D136129B9F5BE4C492CB4948A93A89
64149 21943 37660 1150D90C8828F35894820133ED007811C08D5283B71050B0A17AE2125EEEC3D4
53594 1543 36948 582BDD615E5A05771AE310CC8FB53FCA456C4AB1EC2E872FC22A4F272EB28536
52845 59093 26473 260F6AD39738A22C7A6E6442AE5E3813C7BFA491EE91B1AFB886F529F823BB35
58833 6007 31201 9C7EE4DCFC8CBE446C83E52293C6CC123488289CB6D5172527CD6172C772B05E
68400 39565 47645 8B246027B638B83E7124C85A1F0FFE795215777E6D7D39072F1D35DE1FF1A7A1
58332 24225 28281 4C0D1484343FF6C04ED83404DC5AC5FE56FF830010FFC98F215C8C4FA7F39B0D
40335 33873 22206 E9BB9B885AFCD56327FEBA63B813516BDB4CAD56E7B653915C83CB8397415294
67061 44043 36992 95FDA40D42A63C1020B7539D1BF4068510FC30F0223FE0CE494EA529B79FAD57
65443 24342 15358 F13587BC89FE4882C7C889302511FFD738D136129B9F5BE4C492CB4948A93A89
55734 5104 20194 F13587BC89FE4882C7C889302511FFD738D136129B9F5BE4C492CB4948A93A89
41807 60513 31759 738A3D0A95F459B67AC1E92187309386BF10154EBE57DC48B4EFBA30996F65BC
42050 56389 45928 BAF82979FC2C3FFC1FF7D9078C8AC901E201EAA6DC6183BE33C30E5FDBC3A1E3
52298 11130 574 F13587BC89FE4882C7C889302511FFD738D136129B9F5BE4C492CB4948A93A89
43458 65390 16973 F13587BC89FE4882C7C889302511FFD738D136129B9F5BE4C492CB4948A93A89
40449 37327 37993 0A3892B0DD5537DB040076BE227F91567BEBD0FE44F2103A30D2AC9911E20F6F
57519 47353 43717 79BFB3ED5ABF91FC87472F5169543791456A7D72C7C2FC8BA97128926107AF99
54425 63249 46051 7CFC4D25B2BD17F3EC864D4F4B87AA019A58D4D31DC1030A7EBBEE55F2A928C7
43076 35822 41478 F13587BC89FE4882C7C889302511FFD738D136129B9F5BE4C492CB4948A93A89
40821 57446 12235 F13587BC89FE4882C7C889302511FFD738D136129B9F5BE4C492CB4948A93A89
59084 48956 10096 F13587BC89FE4882C7C889302511FFD738D136129B9F5BE4C492CB4948A93A89
40240 26593 4132 68914EDF244DEA03382D32095068B8F639FA8F6F8D5201AB71ED8665F3E13BCC
54203 25020 38921 F13587BC89FE4882C7C889302511FFD738D136129B9F5BE4C492CB4948A93A89
66320 65240 78 F13587BC89FE4882C7C889302511FFD738D136129B9F5BE4C492CB4948A93A89
55354 926 51394 F13587BC89FE4882C7C889302511FFD738D136129B9F5BE4C492CB4948A93A89
41772 36095 46080 1D7337EB896732036D68F7804124E9FE30B2A1062741833B87A4BDA0B12374A9
68245 29270 12870 F13587BC89FE4882C7C889302511FFD738D136129B9F5BE4C492CB4948A93A89
66765 25821 49852 06BE5801236AA46C8EACCAF481F727F1AEDFAFC590985773AC96B90F83E2B338
53250 15701 6183 F44F99581B5156DE6573BBABF9C5C394CEF2B370EB7F544B9407ABBFF250F839
70232 6239 32900 22321E4AE42DC23BD90B04D100DBCCBC3E3775D433DC78E2583BCE4FA50E07B5
65435 2982 62122 F13587BC89FE4882C7C889302511FFD738D136129B9F5BE4C492CB4948A93A89
71185 28927 11643 E212E50411EBFC1F3911BA6B1CF457B941B6A5C4C1195B1FD5467239DF587CDA
59776 19544 18794 F13587BC89FE4882C7C889302511FFD738D136129B9F5BE4C492CB4948A93A89
67388 20735 240 F2FA02150CE238BEC469B0A215972AA41614964CD9209561768BB0A605F676F3
68082 30564 12176 F13587BC89FE4882C7C889302511FFD738D136129B9F5BE4C492CB4948A93A89
55896 32834 14528 F13587BC89FE4882C7C889302511FFD738D136129B9F5BE4C492CB4948A93A89

Total of 0 tasks calculated error.
