Total of 100 tasks calculated correctly, accuracy 100.00% 
1914036484 46088 58089 F13587BC89FE4882C7C889302511FFD738D136129B9F5BE4C492CB4948A93A89
1914009840 5382 566 F13587BC89FE4882C7C889302511FFD738D136129B9F5BE4C492CB4948A93A89
1914032363 14420 43046 F13587BC89FE4882C7C889302511FFD738D136129B9F5BE4C492CB4948A93A89
1914026714 49335 27955 4945D2F091710C14CAEF5C99759B7D469CF9C787EF8EA7DC5A6C2D63425A64BF
1914035951 10072 29935 F13587BC89FE4882C7C889302511FFD738D136129B9F5BE4C492CB4948A93A89
1914038782 6230 56798 F13587BC89FE4882C7C889302511FFD738D136129B9F5BE4C492CB4948A93A89
1914013326 15089 48364 464852DBE21426E884D240ADB96E016F31F61B422A995F398376006D904A8827
1914024348 28430 11691 F13587BC89FE4882C7C889302511FFD738D136129B9F5BE4C492CB4948A93A89
1914015917 21798 55306 F13587BC89FE4882C7C889302511FFD738D136129B9F5BE4C492CB4948A93A89
1914032092 44492 34139 F13587BC89FE4882C7C889302511FFD738D136129B9F5BE4C492CB4948A93A89
1914050376 18956 54731 F13587BC89FE4882C7C889302511FFD738D136129B9F5BE4C492CB4948A93A89
1914011315 12832 16854 F13587BC89FE4882C7C889302511FFD738D136129B9F5BE4C492CB4948A93A89
1914034480 20966 26688 F13587BC89FE4882C7C889302511FFD738D136129B9F5BE4C492CB4948A93A89
1914012029 33605 50363 C9F2036DEC5F863BC8EAE29ED11E92315150DAEE78506A9BF3DCF9A7A5BB3860
1914010001 30450 5329 F13587BC89FE4882C7C889302511FFD738D136129B9F5BE4C492CB4948A93A89
1914014902 61147 29845 A9181711226D4AB587EB29FBE9F7EC0D968B404E50828015E30D3E84E74EC495
1914024134 46584 18026 F13587BC89FE4882C7C889302511FFD738D136129B9F5BE4C492CB4948A93A89
1914025565 44352 45865 F13587BC89FE4882C7C889302511FFD738D136129B9F5BE4C492CB4948A93A89
1914015176 63448 19146 F13587BC89FE4882C7C889302511FFD738D136129B9F5BE4C492CB4948A93A89
1914032075 59314 4021 F13587BC89FE4882C7C889302511FFD738D136129B9F5BE4C492CB4948A93A89
1914032148 5426 35440 F13587BC89FE4882C7C889302511FFD738D136129B9F5BE4C492CB4948A93A89
1914026032 52735 37723 B75DD1B1CE3BE0083AA280DECDFE62CEF8A8E151F7CAAC84C62C2C85D2A155F0
1914032557 34625 12044 521BADB6A0CEEE3F778DB2EABF5425F86C2053BB9F07AF9F26FAEDED261CA7AB
1914036313 7764 8525 F13587BC89FE4882C7C889302511FFD738D136129B9F5BE4C492CB4948A93A89
1914008309 6391 50518 C29F2BD7E10798A5198EF1C467827074D9C2C6B459F8F7D6BC21ED2C495CFC46
1914048211 25609 11485 0A047E94608A3F9A9728B26A3714073DB3327CB5302813D16C2E06660D4AF9C7
1914038211 31612 26168 F13587BC89FE4882C7C889302511FFD738D136129B9F5BE4C492CB4948A93A89
1914032765 39272 26837 F13587BC89FE4882C7C889302511FFD738D136129B9F5BE4C492CB4948A93A89
1914009745 63863 57863 FC848E2800A08CB960AE3BE51C2F35B20D04E8FFF7542AB5530E16213B31B1C4
1914039412 61126 38876 F13587BC89FE4882C7C889302511FFD738D136129B9F5BE4C492CB4948A93A89
1914026527 16655 3664 3D79D24417A16E7F85E93CDC0DC1D8249765B13E61A71EF9C560A306C9F5E3FF
1914027468 6651 48296 4C8F3AF7DD0B9BCA21D0F53332E3AD160F497C70916DA0220A8CC7453235FB01
1914012395 35386 8648 F13587BC89FE4882C7C889302511FFD738D136129B9F5BE4C492CB4948A93A89
1914049179 56593 11584 6B7B7C5F7F03C6AC7977DA222CBE085EDB56BCD9211722204EF3BC1B810FC6BD
1914015019 23937 29495 73F975F90B05DF046F25786266ABD37BFB06C1907409F094D125D9016C38A838
1914024480 45125 1375 E0FA5B71695174071779370BBE6309CAF9F4D4581C1D22503D799F0D4F188A20
1914010865 48429 25911 CC3430A7F98E52BEDCC5384D6F712D96186A379C9D518593BEE9C808B26C7168
1914035165 1840 22585 F13587BC89FE4882C7C889302511FFD738D136129B9F5BE4C492CB4948A93A89
1914027787 28351 877 D432C9D9AC3CA21A75A8DF4C3B0EA21AB498B73BBF9021A064EAD29B9C55AAF5
1914012018 60082 32326 F13587BC89FE4882C7C889302511FFD738D136129B9F5BE4C492CB4948A93A89
1914024860 65087 2028 36645F05E41809D2B0D2F9F756BA54902118995366F6CAD8F8CC1D0DABCEA88E
1914036404 19168 3644 F13587BC89FE4882C7C889302511FFD738D136129B9F5BE4C492CB4948A93A89
1914015144 31165 30354 24BBA29361B57DF19D06D214AE3CD74FD49C1336189505749B6D2532479A02F3
1914037896 61598 64614 F13587BC89FE4882C7C889302511FFD738D136129B9F5BE4C492CB4948A93A89
1914015914 52054 41619 F13587BC89FE4882C7C889302511FFD738D136129B9F5BE4C492CB4948A93A89
1914033120 58649 59272 E53188780AC62A0EDC1EB645C6C5C6E757EB6F5A89ECA24B8559D11545028992
1914050674 23378 16659 F13587BC89FE4882C7C889302511FFD738D136129B9F5BE4C492CB4948A93A89
1914038215 24193 19475 C0B65914CF7F3CC2915966A13B1C1EFAE44E15F268E352E77119CF564FF56863
1914014762 7629 27416 F7FC715D292D0B54A8CD25C733FA2FB0B9CB42ECFA40B8DCA835BA130AD6165D
1914032230 25053 18150 4867C3D7A1842D0A98B1D7E64DA277576C21DE7949C76BA6D38590DEAC6796EC
1914050608 63949 21611 F3B1B2F725BBF6B7267C56C096481B0713055F5F3313CA5C57515BD0D4146E6A
1914038084 52047 40450 190AC57F89C699929EFFE0714AF01629F1E48004E13FA35A7FD6D271DEE2FE28
1914024068 35248 55119 F13587BC89FE4882C7C889302511FFD738D136129B9F5BE4C492CB4948A93A89
1914024753 10307 44923 116674DBFB610D747887B543D8B1F4158E68AFE3C1764322ECB12A6D428A9FDE
1914032475 30415 45486 7F494DEE6F7F63314B87108B989874940A674CE8992992D330050F6173EE8A10
1914048378 57292 10952 F13587BC89FE4882C7C889302511FFD738D136129B9F5BE4C492CB4948A93A89
1914014347 29112 42673 F13587BC89FE4882C7C889302511FFD738D136129B9F5BE4C492CB4948A93A89
1914033413 59623 59665 DBA7FDE2AC09C19DE770218054CA92EFDC5843D0F056F13E927B9BD975641D5C
1914050969 38659 32578 77B9596D309856E2CCE1741C4464A51D0C5C1257AEAF2B1861ACF9D22DD9FA9A
1914035069 16793 10513 EB375F0BB778EF3B7585950A0461E6A6FD9B0F7C9E819FD2AB8A94B9AE4173B8
1914026119 40476 21499 F13587BC89FE4882C7C889302511FFD738D136129B9F5BE4C492CB4948A93A89
1914032700 29170 53215 F13587BC89FE4882C7C889302511FFD738D136129B9F5BE4C492CB4948A93A89
1914015330 56001 4317 40A434E18DE391BE562D25FEFBB607C27F571BC2A50D874FCC2DC452A90BFD28
1914011527 35957 16198 9982426AAEE1A76E4C220B4AADF582B5C147A58C8F1DF33690407D8BE71AC1C6
1914014693 23573 42800 12735CF7542A55B7030F103D07CD92DE1117E9EC082545388561DFCF9889CCE5
1914015768 51470 63288 F13587BC89FE4882C7C889302511FFD738D136129B9F5BE4C492CB4948A93A89
1914033424 7866 57233 F13587BC89FE4882C7C889302511FFD738D136129B9F5BE4C492CB4948A93A89
1914032933 26281 51334 AEEAC851A48A209DF4E339C046CF0C5B83B16B18A93E44C4F16070C98CA4E4D7
1914009943 23155 20978 119593722A7B9DB13527FFC369C36A5329834BE76193E7068DFB419239595E06
1914050979 45027 60659 C66353706B65DCD4CD0FD16CAFC283EB92E892A94AD63ED46D862243DF270101
1914033191 26367 28404 B624F6BA00B012B7D66BA3B0429A7478D2DF812D3A2BCF8A8FE905D59C457A35
1914011526 39728 63655 F13587BC89FE4882C7C889302511FFD738D136129B9F5BE4C492CB4948A93A89
1914013136 1115 11874 A5D7186830C4DB882433228671CDAE9C8E7A45732F5FB4865B9DD942F812A52B
1914050499 24604 24364 F13587BC89FE4882C7C889302511FFD738D136129B9F5BE4C492CB4948A93A89
1914008788 27102 22218 F13587BC89FE4882C7C889302511FFD738D136129B9F5BE4C492CB4948A93A89
1914010988 9755 47404 CD2BA5D03D6902CF6E7FE68B259A8ACB49D167A35370CF1BC904B164AD16A643
1914026970 11077 37739 BA91F6ACC3092C14B29A255ADAE18381FF65260E34F2087E3CB3353ADEDDA2D2
1914037894 16885 11663 E42D3C8B19DD3158A1F9B64167E1C29D3353D8BB60F654B740996AA8DAA10C4F
1914014121 14042 61416 F13587BC89FE4882C7C889302511FFD738D136129B9F5BE4C492CB4948A93A89
1914015088 45861 31823 416E5DF1F059E2668A46A4A5004D747B1B765829238C6F01483B2B725F23F15B
1914027961 3507 20709 915674D8423FCD0CD3E60D6AAC4EA188E87FBA07749AD887DBE137AF55188C94
1914025515 26813 51121 D60F50E0C3483BCAAA06ED95A401AB58D7F572D52E5F59AB528CABD0DB614A9F
1914011476 6741 30416 DCF7120BB53AD03156D3C09EB3281EC50E3EC6BC7FEEDDC594DA08BF81692AAB
1914010244 29460 9763 F13587BC89FE4882C7C889302511FFD738D136129B9F5BE4C492CB4948A93A89
1914050249 24483 14746 EA6D81143916B5579C4D74281B3CA9DC1240A53B526B93CA5E53AD48579D3A6F
1914033629 4306 18160 F13587BC89FE4882C7C889302511FFD738D136129B9F5BE4C492CB4948A93A89
1914014249 54145 43513 DE7EB9D5BA6DDE43B31FEB1E9EB3C0013E6BAE07DDCB6EB17B3A18478DAE71E3
1914010965 34366 7597 F13587BC89FE4882C7C889302511FFD738D136129B9F5BE4C492CB4948A93A89
1914035436 41012 824 F13587BC89FE4882C7C889302511FFD738D136129B9F5BE4C492CB4948A93A89
1914035462 64274 60766 F13587BC89FE4882C7C889302511FFD738D136129B9F5BE4C492CB4948A93A89
1914011023 37953 39825 E7548D11A7D84F44277ECF93735103DB5D58EB63057BB2EA05AE92A6C969EBCE
1914027574 38287 45276 72C78B6782F832737CC2A8E3CF95B4F2F5371C9FC76E6F90609E8ECE4A13555C
1914009034 43705 31078 6576F5B958321FFC485C30E85CD6374DF38315375AE35BF74AA70DF763E73958
1914036689 889 49752 26E27E2207951AF0F1A8EF4902E3FBDCE3C05EDEA6F211A207F4429BED161052
1914037758 3943 2935 3F8094193B01617BD1E9A3E5913596309D4B42CEA9CB1540A22CB5D8099E0E75
1914008174 40765 49797 CB8817C667D270C479F8CF832E3AC599713D85F963D9574315854DD5DB93041B
1914015345 52337 45390 2D34B60332B3427E3A865D86D7D6949F9E8EDC2F1677AF085CF10AD00DD82660
1914035998 47746 42192 F13587BC89FE4882C7C889302511FFD738D136129B9F5BE4C492CB4948A93A89
1914049187 51813 37865 217B4A5ADC75DD7D95682AEBD6801E40C2B16FAD127E957BC6560DA9E11EDDE1
1914013373 45164 58420 F13587BC89FE4882C7C889302511FFD738D136129B9F5BE4C492CB4948A93A89

Total of 0 tasks calculated error.
