Total of 100 tasks calculated correctly, accuracy 100.00% 
2957987069 21549 55622 0BE302181AE82A9896ECD46108F4DFD6D47631FD621283CAA53349BB6D2761C2
2957981570 38236 38496 F13587BC89FE4882C7C889302511FFD738D136129B9F5BE4C492CB4948A93A89
2957981091 50892 29618 F13587BC89FE4882C7C889302511FFD738D136129B9F5BE4C492CB4948A93A89
2957980902 43997 44803 059D992651D16223F2AD58DA12C4850DDD5DAEAFA451A562196A2DFBDA4FC775
2957985203 43174 47258 F13587BC89FE4882C7C889302511FFD738D136129B9F5BE4C492CB4948A93A89
2957986909 11887 9227 9F07F7404245C7EE62C39BC04CDD8BA3CC4011026EA47F1D800CB66179B1383D
2957987000 11623 54900 2E7977609BD4EE3D82E6C6FC5B300FC85296CBAE7C13B13704990741054CB264
2958013840 43203 37055 90109C15B83B8B6F72C44906FB1F794FD14F22146852B8A86A685152DADAD54B
2957983125 45316 43389 F13587BC89FE4882C7C889302511FFD738D136129B9F5BE4C492CB4948A93A89
2957986126 34343 36433 E64BFDDE67213AA19983DF62E8791202BA19DB6EE528BDBB357278A414E0BAA1
2957980768 17375 64219 69FE2D58EDC3CFBC8DD40B48E2C4F4DB845F46A84C36B279C27F6A73E5E8A465
2957983183 5844 53521 F13587BC89FE4882C7C889302511FFD738D136129B9F5BE4C492CB4948A93A89
2957986983 22288 39801 F13587BC89FE4882C7C889302511FFD738D136129B9F5BE4C492CB4948A93A89
2957987162 53237 43263 068449C0E8DF4109AA60017E4AFA95B6B3268867E203B9A0F9306079AB661034
2957980838 63736 15487 F13587BC89FE4882C7C889302511FFD738D136129B9F5BE4C492CB4948A93A89
2957984347 18767 1819 94B894A46700C688DD954C0F9526C647951FD3186BFD40AC353D23BA2F89644B
2957984690 52445 31590 5E310EFFA912BC322275245777034A3DB415C4C3E14DC544FACDF0DFF261BB10
2958015703 37295 30887 55B5FAC16CA5A2527F06A8ADD035E265AA5597F8469E88FB715138B294D09B03
2957986373 38462 37628 F13587BC89FE4882C7C889302511FFD738D136129B9F5BE4C492CB4948A93A89
2958008951 62414 10748 F13587BC89FE4882C7C889302511FFD738D136129B9F5BE4C492CB4948A93A89
2957981891 22350 29600 F13587BC89FE4882C7C889302511FFD738D136129B9F5BE4C492CB4948A93A89
2957985968 9342 65501 F13587BC89FE4882C7C889302511FFD738D136129B9F5BE4C492CB4948A93A89
2957986743 54019 61254 46B015CADDE33C63D307D7C36AE4B681489434CC45983A14977AFAB5DFFC7327
2957983054 25170 32305 F13587BC89FE4882C7C889302511FFD738D136129B9F5BE4C492CB4948A93A89
2958016771 55424 17098 F13587BC89FE4882C7C889302511FFD738D136129B9F5BE4C492CB4948A93A89
2958017994 23526 54331 F13587BC89FE4882C7C889302511FFD738D136129B9F5BE4C492CB4948A93A89
2958017143 58779 63706 983FAE4020EA649860481DFACD10A3AEA64510FD866CAE6C51DEC0A13E6BADE8
2958015291 38858 7154 F13587BC89FE4882C7C889302511FFD738D136129B9F5BE4C492CB4948A93A89
2958015757 14126 11208 F13587BC89FE4882C7C889302511FFD738D136129B9F5BE4C492CB4948A93A89
2958017384 1088 58128 F13587BC89FE4882C7C889302511FFD738D136129B9F5BE4C492CB4948A93A89
2957986230 37713 63862 32D44ED6E69141E56A51D1FA9C9D0543001692F203C6DECDD385778E9BF756D2
2957983173 54866 1992 F13587BC89FE4882C7C889302511FFD738D136129B9F5BE4C492CB4948A93A89
2958009242 39282 13786 F13587BC89FE4882C7C889302511FFD738D136129B9F5BE4C492CB4948A93A89
2957980429 42515 48676 6003E65F3BE7B16BF741C845D9F7DF3054437C2FFFA2AC59CE1B9F3FCEC66C58
2958012292 11992 18773 F13587BC89FE4882C7C889302511FFD738D136129B9F5BE4C492CB4948A93A89
2958013805 24272 39844 F13587BC89FE4882C7C889302511FFD738D136129B9F5BE4C492CB4948A93A89
2957986980 26790 57917 F13587BC89FE4882C7C889302511FFD738D136129B9F5BE4C492CB4948A93A89
2958018730 53890 48313 F13587BC89FE4882C7C889302511FFD738D136129B9F5BE4C492CB4948A93A89
2958015900 58509 10356 65F81476EDE4D857C9D061DC355AC7D4BCF5008BAEA0BF0BB8DFD76B23CD7671
2957983963 49841 52753 5887A17D46D6870F23CCAF0CA354BB9FE6DC7982EDDA95A1CFA2A3D08276BE3B
2958017618 15084 16677 F13587BC89FE4882C7C889302511FFD738D136129B9F5BE4C492CB4948A93A89
2958014355 64975 58161 FF0F503B0C2AEF36D0DED5C2C074571F31EA346BCC50E5960264ED1ED6ECFA80
2958017951 2646 2038 F13587BC89FE4882C7C889302511FFD738D136129B9F5BE4C492CB4948A93A89
2958015451 14034 42695 F13587BC89FE4882C7C889302511FFD738D136129B9F5BE4C492CB4948A93A89
2958012579 9317 5883 12CE52802BBD744B82C13BCC413F4B13A2408D5B89193560B2810A058FA29DAD
2958012567 64891 65328 41F5F0670DE2FCF6900D233AA12E03F87E0D65A99B00B33696F0A2362D3C7374
2957985925 7737 65361 6628AAD6C27097D3622CE6B451A099A05BD9FBF16C461AE1230110619BC989D0
2958012378 31384 19396 F13587BC89FE4882C7C889302511FFD738D136129B9F5BE4C492CB4948A93A89
2958015633 1147 34395 74CCFE49DC3BAEC18282DBC95F3A91079D58DD406F4AAF3D558A9923CF3DA612
2957985355 3972 57876 F13587BC89FE4882C7C889302511FFD738D136129B9F5BE4C492CB4948A93A89
2958016409 17889 1715 DA367DA8D5CDFF62B020669D3C2403F74FCF3DD2111BD2AD5BBE87A0E0D84AF8
2958017159 59151 9999 83D51EC665C3AB6E0434DA450941C8EDC5E93E1283DF8178AA9E267D83D2BDA3
2958015321 47681 61826 4A5C3FE7DE32CCD03C0E46235A5E1AF1DE94E5231810B959DC6A4BC2C22A786E
2958009037 31812 30572 F13587BC89FE4882C7C889302511FFD738D136129B9F5BE4C492CB4948A93A89
2958015126 36556 36706 F13587BC89FE4882C7C889302511FFD738D136129B9F5BE4C492CB4948A93A89
2957985341 40278 57899 F13587BC89FE4882C7C889302511FFD738D136129B9F5BE4C492CB4948A93A89
2958012475 3950 35784 F13587BC89FE4882C7C889302511FFD738D136129B9F5BE4C492CB4948A93A89
2957983270 15149 13746 593107BBC7D29A5CAD40EF7A769F6AFEB380C1E1B28ADB6DC2A6FDF4F2E3F3CB
2958019154 57600 38747 F13587BC89FE4882C7C889302511FFD738D136129B9F5BE4C492CB4948A93A89
2958017323 40855 32170 9950811D6A0925700EDE6B4C1355033BC5943C06A51FE4E8D4D34A7F80FD15FC
2957981304 33830 12981 F13587BC89FE4882C7C889302511FFD738D136129B9F5BE4C492CB4948A93A89
2958017145 52191 21582 1F441262BF96D6D2700A62160ABFE4B141B3F279EA1ECE92FF0785EC0FBD87C1
2957984314 60572 16089 F13587BC89FE4882C7C889302511FFD738D136129B9F5BE4C492CB4948A93A89
2958017313 39865 39897 B8824ED07F80BC9A1989DEFE65CE2D2A35CF36139B06ABAF3C6A8ADBB15C091D
2957985248 226 42609 F13587BC89FE4882C7C889302511FFD738D136129B9F5BE4C492CB4948A93A89
2957985668 6578 17699 F13587BC89FE4882C7C889302511FFD738D136129B9F5BE4C492CB4948A93A89
2957983981 53885 53938 DD1DE0C612A4C5124C508C714E56AB0CF79A6A0CF6368741B92C6753347FC61E
2957981495 53870 45669 F13587BC89FE4882C7C889302511FFD738D136129B9F5BE4C492CB4948A93A89
2958009475 54476 35978 F13587BC89FE4882C7C889302511FFD738D136129B9F5BE4C492CB4948A93A89
2957986684 12202 48623 F13587BC89FE4882C7C889302511FFD738D136129B9F5BE4C492CB4948A93A89
2957987469 26283 29995 2EA4C0AD9CC365B3692551556F7AEC3F3722872B0D352738A0C4B3E421C6748D
2958015686 28678 44180 F13587BC89FE4882C7C889302511FFD738D136129B9F5BE4C492CB4948A93A89
2957981560 47730 11013 F13587BC89FE4882C7C889302511FFD738D136129B9F5BE4C492CB4948A93A89
2958016567 50134 19763 F13587BC89FE4882C7C889302511FFD738D136129B9F5BE4C492CB4948A93A89
2957987272 35022 24286 F13587BC89FE4882C7C889302511FFD738D136129B9F5BE4C492CB4948A93A89
2957985581 4552 9346 F13587BC89FE4882C7C889302511FFD738D136129B9F5BE4C492CB4948A93A89
2957986279 32713 41624 8499A827AF4CC969D8E866EF82F5D890D10FF981CB796BEECA2E2BC77087DD38
2958008978 38148 56034 F13587BC89FE4882C7C889302511FFD738D136129B9F5BE4C492CB4948A93A89
2958009470 20159 26319 15A25A6BAB712B32121DD9631004DA2979F7EDECD1A40338642C69E208B93CF8
2957985626 31720 64804 F13587BC89FE4882C7C889302511FFD738D136129B9F5BE4C492CB4948A93A89
2958017427 7746 17652 F13587BC89FE4882C7C889302511FFD738D136129B9F5BE4C492CB4948A93A89
2957982595 33491 12822 EC0264C3B99B70E8D61E4381C070CBC09D61B00E85F08FE57EF986A43AD62BB4
2957985416 53770 64553 F13587BC89FE4882C7C889302511FFD738D136129B9F5BE4C492CB4948A93A89
2958013313 54611 24594 32AF41E41128CE1D5FB70FA44A986186759554D5F0E10FB32AA24690F1CCE2E3
2957980228 38031 56902 B4C330A52D77B16DD910FFD46CD4165B50699C87A19B37DCCBE9D3D9CABCA750
2957986381 13986 35826 F13587BC89FE4882C7C889302511FFD738D136129B9F5BE4C492CB4948A93A89
2957981197 21178 21101 F13587BC89FE4882C7C889302511FFD738D136129B9F5BE4C492CB4948A93A89
2957983423 39147 52319 65355FDA236E5CFF974913444871C2B08D68996B5263B7616782FF911FA3ED56
2958014429 47167 60046 241B9E55917D1D48A286F1A757E990A081DB9165BEFF45AC9CE0DD93405937AA
2957985624 42419 40420 6B0FA506C46742A7B465E359011086723C0095FBDDB0719B8F90CC9E48BDF717
2957982911 30547 46448 28A2D19BFF63B02C61F1C298867D49CC9BF1C8FFCC9D241AA581AA9C147118D9
2958014746 39975 28200 75726C6E00C6EA306651FED6388F6D756F4D86AEE3D07B43C35EF303ED364F87
2957982611 54513 47840 126F6972835959124E10FB48AF829526C08058359E8705D795C12B00F9903FF4
2958018648 1717 15608 C28166CA8C2F051ECA14FAEB12D5FC26EC3FDA102529A45F1CCF7401EA004F71
2958015440 8385 14646 C0F8CC9F161E1FEABA67948D0051DCAACE109B0BBFD3221536F3DF41CD5BDB4B
2958016836 3366 59872 F13587BC89FE4882C7C889302511FFD738D136129B9F5BE4C492CB4948A93A89
2957987155 34197 11727 310DD4EAE0E69DC9E76A7E22EEE1F3A6DFB20855B118395D8EDAA1075E55481D
2958008852 55837 7232 98568B41C55C226BC2DAECFABC238C91923825BC71473C6AE79B8AE24986C4FB
2957983663 17169 49210 1EA4076621267D6D75688EE98B57976564B02A84E9B1A38A99F4F6829E7CBE0C
2957981367 50465 31834 4830A03177D98A50F979F6807C5A4D815B4994F42A48DE2A42DB621265170A3F

Total of 0 tasks calculated error.
