Total of 100 tasks calculated correctly, accuracy 100.00% 
3480017439 44379 5403 79E89837A08E68925ECF45144971AABA11C416B7D6C879F4AC4D35EF93B45584
3480018313 29091 44235 8ED1BD2AF4574E4738D1FD86CFBFD7F54DF7F4EC082801266C96E94AFA1D989B
3480035124 25992 2339 F13587BC89FE4882C7C889302511FFD738D136129B9F5BE4C492CB4948A93A89
3480035685 14575 50450 80A7AA256CEC022AC903413115D2D38FA3A0D625C9505567C3B46100522C2100
3480032745 37936 19365 F13587BC89FE4882C7C889302511FFD738D136129B9F5BE4C492CB4948A93A89
3480020194 48587 6319 E34AC04C18EE55BC9CCDF355293D3A969594CB9478346B31259B1065BCE1CB3B
3480020992 49044 23125 F13587BC89FE4882C7C889302511FFD738D136129B9F5BE4C492CB4948A93A89
3480017910 4660 41867 F13587BC89FE4882C7C889302511FFD738D136129B9F5BE4C492CB4948A93A89
3480048739 9154 16038 F13587BC89FE4882C7C889302511FFD738D136129B9F5BE4C492CB4948A93A89
3480019786 57440 46727 F13587BC89FE4882C7C889302511FFD738D136129B9F5BE4C492CB4948A93A89
3480050972 60704 23418 F13587BC89FE4882C7C889302511FFD738D136129B9F5BE4C492CB4948A93A89
3480034464 58268 61574 F13587BC89FE4882C7C889302511FFD738D136129B9F5BE4C492CB4948A93A89
3480022564 1157 44383 0D62D116FFCFD527BD9EE03565888F719B1C05FE8D3785231B3C3B70EF61C11C
3480048546 19708 25973 F13587BC89FE4882C7C889302511FFD738D136129B9F5BE4C492CB4948A93A89
3480020532 50485 51621 05D3571916CE763B6C70426073B3A26378C5F4E2067F02DA3E67F6D8ADC13624
3480033580 55975 35160 46C77A2F3631669F539FD864C213AF3AE104994238BE5343DE53DF657EC811CF
3480032282 57456 28007 F13587BC89FE4882C7C889302511FFD738D136129B9F5BE4C492CB4948A93A89
3480019323 17632 50319 F13587BC89FE4882C7C889302511FFD738D136129B9F5BE4C492CB4948A93A89
3480022189 44415 19272 8E1840EA042864F1D9AE48B249F4D08D1218F00EF09A207A333536E70EF93AB3
3480050566 46195 24890 C55BB231CB2A640905D249EC5DE10285DF36F44706D7CB456C271BF1DF423480
3480050868 57342 8558 F13587BC89FE4882C7C889302511FFD738D136129B9F5BE4C492CB4948A93A89
3480017839 47860 27356 F13587BC89FE4882C7C889302511FFD738D136129B9F5BE4C492CB4948A93A89
3480022949 25314 63652 F13587BC89FE4882C7C889302511FFD738D136129B9F5BE4C492CB4948A93A89
3480050725 57034 18706 F13587BC89FE4882C7C889302511FFD738D136129B9F5BE4C492CB4948A93A89
3480017421 42244 30207 F13587BC89FE4882C7C889302511FFD738D136129B9F5BE4C492CB4948A93A89
3480035748 37549 25475 9D732B43C394EDCF550635CC5B656027B669AA0CD37F35DEE01C424093596266
3480020920 18144 46110 F13587BC89FE4882C7C889302511FFD738D136129B9F5BE4C492CB4948A93A89
3480050248 28229 22082 B22741A06430DC76B3F114EB995E913CE20ABC328C675D4B2D96F8A4522B77A1
3480050981 8346 38005 F13587BC89FE4882C7C889302511FFD738D136129B9F5BE4C492CB4948A93A89
3480019382 3835 46854 4B20AF7D4A95A2A73AD615780D0A2861838BA15FB2A439E8443E6D7ABDB6ED4C
3480023062 61121 36031 A4C7335DE0D127A112E0837503B7961F25FA14C5D947E5B260BAD310C77DFC27
3480022702 30436 19491 F13587BC89FE4882C7C889302511FFD738D136129B9F5BE4C492CB4948A93A89
3480021265 47762 5299 F13587BC89FE4882C7C889302511FFD738D136129B9F5BE4C492CB4948A93A89
3480048701 39198 16980 F13587BC89FE4882C7C889302511FFD738D136129B9F5BE4C492CB4948A93A89
3480021375 9012 3989 F13587BC89FE4882C7C889302511FFD738D136129B9F5BE4C492CB4948A93A89
3480023434 47657 60037 6C44858448675B9075CD6D41486EA271A32901ADE032335C43E87664221D4D1B
3480033541 51759 15558 D5D433DD71E25C7030D594F74847890D8EF00EC609799FF10A5F7A63952C77A4
3480023427 7855 44327 35D7B2ACEF8802495D3217993D25ACDCE4AC68C236AD93257603D10E16BF5239
3480033574 17209 54303 54FFB3E7CD87590998D2CF6235291071A225F3F5C50F74018DDE343B1E30DAE9
3480035729 13987 63026 0A3D5BFDBE21B51DB150A6A0B841CE36D645E61C8BD74EDBCC16BE71DEE52A39
3480016199 39133 8889 E8BD98FCC53A1ED9C3C510D2DBC10FC3B827D2347209FC8925027B5A24B6DA4B
3480035000 54477 11751 569A208103E8477A404E3D8D872636199EF6C7ADE6546189FFE1DDD391B7828B
3480050996 35541 64522 45B10AA9104A3ECF2FDDBBC56AB332AAD67242BD72E99B3AF4731C6DF414F77A
3480050859 57914 17713 F13587BC89FE4882C7C889302511FFD738D136129B9F5BE4C492CB4948A93A89
3480018341 28573 31885 CE69E1FF29090C66810C8F4029F3C909E9143702E6EEB18B65499C5684C6DE1B
3480019618 44134 53647 F13587BC89FE4882C7C889302511FFD738D136129B9F5BE4C492CB4948A93A89
3480033192 6682 58483 F13587BC89FE4882C7C889302511FFD738D136129B9F5BE4C492CB4948A93A89
3480034679 20358 61559 F13587BC89FE4882C7C889302511FFD738D136129B9F5BE4C492CB4948A93A89
3480035334 3051 55415 F7A591A7CB03ED54F8ACB2AC114575C71BD30F03E2ABD4FD02F018AC84F3A08A
3480019231 57780 3260 F13587BC89FE4882C7C889302511FFD738D136129B9F5BE4C492CB4948A93A89
3480048786 47077 9015 B64EA39F308D68C6723103139257F6A2EA4B7AE49BC7C0911FFB2DB5A7F50B0A
3480017782 37461 39423 1102E89C8E82716E92B12D5FEB71CE83BAE237B51EA72DCA11B079C34217974B
3480017364 44292 14998 F13587BC89FE4882C7C889302511FFD738D136129B9F5BE4C492CB4948A93A89
3480023059 57997 19212 7291740B0AF9F43D61ECF53D0A7B5BCD9413CF5167274BD3066C036DAC4D7008
3480016925 61210 36216 F13587BC89FE4882C7C889302511FFD738D136129B9F5BE4C492CB4948A93A89
3480050901 50092 1760 F13587BC89FE4882C7C889302511FFD738D136129B9F5BE4C492CB4948A93A89
3480016000 25921 11919 3AF0CCA11FE8ABE992E2F2200832F88F2ACEB32CA6CE16E51A46BB171F13B087
3480049593 49926 3235 F13587BC89FE4882C7C889302511FFD738D136129B9F5BE4C492CB4948A93A89
3480023903 58648 39462 F13587BC89FE4882C7C889302511FFD738D136129B9F5BE4C492CB4948A93A89
3480049788 6918 38355 F13587BC89FE4882C7C889302511FFD738D136129B9F5BE4C492CB4948A93A89
3480035611 42967 33284 9FA90DDD4AED4F00AAA63841826542810848CA2F03A1D7D76797D46FEE86A1E1
3480051065 18524 59301 F13587BC89FE4882C7C889302511FFD738D136129B9F5BE4C492CB4948A93A89
3480020765 45777 48598 64959548FB72289FD0DBD9468895EFF9B052BE05129BA1CCFFA637E767DC3C8F
3480035177 60434 16710 F13587BC89FE4882C7C889302511FFD738D136129B9F5BE4C492CB4948A93A89
3480034617 63487 5055 8111F824C1F4A3F8345DCDB9D25E7EE1DAAA4AEE46AAF942854BE12FDBAA754E
3480021880 57211 44728 355C80A6A5E8FD4814CCCA428D2CCCDAE3181AF26E9152CF091227186DB9D646
3480035839 26646 61102 F13587BC89FE4882C7C889302511FFD738D136129B9F5BE4C492CB4948A93A89
3480016512 60494 18821 F13587BC89FE4882C7C889302511FFD738D136129B9F5BE4C492CB4948A93A89
3480050522 28498 45349 F13587BC89FE4882C7C889302511FFD738D136129B9F5BE4C492CB4948A93A89
3480034913 57997 42064 5C63EF0E94D7B5EB7C8F55E0E00A2FAAE120C5C1803716742C36F2F735CAABEC
3480032283 12068 4946 F13587BC89FE4882C7C889302511FFD738D136129B9F5BE4C492CB4948A93A89
3480022739 35428 28954 F13587BC89FE4882C7C889302511FFD738D136129B9F5BE4C492CB4948A93A89
3480049929 18306 2740 F13587BC89FE4882C7C889302511FFD738D136129B9F5BE4C492CB4948A93A89
3480020116 18224 2274 F13587BC89FE4882C7C889302511FFD738D136129B9F5BE4C492CB4948A93A89
3480017162 2247 26779 223899A450E3914BA01A3CF3D79528A9F9D9AC0B111F5A314F17F052202ADAF1
3480049991 39371 42011 C2F764071B8FBDECFD797B0AC158F015CC272673704D8E76E9833C342CBA4B98
3480022188 7923 11638 91079128011243B0578E94347F1DE04BA0CB672F706519A9C862EFEF1D012B9E
3480049369 42850 32539 F13587BC89FE4882C7C889302511FFD738D136129B9F5BE4C492CB4948A93A89
3480050986 4327 26226 57FFCF4A260E5E2F3831166DDBBD6993F73352BAC17C9232F1C1ED969AC9CE06
3480019241 45181 46602 5901FA0B8AA485199B3A78EE95A7DC0B1E00DF4957450A231989222D771439E3
3480022349 3895 10322 2C54B1DF1704C4E5F2E7B24F265F79BA3886936B33AD0E1F6F60EAA0349FF4BD
3480048314 50096 51675 F13587BC89FE4882C7C889302511FFD738D136129B9F5BE4C492CB4948A93A89
3480049016 55570 22451 F13587BC89FE4882C7C889302511FFD738D136129B9F5BE4C492CB4948A93A89
3480016149 15693 48709 54722F9C7BA6421238C64849299257EEFAA8FBD9ED220B68813A9E97DF8D4B2F
3480017211 23336 3131 F13587BC89FE4882C7C889302511FFD738D136129B9F5BE4C492CB4948A93A89
3480035799 1083 33271 3DAE742626718EFAF94C05810DC9362B5657F9AF0AE426702BA8025E4207E876
3480017709 60166 54099 F13587BC89FE4882C7C889302511FFD738D136129B9F5BE4C492CB4948A93A89
3480019497 37688 33901 F13587BC89FE4882C7C889302511FFD738D136129B9F5BE4C492CB4948A93A89
3480048099 24031 29132 CBA4D9FA52FB4B33C26FA2D01920F33A9AFED890496C5384BE69BBECEEC26BC6
3480018255 5692 27368 F13587BC89FE4882C7C889302511FFD738D136129B9F5BE4C492CB4948A93A89
3480049841 57100 15168 F13587BC89FE4882C7C889302511FFD738D136129B9F5BE4C492CB4948A93A89
3480016989 31366 4568 F13587BC89FE4882C7C889302511FFD738D136129B9F5BE4C492CB4948A93A89
3480032419 30943 13703 37F117E1A4BEB6256D48D13FE2FE9775E8522EB101F0811775EA7815A1F663B3
3480034124 39511 22805 57D4F91906F5C9CFDE4120E92C0FEFD2C6FC9D423C6DBFE733600633B5054F5C
3480048733 46351 46642 A1204B1A6C3BA94C07CA1511FE114C8175545FEE751F7A12BE1819765C6B34CA
3480050389 10808 7341 F13587BC89FE4882C7C889302511FFD738D136129B9F5BE4C492CB4948A93A89
3480017657 25344 12856 F13587BC89FE4882C7C889302511FFD738D136129B9F5BE4C492CB4948A93A89
3480032556 16333 59082 66FF19F97B2A40694051ADDB9F8C786E19A3C5822D8309E130C7E6D9B1EE5255
3480023274 8819 42120 7904549B824F8B5898944AF379BC1DC5D53339E4DCE2CB511BF68E8C984C116E
3480035974 60856 37761 F13587BC89FE4882C7C889302511FFD738D136129B9F5BE4C492CB4948A93A89

Total of 0 tasks calculated error.
