Total of 100 tasks calculated correctly, accuracy 100.00% 
4176024012 4421 42352 3BFF88759DEDE3A02AD4E5E8983B8CD1391177CB6EE82464B0523298A4A2D43C
4176021308 32020 18835 F13587BC89FE4882C7C889302511FFD738D136129B9F5BE4C492CB4948A93A89
4176007775 11125 33431 7349DE3E31460D1B6D65EE35738B1625B4B67549AD9225E73F2C6A855FD28A55
4176025000 37047 40708 5D8A1DDCDDFB64C018B22698D5A695EED4AE5D26BB3F6FBB4B1B0BCCD34E222C
4176011558 19100 30433 F13587BC89FE4882C7C889302511FFD738D136129B9F5BE4C492CB4948A93A89
4176001263 54147 59379 769D6369D29273BD80DE7674E00CFE73488C22589549F4CAE44F54EE72532398
4176008073 18822 39744 F13587BC89FE4882C7C889302511FFD738D136129B9F5BE4C492CB4948A93A89
4176009844 40423 11088 05FAA76E11AB3DABF3E594C790A14FEDFBDE288081819B4429FE9E405B0E7B15
4176004385 65263 22159 DE05A82421D26E978BA8C4FCF8B71D88B164F885A2A2EE00A20F9A159876E6D8
4176007166 26329 43024 72561CA4E8D59608D0A56ACBF315A0A1BDF1C5FEF1297A0707A4E54873AF45FF
4176023569 26942 31957 F13587BC89FE4882C7C889302511FFD738D136129B9F5BE4C492CB4948A93A89
4176011299 28945 40551 3E092F21D4E30C8FA1A164ABD5BA9261934CB100CB354569833ECFFCB4A59634
4176004664 12092 7449 F13587BC89FE4882C7C889302511FFD738D136129B9F5BE4C492CB4948A93A89
4176008081 56800 47920 F13587BC89FE4882C7C889302511FFD738D136129B9F5BE4C492CB4948A93A89
4176003277 15413 58598 1099947C4C2A01321E56961DB3E07EC722CD41C07DDCC13EC35450A24F35A246
4176007903 48449 43668 AC4AD2752DB98F5D39D69FECC3FD3C834AC32C76320B8022318BD514CBB1228F
4176001681 3115 458 9147C5FCDD1032E184E37DCFAB53FF41222522E09851DD9C5B4FAE06896E5B79
4176023002 33674 39418 F13587BC89FE4882C7C889302511FFD738D136129B9F5BE4C492CB4948A93A89
4176022138 22047 26139 AF0B2B798D9105CA30B8FF1F96C05D66E84CE1CDE1250407F8C577BC5514904F
4176021191 33591 43364 9FC47B0CA28C4BB73F97A24DD4D9B64B86EAC58DCCDDE9253243E6DE0589B99D
4176010988 42647 54722 8BCEFCCBCFC53E9FBEBE882485908AD08DF62470447DE2BD95864D9B3EEE1187
4176000863 9326 49159 F13587BC89FE4882C7C889302511FFD738D136129B9F5BE4C492CB4948A93A89
4176022724 8376 49637 F13587BC89FE4882C7C889302511FFD738D136129B9F5BE4C492CB4948A93A89
4176002694 58312 38527 F13587BC89FE4882C7C889302511FFD738D136129B9F5BE4C492CB4948A93A89
4176002528 55880 43349 F13587BC89FE4882C7C889302511FFD738D136129B9F5BE4C492CB4948A93A89
4176010755 48712 13854 F13587BC89FE4882C7C889302511FFD738D136129B9F5BE4C492CB4948A93A89
4176020325 16336 52069 F13587BC89FE4882C7C889302511FFD738D136129B9F5BE4C492CB4948A93A89
4176002024 37546 30826 F13587BC89FE4882C7C889302511FFD738D136129B9F5BE4C492CB4948A93A89
4176010097 32660 35007 F13587BC89FE4882C7C889302511FFD738D136129B9F5BE4C492CB4948A93A89
4176000843 18288 8445 F13587BC89FE4882C7C889302511FFD738D136129B9F5BE4C492CB4948A93A89
4176007956 41317 12552 6FEF01EC2598FD1574DFE93668D3802FA99A8EEB0A9F5D1035D078099727514F
4176001748 10015 6109 81D3DF7B8C2C29FC1429DA857DC3266296C360FAE77E6089C04FD0C35F99833A
4176005882 6239 3219 4E0ECD8A4B8357A2529CE83DC8D48FC75BDEE8E4F901BC1DEEC5BD8F763C0243
4176023230 32758 19069 F13587BC89FE4882C7C889302511FFD738D136129B9F5BE4C492CB4948A93A89
4176005856 53178 63270 F13587BC89FE4882C7C889302511FFD738D136129B9F5BE4C492CB4948A93A89
4176007633 57512 34862 F13587BC89FE4882C7C889302511FFD738D136129B9F5BE4C492CB4948A93A89
4176010614 14938 13384 F13587BC89FE4882C7C889302511FFD738D136129B9F5BE4C492CB4948A93A89
4176020242 53873 48119 236FCF2F4DDFD544A7BF0A3C1ED5808846147FB8DC88F58BA60FA448EE100EED
4176010164 59399 4047 95248CBF78C725CA1E27A849496B5EC28C226A82FD66FB9AC5E34D9D1296E82B
4176008498 14601 39416 AED501C67C51E341F3EA5663B4CC13978142A2688476203467549476FCA9477A
4176011628 39963 57168 55E67CC003D136CF08105391BE2B82C0C7AC9CA3F813A56B2DC9E2BCF50D84AE
4176024399 65090 23089 F13587BC89FE4882C7C889302511FFD738D136129B9F5BE4C492CB4948A93A89
4176023888 25926 7083 F13587BC89FE4882C7C889302511FFD738D136129B9F5BE4C492CB4948A93A89
4176000409 47910 52898 F13587BC89FE4882C7C889302511FFD738D136129B9F5BE4C492CB4948A93A89
4176024849 55921 54929 B7734F47931BB6DE5F10AC820A27E0C39A711460D2A165C4FF3CB86ECB723517
4176010447 42506 17112 F13587BC89FE4882C7C889302511FFD738D136129B9F5BE4C492CB4948A93A89
4176025467 12485 38598 EF050EADCCFC24CF1B3AD0786D6C96265D26C1AE334886F4889728BB4F322BC4
4176024280 42565 54427 013323F94994A16EBD1999F1AF6AD7ED6596E5AB8580BA9285160BE8642BB021
4176006093 35175 26255 5F5F7ED0F342CC63C1A00F9E2E41466B9CA5AF0163A83A24C46FD39995BD9B9F
4176002622 53087 62734 0E3FE34A13D2D3B7CE28344E6DEDBA79905B85869C5475CFC5E9F842F1194116
4176011073 9463 5021 54BC5FA8BFD8ACFA8A0ECE4F4EFE1826888A3C75F06047A5379C22C4E7D95275
4176011730 38382 5101 F13587BC89FE4882C7C889302511FFD738D136129B9F5BE4C492CB4948A93A89
4176021892 12421 64742 9EEF3324B5D48FBB158B86A4439D998BD7381DC4F7F6C67B2FEA146653A575DA
4176011726 15938 39614 F13587BC89FE4882C7C889302511FFD738D136129B9F5BE4C492CB4948A93A89
4176024640 29212 37808 F13587BC89FE4882C7C889302511FFD738D136129B9F5BE4C492CB4948A93A89
4176000925 46244 15880 F13587BC89FE4882C7C889302511FFD738D136129B9F5BE4C492CB4948A93A89
4176007014 38965 2799 20E8887E3F2A8395B55778B98B1C6E2C3384A3F01D32E184137BAF02B6C8222B
4176021164 23227 13250 F77F029679196562EE223F4A256541002A1284D6CC41E227DBE3314A8192ECF3
4176011285 11707 31019 6C400919A3A0B3651E7A594F250C5F86E9C84EF4B3DBD3D16816A8289B3DCC8C
4176011520 53035 9223 818449E4A73FE1F9355B5F0DB021471811719667A70687E3D804916BBD1D9FF8
4176024827 53615 10348 F1B7883277030B76207B167C801D7AC3786F71510C5A8064FBBDAB15F7225265
4176021592 33895 62506 60268A06E6B3A52248A7DB5C0D70303CFDB4A7B7038B727382F24614E56265B3
4176004940 49561 54819 DFCB8E5B03810CDC53016B28C56F173DEDC58D1384507D63598A8124DA8186F5
4176020869 18494 65493 F13587BC89FE4882C7C889302511FFD738D136129B9F5BE4C492CB4948A93A89
4176021354 44369 43694 838540A90A7EC5E46752FD374F1DBCC7E73A4B918738846F0ADBCFFBD87ADD32
4176003002 55360 15863 F13587BC89FE4882C7C889302511FFD738D136129B9F5BE4C492CB4948A93A89
4176021623 9019 2982 EFE0B5B2581085E76729C4E6C9A6BBCA5E38ED1D66FDB1A4EC93A487DF8C7352
4176023094 10080 9370 F13587BC89FE4882C7C889302511FFD738D136129B9F5BE4C492CB4948A93A89
4176004636 13988 4459 F13587BC89FE4882C7C889302511FFD738D136129B9F5BE4C492CB4948A93A89
4176002345 24785 48128 DB482D7A8260407821D2B477CBBC776093F3029062413147B1631D50CAE6218C
4176001769 11055 30724 27525A9D4A5EEFCB1E2EE13143B8961A91F6DFDD31C58399DEE0291656C92F7C
4176007288 23010 34508 F13587BC89FE4882C7C889302511FFD738D136129B9F5BE4C492CB4948A93A89
4176003681 34648 2167 F13587BC89FE4882C7C889302511FFD738D136129B9F5BE4C492CB4948A93A89
4176021920 47639 42659 A0608A2B3FB145CB5D62B73BCFC75C9C76991086DCDDCED78A98B75CD6E7FFAC
4176024045 63750 11824 F13587BC89FE4882C7C889302511FFD738D136129B9F5BE4C492CB4948A93A89
4176004478 61322 26035 F13587BC89FE4882C7C889302511FFD738D136129B9F5BE4C492CB4948A93A89
4176024678 48128 1536 F13587BC89FE4882C7C889302511FFD738D136129B9F5BE4C492CB4948A93A89
4176023274 56688 25326 F13587BC89FE4882C7C889302511FFD738D136129B9F5BE4C492CB4948A93A89
4176003635 31835 62430 D4071A9B2CBBB257C5590C581C74F53B61365470016996987D296EB540042D3B
4176011580 28360 29681 F13587BC89FE4882C7C889302511FFD738D136129B9F5BE4C492CB4948A93A89
4176022795 15941 55003 8BB0881418FD0CE21153A0580A958FB8FFF8C18AB050BD6FD797A34E54E72057
4176011028 16927 44416 7DA6560CCF2CFD00666C6C1B4999BABC4F6CCCBCF2D9AD8680D8FB5D288A79A1
4176005805 41756 55373 F13587BC89FE4882C7C889302511FFD738D136129B9F5BE4C492CB4948A93A89
4176005803 24597 14896 B015C31688E60463E78AA73C97CB22F94A0AB3617C491BB16162F667F5DA0266
4176000389 3108 28817 F13587BC89FE4882C7C889302511FFD738D136129B9F5BE4C492CB4948A93A89
4176021470 14020 46323 F13587BC89FE4882C7C889302511FFD738D136129B9F5BE4C492CB4948A93A89
4176007017 38658 27805 F13587BC89FE4882C7C889302511FFD738D136129B9F5BE4C492CB4948A93A89
4176011773 47808 43581 F13587BC89FE4882C7C889302511FFD738D136129B9F5BE4C492CB4948A93A89
4176009148 12382 51684 F13587BC89FE4882C7C889302511FFD738D136129B9F5BE4C492CB4948A93A89
4176004399 16249 36905 2321D28EF3745E97489D53B85C4267EAB7014951CCCA6C3E6A2310C9E9C38290
4176008162 22349 24507 A1FCEEE68572CA81D10A76E5329E1F467681E1BFECB4FDDF5E7E726C3915C149
4176005211 56042 18518 F13587BC89FE4882C7C889302511FFD738D136129B9F5BE4C492CB4948A93A89
4176002092 24274 17843 F13587BC89FE4882C7C889302511FFD738D136129B9F5BE4C492CB4948A93A89
4176020113 9839 52615 55F5F280F5198681DE4CCC80F4DF6175ACAB65D1F5CE17A7C023C3FEA9E8C2A6
4176008414 46871 45652 AC030578A3F0A71AEFAD1224A86245E5FC82D4449DF455658BC42BBE4E99AB09
4176006702 28961 57194 91EEC3F38EA2402C6A4F8C39EA7E4F7D9191192250E6EA573689619F87B96441
4176010307 52247 58906 8E3CD53ACDEDB2657283D0BFBF54B46FBE6AE21240B14BC04EE5A994657511BF
4176006921 56288 28415 F13587BC89FE4882C7C889302511FFD738D136129B9F5BE4C492CB4948A93A89
4176008451 41399 61543 2A6D610105CF18C53A7A378A486E989A8BD46DC03C1DCDBF5EF9304ACDF4B1E9
4176005570 62576 12216 F13587BC89FE4882C7C889302511FFD738D136129B9F5BE4C492CB4948A93A89

Total of 0 tasks calculated error.
