Total of 100 tasks calculated correctly, accuracy 100.00% 
4871997180 2665 33174 A58B4318B2B5CA985925C87E19A3DA1215F030639DCAC1AADED7816EADB689EE
4871989065 60190 48905 F13587BC89FE4882C7C889302511FFD738D136129B9F5BE4C492CB4948A93A89
4872016043 7994 12598 F13587BC89FE4882C7C889302511FFD738D136129B9F5BE4C492CB4948A93A89
4871990036 44665 19155 6405BBA6DA8BEF296115ED620C5C09D27C6C5B450369E8F31C681A9D773AC05A
4871990206 31685 60669 429D45C02D7982E64BF07A14D8E30BA17089EB3662C16D443BFE1A705DDE81E7
4872022907 8770 57373 F13587BC89FE4882C7C889302511FFD738D136129B9F5BE4C492CB4948A93A89
4871990965 12499 12551 E7AACCBB562D0D08D42C7402A2F94A01851147BC06A5950A12F242A03D730849
4872017561 15258 3122 F13587BC89FE4882C7C889302511FFD738D136129B9F5BE4C492CB4948A93A89
4871984259 54202 47616 F13587BC89FE4882C7C889302511FFD738D136129B9F5BE4C492CB4948A93A89
4871998094 52561 31821 6F217D27F8B92511A776794B7748C91F77B73A514C491590DD0A3B8CDC8F02EB
4872020830 27012 38296 F13587BC89FE4882C7C889302511FFD738D136129B9F5BE4C492CB4948A93A89
4872020827 39642 12432 F13587BC89FE4882C7C889302511FFD738D136129B9F5BE4C492CB4948A93A89
4871988735 38372 59795 F13587BC89FE4882C7C889302511FFD738D136129B9F5BE4C492CB4948A93A89
4871991413 31883 56466 25900E4D2B952257572A1469C0305FE6D4C55CA342E4242FD883367172BB223B
4872009579 14364 32827 F13587BC89FE4882C7C889302511FFD738D136129B9F5BE4C492CB4948A93A89
4872022501 39463 2200 90BF8A8EFDA8BBDF5CAD629FC7F833BCA1135064263DEFC39312ADFFBDFE03C0
4872023211 1403 33303 E9E527443004F079B8A58EB0093FDEA3B680A0A5617A71434173B4879FA8B0CB
4872016198 20743 47976 EB84345669915BC8212497842E93F99AE0CA2980F1AFAE5DD82E438889B4235E
4872017266 55810 42957 F13587BC89FE4882C7C889302511FFD738D136129B9F5BE4C492CB4948A93A89
4871996039 65377 50259 EF87A10CE89B56EBC0DE126D2DD5FFAE027D7B27C9E2718B00155A169F15643C
4871990557 9954 19194 F13587BC89FE4882C7C889302511FFD738D136129B9F5BE4C492CB4948A93A89
4872009793 30171 40982 76C19C7E5238D5473B06316FC374C966C44C702C86D795207D0D203AA10F693A
4872011369 58034 23741 F13587BC89FE4882C7C889302511FFD738D136129B9F5BE4C492CB4948A93A89
4872020590 55766 47875 F13587BC89FE4882C7C889302511FFD738D136129B9F5BE4C492CB4948A93A89
4871991763 60225 25705 BA5A5F5ED0D233A3E836D33CD75DA06A39E64285B8F4BB114DABE33DCD8C32AD
4871996690 36340 14472 F13587BC89FE4882C7C889302511FFD738D136129B9F5BE4C492CB4948A93A89
4871990684 62195 30769 58160ADDA32D38E7B583BF9D774729CE389D5163B1B056465E7A2B34D4F65D34
4872021021 14529 38767 92A5DBA67DCA8FA5DB229F007D773A9766350F1580AD39556FC2C25A11333D1D
4871999405 62600 62362 F13587BC89FE4882C7C889302511FFD738D136129B9F5BE4C492CB4948A93A89
4871991857 50656 728 F13587BC89FE4882C7C889302511FFD738D136129B9F5BE4C492CB4948A93A89
4871999635 43495 51437 C997AC7028899E710BDB46E0C9592413542833D875702B02AF387B86B4BDCB7F
4872011778 10913 41330 FED39252D05E18B5AF9A91F14078928DD32F789F74C4195D2E17394EC799963F
4871999653 61587 18343 D27B9291DB3C9F66C72761AA28B1BF4925519ED325B42FBCA2A498E5CB20294E
4871984027 40493 33700 F5015EC6B453A249F590A5322FF0BCA25C5D061A1A2464D7B343B9920D59C28B
4872020544 46251 30057 FD68330BA131FB5D9FB1F3214A7F61D59E87555B1DA2C6DDCA9D57F9C50B83B1
4871991455 64608 38856 F13587BC89FE4882C7C889302511FFD738D136129B9F5BE4C492CB4948A93A89
4872019633 57486 43690 F13587BC89FE4882C7C889302511FFD738D136129B9F5BE4C492CB4948A93A89
4872018674 9293 12132 CD0420A1E43A766581F96B92A46CB6F8847FEA7E72976EA3E804335BAE1471EB
4871998791 31624 33561 F13587BC89FE4882C7C889302511FFD738D136129B9F5BE4C492CB4948A93A89
4872023287 25137 17864 08E2E155108D80BD4D992C036A97431284086D2CB3C359DCE9CDE88F2A79278E
4872010913 7351 64243 A396F6C46D8406CC7AD0F9054731674BD4D995A1C8034E8E74BBDC3FF7B62AC6
4872009549 34076 29128 F13587BC89FE4882C7C889302511FFD738D136129B9F5BE4C492CB4948A93A89
4872023668 52479 22502 9D6A7A24736BD207B79C0B5BE60DDFC7E05997C144DF0A84DFB203DFC0B15DDD
4871998991 41051 52456 8AFF8F65C4AA279CBB8627479AC026839733D26F0FD7A93CD1226BEC5DC242C3
4872023276 33722 34554 F13587BC89FE4882C7C889302511FFD738D136129B9F5BE4C492CB4948A93A89
4872023455 25444 31770 F13587BC89FE4882C7C889302511FFD738D136129B9F5BE4C492CB4948A93A89
4871999044 53114 36249 F13587BC89FE4882C7C889302511FFD738D136129B9F5BE4C492CB4948A93A89
4871984604 50824 37121 F13587BC89FE4882C7C889302511FFD738D136129B9F5BE4C492CB4948A93A89
4871997619 5080 21131 F13587BC89FE4882C7C889302511FFD738D136129B9F5BE4C492CB4948A93A89
4871999200 14048 29409 F13587BC89FE4882C7C889302511FFD738D136129B9F5BE4C492CB4948A93A89
4872017966 32125 51988 DDB48467DF8AFB6448E1E8D2F117B341E047757F4E6817EF00F92CE8FE83FA83
4872023461 43857 36491 EFBF7152ED89B8068239F77C6F8690C08FB26C2C48015CAC6ED9BAEEEC1707DD
4871998187 55607 35559 C9A24667B7D4AF04367AAC17DBAF2012CB6939F77095B6F74DE1EE5958B28813
4872018226 54093 33448 3427DFB22EC70EE572EEE1D99E0AEA2D0F2DB68BF0E237CD22AD859DFC4A4179
4872017641 16042 34961 F13587BC89FE4882C7C889302511FFD738D136129B9F5BE4C492CB4948A93A89
4872021361 65268 61420 F13587BC89FE4882C7C889302511FFD738D136129B9F5BE4C492CB4948A93A89
4872008041 26048 24558 F13587BC89FE4882C7C889302511FFD738D136129B9F5BE4C492CB4948A93A89
4872023814 45420 23056 F13587BC89FE4882C7C889302511FFD738D136129B9F5BE4C492CB4948A93A89
4872010544 56268 46986 F13587BC89FE4882C7C889302511FFD738D136129B9F5BE4C492CB4948A93A89
4871996275 50462 42955 F13587BC89FE4882C7C889302511FFD738D136129B9F5BE4C492CB4948A93A89
4872008827 2205 25841 C40222FFCA01EB4DFFEA8291357C8D2DFC4D93E48780D7C6CAD6F323D773C95B
4872017671 52318 18306 F13587BC89FE4882C7C889302511FFD738D136129B9F5BE4C492CB4948A93A89
4871996262 12170 7123 F13587BC89FE4882C7C889302511FFD738D136129B9F5BE4C492CB4948A93A89
4871989993 29809 9744 E7DB2C6CE1837B582B9BCB2F518C65050C93F19C28DDDC2736D42B932A177A63
4872018116 19019 31574 A2495F75F780CD615C6E9E27908EFC177484946DDAED213C089FACFD96802344
4871998681 62126 6433 F13587BC89FE4882C7C889302511FFD738D136129B9F5BE4C492CB4948A93A89
4872019675 21848 21218 F13587BC89FE4882C7C889302511FFD738D136129B9F5BE4C492CB4948A93A89
4872021606 12522 1456 F13587BC89FE4882C7C889302511FFD738D136129B9F5BE4C492CB4948A93A89
4872020404 14473 19181 7A82A9ACDBD221292451B1FF29F5353193F882E8ADB0FBBADA7E19E5412E0D9C
4872010112 34328 194 F13587BC89FE4882C7C889302511FFD738D136129B9F5BE4C492CB4948A93A89
4871988695 30413 6342 017CA3D5607232782E7191A5773AD1E978CA197A7FFE20B0404C04AC1F40D746
4871984334 6668 21759 F13587BC89FE4882C7C889302511FFD738D136129B9F5BE4C492CB4948A93A89
4872021688 25939 804 26EE31B28DA24099EFB2171557B1731C7020AE4AEE94F39561FFDD71FC4D55DB
4872022697 25305 3229 82905E08420572F69F02024A074142B89882DFDBCC1B90E97E09903D0F48315E
4871989244 57783 4511 E78D080441F3F933F44D1A68D41BDC90E4ED9381BBC212CAFB9191A2422DDD64
4872009612 30813 64631 58434FA12D76516D9DD366C88D2AB0224D739AD8DEDE930E0D97CE317FBC26FC
4871984521 19976 12710 F13587BC89FE4882C7C889302511FFD738D136129B9F5BE4C492CB4948A93A89
4872021127 51513 5455 1B2F1F5FF311E496AF171F18BBE3D2AE8C9C752CE832FB7AAA1F30B5E020A23B
4871991454 1565 61855 136EFA68BC23D22EB56AE07919BC824CC088E375EA13B6F7278F5B854A37D83D
4872009662 12052 2306 F13587BC89FE4882C7C889302511FFD738D136129B9F5BE4C492CB4948A93A89
4871998494 33906 37551 F13587BC89FE4882C7C889302511FFD738D136129B9F5BE4C492CB4948A93A89
4872022484 1754 56244 F13587BC89FE4882C7C889302511FFD738D136129B9F5BE4C492CB4948A93A89
4872020023 9460 52260 F13587BC89FE4882C7C889302511FFD738D136129B9F5BE4C492CB4948A93A89
4872020626 59719 6727 C265406808FBDE0F39D942E2AAB00D19E99BB01EF02A3DB5B9C65781918018B6
4872016948 3968 14288 F13587BC89FE4882C7C889302511FFD738D136129B9F5BE4C492CB4948A93A89
4872019074 30038 60439 F13587BC89FE4882C7C889302511FFD738D136129B9F5BE4C492CB4948A93A89
4872016554 29928 21780 F13587BC89FE4882C7C889302511FFD738D136129B9F5BE4C492CB4948A93A89
4872021187 304 29561 F13587BC89FE4882C7C889302511FFD738D136129B9F5BE4C492CB4948A93A89
4871990306 63732 61233 F13587BC89FE4882C7C889302511FFD738D136129B9F5BE4C492CB4948A93A89
4871999274 7252 29327 F13587BC89FE4882C7C889302511FFD738D136129B9F5BE4C492CB4948A93A89
4871984077 42121 20317 C9E5D71CB070052E82F182AD1B33FC653132449FB9B2BAC4F108CB9ECD95DC57
4872022786 44624 58616 F13587BC89FE4882C7C889302511FFD738D136129B9F5BE4C492CB4948A93A89
4871989757 57922 60014 F13587BC89FE4882C7C889302511FFD738D136129B9F5BE4C492CB4948A93A89
4872009420 41146 17848 F13587BC89FE4882C7C889302511FFD738D136129B9F5BE4C492CB4948A93A89
4872020143 43480 29288 F13587BC89FE4882C7C889302511FFD738D136129B9F5BE4C492CB4948A93A89
4872022160 17542 52310 F13587BC89FE4882C7C889302511FFD738D136129B9F5BE4C492CB4948A93A89
4872011402 54582 42939 F13587BC89FE4882C7C889302511FFD738D136129B9F5BE4C492CB4948A93A89
4871989623 32291 40809 C34A3D3265090743B1E29880AAA4E5548C21050BE43C0E21F8442AC11E33F635
4872019541 41962 24948 F13587BC89FE4882C7C889302511FFD738D136129B9F5BE4C492CB4948A93A89
4872008103 35859 9440 8CCA013382E1FC1045E380E386CD6795840912FA80C3CA886F6350F27356C8A3

Total of 0 tasks calculated error.
