Total of 100 tasks calculated correctly, accuracy 100.00% 
348039914 63518 43399 F13587BC89FE4882C7C889302511FFD738D136129B9F5BE4C492CB4948A93A89
348030111 42160 16597 F13587BC89FE4882C7C889302511FFD738D136129B9F5BE4C492CB4948A93A89
347986027 7212 15363 F13587BC89FE4882C7C889302511FFD738D136129B9F5BE4C492CB4948A93A89
348018618 24972 19853 F13587BC89FE4882C7C889302511FFD738D136129B9F5BE4C492CB4948A93A89
348028618 1840 32593 F13587BC89FE4882C7C889302511FFD738D136129B9F5BE4C492CB4948A93A89
348030915 42529 42866 AA151D88E5CD4DD1CAA0DF315C3EFFC340CB949ADF537C7C1DC6F9571F8E03AA
348038826 56316 56833 F13587BC89FE4882C7C889302511FFD738D136129B9F5BE4C492CB4948A93A89
347987866 23117 29836 83531323A6855E637DB7A9AE66E564A1ED2578BA39D7BC8F8C0E25F549BFE6DF
348036387 15482 38458 F13587BC89FE4882C7C889302511FFD738D136129B9F5BE4C492CB4948A93A89
348031881 48746 25085 F13587BC89FE4882C7C889302511FFD738D136129B9F5BE4C492CB4948A93A89
347985285 11712 3542 F13587BC89FE4882C7C889302511FFD738D136129B9F5BE4C492CB4948A93A89
347985516 28328 64884 F13587BC89FE4882C7C889302511FFD738D136129B9F5BE4C492CB4948A93A89
348036072 31129 53692 07345B73351B762598572879D5B5AE04832A714AA78BCCCD1BEF86BB2A23845B
348037608 28798 52330 F13587BC89FE4882C7C889302511FFD738D136129B9F5BE4C492CB4948A93A89
347986182 59412 5119 F13587BC89FE4882C7C889302511FFD738D136129B9F5BE4C492CB4948A93A89
348028244 561 64402 09B3D4F0D69BAC67C9B97045586115C830064EDE74527D3676E5349C4DAD2AC9
348030746 43224 6831 F13587BC89FE4882C7C889302511FFD738D136129B9F5BE4C492CB4948A93A89
348018941 31303 40602 3D1D3C577A8C4A0132CFFA16E5179A300D68F79A4737851EAB5E3552E706BAA7
347987982 53237 59876 436F30B96EC833E415DDEDA9F0760825C903BC60B8AAD5CA61F8C457C3E149D5
348029917 52166 43249 F13587BC89FE4882C7C889302511FFD738D136129B9F5BE4C492CB4948A93A89
347984116 21524 20099 F13587BC89FE4882C7C889302511FFD738D136129B9F5BE4C492CB4948A93A89
347985095 1469 191 98D93FCCE3D9AAEC2E715138A975F74D2087103B7FDA009FA15BD5B5B1F1F70F
348017777 40446 34687 F13587BC89FE4882C7C889302511FFD738D136129B9F5BE4C492CB4948A93A89
348028402 26500 56065 F13587BC89FE4882C7C889302511FFD738D136129B9F5BE4C492CB4948A93A89
348030862 57360 27426 F13587BC89FE4882C7C889302511FFD738D136129B9F5BE4C492CB4948A93A89
348016380 32532 7875 F13587BC89FE4882C7C889302511FFD738D136129B9F5BE4C492CB4948A93A89
348038964 1398 15964 F13587BC89FE4882C7C889302511FFD738D136129B9F5BE4C492CB4948A93A89
348029989 49139 45474 BE3502D73E7E6EE2334D3A64DDCC34A1DB457572FC8B0AAC652EB95E7B172EE5
347985490 5469 26114 A082BCF680CCA305EBDE781B3F5F25B212E58316C96A62EB85E2EB86FFDD59FE
348039005 42069 63964 026C473FCD1DEABCFBE54905B3097E5AE52740A31EDF1AE9FC1BBA20B420D008
348031475 2495 10307 E7965945D15E599493515EA1194321F5A5EDCEA96B320B9495312EACDD879DCD
347985250 49619 51642 9226C32CFC52A97AF61A400040FF8BE0BEEE215A3AF0DA855B8A8EDCE56E4317
348037051 61018 31943 F13587BC89FE4882C7C889302511FFD738D136129B9F5BE4C492CB4948A93A89
348037066 18284 30603 F13587BC89FE4882C7C889302511FFD738D136129B9F5BE4C492CB4948A93A89
348030004 60236 32765 F13587BC89FE4882C7C889302511FFD738D136129B9F5BE4C492CB4948A93A89
348017757 4057 1876 4CE331363E70E68178887B8F5B15499940684CDCD53802B36E79F45F1BF7A4EA
348019410 754 16961 F13587BC89FE4882C7C889302511FFD738D136129B9F5BE4C492CB4948A93A89
347986940 37146 6352 F13587BC89FE4882C7C889302511FFD738D136129B9F5BE4C492CB4948A93A89
348036401 33977 16727 FEE279086E1EAB8A8092DC76CFC06C2BBF876F398758B27E9C3B4F84F543D4C5
348017229 14234 47468 F13587BC89FE4882C7C889302511FFD738D136129B9F5BE4C492CB4948A93A89
348017152 60074 59936 F13587BC89FE4882C7C889302511FFD738D136129B9F5BE4C492CB4948A93A89
348016015 20239 60284 E9F773D26215DD5B4F1E04FDAB9D71AD6C43513A352E46D80C83AED71080FA56
347985041 18867 43409 82ACE2F0597E40A12CF74A0D0D2EA1DE2FD0F7AFD5121C3DFA5B55CCEF3BF0D1
347986389 51250 21229 F13587BC89FE4882C7C889302511FFD738D136129B9F5BE4C492CB4948A93A89
348030428 60786 26333 F13587BC89FE4882C7C889302511FFD738D136129B9F5BE4C492CB4948A93A89
348004045 43689 61356 0A00F44CA17CAA5886AAA1CEBBA7976A302B4D420951B2961E00018DA7C3B002
347984140 22186 38714 F13587BC89FE4882C7C889302511FFD738D136129B9F5BE4C492CB4948A93A89
348037601 11479 33111 764528865E07ECCDB216E0964BF5258D4EB2F3D96EAC6A93B167ABB646DDCA60
347987681 36615 26292 E64873409FDA84200FF6F9AC324E4B04D81A0B69C39C529E4C4586FA89826FEF
347985828 9391 12716 652CC0862328C016C704E5A48435BA9AC9E3A865E7D138563F8197FAABF090F4
348038904 15536 64218 F13587BC89FE4882C7C889302511FFD738D136129B9F5BE4C492CB4948A93A89
347985905 6909 46408 2B3C4A671ABC75E5A3EF55F98FF04F473A1AB18A8C4542A8BB8E1F16DD66768B
348018954 8532 50871 F13587BC89FE4882C7C889302511FFD738D136129B9F5BE4C492CB4948A93A89
348029176 47113 40939 67AEE0D058A218DD7E94B4DAED830CBB3AF79AE7144690573D102E09D76EC19E
348016824 26529 16700 2AD6EA805A6251D3B59990D69CF4B53AA16CA6F3EDE36CF253C81BC6B50D5637
348018135 18019 41746 ECA920F7FCC24DB7B0EF95C63B7281F8C5D4FBBF12A30F3BC8D556E1C2F5896B
348018829 15823 24613 DB16B921E238B4B5304355CCA519BE6B623297963E7EC1688FDA132C2C4AD1AD
348016146 33971 26315 84237F07B8922BF2D5AF8F1CCAE7DB2FF6CB822F2115A6FAC36083B4CFA0107D
348028677 64907 36654 83CEF36FD0338ED7DDBAA38B8203486242A5EEAA4B2764E3545C7884DE1E9EB3
347984867 55652 2529 F13587BC89FE4882C7C889302511FFD738D136129B9F5BE4C492CB4948A93A89
348031257 53040 18525 F13587BC89FE4882C7C889302511FFD738D136129B9F5BE4C492CB4948A93A89
348038745 25396 3855 F13587BC89FE4882C7C889302511FFD738D136129B9F5BE4C492CB4948A93A89
347986672 32501 24271 2B92D98AFAC1C1A786685A7F263383DE6212E4E4A8109222F85C1C3817F9FC83
348017273 62467 44810 220F7DAF3CE78D3D57D6544E015009827DE164D52999FF4DE2A3FC17BD6565D1
348037626 25987 4135 3A8F117816FA7EF693DA5042237E5CD7BE2734708E1A1A08C1BABEDD51CD1CF5
348016510 7643 49810 F92D54D60C7B1C18383471CDF9C0276264E2A374C84B42016A77CD718FA5040E
348037974 9408 39512 F13587BC89FE4882C7C889302511FFD738D136129B9F5BE4C492CB4948A93A89
348039560 49001 324 33A5AC1E6EFBCFA29F0A2CD694C1B268EF2885A4F3BD7DEC632A670B762C1AC2
347985227 30054 3137 F13587BC89FE4882C7C889302511FFD738D136129B9F5BE4C492CB4948A93A89
347984508 47788 17025 F13587BC89FE4882C7C889302511FFD738D136129B9F5BE4C492CB4948A93A89
348030544 12938 1935 F13587BC89FE4882C7C889302511FFD738D136129B9F5BE4C492CB4948A93A89
348030956 62661 27100 EB7A5C645B0331A5A0848EAD619B227414DC6335A4BDB17F241D60E299BF8391
347987292 58033 17980 424BD7231A9330E03782F5A07A2CAF312BE4C0EE2D0429923D891E682AE8C4F8
348036934 30788 19994 F13587BC89FE4882C7C889302511FFD738D136129B9F5BE4C492CB4948A93A89
348038482 17621 7117 D1F57434BAB0DA4248BF0172DE05371CAF34F70523616F98613656CB72E1C114
348030300 13583 20055 7C0DFC39793C391D952B396D41CA883F98869623B7F9132900B56923E2C10404
348016035 8096 29730 F13587BC89FE4882C7C889302511FFD738D136129B9F5BE4C492CB4948A93A89
348018382 39265 56803 5BE1D32C99116256346F9E61AAE7D2F8B56CB04355F49E331F1955F165E3912F
348037100 7210 65157 F13587BC89FE4882C7C889302511FFD738D136129B9F5BE4C492CB4948A93A89
348038197 27075 15011 E1B6713BB19DD1089502A4D8AC925825407D3A6E1A5C09EAC11D5CB46731C3DE
348029070 52295 20646 00001C3FA6E8584C54FEEC12784937449A86E02D48F728ADD6372D28410B9827
348039697 52938 28733 F13587BC89FE4882C7C889302511FFD738D136129B9F5BE4C492CB4948A93A89
347984160 732 53696 F13587BC89FE4882C7C889302511FFD738D136129B9F5BE4C492CB4948A93A89
348039499 53004 64350 F13587BC89FE4882C7C889302511FFD738D136129B9F5BE4C492CB4948A93A89
348036311 37708 15110 F13587BC89FE4882C7C889302511FFD738D136129B9F5BE4C492CB4948A93A89
347984868 13079 32014 5DCAEBD234DD8517CBAE1583100661C8277DA535C78CD25A24739E3E5447C92A
348039039 64994 31869 F13587BC89FE4882C7C889302511FFD738D136129B9F5BE4C492CB4948A93A89
348028118 45679 21466 9D590557A9D6112201DE2FDA8D8613174ACC2A5C01EA9ABBC898AA46824D6F3E
348037368 43469 45282 59912AD9109452683D5F7714F93527A7D870C55277F4EFCB8096696AA733A132
348037723 33851 45693 CA6509BF8F9FE0A6A1B0BBE2FC305A4C5467C2345F276374F93557C80F65ADCD
348028546 412 17881 F13587BC89FE4882C7C889302511FFD738D136129B9F5BE4C492CB4948A93A89
348018896 48468 64613 F13587BC89FE4882C7C889302511FFD738D136129B9F5BE4C492CB4948A93A89
347984917 63033 14315 784A119FA402F9A1087832FA8ABC79A87B3DA9341B45899407C45776E99EE796
348018726 52073 13709 66C03735B1A8BF771549582A17B174F0DFE8B26D502DEFE1FC431AC1424CD67E
348031942 51845 8969 F6D990786A9625BFFE3E9E761729753E722CB3CBCC01D733F8F3CA46FB07CF8A
348031443 10555 51538 535B6A94A3279EBA1245761D0C23A3A2998C2217726747B552F347F66AC41378
348017260 41431 12250 832550A9F3E174ABA75516C755BC0923EE41AA8519A30BC267F60DC9F7B31853
347986458 50954 9193 F13587BC89FE4882C7C889302511FFD738D136129B9F5BE4C492CB4948A93A89
348017519 47879 51959 E0F6A72DFFCEEEF03896F26C668E20DA377370A0331C3D86739798DE72DE4C45
348016802 42225 13217 FACEF53EF06344CF2939510AFA7082E57B93A8D057291A47272DEDB9A871743F

Total of 0 tasks calculated error.
