Total of 100 tasks calculated correctly, accuracy 100.00% 
5568014160 57829 37951 6D87EBD84FC978FF7E8F554F1D74E52229A5CE39186314D92FC9E9326D01F1A9
5568021084 29933 53227 6B04C715C5A2DB07941C24BC09D175552BE0129550A5003FF3179CBBF41996EF
5568026254 9574 34375 F13587BC89FE4882C7C889302511FFD738D136129B9F5BE4C492CB4948A93A89
5568010728 60944 36182 F13587BC89FE4882C7C889302511FFD738D136129B9F5BE4C492CB4948A93A89
5568027476 34348 55955 F13587BC89FE4882C7C889302511FFD738D136129B9F5BE4C492CB4948A93A89
5568027986 15501 10094 E573D33F37229644D1DA74B12BA87D28F23772937D5C1CD8C9F564A6629CC772
5568023517 32503 6881 E8618930515D3FB46F2EE7F51DB50321F544B4C56A84C7D9DFDC758C238E381C
5568009518 27865 56245 9B344104946A4C6FD971D019560410E224DFD36B17310501CEE7EEB9D9369229
5567974040 5501 33992 EC63B90FF56D3E31806AD17C8AE8F19BC1A0F8FCB334432FC76504AE9CEB93A8
5568027850 49596 49833 F13587BC89FE4882C7C889302511FFD738D136129B9F5BE4C492CB4948A93A89
5568008471 30359 56702 C4FE37AB10DACD6424ECB5DC3B3C83D53672BB24A4519749A3E2B54770624B5C
5568010502 39420 26324 F13587BC89FE4882C7C889302511FFD738D136129B9F5BE4C492CB4948A93A89
5568010718 18137 6628 722205E8D6060D6B1BD63D85DC6D3F15FB7A27ADE2254ECE6AE2627C3667AFBC
5568025133 50285 1072 412D82CDD2363F063CF9C2B6F934927AF81BB656C518170BE1AACE22A45EA8E1
5568025483 3171 15949 B3443C33C1D1A980C5AAB4A918AB3262B49D3BF1ACFE4CD12DA10F172CF99344
5568020019 55658 28810 F13587BC89FE4882C7C889302511FFD738D136129B9F5BE4C492CB4948A93A89
5567973461 39160 31811 F13587BC89FE4882C7C889302511FFD738D136129B9F5BE4C492CB4948A93A89
5568026574 2453 14357 F281DAC4B8C4015B3D2D16193264C0E1DA06150C4FAEABFFF9B755A99159C77C
5567973711 51794 54512 F13587BC89FE4882C7C889302511FFD738D136129B9F5BE4C492CB4948A93A89
5568020320 16168 44863 F13587BC89FE4882C7C889302511FFD738D136129B9F5BE4C492CB4948A93A89
5568025381 47663 11088 26A1C599AF3B3103880252A68997EA29A225F60C98C0501B92405DBF871F11D7
5567973514 11621 9443 090B8FE66873C4381F4AC6770164B9EECBAC8F1189AAB5745EA81FA0ADEE13B7
5568011035 53396 20640 F13587BC89FE4882C7C889302511FFD738D136129B9F5BE4C492CB4948A93A89
5568027242 19786 6706 F13587BC89FE4882C7C889302511FFD738D136129B9F5BE4C492CB4948A93A89
5568012060 20847 11986 75271326A987BF263C063066B264B12E6A1A48506DFDA9F01A68E424D15BA1EA
5568020578 765 48322 E9296854F6B9A2CA00C52C0C2590B54547F5EA9219E3EDB9152AFCE05C956F02
5568024897 9694 25365 F13587BC89FE4882C7C889302511FFD738D136129B9F5BE4C492CB4948A93A89
5568024967 51666 57158 F13587BC89FE4882C7C889302511FFD738D136129B9F5BE4C492CB4948A93A89
5568008799 17611 51304 C2FB580BF6285AC2D86FC5135EC87E1C4CB2B545BF26EFBDB4BC9D0E149079B3
5568026349 8824 17931 F13587BC89FE4882C7C889302511FFD738D136129B9F5BE4C492CB4948A93A89
5568026019 56748 47157 F13587BC89FE4882C7C889302511FFD738D136129B9F5BE4C492CB4948A93A89
5568008524 1724 63127 F13587BC89FE4882C7C889302511FFD738D136129B9F5BE4C492CB4948A93A89
5568022731 19140 32750 F13587BC89FE4882C7C889302511FFD738D136129B9F5BE4C492CB4948A93A89
5568026620 25363 27231 85E532F97E208FACBEBA3A06F19B7258AEB3514BFF5517CAB01CBA3C0E811C8B
5567972716 44839 65056 4B2D6AE53D5C6EBA5C0DCC9DD4BA92EE8321D997477F2C455C8F0C18D77C52EC
5568023886 22330 43834 F13587BC89FE4882C7C889302511FFD738D136129B9F5BE4C492CB4948A93A89
5568012802 32909 32595 1A923BEADE01DE64D01816E095BC386E78CA31697FD25E4B2DD1609A0917DD71
5568011950 61511 52471 DD425EEAD2B1D4AE79AC37775F2E21E55346895EC57B24883C9C9C4E06C75182
5568023752 64828 49613 F13587BC89FE4882C7C889302511FFD738D136129B9F5BE4C492CB4948A93A89
5568025948 16187 31834 89F6BA1E2EDC8ABFD8E327F51B6F4AD4A3EBE443CD483C73B750869489CFE41D
5568021266 49081 4639 8E04E5CA862EF230D466BB5E0846D3EF41E02ECF2D25A03738999FF780380740
5568027232 43139 33744 30B667A27E646590CF5C6B9E5C33637C0D5111BA02DB5122B4C81F7B4CEFE5DA
5567972102 24673 41929 FBCDE238472BB2AE229E6D16B4DC60E8B87FE40AFDCB60861322D62CCE593263
5567973561 19769 28000 DE045ACDC00240B0BD0F76841AA5068FF10C49E8F82214EBA0CC887774B0879C
5568027150 36824 9158 F13587BC89FE4882C7C889302511FFD738D136129B9F5BE4C492CB4948A93A89
5568020859 61937 50505 1C20CA283732FA190D4B5ECA73EA10FE484E5C40F1396647C6F02607E14DC6BD
5567972650 7559 15307 D5A72EE9E6A22989FA36C505FAD47A2297E1DECE25E70AA5C8B701DCF8410B30
5568021518 22093 16956 834D73826A8F1FAC5F786F0E9DB47067D6CEE0F0282AAE9975D3C28DA1DB0FEC
5568025469 1299 30351 30DFD88E839F927F8C0AF03FCF251F6A6452F061176D5A74846DDBF08E689003
5568021746 8336 49640 F13587BC89FE4882C7C889302511FFD738D136129B9F5BE4C492CB4948A93A89
5567975778 4615 41546 F336FA35D08EDB1A067614BE1214434D0E643F641DCA922CDC09E236CD50F9CF
5568012070 50135 999 1E5449B4EE6AC891400D0F0E772E8D6DB5DE48F8E7EE5ABBD7CF9CC7C48F92FD
5568027536 36616 26141 F13587BC89FE4882C7C889302511FFD738D136129B9F5BE4C492CB4948A93A89
5568022298 46124 61765 F13587BC89FE4882C7C889302511FFD738D136129B9F5BE4C492CB4948A93A89
5567972012 17227 9689 F156E4EBBE22F4B0D41E647BE1B49725C42440FA928DFF39084C0E39E171F897
5567974371 105 47966 C01AD0BC6DEE16195976321256F19F3B6AF4321E79D1381097DC35150D37FA81
5568025678 19036 1114 F13587BC89FE4882C7C889302511FFD738D136129B9F5BE4C492CB4948A93A89
5567975411 63321 56230 D156FE5FCC2A81DEE9B3B3E9D653284588B9B902978B851832DD2BCCE5A02A2B
5567975595 44303 59302 0B44E7AC3BE2EBD4A806BD47F2C98CE4F5650078F083B4191C6695B0DE9044B5
5568020106 50486 25603 F13587BC89FE4882C7C889302511FFD738D136129B9F5BE4C492CB4948A93A89
5568026378 19464 3515 F13587BC89FE4882C7C889302511FFD738D136129B9F5BE4C492CB4948A93A89
5567974138 19669 29676 585C46E73CB9BF35BAB559C3B24EB0CBCDFE048C1C6B4520AE630CEDBCDBDB2D
5568008256 34591 36781 AC951D3B82766CCCCFEA2C9F44D5B7A9AE6233F8DF509CB8D79733B7EB131E10
5568020263 57299 15719 F843D934EBC6465ABA7BD078B92AC824131CCE4790BF9830A9DE39CB12A3FF11
5568022089 10262 26649 F13587BC89FE4882C7C889302511FFD738D136129B9F5BE4C492CB4948A93A89
5568023014 62095 27760 ECD6A41D105DEA0EE162274C052FCBDF9689EE379683A9DFD4738F9182739924
5568023812 32624 30602 F13587BC89FE4882C7C889302511FFD738D136129B9F5BE4C492CB4948A93A89
5568012051 59973 7038 AE6046A0C037C383816F561B32CC18C9F34C17189A223BA2C5AC760A617B0075
5568010694 967 27507 4F97F386BE7C4583A6997C8A3B78C398C145B39F62823A036B72B67789A10205
5567972668 52114 11766 F13587BC89FE4882C7C889302511FFD738D136129B9F5BE4C492CB4948A93A89
5567975866 62063 41594 115668717F70FDFF91B59BD2F7E59B433FAF70F5B53F08B106D6873B6FA94CD6
5568013469 58373 48041 D80F38CC5CECAD66586F799160842461B2425B985C12D4CF5772D551805382D8
5567973242 9278 22881 F13587BC89FE4882C7C889302511FFD738D136129B9F5BE4C492CB4948A93A89
5568013184 51437 111 FBAC7BCD4F5B1F94C89853F10B90EDB0CEC0BCF236C893F5EF55C1B3128C1484
5568026359 674 15400 F13587BC89FE4882C7C889302511FFD738D136129B9F5BE4C492CB4948A93A89
5568021803 13038 38535 F13587BC89FE4882C7C889302511FFD738D136129B9F5BE4C492CB4948A93A89
5568025897 55492 8830 F13587BC89FE4882C7C889302511FFD738D136129B9F5BE4C492CB4948A93A89
5568027867 49667 36280 5E18FA3094D24BEFA105BCE434CF21CB627E63A2AD38D1C63A2116946952ECB5
5567975512 59214 32004 F13587BC89FE4882C7C889302511FFD738D136129B9F5BE4C492CB4948A93A89
5568027196 13841 55415 304E321634DAF725ECE937CD2492EFCFE2A8D6AF9956FC5AF81B094D52635FDD
5567972041 24326 39425 F13587BC89FE4882C7C889302511FFD738D136129B9F5BE4C492CB4948A93A89
5567972459 2160 1478 F13587BC89FE4882C7C889302511FFD738D136129B9F5BE4C492CB4948A93A89
5568023531 16719 45897 21D9F0BD0063956D2F1B5AADFF22A40E391A764D181A2A663636929A5AA9F016
5567974409 37479 49139 05D10FC1B9BC77A496F621274425827BE46D8751EF39873BF59AA128E79D577B
5568026533 10778 61827 F13587BC89FE4882C7C889302511FFD738D136129B9F5BE4C492CB4948A93A89
5568011014 33140 1815 F13587BC89FE4882C7C889302511FFD738D136129B9F5BE4C492CB4948A93A89
5568024101 38136 44262 F13587BC89FE4882C7C889302511FFD738D136129B9F5BE4C492CB4948A93A89
5568025000 46063 1888 D7881F665F3A2CB4E59B7267FCE23D364F0062DC6AEB41CC36AD84ACAFB050F1
5567975606 18469 16988 CA31FA2E5BD88CF7DEB263584BD5099F93F4AD6AC69753AA404F6D27F3D5111A
5568021057 11662 46573 F13587BC89FE4882C7C889302511FFD738D136129B9F5BE4C492CB4948A93A89
5568024135 50977 36144 74F45DF54C73CF146E81C7066FC38C2E51B895E80F3A1AA9BE2431488893AC2C
5567972359 7062 53916 F13587BC89FE4882C7C889302511FFD738D136129B9F5BE4C492CB4948A93A89
5568022092 13682 53727 F13587BC89FE4882C7C889302511FFD738D136129B9F5BE4C492CB4948A93A89
5568020788 51602 57506 F13587BC89FE4882C7C889302511FFD738D136129B9F5BE4C492CB4948A93A89
5568010366 15721 19502 67BD31C22BE9E1BCAB599C1DF32D961CB04FE6B9F7DB9A4EF99F23338B4410AB
5568022260 25727 13416 D905B439DB6F0835B580A96E27D9371270ADEB8BE0FF3018F32BDFBA391269D7
5568008121 17965 11538 105980D1F786826BBCE3074D630440CE05FF3733A4C8CDC2610F146225517889
5568024504 4873 55403 599F44057A2C4ABF69C3F1D22F5775A2A1B129DA0B884347B7383F68BE4B31E3
5567972076 53028 7558 F13587BC89FE4882C7C889302511FFD738D136129B9F5BE4C492CB4948A93A89
5568024970 54083 65511 0A5F0EAFC654D1205CDFFBA337BFF0EB3B7ED0ED5AD42A7141AC0265706516D0

Total of 0 tasks calculated error.
