Total of 100 tasks calculated correctly, accuracy 100.00% 
5915989044 21227 36998 DDB7ACB1CA6EEDAE3A96C3B5DE11C5D673D3DECC1EC6F32E6F1863A15B02B11B
5916015252 7612 12520 F13587BC89FE4882C7C889302511FFD738D136129B9F5BE4C492CB4948A93A89
5915990780 1663 17845 77179729BD09732B58BF01078A2185B85CAD030D3E097F4D572A42DF255ED620
5915988766 64685 51985 E12604030CF243D575A924705EA553044987AD03166245ECD0FBBA0FD0AAD35A
5915994186 28984 15009 F13587BC89FE4882C7C889302511FFD738D136129B9F5BE4C492CB4948A93A89
5916005563 49631 34743 A5AF8DD8A8FA76FF604544E49196131D92DEE0DAC0AEDF50B278BC8B4A6A9E6D
5915984039 21017 34676 80EFE9B1A9F008B132E87E5BA7C0C0BF44E86340686C6AD6AD02059007F4464D
5915993409 51816 39005 F13587BC89FE4882C7C889302511FFD738D136129B9F5BE4C492CB4948A93A89
5915985063 1668 24525 F13587BC89FE4882C7C889302511FFD738D136129B9F5BE4C492CB4948A93A89
5916012449 30225 753 0A6B69785C9DA8065AD5E2A8FD5CC18FF1A8A585BC9B1628638C0F08F264EF2B
5915989000 18299 48934 97660FDAAAB7DD632A9CF04572ED5600A589D0837DD302CB63FA6092C6C87438
5915989230 8494 60570 F13587BC89FE4882C7C889302511FFD738D136129B9F5BE4C492CB4948A93A89
5916013051 29965 57588 4812185A8AE63A7E355E05F4AEEC2ACB0D3E5632F43CB014AD8D9527FFCA8E17
5915990190 39804 55345 F13587BC89FE4882C7C889302511FFD738D136129B9F5BE4C492CB4948A93A89
5915994269 64494 15634 F13587BC89FE4882C7C889302511FFD738D136129B9F5BE4C492CB4948A93A89
5916014069 47267 11375 BD4FCC81CF02978CEF2A8A2D7C95B8C78C7077BB744BD4139350AAD6538BDB02
5915989897 45816 40565 F13587BC89FE4882C7C889302511FFD738D136129B9F5BE4C492CB4948A93A89
5915993117 51379 39305 7206369FFC4AB72017B03A78AA904E4976B7744045AC37A12AD9EE50962A3A37
5915990817 56198 42888 F13587BC89FE4882C7C889302511FFD738D136129B9F5BE4C492CB4948A93A89
5915990068 36618 42315 F13587BC89FE4882C7C889302511FFD738D136129B9F5BE4C492CB4948A93A89
5916014465 31813 51231 878886F82F9DA67E2A5648764368B9452E75C25AA122A0F2A73494952D02E6E5
5915986584 29257 50663 88FB7ED79E066253AB603778C274E7306407CDEBA530D9E39D991E44A893C231
5916014305 15093 19243 7ECA4A164C4944305F6541AAEF62E838E90B73731A1974A73274D442BC84D900
5916005202 6957 37616 D71FC3326FB921320C4BDA43A8FF3B44A3C26F66D0F9470EAAC9A5ACA8FCD846
5916007927 57503 30016 116322C9B6938EB99356A4054E247CFB47B8495CC828E3D9090CA4316F6756FE
5915991748 59555 46867 40A944772C9D231A9009B087206784984C533AF4109379305F4B23A36893F55D
5915990551 63707 54225 3BF4E8AF27344B654A0141DD5F480FEDB12B0C6E1C627820216B35EC556B862F
5916024388 59412 23080 F13587BC89FE4882C7C889302511FFD738D136129B9F5BE4C492CB4948A93A89
5916024020 61169 6530 998D339CFD18284C93EFAEAA2CB07DC2F416E18891C82A7F2C8080EF78DD512F
5915990794 23077 61275 D900F8911071833DEEEC7C7C9287AF9D784903E8BB9C53C1C911F04329C1F863
5916014439 47144 15602 F13587BC89FE4882C7C889302511FFD738D136129B9F5BE4C492CB4948A93A89
5916012128 24527 22946 3954FDA614818C169BCA9E008C9A2C5CDE0268EB6C6CA5C0C4568A18DF992362
5916013801 11432 14677 F13587BC89FE4882C7C889302511FFD738D136129B9F5BE4C492CB4948A93A89
5915987442 12301 46283 C3F7F7DD636EB223419D7DA976C11820538AB53504019271C7D0AD37A5F21C86
5916005615 50547 40604 AA622A96FA285D701ED90A02A8BB474F0BBDBCCFBF5A2445A1455E014F8B0816
5916005337 15125 40397 1E3C76F73539C928BE9579F86B04A984235016851FC501CD20384C8473F34B00
5915987859 54995 1200 0EAFB136BCFC1CDF4E596948DF47A4BC105A1A5AE6ECA76E457A22D11F7A146E
5915989100 16034 39624 F13587BC89FE4882C7C889302511FFD738D136129B9F5BE4C492CB4948A93A89
5915993430 48596 6257 F13587BC89FE4882C7C889302511FFD738D136129B9F5BE4C492CB4948A93A89
5915989271 29412 11012 F13587BC89FE4882C7C889302511FFD738D136129B9F5BE4C492CB4948A93A89
5916004929 17824 2861 F13587BC89FE4882C7C889302511FFD738D136129B9F5BE4C492CB4948A93A89
5915990775 15254 32107 F13587BC89FE4882C7C889302511FFD738D136129B9F5BE4C492CB4948A93A89
5915992101 31839 18957 7E5997767359F7A9715AA1F2F4103A438987C149684A851C3ED1ADA750367F09
5916004596 59474 45655 F13587BC89FE4882C7C889302511FFD738D136129B9F5BE4C492CB4948A93A89
5916004288 24535 20314 B404DD74B43404CB06906C23538A7FEA8FB621AD36D54A7499D399674150F03D
5915991660 58277 33788 74C7308BC0A9562000D9039CA5CB10DE3E45102716533EF45D3B0834BCDA3727
5915995273 11754 45397 F13587BC89FE4882C7C889302511FFD738D136129B9F5BE4C492CB4948A93A89
5915994224 11334 59446 F13587BC89FE4882C7C889302511FFD738D136129B9F5BE4C492CB4948A93A89
5916005006 31321 49268 68EB3CA7A0460F7E34D248FEECF3417520F6ABBDA50A28265909227332EC8D51
5915990605 58473 8759 BC14B40A5806F2F3E1A3BB90ACC985DF52FEE77DAB409B90D734005120F96E38
5916013673 14491 26388 D71ED896A3B95D6C0CC864CA8800FC027C601A200ED93489BC4159D01C30D9DE
5916005080 1773 3622 11A16A2BAF9E9BE9B28525504A59D527FF5B9B7A291D791515E81C80C5D10FC9
5916024260 26174 41568 F13587BC89FE4882C7C889302511FFD738D136129B9F5BE4C492CB4948A93A89
5915990577 52977 40197 87677ADD52B3C3BE37A1E82C1F1C404231DF1841D370A0A4939C5E96F837E37F
5916015837 50549 49139 B5C92DAAF2644DDC665D66C2994D0A33B1E6F37560ED6EB613E0CFCEFD610FD6
5915986798 34124 47548 F13587BC89FE4882C7C889302511FFD738D136129B9F5BE4C492CB4948A93A89
5916005480 14925 4626 90BBEFFAF8906427274DBC0F630E78CBE24C3C39015B4CFB6B9F36E8507600FF
5916015069 31892 19971 F13587BC89FE4882C7C889302511FFD738D136129B9F5BE4C492CB4948A93A89
5915989481 12625 21189 1D175DB7336DD496DA2E9CF1522E4D6790461916DDBA65F008209711D0819B43
5915985340 1167 32955 D6B3407EFF688F3ADC86750D9B8CC6E74F256E22B86FAD852A69C267F0F09C74
5916005682 57542 17833 F13587BC89FE4882C7C889302511FFD738D136129B9F5BE4C492CB4948A93A89
5916025820 11884 46768 F13587BC89FE4882C7C889302511FFD738D136129B9F5BE4C492CB4948A93A89
5915992965 54206 17800 F13587BC89FE4882C7C889302511FFD738D136129B9F5BE4C492CB4948A93A89
5916007122 30389 27448 E5FD8FA7DB4D3B1BA005A17B7CAE9CB8148D6216A9479CE1A8F24A76B466DAF9
5915988045 15538 21238 F13587BC89FE4882C7C889302511FFD738D136129B9F5BE4C492CB4948A93A89
5915985573 55517 17332 ED7637B6A8A7EAC60F82C09687AE09D445AD60B93F815CD94798FDAFAA793ED4
5915986172 52179 25759 DD4E0F26FC00AB529FAA8107E90ACF1A441E888831BB386BF2DA9B875ADC71C1
5916007381 54169 59776 D0FEC4CFF7B82CC240DFEBCA351867A6AC834FA6EBE6BA1C682E3FF6B8BE4673
5916006106 10481 13985 64C1560D9761C2A1F0FE7F7A7BFD4A1BC883AB924AF64A05896EB9EA6399D640
5915990548 23089 8361 2A206DB8F81D7DC483A42A616C4AF3EEBCD7072A29A64C54B4731652F06EE2D6
5916025525 3217 27911 F01529C1891457267E0A2CBF25FF9F52E9F6F22B3235A46C137BFE1B1DDE5986
5915992264 56006 47703 F13587BC89FE4882C7C889302511FFD738D136129B9F5BE4C492CB4948A93A89
5915992322 25487 42457 F185FFF44F15AE7283D1DF1BAEC2792998303F24971C18BC97E8CFC17F39522C
5916026037 35980 10654 F13587BC89FE4882C7C889302511FFD738D136129B9F5BE4C492CB4948A93A89
5916006290 4040 25366 F13587BC89FE4882C7C889302511FFD738D136129B9F5BE4C492CB4948A93A89
5915984955 37036 52021 F13587BC89FE4882C7C889302511FFD738D136129B9F5BE4C492CB4948A93A89
5915990046 40158 23578 F13587BC89FE4882C7C889302511FFD738D136129B9F5BE4C492CB4948A93A89
5915986562 41644 14853 F13587BC89FE4882C7C889302511FFD738D136129B9F5BE4C492CB4948A93A89
5915984135 38616 6007 F13587BC89FE4882C7C889302511FFD738D136129B9F5BE4C492CB4948A93A89
5916005851 6556 52130 F13587BC89FE4882C7C889302511FFD738D136129B9F5BE4C492CB4948A93A89
5916026224 56999 4437 F12D3254AF7D624D17C2917DF7C749FAD488CE4216170EDB362C1125602BD04A
5915991241 21307 40085 B0053D53BA09E5CFCDAC4DC7D034107F672ECB014C0DA67932FCC39C94F10671
5915985356 21141 15321 01B4BB777D26320BC6FE57BAA9E1DFA097559EA97001FDBE7871FCB482C0C66A
5916007672 50010 59918 F13587BC89FE4882C7C889302511FFD738D136129B9F5BE4C492CB4948A93A89
5915994654 27827 29019 0FC82885E0DE0C8EEA466EE929AF3FE4C14D5C9719828F08534C66B579E3AC35
5915991093 9873 29501 2A8F3E46816CEB06BCFDD94617455ADB6A6D1E951BA9D74F178A307FD6B09F8C
5915986637 1884 46487 F13587BC89FE4882C7C889302511FFD738D136129B9F5BE4C492CB4948A93A89
5916004676 40144 3409 F13587BC89FE4882C7C889302511FFD738D136129B9F5BE4C492CB4948A93A89
5916007371 37049 24595 E89D2ECBD2D68C14A6EE9D03C4163205278ED16B8156C7F1F197B1B2905DBF83
5915988642 13536 29379 F13587BC89FE4882C7C889302511FFD738D136129B9F5BE4C492CB4948A93A89
5915995227 17749 5888 41E1A287A3CBAB12393899DB2BAB62C9D46AFC8DADD2FC0089217FAA10C1C85B
5916012495 53406 4489 F13587BC89FE4882C7C889302511FFD738D136129B9F5BE4C492CB4948A93A89
5915990054 55077 28674 CDA38538356E5FF4486F48A5CADFE089B89DFE89840C0FE3617EE550A6918B09
5915995579 17724 19113 F13587BC89FE4882C7C889302511FFD738D136129B9F5BE4C492CB4948A93A89
5916015674 7092 6132 F13587BC89FE4882C7C889302511FFD738D136129B9F5BE4C492CB4948A93A89
5915988442 49346 8976 F13587BC89FE4882C7C889302511FFD738D136129B9F5BE4C492CB4948A93A89
5915992377 5014 42987 F13587BC89FE4882C7C889302511FFD738D136129B9F5BE4C492CB4948A93A89
5915993608 35642 17034 F13587BC89FE4882C7C889302511FFD738D136129B9F5BE4C492CB4948A93A89
5915993853 13281 43088 774E185FC468A03F8DDA340D7FFBE0EDED6B594DAB7F3D8DFAF0836CAE91EDEF
5915985851 24801 21483 07A6AA1E5CA6205C6B1615EEEDC76A0C09F0B5E633839BADC824A6D40170F390

Total of 0 tasks calculated error.
