Total of 100 tasks calculated correctly, accuracy 100.00% 
6438055251 40736 13003 F13587BC89FE4882C7C889302511FFD738D136129B9F5BE4C492CB4948A93A89
6438016785 21118 9735 F13587BC89FE4882C7C889302511FFD738D136129B9F5BE4C492CB4948A93A89
6438049256 29260 34919 F13587BC89FE4882C7C889302511FFD738D136129B9F5BE4C492CB4948A93A89
6438014168 46624 64930 F13587BC89FE4882C7C889302511FFD738D136129B9F5BE4C492CB4948A93A89
6438037200 33262 58059 F13587BC89FE4882C7C889302511FFD738D136129B9F5BE4C492CB4948A93A89
6438037639 59641 14518 2FDC61CED970B5BB9F12B56709477AB1D3BD7A2D003FE65F130079AD966876EF
6438055330 29486 42684 F13587BC89FE4882C7C889302511FFD738D136129B9F5BE4C492CB4948A93A89
6438055421 28656 32903 F13587BC89FE4882C7C889302511FFD738D136129B9F5BE4C492CB4948A93A89
6438053892 8832 56366 F13587BC89FE4882C7C889302511FFD738D136129B9F5BE4C492CB4948A93A89
6438053963 269 37428 2B285F9974DE551A46D0A37831B34B2CA00ECA63A534EFF0E576550AD75F3C07
6438017850 62812 13962 F13587BC89FE4882C7C889302511FFD738D136129B9F5BE4C492CB4948A93A89
6438028434 46539 24708 71C4BDBC80782647C35D118A11006CA1AA98746470272D2B2479458183EF3AD3
6438018315 11927 56887 50DF9301C2BB3C8B7BEC4B42E55446982D9E2A99588E6A937E4AE815F157F849
6438030608 56703 52022 D811E64A8BCBE4DE72FC5B8F5C14216A5BA0052BB170F8ABD39D8747976C2974
6438028553 27367 29220 1CDABC562C547BF9848A7D55C22FFE24C7D58C8D98C32998DC588CBD5FC3065F
6438030524 59257 52069 3C6EF4B767F138FB1FECBE543C24CDCFF310ACFF4521CCEA29B0A119BC84D8F2
6438012143 34100 36782 F13587BC89FE4882C7C889302511FFD738D136129B9F5BE4C492CB4948A93A89
6438028797 59379 6801 75FE289A8D207B0056CE4AEB47FDCCB9350E3E3E20387775D4D104AB46711413
6438014760 37965 7275 46B688A9E5C995250BB7CEB301D5ED0D50C2F8240EEF1407B1292B3E42BAA4E1
6438055288 35724 52400 F13587BC89FE4882C7C889302511FFD738D136129B9F5BE4C492CB4948A93A89
6438049410 4530 27785 F13587BC89FE4882C7C889302511FFD738D136129B9F5BE4C492CB4948A93A89
6438029080 37102 7833 F13587BC89FE4882C7C889302511FFD738D136129B9F5BE4C492CB4948A93A89
6438037608 7044 20345 F13587BC89FE4882C7C889302511FFD738D136129B9F5BE4C492CB4948A93A89
6438016342 25417 29199 9C213214ACC9C765BF4E25A5677A666E26894C2FAF653223D551A92FAEFABA90
6438051941 44842 17988 F13587BC89FE4882C7C889302511FFD738D136129B9F5BE4C492CB4948A93A89
6438015557 55667 11771 495CF2F8D7537FD263D050B571FA256407D938CE75D2FD2AC766D9166F2AA4C3
6438015924 25044 48954 F13587BC89FE4882C7C889302511FFD738D136129B9F5BE4C492CB4948A93A89
6438037808 15695 10362 2C1DA2D5CF4C3D57F440C5B20A7A17A1D464C42B49AB3D2C390B61C01B4DD072
6438017728 5254 53198 F13587BC89FE4882C7C889302511FFD738D136129B9F5BE4C492CB4948A93A89
6438050349 14625 50468 0893298F99F4A0CD9D22383BD1EA71131279118A16B4B5717DF861FC36ADF137
6438013471 65362 40178 F13587BC89FE4882C7C889302511FFD738D136129B9F5BE4C492CB4948A93A89
6438018824 59708 27216 F13587BC89FE4882C7C889302511FFD738D136129B9F5BE4C492CB4948A93A89
6438016303 54396 47339 F13587BC89FE4882C7C889302511FFD738D136129B9F5BE4C492CB4948A93A89
6438055033 8495 61498 E0124E393F65F211F0EBDC3CF2F908421FA2C70BADFD4026B3E6D146C9744FE8
6438055883 5111 54686 1686B65D6126694605FF560CED7A80A4543293D98B5F5A39CF4D0261EA6C03CC
6438016205 51456 33220 F13587BC89FE4882C7C889302511FFD738D136129B9F5BE4C492CB4948A93A89
6438012926 19997 54807 3E47B044FE06BC4A67A448B70143A17D1F32E200B8BE9F04E8DE23579112A040
6438031189 11764 28215 F13587BC89FE4882C7C889302511FFD738D136129B9F5BE4C492CB4948A93A89
6438016639 28659 60945 DA4C4A217A9B8029C79EBB0A1C79713479520008751DAFF7383E44B00B44BA22
6438012355 8209 35578 2406D0A9C27E542357E8744DE35094845DD4B269286FEFB126F824063DC15ED5
6438038323 20043 21941 B9DE45779706E5F1C2D6B0C4DF7C69C300BEDC67EFA3440A6C74CC32FC36C482
6438053662 56784 32561 F13587BC89FE4882C7C889302511FFD738D136129B9F5BE4C492CB4948A93A89
6438048654 31917 51278 DDFC4DB43297E43E31F93E90775C7DFEB3A40E9BB4E6FC0E19FB15E666227855
6438048898 40896 10916 F13587BC89FE4882C7C889302511FFD738D136129B9F5BE4C492CB4948A93A89
6438050637 13099 31232 C6491DF0BFFDA3A24733F6868AA271EB83FCADFCEE8A08383435C893244B773F
6438031462 54844 64933 F13587BC89FE4882C7C889302511FFD738D136129B9F5BE4C492CB4948A93A89
6438039030 24427 41340 F8D198B8A1261678B163ABF18237DF46F725ACC24884D6E51C26EAA5D1B145BC
6438049815 41209 39317 F12CF972CE627925AAEE077373D98CE996B8D6B6451EFBCCA670000D74D5DB82
6438048631 58507 47944 B4F9C7760C6A88AA28AD2D23F74EEC20E29D3597785A030B6CBB5F96F1EED6D1
6438049927 47898 20800 F13587BC89FE4882C7C889302511FFD738D136129B9F5BE4C492CB4948A93A89
6438018827 9316 48507 F13587BC89FE4882C7C889302511FFD738D136129B9F5BE4C492CB4948A93A89
6438036656 42094 13775 F13587BC89FE4882C7C889302511FFD738D136129B9F5BE4C492CB4948A93A89
6438031507 18628 54349 F13587BC89FE4882C7C889302511FFD738D136129B9F5BE4C492CB4948A93A89
6438048495 14997 8075 0D918C6F96850F661936799439FB5F3EB4AC027207AB07F34A9DC461648D9F81
6438028374 26535 63769 FDD5FD1F7F4B13A158645A3B0BE79A0DB6426DD8FF56364D33E4DBAC863AA856
6438051440 42715 48138 5DF70A5338F1EF456CF1B6BC64C9468B445553E43F68F0020F1A98293E683E18
6438012328 56416 11342 F13587BC89FE4882C7C889302511FFD738D136129B9F5BE4C492CB4948A93A89
6438016482 51200 20702 F13587BC89FE4882C7C889302511FFD738D136129B9F5BE4C492CB4948A93A89
6438017520 48882 39143 F13587BC89FE4882C7C889302511FFD738D136129B9F5BE4C492CB4948A93A89
6438049138 28706 58123 F13587BC89FE4882C7C889302511FFD738D136129B9F5BE4C492CB4948A93A89
6438031473 50291 24476 A0CA641DA0DA7FF340D94FE80EADC71DA3CB73452ABC4B93C1C9B170D4A20784
6438016385 47210 34845 F13587BC89FE4882C7C889302511FFD738D136129B9F5BE4C492CB4948A93A89
6438031959 1520 737 F13587BC89FE4882C7C889302511FFD738D136129B9F5BE4C492CB4948A93A89
6438049956 19611 17010 67D21A03D783D0D2D32652AE4D6C08357ADF5DE4E43370714269931657A868F2
6438016371 17852 30816 F13587BC89FE4882C7C889302511FFD738D136129B9F5BE4C492CB4948A93A89
6438052988 54415 30475 A5E11024E627680DCEFD1CCB53832DCED9C441953D4566B7EB3578C3F280D9AB
6438018007 38387 4438 F716EBAE571876C1F91EBC63184188C3B7F327B9DA72D30FA8C16B95DBF1FCD2
6438036462 49098 17348 F13587BC89FE4882C7C889302511FFD738D136129B9F5BE4C492CB4948A93A89
6438038051 17534 2905 F13587BC89FE4882C7C889302511FFD738D136129B9F5BE4C492CB4948A93A89
6438039476 40009 40051 3DFFF24C9FE569324E497A3AEEA2D8186EA56652E31CCCC0D66F024EDCE1D3F6
6438018319 37767 8196 61E1F1E11BAE34B3803E08FD97198273FC49B5F3DCE1C5CDC02EB74D2ACDCA1C
6438030431 19334 49179 F13587BC89FE4882C7C889302511FFD738D136129B9F5BE4C492CB4948A93A89
6438014109 9095 1918 3FEDB49B7D16243575B80FC40EA8DCE16D9C02FACE873F9D31F6B3E001955A68
6438017819 14362 31161 F13587BC89FE4882C7C889302511FFD738D136129B9F5BE4C492CB4948A93A89
6438013024 44167 23192 15B73CCE7D3F1EF98F93EC52002385DC5E0FBDA8920894006912AC2FF9C6029E
6438015882 51729 14765 6915E356218364E0294A5F7A705A15C5AF6DE10189F133FA89E967A4F0E000D8
6438049255 18232 2092 F13587BC89FE4882C7C889302511FFD738D136129B9F5BE4C492CB4948A93A89
6438015256 41716 47364 F13587BC89FE4882C7C889302511FFD738D136129B9F5BE4C492CB4948A93A89
6438039064 15576 24273 F13587BC89FE4882C7C889302511FFD738D136129B9F5BE4C492CB4948A93A89
6438051025 41103 52224 3A4BAEB7305520850F67818C2314D2FBB2898AD335CD1497EDFA4F870D1ACD55
6438013200 63711 48466 AFECDFDB515464C812B09D5DAC860216A64F580352F68A25E0C05F1E0E5A40C9
6438014330 29272 61509 F13587BC89FE4882C7C889302511FFD738D136129B9F5BE4C492CB4948A93A89
6438015318 17275 52052 17C79B2C0CCCF8AC1E3139F1408F020AA5F9AD88F8C02472C5806380C4DCB083
6438038575 864 60359 F13587BC89FE4882C7C889302511FFD738D136129B9F5BE4C492CB4948A93A89
6438051761 46017 30589 71371C26671F5306160F3DB75C6953B607A60AA2E3BA37B6AFFA596539D5D95B
6438015831 2165 17742 57958E1B301F46E64D67616B8B39F6F3E0DADB6EAC234114A24C5CB48F888D7E
6438014342 46996 46326 F13587BC89FE4882C7C889302511FFD738D136129B9F5BE4C492CB4948A93A89
6438013846 55412 45565 F13587BC89FE4882C7C889302511FFD738D136129B9F5BE4C492CB4948A93A89
6438055204 11288 58209 F13587BC89FE4882C7C889302511FFD738D136129B9F5BE4C492CB4948A93A89
6438049043 9275 17076 20B64595B824B32151C0196319EAC363AADE0BB42194F0A5052510988338CFB8
6438050899 9892 36979 F13587BC89FE4882C7C889302511FFD738D136129B9F5BE4C492CB4948A93A89
6438017968 29301 7395 ED22A4B904134D3BFD79D69D62364E532A95F289FA2778C28CEF9E8B98017343
6438029934 59972 6783 F13587BC89FE4882C7C889302511FFD738D136129B9F5BE4C492CB4948A93A89
6438049306 2007 3856 FBAC72DDDF0A3D20053D29F77617B803AD63A7E2B810BD69F9BCADDA8ED3BFE5
6438018483 51943 48292 079883BC4743314673C8B1C07D9963F4F5A861B477F36058639ACA64548C2C22
6438015079 33922 41 239E9CACD024D87932F347C3BF5010F020CECB34FFAB0AAB393B28220DEB3B4F
6438014306 43742 59639 F13587BC89FE4882C7C889302511FFD738D136129B9F5BE4C492CB4948A93A89
6438053004 22621 11993 8CAF60A5D2AAD2C70A241C1B9D0FF63468254E80D1FB8414A05E1E5629325A81
6438037319 42611 33933 7A934811224A2AFBCE175ADD41D6DAF47224D863248B0D8FC54FF8BC5BAE16EE
6438015095 20508 46781 F13587BC89FE4882C7C889302511FFD738D136129B9F5BE4C492CB4948A93A89

Total of 0 tasks calculated error.
