Total of 100 tasks calculated correctly, accuracy 100.00% 
6960039521 64079 976 708251E30C0DD1EEA8B08964D8474EE36B247CEA7EA2AA500C0CC0C21FA517CE
6960050374 24572 8282 F13587BC89FE4882C7C889302511FFD738D136129B9F5BE4C492CB4948A93A89
6960027463 42826 61878 F13587BC89FE4882C7C889302511FFD738D136129B9F5BE4C492CB4948A93A89
6960035496 24331 34341 531BF5819A7A808352519003365E508ABBD85A090CDE457C26669ADAA18D105E
6960022881 1446 16338 F13587BC89FE4882C7C889302511FFD738D136129B9F5BE4C492CB4948A93A89
6960022424 33486 46042 F13587BC89FE4882C7C889302511FFD738D136129B9F5BE4C492CB4948A93A89
6960027435 22105 55550 3C4F1B8B528C7D752F4DB18B90F0F83416787A556265D6315A143347BD996D2A
6960023739 62249 45952 74B176D699FDC0C976AED8C362ADC7E6306D6F78368D602085029D76FA2AE034
6960022846 4494 7847 F13587BC89FE4882C7C889302511FFD738D136129B9F5BE4C492CB4948A93A89
6960050026 31916 56307 F13587BC89FE4882C7C889302511FFD738D136129B9F5BE4C492CB4948A93A89
6960033946 43458 194 F13587BC89FE4882C7C889302511FFD738D136129B9F5BE4C492CB4948A93A89
6960039486 15745 33154 30F8943A9051EB8CCEA4FAF76C6CDF7460784ACF1AD51A5FFC103D531A0BCC53
6960036501 24981 22608 E3BA96B5BA3D06B1AAE61CB7B2BBE963012AEDEBD95C210A1EFB5100256C41F9
6960026152 29628 6306 F13587BC89FE4882C7C889302511FFD738D136129B9F5BE4C492CB4948A93A89
6960049673 49711 46072 4CCF91BE60CB29333F48D5669B42697C476D97AC4FEEA7589FE8EA82348DF284
6960022508 52776 12823 F13587BC89FE4882C7C889302511FFD738D136129B9F5BE4C492CB4948A93A89
6960034067 41846 48674 F13587BC89FE4882C7C889302511FFD738D136129B9F5BE4C492CB4948A93A89
6960038738 24986 6105 F13587BC89FE4882C7C889302511FFD738D136129B9F5BE4C492CB4948A93A89
6960037426 43833 25700 8DF8D26A548DD2002A4450ED3024C1B62371A347499E6ED1E63FA24948669A1D
6960049940 53542 13854 F13587BC89FE4882C7C889302511FFD738D136129B9F5BE4C492CB4948A93A89
6960021565 665 51694 215BB596817EB370757033549592C12937644FE9EA350E87EBB5C9CA15901277
6960048268 8991 42491 9047418A910B7AF7D680B882945C82AC26DE9B033230839FD95501BCCF20D49F
6960050085 3454 59460 F13587BC89FE4882C7C889302511FFD738D136129B9F5BE4C492CB4948A93A89
6960038735 8654 58132 F13587BC89FE4882C7C889302511FFD738D136129B9F5BE4C492CB4948A93A89
6960054048 48333 60941 A389D93653515B29F6E12FEFA96F56C64CD2F7D815C6664E4CFFFF1773AF5E65
6960033059 8161 21662 783E27CF6742F8412FEFB38D4C5BEDCA92C3C73A6A5ACDA1070367238B1E81FE
6960050702 16817 5692 625AC211DE97321789BEBE0A5D64D013572193FB7B89985863CDE463903BABD8
6960023683 21432 57655 F13587BC89FE4882C7C889302511FFD738D136129B9F5BE4C492CB4948A93A89
6960038427 30941 35640 C4BBF031DB043BDEA8CBF7BA918F1B9B465F86BE49787B804FE16F7131C687E4
6960039810 44943 6314 B0C717993D52652A05C2EC02FA1DEB639202C4A70950F89B5C8603B7E50D0B28
6960038768 65163 45867 89E474767AD5EB0CB7494C3F5DA77D19646F2863BCC9BF0C4D562D23F804A860
6960026310 26593 27829 A0B935F80571F771FB2E82D5DA33D59B8312E3C98365496DB48C5E71AF44E292
6960032346 19851 28834 8CCF22A0E0DA3C97C0BE9AF886B45685E88FDCA9E2A47BCA6B6780A73E0978B4
6960034318 31593 28609 75CE769230360230CD91D53D7715D479650F98D6901D3F5EDC0AC6C5C912D8AD
6960026100 37934 62110 F13587BC89FE4882C7C889302511FFD738D136129B9F5BE4C492CB4948A93A89
6960037415 51355 4474 4636291C1FF6FF9A6345C26C0F3B27262E512B8495069BA78863A3C7570A82E4
6960036593 21627 33592 98233CE361DC5767A9CF484C792DCCB244B93229FEDBC8C95615782571012AEE
6960033672 59393 49434 52AF8180A6156D1729E5A3260BDF3AEA7D745580F2C8380500562C0805180364
6960021357 34970 1942 F13587BC89FE4882C7C889302511FFD738D136129B9F5BE4C492CB4948A93A89
6960025473 40072 5233 F13587BC89FE4882C7C889302511FFD738D136129B9F5BE4C492CB4948A93A89
6960027943 50442 46863 F13587BC89FE4882C7C889302511FFD738D136129B9F5BE4C492CB4948A93A89
6960036688 64879 35926 ACE0C7B36EF1766F3B3308148AEE2EBC7B10BF5BA6E4D8B62B7967ED7BDEAE01
6960050082 49112 36843 F13587BC89FE4882C7C889302511FFD738D136129B9F5BE4C492CB4948A93A89
6960037677 54357 5758 6CCB632DA97C970D98994655CFAE7EED686ED379F493B0F6DD0934471D30F85C
6960039995 17891 3721 400153161365E65DC47AA139F969499AB309F1865D840E5FF001DFC9252300AF
6960036359 35272 44236 F13587BC89FE4882C7C889302511FFD738D136129B9F5BE4C492CB4948A93A89
6960035103 23849 37311 FBC38BDD56B1FDFB0285BF5883B4453D6D4FF72091E907A0DC576842492C2749
6960023719 16168 17126 F13587BC89FE4882C7C889302511FFD738D136129B9F5BE4C492CB4948A93A89
6960021154 54788 60134 F13587BC89FE4882C7C889302511FFD738D136129B9F5BE4C492CB4948A93A89
6960049105 46359 57953 6D2D0EF7420E0161895C9D2F2BBC8BA2173315264EBA7B497C24BEA627BDFF4C
6960053122 47910 60839 F13587BC89FE4882C7C889302511FFD738D136129B9F5BE4C492CB4948A93A89
6960027786 53036 21227 F13587BC89FE4882C7C889302511FFD738D136129B9F5BE4C492CB4948A93A89
6960050121 34860 24748 F13587BC89FE4882C7C889302511FFD738D136129B9F5BE4C492CB4948A93A89
6960022049 37157 51088 35AE729A607AC860CB5EADE932ADB2A3BBAD40E7D2B2364C9B56FAE2F45FAF09
6960036923 40556 27479 F13587BC89FE4882C7C889302511FFD738D136129B9F5BE4C492CB4948A93A89
6960020057 59343 44193 FA8FA8E7A60E783A6D6BAD4025C3C769574D857819880BC15D0CDA23CFBE4901
6960037408 355 56702 39DAEE6574CB2581D4F9199368E49E81A1987AC8256F0D0A75CC08AAF753039C
6960027806 3615 21416 276631F982FFD81E324F8AD9154B4A245A23F61A3A1160A4A74C7ED8CAF24A96
6960020764 48432 45826 F13587BC89FE4882C7C889302511FFD738D136129B9F5BE4C492CB4948A93A89
6960051888 27288 18303 F13587BC89FE4882C7C889302511FFD738D136129B9F5BE4C492CB4948A93A89
6960025019 65182 41579 F13587BC89FE4882C7C889302511FFD738D136129B9F5BE4C492CB4948A93A89
6960052526 41939 55163 C7C62F31EBD06A87F69108ABC2E00852A0E826FFB264F191BF794866DD757DC0
6960027298 34399 59786 5121EF078194A4C32FDAA70CCDC086A5BECB9EF637EEEF4CE29E645F99814CA0
6960050980 63337 23460 2248CF8BB3882631B3C94722DEFFC48A03AF399B7F7A06337A9A46D04E7A7F5D
6960051873 34730 46137 F13587BC89FE4882C7C889302511FFD738D136129B9F5BE4C492CB4948A93A89
6960049608 48063 41575 616A528260D4BFC678C40283E10BA384270EEA79C2162D183B8655A282B8D950
6960036071 64205 26220 87269A7AF163F35261732CC288047598117B29410C889BDADB322A9F1508ECAD
6960053756 58980 62440 F13587BC89FE4882C7C889302511FFD738D136129B9F5BE4C492CB4948A93A89
6960025286 48957 52132 186380C2BECDC3CA4F2EC725EBC664187A4AFBB75BEBD77DC2A94E82869CCB9F
6960051182 19181 44976 482ADB926BC7A9431341365A921D51D8796B11F666C381CD9A1C764ECE76E693
6960050819 19940 33783 F13587BC89FE4882C7C889302511FFD738D136129B9F5BE4C492CB4948A93A89
6960049852 60193 33673 86F52872A9E93386AF208B6909E8C72DD48D9CC26FBC5C2C3B0CC509F449357C
6960037106 50024 34069 F13587BC89FE4882C7C889302511FFD738D136129B9F5BE4C492CB4948A93A89
6960036194 11172 9530 F13587BC89FE4882C7C889302511FFD738D136129B9F5BE4C492CB4948A93A89
6960051728 33987 40494 8D82B3ADD7779C7C993E92A7260C3482570B323B75B845AD6236A6C4755EAABE
6960050324 6969 41015 5C6E1F53D9FEE30FD4043A99DC7647E3B6DA494F57EBA35923B1E0D9841DE76E
6960021658 29725 57772 806C932EFC9CB0E1E97591D0D9B52FE945FAE1FF2987389684098F655944BCEA
6960032478 14809 37855 926C582C68F73B307E77587C6933E779A68D2CB34308F0A3888009FC5DF0DE23
6960036027 58554 26673 F13587BC89FE4882C7C889302511FFD738D136129B9F5BE4C492CB4948A93A89
6960025160 32217 50895 2B435FB5C2180FFB2B78A6559FB3CFE8EAF5148CF48AE3C0E868FB622AE847E6
6960025777 35688 64554 F13587BC89FE4882C7C889302511FFD738D136129B9F5BE4C492CB4948A93A89
6960048558 41864 16846 F13587BC89FE4882C7C889302511FFD738D136129B9F5BE4C492CB4948A93A89
6960048869 22727 24843 56A5F3403F21A022DB0D4B6CF2F86F71EE0CFBF74FA92561706DC3CDEE4DC632
6960051487 19436 60049 F13587BC89FE4882C7C889302511FFD738D136129B9F5BE4C492CB4948A93A89
6960024568 30847 55272 EB4358B83D33900F193D09592011C64CBCC96D95F0B3EE1F19659FE53EC557C8
6960033895 18724 53431 F13587BC89FE4882C7C889302511FFD738D136129B9F5BE4C492CB4948A93A89
6960051948 23588 22889 F13587BC89FE4882C7C889302511FFD738D136129B9F5BE4C492CB4948A93A89
6960054156 35000 6591 F13587BC89FE4882C7C889302511FFD738D136129B9F5BE4C492CB4948A93A89
6960053462 47576 28729 F13587BC89FE4882C7C889302511FFD738D136129B9F5BE4C492CB4948A93A89
6960052861 8213 51476 DAF03D32918D0AB7999938C6476ECE522F39AAACB9BC97E231E5BE3735D3DBE4
6960023714 24094 9204 F13587BC89FE4882C7C889302511FFD738D136129B9F5BE4C492CB4948A93A89
6960038782 20581 41092 954F90DD4D924BAE1DEB9CFBF0ADC92CD806A9A68DAF41A82D58E787769FED5F
6960052753 60883 21541 55244AB45EBF22224560DD6FACEC2E708DA8563B8F7A15F19ACBE6B6F72411F2
6960026385 48580 44603 F13587BC89FE4882C7C889302511FFD738D136129B9F5BE4C492CB4948A93A89
6960026542 18161 1935 EF767BC6111A5FEBBFC4C58285742370E17D1E7571F7BFB2C308770EB6B8A86F
6960050014 53717 12957 1099B597AD19EAC051389544F2E5779E9F46B8E1A347282388A5BFC179A8ED4C
6960025965 65093 33949 EF1E8B04DA07C2E1F09097521F83F97C1E5E55BA93478055F24F17B2EE3815EA
6960027699 22057 60870 278240F6AC2BF74165AD2655A6CBEACB7F71FB1AE692618297C9B18FB0333B66
6960026710 42651 53739 7938F49EBE6D0FB49BE84B5D73749FD6CB072A0EABEE6B55D45CD5121B302703
6960038515 49672 39698 F13587BC89FE4882C7C889302511FFD738D136129B9F5BE4C492CB4948A93A89

Total of 0 tasks calculated error.
