Total of 100 tasks calculated correctly, accuracy 100.00% 
7134027981 10141 48084 DD828226852D7FCE6341D2D4E633A996F3FFA913362A15B6EC7CBD19D27825DB
7134034002 64400 4691 F13587BC89FE4882C7C889302511FFD738D136129B9F5BE4C492CB4948A93A89
7134034383 20721 32301 18B65E633F5BD23769047EB6DA03B9CC396E8FD30354796F6A15D95271A8A93C
7134013505 43396 43698 F13587BC89FE4882C7C889302511FFD738D136129B9F5BE4C492CB4948A93A89
7134021096 44933 25522 EB0C5C3E906721F7DBE146D9EEF5E1D5F0B454FBF2D70EF61BF992C5CB44D675
7134013739 51919 56707 0E870BD578CB19CAC880EE01FC5000F70EF868FF1FFB628089B59C16BDAA0B73
7134020394 52773 60720 85185D2DC45813E19DEF4603D618EEFFB2E210C35E8D388C62AE0AB5F15BEE47
7134012044 56243 46812 DD313AE2D08B51B94C60620E0858D6DF654CF6FB0CD5A1389C0BA80F4023F28A
7134027959 46292 64817 F13587BC89FE4882C7C889302511FFD738D136129B9F5BE4C492CB4948A93A89
7134035317 32411 3228 A1FC66569E18B2C14C0D699BB0DDCCF17BAD8633EEA4517C896B5AF9698E9DA8
7134004272 32592 12377 F13587BC89FE4882C7C889302511FFD738D136129B9F5BE4C492CB4948A93A89
7134036412 61156 6631 F13587BC89FE4882C7C889302511FFD738D136129B9F5BE4C492CB4948A93A89
7134022011 44564 54664 F13587BC89FE4882C7C889302511FFD738D136129B9F5BE4C492CB4948A93A89
7134033668 10654 20988 F13587BC89FE4882C7C889302511FFD738D136129B9F5BE4C492CB4948A93A89
7134034959 51651 37106 5BEC077E4A006A8ACC847793899F0DFAD16017B35EE0F43D502817A88D49087B
7134015157 15012 52300 F13587BC89FE4882C7C889302511FFD738D136129B9F5BE4C492CB4948A93A89
7134015545 64324 43541 F13587BC89FE4882C7C889302511FFD738D136129B9F5BE4C492CB4948A93A89
7134014471 36546 16901 F13587BC89FE4882C7C889302511FFD738D136129B9F5BE4C492CB4948A93A89
7134039059 47333 24233 52FAEDF49044B7EF9227DD11D0E47D8E284ADACAAD714A94A55F23196738228D
7134012453 42688 3919 F13587BC89FE4882C7C889302511FFD738D136129B9F5BE4C492CB4948A93A89
7134014989 58672 18708 F13587BC89FE4882C7C889302511FFD738D136129B9F5BE4C492CB4948A93A89
7134026970 8229 59358 0881CAE5A06B3DE943E921B63697A500374744243CCAF26A60F76283AB196369
7134012540 44180 44021 F13587BC89FE4882C7C889302511FFD738D136129B9F5BE4C492CB4948A93A89
7134033784 11039 18229 D455ECC483DB439DBAC8DA1A0B10B14C3B5C89186BCE131B343333F92FC3FBAA
7134037346 9390 41584 F13587BC89FE4882C7C889302511FFD738D136129B9F5BE4C492CB4948A93A89
7134039120 24646 61480 F13587BC89FE4882C7C889302511FFD738D136129B9F5BE4C492CB4948A93A89
7134037744 63951 40200 4464D7ABD3B1B978B7A0A0F7403E97A99CA5C8800FE81C9EF3F1195EBE172737
7134039496 36983 3453 3D00F9F0902E33F61FE4E79310B2558DA4E6E5EC249D4E72C3C0E51A97F7CCD3
7134039924 21477 58827 B55E4283F458B5BBEB78A6A44D1FE7568BE4D26B5E3BDC8DAE2402AAB1D69FC3
7134026530 62263 22099 A7C92B4C74803F14C0BA9F33B3418268ED35BD1252A842831B70622BEA38C099
7134012510 47845 36326 9059C662534EE9DF7DDD46967131DA5F26397279D8689E6BA19E2BE0FAF34A8F
7134027444 39175 24009 743594790F71D7727B289EAEC19CB4F86FE115A04EA1141A46AF4CD7DFEFA70D
7134023814 33703 11745 D40A83E1E61FEDE879C3299D0D5B9385CBD4BE864DC960B589C3B7E7DE777F5D
7134039006 6940 62196 F13587BC89FE4882C7C889302511FFD738D136129B9F5BE4C492CB4948A93A89
7134005322 64543 29481 9CADB1FF7CA01F58EDEDED4B54BB17B4E9007CEA3AC858AAB7BFE499774B54CE
7134015804 14791 21916 24C9BB14E0D0E860A1D3A7A72944EF70FFFB1B76FAE54C9553FECF35B1B5F4B9
7134039711 38899 60493 197236C7B318253E8F0EDCD02E60164DC7E23D29625940A4F827AA68948BE833
7134034882 13624 7397 F13587BC89FE4882C7C889302511FFD738D136129B9F5BE4C492CB4948A93A89
7134015458 27 45073 582CA84B9E9BEC593BBA179B0205D1A92E04928E3C2688F7A0D3A6DC209FE5AA
7134020672 45088 26611 F13587BC89FE4882C7C889302511FFD738D136129B9F5BE4C492CB4948A93A89
7134022820 63292 52106 F13587BC89FE4882C7C889302511FFD738D136129B9F5BE4C492CB4948A93A89
7134014103 30226 39349 F13587BC89FE4882C7C889302511FFD738D136129B9F5BE4C492CB4948A93A89
7134036081 28135 16135 A42F98229CDBD85D20E96571C14E21FECB744B2DBBDAB0A9364413084F29BFAF
7134005485 35143 25012 4454CC9A450A5074DB1150C63DD2F6BF2A7E74E8749374FDA2B26D1E73303E6E
7134039094 62740 50467 F13587BC89FE4882C7C889302511FFD738D136129B9F5BE4C492CB4948A93A89
7134035589 3482 15743 F13587BC89FE4882C7C889302511FFD738D136129B9F5BE4C492CB4948A93A89
7134034344 42716 15153 F13587BC89FE4882C7C889302511FFD738D136129B9F5BE4C492CB4948A93A89
7134034313 44921 39993 D2AE0A3A6328757D8EB4052CE9459D663D087AA9EC5A5B30978192760DE3D602
7134005881 44101 9826 91E778A567D5BB8B553AA9B3CF0113A9633A93FC481AD6A127C131AA5463E38A
7134005950 33593 48646 3C9123F2F79B8D3184CB638200A465ED1A18A936CBAC4A28B1E543BF51CCF4BB
7134038242 45823 32206 5F40BF16517DA259178E40A1E734993FB172896BAD3114C0E6B633D8B6EFED77
7134038373 30488 35641 F13587BC89FE4882C7C889302511FFD738D136129B9F5BE4C492CB4948A93A89
7134038458 34613 26775 2427C82C22815CCC0F2F91C9C06263FFD117293E5C73804428D78C1BBFEFB737
7134012984 53625 46095 7D91F054929E3F8B717C04FEB4661F15247F647359E433954C8324FF8B5ACEF5
7134014840 64049 54603 55C285F7A6AAC50BCA1A9DE09017113B14431CB7BD95BC44B8547975A1F5E4BD
7134026596 36217 48375 5A644224F504F0C29B67FDA1EFC51077B4A006E73169ADD01282089077DAC61A
7134013521 43086 30720 F13587BC89FE4882C7C889302511FFD738D136129B9F5BE4C492CB4948A93A89
7134023004 49394 54731 F13587BC89FE4882C7C889302511FFD738D136129B9F5BE4C492CB4948A93A89
7134025063 8375 61619 778EFD5E3799B33F36A081AE57D9AA645B278E364AEEA2474AD2CBF31A099079
7134023857 61331 43167 771CFB2F5484A50CDE489E04CBF6585A699421A3B93B8366275EFA5D6F666AB5
7134022680 13937 51916 2752BBDEDA397352CE76AB4F7B0B80F8C6C61581F1A6A0A3FCF98B8959ABE901
7134020966 18544 26631 F13587BC89FE4882C7C889302511FFD738D136129B9F5BE4C492CB4948A93A89
7134021259 60666 47417 F13587BC89FE4882C7C889302511FFD738D136129B9F5BE4C492CB4948A93A89
7134025816 47676 5948 F13587BC89FE4882C7C889302511FFD738D136129B9F5BE4C492CB4948A93A89
7134033908 50761 64917 528D4CAECA51CE54565E9937C199EA5F51668FD3D2F973DE0BE00CCB7A58BB00
7134025312 35298 22587 F13587BC89FE4882C7C889302511FFD738D136129B9F5BE4C492CB4948A93A89
7134024868 24161 24142 F54ABED8B568A8D55BE0D3DBD755CAC8337808BEDAC8D55E3292261B3599E292
7134039951 1241 52046 ADFEB67CC911060937EB286E38CF4C23AA93037181B30DED1B6A1A34B2450DB6
7134014414 53397 11657 DC2C1588066FBC57DA697CF026BA47F86FCADC7212B2FAF5C361E40C1C222237
7134004715 32803 51389 BA298CCA580D47B340E9066FF09539AF89AF5B070C68B98712D047291D22A095
7134004823 19678 56470 F13587BC89FE4882C7C889302511FFD738D136129B9F5BE4C492CB4948A93A89
7134039676 13629 46918 6B6768C68362552B8B9A243963B6F26022B3168623BFF7C47DE760975237C08E
7134025545 46624 44805 F13587BC89FE4882C7C889302511FFD738D136129B9F5BE4C492CB4948A93A89
7134022166 21539 55253 ECE579A6B23FD298F689D6D543472351E4FEB15FF6AE35C1EFEAD7BE2EB9F25E
7134036959 56934 42348 F13587BC89FE4882C7C889302511FFD738D136129B9F5BE4C492CB4948A93A89
7134014296 58290 14192 F13587BC89FE4882C7C889302511FFD738D136129B9F5BE4C492CB4948A93A89
7134024106 453 56648 5656AF75BE72FECC6C0487280CFF97E34C9998F24C52B8121CCC163150C4E115
7134004334 1694 64345 F13587BC89FE4882C7C889302511FFD738D136129B9F5BE4C492CB4948A93A89
7134034686 55764 41726 F13587BC89FE4882C7C889302511FFD738D136129B9F5BE4C492CB4948A93A89
7134038498 22578 35918 F13587BC89FE4882C7C889302511FFD738D136129B9F5BE4C492CB4948A93A89
7134014736 20045 56742 B7336947A38DA975B79A3F1890E968DE18625440FFA8F93588079A88591E08B6
7134023017 11445 64877 E021578B4994B06B07C65E3E3AB39DA66D33E8B2CB4CCC79BD15C34B14D4621A
7134038640 21912 32232 F13587BC89FE4882C7C889302511FFD738D136129B9F5BE4C492CB4948A93A89
7134032424 51192 32230 F13587BC89FE4882C7C889302511FFD738D136129B9F5BE4C492CB4948A93A89
7134033549 58624 52498 F13587BC89FE4882C7C889302511FFD738D136129B9F5BE4C492CB4948A93A89
7134037351 54212 58985 F13587BC89FE4882C7C889302511FFD738D136129B9F5BE4C492CB4948A93A89
7134039552 4027 8154 C7B510A77E3D0AE2DA51E05F22823D18C98E623AE306B69426FD35552FF7FC88
7134021702 40383 13102 9342CE3E4C9659C309466D71ED4D05B13BD47411BF5CE24DD104BDDA960CB9E1
7134033400 40996 35992 F13587BC89FE4882C7C889302511FFD738D136129B9F5BE4C492CB4948A93A89
7134022546 49344 10219 F13587BC89FE4882C7C889302511FFD738D136129B9F5BE4C492CB4948A93A89
7134036926 12235 46722 269086A8C10992385AD63B560AC74A58D035E5CFC37DD6BE33538C22FB5E9E2C
7134037617 52480 4476 F13587BC89FE4882C7C889302511FFD738D136129B9F5BE4C492CB4948A93A89
7134035126 15164 47841 F13587BC89FE4882C7C889302511FFD738D136129B9F5BE4C492CB4948A93A89
7134033332 21910 9009 F13587BC89FE4882C7C889302511FFD738D136129B9F5BE4C492CB4948A93A89
7134024934 15707 17386 2FA542D1F66945570A165625AA269F9D251C1BFEAC826AE99828FF52BDBC5F27
7134004822 9902 43744 F13587BC89FE4882C7C889302511FFD738D136129B9F5BE4C492CB4948A93A89
7134023210 54600 31633 F13587BC89FE4882C7C889302511FFD738D136129B9F5BE4C492CB4948A93A89
7134033566 59233 52930 AE71AF791F01036B6FEB970149CA1351BD1024AFFEC7A4993C7AB7CA8D8CC6DB
7134039861 56189 32020 974E370659412910F04921E9EA6D62692DB49AE4BABB221B6E565B1D8B7E84F7
7134020759 47193 33395 99FD084F2E02B330989EEA620242A636264947D02A52D0DA35FD1248845273B0

Total of 0 tasks calculated error.
