Total of 100 tasks calculated correctly, accuracy 100.00% 
7830041141 45241 21425 00A9CBBB5375AA28049F34B8508A6D872C74F122373E74597AF1874402567529
7830015147 51185 11319 41F553F2E43225D1828EA514E3C32CD91B000193E3DC592D5461D5E8A0A10B0B
7830040193 62355 52181 F6F19FE6E203C102B147AFE0BAC3CD79C21FD9B745B1254C05935367381073EB
7830010229 44295 47774 31ADD7E5026FF14CE2CB66DB814CA01D1CC14F193202F1F27F93F0E872A96C5F
7830012738 18287 40755 604BCCC132F059E9ABDFA6B5021987DA7319F9F3C9421704C7DDDF5DBAA8277B
7830043916 53235 32558 078B25FAF6F29C39D3F59526E7B3FAB93AF54F2E6B9A100185A47F7E02767D6B
7830009356 37284 20940 F13587BC89FE4882C7C889302511FFD738D136129B9F5BE4C492CB4948A93A89
7830006054 18405 40040 0CFAC6C7CC2F42205CA26204B6E128A118542DD473474F4B4E4E27261CD26282
7830009561 29146 46102 F13587BC89FE4882C7C889302511FFD738D136129B9F5BE4C492CB4948A93A89
7830012597 41906 31058 F13587BC89FE4882C7C889302511FFD738D136129B9F5BE4C492CB4948A93A89
7830011271 23439 3982 696A476676836A9D66A2741C73C609A0E47596D589E9D30431F4A867D2FA541E
7830040914 50611 26663 BCD5A1873D53AA4F8FF8913BB621BFED692615E6984CC3F9B4B04424043B76D0
7830013174 32726 12797 F13587BC89FE4882C7C889302511FFD738D136129B9F5BE4C492CB4948A93A89
7830015256 13558 35441 F13587BC89FE4882C7C889302511FFD738D136129B9F5BE4C492CB4948A93A89
7830017627 54194 1947 F13587BC89FE4882C7C889302511FFD738D136129B9F5BE4C492CB4948A93A89
7830005173 55395 38889 BB36D8C8D6D65B3ACFE72964C705D22D28CDABB545098FF88D7CFAE8302E2134
7830032051 6561 30626 2E938E58F1EDD7563D1C3F23762DD4B1ABC1D3E1F7557F609F18724535C0B256
7830007464 20760 32344 F13587BC89FE4882C7C889302511FFD738D136129B9F5BE4C492CB4948A93A89
7830016433 14694 21122 F13587BC89FE4882C7C889302511FFD738D136129B9F5BE4C492CB4948A93A89
7830018731 25422 1953 F13587BC89FE4882C7C889302511FFD738D136129B9F5BE4C492CB4948A93A89
7830011539 2652 7729 F13587BC89FE4882C7C889302511FFD738D136129B9F5BE4C492CB4948A93A89
7830040035 23820 13519 F13587BC89FE4882C7C889302511FFD738D136129B9F5BE4C492CB4948A93A89
7830013148 38231 57461 047841FE972F7B9498E0555AF702BBF2849D620C76011A0A8C1A7631E1E38C4C
7830017823 49667 385 8BA00D195C9B92F4605BAF58B0A90595C1A349E8FCDAF2B29172099ED458A6D3
7830016512 7732 60875 F13587BC89FE4882C7C889302511FFD738D136129B9F5BE4C492CB4948A93A89
7830007198 38584 2859 F13587BC89FE4882C7C889302511FFD738D136129B9F5BE4C492CB4948A93A89
7830032023 65409 21431 AA2355CDAE5D52C2B25967E4CEC22DA85B9B467466492CEF68F969D0F3C73616
7830006432 14330 3919 F13587BC89FE4882C7C889302511FFD738D136129B9F5BE4C492CB4948A93A89
7830011173 51467 42393 76A69EBDB1C7A81AB0D2D9387664D873D0EF902ADE740EE5ACD7A12CD01C13FD
7830043868 58414 4790 F13587BC89FE4882C7C889302511FFD738D136129B9F5BE4C492CB4948A93A89
7830017076 22021 49903 CED5CE794A3A2B131045A23B896630A96D42EEFD00CBED5D789AD0C8627CDB0F
7830009593 12796 48074 F13587BC89FE4882C7C889302511FFD738D136129B9F5BE4C492CB4948A93A89
7830040750 18466 29572 F13587BC89FE4882C7C889302511FFD738D136129B9F5BE4C492CB4948A93A89
7830006297 58674 32726 F13587BC89FE4882C7C889302511FFD738D136129B9F5BE4C492CB4948A93A89
7830007358 43135 46501 B40018CC6678B28E06CB4A290B8D97BA5DC51D2DE7B7FC730BC1EFA8256B171C
7830013090 579 49642 59AAB4627BE0735FA57EA0F2826AAE0D23BAA58F9836510375597969D898F641
7830007751 27895 25781 5BC4FEAAB4F5E8E77D6E0782B1304B33E0FDB401EE5186087FD9BE2D8DB07074
7830004426 4288 60748 F13587BC89FE4882C7C889302511FFD738D136129B9F5BE4C492CB4948A93A89
7830010577 41329 21791 E4A0ACC22D8D789A3DC8D970C1DC046E04368D13FB3E7FB2902D748AA69DB090
7830043226 45200 13419 F13587BC89FE4882C7C889302511FFD738D136129B9F5BE4C492CB4948A93A89
7830043237 14614 22668 F13587BC89FE4882C7C889302511FFD738D136129B9F5BE4C492CB4948A93A89
7830016086 14825 11027 47A851D8CFEF3E9E2BA81B9FEFC46C84BAFFB59BC8CCCC8692CEE261C72044C9
7830008851 52281 46138 A32278503E7347E9F788BAD124B38ADB567B80F5A8DDD18A4DE1ED796CFEAB58
7830005274 20357 14391 EAD062B171B8F1516A90DD905B9926EB67DF38BE202E896065B5BFE4048B5844
7830040461 16228 17193 F13587BC89FE4882C7C889302511FFD738D136129B9F5BE4C492CB4948A93A89
7830016507 22984 16711 F13587BC89FE4882C7C889302511FFD738D136129B9F5BE4C492CB4948A93A89
7830008926 48186 43663 F13587BC89FE4882C7C889302511FFD738D136129B9F5BE4C492CB4948A93A89
7830041717 38528 55446 F13587BC89FE4882C7C889302511FFD738D136129B9F5BE4C492CB4948A93A89
7830015224 28474 40512 F13587BC89FE4882C7C889302511FFD738D136129B9F5BE4C492CB4948A93A89
7830016194 47867 14217 C7FE9B58D575F223A7E6F44366E48D6C84F1D633E48B6B726D465CE57046C08B
7830009259 46971 37126 A1DC9689D066A3C5FFCC3140CC37C1C7E83FF95F9A2A4DB3F8B08558609A2E0F
7830011012 47221 25820 32E837B5B3C2F325842B7E7D8F638B368659278969CBC6B648DB892DA79BA50B
7830013974 43489 16581 0A9C9EA942476788EB3257A8F0F0273DB75CE11F2D3F2085A6737F29B6F09E7D
7830018504 49096 13380 F13587BC89FE4882C7C889302511FFD738D136129B9F5BE4C492CB4948A93A89
7830042956 43222 30347 F13587BC89FE4882C7C889302511FFD738D136129B9F5BE4C492CB4948A93A89
7830008058 56652 45430 F13587BC89FE4882C7C889302511FFD738D136129B9F5BE4C492CB4948A93A89
7830009739 36383 57267 578B16932CE2655C7BC879278BE8ED6159026D7DF281EA8230AD8390479C3406
7830041161 39403 29329 BB38E7927C509251B6290D37BE140CB1A2F82DCA8D1307648C08A149526734EB
7830018819 17030 23895 F13587BC89FE4882C7C889302511FFD738D136129B9F5BE4C492CB4948A93A89
7830005711 39729 45437 8F651710E128AA251DBC3555521213B97B04BEA13B65FC431B56DE62917E1A79
7830019499 27118 21353 F13587BC89FE4882C7C889302511FFD738D136129B9F5BE4C492CB4948A93A89
7830012142 43633 7145 C3F5F3F7FCE01B4AD4C55A3ADFD56062D28A7FCD3508A07DF81D559F8FAD7174
7830016290 1603 50885 72D691FE0AA245A1B49A42B036D97378D35ACB01804CCC743E4FC4A1894CB5A8
7830018156 46092 13872 F13587BC89FE4882C7C889302511FFD738D136129B9F5BE4C492CB4948A93A89
7830008562 23810 50378 F13587BC89FE4882C7C889302511FFD738D136129B9F5BE4C492CB4948A93A89
7830019665 38484 17132 F13587BC89FE4882C7C889302511FFD738D136129B9F5BE4C492CB4948A93A89
7830012076 30321 13100 77D7471FD14EEE0FFAACDFCCBDA17B11B9135781A9FC2ED9B5D4983E6076C5CA
7830015538 31051 54199 EB9CE5611BB746F597D7E1668FA22766D4EE7F321563C6C9AFF4C19CC1B640F1
7830004778 47751 11215 AC92B3082800531484F8E0C063597A027078A2A53172763666012B3EDCEC7160
7830004199 28109 58964 F2C9BDA3332610042F9CEFAE3F19BD7A7442975DD8C364F7D58EEB7D4C76BA5C
7830016950 13398 41712 F13587BC89FE4882C7C889302511FFD738D136129B9F5BE4C492CB4948A93A89
7830042715 11328 21486 F13587BC89FE4882C7C889302511FFD738D136129B9F5BE4C492CB4948A93A89
7830042176 6229 37319 512FCEDBC99E1DEECA33A7F2F175CD05A6219C818886F47597598CEA34C56655
7830009587 21128 40086 F13587BC89FE4882C7C889302511FFD738D136129B9F5BE4C492CB4948A93A89
7830040566 15646 26132 F13587BC89FE4882C7C889302511FFD738D136129B9F5BE4C492CB4948A93A89
7830004992 27442 1544 F13587BC89FE4882C7C889302511FFD738D136129B9F5BE4C492CB4948A93A89
7830015667 28994 21719 F13587BC89FE4882C7C889302511FFD738D136129B9F5BE4C492CB4948A93A89
7830043579 37542 8094 F13587BC89FE4882C7C889302511FFD738D136129B9F5BE4C492CB4948A93A89
7830004631 23683 47952 FDBF6B1E81108EBFB101EC9A846E90D20A52B85BD813EA5D1BAAD2E756163E13
7830015406 30493 50654 811E9DCA2437EC14369604FBBEAF928D1FDB1AB4D8F780AFE2DB34352AF032D3
7830006878 29736 31395 F13587BC89FE4882C7C889302511FFD738D136129B9F5BE4C492CB4948A93A89
7830042298 42267 3868 46B8697F467DC438D46BE4F5549B58821ED82C423EFD50FECA1159C8EE569E7B
7830041555 65434 19199 F13587BC89FE4882C7C889302511FFD738D136129B9F5BE4C492CB4948A93A89
7830016537 62121 40824 AD4E5E16E9B55A7F29CA86B77D7EB2EA6575C0A8B28471D47D49F0FC1B4007CE
7830018596 22237 41065 69EAB366BB23C062EFE9766EC9818E599149D272074E9ED6C0C5BB46A8D25FA2
7830011517 51777 1356 4D9C7F78145F1CE89112D0EE8172D26F9429A62E304CE63292F9D3E25B498CC9
7830015709 44874 29313 F13587BC89FE4882C7C889302511FFD738D136129B9F5BE4C492CB4948A93A89
7830011206 14114 50464 F13587BC89FE4882C7C889302511FFD738D136129B9F5BE4C492CB4948A93A89
7830019147 31943 38511 542F9BA2A1E1065AAF702F3628B772295E1FB141D0E00C8ECF4E1FF4A7913BE8
7830015327 13947 10794 DFDFC35603284B2494C3100E1D99B3CA201C0D9F6A9B1FA6C343A94FB5ABC79D
7830040421 53703 45864 902AD5B741B3CAC7A2591AFA80D9FBA5E012C2C174A7F95274457046BC9784FC
7830042853 50327 19024 072411E43EB9B8D8A2A64CD876389194C92C0DA01A5B266863DC1DBD8F533C4A
7830006062 8278 33111 F13587BC89FE4882C7C889302511FFD738D136129B9F5BE4C492CB4948A93A89
7830009966 7964 56329 F13587BC89FE4882C7C889302511FFD738D136129B9F5BE4C492CB4948A93A89
7830006894 50602 53972 F13587BC89FE4882C7C889302511FFD738D136129B9F5BE4C492CB4948A93A89
7830018626 28762 33613 F13587BC89FE4882C7C889302511FFD738D136129B9F5BE4C492CB4948A93A89
7830017081 37048 44159 F13587BC89FE4882C7C889302511FFD738D136129B9F5BE4C492CB4948A93A89
7830013674 29980 2320 F13587BC89FE4882C7C889302511FFD738D136129B9F5BE4C492CB4948A93A89
7830015545 8249 31109 5AF9AD4A468A6EF1EB192A146011F1F319E1546FA544067706EAD2BEA1817C77
7830018679 16030 43336 F13587BC89FE4882C7C889302511FFD738D136129B9F5BE4C492CB4948A93A89

Total of 0 tasks calculated error.
