Total of 100 tasks calculated correctly, accuracy 100.00% 
8004043098 52459 28253 C491240C3D67F5C2AABF840DDED8E8BCCDBDA4D05950C691871FA1877C079047
8004013745 45968 60828 F13587BC89FE4882C7C889302511FFD738D136129B9F5BE4C492CB4948A93A89
8004003043 47205 40350 89D6A7C1FE53032FC60CFAEA398AA1A248A9A8E3AF923E1C382D5BE9BD2AF99B
8004040393 16911 39776 5639C40D40354A7A195390227D70719F2A715811599DAC186A1437AD63EC5E5A
8004040801 28931 51327 40EB6408EFC54AEC1C62620C417F73DB659EB24759CDC4ED994EE4D3730BC7D3
8004003259 56711 9243 E576E7635284442FAEE0B87E31DAA720A02532D9358622ABEBCB3B0219BCFE57
8004040395 24470 56430 F13587BC89FE4882C7C889302511FFD738D136129B9F5BE4C492CB4948A93A89
8004012277 54643 30445 01E594B1593960FA236D5E18E2CB8F7CE2A34945869F81F939C9D3CCA698DB53
8004030164 32555 52692 136582104540CE30A834027B8791D4FED0E947A8C97935F88DD5423CC89244C6
8004028708 23445 7993 19EF664DB028AF6236C5EECC7FBA3F64873B1E9E64B765D31A2CDB6B373C830A
8004029453 37628 16632 F13587BC89FE4882C7C889302511FFD738D136129B9F5BE4C492CB4948A93A89
8004009582 47672 50219 F13587BC89FE4882C7C889302511FFD738D136129B9F5BE4C492CB4948A93A89
8004010569 38174 34256 F13587BC89FE4882C7C889302511FFD738D136129B9F5BE4C492CB4948A93A89
8004010483 49815 62990 28B583B9D20834801318D453642BD8E61AB70273B3B611D08D42C311EE780978
8004030666 42056 52259 F13587BC89FE4882C7C889302511FFD738D136129B9F5BE4C492CB4948A93A89
8004012652 60177 10382 243D8BC6FD22FF6BC50AAC99E5C40A1B77C817157F08B45A38633381F31ADBB5
8004003163 24302 37823 F13587BC89FE4882C7C889302511FFD738D136129B9F5BE4C492CB4948A93A89
8004043621 5709 23941 E51210EA8C57ECF0303C77494AC4A1D416C52A58412C00FA5E41D3F2AE9D3964
8004041327 10725 43827 A4E4B237F321DE48EB41AAFE2322DF0257598F5B32EED449F6364892CD6F86F1
8004043306 10413 17166 A321CC59BC2C15047E87E57ACF4C43240A242889341989817FFD03CCD3BEED27
8004049681 31425 716 27D06133E5010312D50B20CCF9BEEC5CE717F7F49A6C081F534BD38BD227B81D
8004043442 3748 56000 F13587BC89FE4882C7C889302511FFD738D136129B9F5BE4C492CB4948A93A89
8004043931 11842 56005 F13587BC89FE4882C7C889302511FFD738D136129B9F5BE4C492CB4948A93A89
8004014445 38544 25009 F13587BC89FE4882C7C889302511FFD738D136129B9F5BE4C492CB4948A93A89
8004029899 9802 30200 F13587BC89FE4882C7C889302511FFD738D136129B9F5BE4C492CB4948A93A89
8004048905 56418 36717 F13587BC89FE4882C7C889302511FFD738D136129B9F5BE4C492CB4948A93A89
8004049495 13659 32341 29D8977833500F87CCCDECD0ACDF9450706D21F3CB821F7EDE31C92229314330
8004040075 51301 35999 D30593FF6FA9F4BFB4414947C1A759BBF82EBA666B4CBD0353D1A9E7AF18C0B2
8004001555 23269 21148 7066D9C8B23FE6A61B69C5BF91D713B383FE64A281E658FC3574DBF5D67760A4
8004050284 8351 39244 837FA66C23994AE0BC3F989C79CB4644A79971E98B799732A55244C636498A50
8004041417 13235 35416 54C51E7304F3764C752B69B22266239BF04C3BF0CEB7D944D166E78D1BECAFC0
8004011440 13985 55759 E240E282C3EA9C0B27617E18F6CC0EEE7A9D7B8FE488725C4B09FD94FD38AA78
8004010061 8607 28480 7E132045A11C1673D2E3E276A36B5383F46FAF79C482AB6F1A12F3B70E3AB7F5
8004028030 37531 36282 46BC28A96EA7162C04B6EA1C66D70E1449FEE7BEC742184B78F796E5742EE4C6
8004012631 54438 9415 F13587BC89FE4882C7C889302511FFD738D136129B9F5BE4C492CB4948A93A89
8004029647 38986 5474 F13587BC89FE4882C7C889302511FFD738D136129B9F5BE4C492CB4948A93A89
8004011544 56633 42 8CBD83BD8FC6885B3A1137B3F4846BAE2B823A24E9A4ED3A5F966EA27B7B4BE4
8004040464 3767 10272 C6FDD5F89D17C22A7C8D866BB86BB8CE2BC8EE4992A249248F3BF22A64ACFF25
8004041618 30152 30995 F13587BC89FE4882C7C889302511FFD738D136129B9F5BE4C492CB4948A93A89
8004031174 35774 5128 F13587BC89FE4882C7C889302511FFD738D136129B9F5BE4C492CB4948A93A89
8004031450 6920 28258 F13587BC89FE4882C7C889302511FFD738D136129B9F5BE4C492CB4948A93A89
8004000161 44619 52024 3F8B7E1BA4D2507C862B994A01344A231A2C291435EBDB42F4F2E5301E2E4121
8004042841 37480 60795 F13587BC89FE4882C7C889302511FFD738D136129B9F5BE4C492CB4948A93A89
8004043142 46097 634 AD0C9314B5014641EEFFBD2B15380FA50740FD78DD0134C64A245628DBF4AC11
8004048287 36566 47023 F13587BC89FE4882C7C889302511FFD738D136129B9F5BE4C492CB4948A93A89
8004009502 53638 35171 F13587BC89FE4882C7C889302511FFD738D136129B9F5BE4C492CB4948A93A89
8004048455 8515 44747 14EDE7B30025118E3181E3F02DAEB8145C36DE2B90F0E9C40ECC074A176771F2
8004031217 26849 44613 3B660D93F01E9FD8889C8223565AC9B36C7DD2B10981FADF5E01CCC32563FBC0
8004042308 52007 8588 024A9E9BFDDBC7756CF107D122D7989ED6262182066A93E6F67B621EE0AE16EA
8004003880 37094 11191 F13587BC89FE4882C7C889302511FFD738D136129B9F5BE4C492CB4948A93A89
8004002458 16757 8472 B26FB6BB3D497D2E69859C8989193BEA49C66B1C2C39A24A284BF6D17D9AAA99
8004043615 58764 53784 F13587BC89FE4882C7C889302511FFD738D136129B9F5BE4C492CB4948A93A89
8004040235 46282 57219 F13587BC89FE4882C7C889302511FFD738D136129B9F5BE4C492CB4948A93A89
8004048424 21865 55559 08E6390E17F6D00E6C580F8F769C31F9D5F43B859B4B07CA03E5306279D8C934
8004002576 26688 682 F13587BC89FE4882C7C889302511FFD738D136129B9F5BE4C492CB4948A93A89
8004041077 16968 50779 F13587BC89FE4882C7C889302511FFD738D136129B9F5BE4C492CB4948A93A89
8004015196 57415 4626 17E0BC388F7B755C15276F75B89F8DAF875DE08EB4ACAE0A2FB758E8AE39E88B
8004003414 4294 62665 F13587BC89FE4882C7C889302511FFD738D136129B9F5BE4C492CB4948A93A89
8004028345 40477 15549 33F422E6F155C13A84A1AFD5A2F8A52F85BF933603AB409B25B7891BBBFE335E
8004030844 63811 17548 06DBF5B427CAC039B80043523E0AB06D226FD3CF51DB49658AA715A99A715B62
8004012983 18289 57538 CA30DDE0969021942C2638CD8A89FE696A6A1526A828C594B7576AF0A105DF16
8004030103 21041 24743 130EF30D9AF301228CB0379ACCF97511F65AB79DB3C71469A61D46A3A8B423B7
8004013240 47115 19585 9B3F8B05A42F0C5863A24D51ADBF3C2A655FC04053BFD765902804C7C9A76075
8004008717 50360 29014 F13587BC89FE4882C7C889302511FFD738D136129B9F5BE4C492CB4948A93A89
8004030612 16471 1045 1306A5758C449FBF1C9D3A20220AC9CB4FE45600FDAA72132EEAE12F29182BBF
8004028466 6021 12710 D5340DA2C525B98A1ECCE2FCB0DA4DF8058319618ED963F016822500CAD9141C
8004001071 47847 23136 B6A45A9D993C05BA1D62F7B5D7A1E12B25399CC7DECDFAD55B34EFD856F1207E
8004031817 16337 63662 35DF036CB64E57BC358181153159B3AB71CE0EF46AC7501F0A61A34F962D8563
8004002467 31254 56476 F13587BC89FE4882C7C889302511FFD738D136129B9F5BE4C492CB4948A93A89
8004014063 21243 59692 5930809128AB963188A19034DFA4653327ED84A80D96106274F0370D77C8A7AF
8004031877 58418 44046 F13587BC89FE4882C7C889302511FFD738D136129B9F5BE4C492CB4948A93A89
8004014702 18767 35057 2EBF207DA9EF8D8E59A2AE0E2ECC10998E1CC75FB59F1B9F0C56393439A520AF
8004000846 32756 58236 F13587BC89FE4882C7C889302511FFD738D136129B9F5BE4C492CB4948A93A89
8004014878 34978 34893 F13587BC89FE4882C7C889302511FFD738D136129B9F5BE4C492CB4948A93A89
8004031931 34837 64064 05E967FA7261452312F2ACB93CD773D6FCC77EE2000CEDAEAEDBB3A664AD8A97
8004015170 22012 4162 F13587BC89FE4882C7C889302511FFD738D136129B9F5BE4C492CB4948A93A89
8004029648 11528 62153 F13587BC89FE4882C7C889302511FFD738D136129B9F5BE4C492CB4948A93A89
8004012616 40179 44057 97AC2A378A70C8E05506849E8D157F8D2C72292BD672BBA4AD49C67858930FB9
8004014110 6612 57250 F13587BC89FE4882C7C889302511FFD738D136129B9F5BE4C492CB4948A93A89
8004011016 59509 24514 A1BCC5AA6F35190FDCAB30EA762D1ACEF46E187C8CA0E2F9A81E549394307764
8004031830 7611 56944 90CFE9829C81E150AB6FE547111AE27B0A881D0ED0A6CCD2461F7AB1D2DEB8B3
8004040098 62277 48574 60C6BE60781695593457224B4ABF873FA1F8EB86AEC815F8A7F5ACE09822AA1C
8004043487 65386 63007 F13587BC89FE4882C7C889302511FFD738D136129B9F5BE4C492CB4948A93A89
8004014762 30727 435 741CDB7C11C4575CCFD6393F23E2F55C872D57CD5619E06B01E5ADD5B00A3D86
8004040238 1707 28669 E080DD96CD092EA6AD5BBE964E5F3CB5938980B98647250C2E8DAFB27769916F
8004013206 44714 1875 F13587BC89FE4882C7C889302511FFD738D136129B9F5BE4C492CB4948A93A89
8004001816 47692 48555 F13587BC89FE4882C7C889302511FFD738D136129B9F5BE4C492CB4948A93A89
8004029584 1401 24539 FAE8B9736A8E8CC25765F5E7F292B11EE7118583E2FA6F62B533C8E0B1C0FDBC
8004042702 38521 47940 5195A2FD60E39B1A691EEA65582EC1E6E94205D9BBE69A655F57BAC6294CFA59
8004000143 29049 31534 34E767AF94EAFF9883F183A6904D2D0F37DE80BEAFC903B20E6C02020A022C31
8004003208 65430 8342 F13587BC89FE4882C7C889302511FFD738D136129B9F5BE4C492CB4948A93A89
8004011858 62107 45001 B382EA19DAF5D3E1DF56C869921641F8DE65D70B3D2316D637DB03C90B502558
8004041932 27132 29735 F13587BC89FE4882C7C889302511FFD738D136129B9F5BE4C492CB4948A93A89
8004043312 33242 20901 F13587BC89FE4882C7C889302511FFD738D136129B9F5BE4C492CB4948A93A89
8004001083 17102 35180 F13587BC89FE4882C7C889302511FFD738D136129B9F5BE4C492CB4948A93A89
8004030096 7775 58907 054AF74CE751BE3369C6B3DAC79D342461F8611F2DBCC9F0F7F266930E39B4AB
8004040306 54061 60582 07CA2CF9686439F1E017517A2BDF817E3B5011204B4AEF599338CECBE2C7D7AD
8004042514 61733 50156 6AC31BBB9B8E39DC0763514FAB9368760E2274DF02C4F65E577413A954656156
8004011298 17440 484 F13587BC89FE4882C7C889302511FFD738D136129B9F5BE4C492CB4948A93A89
8004013135 44561 44774 5D085BD5158741092D7CA8CFA4DF72ADCDE49C0A9FE9030514B9FFF3DFC08B45

Total of 0 tasks calculated error.
