Total of 100 tasks calculated correctly, accuracy 100.00% 
696037864 64520 40328 F13587BC89FE4882C7C889302511FFD738D136129B9F5BE4C492CB4948A93A89
696058246 3880 54605 F13587BC89FE4882C7C889302511FFD738D136129B9F5BE4C492CB4948A93A89
696027296 4347 743 B4F0473FB56E8C3BFFFECBAC774E4C51A8F3B53CD6B45A9811FA733147895862
696047831 26059 64273 AB4F9B124BE0038BF0B2A18E7B5C7F320E96C357E1B9200568D620CDB3733C27
696056001 23317 29732 497C6D6AF3F3AF89F246425BD0363E3CBB48E52AA014049DC3FD8592D5944634
696059879 21027 57612 E09A7BB9BEF3386D94D918C3C3F6D7DFD580541543B5F9363BC0A88E0D95A1B7
696045596 22160 4611 F13587BC89FE4882C7C889302511FFD738D136129B9F5BE4C492CB4948A93A89
696056112 56218 36681 F13587BC89FE4882C7C889302511FFD738D136129B9F5BE4C492CB4948A93A89
696026123 38079 59487 B6CDD07FCFA6C81B606CA16FEE42B703E04749A99167AE7EA182E1F0D1CF0E7A
696056298 13964 51706 F13587BC89FE4882C7C889302511FFD738D136129B9F5BE4C492CB4948A93A89
696059341 19912 36832 F13587BC89FE4882C7C889302511FFD738D136129B9F5BE4C492CB4948A93A89
696059370 42371 14113 2782AC06E5B48808E543F8941E6FE16A3094005EC451E80E33786344E74B1464
696025523 18242 21188 F13587BC89FE4882C7C889302511FFD738D136129B9F5BE4C492CB4948A93A89
696042745 48828 16363 F13587BC89FE4882C7C889302511FFD738D136129B9F5BE4C492CB4948A93A89
696043509 18407 36209 A5C412C1DC8347BFA8DFBCA15D98A8471D840BEC2C1381FD2AFAD5F176766E97
696040710 61076 42227 F13587BC89FE4882C7C889302511FFD738D136129B9F5BE4C492CB4948A93A89
696038820 4171 48457 9CDB5BAFDECD0CF156274BFD9BB8166A155321D079121BFE0EE6433CE8D97BEA
696043267 30229 13354 FA3C28F8BC7EAA9E424CD27FFBAE276B7802C3A19955ED480B85C830A58B4738
696046174 57437 46901 80DF034C80F46CF25E0F3444C2909345453F321715B934752319909096A7A0C4
696025970 37784 14025 F13587BC89FE4882C7C889302511FFD738D136129B9F5BE4C492CB4948A93A89
696057845 28731 11204 E24AA578D7130941A1B79727951E9CC9608E9634DC8ECF9660048C324474D198
696036301 31213 38112 33D93C668DCFCD69148EEA087F1393CC7C068E01C5064FC077512B77B02BB3B2
696038585 62934 55741 F13587BC89FE4882C7C889302511FFD738D136129B9F5BE4C492CB4948A93A89
696058915 60838 30195 F13587BC89FE4882C7C889302511FFD738D136129B9F5BE4C492CB4948A93A89
696059079 17104 9282 F13587BC89FE4882C7C889302511FFD738D136129B9F5BE4C492CB4948A93A89
696038675 15332 54328 F13587BC89FE4882C7C889302511FFD738D136129B9F5BE4C492CB4948A93A89
696047072 21471 13365 9A8068A2C2EAE17502AE387601D2703D22319B43E52CE50250B73BA5A25FC3AE
696040639 56473 60540 464249D3841A5A3D0CC91A50E32B36B3432B09FD85B441F8175D09E891E685CE
696042156 16970 52881 F13587BC89FE4882C7C889302511FFD738D136129B9F5BE4C492CB4948A93A89
696045528 9087 36120 68C8751ACC599B0AD2D69ADCA9513C984DE65E567AB5CF1ECF030BA5FA9A6793
696047760 19707 25885 CE49F6900E97DCADB641704D6AF56A8F6486CCC1569531DDF697CB9397CD8DAB
696040214 46447 58297 3027EC50372239DD9AD84B2DBFFA3AC392195D8FF0CA43F45BFF10484835D4C1
696037111 12300 42760 F13587BC89FE4882C7C889302511FFD738D136129B9F5BE4C492CB4948A93A89
696037430 15387 18687 723EEFB252DA463C5C3B189B3CF07179FD3D1FDC838C98008C46971569AD5646
696045302 5088 64015 F13587BC89FE4882C7C889302511FFD738D136129B9F5BE4C492CB4948A93A89
696027323 1390 33402 F13587BC89FE4882C7C889302511FFD738D136129B9F5BE4C492CB4948A93A89
696056083 35827 16942 5A0FB70323F429E913F27E57A54D484DFB95C8F42DDA7FCE4239C65C79B588DA
696047076 17289 57342 EF226D15F6CC5EEDF4D62FF172E8D98DB0DCCA1FFA63073A94790EF4CC9A0E38
696024341 48014 40778 F13587BC89FE4882C7C889302511FFD738D136129B9F5BE4C492CB4948A93A89
696056847 33295 6463 A1981B8C5CB8FDA6AA79B76DFEDAE329CB62ECE49A17EDD7EE51B3D8D8054A31
696044070 33621 34567 2BA5179FCA94E4BE9D9069FFCF3F99B433CE129B3EFE590F7B464F6F21B5D07D
696041426 3560 38885 F13587BC89FE4882C7C889302511FFD738D136129B9F5BE4C492CB4948A93A89
696043875 7198 24538 F13587BC89FE4882C7C889302511FFD738D136129B9F5BE4C492CB4948A93A89
696036308 59577 58959 2DF7032C8957513C603E5CB72D5E39C1B2AB1E2A70E709C4D2F906D824D9BD35
696037035 59269 30760 D38692B27B960911A31AC1115A178623D98106455EF905CCE811EE2222398CB4
696037341 4588 63081 F13587BC89FE4882C7C889302511FFD738D136129B9F5BE4C492CB4948A93A89
696042564 59272 4523 F13587BC89FE4882C7C889302511FFD738D136129B9F5BE4C492CB4948A93A89
696025785 45522 13653 F13587BC89FE4882C7C889302511FFD738D136129B9F5BE4C492CB4948A93A89
696040940 65190 3743 F13587BC89FE4882C7C889302511FFD738D136129B9F5BE4C492CB4948A93A89
696045638 58128 11778 F13587BC89FE4882C7C889302511FFD738D136129B9F5BE4C492CB4948A93A89
696056666 46546 49899 F13587BC89FE4882C7C889302511FFD738D136129B9F5BE4C492CB4948A93A89
696041964 49371 60194 1873227FE25C819067F1318EE699C92C7297372FB317460C4C0CEC82F3B85B6D
696042706 29028 57669 F13587BC89FE4882C7C889302511FFD738D136129B9F5BE4C492CB4948A93A89
696043633 5681 8190 FB5229268411A6B8BED732F51716B5A14916594896D822982DA1A33408E3B9FF
696038780 10204 31864 F13587BC89FE4882C7C889302511FFD738D136129B9F5BE4C492CB4948A93A89
696043321 39618 23402 F13587BC89FE4882C7C889302511FFD738D136129B9F5BE4C492CB4948A93A89
696038293 40675 61331 00BC487C8242F1CE701FF3D5F4F8F25BECC0CBE28509B4F0D880F66D1EAFF8F6
696044045 5110 3931 F13587BC89FE4882C7C889302511FFD738D136129B9F5BE4C492CB4948A93A89
696037939 64836 20843 F13587BC89FE4882C7C889302511FFD738D136129B9F5BE4C492CB4948A93A89
696044208 1784 51691 F13587BC89FE4882C7C889302511FFD738D136129B9F5BE4C492CB4948A93A89
696036196 64538 42301 F13587BC89FE4882C7C889302511FFD738D136129B9F5BE4C492CB4948A93A89
696036865 18159 62955 6C8D3772364E780A1A3FB198C07C0011F148531B39621EBF5AC17C4A6838CD9C
696037967 2723 14308 719DF26CF48A31066BCE02628471ADBCFD19178D5805B5EB8A424D0E10EF6CB7
696046232 47584 58243 F13587BC89FE4882C7C889302511FFD738D136129B9F5BE4C492CB4948A93A89
696042211 60713 35338 1AFA51353285B125F8A6D6E075816DB1E97A4C08B13D6586B2DA76A0A78477F1
696025890 9609 63237 DBDC910ED106B4C490FF70948E027D976E9974EAFC8E74B5DB0FCA859809DD88
696058711 14921 61478 EF1C622E4E08A163ED332EE33DB46B764CF41F5674947FCD48EFD5AC8B0629B0
696042016 15051 26176 F1943014C310FB03266BF5310F49A3FD4F266FFB82BBE6E7E9A4CFBD5273565C
696057508 54915 12878 5BD620BD92211202FA923991EEFACA42190ED37159F4D7F62BD4332EAD054107
696043344 12899 65395 54729F4BCCED15F3A22E0F6C74094C440F5058D8C87F93E052AA795CEA89D934
696043797 46547 51867 217D32BD36FAAFD970E29C3E053DC7694C3F7B16DF42B0B86593A640F030C14A
696024396 39824 4438 F13587BC89FE4882C7C889302511FFD738D136129B9F5BE4C492CB4948A93A89
696056365 1000 23999 F13587BC89FE4882C7C889302511FFD738D136129B9F5BE4C492CB4948A93A89
696045426 51065 47603 737977B37CE331E3E639B429D4F37C4004BF24F7D97B27D7E14111C3473103C7
696047275 43846 54963 F13587BC89FE4882C7C889302511FFD738D136129B9F5BE4C492CB4948A93A89
696036469 21801 22156 06F1E307C8E335B6E4C59B6C214E30475FA49A2C9B401EAEEB64E6351CC6AFDC
696043765 46758 35905 F13587BC89FE4882C7C889302511FFD738D136129B9F5BE4C492CB4948A93A89
696036541 48408 4822 F13587BC89FE4882C7C889302511FFD738D136129B9F5BE4C492CB4948A93A89
696043331 14487 49660 8B24AB2AFA2410CB507CFAC5EAA356C8085158962BB19A799BB0FEDFE90054F0
696056565 4146 32879 F13587BC89FE4882C7C889302511FFD738D136129B9F5BE4C492CB4948A93A89
696041201 21429 11521 CF0B675A49EAAF2680FD512F3A683C7B03E0D8FA0CD4B1E128EB3F1878D7C3DB
696040024 58224 48687 F13587BC89FE4882C7C889302511FFD738D136129B9F5BE4C492CB4948A93A89
696045982 53669 52938 5A0D728096CE3C49DB3B2BEA1D05A043F6912C075D9D7126CD4D5425AA55ED3F
696056786 16864 61377 F13587BC89FE4882C7C889302511FFD738D136129B9F5BE4C492CB4948A93A89
696041477 17328 12610 F13587BC89FE4882C7C889302511FFD738D136129B9F5BE4C492CB4948A93A89
696058429 49683 44106 A68F455F16B52A8393F8470E96A3EE6B8203D13280F29482AE33DECDC5845F2E
696043732 56075 21882 60CF167CCD73056A16CB2EC6E41185A80910C10757309EBA1A3690272904878D
696024024 9479 25634 9C20423B687FAEDE1CF48F90D13C7B30DB326EC6DC52D2B4C8F05DFD467C37D6
696058804 20737 26220 F86878A1F8A9841D88DA0BB489A5D0F203B267D3F9266C367E5B84430F052612
696043789 26878 43334 F13587BC89FE4882C7C889302511FFD738D136129B9F5BE4C492CB4948A93A89
696045675 21135 17241 2A244E4C0D6F4BE038324070817ACE306DE99B6B63228460D9DFFF1EC70E3B60
696040782 47998 31476 F13587BC89FE4882C7C889302511FFD738D136129B9F5BE4C492CB4948A93A89
696040743 38689 26156 CCAB8D935C319E4D3D4006477CAA84EA964F99478E4B259CA13876D466AFAA89
696037077 8497 50124 B7C6B55961D6E166413BF2BDC658D5BBCAD29F74E54F4466A9DE523C8EA1DD71
696046998 25110 45120 F13587BC89FE4882C7C889302511FFD738D136129B9F5BE4C492CB4948A93A89
696037129 53319 22738 09580661EA5486B964D4888FD46128B367FCAF3146F49CD45E753061129A4C5A
696042216 56734 62393 F13587BC89FE4882C7C889302511FFD738D136129B9F5BE4C492CB4948A93A89
696042657 33634 63397 F13587BC89FE4882C7C889302511FFD738D136129B9F5BE4C492CB4948A93A89
696038747 34215 39425 47C511BC1162EAEA1AD24A778F6223559AD07B6786199806F183F9DE3D152566
696043913 41115 7732 A8C7030EFF329F92168C5FB32E3CBC09CCE0CFA2B6018217255BC287674E0C23

Total of 0 tasks calculated error.
