Total of 100 tasks calculated correctly, accuracy 100.00% 
8525982382 22449 12860 FD1B655410D15CDB2A4E0395CD4EE5CAFB6E292E733E0BF85F09533256E65CE0
8526002606 60890 44978 F13587BC89FE4882C7C889302511FFD738D136129B9F5BE4C492CB4948A93A89
8525999515 43749 28155 9C946E28A1319A1FD483BA7D099CF2A33B4221B8A43C63FC86BE09EFD9791C39
8526000027 56112 43347 F13587BC89FE4882C7C889302511FFD738D136129B9F5BE4C492CB4948A93A89
8525997598 4174 19088 F13587BC89FE4882C7C889302511FFD738D136129B9F5BE4C492CB4948A93A89
8525992352 65274 24193 F13587BC89FE4882C7C889302511FFD738D136129B9F5BE4C492CB4948A93A89
8525964253 14810 58864 F13587BC89FE4882C7C889302511FFD738D136129B9F5BE4C492CB4948A93A89
8525966692 44779 18150 556E5A4CF0CBAACED98E12A9F26DEA7BB6B4C89A35B87602F3B49B53EAEC4D94
8525998040 3344 39039 F13587BC89FE4882C7C889302511FFD738D136129B9F5BE4C492CB4948A93A89
8525964570 5969 1248 B649AECDBF8A431E8B07EB639E705B74A19DA3FB2DC3F02D7E3A49078099C947
8525997691 24362 30203 F13587BC89FE4882C7C889302511FFD738D136129B9F5BE4C492CB4948A93A89
8526003848 57553 44207 AE0D1ADF4E1D03D1827C41C25A56F0CCD5CBFDABD66C91EB237478480B6A8114
8525964057 33055 8560 8B751724B478FC69A9F938170AB7CD4B19DA9652E4ED077DC078810337FD2D6B
8525981024 52792 61184 F13587BC89FE4882C7C889302511FFD738D136129B9F5BE4C492CB4948A93A89
8525998045 57348 31605 F13587BC89FE4882C7C889302511FFD738D136129B9F5BE4C492CB4948A93A89
8526001485 20267 18101 19D6F6E408FA89D13BD8F6AF71A6BBF1FDD11C2B4AE30213F859EBF4EBDA1245
8525981837 3042 53912 F13587BC89FE4882C7C889302511FFD738D136129B9F5BE4C492CB4948A93A89
8526003710 14034 2259 F13587BC89FE4882C7C889302511FFD738D136129B9F5BE4C492CB4948A93A89
8525966483 50337 15366 6937F9A225C4375E7DCFBF5DAE76FAB97D2CC80107B9A7155593AD268B3E0DA9
8525981542 60495 21852 7FD265AC219260FC2AA48E92D7EC965557FD4571E23DE29A85B4EE187D349E15
8526001081 32390 7362 F13587BC89FE4882C7C889302511FFD738D136129B9F5BE4C492CB4948A93A89
8526002750 9838 26946 F13587BC89FE4882C7C889302511FFD738D136129B9F5BE4C492CB4948A93A89
8526000965 18623 43650 D4D191320B62C12536A51BFADB290B94D7B9B9CB855175950C46808FA374B7EC
8525981339 14204 49496 F13587BC89FE4882C7C889302511FFD738D136129B9F5BE4C492CB4948A93A89
8525992593 49067 3834 1BDC49884A723CD4C4977F04F6EA7F5B4AC71F6D03AAE3DADDE2BE9689FAD824
8525965332 21590 9683 F13587BC89FE4882C7C889302511FFD738D136129B9F5BE4C492CB4948A93A89
8526002539 55842 34763 F13587BC89FE4882C7C889302511FFD738D136129B9F5BE4C492CB4948A93A89
8525981531 41215 12909 123CB9DD1095FAB5B766530B0C0DF39B11F30D2B0A62A882708363A1F0D3C33C
8525983749 22142 37618 F13587BC89FE4882C7C889302511FFD738D136129B9F5BE4C492CB4948A93A89
8525999659 48655 427 C80661A0CAA55F7547F47E42FC4CA80CAD8627ED2E53053F455966A44861F119
8525992297 55083 41241 4CCA56CE4909017AFDBAD855976C853004DB3B11C8D8401065B0E16EF34316E9
8525992990 21637 8977 7CA807DFEB2032332BB4B0B7BC003972B4B757908199A15C690E93366C5A897E
8525982471 21172 10801 F13587BC89FE4882C7C889302511FFD738D136129B9F5BE4C492CB4948A93A89
8525964390 20062 49922 F13587BC89FE4882C7C889302511FFD738D136129B9F5BE4C492CB4948A93A89
8525996276 17655 8713 DD87C34305CABE7A4AECC7672FC443853D907F5B8585F446E97FEA5AF05486F2
8525967858 33367 42630 62D55B189A6A96AC66C127611FCCAAD884B313A79552635893CB3A336D74E295
8526000665 33577 23779 62A27013B342FD755209C1C28521C3A99669C5F801975CCB731956C436A75304
8525983682 664 34944 F13587BC89FE4882C7C889302511FFD738D136129B9F5BE4C492CB4948A93A89
8525967389 5541 59918 DB0E0B4A562D0EF515F215B2934DF54A1F7E23642C6C2A2C9CCC52903B54538E
8526002491 11907 11177 03E9A36044D5F9E0BDAA58C19551C711166A7F2E44C481C220B6A5E490B18086
8525967829 34194 61000 F13587BC89FE4882C7C889302511FFD738D136129B9F5BE4C492CB4948A93A89
8525998082 11409 53411 2E81A5628C7DE1ADF40EA6DFBB2ACD356238F62B7E2AA1D85C72E699A17F03AE
8526003521 18946 39732 F13587BC89FE4882C7C889302511FFD738D136129B9F5BE4C492CB4948A93A89
8525997041 62735 12805 3D540E85E5121F509DD3DF6F84BA42FC34B21AC775E7D603A70E5DE2B1AF4D42
8525965427 61670 62642 F13587BC89FE4882C7C889302511FFD738D136129B9F5BE4C492CB4948A93A89
8525996497 35980 61426 F13587BC89FE4882C7C889302511FFD738D136129B9F5BE4C492CB4948A93A89
8526003529 18369 40008 B7B7625B9836E496C472D4965BFC179D82D41D41025232DCFE0C9141A86FEE9F
8526003608 52730 33983 F13587BC89FE4882C7C889302511FFD738D136129B9F5BE4C492CB4948A93A89
8525967953 31725 17629 78CABFCFE65F8B7503EAF95D0E38FC7842F34A0A4AFBC4497C9B21765331E4A0
8525967035 31428 14388 F13587BC89FE4882C7C889302511FFD738D136129B9F5BE4C492CB4948A93A89
8525981112 25810 39037 F13587BC89FE4882C7C889302511FFD738D136129B9F5BE4C492CB4948A93A89
8525964886 19962 21276 F13587BC89FE4882C7C889302511FFD738D136129B9F5BE4C492CB4948A93A89
8525967712 46559 63061 1B10559EC1C26EE1131E2BA67CE2A65E4F7D36C56001FE2369D824FFA3526EED
8525996925 62927 28107 7B6A20DD35404E74DBCA4E8E29BDD59697B8E47A9BEF673FB579B0E596102A5C
8526000036 29260 3759 F13587BC89FE4882C7C889302511FFD738D136129B9F5BE4C492CB4948A93A89
8525965119 50666 15620 F13587BC89FE4882C7C889302511FFD738D136129B9F5BE4C492CB4948A93A89
8526001672 61011 50744 6C24B0563A01FABF17AD9520E9AD54F84209A2B11141EE50824B52E42A161D36
8526003230 13897 48123 E92A4C45716F0215EAE1284FEB748ECE1E309CDBE7867EB51DC03B1D843952E9
8525964970 46626 3743 F13587BC89FE4882C7C889302511FFD738D136129B9F5BE4C492CB4948A93A89
8526003532 64649 19679 D067645A0C2030264E22DD9CCBA5BE6CC93C599E854ADCC551F618685A68B93D
8525965790 42853 60337 8D9925B8EECB355DC8C979518272EFF7840CD12695D27CFEDA2F85B62815B14C
8526000776 57023 12078 4C47C3A000A0144C331D8F29953BBA5324922B4B6F41281F12BA7F82C93FC082
8526002559 56263 7744 11DAB212053043DABAC655E11140EF2980BB3B5EDDA1DE4B0ABB7F9A1545A779
8526002945 31555 6331 4FD23B8AC4A71942E2B17864770792D8E4A4159009346AAEB5988372F845D8D5
8526003314 31280 14235 F13587BC89FE4882C7C889302511FFD738D136129B9F5BE4C492CB4948A93A89
8525999546 7191 57044 690B10A9365DB7427F03DFB51CCFE9B6665CB9254C26F95D8C0AE944478D9511
8525980625 53180 24874 F13587BC89FE4882C7C889302511FFD738D136129B9F5BE4C492CB4948A93A89
8525966079 5405 18006 4E72080454340D50C9E61DFCC10620004D9D7B40846E6C61811B412F0FD4A1EE
8525982260 44607 13830 FC0EC2281306C24388812B380D5E596EF36F2BC10FA0178B18FCBBF53A80C016
8525981767 61937 34440 8B02D71CE480E04030AA9A1EF128E376374D2CA05871016AD4CD1E1961C96E54
8525965613 25208 46157 F13587BC89FE4882C7C889302511FFD738D136129B9F5BE4C492CB4948A93A89
8525999582 7768 45219 F13587BC89FE4882C7C889302511FFD738D136129B9F5BE4C492CB4948A93A89
8526001455 41327 52905 0184A6765E0F85892EBA9BD7E79E96CB67EAA68E2D35AC31BEC15033DF819675
8526003708 18360 35575 F13587BC89FE4882C7C889302511FFD738D136129B9F5BE4C492CB4948A93A89
8525997418 28745 3266 60B66E9DC83739DBA07C59A9AA159BA65B822CAADFD0BBB727D5EC5F48D0698F
8525999631 17715 22919 87BD90BDFA899C64AC353F55CE49708E4B683D538293ADCB2E566A91A7773BCF
8526002601 50361 14990 FD8DF79C14CB5734112956F7C4B8E7214BE5F87AD4932DBBF0E42567A24D659E
8525967555 26367 61712 8332280EC567A710AE15D70976AE02866D5B945C322C8E50695C8021C7137B5F
8525964839 20097 23886 66872165CAF680F18AA07FF22D99F36F560541CA2429FA7FFA2E0E515AAA31D1
8525996806 332 2212 F13587BC89FE4882C7C889302511FFD738D136129B9F5BE4C492CB4948A93A89
8526001777 22557 16739 ACD2B1C646D7F5D98FA17962CB452470756DD9CECAFFD3C2A39156FFDDDDE40B
8526003047 54191 45881 4555E5774807E1E0E602A5C4265F513755E7B2E20FDA123802CD04C5157DC6F5
8526000408 28847 42238 17B7AAA6EBBAA37600824FB8E7F8BDB39DA07CDBE3DC42F06F9C658D1AD2C193
8525997194 15758 43911 F13587BC89FE4882C7C889302511FFD738D136129B9F5BE4C492CB4948A93A89
8526003912 34363 28085 9AAE5287845728B982895606715F198344409C06B4B9930A3B3FEF3CABC90755
8525999613 58060 41615 F13587BC89FE4882C7C889302511FFD738D136129B9F5BE4C492CB4948A93A89
8525997864 30199 32080 61E850A7DD4848D01C24E7001D98F3BF3B2C8973F903AC13B30FEF6BDD1424BF
8525965714 14074 23848 F13587BC89FE4882C7C889302511FFD738D136129B9F5BE4C492CB4948A93A89
8525982962 10974 62679 F13587BC89FE4882C7C889302511FFD738D136129B9F5BE4C492CB4948A93A89
8526001708 30616 29038 F13587BC89FE4882C7C889302511FFD738D136129B9F5BE4C492CB4948A93A89
8526003076 6382 60786 F13587BC89FE4882C7C889302511FFD738D136129B9F5BE4C492CB4948A93A89
8525998914 32430 62783 F13587BC89FE4882C7C889302511FFD738D136129B9F5BE4C492CB4948A93A89
8525997756 41588 21779 F13587BC89FE4882C7C889302511FFD738D136129B9F5BE4C492CB4948A93A89
8525983830 59371 5166 20FAD194904DF172026CB9DE69799AB746755B5CCE6A5B6BD6551944EBF6A9AC
8525996922 29196 53098 F13587BC89FE4882C7C889302511FFD738D136129B9F5BE4C492CB4948A93A89
8525981853 9280 48270 F13587BC89FE4882C7C889302511FFD738D136129B9F5BE4C492CB4948A93A89
8526001404 48722 2729 F13587BC89FE4882C7C889302511FFD738D136129B9F5BE4C492CB4948A93A89
8525996055 40531 37740 939D7C7A7BF20CA7A814E9EBB717A7BC9665C556EC37DC5699D80AE365A5CBF7
8525992737 6834 2223 F13587BC89FE4882C7C889302511FFD738D136129B9F5BE4C492CB4948A93A89
8525964326 64609 22923 E6106EDB7A913225EA10949D24E529615226674E0CD76480BD4B5C1A567AFAF2

Total of 0 tasks calculated error.
