Total of 100 tasks calculated correctly, accuracy 100.00% 
8700032910 30409 49145 33B31F4E665225B3AE37151391A2FC99C776DCCF378B82BA689DE63D769939E5
8700032608 40503 37240 BC94F16CB4944FFAF6F3BB0E2F2D81233A824A783A9F898C070684371EB25524
8700048217 10162 51993 F13587BC89FE4882C7C889302511FFD738D136129B9F5BE4C492CB4948A93A89
8700032649 54344 6786 F13587BC89FE4882C7C889302511FFD738D136129B9F5BE4C492CB4948A93A89
8700038195 52307 63888 CA3D4C041D13B85F987AC39409E3B2F6C501047CDA104A3F6EB259B37779E46E
8700048044 47024 4291 F13587BC89FE4882C7C889302511FFD738D136129B9F5BE4C492CB4948A93A89
8700013020 20253 45676 1A3CCE1511DB8BEE920FCC2E0530E03659045B5DBC33D1349124272AAC8D00CA
8700037961 59983 16861 39DCF6F44CEC3C7AE91CE90815289594E2C91499D3A024D815122B07A0773ABB
8700051528 31417 38964 58388B8642B085A97361059582E3C37B9176A574E149AFA2373DA92C05429FE0
8700032102 26771 61067 0328DBEB128D4545C6DD6C8431C4E4264A6A9637DA38CC488C3CA5386EEF020B
8700046874 31023 64341 BBD6A59168B9844A73D5C36A1DAA54EF22EC51482D1CA36C3CBB2C6FF5C9CD7E
8700012568 65223 38450 CC7DC237FA2D104061CDB7783E9A40A3D944CE5E30C7DBDFBE374F5580B95358
8700037885 3985 18664 FF0FE2871A2BA30C7F5D574A79FD07B71FD19AF881A4CB66DAA28E132CFFBD25
8700049291 44954 6250 F13587BC89FE4882C7C889302511FFD738D136129B9F5BE4C492CB4948A93A89
8700036996 30419 54150 003EF6C62DDACCF8947DD0F8A6BE538E3362A81CB83E63894F3B53A75F0706AC
8700032132 50254 40617 F13587BC89FE4882C7C889302511FFD738D136129B9F5BE4C492CB4948A93A89
8700044851 33573 22924 ECE313D6ED62D457E55E4278E5A87758B976748EAB060EA1926AD24FC30393ED
8700035464 7132 29705 F13587BC89FE4882C7C889302511FFD738D136129B9F5BE4C492CB4948A93A89
8700034824 55266 42162 F13587BC89FE4882C7C889302511FFD738D136129B9F5BE4C492CB4948A93A89
8700047276 29817 31834 5FB1AD4FFF5257BA5CFA5C231D2B70A8279851D5AAD6EB8370E9911D7B11EFB7
8700038987 36138 13609 F13587BC89FE4882C7C889302511FFD738D136129B9F5BE4C492CB4948A93A89
8700034213 4715 56057 37E6CF19633BA8DEEE51813540A7F146E9E221528B9DF2A1AC4ACC68A3A6E94A
8700046441 2795 12857 0D6A7AD3F68B275304393FC12E8942BE1B74C17A27E53BBC5E1A718B18161E41
8700036937 24983 64326 2D4709D3165DB07C3B9E7C3EAF751B84733E8DF96BEAC00971A5CC8F0BE60838
8700051395 22954 22134 F13587BC89FE4882C7C889302511FFD738D136129B9F5BE4C492CB4948A93A89
8700012000 34904 57711 F13587BC89FE4882C7C889302511FFD738D136129B9F5BE4C492CB4948A93A89
8700036021 47443 33489 EF3725869F1FF4BC529F281E4EDC29917DF7E7D26183A945AB810AF8CD7A5276
8700038833 64497 25193 1875D8177760265854C1D8590BAE8FD2482B5D69A7B3F6116043A18C6324401B
8700048439 65423 26109 A20DED074C601330FECD27437804F9A3F4C46A1F486380FC8C4C140DD38A1B56
8700038473 29543 12757 A2FF3D336771A36CBCE7180841E5C11E69D3E8F431D7855747057453A8AE83F8
8700050389 42490 33205 F13587BC89FE4882C7C889302511FFD738D136129B9F5BE4C492CB4948A93A89
8700047196 8312 58412 F13587BC89FE4882C7C889302511FFD738D136129B9F5BE4C492CB4948A93A89
8700014641 26450 22574 F13587BC89FE4882C7C889302511FFD738D136129B9F5BE4C492CB4948A93A89
8700050664 6404 62973 F13587BC89FE4882C7C889302511FFD738D136129B9F5BE4C492CB4948A93A89
8700044153 53879 7167 DBB5A81FEDF05E7E49E3399464474E38E276B9260332185B35CF419D99C347CF
8700050843 55889 3814 517CC7E3DD6E84B9703DC4CE6B300F68150C22C5D5FA7A3C3A2C58DB0D55D7EF
8700038566 22274 1429 F13587BC89FE4882C7C889302511FFD738D136129B9F5BE4C492CB4948A93A89
8700032206 34482 62889 F13587BC89FE4882C7C889302511FFD738D136129B9F5BE4C492CB4948A93A89
8700032600 12473 59017 AF02AD830D572D1EC6EC23E8C93BE7034A2DC8CC6B9D2CCFB75597ABF2E44E7D
8700047538 25951 23145 C6BFF881CCDE606FDB2494CD40CEA3D0A24736EEC9B58F5A9CBFB84BE5F3C341
8700012275 21667 20927 23E3E820ACD0829F98E12FD4C5BDC4EEC0B845287BCFD45F7B1F036079334A8C
8700012772 65333 63557 A7CC398FF692E2742460AF5E68456F4B113F92392CC8413ED01F309F244AA95C
8700044618 21105 13899 CB96B3CC6504DF76DEA140247892CFE661E023786ECD4B958D53F1F7C04FA6E3
8700034700 33525 10677 4AC2314D9D036CB84E02AF1848AAF2C515B1D01FB24D3D02E404171ACC810333
8700051256 22742 35186 F13587BC89FE4882C7C889302511FFD738D136129B9F5BE4C492CB4948A93A89
8700038684 1490 22188 F13587BC89FE4882C7C889302511FFD738D136129B9F5BE4C492CB4948A93A89
8700049695 43426 14366 F13587BC89FE4882C7C889302511FFD738D136129B9F5BE4C492CB4948A93A89
8700044660 62252 17982 F13587BC89FE4882C7C889302511FFD738D136129B9F5BE4C492CB4948A93A89
8700035110 27572 45545 F13587BC89FE4882C7C889302511FFD738D136129B9F5BE4C492CB4948A93A89
8700047564 13923 9811 86FE396B7B8E286BCE54AA9F69BC7E5BC5D6B158512BD2F64FA8A9AF1B5E2EB4
8700012736 15680 35160 F13587BC89FE4882C7C889302511FFD738D136129B9F5BE4C492CB4948A93A89
8700035615 21215 23862 85567936C19F2E633A0EE139309C9AD7066DEA79E82DCDCB8EF6A97B06EA6DF0
8700032223 8017 21491 2C949F8511DE2A14BF19BE979958E3CAD7570753B26618ED48C989B68C6FB57F
8700050552 63107 14703 0189F1DC0E6CE6B1FA585EBD6155AF42921518DE141CE0089F779AD6FECA43E9
8700013432 61612 5759 F13587BC89FE4882C7C889302511FFD738D136129B9F5BE4C492CB4948A93A89
8700044995 44631 50990 16A5ED4DB812E9630A19A950DAC554EC2346203E81CB5FF17874BCB4438C448E
8700038126 27885 59446 2B4A9773AAD71D85F63BAF01FE3006DF890CE1ED987DC73D8BC9DF767B22BAAD
8700012698 60035 62656 7675C6D019A85E2AD14C257FEEA01ECAFFC19B7E672A4FDA5E9698C4917E44EF
8700033188 50929 26122 D520807E3A50CF6CDC657B7A59A25BD739D0BD7417188A7C41BD0B171425BDC8
8700046948 62262 33555 F13587BC89FE4882C7C889302511FFD738D136129B9F5BE4C492CB4948A93A89
8700037564 27357 63357 E9683102E5A020F3D173C81948EA1ED191D15EEC65B4B77E870E69CA3A1F2A97
8700046515 29596 46582 F13587BC89FE4882C7C889302511FFD738D136129B9F5BE4C492CB4948A93A89
8700048407 52115 7143 28073F0DE3C09938A2AE8B867FABA30D3DFEE97A3828E8D6DD9E1BBA1DF63E2A
8700033875 28655 58037 09326112DC41348218E10BFB92768F82EBEF0530EF1FAD85348BCA0838459CD4
8700050975 1343 28947 5C82C734799894BCEDF6F4792A4F910CD9CDC35F9C66D63151B2F734D927F25B
8700032222 20831 35846 8D5F258C986E1E9DE63EAEEDE342BAA77FE31739C80DC012921E523926C2BFF4
8700044632 52527 24079 EA7735A117F95939408AAB911BA5FC936D290509F7121571F2D04A9C3895288C
8700033231 21334 19725 F13587BC89FE4882C7C889302511FFD738D136129B9F5BE4C492CB4948A93A89
8700035979 12400 4371 F13587BC89FE4882C7C889302511FFD738D136129B9F5BE4C492CB4948A93A89
8700050556 1791 60207 4879A2F37A6A9E4F602F7722B0B2EE26845D07A519419EB815D70BE20F1366FF
8700044054 37087 5431 DF280FF94D7514B9B5A025EE6EE8A492A7E10AC63E97C2D4DD94FDA4B6A38812
8700037801 34660 58078 F13587BC89FE4882C7C889302511FFD738D136129B9F5BE4C492CB4948A93A89
8700047431 9492 5898 F13587BC89FE4882C7C889302511FFD738D136129B9F5BE4C492CB4948A93A89
8700044994 25077 13730 57C98B7F8DFDB5EAC086BDCDD3D55F22E1CC35C270C4527F2E37DDF0867B7434
8700038611 40457 21581 7E5A027A9D5C0A83E8DB5EA4E3D14ED64346C042A5FA364C7482409E1E84A8E7
8700037768 18128 49493 F13587BC89FE4882C7C889302511FFD738D136129B9F5BE4C492CB4948A93A89
8700035662 1702 47702 F13587BC89FE4882C7C889302511FFD738D136129B9F5BE4C492CB4948A93A89
8700047984 15761 38993 C0C88EB0D01FCBF54B97E4162901C4D8D63054F27E5076E0E4161E52CABB5201
8700038055 28911 35521 64883DCBD91586F3DF72DB03E9C12C8EC531FA6D68654DD0992384BBB4628C5B
8700012263 57235 1446 FD2AD9CF8920B9FE71B958D573F03A6BD5355076561FBF3AD28B5FB57E9F4352
8700036575 48397 21388 B54DBCDA9563EDF72985FC1A3EABE38E96DCAAD259556B2091C35462077CC022
8700050258 45923 54723 C2826D892D844C45D7E64FEFD24295D29303C681FDC54F273A3BF60F6BC3CC9C
8700051454 18244 37230 F13587BC89FE4882C7C889302511FFD738D136129B9F5BE4C492CB4948A93A89
8700038390 18974 49831 F13587BC89FE4882C7C889302511FFD738D136129B9F5BE4C492CB4948A93A89
8700047672 53043 9927 F4F24D4FE9A5394BE9750A847078AE651F142EA1BF2415BE553228183D8FA6E0
8700012908 35239 9418 2EF4AB30328EE97D27566966014E095E9C79F39D6851380B8A8DEC090AEB1ED0
8700035750 28313 54700 2FB158704196D7CB4EF2D566A3D3B53E97D4FC597F0790F95948213D2701858B
8700039442 44075 24607 5DEBA7AEC5AB357D728C3CD91D8581D1897986B3E6D117EAC27DCE0695F57E9A
8700034718 28366 58651 F13587BC89FE4882C7C889302511FFD738D136129B9F5BE4C492CB4948A93A89
8700046126 64539 2480 77DD031D057D0A78A0185E9D8B803047A270C9E86066CBFEBFF98D0C4E0EAE05
8700038291 58486 10278 F13587BC89FE4882C7C889302511FFD738D136129B9F5BE4C492CB4948A93A89
8700012774 10782 22413 F13587BC89FE4882C7C889302511FFD738D136129B9F5BE4C492CB4948A93A89
8700044550 13688 26259 F13587BC89FE4882C7C889302511FFD738D136129B9F5BE4C492CB4948A93A89
8700048142 49977 52507 809E622DD5DDAC1FB24655BEB1A6E88EC6D23AB0C0D02D612E276E466649E978
8700048920 24662 26741 F13587BC89FE4882C7C889302511FFD738D136129B9F5BE4C492CB4948A93A89
8700039339 22097 55018 C744E222B550E57523141AF63758E68491834A8C7E61852E87FE9DEF38F0BB9F
8700039623 20510 54711 F13587BC89FE4882C7C889302511FFD738D136129B9F5BE4C492CB4948A93A89
8700014261 54148 42982 F13587BC89FE4882C7C889302511FFD738D136129B9F5BE4C492CB4948A93A89
8700048133 33780 8068 F13587BC89FE4882C7C889302511FFD738D136129B9F5BE4C492CB4948A93A89
8700048845 53550 36096 F13587BC89FE4882C7C889302511FFD738D136129B9F5BE4C492CB4948A93A89

Total of 0 tasks calculated error.
