Total of 100 tasks calculated correctly, accuracy 100.00% 
9222032229 64549 36808 4D8C9BED4C793CCF5E50CDEB46044C797AABD63FAD52FB9D45CD51ABFA1DD7C1
9222003023 34096 51510 F13587BC89FE4882C7C889302511FFD738D136129B9F5BE4C492CB4948A93A89
9222014840 11956 62387 F13587BC89FE4882C7C889302511FFD738D136129B9F5BE4C492CB4948A93A89
9222008416 41966 62851 F13587BC89FE4882C7C889302511FFD738D136129B9F5BE4C492CB4948A93A89
9222011777 4469 46992 078578F34EBE4E81D3129B31330B5DEB9BCEE00815DB488C6088B482F5AFA86A
9222001195 58728 34288 F13587BC89FE4882C7C889302511FFD738D136129B9F5BE4C492CB4948A93A89
9222035653 39403 15739 8FB6E291496E63F51619D86A0CF6845D7A41FA303B7D8A7B96CDD18409600092
9222034487 19409 61275 5BB2F6D40C409FC27E05E171E76E4DFBE01C4D535D14970EEF1E115AFF352F02
9222013240 18157 4125 06D15411A0F2BB514981E0CC8CA14A02D1A7D6646208C178D8B8C3C49507718B
9222012291 18090 60147 F13587BC89FE4882C7C889302511FFD738D136129B9F5BE4C492CB4948A93A89
9222028341 18134 30696 F13587BC89FE4882C7C889302511FFD738D136129B9F5BE4C492CB4948A93A89
9222034878 33178 31987 F13587BC89FE4882C7C889302511FFD738D136129B9F5BE4C492CB4948A93A89
9222008165 10614 31262 F13587BC89FE4882C7C889302511FFD738D136129B9F5BE4C492CB4948A93A89
9222013603 47117 59002 338B385AFE03552ABB9A698B4255F89244419176A84C9E76E3DB5DA5974672E7
9222008431 57297 62768 D67B70FCCD806163681A2E5EEEBB3F552D01E5CB0EE1C910016D97E62D79AF4F
9222011306 36278 27350 F13587BC89FE4882C7C889302511FFD738D136129B9F5BE4C492CB4948A93A89
9222002965 2293 11196 BA19C6CC64BC005C7DC412182DD6A873DA250CB570D3E8B21C007C713DAFA560
9222002958 42423 39092 A21F4A2501F0AB194BA794C7388ABDF26D6812B632142DDF0C39B268D89F61F7
9222035821 45425 32640 06DEBE883B5C316E4F72E69924D0C9C0F0A19F5385D0A20782C184BA74A8FA83
9222002158 14231 29063 8CBA03226D70D3E3C5E99BDD54469E91AD9060CE85FC0C1A2DFFE15C1A099406
9222032207 42667 56773 3C2F742F5B5A36E8578FA317A21FAA509BEB16E2089C25DCA945774483D58E18
9222010002 11753 45123 6FD0B1C8F2205AA030660FEF24AEC9163F0141903C3BC9180B53C79CE80EAC6E
9222035651 35026 19783 F13587BC89FE4882C7C889302511FFD738D136129B9F5BE4C492CB4948A93A89
9222000725 58542 19182 F13587BC89FE4882C7C889302511FFD738D136129B9F5BE4C492CB4948A93A89
9222014372 38795 13430 14AFAB0AAC1EE2B43BA4C9E66830CC520C3B42D2CF5FBF538762A45F1614F090
9222028358 31537 49397 7CDDE93FE159D1D577F135AC7F32599043089A59CB1C0A22931255EEBC9F8A80
9222003948 20303 60281 506F55CE7C74064367979F7DE7EE50F1C2D3A610E43A76BBC5F7F66E530B45AC
9222010577 22589 56754 9B9D9D651517AD50A3EE30B1354EE24A6B08554E39566B8ADAE34D0597099FBF
9222028471 30568 60317 F13587BC89FE4882C7C889302511FFD738D136129B9F5BE4C492CB4948A93A89
9222003930 21284 149 F13587BC89FE4882C7C889302511FFD738D136129B9F5BE4C492CB4948A93A89
9222001174 54977 34928 8E19CD0755FF1CA70E9C69FA5E92FFEF8B16B71C113CEA1C4F41B529BDCD90B1
9222000369 20955 48482 862DE7F236A35FF9180BE601E4CBEDD3FAE2AA4087A8888DEB19B25727055F5C
9222015360 9780 8216 F13587BC89FE4882C7C889302511FFD738D136129B9F5BE4C492CB4948A93A89
9222034588 2861 60273 36BE41B648115DDDC6AAEC2280B15D11411C35C713B78540F2A8FB6C7E8043F7
9222028016 63610 56594 F13587BC89FE4882C7C889302511FFD738D136129B9F5BE4C492CB4948A93A89
9222033082 2437 15845 10572D5ABFFC36419E7EA30B9BA4AC61FB06A857194F394B26D189DABDF2F932
9222015425 18071 25640 BA119C210ADEF81E436A745A49E31DD16CAFE362986C489EFD96474726C6CFAB
9222035607 12728 64990 F13587BC89FE4882C7C889302511FFD738D136129B9F5BE4C492CB4948A93A89
9222012369 51694 56808 F13587BC89FE4882C7C889302511FFD738D136129B9F5BE4C492CB4948A93A89
9222002892 64160 23404 F13587BC89FE4882C7C889302511FFD738D136129B9F5BE4C492CB4948A93A89
9222033726 40608 22425 F13587BC89FE4882C7C889302511FFD738D136129B9F5BE4C492CB4948A93A89
9222034896 2428 39141 F13587BC89FE4882C7C889302511FFD738D136129B9F5BE4C492CB4948A93A89
9222013465 17600 31893 F13587BC89FE4882C7C889302511FFD738D136129B9F5BE4C492CB4948A93A89
9222014878 26049 47632 0906AA7E9F4D27D03AE50884B8C2A82AD39EF5981236E47A4B9A656127413DE2
9222002344 59946 3633 F13587BC89FE4882C7C889302511FFD738D136129B9F5BE4C492CB4948A93A89
9222008053 33804 44769 F13587BC89FE4882C7C889302511FFD738D136129B9F5BE4C492CB4948A93A89
9222008201 41113 13440 51A8D9DC10F946B344892209614529F1C56E0652ADA1423C4DBCB65592ECB314
9222013076 21878 7983 F13587BC89FE4882C7C889302511FFD738D136129B9F5BE4C492CB4948A93A89
9222015540 32993 28220 50C3C1853F93BCC94BC951D883682109DCE99519CFAF4A4D25928C745CF6B05E
9222001909 35306 39184 F13587BC89FE4882C7C889302511FFD738D136129B9F5BE4C492CB4948A93A89
9222014170 49509 20276 FB0EE0E5F261CD75A6F03D322526C7A32410E50C39ABA7D75D891C098508A20A
9222012433 33680 26525 F13587BC89FE4882C7C889302511FFD738D136129B9F5BE4C492CB4948A93A89
9222011349 35947 5656 6AB3055C51B7524C015DFEF4E1BF3124804FC77C6D0D9802DE5A2C1FF2F8EEBF
9222015779 37276 12550 F13587BC89FE4882C7C889302511FFD738D136129B9F5BE4C492CB4948A93A89
9222032202 2310 56445 F13587BC89FE4882C7C889302511FFD738D136129B9F5BE4C492CB4948A93A89
9222001379 38624 53891 F13587BC89FE4882C7C889302511FFD738D136129B9F5BE4C492CB4948A93A89
9222015098 47231 39409 FAFF09DFAA935CEF3E1E81C45D9C7E8DA268CC505BA8D61E1876168615331E02
9222035315 44935 1429 7F206F229C869104CD39D452CDB003D51A058C1590832A12832AE5B905D5CC16
9222011336 23534 23599 F13587BC89FE4882C7C889302511FFD738D136129B9F5BE4C492CB4948A93A89
9222034376 5378 60077 F13587BC89FE4882C7C889302511FFD738D136129B9F5BE4C492CB4948A93A89
9222003806 13392 24856 F13587BC89FE4882C7C889302511FFD738D136129B9F5BE4C492CB4948A93A89
9222013521 3444 32572 F13587BC89FE4882C7C889302511FFD738D136129B9F5BE4C492CB4948A93A89
9222003637 58832 8174 F13587BC89FE4882C7C889302511FFD738D136129B9F5BE4C492CB4948A93A89
9222009967 54706 57623 F13587BC89FE4882C7C889302511FFD738D136129B9F5BE4C492CB4948A93A89
9222032157 64729 42948 424C128A6A639A5E2529DBD3CD55D04F4235528C2CC177DB5D4746138C72A659
9222008335 30543 12357 DC9B017E532A10B23FECFEFBC416A437DD70C2A1D26FEA48E8C6497292D2DFDF
9222008962 30897 529 10BA13EE5EBC32CCFE40888C76F4A26AE8F5E6BEC5239D57C2641BC8AD1BB72F
9222001250 3098 34671 F13587BC89FE4882C7C889302511FFD738D136129B9F5BE4C492CB4948A93A89
9222002489 27713 57712 98709BE0B990EC3219163A4343A15C910F0C1D5ACD9189F4D7955DAF55C8608B
9222014664 3664 63030 F13587BC89FE4882C7C889302511FFD738D136129B9F5BE4C492CB4948A93A89
9222015311 14318 64944 F13587BC89FE4882C7C889302511FFD738D136129B9F5BE4C492CB4948A93A89
9222008562 17032 58730 F13587BC89FE4882C7C889302511FFD738D136129B9F5BE4C492CB4948A93A89
9222002753 5326 14771 F13587BC89FE4882C7C889302511FFD738D136129B9F5BE4C492CB4948A93A89
9222033443 35176 61368 F13587BC89FE4882C7C889302511FFD738D136129B9F5BE4C492CB4948A93A89
9222029283 57270 6935 F13587BC89FE4882C7C889302511FFD738D136129B9F5BE4C492CB4948A93A89
9222033502 25986 57147 F13587BC89FE4882C7C889302511FFD738D136129B9F5BE4C492CB4948A93A89
9222015559 12994 41392 F13587BC89FE4882C7C889302511FFD738D136129B9F5BE4C492CB4948A93A89
9222002579 32596 37310 F13587BC89FE4882C7C889302511FFD738D136129B9F5BE4C492CB4948A93A89
9222028419 11202 62032 F13587BC89FE4882C7C889302511FFD738D136129B9F5BE4C492CB4948A93A89
9222029059 64786 55014 F13587BC89FE4882C7C889302511FFD738D136129B9F5BE4C492CB4948A93A89
9222015760 26370 29949 F13587BC89FE4882C7C889302511FFD738D136129B9F5BE4C492CB4948A93A89
9222011619 25340 62399 F13587BC89FE4882C7C889302511FFD738D136129B9F5BE4C492CB4948A93A89
9222028366 33073 16205 337911AC53C8D1B7435866A7C079905ECEA409551D3E2B22E25AE4CEF9999E5B
9222011224 44722 59352 F13587BC89FE4882C7C889302511FFD738D136129B9F5BE4C492CB4948A93A89
9222002464 54632 48225 F13587BC89FE4882C7C889302511FFD738D136129B9F5BE4C492CB4948A93A89
9222012755 7725 31096 ED8C147E6231115EB888788FF9260C633D3A4B863E1C9E4FC519209FF7BF7B92
9222009021 14390 1502 F13587BC89FE4882C7C889302511FFD738D136129B9F5BE4C492CB4948A93A89
9222012238 37549 24577 D58A971FEBA0C1518746D9FA8A5B67FA86B85BF7B252F9DF6F4688E7C3D64F2A
9222011739 52904 32027 F13587BC89FE4882C7C889302511FFD738D136129B9F5BE4C492CB4948A93A89
9222034172 65396 47973 F13587BC89FE4882C7C889302511FFD738D136129B9F5BE4C492CB4948A93A89
9222034094 11394 590 F13587BC89FE4882C7C889302511FFD738D136129B9F5BE4C492CB4948A93A89
9222029116 31827 7070 2FBBF8AD1E7E2D9C9327D01BD708A4C0831A3283277C95046BD3A2E788363E2F
9222000076 31190 34933 F13587BC89FE4882C7C889302511FFD738D136129B9F5BE4C492CB4948A93A89
9222012445 15717 15950 BD751F2052C39A24A5E97262B5F722D141C3C8852C566FD5D318C5D10DE561E9
9222010575 14778 64760 F13587BC89FE4882C7C889302511FFD738D136129B9F5BE4C492CB4948A93A89
9222003489 3832 34445 F13587BC89FE4882C7C889302511FFD738D136129B9F5BE4C492CB4948A93A89
9222012153 19119 43125 90CB6C2F31471F950002E1F89C356BE5CC3A29976172EBCD3354C783C909CD68
9222015089 31303 35017 F31AC445D31132E27EE5E8604B3D283DE3F7B9B8A86674297F90891B67843ED0
9222015568 44291 5043 6F35E61B9223AC3CF57365811230E2DC33DE61B2E5C33FD189069BC87E49EF94
9222035223 2767 40402 82594C922F9A5A7F9F41C3CDE1DD808A03FCBFA36C1006F2046F031C7360EA40

Total of 0 tasks calculated error.
