Total of 100 tasks calculated correctly, accuracy 100.00% 
9569970269 46485 60892 C3B2ED30F706FEDB3A894263880C2E4AEAA32DC47676BDE738FB414B3583320D
9569995175 49228 3652 F13587BC89FE4882C7C889302511FFD738D136129B9F5BE4C492CB4948A93A89
9569963546 34703 20054 EB3C2B9FB06D81CA37A0FD4716C1C10DA6A398870D0A932E7B1CD411F9898161
9569962298 13682 28496 F13587BC89FE4882C7C889302511FFD738D136129B9F5BE4C492CB4948A93A89
9569971053 29619 30915 B9DC98A35CCD783359B3F89195EB3CF35B1A7E4249D916983DBDD0204BE18440
9569995950 46479 32763 C88A754C4A8EBEDF15E7F2EB01FDDB251B4D9C7E30888687029CADA303164993
9570035180 7310 38958 F13587BC89FE4882C7C889302511FFD738D136129B9F5BE4C492CB4948A93A89
9569970945 40119 11962 4B5F938638CDE9DC2D1A78C5602B133E3409A02D4208CF1905F66C923B9326C9
9569962243 48297 1744 C8BF24CAAEB7381B6EDB48B77303594A14DE5E8564DEA7DF5EA8C1A8632FC60E
9569971183 9047 42588 8D64CF1621A28954E0D50BDE53B0031355B0C47248C78A665988E66BC1DB2F94
9570024703 58954 33729 F13587BC89FE4882C7C889302511FFD738D136129B9F5BE4C492CB4948A93A89
9570035346 16422 38937 F13587BC89FE4882C7C889302511FFD738D136129B9F5BE4C492CB4948A93A89
9569975328 31203 63781 71EAB1464A719818328367295435ABB21C235F34B8D75596FD29A103ED9D7F05
9570033150 63920 13229 F13587BC89FE4882C7C889302511FFD738D136129B9F5BE4C492CB4948A93A89
9569960230 8145 50570 58C6D0127434A7EFE11BC8BEC9E2F27F8C566E650688F59928E40339877F2F72
9570033542 45878 32557 F13587BC89FE4882C7C889302511FFD738D136129B9F5BE4C492CB4948A93A89
9569963708 12065 11619 9BD552325376408B24A4F4C8FE116BADF6B06B393470A2BAB828B52EFC0BBEA5
9569963034 48369 34761 E7643E7CFE2189B3CE9AD7F635B4F30CF23E86CD852B0DD177FB1EE916698583
9570032234 23516 26993 F13587BC89FE4882C7C889302511FFD738D136129B9F5BE4C492CB4948A93A89
9570035932 39997 5327 967A45224D68565140A5C2D3650971F7DE0B195871BAFF0C8EC43D1F66C990A2
9569974565 28440 23378 F13587BC89FE4882C7C889302511FFD738D136129B9F5BE4C492CB4948A93A89
9569972757 6391 57367 B3C9C62AACF9C1BA3B91FF5A9B81D49DCFAFD9262CF3E64620D5B5E90320DBE6
9569994701 52555 48707 5BA622FBEC990E46A098C75D6D3CCBDBDE4A0059DFF80836F9DF24970AD980E0
9570033670 40052 24150 F13587BC89FE4882C7C889302511FFD738D136129B9F5BE4C492CB4948A93A89
9570024055 10314 17830 F13587BC89FE4882C7C889302511FFD738D136129B9F5BE4C492CB4948A93A89
9570024433 17852 53948 F13587BC89FE4882C7C889302511FFD738D136129B9F5BE4C492CB4948A93A89
9569975154 64004 28600 F13587BC89FE4882C7C889302511FFD738D136129B9F5BE4C492CB4948A93A89
9569994375 9800 6812 F13587BC89FE4882C7C889302511FFD738D136129B9F5BE4C492CB4948A93A89
9569969643 60406 61513 F13587BC89FE4882C7C889302511FFD738D136129B9F5BE4C492CB4948A93A89
9570032818 58865 49095 9611669FB55AF1CC24487A7CBB0326E9A46B80B44417D9B39ECDAE0BA1284804
9569971867 58220 48785 F13587BC89FE4882C7C889302511FFD738D136129B9F5BE4C492CB4948A93A89
9569962922 60635 11241 2898A56166DF52EE2DF74426BD6EE7C3CB95FB38B01AC0FD62C4AA8290178B7B
9569963272 32846 54542 F13587BC89FE4882C7C889302511FFD738D136129B9F5BE4C492CB4948A93A89
9569974372 37235 5277 A66EF42AB9667B8E9191227DADC3D49FCD47517B39AAFEC62DED439424464C28
9569972473 23846 57633 F13587BC89FE4882C7C889302511FFD738D136129B9F5BE4C492CB4948A93A89
9569995224 32946 22460 F13587BC89FE4882C7C889302511FFD738D136129B9F5BE4C492CB4948A93A89
9569963477 12407 301 2DBF093D795CBDFAC30CF39C4963C85AC9C679C38185D45B52B833CB6FDF7283
9569971294 26094 815 F13587BC89FE4882C7C889302511FFD738D136129B9F5BE4C492CB4948A93A89
9570033516 16858 39290 F13587BC89FE4882C7C889302511FFD738D136129B9F5BE4C492CB4948A93A89
9569974965 58011 7178 FF8F38C4CC1CE4C606E89231FBA479DB566D2F1F678F67002A05D06BFFD9B478
9569970135 50021 56409 6274E143226FFED9E828D048607ADC660FCE2D7F796B48DC14FBD91F06BBCA22
9569994493 57391 29660 F5FE9436185855B8DEF8D1DBBE6A36D1776BFEA678F1FED326BBDD6BF6C984CF
9569961718 32203 31339 C50054C0D3B0FA4BAAF7049A10A9D25C3175B1B7C80129E0AB411F1122A55026
9569973476 21575 17774 50AC88D8CD5AB819656CEE13386837CEFB4DAC594BE34E6F52F9F3FC0268CF52
9569961522 20635 43128 8AD8FD731EA3B909CC3FB1F23D58EF0407C536A9B9CFC969FD818FD13153AC6F
9569963388 25479 340 8D1A1C7D65AE1075E45FAB2AC1728B19379FB2AE6FEC7AB027ED959D6BACE4DB
9569962198 13155 22301 8288BD08AD4D1E6A2EB70E8A4D5BB68E7C2BAFA5BDC6150B0F993CA335013272
9569974688 13722 9674 F13587BC89FE4882C7C889302511FFD738D136129B9F5BE4C492CB4948A93A89
9569968155 42923 27966 15A43CFAE3EF03B3CC65C2D6D7488D027789C80F4FF49A346762B54890C94EC8
9569974695 502 40325 F13587BC89FE4882C7C889302511FFD738D136129B9F5BE4C492CB4948A93A89
9569961287 60303 13063 C6EB2F3C3B59A22064D2D3E3FB5D792888422E0ED1F5C892A880DA37378D91A5
9569970665 51165 28697 BD457A023F29AD8651B80670987AA647C9815A01B30171AF922D5A306054AFFF
9569970515 11036 45018 F13587BC89FE4882C7C889302511FFD738D136129B9F5BE4C492CB4948A93A89
9569960648 53427 13917 BC69DE6BEF09CFBC65AB1D383C8BFE9CE329E8A0D082EA7F73A593615DFABCAD
9570032326 63367 53654 CA2672519EE69917EAB991B8F31CEB81BEAD43192AA914CBD68D04EE174480A9
9569970173 21141 48057 3C9F32C6545E6A9C6C2100E8ECF0020F70F41B314946F38E1D23F2C66BBEAD94
9569994376 48825 540 F128A84C0A181D9750D0333A3E3B9156C53456917A792EBDB4321352FB68B01E
9569961505 12905 5714 D6DEAE4AF5D0BE42DD4B1AB64EB9F378ECBEA238167D54D58F3A2E043DCEC27B
9569971187 20751 52469 95F44EA848B528306F89CA95A650B4431008392D36C370FF12BC845373A325A1
9570033759 40041 32464 18FEF6A7F0EC180A1ADDC2A65C16F9A18083FB13819846271E63007D46DE214F
9569969829 26592 10657 F13587BC89FE4882C7C889302511FFD738D136129B9F5BE4C492CB4948A93A89
9569969485 24249 25791 8D1DA722697B6FE11CF48675D70A78DE526A92CD32EE016210EC1857C05B63F7
9569993289 62026 17149 F13587BC89FE4882C7C889302511FFD738D136129B9F5BE4C492CB4948A93A89
9569970187 58519 48178 AF05174F477B7F55F6AE58B5C74550B94C5F54B1429A6F74ED8488863D8EFC0E
9569963086 2273 18422 887B790B7279FF56225FD8E10FBBC79C06EE73DDC5C105655F34EE5FF5100F0D
9569969972 54884 12328 F13587BC89FE4882C7C889302511FFD738D136129B9F5BE4C492CB4948A93A89
9569970790 26081 14544 D47A23C8EC3A2DDE2C97698E84E323B9BA465DADD65CE6419A28336DCC1B17CE
9569962174 31515 43638 5F9AE66CCF364186D4F43DB482CA147509F46ABAC61C5344F989EE40AB815E40
9569963500 28578 16324 F13587BC89FE4882C7C889302511FFD738D136129B9F5BE4C492CB4948A93A89
9569972434 16902 7551 F13587BC89FE4882C7C889302511FFD738D136129B9F5BE4C492CB4948A93A89
9569971671 13299 11476 0D30043ECEB396AD1DE507EACFE3F633096C15DC6F98D4DF2DD9473CD0DFF840
9569995545 44548 32367 F13587BC89FE4882C7C889302511FFD738D136129B9F5BE4C492CB4948A93A89
9569993279 53111 16428 4FBF2B1FFD5FA48189B8592B4D43A81FAE4E5FF9211DCD3A63D53A02F6139972
9570034135 26085 38541 C2DE0256EA21A20E615F0AEB72C1453273A30BD7C25A6658C8675CDD4E88659F
9569962619 11871 56462 67540881CFCDAED1714010A9EDC454ABBD669B251341530E002BC5EEC592A2B5
9570025091 46184 21849 F13587BC89FE4882C7C889302511FFD738D136129B9F5BE4C492CB4948A93A89
9570034389 20435 58271 73A6AB06393A1797B2B90EDCC4F46FE5B775323BE3DBC4AC6DC04D0AC8C5C1A9
9569963993 10344 45996 F13587BC89FE4882C7C889302511FFD738D136129B9F5BE4C492CB4948A93A89
9569994651 52186 18027 F13587BC89FE4882C7C889302511FFD738D136129B9F5BE4C492CB4948A93A89
9569963695 11910 33557 F13587BC89FE4882C7C889302511FFD738D136129B9F5BE4C492CB4948A93A89
9570033103 32627 32182 569175402BA1B87E1836BE7B169A8165FF8BAC46AEBF6BE3E074CECDDDDB60D5
9569968892 1180 11571 F13587BC89FE4882C7C889302511FFD738D136129B9F5BE4C492CB4948A93A89
9570034206 5079 34888 30C03F45A567CF31E93FD37E05C45102C51709CB0B2105C63E09E83D3FCB3959
9569968712 18556 42252 F13587BC89FE4882C7C889302511FFD738D136129B9F5BE4C492CB4948A93A89
9569975345 35967 40787 7DBC1AE9E51549D1B18A93F687C6850E9EAF7E84DD338AEDF5DFEA74BDD942F0
9569995614 59595 63249 947388F91353BA3B6BFC4DFAC1CC8C183E1AC081018AAF54C7FACA9B2FB87309
9569969760 5412 51720 F13587BC89FE4882C7C889302511FFD738D136129B9F5BE4C492CB4948A93A89
9569975260 2232 14169 F13587BC89FE4882C7C889302511FFD738D136129B9F5BE4C492CB4948A93A89
9570035020 13379 14945 3D58AB5EC5509C073663BB77F2A7B24360A0B4E80C7AE4FA60E6477AA501317F
9570025451 18820 21545 F13587BC89FE4882C7C889302511FFD738D136129B9F5BE4C492CB4948A93A89
9570025618 16136 35984 F13587BC89FE4882C7C889302511FFD738D136129B9F5BE4C492CB4948A93A89
9569995757 40191 21993 8F9E73DE7EB356CAC5E128D631247690633742313BC3FD551C15FD9A65253064
9569962287 7450 13261 F13587BC89FE4882C7C889302511FFD738D136129B9F5BE4C492CB4948A93A89
9570025521 10366 14745 F13587BC89FE4882C7C889302511FFD738D136129B9F5BE4C492CB4948A93A89
9569972817 15546 61768 F13587BC89FE4882C7C889302511FFD738D136129B9F5BE4C492CB4948A93A89
9569994992 9942 15136 F13587BC89FE4882C7C889302511FFD738D136129B9F5BE4C492CB4948A93A89
9569994218 52678 13389 F13587BC89FE4882C7C889302511FFD738D136129B9F5BE4C492CB4948A93A89
9569969750 59909 13817 543F153243AAFCE53135C804615D2CC5AD74035E6067E8273E8D039915730626
9569972886 46802 19113 F13587BC89FE4882C7C889302511FFD738D136129B9F5BE4C492CB4948A93A89
9569969680 11737 50379 3A1582D9EC03124BFAB43EFE0B3CE16632541251193A2E5D35393759DCF69FB9

Total of 0 tasks calculated error.
