Total of 100 tasks calculated correctly, accuracy 100.00% 
9744006200 49228 45898 F13587BC89FE4882C7C889302511FFD738D136129B9F5BE4C492CB4948A93A89
9743996100 18427 54909 7D01778D41AC5B41B391B763235E649682A5D8FB897A98150117CD89F094D159
9744022378 53558 51927 F13587BC89FE4882C7C889302511FFD738D136129B9F5BE4C492CB4948A93A89
9744017614 7164 50160 F13587BC89FE4882C7C889302511FFD738D136129B9F5BE4C492CB4948A93A89
9744028446 26276 62144 F13587BC89FE4882C7C889302511FFD738D136129B9F5BE4C492CB4948A93A89
9744028494 63502 24625 F13587BC89FE4882C7C889302511FFD738D136129B9F5BE4C492CB4948A93A89
9744019208 11920 44660 F13587BC89FE4882C7C889302511FFD738D136129B9F5BE4C492CB4948A93A89
9744019368 34204 34786 F13587BC89FE4882C7C889302511FFD738D136129B9F5BE4C492CB4948A93A89
9743996703 47772 12504 F13587BC89FE4882C7C889302511FFD738D136129B9F5BE4C492CB4948A93A89
9743999264 23449 12663 BBA52A6C9E5AA2897D7055DA3D0F7038F7A3700B8311A7C90DF9B212A30C3963
9744016248 54795 40557 236FB413E0C8213A6D205500434AD0FBF2E113C2AB69E0C8DA5D59E89EF3842F
9744028207 47377 5260 0D1890F867CD68099668C0C60C016068245734011791708568D9A20754E753AF
9744021421 48422 57234 F13587BC89FE4882C7C889302511FFD738D136129B9F5BE4C492CB4948A93A89
9744019588 59100 59281 F13587BC89FE4882C7C889302511FFD738D136129B9F5BE4C492CB4948A93A89
9743998466 6146 21201 F13587BC89FE4882C7C889302511FFD738D136129B9F5BE4C492CB4948A93A89
9744004517 6404 3869 F13587BC89FE4882C7C889302511FFD738D136129B9F5BE4C492CB4948A93A89
9743998636 36724 37562 F13587BC89FE4882C7C889302511FFD738D136129B9F5BE4C492CB4948A93A89
9744017156 27489 22594 39EED6FAC5012ED04B4810D0BF6226EED231F9B8947BE65E68701A05D97B2F04
9744007691 37191 39033 1CE8A57968EF3CA635C15AF6B3BCEE194918BEA43FB8E5BE3BBFD7A14EB7852F
9744020721 14954 6043 F13587BC89FE4882C7C889302511FFD738D136129B9F5BE4C492CB4948A93A89
9744030215 53071 42728 7F14D452B75A3C692CDC67CDAAF547E6901398BB76F69CDD109BCC98B22DEEA3
9743996889 22971 28215 20FBEBAEAE11CF3699B2039193C6E29A1A62DDF817D10C112F3BC5B92522CCE6
9744016699 31092 43554 F13587BC89FE4882C7C889302511FFD738D136129B9F5BE4C492CB4948A93A89
9744018970 51956 4344 F13587BC89FE4882C7C889302511FFD738D136129B9F5BE4C492CB4948A93A89
9744004870 35604 4958 F13587BC89FE4882C7C889302511FFD738D136129B9F5BE4C492CB4948A93A89
9744021920 35305 10972 14867ED30BB463F0AFB6B0A0E3311EF71FE13F1976BB92AA08D84D90836C12A3
9744029570 23452 22066 F13587BC89FE4882C7C889302511FFD738D136129B9F5BE4C492CB4948A93A89
9744021478 17858 13133 F13587BC89FE4882C7C889302511FFD738D136129B9F5BE4C492CB4948A93A89
9744030558 58973 19228 8B36D5F9045B4B9195659B495BC94F7F6A57A759E77923DB84F539EFAA2A4D64
9744005725 5088 64043 F13587BC89FE4882C7C889302511FFD738D136129B9F5BE4C492CB4948A93A89
9744005752 38655 47962 66B81E7F9F39F83B059C3F45DCFC3969FFCBA28935EEA7A51FB6C13921AFF1DD
9744030331 54998 1680 F13587BC89FE4882C7C889302511FFD738D136129B9F5BE4C492CB4948A93A89
9744017410 7753 55801 03A7D755D1F331A3FA81A193EAF1FBBDD151163054A1C22631F9212F7F4E4DD9
9744004249 40371 54540 1152DA3749E8C215D826A558F41B3A0A69D287F9952470CAF560ADE9878638AB
9743997884 7904 9143 F13587BC89FE4882C7C889302511FFD738D136129B9F5BE4C492CB4948A93A89
9744017788 3058 22697 F13587BC89FE4882C7C889302511FFD738D136129B9F5BE4C492CB4948A93A89
9744029149 60629 9772 3D88A51466BAFE52BD69044C227A4A8931F3913A57DD8A94317B6E67D16065A3
9744018624 3336 57065 F13587BC89FE4882C7C889302511FFD738D136129B9F5BE4C492CB4948A93A89
9743997596 51397 10723 B7B01E61000C425347A64CA9E711315695EA6DB988435DA59502312F39E4D93C
9744005333 63141 14618 0BFD54F909D1EC59A56ED1C84A06AC189BB6562C24FCD13EB5E8B60E325D089E
9744031865 11326 25069 F13587BC89FE4882C7C889302511FFD738D136129B9F5BE4C492CB4948A93A89
9744028822 38926 3371 F13587BC89FE4882C7C889302511FFD738D136129B9F5BE4C492CB4948A93A89
9744021607 51780 62028 F13587BC89FE4882C7C889302511FFD738D136129B9F5BE4C492CB4948A93A89
9743999722 49724 16734 F13587BC89FE4882C7C889302511FFD738D136129B9F5BE4C492CB4948A93A89
9744006252 8124 41472 F13587BC89FE4882C7C889302511FFD738D136129B9F5BE4C492CB4948A93A89
9744016991 18290 28719 F13587BC89FE4882C7C889302511FFD738D136129B9F5BE4C492CB4948A93A89
9744020435 12782 56669 F13587BC89FE4882C7C889302511FFD738D136129B9F5BE4C492CB4948A93A89
9744018213 3608 48522 F13587BC89FE4882C7C889302511FFD738D136129B9F5BE4C492CB4948A93A89
9744019244 25374 1858 F13587BC89FE4882C7C889302511FFD738D136129B9F5BE4C492CB4948A93A89
9744021903 4355 24900 D93C58D9D8701CF334B4B5042596D683222B1BA69FC0232650E676FC4A36DC48
9744007219 37085 14903 8D771AC655D458A9E230ACE8F52A1546522AF6B8154671CD9561BF55ABAE501A
9744021353 35434 37170 F13587BC89FE4882C7C889302511FFD738D136129B9F5BE4C492CB4948A93A89
9744028691 30024 53442 F13587BC89FE4882C7C889302511FFD738D136129B9F5BE4C492CB4948A93A89
9744021767 21018 20086 F13587BC89FE4882C7C889302511FFD738D136129B9F5BE4C492CB4948A93A89
9744021615 2692 43518 F13587BC89FE4882C7C889302511FFD738D136129B9F5BE4C492CB4948A93A89
9743998419 11305 1880 2E72A5E4D46DC940D8C9081B8B59C48C271593722BF0F598A3524D244B634ABD
9744017848 6049 52983 E81DB8292346FAD2EE493CF4C2C5412D83B6FD59D5363DFAADFE3BD6F039DB6E
9744019558 39822 16768 F13587BC89FE4882C7C889302511FFD738D136129B9F5BE4C492CB4948A93A89
9743998669 28454 41761 F13587BC89FE4882C7C889302511FFD738D136129B9F5BE4C492CB4948A93A89
9744006186 28168 57301 F13587BC89FE4882C7C889302511FFD738D136129B9F5BE4C492CB4948A93A89
9744019704 20738 12724 F13587BC89FE4882C7C889302511FFD738D136129B9F5BE4C492CB4948A93A89
9744007091 10865 52990 D87394CEE257EA5034FD0EBAFB06DE02919B3F182B81A2B952FA88C022997072
9744018096 24499 4811 F93385501054FD7511DC9B9E0BB74523CFABD03F8CA47E480E31904E118C83B9
9744028114 59983 57988 130E13B97FBFA63E963C7BB124C7B87AAE0297F8C613D93CB2A17EB8C8A240D7
9743997586 9238 44187 F13587BC89FE4882C7C889302511FFD738D136129B9F5BE4C492CB4948A93A89
9744029278 10548 55538 F13587BC89FE4882C7C889302511FFD738D136129B9F5BE4C492CB4948A93A89
9744016237 8834 36117 F13587BC89FE4882C7C889302511FFD738D136129B9F5BE4C492CB4948A93A89
9744021855 43583 29665 B4A5D031F16322C858AA9830F738FB56626B4B2ACC32890F62590E3012D17DF5
9744022373 28851 17635 46B41E0DEAD0CC56938C3C5A427E3C35004996E7F09BA0F46AD7C4FBFC263285
9744018539 58466 19824 F13587BC89FE4882C7C889302511FFD738D136129B9F5BE4C492CB4948A93A89
9744007478 22029 21048 64BAE284146CC4975FBF74058A434C5C09F7B0183131F39BC2972405E1A422C4
9744006154 18864 60344 F13587BC89FE4882C7C889302511FFD738D136129B9F5BE4C492CB4948A93A89
9744022510 39233 8814 740D586FF8BDE6E839B5BC03163F78868E0BEA2788DEA854EFFAD79F6924D998
9744028831 28249 3310 A594732AA04AB95445695B0315959C073E6A56416DA0A249FE87028BC3750E39
9744030337 39505 60330 788931F31A868E75DA5D771565AADAFBD789BC3C3B7CC2CBE594FD3606DF7E8E
9744004262 34940 18451 F13587BC89FE4882C7C889302511FFD738D136129B9F5BE4C492CB4948A93A89
9744006856 35489 57922 032A27B1FF9606F2EFC775511B83D902E5E69B70742C5DBBCCABAB20638FA82C
9744021869 25298 7663 F13587BC89FE4882C7C889302511FFD738D136129B9F5BE4C492CB4948A93A89
9744004235 39325 33697 6DE9D30CA2C24031DFCB6A448927AD7F54C3DB5E390B0991725FBF0C8D7C1719
9744021987 27274 38216 F13587BC89FE4882C7C889302511FFD738D136129B9F5BE4C492CB4948A93A89
9744019955 12909 57198 F611AB70C1DC8D162542A52D3E89DDF4B5E0B58B448E034E4F4B6779FD24DC8C
9743998819 29146 37456 F13587BC89FE4882C7C889302511FFD738D136129B9F5BE4C492CB4948A93A89
9744017639 30643 37390 6E8926117B7AEB22090D317C08C6C620DFBF4BA85D96E11CB9AF84DB4B379CEA
9743996004 16217 50812 579AF47338891D4015B0E9AA5EE69943C3C72D821F2A846DBAE6B7A58A3C8B98
9744028436 36505 32630 3BABB1CAFB180C4EA357A5F15BBFF9991AA1FC40892FA71C09F154AA7C0D6CCC
9744016791 17657 48951 F69CA7395022987B2FB2CBF8169698FF5D793914A3E3FF6514941E90E249E739
9744007843 42209 53605 C1ADF602FA59B3259F81EC28CD2CD6BA35CF95FFE19E7B68DC20B9105A5994A1
9744021050 16185 48015 F968C07439DEAE4342DCE010B6376B5E7FEFBC5C585F89FC7141110DC9ACCE76
9744004229 52125 53817 C1E3392CA8C457471557FC8DAC38F6D2638024BBDC7CA4F064B696A562A29BD4
9744031347 15044 15933 F13587BC89FE4882C7C889302511FFD738D136129B9F5BE4C492CB4948A93A89
9744028512 42090 17284 F13587BC89FE4882C7C889302511FFD738D136129B9F5BE4C492CB4948A93A89
9744030825 15852 22403 F13587BC89FE4882C7C889302511FFD738D136129B9F5BE4C492CB4948A93A89
9744028956 25250 22912 F13587BC89FE4882C7C889302511FFD738D136129B9F5BE4C492CB4948A93A89
9744004110 1719 10670 BD060D2F0A92FD49F13209699A30A380A30EE03260D4D5EE6C6406EF0DC6F803
9744028508 55521 65068 CD73184F085DB1AF80B0E6771622E0757EA1A783024E49EA7DDF5F55944BEFF4
9744021190 12034 60516 F13587BC89FE4882C7C889302511FFD738D136129B9F5BE4C492CB4948A93A89
9744021170 24781 38083 A0A6AF97F1C95AAD43C33AEFDBECB539B931CFB0A7763B548D110F5532FD458F
9743996768 44844 21132 F13587BC89FE4882C7C889302511FFD738D136129B9F5BE4C492CB4948A93A89
9744021776 39186 30030 F13587BC89FE4882C7C889302511FFD738D136129B9F5BE4C492CB4948A93A89
9744029315 39098 8620 F13587BC89FE4882C7C889302511FFD738D136129B9F5BE4C492CB4948A93A89

Total of 0 tasks calculated error.
