Total of 100 tasks calculated correctly, accuracy 100.00% 
9918008781 36793 55215 825CE3ABEA75067B52DC38AEFC9025F51BC384E0EB3F2189A8A10803BCB0588F
9918018375 33042 702 F13587BC89FE4882C7C889302511FFD738D136129B9F5BE4C492CB4948A93A89
9918019922 31042 1781 F13587BC89FE4882C7C889302511FFD738D136129B9F5BE4C492CB4948A93A89
9918036486 50057 9532 E9331129E8F470DEB3808B5D6108BAA7F8B44DD913AC04DD3D199146FC19655C
9918036075 34125 8343 57D0000989D9752642D5BE161BC323A002846F99EBB728FE58E2D6FF30BBAA83
9917979180 23664 24072 F13587BC89FE4882C7C889302511FFD738D136129B9F5BE4C492CB4948A93A89
9918010704 33645 17157 399DAF692C3CF4DB5BA59DBF039C7B904FEB648398617BE37B9EE8D245BFAAAB
9917977255 34022 48324 F13587BC89FE4882C7C889302511FFD738D136129B9F5BE4C492CB4948A93A89
9918011630 4432 36069 F13587BC89FE4882C7C889302511FFD738D136129B9F5BE4C492CB4948A93A89
9918019706 7099 24118 BBA5D896E6C12622B59A035995E6186532F6F7A69E6FFF4791E0D5D2E2608D4F
9918001325 34258 14182 F13587BC89FE4882C7C889302511FFD738D136129B9F5BE4C492CB4948A93A89
9918037419 35236 46908 F13587BC89FE4882C7C889302511FFD738D136129B9F5BE4C492CB4948A93A89
9918001383 64570 3529 F13587BC89FE4882C7C889302511FFD738D136129B9F5BE4C492CB4948A93A89
9918010015 40512 30824 F13587BC89FE4882C7C889302511FFD738D136129B9F5BE4C492CB4948A93A89
9918019310 16201 8121 83C4A9C3AD331C62232F857C4B06ACA703915546A412A086E8DC4A8D427D529E
9918037061 4393 44967 A83A085C178B324BAE2C6E0E456F74A7362B8AE3066D0E8727FA46EEC36ACAA3
9918038906 57204 36009 F13587BC89FE4882C7C889302511FFD738D136129B9F5BE4C492CB4948A93A89
9918002667 59498 40360 F13587BC89FE4882C7C889302511FFD738D136129B9F5BE4C492CB4948A93A89
9918010555 54263 33871 920CEFC676560E38CA9118BC86F34C442901E3C4820A6F4816949FBFB24CA2AA
9918017966 56670 26848 F13587BC89FE4882C7C889302511FFD738D136129B9F5BE4C492CB4948A93A89
9917978522 32695 35066 40B6242274C5E71BC0C4E2B363C17C616F465E16A11FDFE7B2FC75208197F907
9918016724 43063 11718 4FAFE58F71AAAE4D475475DC59D2D799362A35336BAE67676335667C12B4F8A3
9918036417 17196 25015 F13587BC89FE4882C7C889302511FFD738D136129B9F5BE4C492CB4948A93A89
9918036598 34582 7823 F13587BC89FE4882C7C889302511FFD738D136129B9F5BE4C492CB4948A93A89
9918003530 34650 24576 F13587BC89FE4882C7C889302511FFD738D136129B9F5BE4C492CB4948A93A89
9917978860 46172 40798 F13587BC89FE4882C7C889302511FFD738D136129B9F5BE4C492CB4948A93A89
9918002669 24274 28543 F13587BC89FE4882C7C889302511FFD738D136129B9F5BE4C492CB4948A93A89
9917976844 62925 65125 68A53C63E3F4A3109951B113DC9F2332D50AC02CADE54C1D60B1914EBDA7095A
9918010094 51527 13769 7C7A8455853BD6F85780089F1359AB7353A0C9061EDE80D8678552B3368F3848
9917976429 59138 35466 F13587BC89FE4882C7C889302511FFD738D136129B9F5BE4C492CB4948A93A89
9918000339 55981 21828 42D6A08F06ADE7E1D4BBB6BAFDE2C7D2473181005943B724EBFBEA2E64F7F3FD
9918016163 54655 63188 9FBB21678A8BA068F6A8146C99A463B99874049A2F00230C19318CEFA114BF42
9918011458 48085 17564 62E1FBC3EC389675155B8B56EC8C66BB84AC960FCD417392EDAF7CD40FD0AEC5
9918037059 9889 16201 71AD79C55B9C7F01A8450BE6EF602D8F9C33284B99F46EE7A4C65CA1698C0CD5
9917976327 13629 53222 E80AB283C170592E0B5720E0A3C3636A8CF5BB481E4DC57CBE0FFD5C1C730A68
9918037362 62313 9688 EF06ECF7452D1310E73062499D776C94649061296531E42ABC1CF80E21657216
9918036092 30328 40063 F13587BC89FE4882C7C889302511FFD738D136129B9F5BE4C492CB4948A93A89
9918018058 56707 24286 9FD6828856B0D0E33D338CB86E2EA8ECA9AEA37CA3B8206C3D97582E53FF4928
9918037996 53292 27532 F13587BC89FE4882C7C889302511FFD738D136129B9F5BE4C492CB4948A93A89
9918002946 48359 33493 34D249E705928D8E2AFC18C86466FD51DCE59030B0DB95B4DEA34BC98F00A22E
9918017628 24480 56962 F13587BC89FE4882C7C889302511FFD738D136129B9F5BE4C492CB4948A93A89
9917977532 29579 35031 64CF374133765F2B7DD22885F2D39B66C44711A6E1AEE789E9416B27190DF683
9918009891 64882 14725 F13587BC89FE4882C7C889302511FFD738D136129B9F5BE4C492CB4948A93A89
9917977966 51003 8626 6C60FA7F5BBABAA9FE534DEE07B4268E0C2474C3F0EE67697AB6B009663FCD1B
9918038227 53984 27543 F13587BC89FE4882C7C889302511FFD738D136129B9F5BE4C492CB4948A93A89
9917978353 52024 18865 F13587BC89FE4882C7C889302511FFD738D136129B9F5BE4C492CB4948A93A89
9918017539 44819 31919 A7AA8C2BFDDB7078B78F3956590AE6C495D4695F29F0A1520BBB66C3D1B1D94B
9918002643 24849 54826 35C7E03521476E9192242C14453EECB5B53D405B2DF050B1737DB4CA8801E57F
9918003212 64285 22436 85B9B73F27F9A91085F6614E7648E2A83355A2837E051A909E3024DF3A60F3B4
9918019125 37585 61838 63480792134C571D749A0AD3892505A9314952701F5638FD780B3D828B42EE23
9918009179 25059 48923 AC31A6A2B4E938AD243CAB87C77E240FD0ABA0B0D48585348E833877A1656F2F
9918000810 25180 13368 F13587BC89FE4882C7C889302511FFD738D136129B9F5BE4C492CB4948A93A89
9917977241 32319 55939 8CAEB10E4B7A5A08D4CF04840D255D5FDA44E7E7466F5C2E2A8C4C90CEA59443
9918000064 59970 41007 F13587BC89FE4882C7C889302511FFD738D136129B9F5BE4C492CB4948A93A89
9918010756 12889 18021 A137E52467EBE0FFB1A5D08828B213F29F69926FD86A0EB833E40830F4205625
9918018016 55432 531 F13587BC89FE4882C7C889302511FFD738D136129B9F5BE4C492CB4948A93A89
9918018554 403 21656 EC44FB968EC233ED77E5E428E16D7C79651DD0C1224CFF24A02DA69A5931C9D6
9918010185 35437 31168 6B9C08A3051848CA4AFB0BAFEAC99C6A708B5FBE03531EB39A32F753D4E4AB14
9918011410 56612 33446 F13587BC89FE4882C7C889302511FFD738D136129B9F5BE4C492CB4948A93A89
9918000502 44521 23381 F33AD61D307D9EC8A08C951A790779ABEA9BDE94F2E667454EF8E2614F06DD80
9918017522 38793 49721 350B296117D592237CE4B7FFA304016F746C66B4D43649044BD47B5E1302B303
9918018411 23164 15783 F13587BC89FE4882C7C889302511FFD738D136129B9F5BE4C492CB4948A93A89
9918002173 4239 13898 393888E84F05D6766E6559581E484EA4671A7746367AB007FD7379F262E534A9
9918000335 20135 40840 F50FBB8106C5DF4D2B6CC0B4C78F682ADFDA501E7FC90D8CB031A92E70753034
9918002938 7934 63815 F13587BC89FE4882C7C889302511FFD738D136129B9F5BE4C492CB4948A93A89
9918017188 39826 20698 F13587BC89FE4882C7C889302511FFD738D136129B9F5BE4C492CB4948A93A89
9917977415 55060 11683 F13587BC89FE4882C7C889302511FFD738D136129B9F5BE4C492CB4948A93A89
9918009987 28249 21359 331B70004A1FD7E95C64447A078E4DBC9542020035F19EC6122AC7B543D6BD6C
9918003341 21037 19724 1DE53F179D8900CE7CDE6E984F77E95F48C0E0D0048F9CCE4CC2A63942C40FCB
9918017422 39270 31899 F13587BC89FE4882C7C889302511FFD738D136129B9F5BE4C492CB4948A93A89
9917977157 31295 51424 BC9C23625EB6962B9E077E1B15DBA42DEDBC22DEA330E4FE4018B3AFEBA75DBD
9917979045 38465 53146 B4F6D7D34287DBEB6978D90B0A5714B0D92C1337F9D63D5DD05119A549864A36
9918016576 58066 5314 F13587BC89FE4882C7C889302511FFD738D136129B9F5BE4C492CB4948A93A89
9918001356 19111 1005 9D3C059472D2612991AB0B64BA20CAE44DE0736E38AE6463333E1A318DAFA3C2
9917977718 51462 21779 F13587BC89FE4882C7C889302511FFD738D136129B9F5BE4C492CB4948A93A89
9918002566 20433 35526 AB1AA38A06177BD343BB42773F905A8C25C4962A6481CD58915B3DBE97709765
9918002217 35904 14407 F13587BC89FE4882C7C889302511FFD738D136129B9F5BE4C492CB4948A93A89
9918036540 13349 39611 5966BF01405E6B47E87B803BADB2ED2F97DDAA8674EFEFDAEC76FB3C7C65057F
9918002064 21719 7626 3388DF70510373D4CBBA04004DAF4DDEEDB8AAB384FB814E385CFBA9C60D68FD
9918018182 43306 25779 F13587BC89FE4882C7C889302511FFD738D136129B9F5BE4C492CB4948A93A89
9917977149 12080 37437 F13587BC89FE4882C7C889302511FFD738D136129B9F5BE4C492CB4948A93A89
9918019934 35106 53219 F13587BC89FE4882C7C889302511FFD738D136129B9F5BE4C492CB4948A93A89
9918008710 18893 54740 13C57F5D4432C92A0178C93D9EE70FD94EDA3CA83D0E1C6A25D3DFB66626512C
9918000345 44672 1943 F13587BC89FE4882C7C889302511FFD738D136129B9F5BE4C492CB4948A93A89
9918011913 47940 11313 F13587BC89FE4882C7C889302511FFD738D136129B9F5BE4C492CB4948A93A89
9918002560 56983 59621 CC08E140FBBE9C51CABB3B903192A8B0675680A0D97A4339E468ECE0C64EDB3C
9918002961 29908 3490 F13587BC89FE4882C7C889302511FFD738D136129B9F5BE4C492CB4948A93A89
9918011877 10238 11508 F13587BC89FE4882C7C889302511FFD738D136129B9F5BE4C492CB4948A93A89
9917977686 11325 49248 F5A0E59D6EE6689CD5150F8F1F3E05843D678C4B0316A6CFF609DF2A85CC529A
9918003178 18424 20467 F13587BC89FE4882C7C889302511FFD738D136129B9F5BE4C492CB4948A93A89
9917977997 39844 37709 F13587BC89FE4882C7C889302511FFD738D136129B9F5BE4C492CB4948A93A89
9917978790 60025 62687 280961196C3C128E7986660C265864ED7A5DB78AC92FC86B7DD4688CBC011A7A
9918003792 17114 39029 F13587BC89FE4882C7C889302511FFD738D136129B9F5BE4C492CB4948A93A89
9918001072 53131 45755 2FEA6C47471D4F69B4CFBF2F41335692B7700BC89FB1E0A2D3826F07F8328A76
9918036459 35134 28139 F13587BC89FE4882C7C889302511FFD738D136129B9F5BE4C492CB4948A93A89
9917979244 57550 61794 F13587BC89FE4882C7C889302511FFD738D136129B9F5BE4C492CB4948A93A89
9918002825 20653 1619 844E82FAE1C08C2CB24C2EDE4676833511518E79D57EAC7828E04F4B4A34907D
9917978191 24124 31495 F13587BC89FE4882C7C889302511FFD738D136129B9F5BE4C492CB4948A93A89
9918017949 34178 58809 F13587BC89FE4882C7C889302511FFD738D136129B9F5BE4C492CB4948A93A89
9918008823 30675 6478 CE1F6D24231025179D7E3361B67C1DE3C0271C513A46EB75A7F12D36658CB0F1

Total of 0 tasks calculated error.
