Total of 100 tasks calculated correctly, accuracy 100.00% 
10266010282 14955 28199 45FEC46E2F543BA203DCB45EBA20B3371FCE8A8C21E6A28A79DB6510B58A2C83
10266011390 56765 22763 72E0E6B57F6E51640E878A6BBC2C02D229E5B0F64DA2803A8433320183F97508
10266036301 64522 63343 F13587BC89FE4882C7C889302511FFD738D136129B9F5BE4C492CB4948A93A89
10266007647 36021 44986 20BAAB91C95CE8D55652D7429BEBFE792E1F60697864633112ED0251428A9888
10266038034 31657 9189 84DFD0D617502F7CDE529F60806222E4DF305A0993DDF1DB3DCD3A9DD94068F5
10266007845 14887 39922 C88576A28374880240ED5636F4239984B42AF372A70C85CFDE68CD1427279D5C
10266038233 21894 55656 F13587BC89FE4882C7C889302511FFD738D136129B9F5BE4C492CB4948A93A89
10266038820 26425 4712 A111160A002ED0C4159715161784EF9C8881FE8DAE1A202A03EF31A4FD7CDB01
10266012335 59388 48611 F13587BC89FE4882C7C889302511FFD738D136129B9F5BE4C492CB4948A93A89
10266036785 30143 58834 5B261F60AEB69CA840CEE99DBABAAE1C7596BB8A0F7C7268C93D3CB156BC01AD
10266005681 15864 27589 F13587BC89FE4882C7C889302511FFD738D136129B9F5BE4C492CB4948A93A89
10266035948 10272 39179 F13587BC89FE4882C7C889302511FFD738D136129B9F5BE4C492CB4948A93A89
10266010156 63955 9426 0798C90822FE4793254552002ABF46AEEE2A2C717C015944008C45F9DCA70F63
10266014796 11899 3650 F19471B168A446D1562263B6AD8A84830F9E25E9A48E605FF24A990E124C8259
10266009083 47618 1921 F13587BC89FE4882C7C889302511FFD738D136129B9F5BE4C492CB4948A93A89
10266037322 40649 62760 C226D57D9038786E4A579D6B4B5AE001655A4237743A21D218E4211D254A8602
10266039136 34116 45592 F13587BC89FE4882C7C889302511FFD738D136129B9F5BE4C492CB4948A93A89
10266005885 43571 49113 CE4AA901467A1C0CC03064FCB47BB05E1AD0A658CACB30EDCFE29DA4BC97FCE0
10266009349 31141 13508 7830897E63A8861574874ED5F0C28958516B7B8547DE3C3D7476D49E5DC551A6
10266032250 62568 33662 F13587BC89FE4882C7C889302511FFD738D136129B9F5BE4C492CB4948A93A89
10266006649 61439 58262 3866EACD3FB7D85D5CCC624268EB89B3FE5A0E29F5C590CF557135B37647BC5E
10266008806 28889 20991 04BE5954F04A519134A1DBA392A393B441279992E1F3BFE52F6A3A325A440DD9
10266008822 25316 50413 F13587BC89FE4882C7C889302511FFD738D136129B9F5BE4C492CB4948A93A89
10266012148 4692 37157 F13587BC89FE4882C7C889302511FFD738D136129B9F5BE4C492CB4948A93A89
10266009355 56532 53526 F13587BC89FE4882C7C889302511FFD738D136129B9F5BE4C492CB4948A93A89
10266037829 21128 60777 F13587BC89FE4882C7C889302511FFD738D136129B9F5BE4C492CB4948A93A89
10266005567 19218 52925 F13587BC89FE4882C7C889302511FFD738D136129B9F5BE4C492CB4948A93A89
10266035690 30870 25195 F13587BC89FE4882C7C889302511FFD738D136129B9F5BE4C492CB4948A93A89
10266037582 63993 58093 79ADE92EE7D7F4F50FE21382B3FCC26C4200E37A25CA0B2790A4D082E77BB8C0
10266033629 61610 32364 F13587BC89FE4882C7C889302511FFD738D136129B9F5BE4C492CB4948A93A89
10266011956 14105 40147 5326E6615851CE3498D4677F563E52037D070FD9211A1B879A870B68AE5D2328
10266033873 45957 1717 65A1509A5F93B9A5635ADF6D99D070DDA3E7753FE42A01471DB448E44CA53808
10266007018 60261 29266 21FB87CD0D079495CF5FAE089130467CAECB7EF408C48FEDB6209035581E758C
10266034566 36016 25653 F13587BC89FE4882C7C889302511FFD738D136129B9F5BE4C492CB4948A93A89
10266004741 50123 674 C1FB3EC7C77F6694EEF22879670BBED6DA55F3D465DDFF1C5466D180CCA4AA59
10266015642 45719 28660 C337865655719A1EBBDCDEB15D09B2C3E3B3E636250B27534DC805A91121096D
10266009909 6373 24751 230F23F15F262C553FC2045558BD6578F1E0534DB7977CFA9F39F89E6806B1EB
10266034356 2923 14282 618FBDF801359C6B2891828AF0E041E116B63AD0D8FEEEB0B6943755A8B885F8
10266012819 29702 32070 F13587BC89FE4882C7C889302511FFD738D136129B9F5BE4C492CB4948A93A89
10266035477 64318 11478 F13587BC89FE4882C7C889302511FFD738D136129B9F5BE4C492CB4948A93A89
10266032480 23661 60519 1E64793F1350E297C6417064BAC713C359B247874D7FE69B2C3AA22A053B6F3E
10266010211 20705 43975 2F42B0D60727420CFD567C8D31EA5E3BDDEB550D4FF5A6A447C912FDA537E83F
10266006011 24495 15781 4300881A149C2914C5B22F1B59C49E17B0CA4A5F806238AA669A659F6F975943
10266033057 7460 22771 F13587BC89FE4882C7C889302511FFD738D136129B9F5BE4C492CB4948A93A89
10266004174 18806 49167 F13587BC89FE4882C7C889302511FFD738D136129B9F5BE4C492CB4948A93A89
10266005423 14306 25347 F13587BC89FE4882C7C889302511FFD738D136129B9F5BE4C492CB4948A93A89
10266037239 57178 57789 F13587BC89FE4882C7C889302511FFD738D136129B9F5BE4C492CB4948A93A89
10266033035 29430 1936 F13587BC89FE4882C7C889302511FFD738D136129B9F5BE4C492CB4948A93A89
10266038005 51959 20716 BF06FD888534A091286BA37E53FD5DF7E4D8A534208A8F714F604CF36A820015
10266033336 44062 56535 F13587BC89FE4882C7C889302511FFD738D136129B9F5BE4C492CB4948A93A89
10266014067 19363 42233 31C31DD525823B808C004F7C05F7DFAF8E6698534FAA37633D3D6983419C0A5F
10266033081 29314 58301 F13587BC89FE4882C7C889302511FFD738D136129B9F5BE4C492CB4948A93A89
10266037179 57387 40839 22A2058DD7C3D25DCBD4BBA8435925D20C706B4F6ECD8CCF950BD81D9C58A8C5
10266009651 63779 40959 ADBA7319C2A6E49B9A179B9B2BFEA3B2AF6B51D9014164E4DC3B06811A94F86E
10266007539 52694 28761 F13587BC89FE4882C7C889302511FFD738D136129B9F5BE4C492CB4948A93A89
10266012292 22633 43798 3981441A8E94402CCE6CDB4CC8198DB5D5959103EEBD7C7E96CEED11A794B856
10266015496 39705 31422 DF15985DDDDB7E03A33C5BD2FAFCC3FDEC159C11688B215BABC44CDFD09F3CE2
10266038677 26443 59698 2DBDA5BD7987D3C3749EA1F1597B948EA20F8A30D8427886B81B3163443DE0BA
10266014378 58153 19961 AFF7EE8327D3E741EC8A7493ADB3C0B870B7844DEAE0A168178A2054170D56D3
10266034292 15986 20720 F13587BC89FE4882C7C889302511FFD738D136129B9F5BE4C492CB4948A93A89
10266008269 39664 2312 F13587BC89FE4882C7C889302511FFD738D136129B9F5BE4C492CB4948A93A89
10266009569 10867 41285 F8A53B757C993ABB177FAC0C8DB5501F5A73A6D1A7C2D4F9A964D28BDA25AF6A
10266015128 47648 58968 F13587BC89FE4882C7C889302511FFD738D136129B9F5BE4C492CB4948A93A89
10266013160 39973 50510 DF9548A03F92F2C625D8C55D10B8DAF3982C0232F50B34C4984F8C497D0A5FB6
10266036429 12228 33628 F13587BC89FE4882C7C889302511FFD738D136129B9F5BE4C492CB4948A93A89
10266007295 36889 41558 1F062B8F761517DAAAB4A59655E1D7DBB16A3D5C10911B28D6856ED52F483298
10266009737 36537 47367 C45BB1BC5B0BF533C5E06B517528F7B65340F0500E3E862AB12656EC91D84054
10266012448 9534 56623 F13587BC89FE4882C7C889302511FFD738D136129B9F5BE4C492CB4948A93A89
10266010267 22946 35897 F13587BC89FE4882C7C889302511FFD738D136129B9F5BE4C492CB4948A93A89
10266038555 10682 42959 F13587BC89FE4882C7C889302511FFD738D136129B9F5BE4C492CB4948A93A89
10266034601 34206 26625 F13587BC89FE4882C7C889302511FFD738D136129B9F5BE4C492CB4948A93A89
10266033290 14683 42030 F7D420657BC1C4021C3FD2D63F4C04C959096D5FFA520A7E8B7E5389900C6B7E
10266034741 10621 28852 9335571F5AB2A55F94A60284110ED911A2C9E5F59DCCAC0AD37E3270B9B675CB
10266006098 56068 11617 F13587BC89FE4882C7C889302511FFD738D136129B9F5BE4C492CB4948A93A89
10266015247 41709 56566 D4D35A97CDE7B4C6067E434B2C86156FA193790385A793C20935C618B313ABB9
10266038718 58091 61088 B394C6D0BB147C0770B65107C34352F6DD42DF28640AA1441B970C49F144BEC3
10266032087 4741 17660 CB3463CCF8F7455054A4AD7E07535EF76D10AC23C62E505E68A186A01C1578BD
10266015039 29061 61646 62926E0706A2F20444177C0C595E482142FC972FC2BC661ED19C19B298BD71FA
10266008808 9671 65004 5F48B373ED3C4F9D63267052D0B899BA1BA74ACE3E89F1BF376DA3AC97653516
10266038952 11567 48197 35CF0EB64D4AC7E95BD42861A61D6374F116A787350400B61DA9B52E85986446
10266036677 42760 30456 F13587BC89FE4882C7C889302511FFD738D136129B9F5BE4C492CB4948A93A89
10266034967 35203 26171 D8C25465E9FF8710424D234E4D37A95D574094D9E9324C475E8ED5B047C6ADAF
10266007131 27594 44448 F13587BC89FE4882C7C889302511FFD738D136129B9F5BE4C492CB4948A93A89
10266015591 22995 62767 4C66D8DA51C4E863A05DE07363525AF020244D4FDC93262AF20B459DCAD32337
10266011910 46370 63071 F13587BC89FE4882C7C889302511FFD738D136129B9F5BE4C492CB4948A93A89
10266011067 50187 15590 5064E5B149C26C17C76FFBEF6B62528C764784A984E5F505C692DFF33C83ACED
10266036076 62633 55937 474D43E3B323D99F89FCB9701EF99A27F407BC4A7F62A497A909D62AA300FD4C
10266008906 44478 46410 F13587BC89FE4882C7C889302511FFD738D136129B9F5BE4C492CB4948A93A89
10266004020 49556 2199 F13587BC89FE4882C7C889302511FFD738D136129B9F5BE4C492CB4948A93A89
10266014343 56205 13286 AA9E9C9507812C40AE86181502763A1D2582EC3BBBD70452BBE35B09681C1A9D
10266010206 21333 13512 82D5D78F0359DCDC6D33D6EC8422CECF5576B04126588375461389A46702B1CC
10266032502 14869 39093 F1674C5773F9FD89E385A94135B47414100163C177EE023D6D54233497D95283
10266033965 57090 19743 F13587BC89FE4882C7C889302511FFD738D136129B9F5BE4C492CB4948A93A89
10266010419 43644 35684 F13587BC89FE4882C7C889302511FFD738D136129B9F5BE4C492CB4948A93A89
10266004949 61340 4542 F13587BC89FE4882C7C889302511FFD738D136129B9F5BE4C492CB4948A93A89
10266008485 11364 23981 F13587BC89FE4882C7C889302511FFD738D136129B9F5BE4C492CB4948A93A89
10266015156 10507 30978 8088EADBFE45CFFA5232D00FCD959F4FBC1F9A2E2112B2952A9BEEEF9FF345F8
10266032068 45072 45850 F13587BC89FE4882C7C889302511FFD738D136129B9F5BE4C492CB4948A93A89
10266015504 59594 53230 F13587BC89FE4882C7C889302511FFD738D136129B9F5BE4C492CB4948A93A89
10266032782 42485 46969 7AE8EC40AB8DCE1A1E123A3BEA5DABB83B137B5489CEC8C8C6100BBD4686C15E

Total of 0 tasks calculated error.
