Total of 100 tasks calculated correctly, accuracy 100.00% 
1218044549 57314 58270 F13587BC89FE4882C7C889302511FFD738D136129B9F5BE4C492CB4948A93A89
1218013339 37960 588 F13587BC89FE4882C7C889302511FFD738D136129B9F5BE4C492CB4948A93A89
1218024834 1809 56458 42503A190ACA9884D3FE9893D48C031677385D29D26ED5595FEB1D3E60B25516
1218051844 52386 44130 F13587BC89FE4882C7C889302511FFD738D136129B9F5BE4C492CB4948A93A89
1218014154 62764 31492 F13587BC89FE4882C7C889302511FFD738D136129B9F5BE4C492CB4948A93A89
1218025538 29455 51597 421F060DB73E3AF06EF9C21EEE5A34D26FBF8B71E44B378294508B954927732E
1218049986 17554 59911 F13587BC89FE4882C7C889302511FFD738D136129B9F5BE4C492CB4948A93A89
1218044483 60180 6574 F13587BC89FE4882C7C889302511FFD738D136129B9F5BE4C492CB4948A93A89
1218026076 24394 62241 F13587BC89FE4882C7C889302511FFD738D136129B9F5BE4C492CB4948A93A89
1218050607 13911 54735 3C4695FC42441AA377708FC4C245C79E0BBC49BBCF591F77E3EBBE52A6901E3A
1218044666 53022 35108 F13587BC89FE4882C7C889302511FFD738D136129B9F5BE4C492CB4948A93A89
1218049319 60339 19339 E2ADAE35741FAB81AA45625CB0473432E504993CA20E87DFD481AEB47322F64B
1218049397 32849 67 24997B99E8A42BCC110CE94C16CD5E04D99D370A0566271F1258D6503A13903E
1218009602 31117 52242 21D1BD73C01AB0873DC156947B4ABBE4234C33E1600A70384BA57F3314F026CD
1218045806 2673 29268 198802C627EC3C0A56B926F9201D202182B36CC9FBF47DF41724CE9C42A716E9
1218011314 6845 15308 502F9C659AFB56C0BB5D033491E0E7EC30BF31ECE2326D6C66FEF13A28994684
1218014331 22947 18134 F56639AC134619A75B1EA6F62EDF0E6E40C793ACF924FD21A59597FEF3E40033
1218051829 7165 4890 A0B895F86B77509FF11D5E615A6C894D2CD16D75BC88418894AA825778E3D03E
1218025654 47402 40874 F13587BC89FE4882C7C889302511FFD738D136129B9F5BE4C492CB4948A93A89
1218044901 24375 49227 955FAD728AB27BB84213A8D3BFF47DFA82B1C33A704ADA8155E5018BF68B9461
1218014275 53342 24022 F13587BC89FE4882C7C889302511FFD738D136129B9F5BE4C492CB4948A93A89
1218048955 46468 33549 F13587BC89FE4882C7C889302511FFD738D136129B9F5BE4C492CB4948A93A89
1218008007 23456 51684 F13587BC89FE4882C7C889302511FFD738D136129B9F5BE4C492CB4948A93A89
1218050105 56517 65083 3D80F747FB892079C4CA0AE7DB9130303EE975412048C53ED20F17AC8C5E1A76
1218009736 16272 47861 F13587BC89FE4882C7C889302511FFD738D136129B9F5BE4C492CB4948A93A89
1218049415 25036 10598 F13587BC89FE4882C7C889302511FFD738D136129B9F5BE4C492CB4948A93A89
1218049564 53804 32421 F13587BC89FE4882C7C889302511FFD738D136129B9F5BE4C492CB4948A93A89
1218015204 8534 8836 F13587BC89FE4882C7C889302511FFD738D136129B9F5BE4C492CB4948A93A89
1218051982 41435 25981 87B9154B77B6138173D367E7551D74FD0421A896C22CE570306F27396C20D746
1218046649 23710 37742 F13587BC89FE4882C7C889302511FFD738D136129B9F5BE4C492CB4948A93A89
1218045555 35216 28826 F13587BC89FE4882C7C889302511FFD738D136129B9F5BE4C492CB4948A93A89
1218025362 15391 15077 A260C9BA18224C749BDF55F77163C598B3D857D8638D08126A8A5EF9F83A5BE0
1218012607 10635 42060 10CBA03832A8CAC5B0EE3542E9D73CFE26C276F012D9A93A1DABD616C85D67B2
1218008258 57756 21240 F13587BC89FE4882C7C889302511FFD738D136129B9F5BE4C492CB4948A93A89
1218044396 20212 26646 F13587BC89FE4882C7C889302511FFD738D136129B9F5BE4C492CB4948A93A89
1218048643 36805 26129 33CC04854EEDAA7C71C7BAD44C84224EAD56D32531B72EBFA0CB8438B0F90E58
1218008198 64630 20469 F13587BC89FE4882C7C889302511FFD738D136129B9F5BE4C492CB4948A93A89
1218025860 64558 41282 F13587BC89FE4882C7C889302511FFD738D136129B9F5BE4C492CB4948A93A89
1218048793 62746 63512 F13587BC89FE4882C7C889302511FFD738D136129B9F5BE4C492CB4948A93A89
1218008144 44853 1162 1B6F03E397C75329E81FB13C377D85C939EE304FCCE4AD77DD51ECED5E27059F
1218050683 46447 45765 962329D9CA9E9A19A723D592C815E82927986DCD6188254A2A96D1F612D2615D
1218044708 5409 57124 822AF29399C4F69D620753AF1020FB91EDCB886457CEE9B62009D1FEC7C876A4
1218010517 25235 37282 873A0B2D0CAD130DD46DFF041EA07CD9C70BE06207B6F65B7F23A116B5D7E02A
1218010607 41561 13094 1E98967C6338AEDBD3C6920A1BFB239371862DA584A6508FBCBB6E680278565B
1218046105 35783 60768 8F654377711373EF3CCCCFEC0CAF33A3AED014E86D4963A07D14B85E34DA9750
1218025167 14289 33855 A77E7962E58D444549A64F14BF4EBF970A02E52C169A2AD7BAFBB114517B1240
1218048101 46304 29122 F13587BC89FE4882C7C889302511FFD738D136129B9F5BE4C492CB4948A93A89
1218011748 9003 55747 37D8469CA9D6DBDCE1C3430D49D83ADE09904AB1BC82393DB3C37133B4D46C01
1218010628 18343 40717 5FE0BDD44F094C74EE31F6BBD26DBFF884B17509F5918614DF106137449A7215
1218008634 44819 35977 DD6D2E14222732810BE04DDB7DFD6CD48A4D87381B1C0160F0F689689A6736C8
1218013875 28583 18096 9829D7F15BC1EFD9B28FBADBEC0D6DA3EA453923F0C67E7D13D690F71E58A5C0
1218009598 60696 5974 F13587BC89FE4882C7C889302511FFD738D136129B9F5BE4C492CB4948A93A89
1218012578 13139 34344 8A3F151386B4AB588ECFDD0E766511E4CDF09E18CB89517459F36C70CAF0FC7A
1218049390 16640 16448 F13587BC89FE4882C7C889302511FFD738D136129B9F5BE4C492CB4948A93A89
1218046862 33907 40666 71FEE9338CFA377EAAFB7D45ED9F83F8FD369D6A3DDF37548F0F6ADEA7D3848B
1218044455 57032 50962 F13587BC89FE4882C7C889302511FFD738D136129B9F5BE4C492CB4948A93A89
1218048130 21123 38489 10DB2E2C5FD3A2BB9B1DFFEDC6C2AC501B39F4C9259886468D92D8D3A9D0F006
1218014520 63882 8959 F13587BC89FE4882C7C889302511FFD738D136129B9F5BE4C492CB4948A93A89
1218046331 13037 24959 6C8A7E767D387F88645A92F0A8AE5CF3C5CF224293FDF6E8890E1304510E862D
1218050488 42132 9017 F13587BC89FE4882C7C889302511FFD738D136129B9F5BE4C492CB4948A93A89
1218013959 15077 45862 3BBED2098088F5B6E62E8BFE8486DE08331DCC30F7AC13DE94AAB527A2B7A891
1218014946 11113 12691 063B1F99DCCA439AF4594D11F668ACEAEB94A43B97FE40CCB6DE3CC48C868F91
1218015670 4907 60564 C1B7E483D6F1AA0C3EAF84339CB5DE592986F76E174CCF2FC6E3309324232E09
1218008581 60650 16454 F13587BC89FE4882C7C889302511FFD738D136129B9F5BE4C492CB4948A93A89
1218045861 10796 31407 F13587BC89FE4882C7C889302511FFD738D136129B9F5BE4C492CB4948A93A89
1218024838 51271 18987 2630A2AE4325A3BBFE54D7B106F21D40927299C2B4D04BDB78C9875D024B5269
1218046391 12572 48170 F13587BC89FE4882C7C889302511FFD738D136129B9F5BE4C492CB4948A93A89
1218015894 4235 45389 234F53D761F2D3E27A57D4872B47107063A7AA8C8FD3D32462B9B7C5CF95BED0
1218024649 11528 62799 F13587BC89FE4882C7C889302511FFD738D136129B9F5BE4C492CB4948A93A89
1218046676 1257 13127 D3E91E4B7DDE8B91FF5FC6D081D2829C7AFDB576B5867FC69B5690F96368E4D8
1218009631 26924 223 F13587BC89FE4882C7C889302511FFD738D136129B9F5BE4C492CB4948A93A89
1218026950 22967 15293 15F6D60E6FF46546B93D9F6F52A743BCAE802A201AB7522560098F18BC95742A
1218015275 8091 58646 E61A88ABF77FCE6D3AF50706F9C9C87B3058DF4FE51DA2DC8EC786DECCFE5E12
1218013028 32797 22373 A837E575A2EFB8FEF0D652EB647B5D81B1EB1C96875D9D5CCA9DDD7A29AC38D6
1218026499 20470 53176 F13587BC89FE4882C7C889302511FFD738D136129B9F5BE4C492CB4948A93A89
1218010369 4930 35326 F13587BC89FE4882C7C889302511FFD738D136129B9F5BE4C492CB4948A93A89
1218050244 54482 63068 F13587BC89FE4882C7C889302511FFD738D136129B9F5BE4C492CB4948A93A89
1218045198 6748 22168 F13587BC89FE4882C7C889302511FFD738D136129B9F5BE4C492CB4948A93A89
1218051679 60515 22569 2228F7EB7E64A7C570699FE61F503A4A7DDE9F90DF103F8045D977989A0F1B2F
1218009739 36275 48272 D10A38ED395C0CFC39198B11217AB48017FBCB2FE30D2D39E4375FC20BE66F1C
1218026069 58740 4070 F13587BC89FE4882C7C889302511FFD738D136129B9F5BE4C492CB4948A93A89
1218013406 8162 44708 F13587BC89FE4882C7C889302511FFD738D136129B9F5BE4C492CB4948A93A89
1218044636 43109 53336 BF5980114BC135237A9FA9919C1BDB6964A0912A47194A24D3C8834AE7939C6A
1218045616 35221 48424 797CF5358792144323DBAD6FF03C1BFDFEB3567FA1E6CAE5FBB9156D67C9B2FA
1218012477 17688 8434 F13587BC89FE4882C7C889302511FFD738D136129B9F5BE4C492CB4948A93A89
1218050950 62352 2935 F13587BC89FE4882C7C889302511FFD738D136129B9F5BE4C492CB4948A93A89
1218045391 33860 60253 F13587BC89FE4882C7C889302511FFD738D136129B9F5BE4C492CB4948A93A89
1218049005 60973 31122 7A3ECEFA643D78CE8D2B14FD8CF73E3317DBD9ED4EC0AE695351F98BCF0B70F0
1218050309 52167 19827 D21ECB853F1F2AA0C8857B5567A5E0A80ABB8C434786D4C23BCFA7E0E03E86D2
1218024137 44804 64676 F13587BC89FE4882C7C889302511FFD738D136129B9F5BE4C492CB4948A93A89
1218048158 45652 21302 F13587BC89FE4882C7C889302511FFD738D136129B9F5BE4C492CB4948A93A89
1218012713 1321 14054 C343A38E266A592F97DCD467F7A1B9D824227BC6081EE4AEE9659185D7DE8181
1218015638 52838 1742 F13587BC89FE4882C7C889302511FFD738D136129B9F5BE4C492CB4948A93A89
1218026849 15856 58174 F13587BC89FE4882C7C889302511FFD738D136129B9F5BE4C492CB4948A93A89
1218008211 57421 43278 0B35686C2EADDF919D10D0ED490C9D30B1ABC954AD8D0086FE1AB5249FBBB98E
1218010599 59340 36315 F13587BC89FE4882C7C889302511FFD738D136129B9F5BE4C492CB4948A93A89
1218050291 17418 49222 F13587BC89FE4882C7C889302511FFD738D136129B9F5BE4C492CB4948A93A89
1218050333 18696 29643 F13587BC89FE4882C7C889302511FFD738D136129B9F5BE4C492CB4948A93A89
1218044520 19017 53191 A5C700D71EAFFD5368334E7A8B830B09FA420634C7044F9484524FB0F46005DD
1218045859 2384 36979 F13587BC89FE4882C7C889302511FFD738D136129B9F5BE4C492CB4948A93A89

Total of 0 tasks calculated error.
