Total of 100 tasks calculated correctly, accuracy 100.00% 
113385489 35996 19094 7C20F6CF1A09EEE4F40FE6F70B0F070213E4AE0B9599CF6348B0EAC781225457
118170048 44838 29910 7C20F6CF1A09EEE4F40FE6F70B0F070213E4AE0B9599CF6348B0EAC781225457
108638491 12179 62756 545E9FFFEA81B0E690FE88E35AF6665D228EADE407F365407DF98EAEC3DE1437
116272284 15778 46142 7C20F6CF1A09EEE4F40FE6F70B0F070213E4AE0B9599CF6348B0EAC781225457
119872784 43468 5096 7C20F6CF1A09EEE4F40FE6F70B0F070213E4AE0B9599CF6348B0EAC781225457
117206800 36910 33472 7C20F6CF1A09EEE4F40FE6F70B0F070213E4AE0B9599CF6348B0EAC781225457
116539021 37932 52455 7C20F6CF1A09EEE4F40FE6F70B0F070213E4AE0B9599CF6348B0EAC781225457
109251106 14687 55763 2C68A9EA694E90BC8349AE544E622B90BC7C6F8AD53BF49648F844FE7B5DC91D
112384717 62077 45840 7B27875CE3347D6F28AEDB02FCACC16AC5FC181C232E2C3E7B476D5279222B8F
119086854 9391 53539 7B42356074292B6F93EFA94145180A3ECF25699C69E375BBB4C6ACCFC226373A
111183222 17737 12537 01032E037E43FC308340A9569319DAAEC69D1C61E907DC791338FD7F37F9DC1C
116973148 23116 36829 7C20F6CF1A09EEE4F40FE6F70B0F070213E4AE0B9599CF6348B0EAC781225457
119490748 44062 7517 7C20F6CF1A09EEE4F40FE6F70B0F070213E4AE0B9599CF6348B0EAC781225457
118960876 36724 10124 7C20F6CF1A09EEE4F40FE6F70B0F070213E4AE0B9599CF6348B0EAC781225457
108799583 21888 39597 7C20F6CF1A09EEE4F40FE6F70B0F070213E4AE0B9599CF6348B0EAC781225457
115153606 13612 9452 7C20F6CF1A09EEE4F40FE6F70B0F070213E4AE0B9599CF6348B0EAC781225457
114698178 4078 4910 7C20F6CF1A09EEE4F40FE6F70B0F070213E4AE0B9599CF6348B0EAC781225457
118867419 59590 40122 7C20F6CF1A09EEE4F40FE6F70B0F070213E4AE0B9599CF6348B0EAC781225457
119933806 42995 48481 84F0E41AF11A79E23A0033465A4CE742AF3DBD649EB316B9D4111F374A2FFFB2
113890329 63340 5709 7C20F6CF1A09EEE4F40FE6F70B0F070213E4AE0B9599CF6348B0EAC781225457
116976849 61425 1685 76E0BCA10AD9399CD6599771E4D329B2922EC0FAE6500D9FD6A37C1A5ADD3217
110875553 14549 9600 007DE94C81733EA7831658A0A7EE39BD6012B00F946F6C7AFF52D7AA9026A067
118804401 55900 14969 7C20F6CF1A09EEE4F40FE6F70B0F070213E4AE0B9599CF6348B0EAC781225457
111676077 27523 64277 765E4B4483C99225C13D2F1A21DA6F16203C0F7A2FA1568686129D40E8F400D9
108736722 34069 5678 B2C11CBAD3EFAB9C63017BE96A263E6E13DC9805B03FC9F2A85A2A55F3C0C466
120152087 36986 29396 7C20F6CF1A09EEE4F40FE6F70B0F070213E4AE0B9599CF6348B0EAC781225457
116718694 45003 3291 D09B1E474E45EF346E2761646BDB0AEF32AE2EA77C174D3F68AB0AF974E2B49C
118661831 5626 8059 7C20F6CF1A09EEE4F40FE6F70B0F070213E4AE0B9599CF6348B0EAC781225457
114799545 39858 41269 7C20F6CF1A09EEE4F40FE6F70B0F070213E4AE0B9599CF6348B0EAC781225457
113762479 49456 2756 7C20F6CF1A09EEE4F40FE6F70B0F070213E4AE0B9599CF6348B0EAC781225457
115300077 25714 58649 7C20F6CF1A09EEE4F40FE6F70B0F070213E4AE0B9599CF6348B0EAC781225457
114968352 37529 13296 ED2DC5EC09954E62AA2E6FAC52EB25B188427CAF37ACCF1EAE2ACA86EF66FCD5
111784993 58582 48772 7C20F6CF1A09EEE4F40FE6F70B0F070213E4AE0B9599CF6348B0EAC781225457
113727688 15483 28143 790E18157AB98E3600A4DCB1286D81D6B646A083D8AC543D192297B057C28311
110200068 846 34760 7C20F6CF1A09EEE4F40FE6F70B0F070213E4AE0B9599CF6348B0EAC781225457
118505202 9963 36219 DE3ADAFE23586FA2CA04CA5859B6F3A1DBBA0F881076840754F20869F7A0DA81
118034752 9661 260 E1CF10B9ECE548DB0F8CDC949035D94A19066AEBBF92AC95054C68FC81A414E4
114386754 2490 62739 7C20F6CF1A09EEE4F40FE6F70B0F070213E4AE0B9599CF6348B0EAC781225457
114920186 20978 59921 7C20F6CF1A09EEE4F40FE6F70B0F070213E4AE0B9599CF6348B0EAC781225457
109594577 42054 53566 7C20F6CF1A09EEE4F40FE6F70B0F070213E4AE0B9599CF6348B0EAC781225457
111774493 44876 35307 7C20F6CF1A09EEE4F40FE6F70B0F070213E4AE0B9599CF6348B0EAC781225457
118639528 65246 3192 7C20F6CF1A09EEE4F40FE6F70B0F070213E4AE0B9599CF6348B0EAC781225457
117391591 63376 554 7C20F6CF1A09EEE4F40FE6F70B0F070213E4AE0B9599CF6348B0EAC781225457
111985302 45992 47863 7C20F6CF1A09EEE4F40FE6F70B0F070213E4AE0B9599CF6348B0EAC781225457
117117042 9041 42173 439F1C25C071F74300B334B1857450948D4EAAE27B22DAA9EE6E2417FAC971CE
109480342 35818 62497 7C20F6CF1A09EEE4F40FE6F70B0F070213E4AE0B9599CF6348B0EAC781225457
117886317 27880 52488 7C20F6CF1A09EEE4F40FE6F70B0F070213E4AE0B9599CF6348B0EAC781225457
116675696 5359 30294 F986C7F28EE068675D18F1BDD0C574C00BCFCFFE5B5634243B3B3515DF020F5B
119265099 61312 54767 7C20F6CF1A09EEE4F40FE6F70B0F070213E4AE0B9599CF6348B0EAC781225457
120034718 39152 64428 7C20F6CF1A09EEE4F40FE6F70B0F070213E4AE0B9599CF6348B0EAC781225457
114349105 4440 44066 7C20F6CF1A09EEE4F40FE6F70B0F070213E4AE0B9599CF6348B0EAC781225457
118131510 30064 46626 7C20F6CF1A09EEE4F40FE6F70B0F070213E4AE0B9599CF6348B0EAC781225457
112081956 24253 61823 D278D062B6E35991A03AF13372F5C11715CFB530FC85E412B26F8F90635E221D
118568732 7675 1562 8ABB20CB8901745828BACAA5949C7C9473F18173B926EA91AFFB88BB70986310
114491478 22457 43421 8FB2ED79DE4E5C8620809A6CB0A8D435740F41C2B35A2A13632B2267B7BCEA47
115878355 21354 20797 7C20F6CF1A09EEE4F40FE6F70B0F070213E4AE0B9599CF6348B0EAC781225457
119562836 6036 10481 7C20F6CF1A09EEE4F40FE6F70B0F070213E4AE0B9599CF6348B0EAC781225457
117066868 30407 33477 A6158A8F3D78751F6E472F3262A40F918DFB6B40E96DA8EA593B8D84A44E0343
113632833 6964 47953 7C20F6CF1A09EEE4F40FE6F70B0F070213E4AE0B9599CF6348B0EAC781225457
109950219 19196 28078 7C20F6CF1A09EEE4F40FE6F70B0F070213E4AE0B9599CF6348B0EAC781225457
112975396 28444 20763 7C20F6CF1A09EEE4F40FE6F70B0F070213E4AE0B9599CF6348B0EAC781225457
115596919 35769 15274 A0DB29EDF9A1720B21056D7210D50C0E06F1E807E9FC93DF810D0C4F31883FC8
116456829 54787 41539 720C14A5A9178A3A81B3845E6BD83A7DA1C91088B7D971343EFCD8C10CEF0DCE
113634168 49641 34603 0B3F8404ED5562BFA88764DAA4AA34D9413ECEF89D21C3D93FDA8A9B6D8920DC
113470127 36380 8327 7C20F6CF1A09EEE4F40FE6F70B0F070213E4AE0B9599CF6348B0EAC781225457
119763150 9678 25500 7C20F6CF1A09EEE4F40FE6F70B0F070213E4AE0B9599CF6348B0EAC781225457
114871895 30298 65182 7C20F6CF1A09EEE4F40FE6F70B0F070213E4AE0B9599CF6348B0EAC781225457
113748358 9704 57493 7C20F6CF1A09EEE4F40FE6F70B0F070213E4AE0B9599CF6348B0EAC781225457
116579483 27618 7631 7C20F6CF1A09EEE4F40FE6F70B0F070213E4AE0B9599CF6348B0EAC781225457
112978869 17403 49693 0378F3E764E70A4FD57A5EF21C8E471B75AF2C39E7E2C54C012C24BCD8E6D32B
108942490 42435 1543 9C6D5839AE72A2BFBDB8BD56FC32F75DE3A00191F4751429E5480210A03AD7D1
116735646 60188 42923 7C20F6CF1A09EEE4F40FE6F70B0F070213E4AE0B9599CF6348B0EAC781225457
118299724 30757 12456 82521C8B632C0D9913749762AD4BE766BCE585BF26FFE2A7F6E09DBBAD85597B
110921295 19458 16349 7C20F6CF1A09EEE4F40FE6F70B0F070213E4AE0B9599CF6348B0EAC781225457
109565168 33557 18659 BD9BC8C1D61595A36C3436DB67570D7BCBD264BAF158C2462F9F488E015E950F
120129567 26479 29009 C43AB0078CF4CB084FD8D61A421E6459C94313531AEED12D79CB23AC63A8332B
108935133 65441 63934 B4FC79E2C974F72BE8912B2B891E7B9D9377835B771A04A31BC21732F304213C
116041476 32198 49518 7C20F6CF1A09EEE4F40FE6F70B0F070213E4AE0B9599CF6348B0EAC781225457
116941818 4870 10796 7C20F6CF1A09EEE4F40FE6F70B0F070213E4AE0B9599CF6348B0EAC781225457
110780607 26937 27107 541F1CA62F58A7347790653FD1324BDAC96807DD6BEDA3E458EA14F6BA7D1525
113404526 52290 60708 7C20F6CF1A09EEE4F40FE6F70B0F070213E4AE0B9599CF6348B0EAC781225457
118478201 47845 52005 BDC807D7A5209D92065E2DB630CC7C55EBCDA5AA2E130B917BFFA6621FBA3677
114280308 42550 26353 7C20F6CF1A09EEE4F40FE6F70B0F070213E4AE0B9599CF6348B0EAC781225457
119351663 48270 29294 7C20F6CF1A09EEE4F40FE6F70B0F070213E4AE0B9599CF6348B0EAC781225457
111804743 14093 41555 633DF79F5FE5718BB9BDBD8BD596205AE59167F66B89159CA84A6B87F9F12279
119886380 2443 23629 A41B98BE79CA35FB4B05856309EED5F541228FC2D4158B66C9365EBC1231ACD5
118527429 36798 23548 7C20F6CF1A09EEE4F40FE6F70B0F070213E4AE0B9599CF6348B0EAC781225457
118809640 20783 51940 9A6D7F3BB5AE2DBEF91484D0A02BF967BB545A34D059461B0D826397E140840F
116010000 14557 34815 E00B47F872ACBB402178ADB9EAF56C1068BF13B73A52453DA7DFFF6F99B46FC7
119651043 7460 29150 7C20F6CF1A09EEE4F40FE6F70B0F070213E4AE0B9599CF6348B0EAC781225457
112809308 2992 37761 7C20F6CF1A09EEE4F40FE6F70B0F070213E4AE0B9599CF6348B0EAC781225457
116468472 47964 33863 7C20F6CF1A09EEE4F40FE6F70B0F070213E4AE0B9599CF6348B0EAC781225457
113019825 35106 9717 7C20F6CF1A09EEE4F40FE6F70B0F070213E4AE0B9599CF6348B0EAC781225457
116292191 12517 41530 61CE72FFB49A82F3D2CA3FDF99562E5368BCA521718971467E4C7AF2BA7F0C33
109198808 36843 18622 A7362DCA17E891C2327CE9A7FF171A78F9BD4B009E60FD795E3EC2BFD3018455
112321509 57217 23442 6390ACEA5E88CBD9276EC6C32C623A2FE047A4820ADB41DE9FA416E9125D5D1A
116191603 2563 31499 B17EF98B0FE8776BBF1F9A702DBD38FE423C28268344BAE520B6F1464BD0C1FB
110379571 8853 53493 C6D26929D2F37946FAE9A256ECBF7471C50A269F6B0FF1001832C239DAC1C04F
116518371 53992 54209 7C20F6CF1A09EEE4F40FE6F70B0F070213E4AE0B9599CF6348B0EAC781225457
116161332 17812 25452 7C20F6CF1A09EEE4F40FE6F70B0F070213E4AE0B9599CF6348B0EAC781225457

Total of 0 tasks calculated error.
