Total of 100 tasks calculated correctly, accuracy 100.00% 
1255437889 63200 61559 7C20F6CF1A09EEE4F40FE6F70B0F070213E4AE0B9599CF6348B0EAC781225457
1251270676 57424 50943 7C20F6CF1A09EEE4F40FE6F70B0F070213E4AE0B9599CF6348B0EAC781225457
1252439129 28288 1338 7C20F6CF1A09EEE4F40FE6F70B0F070213E4AE0B9599CF6348B0EAC781225457
1252899363 15069 26099 C91B6EE02A98DBD850A73B560786438044CD31AA608066F22C906D7FB698CBCD
1249457475 1626 30412 7C20F6CF1A09EEE4F40FE6F70B0F070213E4AE0B9599CF6348B0EAC781225457
1248594355 37132 8277 7C20F6CF1A09EEE4F40FE6F70B0F070213E4AE0B9599CF6348B0EAC781225457
1256523855 55346 36687 7C20F6CF1A09EEE4F40FE6F70B0F070213E4AE0B9599CF6348B0EAC781225457
1254853699 35755 46199 BB002D856622BCAFAABE774DD19816F7C62ACC9ACED93EE584684611C1840D56
1251780360 1266 57119 7C20F6CF1A09EEE4F40FE6F70B0F070213E4AE0B9599CF6348B0EAC781225457
1252922725 33806 53295 7C20F6CF1A09EEE4F40FE6F70B0F070213E4AE0B9599CF6348B0EAC781225457
1251546623 9596 57815 7C20F6CF1A09EEE4F40FE6F70B0F070213E4AE0B9599CF6348B0EAC781225457
1249484295 40933 45516 FD5225DA607541AFF8E6360EC85A0E6535FA0B7A4BC7125AA514816986868FC2
1258305058 21602 19264 7C20F6CF1A09EEE4F40FE6F70B0F070213E4AE0B9599CF6348B0EAC781225457
1252486701 56780 10539 7C20F6CF1A09EEE4F40FE6F70B0F070213E4AE0B9599CF6348B0EAC781225457
1251135716 31409 62515 69C16D6F34D19B81102F7AE4E4722F05A57D08F8E2BF61D025E490F656FF60AE
1254675692 22397 51935 BDCAB7850E5B9244F752324E42AEBC3AF9AF77DC6BED73D20CD468625557A0CF
1253063095 65446 35883 7C20F6CF1A09EEE4F40FE6F70B0F070213E4AE0B9599CF6348B0EAC781225457
1254059487 55412 58344 7C20F6CF1A09EEE4F40FE6F70B0F070213E4AE0B9599CF6348B0EAC781225457
1259547855 65008 47490 7C20F6CF1A09EEE4F40FE6F70B0F070213E4AE0B9599CF6348B0EAC781225457
1256792851 9075 46897 FCFCE6B41158A77E853ACF1E96171A3EE3D5B0159C1E13D3C5324AA00F0CAA1A
1257224725 1115 31180 D7C42A56DE2BEE9F6449EFAC0F88459DA80278DEE1C524B6557191FBB70DA9C3
1255982471 63956 24953 7C20F6CF1A09EEE4F40FE6F70B0F070213E4AE0B9599CF6348B0EAC781225457
1251764610 31552 6410 7C20F6CF1A09EEE4F40FE6F70B0F070213E4AE0B9599CF6348B0EAC781225457
1249212874 33235 25100 812C7A061321D1F93E8F550FF9419DB9A0DC9D1884C21BE90B6B06CD90F6E694
1257614238 38864 20304 7C20F6CF1A09EEE4F40FE6F70B0F070213E4AE0B9599CF6348B0EAC781225457
1256204568 59751 38095 CA958371C1350716FBAF6A7E63DFC7FB6988F50F1646DF0350739CB60FBDB999
1251922649 57320 32172 7C20F6CF1A09EEE4F40FE6F70B0F070213E4AE0B9599CF6348B0EAC781225457
1249800055 45833 45189 1A2451784432DA21008575996CF26FF3103649D93FE61536CF286394A841888F
1251338351 33400 33103 7C20F6CF1A09EEE4F40FE6F70B0F070213E4AE0B9599CF6348B0EAC781225457
1249888837 46347 54533 BD9AA33513037218724EE2380A5B9998894DE4A9783F674C13E11A0A486298FC
1253202202 59686 58096 7C20F6CF1A09EEE4F40FE6F70B0F070213E4AE0B9599CF6348B0EAC781225457
1255139361 49343 16915 0B4B232FB3D07993980DB518DF3F06E6D409F7933ADAC736CD6CE8CEA2A10856
1251488694 44519 30254 F9630DA3BAC1D7C15AB20B5BCB0F5BEED9402FB29DCD69BA34C8AD6FDF775B28
1257037826 41307 55178 139191B81051C3193F4A1BBD8D8C6448A0FADFA0DEB9C61B066F258C5E1B78A0
1248963022 50941 42399 63B0D15D3EDBBD51D6BAFC65F3D5E26C797E3FF3A0DD7A695DD97A32AB3E13FE
1252510162 59971 33395 6547415543B22D60CA1E8D46BD6E861AE9BFC0403792292E6E5867CD4D4E2E3E
1258435620 41753 4584 F0E958CF92A81AFDE01FFC4B73F6A9241640A2EA6D133EDD2E47BFD20FA02C20
1257519301 53221 29345 F8F29ADCE0F6FC124AFB463A28A8DE3DF69A7367DD9F5C427E3B78F102B90670
1250174599 26716 20725 7C20F6CF1A09EEE4F40FE6F70B0F070213E4AE0B9599CF6348B0EAC781225457
1258376078 42224 53282 7C20F6CF1A09EEE4F40FE6F70B0F070213E4AE0B9599CF6348B0EAC781225457
1258124993 24194 44691 7C20F6CF1A09EEE4F40FE6F70B0F070213E4AE0B9599CF6348B0EAC781225457
1252134609 12362 17504 7C20F6CF1A09EEE4F40FE6F70B0F070213E4AE0B9599CF6348B0EAC781225457
1259358829 55587 30860 86DD9B38A25FCEECF38AAC2798D3D733D7892289428B2EC468B11C467000D8D5
1257887840 1935 57294 D05D0BF895694C4233027C4A631DBC2D93C13F4FA2FCE1DAB88E4F405B433436
1256832521 21680 33948 7C20F6CF1A09EEE4F40FE6F70B0F070213E4AE0B9599CF6348B0EAC781225457
1249083876 55641 60914 6C4DB1EBCEB79E5A0F19476214DD5A3C5389C3B1A66D36EFA9489A0A4C5829C8
1258492229 47404 23980 7C20F6CF1A09EEE4F40FE6F70B0F070213E4AE0B9599CF6348B0EAC781225457
1255249915 52395 40335 C7FC2713D77559EED2D6542F363519EF4F4841DEDF07BE1C0B2FD3FBC90E625B
1253088238 24418 32918 7C20F6CF1A09EEE4F40FE6F70B0F070213E4AE0B9599CF6348B0EAC781225457
1256294805 32299 40281 27050182CA4169F8F9B0A06021ECFB16A96758F9736D567888E7F725759649F6
1249554494 31121 28659 F2674AAD94CD25E9EFDD53348E26EFBC1C4D059F8D511D07D55B0F91BC8DCC72
1257291420 16094 46080 7C20F6CF1A09EEE4F40FE6F70B0F070213E4AE0B9599CF6348B0EAC781225457
1251415901 42082 29266 7C20F6CF1A09EEE4F40FE6F70B0F070213E4AE0B9599CF6348B0EAC781225457
1249283115 4984 56572 7C20F6CF1A09EEE4F40FE6F70B0F070213E4AE0B9599CF6348B0EAC781225457
1256216206 20043 51736 A5D9A84C7EECD5B1EB338B7A9660BAC02CA2E33EDF27F77A4EC1777BE30A6B77
1256231067 55504 46728 7C20F6CF1A09EEE4F40FE6F70B0F070213E4AE0B9599CF6348B0EAC781225457
1249534671 60915 31087 41AAA077E1245FCD33AAB0E1BFA48275D42C91CE9F14EA9E050DE22523F25F5C
1255238607 3609 3146 80283EA1B8736D5C1E95DBB763AEF32597DC48B55C8215527B9C487C1D454DB8
1257998558 23428 14961 7C20F6CF1A09EEE4F40FE6F70B0F070213E4AE0B9599CF6348B0EAC781225457
1250027213 1964 52438 7C20F6CF1A09EEE4F40FE6F70B0F070213E4AE0B9599CF6348B0EAC781225457
1257548350 37407 28467 29F2B0D204E2A4D6B4AE70ABACF7AD6948A6BDD465081E80673BEA5BF5989CB2
1256881410 40060 40588 7C20F6CF1A09EEE4F40FE6F70B0F070213E4AE0B9599CF6348B0EAC781225457
1250897895 36894 65040 7C20F6CF1A09EEE4F40FE6F70B0F070213E4AE0B9599CF6348B0EAC781225457
1256197354 5515 32637 545F98DD8B8F029F16E65A1C3678402AAEE5C039FC891702A3AEF6146A9DD8C7
1252174014 28458 6400 7C20F6CF1A09EEE4F40FE6F70B0F070213E4AE0B9599CF6348B0EAC781225457
1254699539 22250 54255 7C20F6CF1A09EEE4F40FE6F70B0F070213E4AE0B9599CF6348B0EAC781225457
1252762171 42536 47973 7C20F6CF1A09EEE4F40FE6F70B0F070213E4AE0B9599CF6348B0EAC781225457
1250404039 35054 41352 7C20F6CF1A09EEE4F40FE6F70B0F070213E4AE0B9599CF6348B0EAC781225457
1252176802 47989 24400 0B1B391FBCBE93841058075993380232F0EE3D4731F4123F1654F26FD96EF21C
1257871567 12374 35581 7C20F6CF1A09EEE4F40FE6F70B0F070213E4AE0B9599CF6348B0EAC781225457
1249485879 50775 32196 9771CF0B7733709EECA01C72C1CC86C65003B5AD399C533823468BD8AF626D12
1253957416 32294 5062 7C20F6CF1A09EEE4F40FE6F70B0F070213E4AE0B9599CF6348B0EAC781225457
1251322190 11217 51625 34A3B1F4CFA45295C5F2DA5E9D2ED7B0FAE6E41C69848E7982F5EDF883ED9D7A
1252541453 22620 14092 7C20F6CF1A09EEE4F40FE6F70B0F070213E4AE0B9599CF6348B0EAC781225457
1252716001 19628 22728 7C20F6CF1A09EEE4F40FE6F70B0F070213E4AE0B9599CF6348B0EAC781225457
1256100118 2738 29013 7C20F6CF1A09EEE4F40FE6F70B0F070213E4AE0B9599CF6348B0EAC781225457
1251871900 54270 18730 7C20F6CF1A09EEE4F40FE6F70B0F070213E4AE0B9599CF6348B0EAC781225457
1259107861 53853 31435 DC1EE842A6FBA51833A9F0EB55B1B650514B60F921E5797FFE1E34A0ED028857
1259109837 49301 16037 F6DABD243A38E185945541E782E4DD5B0A865E38A8E725AA36F9A381BAA9D5C0
1251037777 4545 13901 9B34E95C2CDD4CEB5380D2A2733929C852FE24B4AB14337988A1934ACE662474
1256546343 19023 12540 22EAFE2922D98BAA088F0137BFE02D800EB953FFBC9984D653670E836339E7C8
1257621399 26322 28730 7C20F6CF1A09EEE4F40FE6F70B0F070213E4AE0B9599CF6348B0EAC781225457
1256730162 3904 8473 7C20F6CF1A09EEE4F40FE6F70B0F070213E4AE0B9599CF6348B0EAC781225457
1258214868 23976 52895 7C20F6CF1A09EEE4F40FE6F70B0F070213E4AE0B9599CF6348B0EAC781225457
1258839299 35755 10593 912E1382F254BF73C4FB95F70DF1E63784BF5D7E43F1E7D42C8762E2F3C6522A
1251847871 27474 33966 7C20F6CF1A09EEE4F40FE6F70B0F070213E4AE0B9599CF6348B0EAC781225457
1257655496 53817 12069 875B9347C0B116D3173A4035FC66BE5F3753DD7EF74D0E03EF60F54A86DE2ED1
1251801321 50550 50328 7C20F6CF1A09EEE4F40FE6F70B0F070213E4AE0B9599CF6348B0EAC781225457
1257220609 13914 31670 7C20F6CF1A09EEE4F40FE6F70B0F070213E4AE0B9599CF6348B0EAC781225457
1260182294 32348 38219 7C20F6CF1A09EEE4F40FE6F70B0F070213E4AE0B9599CF6348B0EAC781225457
1254073594 12022 15210 7C20F6CF1A09EEE4F40FE6F70B0F070213E4AE0B9599CF6348B0EAC781225457
1256690313 1870 23525 7C20F6CF1A09EEE4F40FE6F70B0F070213E4AE0B9599CF6348B0EAC781225457
1250862705 48443 65437 0313742CE75529F62398C723E2E76726571EC6AEBAB38C11DD9FA4DF580F2B1B
1258663988 20730 16941 7C20F6CF1A09EEE4F40FE6F70B0F070213E4AE0B9599CF6348B0EAC781225457
1254594007 20165 24757 F0787E6FD2D5201EB65C91E756EA4AA7E694A86EE0BDCB6FCBAC954381FDD6FD
1257090728 60466 58593 7C20F6CF1A09EEE4F40FE6F70B0F070213E4AE0B9599CF6348B0EAC781225457
1255965217 27963 25854 A764FB5B8EE48F702773485602ACF19DA44691F827FB0CC1602B02FA45B22121
1250354514 65030 46367 7C20F6CF1A09EEE4F40FE6F70B0F070213E4AE0B9599CF6348B0EAC781225457
1251766544 16952 38088 7C20F6CF1A09EEE4F40FE6F70B0F070213E4AE0B9599CF6348B0EAC781225457
1250155640 65438 24116 7C20F6CF1A09EEE4F40FE6F70B0F070213E4AE0B9599CF6348B0EAC781225457

Total of 0 tasks calculated error.
