Total of 100 tasks calculated correctly, accuracy 100.00% 
1281659716 23104 16628 7C20F6CF1A09EEE4F40FE6F70B0F070213E4AE0B9599CF6348B0EAC781225457
1274249886 35417 64906 C0B89FC4EB2065041A8C7CA10FCA0A5279DC7FABE9F674F904B7EB7D8AACAE34
1282274283 56727 62083 937AAB5FD084B830AAFF67B4DBFD54C3B17F8CA5403D4E8C052C21253EB9EC38
1277409604 53137 1885 1C770FB2F339CBBAA72833A5BD28A3C4C440D9301A9F476D8266B6BB8CB6CB74
1277484841 54174 35943 7C20F6CF1A09EEE4F40FE6F70B0F070213E4AE0B9599CF6348B0EAC781225457
1282193106 19634 42657 7C20F6CF1A09EEE4F40FE6F70B0F070213E4AE0B9599CF6348B0EAC781225457
1277213832 41186 57068 7C20F6CF1A09EEE4F40FE6F70B0F070213E4AE0B9599CF6348B0EAC781225457
1275728287 13567 32021 65CA8EAC75D129F7D295A1E239F3BA1FA604D3EE2C87F67B2B203A5237B8A07B
1277982688 9446 5561 7C20F6CF1A09EEE4F40FE6F70B0F070213E4AE0B9599CF6348B0EAC781225457
1278997367 52252 34867 7C20F6CF1A09EEE4F40FE6F70B0F070213E4AE0B9599CF6348B0EAC781225457
1275338093 27427 45982 659119D5E87617F09BE4FB287FF508A34C89CAC768F638EF5BE6AE983DDB8A73
1283167212 17166 22882 7C20F6CF1A09EEE4F40FE6F70B0F070213E4AE0B9599CF6348B0EAC781225457
1281369370 63390 20170 7C20F6CF1A09EEE4F40FE6F70B0F070213E4AE0B9599CF6348B0EAC781225457
1280941199 37677 15814 44549AF6D1BB247E797555720B2766542CC8A1478CB4B398F3C536D0360C9C2D
1278865490 23337 64874 2C284568EEFCB615E27FE2F8E3A0FA233A56D87FCD89FF8B2A9BA16B198B871B
1278551030 53771 10071 3FC3986AD5BD1CD73B32B5E6DE2C5694C5825757A434BFC598E0C5DBA00867CC
1275511888 7339 11461 7103320E9B6CEEFA36556880939A2144DA92EA1862A2A1E6330A4D10299B3440
1273089530 6307 19128 1193ACF20F40F262D530EC72D69790E4CD1DA2072A5083750678EEF63ECBCE98
1282363289 464 44000 7C20F6CF1A09EEE4F40FE6F70B0F070213E4AE0B9599CF6348B0EAC781225457
1273047471 36536 13262 7C20F6CF1A09EEE4F40FE6F70B0F070213E4AE0B9599CF6348B0EAC781225457
1281446338 55034 13901 7C20F6CF1A09EEE4F40FE6F70B0F070213E4AE0B9599CF6348B0EAC781225457
1276665389 44357 4003 ADCB4EB7CE0E1B4A7C3B8B04A31B55782E61354EAC296C4EAC6125277487FB17
1275459688 50752 60392 7C20F6CF1A09EEE4F40FE6F70B0F070213E4AE0B9599CF6348B0EAC781225457
1278371334 29163 9995 D10B63A3095653A2504E4FACB0EB43F196707538ABA369D3F571BF50F0E24481
1275265975 58342 23094 7C20F6CF1A09EEE4F40FE6F70B0F070213E4AE0B9599CF6348B0EAC781225457
1277505805 36371 64456 971D69C9A33D97D72D04FCBEC1FBB012605A3EA2612B9F682E39108744376F75
1273432817 27977 13251 548A5F92CA416B2BE4A502FA28E780AEE81FFA0334727CE9488F90805694C52D
1280522901 30162 59481 7C20F6CF1A09EEE4F40FE6F70B0F070213E4AE0B9599CF6348B0EAC781225457
1272957145 28456 63114 7C20F6CF1A09EEE4F40FE6F70B0F070213E4AE0B9599CF6348B0EAC781225457
1273008018 2154 34019 7C20F6CF1A09EEE4F40FE6F70B0F070213E4AE0B9599CF6348B0EAC781225457
1272877465 46873 62048 1A8D0FD497BE2826884B47251F8E5C6D0E3231B7106D869DDF3F85ADC5646E25
1276930325 58354 37195 7C20F6CF1A09EEE4F40FE6F70B0F070213E4AE0B9599CF6348B0EAC781225457
1282997051 59428 51201 7C20F6CF1A09EEE4F40FE6F70B0F070213E4AE0B9599CF6348B0EAC781225457
1281814516 11158 34193 7C20F6CF1A09EEE4F40FE6F70B0F070213E4AE0B9599CF6348B0EAC781225457
1280090361 55974 33214 7C20F6CF1A09EEE4F40FE6F70B0F070213E4AE0B9599CF6348B0EAC781225457
1275257698 32396 49317 7C20F6CF1A09EEE4F40FE6F70B0F070213E4AE0B9599CF6348B0EAC781225457
1277531627 6671 24207 2806E67E414AC7F74187DCD749FDA2CB361982FD0ABC060802955D2DAFE6EAA1
1282743809 728 11263 7C20F6CF1A09EEE4F40FE6F70B0F070213E4AE0B9599CF6348B0EAC781225457
1282325272 5733 15504 3DD8BBDF8D91F7F3968661D190336AEECED6EFC4C960F64FE3B08FCEDA0F899F
1275571066 16865 25919 F05BB3FD8B39DE3B7BDEBCD392B28ED38656495BB6991FBD48F884A34C74FDDD
1280027126 11669 8238 7457945A5B3D1DA989362B4921E8C0980C95093A3DC5F45E3EF53C98AFC32C1B
1273898075 32241 16753 8DD2A77D81342E3328D7111A414238CDC793C3F8BFA62D816E406483A7D7FB8C
1281401903 37388 41994 7C20F6CF1A09EEE4F40FE6F70B0F070213E4AE0B9599CF6348B0EAC781225457
1283527183 7036 35146 7C20F6CF1A09EEE4F40FE6F70B0F070213E4AE0B9599CF6348B0EAC781225457
1278588531 16970 57384 7C20F6CF1A09EEE4F40FE6F70B0F070213E4AE0B9599CF6348B0EAC781225457
1272720125 30808 15653 7C20F6CF1A09EEE4F40FE6F70B0F070213E4AE0B9599CF6348B0EAC781225457
1273650752 22379 31683 944D50C99E1C9172C103DED220288DEF8759F0859D3EAAEDB561AF6B76B67EBF
1281591096 25245 124 862701EDB3798495442377E6FD076FD18E5046CC5B1584B7DC439C0BD1D051FB
1283797962 10182 51538 7C20F6CF1A09EEE4F40FE6F70B0F070213E4AE0B9599CF6348B0EAC781225457
1277123509 9962 56594 7C20F6CF1A09EEE4F40FE6F70B0F070213E4AE0B9599CF6348B0EAC781225457
1281649730 42908 48496 7C20F6CF1A09EEE4F40FE6F70B0F070213E4AE0B9599CF6348B0EAC781225457
1281698913 23935 4257 BA38164B9590CB87F078F9295D5E28A18FA5AC88E76EC8273E228AB1CF812617
1277568716 22964 6040 7C20F6CF1A09EEE4F40FE6F70B0F070213E4AE0B9599CF6348B0EAC781225457
1275649101 7885 26575 8E14CA45BF0CA875A83BF712CFEF49392BE9D4CB95460552FD1D0D07A7E49EF2
1272862332 24680 36364 7C20F6CF1A09EEE4F40FE6F70B0F070213E4AE0B9599CF6348B0EAC781225457
1277962701 16423 35644 D94025C2ED5D9F6447568C9769BA79AB110BA88A72412E899B82CC927C0F0779
1277859163 16408 37278 7C20F6CF1A09EEE4F40FE6F70B0F070213E4AE0B9599CF6348B0EAC781225457
1277550033 21595 28933 12E0BA656442E08231E6BDFFFFEF1678B3A4D18F270A495C12CF36025A73046D
1276834767 23205 47261 AEC685C240C74192A4518E1C1A0B00B63918DE41AC279B505795A513B8F62ACA
1279253043 19452 64923 7C20F6CF1A09EEE4F40FE6F70B0F070213E4AE0B9599CF6348B0EAC781225457
1282359504 11368 29898 7C20F6CF1A09EEE4F40FE6F70B0F070213E4AE0B9599CF6348B0EAC781225457
1278921637 45997 22895 6E6E34BB168A9B3944152F027FCED75A792F5D31DA0C5765B4E9BB2BD978DF48
1284169430 31760 42234 7C20F6CF1A09EEE4F40FE6F70B0F070213E4AE0B9599CF6348B0EAC781225457
1276357860 15655 33779 4B963707EA61BA2727B5713B94415327C1831F28EA5987AA2E494E85BAEAD6ED
1272970376 7897 44403 4E30D7D03703FD642897B85FD3A219CD1D9E0BE89F8D66FBFEF7D3CFD64BABFB
1279874745 60793 10088 780FEA0B4B8393A9694ABE61E6E29AFC453708F0E75881AC25AB9806BE12820C
1283432716 39133 55753 43FE1FF2DFA62A0630DCB0B8A4FFF900D053EFC19F0F8C32A9902F38910946F7
1279736341 55626 57368 7C20F6CF1A09EEE4F40FE6F70B0F070213E4AE0B9599CF6348B0EAC781225457
1279645183 11973 37615 C914481FB09ED9BCF8B7F923BCA8887DD2C0D06382BD5131A40A84FC17B550D3
1277022345 38379 49579 8FA31DE02FEB98CBF45458327BDDF28DCCD0485DA4BE8085DB142FF4150B1BC4
1284219289 53632 45933 7C20F6CF1A09EEE4F40FE6F70B0F070213E4AE0B9599CF6348B0EAC781225457
1280198777 21839 62301 53C7FD3588BB4A8367A9627F9B8EA11687D7FFD7CD155D9A77B355DE58BF7D88
1276111269 4110 43994 7C20F6CF1A09EEE4F40FE6F70B0F070213E4AE0B9599CF6348B0EAC781225457
1277856546 62669 6709 79F5647EF31D858F53AEF4CF6DB15D6E97981BE545FE71F7508B50FA01FC5F30
1274820449 32001 61782 70759929A68584F498EC88056C736BFB7337FC72C7CA371E7AEF85CD60F183BC
1279546572 10178 2639 7C20F6CF1A09EEE4F40FE6F70B0F070213E4AE0B9599CF6348B0EAC781225457
1275054497 10610 13405 7C20F6CF1A09EEE4F40FE6F70B0F070213E4AE0B9599CF6348B0EAC781225457
1279764738 20950 23021 7C20F6CF1A09EEE4F40FE6F70B0F070213E4AE0B9599CF6348B0EAC781225457
1280088011 41652 34195 7C20F6CF1A09EEE4F40FE6F70B0F070213E4AE0B9599CF6348B0EAC781225457
1281564518 39666 58815 7C20F6CF1A09EEE4F40FE6F70B0F070213E4AE0B9599CF6348B0EAC781225457
1284088264 21060 58651 7C20F6CF1A09EEE4F40FE6F70B0F070213E4AE0B9599CF6348B0EAC781225457
1275350213 1733 57214 AD7291A463F7C921C537EB966E2E5872ABE8141B5FAE1C30FF3B8D187335E4C2
1278733959 5692 12418 7C20F6CF1A09EEE4F40FE6F70B0F070213E4AE0B9599CF6348B0EAC781225457
1272837505 22484 17005 7C20F6CF1A09EEE4F40FE6F70B0F070213E4AE0B9599CF6348B0EAC781225457
1272717584 35619 26636 19C04542B2995D9A095D1D15C525A7022D462E28008EF325B9F4EB94F0CD02E3
1275556196 1823 40005 63E307C9D3FCC982D2CE1F868601D54C9B3E6F10BC5B50260FA404595E28017E
1273040355 65196 25022 7C20F6CF1A09EEE4F40FE6F70B0F070213E4AE0B9599CF6348B0EAC781225457
1279978704 38310 53917 7C20F6CF1A09EEE4F40FE6F70B0F070213E4AE0B9599CF6348B0EAC781225457
1282784905 11047 40416 BFEE444A3DBFFC29725D0AED2150B0A64F3C5D37478E281C7D705C271BDF8C5C
1275739948 57257 59248 9DF469CCA7F27273D468F7A7B1287A2DB4CE8F55A6D7383655FA8778C06FAAD8
1275931312 12914 47493 7C20F6CF1A09EEE4F40FE6F70B0F070213E4AE0B9599CF6348B0EAC781225457
1280936252 40875 20440 908438D523CDF3E5349419F7C1667DB6709DAA404B945850EE75A248846B1A39
1275044537 50297 38240 CBA6BA78705ABC3548FAA2E11E38F124A95F4E3FC1A8C4D447CEAA849CD6C430
1274370410 42480 28342 7C20F6CF1A09EEE4F40FE6F70B0F070213E4AE0B9599CF6348B0EAC781225457
1279493731 57085 34639 C057BBE370B196EE33E77E37F342FDD83E0CFA44D09AFCD2FAAA91EC24879353
1279155320 17512 9435 7C20F6CF1A09EEE4F40FE6F70B0F070213E4AE0B9599CF6348B0EAC781225457
1278955521 64200 62265 7C20F6CF1A09EEE4F40FE6F70B0F070213E4AE0B9599CF6348B0EAC781225457
1274723194 31170 31915 7C20F6CF1A09EEE4F40FE6F70B0F070213E4AE0B9599CF6348B0EAC781225457
1277792060 49966 55118 7C20F6CF1A09EEE4F40FE6F70B0F070213E4AE0B9599CF6348B0EAC781225457
1276375544 31061 49942 189686ACC08FE3E21D608130ADA5A8D6339AB7203FBE4364DE3C20AE187DE823

Total of 0 tasks calculated error.
