Total of 100 tasks calculated correctly, accuracy 100.00% 
1286878386 46801 40632 CD328C296FF8EDF99CBB0B335241C758A3C985885B64E66A0A0019BE9FFA9B86
1289305490 31394 4483 7C20F6CF1A09EEE4F40FE6F70B0F070213E4AE0B9599CF6348B0EAC781225457
1292459718 39921 40910 150B2A58509853FDC55AC05C50750EF83DC352E202C3EF27AEE30A1BB0FE7E1C
1290280353 5476 32702 7C20F6CF1A09EEE4F40FE6F70B0F070213E4AE0B9599CF6348B0EAC781225457
1290994013 18189 8517 5D761009F3E9944680A9A12BAF454C936C87071BB6CB1A20A2D01D1ADEB916A9
1292232515 4480 44847 7C20F6CF1A09EEE4F40FE6F70B0F070213E4AE0B9599CF6348B0EAC781225457
1286009934 7540 48400 7C20F6CF1A09EEE4F40FE6F70B0F070213E4AE0B9599CF6348B0EAC781225457
1292515677 63209 65345 3342A3B0B1DF9823A776C8C4CC5036CB8771B2F27F27277A3379B7A8E009062C
1294324593 62726 41136 7C20F6CF1A09EEE4F40FE6F70B0F070213E4AE0B9599CF6348B0EAC781225457
1292587611 15853 57588 C2601F36A25DE62AE4A7C7FCFBBF1FACE614843E280340B66B1702A7A708B472
1286091525 27251 19280 0B30B44FCF639A6C37A206AAFE9DBA24D8E42D1D15684D81BDCFA77ED5FAE48A
1291785245 18281 63775 0BC99EA434FA394F6F46DA12D09DBCB2BA9508799270B763E9B30DF6F1D7612F
1293703520 5139 48835 D9D6921E1858AC5D8912DEAA553C6D3614CAC1812B82DD142BECE480A06B58B7
1291346492 5399 34338 54A1369CE1D554CA1EE5A4FB142B71FC5A0C065A0D1BD5F68C1003A64E553732
1294665275 8869 45770 3B06494560CF3D7BB52F35E1B11E9546124058F93ECBAE26B3306758839D03AA
1288061179 16108 53168 7C20F6CF1A09EEE4F40FE6F70B0F070213E4AE0B9599CF6348B0EAC781225457
1285765151 55412 48323 7C20F6CF1A09EEE4F40FE6F70B0F070213E4AE0B9599CF6348B0EAC781225457
1294474545 21403 14477 5C7986F63A00461AB748A8E49C3BA9A95AD22971F47EF232662ADD3516202F88
1287970536 24572 62276 7C20F6CF1A09EEE4F40FE6F70B0F070213E4AE0B9599CF6348B0EAC781225457
1292245529 6398 8278 7C20F6CF1A09EEE4F40FE6F70B0F070213E4AE0B9599CF6348B0EAC781225457
1293803113 18417 32755 1A8EFF35187E01573FF344B766F246CBA5D6DC6CE52961E77DAE7E1DF60A9002
1287342985 35770 41422 7C20F6CF1A09EEE4F40FE6F70B0F070213E4AE0B9599CF6348B0EAC781225457
1294455958 5564 44413 7C20F6CF1A09EEE4F40FE6F70B0F070213E4AE0B9599CF6348B0EAC781225457
1291238284 61617 1918 951D9A2A87A88D00BAC81042B2891691530E05F71FD0AABDA9BD4320708198A9
1285684671 9276 23822 7C20F6CF1A09EEE4F40FE6F70B0F070213E4AE0B9599CF6348B0EAC781225457
1284821628 48163 28932 DBA9FC1903C1FD4AF239A20167C8FFA5EDF16B0EF6EFE90FECE61C456540312C
1294134249 21215 41708 E5188DA5F81B60C5AD722A8C70B10F9AC9789A568B627BB0AC837C76F6A58682
1294362825 64216 17876 7C20F6CF1A09EEE4F40FE6F70B0F070213E4AE0B9599CF6348B0EAC781225457
1286336442 17714 13202 7C20F6CF1A09EEE4F40FE6F70B0F070213E4AE0B9599CF6348B0EAC781225457
1295112292 14591 62120 7E06BB3A8B870A3D8D9FF0F4E90857EC66561306D5E1641F8902A7C39355F9B4
1290954017 42987 55939 BC0B5F9C777CEBF0DCC9191D626A0C6F2C6C814F1FA6EA9F01F6B5418F32032D
1289186197 33601 28395 DE204418DDA53F508F68E2BF754CA3B43697BFC1206E55DA938996EAAB39824B
1291247147 35539 7725 DED0F6274F053542E8CF34DCA38F72096344B4873124106F8B747530C6479FE5
1294321483 57505 5572 F49AF7405D76F8B41E06B98333DF64339BC1D19F69C8473A829C0DE12004E83A
1285393362 51411 5533 F611E15EB7D121D557DE0BC77E96592AE102E955EA610A4B7E337C60B54F815D
1294461538 8409 27086 6763A1A3BEA77B246F1DDD7B03551066ADC1476D48194987FDEB0EBE39877DAD
1289754653 11904 60491 7C20F6CF1A09EEE4F40FE6F70B0F070213E4AE0B9599CF6348B0EAC781225457
1293737466 13914 21928 7C20F6CF1A09EEE4F40FE6F70B0F070213E4AE0B9599CF6348B0EAC781225457
1292021524 27237 50011 94B586CE7E145088F0239646654FCF531850DE007A79DD011D16CE1803091AB1
1285340669 41004 41003 7C20F6CF1A09EEE4F40FE6F70B0F070213E4AE0B9599CF6348B0EAC781225457
1293079334 44997 13711 760508E71C1D7BF73936D0F960586E487D407BD363B4ED7EC22F242DBB22697F
1289812969 17155 23169 D151FEA3F3535ABD6336277CDF426757E634CBB60497344D4550CF912C77584B
1286483523 54294 44644 7C20F6CF1A09EEE4F40FE6F70B0F070213E4AE0B9599CF6348B0EAC781225457
1287543232 29741 43462 C1181A23172B77243A58EEC5D6D489FA2C68A9EA1166294A423D6C688CBEF8E8
1286158120 56889 42419 B3C54E1895E4D207E2C38CB5EE67FAAE947A99F4B8D9815B904F72A0900D1C2D
1286955192 4960 25253 7C20F6CF1A09EEE4F40FE6F70B0F070213E4AE0B9599CF6348B0EAC781225457
1295091074 18273 53787 416BA828B6DB3E4DB457FA4D60A04849E966AAA60411AF7762727FE96714DCAE
1285501089 59178 42773 7C20F6CF1A09EEE4F40FE6F70B0F070213E4AE0B9599CF6348B0EAC781225457
1287180531 9341 50169 F528858E29CF185F172C4FC90E714EC739554EB1893009E65A9B7FD31FEFADFC
1284664497 42630 51830 7C20F6CF1A09EEE4F40FE6F70B0F070213E4AE0B9599CF6348B0EAC781225457
1293654841 30873 37297 F1F0546545057B91E7C8F56F35922DDB299600C0E4A76B89D1B994AF802A0093
1287632121 22147 18002 69C45893BDEC149A5088B179398BCDC62FC5E533DC503A5D97CAD3D931150879
1285354276 48117 58065 FE59A2EB9BBFAB7DB9A127E52131F9F8E9298C20A18B4A9A3F9F60D0D4E80CBC
1284511633 31909 10943 8225AAEEF20F6DE399ED9A2952AA97ECB8C3B2FC42FA0F7FCAF8AE2A2E3ABF9E
1286123216 57236 10395 7C20F6CF1A09EEE4F40FE6F70B0F070213E4AE0B9599CF6348B0EAC781225457
1291149876 4402 45936 7C20F6CF1A09EEE4F40FE6F70B0F070213E4AE0B9599CF6348B0EAC781225457
1288460278 54821 34545 662FD2BD34D380856C16A362575D56C8B2A7277507C952E589C343851C2C23F7
1288323196 29742 18115 7C20F6CF1A09EEE4F40FE6F70B0F070213E4AE0B9599CF6348B0EAC781225457
1294725649 22335 50907 3FF2202C17A3D18D0F5BACD28010032E2693458847070A2AB832A8689C149295
1286274020 60874 32108 7C20F6CF1A09EEE4F40FE6F70B0F070213E4AE0B9599CF6348B0EAC781225457
1287161901 34450 47103 7C20F6CF1A09EEE4F40FE6F70B0F070213E4AE0B9599CF6348B0EAC781225457
1291161828 64005 20120 CA8CE3D3309798CFC5FC5AA47DE961A2D5BC15A6E76DBFF97D7C2D2E48C101A9
1289247613 16724 48294 7C20F6CF1A09EEE4F40FE6F70B0F070213E4AE0B9599CF6348B0EAC781225457
1288768263 3690 53084 7C20F6CF1A09EEE4F40FE6F70B0F070213E4AE0B9599CF6348B0EAC781225457
1294452545 3791 14138 3A8F259C1FE0F41E566313DAA920AC306302C78CC9EC794D444C042FCB494B45
1291351699 31891 11918 CE636AFEFCFBF7E3CE03A2179E4A589B16A307D2E7B118032DEC89359EC2A067
1285241964 40883 4122 E4D902624A6BCB6A66BB4E86B9635396F75361DFE2E7EDBDE46DDC6C1FE54BE5
1289313506 6470 50222 7C20F6CF1A09EEE4F40FE6F70B0F070213E4AE0B9599CF6348B0EAC781225457
1288553096 4738 19187 7C20F6CF1A09EEE4F40FE6F70B0F070213E4AE0B9599CF6348B0EAC781225457
1290674205 21818 2534 7C20F6CF1A09EEE4F40FE6F70B0F070213E4AE0B9599CF6348B0EAC781225457
1288863740 21283 27051 5B2423CB75D06930C03629F8F5D7FA4D5DFCE9B057DE8342020261B26BC9A6E9
1286931045 182 55875 7C20F6CF1A09EEE4F40FE6F70B0F070213E4AE0B9599CF6348B0EAC781225457
1284903065 25860 280 7C20F6CF1A09EEE4F40FE6F70B0F070213E4AE0B9599CF6348B0EAC781225457
1289873610 60764 28938 7C20F6CF1A09EEE4F40FE6F70B0F070213E4AE0B9599CF6348B0EAC781225457
1292434575 43308 3384 7C20F6CF1A09EEE4F40FE6F70B0F070213E4AE0B9599CF6348B0EAC781225457
1289441355 10301 62045 2950161F0A62E49BDCE326489E49058CDF1C68777C4F652330750C0C7FA6FE62
1287815077 15280 16338 7C20F6CF1A09EEE4F40FE6F70B0F070213E4AE0B9599CF6348B0EAC781225457
1284873586 25131 41492 0C2BF3C35B096D538CBFD5B14AA96DE11637B709BA5AE0A5C6B67393582C7A16
1290568528 61641 20864 9FD7B4CD8E0C375A144BCAEEE51CF7465B0DF5A2FCACFCC3E71556C81DC2EAD9
1285034548 36798 48163 7C20F6CF1A09EEE4F40FE6F70B0F070213E4AE0B9599CF6348B0EAC781225457
1293553043 54199 31753 03CF019A04728668447D7D732CE940E6AFE7ECFEF53293D5DA420497653C4CFB
1285617451 41701 18122 B9ECB7FEE4FBECB7F30D6B3D44732B28F0C1EFD3F20A7380CC02C8C890AC1C57
1292678650 20588 18976 7C20F6CF1A09EEE4F40FE6F70B0F070213E4AE0B9599CF6348B0EAC781225457
1285467792 23885 64263 C6E88F5963D65FD90294F8B4CF39614C9BAC341A58FBB0DF132C3808D71602DC
1291986940 4555 21372 BBB639817342AB74D9A1931CEFF65FD80E3EBDBDAE37051482E74B1D66193BAA
1285179093 30696 5252 7C20F6CF1A09EEE4F40FE6F70B0F070213E4AE0B9599CF6348B0EAC781225457
1294412291 63105 59462 7560DDAA37BAE9A55615CEDD0770356DDE1B573DF7364A3C1B34055B85D72961
1289145590 13891 44470 7088BA3904D975A064DF500D75D98F6A97D880180032248EA4C0ADCBDC906EA2
1291604685 8698 22291 7C20F6CF1A09EEE4F40FE6F70B0F070213E4AE0B9599CF6348B0EAC781225457
1285267435 47727 56952 E08ADA24E098A551DE4575B26E3CFD13DB5818FE952F76C9057A2BF609258C64
1295013811 589 18434 AA408605F0F7FAC24DF457F55A79FC582DF896D6004CF092F99612D61AFF905E
1294001681 129 5745 608D984D81A4A70AB8892BE081592C3A1B903EB13CAFE1639B5E3E1FE1BE037C
1288903716 41139 51515 DD8F89AD7DDF3C511CA1F94404B15C93373EC7817436163D7598667CC2C06A71
1289126225 43209 39398 00828C4302CA1C4000C1F1614175AAF8DBFA02EF85ED24C09E671F903F75E976
1288300850 57060 26826 7C20F6CF1A09EEE4F40FE6F70B0F070213E4AE0B9599CF6348B0EAC781225457
1288603671 40443 38740 92F5AE499297EDE304573F2B9BE028554D7B87C1DEA1C028471E3183AC4EA109
1289987420 25056 34961 7C20F6CF1A09EEE4F40FE6F70B0F070213E4AE0B9599CF6348B0EAC781225457
1289370874 1010 27372 7C20F6CF1A09EEE4F40FE6F70B0F070213E4AE0B9599CF6348B0EAC781225457
1292583875 1479 24310 3C79AD3E1B3C394D7FD56BAD4EB3B3AFE260A6C5A5F73EE8A3C56048C3BAB7A7
1286342481 30750 12949 7C20F6CF1A09EEE4F40FE6F70B0F070213E4AE0B9599CF6348B0EAC781225457

Total of 0 tasks calculated error.
