Total of 100 tasks calculated correctly, accuracy 100.00% 
1386529473 38561 39666 A11780142AD2B56ABE65A67997227A7B5C3322EF30097013673ECB682D99AB54
1388764673 26586 29472 7C20F6CF1A09EEE4F40FE6F70B0F070213E4AE0B9599CF6348B0EAC781225457
1387839702 56105 61266 F6D7924149382EAEE207C6708A71B9E62989F5FC3D3F906126617D9528576DE1
1387670795 12397 57586 CD64FEC118E6BFC63B240D781DB86673364F2CECB1AA8246146317B47F063AA2
1385493747 27174 18803 7C20F6CF1A09EEE4F40FE6F70B0F070213E4AE0B9599CF6348B0EAC781225457
1385613056 44576 35866 7C20F6CF1A09EEE4F40FE6F70B0F070213E4AE0B9599CF6348B0EAC781225457
1392228650 61339 63528 3241750DE8B7D6895B60BD8895E07666B1BDEE8C8D28992403B84AAAA351AE6F
1383748374 46547 41180 A1FAD8A88DB05179491DD312661BCB4AE565C906C436E8E6CCDA256C4F426B89
1388445530 22522 52268 7C20F6CF1A09EEE4F40FE6F70B0F070213E4AE0B9599CF6348B0EAC781225457
1389421366 52295 21436 4044B96DB50BA758B33766E12E6B2C9B12A625C04BF96BE193E77E595B924318
1382406197 64972 32853 7C20F6CF1A09EEE4F40FE6F70B0F070213E4AE0B9599CF6348B0EAC781225457
1390596742 13074 44354 7C20F6CF1A09EEE4F40FE6F70B0F070213E4AE0B9599CF6348B0EAC781225457
1387642868 34857 48457 F16584EE968BE60C4975A13A0563F4788ABB4A056500616D16723F265CCBEEF9
1392180982 35007 41849 20473C686D55D9C3BB610A0585D1AFA94974836C65A23114925F86AB2A2BCECA
1381125749 15976 25987 7C20F6CF1A09EEE4F40FE6F70B0F070213E4AE0B9599CF6348B0EAC781225457
1391892325 50006 2307 7C20F6CF1A09EEE4F40FE6F70B0F070213E4AE0B9599CF6348B0EAC781225457
1389342857 16193 45465 C62E96FAA41AECF4916D7AF2CB1A142489E224FFDAB69CF2ED6D393D057D2A30
1384834552 13926 64843 7C20F6CF1A09EEE4F40FE6F70B0F070213E4AE0B9599CF6348B0EAC781225457
1387261477 56877 38772 FA9C2927EAC54FA67AA7BE9B89BE3C56717BA6C82C441F16113538D71A1B0A04
1392055931 22731 59261 4D385E190A397D42B7A18DF25849CD05AEC8A9BC9DB59A32BC87666F6D8F2411
1381906643 16393 31156 2EE7843025D3C4857BED78A2935A1BD0124B6F2E7D8547A51043414C58B89AFB
1390474979 21082 18708 7C20F6CF1A09EEE4F40FE6F70B0F070213E4AE0B9599CF6348B0EAC781225457
1388451306 27978 40648 7C20F6CF1A09EEE4F40FE6F70B0F070213E4AE0B9599CF6348B0EAC781225457
1385835000 17330 26336 7C20F6CF1A09EEE4F40FE6F70B0F070213E4AE0B9599CF6348B0EAC781225457
1387004457 10079 25996 14FF11CC34BB22B469B50F86362C6799BEB1EDA3870D021DB594B050891C61F6
1388183254 35251 8816 520F362642054D158F16AFD8C162AB72D330891A25FB441316D2BF45A65468C8
1384867497 27152 43421 7C20F6CF1A09EEE4F40FE6F70B0F070213E4AE0B9599CF6348B0EAC781225457
1388635882 28895 45031 F67E1C8B5871FAA82125BA1412B5C367259B77B7A69A525C0BB6FAD57AA4B838
1388699759 11517 5278 A3BDBA7D501F3ADFD763EA1521F13462FE68C54EAC564EDBA85F1E786BCECA77
1390313031 17071 64734 9C84318A4A251F77868EB06B39677DA991FDFFCA847897654BFF13EF123532AB
1382649856 25730 42059 7C20F6CF1A09EEE4F40FE6F70B0F070213E4AE0B9599CF6348B0EAC781225457
1385559792 18257 11274 C4F80E8AB40129B47E1B07062AECE5EE21285925E499D247A635110CBC533148
1391928068 63341 7295 FCECAADEC7F39454644883D5F6186DDD7265A23B247861B2A7F657F110E4D96D
1383836844 44029 14762 DA774BBCD88946C29C8858C0846DBB06255BBE7242F7BA65DA8AB10D7578C3E0
1389223868 15669 2054 D8B8CDB6F2939A0463D208B58A2D9D5AF186830053ADE21DBA189091C058A2FC
1390115472 3344 16825 7C20F6CF1A09EEE4F40FE6F70B0F070213E4AE0B9599CF6348B0EAC781225457
1388322952 15075 3467 78D67F146A7D36C4409A90E3B33A6A0F35B9A2851AE08107405DB77DA2EABD3E
1389209922 23860 40999 7C20F6CF1A09EEE4F40FE6F70B0F070213E4AE0B9599CF6348B0EAC781225457
1384632487 679 38715 091A6B6BAE3FCEB52F3F6CD09097598D10E8B089C90E6D9081075AC6762AA4A4
1389833804 47448 18762 7C20F6CF1A09EEE4F40FE6F70B0F070213E4AE0B9599CF6348B0EAC781225457
1387309976 14007 52539 90D0F53CE56B40AD638B95A25EFA24CA453297338F7B2F2362AA24CD1CA7D31D
1383250987 31922 19346 7C20F6CF1A09EEE4F40FE6F70B0F070213E4AE0B9599CF6348B0EAC781225457
1381582023 58163 48633 8432E853B24A10D9B33DAA6D7D9714217FC7F62CCE142E9BE08811310E0F0A43
1384161446 35888 37076 7C20F6CF1A09EEE4F40FE6F70B0F070213E4AE0B9599CF6348B0EAC781225457
1387348969 32803 41828 A1FFF4B0B9212A066E84BD0C7D0E4C1E9379E387B541CB9A27622ABE58ED0A7F
1390558915 48335 64777 5F2EC8B05723AA6182AFD61491F511BE331A57EFBEFCCC87E89CEF73CB6AA07C
1387965630 7276 13003 7C20F6CF1A09EEE4F40FE6F70B0F070213E4AE0B9599CF6348B0EAC781225457
1383035562 52963 56316 BDD01041CDFB30D92C51B013D6C17BFBBAE7E5761FF5D4E95E4A4DCAD6E74D5E
1381783680 46414 3070 7C20F6CF1A09EEE4F40FE6F70B0F070213E4AE0B9599CF6348B0EAC781225457
1384450551 5204 38243 7C20F6CF1A09EEE4F40FE6F70B0F070213E4AE0B9599CF6348B0EAC781225457
1381768079 58199 56195 E4072E3BB1972567550652799894A3F4173934A9DBBD92F0E96DA3EB9A0A8B29
1389907762 45203 43736 6065EDC3CFA64A5DED275560A3DE0B456F70CB1F66C08B9DDC5C97301A4B72A3
1383756117 24852 7520 7C20F6CF1A09EEE4F40FE6F70B0F070213E4AE0B9599CF6348B0EAC781225457
1383862956 45086 25097 7C20F6CF1A09EEE4F40FE6F70B0F070213E4AE0B9599CF6348B0EAC781225457
1386812038 64346 33833 7C20F6CF1A09EEE4F40FE6F70B0F070213E4AE0B9599CF6348B0EAC781225457
1383688059 61033 17414 A21CEF5A6E64E4A354DE9DDC115797A8BD086CB268C8C1F55741C7188240CF73
1387789286 48286 33386 7C20F6CF1A09EEE4F40FE6F70B0F070213E4AE0B9599CF6348B0EAC781225457
1386967375 19319 20415 53D47F30FF80AD17350CB93EF73D77B874ACB5BF27743A00E968731768389ECC
1382467683 39795 48069 4AC471462CC884740552D822F3F1513B4E56248E70B456D64F1AE403E07BE0C7
1384313107 45111 57164 4479DA7A0C99B7CDFBAF8A55B8A4B41C02C814C719DEFB5D28C575C55B7D50F2
1386531716 46 28225 7C20F6CF1A09EEE4F40FE6F70B0F070213E4AE0B9599CF6348B0EAC781225457
1386712227 43726 58112 7C20F6CF1A09EEE4F40FE6F70B0F070213E4AE0B9599CF6348B0EAC781225457
1382170892 65149 61836 A6BAF367F1DACF5E88A7DB7A1997EB8C53D9F613FA4DD7C61FE4DAC449BC2A41
1386326783 10992 660 7C20F6CF1A09EEE4F40FE6F70B0F070213E4AE0B9599CF6348B0EAC781225457
1390535177 2526 55035 7C20F6CF1A09EEE4F40FE6F70B0F070213E4AE0B9599CF6348B0EAC781225457
1389840856 4207 22614 B4E52DCF5A0B1C285724BCFF294AB1BAA05537873A2082991FA66547EDA63A9D
1389590063 25670 5773 7C20F6CF1A09EEE4F40FE6F70B0F070213E4AE0B9599CF6348B0EAC781225457
1382249452 14704 11103 7C20F6CF1A09EEE4F40FE6F70B0F070213E4AE0B9599CF6348B0EAC781225457
1381812040 36699 44655 1AB89C0B8DDC38895891D78CD4C2BCF026E59E103E4E3AED5EF1C83C80A4E6E4
1382928611 18737 16958 319F4FCB3642D97AC09749CB169AA22D5F5715322537543AD1D8B198A854E3EC
1387888896 42751 16713 C83BAC1CB42CE6EA2CC450647F88E70722BB7C1A29035851E18432FC94312678
1388154754 33839 44225 C6C3B853335E95C256C6EACC5396CE2ED479103C0666875AA260ABBC6CE63AA8
1383070684 16142 14770 7C20F6CF1A09EEE4F40FE6F70B0F070213E4AE0B9599CF6348B0EAC781225457
1390962517 55151 58232 E78DB197CE7FBA4906B8792853D55A5E2F5A28112C92B7A2BE7F87A221CE5253
1387140188 46517 12478 A29C974EA71EF24E3E7EFE1100FB4A619B0B36E6D00B31237DE285413894B5F9
1385550023 45159 10890 D5BA7A646FB0F9631D6637565A4192D2F40821A21B89B8B7D191702D10C8AEBA
1387668135 43091 26120 0D9D07CD47F0DA00A982A42CEFC8EAFC58565B5F9A712E982718FA5841E5E3B9
1386264469 30901 58350 17A1FAD975AC95B2DF795A38ED2061B138C0A3216B8DD7CE021444A4FAE67D8C
1382361790 40405 23314 59F40D0E228784280411F4E3ABE30662BEECC2630BAD260B78EEC943D12B1E4C
1386605555 32267 3632 D9C8DC730EC08DADF376B66C18BD0F06F5A93F09554FCBD536D36663173BBBB1
1383512507 34012 36815 7C20F6CF1A09EEE4F40FE6F70B0F070213E4AE0B9599CF6348B0EAC781225457
1384000178 28602 4114 7C20F6CF1A09EEE4F40FE6F70B0F070213E4AE0B9599CF6348B0EAC781225457
1381930229 29497 47486 32885A499B1F8F6A2945CD82F34B7DB25CD4412346D558D2EC0EA271B0783C95
1387766134 51446 47424 7C20F6CF1A09EEE4F40FE6F70B0F070213E4AE0B9599CF6348B0EAC781225457
1392051854 56806 18932 7C20F6CF1A09EEE4F40FE6F70B0F070213E4AE0B9599CF6348B0EAC781225457
1385848480 5886 45729 7C20F6CF1A09EEE4F40FE6F70B0F070213E4AE0B9599CF6348B0EAC781225457
1389429524 16977 5601 10BB51F29DFEF5016893D855A7B09A50AD3EDE8D1F5B497CDB43A7E3204FF54D
1389050824 61686 21611 7C20F6CF1A09EEE4F40FE6F70B0F070213E4AE0B9599CF6348B0EAC781225457
1388144731 726 4322 7C20F6CF1A09EEE4F40FE6F70B0F070213E4AE0B9599CF6348B0EAC781225457
1384741966 3246 20313 7C20F6CF1A09EEE4F40FE6F70B0F070213E4AE0B9599CF6348B0EAC781225457
1386317830 30004 25529 7C20F6CF1A09EEE4F40FE6F70B0F070213E4AE0B9599CF6348B0EAC781225457
1390155307 14403 28044 C5834CB612B524924F2AF6041602AA249837E9E56A8290C88D94BFFFEC3E0281
1381296735 45909 2871 7369D3B8C55C36834C424A0596740A718690D06FCD1D1BB35E4817CE178C7C70
1382898100 22325 62334 627306298E6E6EB7EF3C37F44532419DE0CDE67491FA93643D2F1C4A3A0BAEF1
1392040621 4959 47517 99D710190506D2C038DB5937161816A51BCB82EE488124ABCE7AE20604EB98FD
1385211101 44638 36739 7C20F6CF1A09EEE4F40FE6F70B0F070213E4AE0B9599CF6348B0EAC781225457
1389311468 43401 52444 2390502B8F6259D1F4BA80B535CEB0C1FD8188638876DE7ED8C058591193729A
1383718512 15373 53200 75CEAD89F1580DBF4F3DD78CAC3D14933BBA01C9D5CF56965551219CB65CA81E
1388317688 8560 22944 7C20F6CF1A09EEE4F40FE6F70B0F070213E4AE0B9599CF6348B0EAC781225457
1384646508 50169 40996 A65C8A4588DBAF9A1B916A1158381009D875AE77E599DAA152AE0A11A515C979

Total of 0 tasks calculated error.
