Total of 100 tasks calculated correctly, accuracy 100.00% 
1393124057 60605 65352 29A08ACB6B0A70D297BFE502B3C8A26910A62F719C8E397621FD72E8CFBA100D
1399383389 29047 21661 2DF31E7CC2859C75DD9F924D61C91F2C6D24F58C0802472D5D3DC7462BF831B2
1399805473 15915 58493 5838ED2A4C86DA1DD5DB57E0CA7FE5A399AE0529FBD4E129F1B0DA59D9A0C7D1
1402463392 18216 21485 7C20F6CF1A09EEE4F40FE6F70B0F070213E4AE0B9599CF6348B0EAC781225457
1397703471 16243 4810 FE114F1C2EF7F046B12B84ABF5E26701399A030349613F9778BA1B520BAAE165
1398804546 27250 38911 7C20F6CF1A09EEE4F40FE6F70B0F070213E4AE0B9599CF6348B0EAC781225457
1395088948 34060 9809 7C20F6CF1A09EEE4F40FE6F70B0F070213E4AE0B9599CF6348B0EAC781225457
1395829355 33895 6660 9B2ED2384B7A2A68B146778664CE65269128DC08D9549554B9225B37D00C7992
1395235367 17420 62519 7C20F6CF1A09EEE4F40FE6F70B0F070213E4AE0B9599CF6348B0EAC781225457
1404098448 611 25052 2AC26CBFCED4554970CADDB6044A334368C8639063F0949ED96FFC62AC874BE0
1400769325 38862 12682 7C20F6CF1A09EEE4F40FE6F70B0F070213E4AE0B9599CF6348B0EAC781225457
1398131168 1597 19328 0D346C7058BC02A5844562B992F6D5CB468CDD999422940F50FCD9B062F5D9AC
1399066256 50450 17436 7C20F6CF1A09EEE4F40FE6F70B0F070213E4AE0B9599CF6348B0EAC781225457
1403381555 34715 7512 754EDF850F394B79B080F5857FC077AF573625B3D9FBA090E384D15C4C399E8D
1395359707 5152 38564 7C20F6CF1A09EEE4F40FE6F70B0F070213E4AE0B9599CF6348B0EAC781225457
1401309272 34014 15481 7C20F6CF1A09EEE4F40FE6F70B0F070213E4AE0B9599CF6348B0EAC781225457
1395596770 27674 31755 7C20F6CF1A09EEE4F40FE6F70B0F070213E4AE0B9599CF6348B0EAC781225457
1395848123 50248 37661 7C20F6CF1A09EEE4F40FE6F70B0F070213E4AE0B9599CF6348B0EAC781225457
1401908076 3849 25943 ABA8059AC97004D83327057C419E2277BB6A4F30A24163DA15E1E36798C0BEE3
1394315560 26831 16095 9DE0FB852CC6252F4DB01B4B180CA3FEA670BCA10BA0C61458FA2E9FB0BEC3F1
1404349897 44291 32205 586F68D61454FFFBDE6A4A9BC4FAAC064FD3A2355AEB308F3128F1518A89BF9C
1394584675 143 6832 72E36CBA38575C3523ABB4E84039D019348C719962DF2DAC2DABC53A9A5C17AF
1398713284 64493 27786 0FABFC71D5D6F6F4DA974F89DEFCC90F9CE9767D6AA6588BF3AAF1650DA01F1F
1394204832 13122 58599 7C20F6CF1A09EEE4F40FE6F70B0F070213E4AE0B9599CF6348B0EAC781225457
1401400190 4665 32068 7B44CA4840B3B401982FD46D0EF282B9C3D2C7915E5280117CADEF6647461526
1397724280 21682 2379 7C20F6CF1A09EEE4F40FE6F70B0F070213E4AE0B9599CF6348B0EAC781225457
1394126222 64443 27795 35EDF7E042D9B101C3970649D53671657D771AADE88D35B8F9459F358F5ABB04
1392517739 33351 16715 5DDF905E5A5C1D2EE78D21DED7228CD706439FC38952AB809778D6B8F2A5F7C3
1395654091 36647 29955 AA6EDEBA56CF3CA08FCD112159B98F950A61CFDEE3F00A055965ACEA0A00E66A
1403521630 62214 56279 7C20F6CF1A09EEE4F40FE6F70B0F070213E4AE0B9599CF6348B0EAC781225457
1400174210 42163 34932 4717A0F70D20CA707A0DF3798560C422CF1D625038D9329F0671ED1777C34458
1394293125 25859 35873 97F2C9B0AFA5AF0A318ACBFF83AB18419198A3560FFB9FEE788CCCF8495757D0
1393664786 35617 3854 55B14539CB8D4E345E640160861B6F865884852CD9F7291779E545FC541B53CE
1400176854 60001 5849 B7F8A6D3A7F9D83F1CF9F23061A631845EBE6ED7D977657099EB319EC3811B4A
1403453436 41626 23436 7C20F6CF1A09EEE4F40FE6F70B0F070213E4AE0B9599CF6348B0EAC781225457
1393712657 63283 15614 B15CDF6AE7F143907F3E180FA036278F75B48E2DFA318F82DA7745C6AA906D09
1403881378 53011 33869 EEBE588B4A4AF3D7D1B7B889EBEB06881E55FE9E3DEE897F522C610A4AD048D5
1398865129 16843 53461 25694B766E5F6985E848CFF379B005FBC38D4D25327CC76053FFE54C27B1FCF1
1403898486 14529 42143 6DB1CF95A3702DF19E8785A7B3F33C237DA824BF23272FCF15EF395D3AEA739B
1403891621 44750 30560 7C20F6CF1A09EEE4F40FE6F70B0F070213E4AE0B9599CF6348B0EAC781225457
1399133898 30764 17649 7C20F6CF1A09EEE4F40FE6F70B0F070213E4AE0B9599CF6348B0EAC781225457
1401865655 26282 21194 7C20F6CF1A09EEE4F40FE6F70B0F070213E4AE0B9599CF6348B0EAC781225457
1398541296 36065 3416 C6A32896384774927E41F18BD514800DE0E25BD9CA87281075C6D6EFB195046F
1399997238 62704 57858 7C20F6CF1A09EEE4F40FE6F70B0F070213E4AE0B9599CF6348B0EAC781225457
1404281234 50136 32762 7C20F6CF1A09EEE4F40FE6F70B0F070213E4AE0B9599CF6348B0EAC781225457
1395360267 1093 12270 6BCE3CB9D0E26BE01A63A1934822F344FE59DA79ABA39CE26A202BAF760AB901
1395525954 48059 39901 05CE8F4072A4FBAC2E2F6E30F6BA08DA526255DF0DCD14CDAEECF0430FAB99F4
1395858172 19973 3632 3E5452CFA5C5EC91B5B3A752E6EBFC7D1E9A58F46D684481580DAA2C40E58FFD
1403303069 37226 62840 7C20F6CF1A09EEE4F40FE6F70B0F070213E4AE0B9599CF6348B0EAC781225457
1400409766 44489 28827 3D864AD15B5DF300BC13FB65AE1607B6433BFD609475E5A351ECA8DB5C00DF1F
1403151829 49191 55638 B88E15A61DD4037B1BB336E247EA85D13C81B057612BBCFB9C452F6F566A827D
1401606201 15396 47754 7C20F6CF1A09EEE4F40FE6F70B0F070213E4AE0B9599CF6348B0EAC781225457
1402716044 7132 40850 7C20F6CF1A09EEE4F40FE6F70B0F070213E4AE0B9599CF6348B0EAC781225457
1392811041 14368 20148 7C20F6CF1A09EEE4F40FE6F70B0F070213E4AE0B9599CF6348B0EAC781225457
1400226334 4709 2014 B327B1A5861F4B5290354C23CA1B473E3898100F72B3EC73D993B464D0C634D3
1394570286 25067 36242 D2BAA73FC2C9E830D60063F583538B438CFC715522017435D32EB28F394C7B24
1394602350 39262 57045 7C20F6CF1A09EEE4F40FE6F70B0F070213E4AE0B9599CF6348B0EAC781225457
1402672139 162 13447 7C20F6CF1A09EEE4F40FE6F70B0F070213E4AE0B9599CF6348B0EAC781225457
1404333617 48129 7161 7BE28D419DAA5E7B7398E7DF623A0E78ED19B97BA3920CB8D5781AA32583D1DC
1404201403 47840 15248 7C20F6CF1A09EEE4F40FE6F70B0F070213E4AE0B9599CF6348B0EAC781225457
1404020537 1458 6022 7C20F6CF1A09EEE4F40FE6F70B0F070213E4AE0B9599CF6348B0EAC781225457
1396262349 8263 18929 C33930834E892463CA3A33C5C2326DA3035D34865AD105B4F456D508A4E91C54
1402663681 37959 3844 9AC347C42DBAF654BF48770277D44BDF32B1008571841F68D2FAFC2B9C836050
1400835005 19128 1629 7C20F6CF1A09EEE4F40FE6F70B0F070213E4AE0B9599CF6348B0EAC781225457
1396225726 62114 40902 7C20F6CF1A09EEE4F40FE6F70B0F070213E4AE0B9599CF6348B0EAC781225457
1399109484 19049 7212 132038D61E6A6B643718A694C9E7BAF2228779C22137E6E1898B335A30D72336
1404260087 3715 8757 715E9CA2E1CF81DD451447F5C4FF7762F433C2D14B044DA6E036F1A93A2323EC
1396328486 15072 44925 7C20F6CF1A09EEE4F40FE6F70B0F070213E4AE0B9599CF6348B0EAC781225457
1393689262 19597 48155 0B38A101FF19CA7754EEE8F66C3E2A8647E65D4A1031571DBAE8325F46BBC530
1397834439 48677 15100 5EFD9EFA1004CA215C66BD5FEDBD73B130F0537E9D3D82D7008E6834D9D486AF
1397899011 4461 1980 37FC5200211CEB23E11B83A397FDE6158F50BEB1FBE65E0658D87081A2ADCE33
1404097820 12168 21853 7C20F6CF1A09EEE4F40FE6F70B0F070213E4AE0B9599CF6348B0EAC781225457
1402674850 29004 62821 7C20F6CF1A09EEE4F40FE6F70B0F070213E4AE0B9599CF6348B0EAC781225457
1397872667 45048 22540 7C20F6CF1A09EEE4F40FE6F70B0F070213E4AE0B9599CF6348B0EAC781225457
1394502186 50874 29487 7C20F6CF1A09EEE4F40FE6F70B0F070213E4AE0B9599CF6348B0EAC781225457
1395759408 41542 33356 7C20F6CF1A09EEE4F40FE6F70B0F070213E4AE0B9599CF6348B0EAC781225457
1396530308 28422 38397 7C20F6CF1A09EEE4F40FE6F70B0F070213E4AE0B9599CF6348B0EAC781225457
1393116302 16658 18234 7C20F6CF1A09EEE4F40FE6F70B0F070213E4AE0B9599CF6348B0EAC781225457
1403419265 42662 47455 7C20F6CF1A09EEE4F40FE6F70B0F070213E4AE0B9599CF6348B0EAC781225457
1393930451 10919 37380 9BA00924FF1202F4223840EBA3341B52865C8AA224C599984CC78A2FA3E66B46
1403144504 38823 60822 C746DA6FCF78E4F1DD6BC6CDD9CEF1A0742348F4C6F23BAC94C40034B8211471
1400047249 45082 10343 7C20F6CF1A09EEE4F40FE6F70B0F070213E4AE0B9599CF6348B0EAC781225457
1401822646 31187 43829 F2B751C407CACF403314049119C0E7FA9A8992697718CD968F529932FFDC7437
1401740167 38127 15703 AEDD0CC7C35C5D72278074710591356C51CE3CD4DAED11F769E4E0E3429F7B8C
1399909344 24679 3019 6C941B03375CDA0A2CDE91F0BFDEDBE5EC035140A64067440C9D8AFAB9083137
1401328528 43310 19700 7C20F6CF1A09EEE4F40FE6F70B0F070213E4AE0B9599CF6348B0EAC781225457
1402297641 8770 50259 7C20F6CF1A09EEE4F40FE6F70B0F070213E4AE0B9599CF6348B0EAC781225457
1401877532 26314 37598 7C20F6CF1A09EEE4F40FE6F70B0F070213E4AE0B9599CF6348B0EAC781225457
1401617199 20094 51042 7C20F6CF1A09EEE4F40FE6F70B0F070213E4AE0B9599CF6348B0EAC781225457
1397273021 40020 64637 7C20F6CF1A09EEE4F40FE6F70B0F070213E4AE0B9599CF6348B0EAC781225457
1404162837 41213 9135 E5C96AE25F4602B90B8AA4077C53F3B051ED3F0D30A91FD0991D9336BE496B9A
1399289596 44649 37750 86AA7E22C5AB1A3940EA3560AA94FDAFCE9919D9C6C9F78D24BBC24BF3D8AE5A
1392593418 32231 699 88E7F2A4007BAD16E91367492AA29B9A3ECE79309615FFC21B0AB67B13ED5243
1403592931 62600 58710 7C20F6CF1A09EEE4F40FE6F70B0F070213E4AE0B9599CF6348B0EAC781225457
1393451798 54930 9040 7C20F6CF1A09EEE4F40FE6F70B0F070213E4AE0B9599CF6348B0EAC781225457
1401996783 34629 58234 D01E90496A7451796D206E92B7240929305546D7B3397B715EDC6BC07AC5D065
1401336572 59324 57820 7C20F6CF1A09EEE4F40FE6F70B0F070213E4AE0B9599CF6348B0EAC781225457
1403830081 59964 39919 7C20F6CF1A09EEE4F40FE6F70B0F070213E4AE0B9599CF6348B0EAC781225457
1397014153 46783 48040 C4924D72D60DC2DD8932E03EC02BABD9692EA3D2D54DE226D5020C3619B91E58
1401474697 62973 6812 95474E801774B65BF4F8C1A99FB41670E69C147A81B7A7D7D75E4F4B97914479

Total of 0 tasks calculated error.
