Total of 100 tasks calculated correctly, accuracy 100.00% 
1439390257 61742 37658 7C20F6CF1A09EEE4F40FE6F70B0F070213E4AE0B9599CF6348B0EAC781225457
1431211575 16469 33107 5B8971C1037CF8FF2EFFF66E1B3404AF33DB4730E5646BADDBB7F21EBC3ADFDC
1429189494 47359 1412 A9E4C6D07B5C4721AA8A5B8F3E231A68C7EAEDB80344F8DD58C31B8573095674
1429517068 51771 16197 BDF95BECA22699E24657893E49DD099C05E06A1E0304A09EC222995AFCAA83EB
1438032584 24113 30023 9BAC817504D005DF978AC2578B7A8F3C46946D815AD7643751155DB61C7B4A16
1430745601 4082 21497 7C20F6CF1A09EEE4F40FE6F70B0F070213E4AE0B9599CF6348B0EAC781225457
1429320523 18543 25480 4252CB56738133ACB929A9F356CC126040A9F16498DE0F7BA60885BC3EE31F18
1437812026 10560 5697 7C20F6CF1A09EEE4F40FE6F70B0F070213E4AE0B9599CF6348B0EAC781225457
1435910499 24711 19083 F9A4BA7BE6965400D4DFDE146821614A2C4EE2A53903653B98768193F4139A1F
1429419443 62357 13954 A35BBA37E0FE621745631AB579F8EA74B79766D358237581313991E53342159E
1435173422 39717 39295 BF2C3904E3CFE339D179B606088BB943612C825CC2D154DEC7636422D4591600
1435661868 39181 16795 33F5AE096B6EFAE89DF48E5E4CF8B4171296DACA5A3A416CB6BAD2C8FEEAC898
1435795379 49922 844 7C20F6CF1A09EEE4F40FE6F70B0F070213E4AE0B9599CF6348B0EAC781225457
1434408757 19202 6017 7C20F6CF1A09EEE4F40FE6F70B0F070213E4AE0B9599CF6348B0EAC781225457
1432232526 63693 42513 11D742DE7473D8244A800D2390B33C622B9515B0DFBD213ED72EB5C679B9C2F4
1431546541 51794 25489 7C20F6CF1A09EEE4F40FE6F70B0F070213E4AE0B9599CF6348B0EAC781225457
1437568093 21436 65189 7C20F6CF1A09EEE4F40FE6F70B0F070213E4AE0B9599CF6348B0EAC781225457
1437335979 1407 10316 AC0711E2BC66E3B2182E3668F06E956A2B4475DB2B5352CE9D2D2B27AF245214
1434625334 22523 57820 B2D2DA824C9FAD12684E567A608E022D34C0EA3304DA37DF73853035673FCD6D
1433259245 45381 56070 D82AAC7A9A3AD43D8A18E343888C96C7144626D1B1003A9ED7431E3333091273
1437253528 9236 53719 7C20F6CF1A09EEE4F40FE6F70B0F070213E4AE0B9599CF6348B0EAC781225457
1439241290 10934 31380 7C20F6CF1A09EEE4F40FE6F70B0F070213E4AE0B9599CF6348B0EAC781225457
1437897446 11449 16574 594205A5FC35359A70EFB6461B07B0557FBD638082F262ABC593671A0E769AB6
1431441778 26309 45110 2C6F8FC93266137562D0CBC85BAB4CFCDBBB8456D771A46CD77D2BF7F2ABE3EA
1431835876 42987 35060 11FC93B5DEDD8030F88DC5A9256113D14D280E9303B8D448358DB091BC4A6824
1433750436 35483 15549 73A3F8516C27D4FAC06B00479BE550C34EAFAB3B86B7D7A501FBE6D05B71F799
1435777157 15425 50771 494DB345DC3C1C8076E7357F1EB2978CAE1742ABCF2493D3FB4ED0CD0046E22C
1432528794 43635 2109 1C6761A11C23FDCE44523EBBF4C2C0EC7699F6B66C7E6FA623349EE9A55E0320
1431134276 36322 56770 7C20F6CF1A09EEE4F40FE6F70B0F070213E4AE0B9599CF6348B0EAC781225457
1428885935 44223 41198 AAECD1F419970EEAB8D050032D6339239448C7B8C23577F9821379D88EED0BC0
1437964077 46283 19396 31D022EBB93F909D89802969B1348D8E917C58B288711B85C8A5C1A102994CDC
1436548451 11539 8516 BDF8C0D0C54E253B3CF37AE3A1F8AEDFE32DF2C750497AA2125CBB4CB7449AE9
1435553225 17173 1405 28488FF4D4AF1E8CCF8B47496EED56F0D2C343BEC16BB6F595E9E43C369458C9
1439191484 43956 33363 7C20F6CF1A09EEE4F40FE6F70B0F070213E4AE0B9599CF6348B0EAC781225457
1433217775 13899 13345 898FB74DDB2D76ADD805E82B3D2192B62ACC66C0AA0517A9DC64B243B0AF5D08
1431750597 25801 1143 2F99BF19818CEE5FA0B2FCE1C465413D0E961B67F9C6C175F6DE39AF4BF4A550
1437976893 61539 14833 5823A0E2A360E82CC029A0CF33B11E8927B7BDBF1978A498E761BE8EC124D3EA
1432138722 53722 64574 7C20F6CF1A09EEE4F40FE6F70B0F070213E4AE0B9599CF6348B0EAC781225457
1437490904 14056 34602 7C20F6CF1A09EEE4F40FE6F70B0F070213E4AE0B9599CF6348B0EAC781225457
1436854253 15383 48588 D09D21EB6A0D665549A53347ED515862D27FD03DD633FB65AB66015DCD1567FE
1439162398 36962 31553 7C20F6CF1A09EEE4F40FE6F70B0F070213E4AE0B9599CF6348B0EAC781225457
1428911100 60234 26057 7C20F6CF1A09EEE4F40FE6F70B0F070213E4AE0B9599CF6348B0EAC781225457
1429501413 426 54543 7C20F6CF1A09EEE4F40FE6F70B0F070213E4AE0B9599CF6348B0EAC781225457
1429891627 41227 61352 3279845B76B45D9DEADF54371E9CA9C3F7CC295915359FCF098CE99074CA6773
1440290144 40799 20767 E30A5075552FC85C027D189D7FD4D95BA84C11464C20FCC04544D2A9D2CF1EA2
1432666827 38817 52592 F136AB7D64A539AEFC09FAB784809374669C4973721D09727DAECE357AF3AF07
1435831748 21505 27321 C8A9AAF9092DD7FC628A50F9C329F83DCA005FA38CF3E3BDA67C38C1F8C44995
1438455918 9699 53058 05F4CDE2E6AAB49C551C9DDDA9B3B10C02F55D9626853416046233AB8FF11BDA
1437060529 20067 4648 CA71890F3AE73511D348F22A1F6FA519FBF10379B6AAB60243E131F25E8E1F73
1438509352 11692 56431 7C20F6CF1A09EEE4F40FE6F70B0F070213E4AE0B9599CF6348B0EAC781225457
1435559444 9290 1012 7C20F6CF1A09EEE4F40FE6F70B0F070213E4AE0B9599CF6348B0EAC781225457
1432263528 34194 52615 7C20F6CF1A09EEE4F40FE6F70B0F070213E4AE0B9599CF6348B0EAC781225457
1433130887 25916 57461 7C20F6CF1A09EEE4F40FE6F70B0F070213E4AE0B9599CF6348B0EAC781225457
1433998751 22453 4294 53F8C45CBAA37A1374462CBAC293B9DB2980EC55893B32348D873178F05B1A9B
1433066998 14532 33085 7C20F6CF1A09EEE4F40FE6F70B0F070213E4AE0B9599CF6348B0EAC781225457
1435844709 51014 56033 7C20F6CF1A09EEE4F40FE6F70B0F070213E4AE0B9599CF6348B0EAC781225457
1430940709 65026 32904 7C20F6CF1A09EEE4F40FE6F70B0F070213E4AE0B9599CF6348B0EAC781225457
1433561249 12539 59409 D95E3BD4DB7F88308B2800E28A238C2DE7DEF264426E11570B5267D788F5CE69
1438132399 46484 21710 7C20F6CF1A09EEE4F40FE6F70B0F070213E4AE0B9599CF6348B0EAC781225457
1436807518 32268 12380 7C20F6CF1A09EEE4F40FE6F70B0F070213E4AE0B9599CF6348B0EAC781225457
1432938911 39834 28501 7C20F6CF1A09EEE4F40FE6F70B0F070213E4AE0B9599CF6348B0EAC781225457
1439377708 17362 21093 7C20F6CF1A09EEE4F40FE6F70B0F070213E4AE0B9599CF6348B0EAC781225457
1440111102 39938 7344 7C20F6CF1A09EEE4F40FE6F70B0F070213E4AE0B9599CF6348B0EAC781225457
1435561599 27204 9785 7C20F6CF1A09EEE4F40FE6F70B0F070213E4AE0B9599CF6348B0EAC781225457
1430202103 39596 30442 7C20F6CF1A09EEE4F40FE6F70B0F070213E4AE0B9599CF6348B0EAC781225457
1429462322 15662 53691 7C20F6CF1A09EEE4F40FE6F70B0F070213E4AE0B9599CF6348B0EAC781225457
1431722802 25121 11541 0E874DF082930FC33BAE617CFA808FC8D24A71E1B4011A340A37CCC40EA16916
1438145788 54065 18048 522E16621C30A10D75B21AE2273C00B79CB6D63E5590E615C6327650CAB903C0
1434531214 60457 55529 59F3B83DD11CA995FFD81EB906F942782518E413A8210DFCFA9080E89E843F84
1434337235 32590 24364 7C20F6CF1A09EEE4F40FE6F70B0F070213E4AE0B9599CF6348B0EAC781225457
1434066081 43415 52759 F1933C54AF77489BAEF33B7F89BAE1FD038A091047B7D03C85B24FFDCCB276F3
1430127711 61752 15996 7C20F6CF1A09EEE4F40FE6F70B0F070213E4AE0B9599CF6348B0EAC781225457
1429368970 30329 18371 81875FA2D996D373E8003F8B73B6A4DED8BABF031BA4E434323A1303A8D5CED9
1434686556 55643 37529 B83DD8934E1211821B02B8BC34A6F8773A7FB28166514D8C00AABF43E1F98B2F
1432737034 11674 60321 7C20F6CF1A09EEE4F40FE6F70B0F070213E4AE0B9599CF6348B0EAC781225457
1435555441 8389 40294 CF158F6B4307281C71851B649C15C41229E348BE0BC1C540974C5DE3572B9F0E
1437271055 31762 30176 7C20F6CF1A09EEE4F40FE6F70B0F070213E4AE0B9599CF6348B0EAC781225457
1439138554 27036 40019 7C20F6CF1A09EEE4F40FE6F70B0F070213E4AE0B9599CF6348B0EAC781225457
1434487497 10610 10832 7C20F6CF1A09EEE4F40FE6F70B0F070213E4AE0B9599CF6348B0EAC781225457
1439344356 1109 15518 BE400E2FA4E8D27C4C7D1436AC5777CCD9517FF1922A3EC3D968DFECE51D53F4
1432283419 3704 4797 7C20F6CF1A09EEE4F40FE6F70B0F070213E4AE0B9599CF6348B0EAC781225457
1429625085 10254 44349 7C20F6CF1A09EEE4F40FE6F70B0F070213E4AE0B9599CF6348B0EAC781225457
1431857130 39461 6533 C6D8B6C14C57D14B27EE717A765F28F2B1B79A2BF50154A3186801262305A799
1434744698 53760 50774 7C20F6CF1A09EEE4F40FE6F70B0F070213E4AE0B9599CF6348B0EAC781225457
1430935382 41554 57383 7C20F6CF1A09EEE4F40FE6F70B0F070213E4AE0B9599CF6348B0EAC781225457
1439306143 1980 58871 7C20F6CF1A09EEE4F40FE6F70B0F070213E4AE0B9599CF6348B0EAC781225457
1434639112 44674 48728 7C20F6CF1A09EEE4F40FE6F70B0F070213E4AE0B9599CF6348B0EAC781225457
1432132781 19010 45587 7C20F6CF1A09EEE4F40FE6F70B0F070213E4AE0B9599CF6348B0EAC781225457
1435795796 17957 62508 F39B50F2D5D5462598FC5C471574456889EE9882B9E60EC6368F88FDDBFD5727
1437232622 9055 15260 2E67CBDEB16B83AD5DD6A0E9D7330BDAF412B7A6B8D896665882C7FFED0D877A
1431025549 7147 55526 6EE3E0980C2A5F8F7909CC6A0334ED610D4D4BD3030F8F469FA229E55DC5A319
1431667576 63712 20194 7C20F6CF1A09EEE4F40FE6F70B0F070213E4AE0B9599CF6348B0EAC781225457
1430716306 27210 5102 7C20F6CF1A09EEE4F40FE6F70B0F070213E4AE0B9599CF6348B0EAC781225457
1434726724 35048 56464 7C20F6CF1A09EEE4F40FE6F70B0F070213E4AE0B9599CF6348B0EAC781225457
1440233048 22570 38285 7C20F6CF1A09EEE4F40FE6F70B0F070213E4AE0B9599CF6348B0EAC781225457
1438330754 6446 46042 7C20F6CF1A09EEE4F40FE6F70B0F070213E4AE0B9599CF6348B0EAC781225457
1435215006 61105 36793 F95EC8F262CF599300D61B80BA944217E414820197829D8D4D371E5615E5CDCB
1433832982 24303 9612 E6CD91853DDE3E98EA880F00C6BB1EB9B53CD368786333CBA013A219C0D5E3F7
1429829229 48319 52483 C1A2227D757D9A0976B40A82F534DF6F9CC5DA141B06AD5F7750A3A2C1945E17
1440388749 24843 3972 C9F21AC67349C8588B0C6F0E9B59B41281A1CA5C1BC58DBE0C2E43B54B293807

Total of 0 tasks calculated error.
