Total of 100 tasks calculated correctly, accuracy 100.00% 
1445194430 38747 34658 7E66549B510E8900902A8C84DFF139992ECF889108BF38648C47D8ACAC93BDBF
1444377891 11642 2367 7C20F6CF1A09EEE4F40FE6F70B0F070213E4AE0B9599CF6348B0EAC781225457
1450423320 2760 11313 7C20F6CF1A09EEE4F40FE6F70B0F070213E4AE0B9599CF6348B0EAC781225457
1440761112 55847 29866 67122C687AF5946BC250EA52B77A51DAC9D0981A0EC6EA235800595A8A89F109
1443288225 41527 52741 AE88FD447FA4EAE91CE8EAC064A462DE0AFE7990D77680C1BEE50EE014E9ADC0
1449935748 42000 18666 7C20F6CF1A09EEE4F40FE6F70B0F070213E4AE0B9599CF6348B0EAC781225457
1449460287 30850 42081 7C20F6CF1A09EEE4F40FE6F70B0F070213E4AE0B9599CF6348B0EAC781225457
1446830456 41767 13100 70141D286572A6BDA814D4EA7A51769E1B33DD8EC01BB10D5DD2726E6ACF6812
1449059529 210 27519 7C20F6CF1A09EEE4F40FE6F70B0F070213E4AE0B9599CF6348B0EAC781225457
1450275362 49143 51220 A271590EEE4118292FE8089ED5B61AB8CDE9274B8223FD1097ADFB431A36AB48
1450825176 27105 6162 284BCF23B735FC6470B326A252C7F00BE452AF3C29F100F9D439D2AE7B895052
1448715286 41269 52092 107588AF72C15E957D85205704DC2669E2D983891A219BD9175374B7FA6F9366
1441438119 1684 64863 7C20F6CF1A09EEE4F40FE6F70B0F070213E4AE0B9599CF6348B0EAC781225457
1450069904 39198 18261 7C20F6CF1A09EEE4F40FE6F70B0F070213E4AE0B9599CF6348B0EAC781225457
1440888808 24068 49298 7C20F6CF1A09EEE4F40FE6F70B0F070213E4AE0B9599CF6348B0EAC781225457
1451104433 13143 64530 FDC6267604F259256DB25BE1ACDC964D1FE162672C4D0746C665FBAF2E148F86
1444814368 63512 64754 7C20F6CF1A09EEE4F40FE6F70B0F070213E4AE0B9599CF6348B0EAC781225457
1446250030 65325 45328 44E95B4D1820B502C3BD34C75E0C9C6C58C9CF618A1DE8E694EE3D26D126E702
1443217204 57526 13477 7C20F6CF1A09EEE4F40FE6F70B0F070213E4AE0B9599CF6348B0EAC781225457
1450044936 57539 2489 0CEA041A5A54EDB5EF08EE7A936A8734D4C5C06FAC6C2604D822D8BB70FC4DC5
1440685548 13016 59816 7C20F6CF1A09EEE4F40FE6F70B0F070213E4AE0B9599CF6348B0EAC781225457
1443525903 34111 16736 C8C1F340DC4C46CDE97CF9E80F32D10CF5B976EBF86AB1874F0486CF6D5DCFE5
1441524637 9880 56387 7C20F6CF1A09EEE4F40FE6F70B0F070213E4AE0B9599CF6348B0EAC781225457
1447840153 16436 64054 7C20F6CF1A09EEE4F40FE6F70B0F070213E4AE0B9599CF6348B0EAC781225457
1446750060 11242 12073 7C20F6CF1A09EEE4F40FE6F70B0F070213E4AE0B9599CF6348B0EAC781225457
1449983500 62383 9333 12469FF8BF61843F9C565337982925C4E4901DE3EC6FECB170F65D6FDA338EEC
1445042168 31930 53605 7C20F6CF1A09EEE4F40FE6F70B0F070213E4AE0B9599CF6348B0EAC781225457
1449969505 3579 41131 81E8E91056FBD062674AEB0E4AD262D18CA707B59EEC0C2A84F5F131649E15B1
1444780218 107 17131 C87D2C0C50EC33BEDB2B3336A44AB1F943B6A5586AAC8A35A1729B5A73BB3E7D
1447789935 30954 18408 7C20F6CF1A09EEE4F40FE6F70B0F070213E4AE0B9599CF6348B0EAC781225457
1447350801 48876 20434 7C20F6CF1A09EEE4F40FE6F70B0F070213E4AE0B9599CF6348B0EAC781225457
1445552482 31583 57032 D4E4C558089F6215B95DA2E37D494FFB42AC2F3C9D4ED221C373357A80AC5A66
1442284111 53472 39219 7C20F6CF1A09EEE4F40FE6F70B0F070213E4AE0B9599CF6348B0EAC781225457
1451186878 3692 53095 7C20F6CF1A09EEE4F40FE6F70B0F070213E4AE0B9599CF6348B0EAC781225457
1440983129 45996 26385 7C20F6CF1A09EEE4F40FE6F70B0F070213E4AE0B9599CF6348B0EAC781225457
1450396167 29780 50507 7C20F6CF1A09EEE4F40FE6F70B0F070213E4AE0B9599CF6348B0EAC781225457
1442262550 23721 15469 7001A0709938BCC5A1584BD77AC8BA517CC9CA8CA69FD80BCABC4839998B6FAD
1449701129 48154 9715 7C20F6CF1A09EEE4F40FE6F70B0F070213E4AE0B9599CF6348B0EAC781225457
1448160794 8218 46812 7C20F6CF1A09EEE4F40FE6F70B0F070213E4AE0B9599CF6348B0EAC781225457
1452366369 61502 60915 7C20F6CF1A09EEE4F40FE6F70B0F070213E4AE0B9599CF6348B0EAC781225457
1444713248 35133 15379 DBD6A5351B92F81A72E553326C941D077B6C9127858F79F4F655F1AA7EB2649A
1452060170 45094 8216 7C20F6CF1A09EEE4F40FE6F70B0F070213E4AE0B9599CF6348B0EAC781225457
1447440901 24056 57794 7C20F6CF1A09EEE4F40FE6F70B0F070213E4AE0B9599CF6348B0EAC781225457
1443359057 15569 44742 6A37E544D5A950498F1BBC5266855F2B28548645CB7118F641076DFC04256D35
1446981330 4950 49177 7C20F6CF1A09EEE4F40FE6F70B0F070213E4AE0B9599CF6348B0EAC781225457
1444634911 3294 10420 7C20F6CF1A09EEE4F40FE6F70B0F070213E4AE0B9599CF6348B0EAC781225457
1443697723 2489 19413 BEEA74E15CFB97200058C0F579FCF912B6A754E94450F03FB360EE2E2E382DC3
1449676393 32724 62418 7C20F6CF1A09EEE4F40FE6F70B0F070213E4AE0B9599CF6348B0EAC781225457
1442807504 15942 45018 7C20F6CF1A09EEE4F40FE6F70B0F070213E4AE0B9599CF6348B0EAC781225457
1451198918 31270 20481 7C20F6CF1A09EEE4F40FE6F70B0F070213E4AE0B9599CF6348B0EAC781225457
1444762411 62810 7573 7C20F6CF1A09EEE4F40FE6F70B0F070213E4AE0B9599CF6348B0EAC781225457
1450694534 37228 14652 7C20F6CF1A09EEE4F40FE6F70B0F070213E4AE0B9599CF6348B0EAC781225457
1443939608 9048 40368 7C20F6CF1A09EEE4F40FE6F70B0F070213E4AE0B9599CF6348B0EAC781225457
1440924675 44650 58583 7C20F6CF1A09EEE4F40FE6F70B0F070213E4AE0B9599CF6348B0EAC781225457
1443092543 65429 2572 74405634509BFE55BFDD688A2C29C2C9E4EEF0DCF9890C185F04611D33375AD8
1446754725 7438 32337 7C20F6CF1A09EEE4F40FE6F70B0F070213E4AE0B9599CF6348B0EAC781225457
1444864520 40019 24198 72D066D5819A9ED5398590D756E962851FA87E233C6CB2F0E13B4181B4594E77
1446512703 57332 15681 7C20F6CF1A09EEE4F40FE6F70B0F070213E4AE0B9599CF6348B0EAC781225457
1442706815 14464 7577 7C20F6CF1A09EEE4F40FE6F70B0F070213E4AE0B9599CF6348B0EAC781225457
1450296209 32891 40173 C687D1A728FF6B03B82195FCC3312826E50C3F2E974BDE8CA04CEE6E279316B3
1442609443 4721 6965 62DE094825257EE9198F099B2B66BF9223F0A596D7B3D1B836CBBE0903DCD6AB
1443802926 61158 10277 7C20F6CF1A09EEE4F40FE6F70B0F070213E4AE0B9599CF6348B0EAC781225457
1445268394 65509 62786 DF4FFEA62565437CF1291FC2BFBA7A430E49AC35AD85EAA8EEECEC9DD8C3543F
1445548004 7968 17149 7C20F6CF1A09EEE4F40FE6F70B0F070213E4AE0B9599CF6348B0EAC781225457
1449120030 4517 56255 059B58DDD2113B82754FAFB21250980BCB5A7F94FE76275B6F7398899EABEC11
1450167366 23305 25529 3E21A700B6157BD574362E95409C85174910AD7FAEEA611DD742867F239E3C46
1448790227 19424 43315 7C20F6CF1A09EEE4F40FE6F70B0F070213E4AE0B9599CF6348B0EAC781225457
1440557696 53570 50418 7C20F6CF1A09EEE4F40FE6F70B0F070213E4AE0B9599CF6348B0EAC781225457
1447672041 22853 1532 1E6D9A942E3288070446E58A804AEDB9DD8B66247FA2AECB5BA5001A48A94D85
1450869703 30656 43131 7C20F6CF1A09EEE4F40FE6F70B0F070213E4AE0B9599CF6348B0EAC781225457
1449240568 49540 49126 7C20F6CF1A09EEE4F40FE6F70B0F070213E4AE0B9599CF6348B0EAC781225457
1443882798 62404 42912 7C20F6CF1A09EEE4F40FE6F70B0F070213E4AE0B9599CF6348B0EAC781225457
1444156994 43570 15438 7C20F6CF1A09EEE4F40FE6F70B0F070213E4AE0B9599CF6348B0EAC781225457
1445270149 46201 10727 1C34E5105105AFD369AD5C954DA7AB08F6AFAEA5D456B7568737B76F75949810
1444121501 34087 158 BC190A6D6B396075B66123968A634D3B184E7E0C87221B6DC649799A2C9CE13A
1448872099 48635 20248 CB1B2E62CC12A6CE314E356349D1E884A69AF1DAD0C15D2DE019FBA4EDBD0456
1446083808 24698 48862 7C20F6CF1A09EEE4F40FE6F70B0F070213E4AE0B9599CF6348B0EAC781225457
1444138547 46507 32142 79D88405E9CA10021249B78E6B6BBED57571B23CDBCD62BC299CE98F2D242517
1440540754 39399 49988 083411A8A2233B6B2BDF9DEF4C8BD3ABF90F1E7AAF45C68A13E8B2FF97A611B4
1450260963 53586 16996 7C20F6CF1A09EEE4F40FE6F70B0F070213E4AE0B9599CF6348B0EAC781225457
1447580204 26284 7839 7C20F6CF1A09EEE4F40FE6F70B0F070213E4AE0B9599CF6348B0EAC781225457
1441882866 19770 47196 7C20F6CF1A09EEE4F40FE6F70B0F070213E4AE0B9599CF6348B0EAC781225457
1444674945 6779 25239 0DAAB944E8A1FB95662F912779F43492107733BC2A29714855E4FE3B50534177
1445765466 43577 63486 A4F67DCDA3AC8004EE331C90DF1217A7AD245588A420C1EB73AE2E0032203727
1445496905 48048 40426 7C20F6CF1A09EEE4F40FE6F70B0F070213E4AE0B9599CF6348B0EAC781225457
1445024916 35722 28009 7C20F6CF1A09EEE4F40FE6F70B0F070213E4AE0B9599CF6348B0EAC781225457
1443400993 51336 49326 7C20F6CF1A09EEE4F40FE6F70B0F070213E4AE0B9599CF6348B0EAC781225457
1445159274 12874 34874 7C20F6CF1A09EEE4F40FE6F70B0F070213E4AE0B9599CF6348B0EAC781225457
1447395756 51070 34623 7C20F6CF1A09EEE4F40FE6F70B0F070213E4AE0B9599CF6348B0EAC781225457
1447874767 61725 29229 3C8D05F064D9EA02F11C53A89F7C9AAE60548B925BAE818E45217516848657F7
1451877415 54932 28892 7C20F6CF1A09EEE4F40FE6F70B0F070213E4AE0B9599CF6348B0EAC781225457
1451294038 51192 42026 7C20F6CF1A09EEE4F40FE6F70B0F070213E4AE0B9599CF6348B0EAC781225457
1441188690 4872 5202 7C20F6CF1A09EEE4F40FE6F70B0F070213E4AE0B9599CF6348B0EAC781225457
1441625484 38083 54848 9EE2CD93404177A863C2B5A93B91D77FE07F2C1F78D703F5FA9868F91C8E9592
1449812590 19618 31431 7C20F6CF1A09EEE4F40FE6F70B0F070213E4AE0B9599CF6348B0EAC781225457
1449205244 41424 31953 7C20F6CF1A09EEE4F40FE6F70B0F070213E4AE0B9599CF6348B0EAC781225457
1450572267 37970 9317 7C20F6CF1A09EEE4F40FE6F70B0F070213E4AE0B9599CF6348B0EAC781225457
1445567180 20245 64645 E21AE2D55D1D133B09FB95DED0049E6402A869E96B95915CBFFF437B4DC39885
1443463452 39150 7618 7C20F6CF1A09EEE4F40FE6F70B0F070213E4AE0B9599CF6348B0EAC781225457
1444603556 59394 9288 7C20F6CF1A09EEE4F40FE6F70B0F070213E4AE0B9599CF6348B0EAC781225457

Total of 0 tasks calculated error.
