Total of 100 tasks calculated correctly, accuracy 100.00% 
1484435251 24189 30222 5193F600B8D57245BCD2247ACFEAE635012F86035E2CC40483F4E264F3A9F17E
1486123319 60920 62090 7C20F6CF1A09EEE4F40FE6F70B0F070213E4AE0B9599CF6348B0EAC781225457
1482280050 55728 46502 7C20F6CF1A09EEE4F40FE6F70B0F070213E4AE0B9599CF6348B0EAC781225457
1486005823 23898 51736 7C20F6CF1A09EEE4F40FE6F70B0F070213E4AE0B9599CF6348B0EAC781225457
1485639720 6016 25688 7C20F6CF1A09EEE4F40FE6F70B0F070213E4AE0B9599CF6348B0EAC781225457
1482333924 48563 1077 7D9887FFF961D2DC39DA4E7A7CA08DF0A007DEA68C2D530D5EE2DA0D3F9A9758
1477235062 57249 33017 1353171213118C9863C1A8F823931AA36A7F01A8576A9753CBFE5C891D9D11E2
1483419092 18839 9796 B64B8E6732BAF1602B2EC037D4B24916629DD5FC02EBD954BD54B1BA73080474
1486087692 33311 61945 501F0960E6E4015C2F665ED3449B1E26B81E95D22294B5AE826311AC9DFDA327
1478998240 11697 62 B3139C092E8A4590257CD10CB41BFFAF3928DE09084B1AFDA520380D0AF7627B
1483149516 15004 51062 7C20F6CF1A09EEE4F40FE6F70B0F070213E4AE0B9599CF6348B0EAC781225457
1479652549 30716 36497 7C20F6CF1A09EEE4F40FE6F70B0F070213E4AE0B9599CF6348B0EAC781225457
1477391364 4959 14040 9BADFD6EDFB2C83EDD4051F384C4C8A4BC127C4BF5A22AD09F5125B1D70FEB3F
1483068297 1988 63083 7C20F6CF1A09EEE4F40FE6F70B0F070213E4AE0B9599CF6348B0EAC781225457
1483285596 12439 48779 C97C438CA7C02D156C7A23765FC1C5A42BDBB955F4EE0AF56CA426967265EF54
1483470882 3901 9019 24FCAFD1EB3B709CD3E0F4451F1F84F6562741928056AFF72F1A092D894F0039
1482144635 1388 44781 7C20F6CF1A09EEE4F40FE6F70B0F070213E4AE0B9599CF6348B0EAC781225457
1478812582 4263 6417 249A6491826291777329D23CC46105044865FA3590D7D8A3F00A5F1458F29B15
1487385390 29978 5029 7C20F6CF1A09EEE4F40FE6F70B0F070213E4AE0B9599CF6348B0EAC781225457
1482008191 58027 50273 95AABF49EDE8EE7BD6D2DAE812A10EA466C325F69D500BBB879BBE6CDD4ED20A
1483521485 62185 798 CBA7F4680E90300454D852E78BE294C8DCE5201505EB37007B427069F807798F
1477832820 12107 2426 A8798341BE48EEB439F43B815E36757B2D71809ED0099715D7CEE224802B4EC0
1482135529 30432 56838 7C20F6CF1A09EEE4F40FE6F70B0F070213E4AE0B9599CF6348B0EAC781225457
1482039197 44329 14799 753DDF0BE8369B56FD809B7E701909BAED72678A10546AB82227B2FD8828B441
1479352488 46358 13444 7C20F6CF1A09EEE4F40FE6F70B0F070213E4AE0B9599CF6348B0EAC781225457
1486319222 40488 28963 7C20F6CF1A09EEE4F40FE6F70B0F070213E4AE0B9599CF6348B0EAC781225457
1484500911 62791 5879 F1EAB6E56470117BDEEEFB98E1273D2FE10D6DBBD7DF2A2C83BAB4775FF63B69
1476736183 26083 57403 DA493FDEF54C1B5D71960DE888AC40A02D5B1F43708EB383FD02DE20C984C731
1479821909 11266 25974 7C20F6CF1A09EEE4F40FE6F70B0F070213E4AE0B9599CF6348B0EAC781225457
1487155660 35352 22072 7C20F6CF1A09EEE4F40FE6F70B0F070213E4AE0B9599CF6348B0EAC781225457
1486000632 59236 36257 7C20F6CF1A09EEE4F40FE6F70B0F070213E4AE0B9599CF6348B0EAC781225457
1487419004 59563 35823 B6F07CAA07A6B108ACF47E2427CAA59CD9BFE853F219B7739F7B4F2B305F7F15
1484303116 7224 37084 7C20F6CF1A09EEE4F40FE6F70B0F070213E4AE0B9599CF6348B0EAC781225457
1487179340 12621 64846 3E72BFE44737D42944721898E42B382326768E752C50AB8EC32F06EF12026DC3
1478122714 21223 32766 59EE3DB45761C6CB4CE62A1BD718C792E2422A9CE7F4AEE0FE166BED6074C170
1481069980 64912 27931 7C20F6CF1A09EEE4F40FE6F70B0F070213E4AE0B9599CF6348B0EAC781225457
1482491199 62787 36612 9461162600870FABC7E970311DC0EFD900102DB5392A9F9CA06D7666399D7106
1478882396 58775 17931 8D62212A6B0C95EBD5235A52E3DCE73B2DA0A96126A5DB40E66A00E0AD860D6C
1485114250 41679 36596 B6FB671D6BE4D59C9E5D808FCC9B851F6598E06F062AF39DB1BEB2CBF3B17FDF
1477606563 53406 19030 7C20F6CF1A09EEE4F40FE6F70B0F070213E4AE0B9599CF6348B0EAC781225457
1479931020 37819 58074 CB3A841D9DE62214B45D8CEA343C8F7E184B643B9250C282083C75553EC6CC04
1482136256 18470 59663 7C20F6CF1A09EEE4F40FE6F70B0F070213E4AE0B9599CF6348B0EAC781225457
1483260122 5291 38670 62F43138EA6EF61FBC3508AD89994540EF32357326640604F66E9E0A9F922900
1482055777 57854 19084 7C20F6CF1A09EEE4F40FE6F70B0F070213E4AE0B9599CF6348B0EAC781225457
1479378881 44592 34634 7C20F6CF1A09EEE4F40FE6F70B0F070213E4AE0B9599CF6348B0EAC781225457
1478898983 38832 54306 7C20F6CF1A09EEE4F40FE6F70B0F070213E4AE0B9599CF6348B0EAC781225457
1478888932 48811 18163 E855B4016BB7C4567C8B09283C0327EC978478B42FEA135AAA2BADA3945A32ED
1483378059 3855 14897 CEFEC3475E67A3A273EF93FEC9797ACF480B2F34EDE8B7C2E20A080FEF951485
1479929625 22812 59057 7C20F6CF1A09EEE4F40FE6F70B0F070213E4AE0B9599CF6348B0EAC781225457
1477882534 13895 59500 96829C9DB32EEF699494805CF45E0B994D8A81AE93E958282333E2F56F28B4BF
1484786895 21265 46691 157160D5E7A7A84739C7795AEB8BDD41A65E03406B9A36773A0F7FA3D6B683A5
1482895160 14137 37055 0FF346AC595072E698F62F1C71D2C597581CAC699CEAE8FD25D3AD735BDF22ED
1481927915 31527 31080 F0015C6DAD1FCDE50FEA0AD20B69994FCCBCC4FB2B5408A2D17BF0E35359C739
1476842872 29593 46868 AF6FD0414DB41E356A49A61F2E398D30DB389470392176B7FC0D652AA2D4E0E3
1487155124 30140 53236 7C20F6CF1A09EEE4F40FE6F70B0F070213E4AE0B9599CF6348B0EAC781225457
1484843987 22355 58428 02FCC404E72857FDBCAD8903A56EAC3C9FB178ABE65AEA733FA8850E498B2A47
1481270118 32243 37988 A33F9E5FB9B1433953B169C658D4074A5FFFF11D0F0A8E03670652EBBAFDBA30
1481512848 57597 54787 D9C7432817C6BF273E6E9BA4B851082B038FFA715C18EA4D0C7B76D7B970198D
1486049278 49901 19096 DB806CE7DE9F0A476DFC85DDAF9F1FA2EC87993896D4C3EFC2CA731FF7385DB6
1479128411 8470 65203 7C20F6CF1A09EEE4F40FE6F70B0F070213E4AE0B9599CF6348B0EAC781225457
1483861734 52603 10493 5AAC42F5E05BF9238443EB015229A8FF612B8EBE03736B69E5C8D3F84C28DB7C
1481135719 19633 45859 1C3773496D11DABB3E80D3355AF81CA3B61D9FA0C21FA515520230C5082D829E
1485266519 44159 6942 941DAB769B1360BF4435D7D630AB9E993989389E2478B2341F3A4306E71AD789
1484233156 28269 39661 4888CE5BCAD93E63749C50F7649ECDCADF0227BF370699C42AE9E40EC2324B9B
1480375836 16527 55112 230107A4B057DE8A7B2D13D7B34F6071CDBC55AAB8FFBD2FA028182B7F216916
1478145320 30790 3707 7C20F6CF1A09EEE4F40FE6F70B0F070213E4AE0B9599CF6348B0EAC781225457
1482367858 14723 64408 8B99002B784C5A80245DB94C7CC671D56AE60EC32C2944D0807E6B5CFFD13EB9
1482544751 48355 61396 C606FF543AB9EDEDAA9851184DC3ADD1E5CBD3FEB9BD62486BA5ED2F5DD6861D
1477688240 34382 34985 7C20F6CF1A09EEE4F40FE6F70B0F070213E4AE0B9599CF6348B0EAC781225457
1478216268 42237 28817 936FBECFA00D407BA243162B9D4EE7F36307896456DDCF0D3929F72D8166DAA5
1482937937 44786 57439 7C20F6CF1A09EEE4F40FE6F70B0F070213E4AE0B9599CF6348B0EAC781225457
1481132622 27849 33849 84CBCA94E6C9EFC162BF6512AB4357079D4E29094071E833641C4A5C983FA22A
1481371547 58606 53288 7C20F6CF1A09EEE4F40FE6F70B0F070213E4AE0B9599CF6348B0EAC781225457
1479283972 53750 51760 7C20F6CF1A09EEE4F40FE6F70B0F070213E4AE0B9599CF6348B0EAC781225457
1482595249 7285 41834 CF3FE8423B03121870BA4FF544CED64689D64C1CC73B2D8C5D22749C4B3401DE
1483217500 49090 24035 7C20F6CF1A09EEE4F40FE6F70B0F070213E4AE0B9599CF6348B0EAC781225457
1478644707 2674 7287 7C20F6CF1A09EEE4F40FE6F70B0F070213E4AE0B9599CF6348B0EAC781225457
1478848850 62437 31426 7650798E6D53F2D731D6E5D4369DA1D4C383F008A981B5A8DACC862BD6E49AF1
1484032850 9643 4376 BF4B2489A3AD623308E67ED3D12990E2CD2D3A59B731893893F914F1BDBCB199
1482961967 19301 4737 F835C0F08CABC1B0D0E3247D495F9303165131B3A8913F0C8E55C2D882C5A95C
1481963483 59408 29326 7C20F6CF1A09EEE4F40FE6F70B0F070213E4AE0B9599CF6348B0EAC781225457
1487701951 38219 18552 34F1DB0F68EB332A20AB07944FDC34EA59DE90F326796B72D8BB64F7C19CFD96
1482186821 50805 19269 F120E1063259D95E0D057B5339488668C592246FEB245FFC43D2B38269567739
1486182564 49339 43966 0B3D41E3342CCFF5778D73E34442D9CCA25FA02249F58EF7B58E1F507C8E5A21
1482944947 47549 35326 0DDA6B143D8E9F92C9D3939D8D1F361A641F54DEB70B20D0320B37D36D766376
1482034380 50383 25628 B24488A94BC983B42C2CFCDF9D417CE24F12DC25CE6CFF9F38F61AD09B364059
1487086587 37501 28519 50B1B2033E2C663498B2A123C00698BBEC1E15B4CD3CB71D2C4E3A8B4CF60E9A
1485857257 36047 38624 61275D046142E77D717A906CCA5946AE1C9508ABE38FB2F79C35A908639C6D28
1477668976 51445 19301 3E96BCEC9D03CDC5CA744DFE6E5C1F1260FC0454AF2AB4C8F6419B9F62D8E934
1478805530 41681 62078 101BFB75C33E8072A416C4D6AA41BF13D9A76983C1E9C62CFA04BB818A73B95B
1486209313 13929 53380 1F3C60849E423414A9F4D5CAEEC080D543EC8B249637D441E21DE8F2FE988C32
1480096862 59511 46578 41E39F7D8BC1F07AD73883CFA15DA585681879299CC0566AA93508F72B380998
1487152731 51639 13520 926A5AE4FC89810AB37FF4AB9309FFB7BD43D825BC5B1F1E172B18911275EC83
1478790086 41278 4277 7C20F6CF1A09EEE4F40FE6F70B0F070213E4AE0B9599CF6348B0EAC781225457
1483368219 59399 42441 EFB604817B4BFAD991F09767C2066B5E969415BFA146FFCC62E8D49EC672C4E9
1483277450 37670 26048 7C20F6CF1A09EEE4F40FE6F70B0F070213E4AE0B9599CF6348B0EAC781225457
1476953574 48991 40416 F66EC59DBAD6F2F5CB4940615C7D0E6BB78C04D0B277A1A1B9498020FC9490E0
1476566729 29868 42446 7C20F6CF1A09EEE4F40FE6F70B0F070213E4AE0B9599CF6348B0EAC781225457
1484954114 28628 1703 7C20F6CF1A09EEE4F40FE6F70B0F070213E4AE0B9599CF6348B0EAC781225457
1483678067 32730 18889 7C20F6CF1A09EEE4F40FE6F70B0F070213E4AE0B9599CF6348B0EAC781225457

Total of 0 tasks calculated error.
