Total of 100 tasks calculated correctly, accuracy 100.00% 
1516129376 54584 16013 7C20F6CF1A09EEE4F40FE6F70B0F070213E4AE0B9599CF6348B0EAC781225457
1514911785 51322 24828 7C20F6CF1A09EEE4F40FE6F70B0F070213E4AE0B9599CF6348B0EAC781225457
1519677315 52042 21727 7C20F6CF1A09EEE4F40FE6F70B0F070213E4AE0B9599CF6348B0EAC781225457
1516187114 49677 20289 06893B23552C3DEDEA68CA4FDD3A949FB84C0ACDA04DBA1FA82CB7DF64B5FC68
1520358042 43185 22520 A15D79F1FB66731B159FC32D8FFAE982202BC0E5360EFB6DE1B7B86C274BBE47
1516997882 55346 22306 7C20F6CF1A09EEE4F40FE6F70B0F070213E4AE0B9599CF6348B0EAC781225457
1519075365 6283 11267 AC442CE3C71BF189FA793158C099D80D2A184AC99B7FB80BF6BE148417A71501
1522767605 9837 19874 4E5C679577BCCFF7942E5DB64220E43D76F06435CAF40DF05A8731DBFD03D71E
1516545936 35362 51442 7C20F6CF1A09EEE4F40FE6F70B0F070213E4AE0B9599CF6348B0EAC781225457
1519056661 3856 28341 7C20F6CF1A09EEE4F40FE6F70B0F070213E4AE0B9599CF6348B0EAC781225457
1520509768 60282 8357 7C20F6CF1A09EEE4F40FE6F70B0F070213E4AE0B9599CF6348B0EAC781225457
1521425346 14581 41752 A4F7787A0F6360F314CA64E3EA30697C84062E1EF2FCB60780283DC6B875C8AB
1518652873 63818 16733 7C20F6CF1A09EEE4F40FE6F70B0F070213E4AE0B9599CF6348B0EAC781225457
1513972420 35380 14468 7C20F6CF1A09EEE4F40FE6F70B0F070213E4AE0B9599CF6348B0EAC781225457
1521620086 50264 43244 7C20F6CF1A09EEE4F40FE6F70B0F070213E4AE0B9599CF6348B0EAC781225457
1523904186 62390 21764 7C20F6CF1A09EEE4F40FE6F70B0F070213E4AE0B9599CF6348B0EAC781225457
1521555136 33637 29743 465A49DF07B880F8F51BA66B65BC25DA2A1D5362505008D1ED95DA28F8D6E581
1523088096 50179 115 1268E00E62DD59EC503C67EEF2AC508F2D792BFA472921BE4032A2B8AF15D52D
1515122703 8077 40948 1F8BE67C11B242103D0DBF7096E9D746F1076F74EF222A285EC315D3E963E7DB
1520162774 42318 28210 7C20F6CF1A09EEE4F40FE6F70B0F070213E4AE0B9599CF6348B0EAC781225457
1523867670 26736 2657 7C20F6CF1A09EEE4F40FE6F70B0F070213E4AE0B9599CF6348B0EAC781225457
1514495892 49221 60843 A9503515B7797A3AEAF29CC506A58783AB8FA66A0FCF4D2FC031F939243F9B5E
1523211036 1531 58958 74FF140867581247505CE10EBDAD8D3971127FFAFAC0E3CE54B094ADB5ABF24C
1516231452 65190 37829 7C20F6CF1A09EEE4F40FE6F70B0F070213E4AE0B9599CF6348B0EAC781225457
1521226284 21956 7423 7C20F6CF1A09EEE4F40FE6F70B0F070213E4AE0B9599CF6348B0EAC781225457
1516438513 61368 42032 7C20F6CF1A09EEE4F40FE6F70B0F070213E4AE0B9599CF6348B0EAC781225457
1517990420 56709 14720 C7DCDAC223461777C8C9173DE658D46FC56974CEBE015995D3C96B9FB0E9CC95
1517385044 49523 6156 0B3CB631662E8A04F1F0E8E6B3BA2DC9CE35BE53F0A57B6D251B69A1E3ADB1E5
1514586777 54147 30204 FD95498C91F3378F3A7DED222B1E723095EC20C3B5C08267D6DC60C361940D6B
1523689129 33117 10720 AEC125246F23A7B1EE48667162E285144E4C8C222DFB98732169A7A34AD8F487
1512896125 37517 397 6CE5972AA543EFDDE6AF52436716F85E691AEA2F98388855C85412EFE63975D9
1520084945 43091 29183 C1DE35D844DF8AE9784DF360C738B81CB27CBC413D20001E33EB4C546CBC78D4
1513288141 21656 20692 7C20F6CF1A09EEE4F40FE6F70B0F070213E4AE0B9599CF6348B0EAC781225457
1517197660 62862 21992 7C20F6CF1A09EEE4F40FE6F70B0F070213E4AE0B9599CF6348B0EAC781225457
1524074062 17483 51757 94036C2CD0B51694121CBBA63CD6B05F9F453A003E6D7737B586C477EA3385CA
1521221509 4965 50298 A44DA522CCAE7575A8574AD3A152B476452726277056B82B8DAB14A3276E4535
1516038087 18846 22375 7C20F6CF1A09EEE4F40FE6F70B0F070213E4AE0B9599CF6348B0EAC781225457
1517121198 2646 59544 7C20F6CF1A09EEE4F40FE6F70B0F070213E4AE0B9599CF6348B0EAC781225457
1514199304 28960 3657 7C20F6CF1A09EEE4F40FE6F70B0F070213E4AE0B9599CF6348B0EAC781225457
1518634232 22871 29978 40315456E6A1B133C02E969E61F334987ADC7BD3FEC18DC354822161E6C155A8
1519985008 9313 19932 E0E99C46F81B07D008A430354CBD8D1E8CE37F441F5AE6F6336DBFBB43CDC7C7
1521605522 10101 61081 2F49962354B8F45354950734E6B1285D9328BEB89FA46F8277832C3FF2AA1B54
1520866622 8731 14282 2FBA061D754ACF03ECD5E5BED82E95AD42B95D7D70F4EEB82EF73FDFCB95DBBA
1521457874 38965 57238 4F43DBEFF22506263B865F3B4008F460EE4924045CDCB643959962049429A0CC
1519734980 52936 49598 7C20F6CF1A09EEE4F40FE6F70B0F070213E4AE0B9599CF6348B0EAC781225457
1522796005 26705 20825 45EB424A38F2BBC0F424F9274024C7425574B21F0A16B90FEF97F26E56ACF8D2
1513469352 745 23871 1A395D4D8824C9426F75B20E8B2521D7FB7ABA741A918FCD6FBDFC669071890C
1520949922 25410 19338 7C20F6CF1A09EEE4F40FE6F70B0F070213E4AE0B9599CF6348B0EAC781225457
1519009451 34678 22717 7C20F6CF1A09EEE4F40FE6F70B0F070213E4AE0B9599CF6348B0EAC781225457
1519741161 51220 13102 7C20F6CF1A09EEE4F40FE6F70B0F070213E4AE0B9599CF6348B0EAC781225457
1515518971 19314 26587 7C20F6CF1A09EEE4F40FE6F70B0F070213E4AE0B9599CF6348B0EAC781225457
1512749167 27043 59464 890D7D0B0569D7C604A5ECC0396E4F7E67C2D19EC80AA2E45175BC20570C0C63
1516460252 43803 2884 3AA625F5DA831AF55CA6E5F571DDC220E6A61CF0AACD77A444C4DCD428265795
1515543894 41818 20593 7C20F6CF1A09EEE4F40FE6F70B0F070213E4AE0B9599CF6348B0EAC781225457
1521508202 60998 13394 7C20F6CF1A09EEE4F40FE6F70B0F070213E4AE0B9599CF6348B0EAC781225457
1521368228 50960 1836 7C20F6CF1A09EEE4F40FE6F70B0F070213E4AE0B9599CF6348B0EAC781225457
1517973204 22287 10968 F99EC7143105D246826AE45E53AB2430B6AFB2CEFB5B201E87FD2B5659AD3019
1523090297 12997 35052 7F61688AEB3E047C3265CC14B41D4E882FC66939B2300741DBE7C96E39CD4511
1521268837 16685 65405 3D3E622DA7FA1EC46FE024D79697F0452FB6963E94F4D112FE420745E9D949D8
1514075336 13122 45745 7C20F6CF1A09EEE4F40FE6F70B0F070213E4AE0B9599CF6348B0EAC781225457
1515597526 56367 32410 93E98F4C06BB726FE461A9695B810DEAC744006DCA79DB2A5AF1655A515DC70B
1513419849 19446 45090 7C20F6CF1A09EEE4F40FE6F70B0F070213E4AE0B9599CF6348B0EAC781225457
1522900720 20880 19746 7C20F6CF1A09EEE4F40FE6F70B0F070213E4AE0B9599CF6348B0EAC781225457
1522090914 57337 54884 2C5FEB8A6F28B43FE8029B81869B810C2CD020B69E23D5E15A1C0E1FB221110E
1513716007 37308 1501 7C20F6CF1A09EEE4F40FE6F70B0F070213E4AE0B9599CF6348B0EAC781225457
1513375007 42027 9886 82D4577E13A0DB3EACD57EEAE555A83B38AD61FED8F5DA2D0BCD556ADDC995C8
1517853531 58743 54514 601D54DE1D08DA994C9FB96B1781229645FB7554D3E33906F2C00EA6DF98A496
1513297863 59460 37687 7C20F6CF1A09EEE4F40FE6F70B0F070213E4AE0B9599CF6348B0EAC781225457
1520840813 16160 12359 7C20F6CF1A09EEE4F40FE6F70B0F070213E4AE0B9599CF6348B0EAC781225457
1520478181 40546 14094 7C20F6CF1A09EEE4F40FE6F70B0F070213E4AE0B9599CF6348B0EAC781225457
1514991552 63771 53706 96E6037EAA91D9828A223A2268FA8DCDC5053E430EE96CF53E92C5249B129F2F
1516479564 169 48073 71EAC20D60387B2ACC189852C407FFE1B38DE2FEAA026076C5F90831F7065459
1523912404 24587 60612 3BF4FA7024B9FE1D614C358B834C846F23E25AEEAEF4C7AB2565521A4E55B335
1522187558 64393 63856 63A786A2DF920D496DEF944E6D1A0A2DAF626EEE19B90D75BFDBA67123FF7219
1520833236 7843 19613 46E45300F14A2394A8104F11E135C68B945F380EFD1123292AAF212F5EAD77F6
1513229789 63330 3374 7C20F6CF1A09EEE4F40FE6F70B0F070213E4AE0B9599CF6348B0EAC781225457
1519334256 43121 31805 6062F5CDD7089486C20288BF4296AB1E47801BBD4B496CB287D37818F600A3E4
1515487977 10657 58476 B5E6912353E2B9E7AA7D88650025A69F2CE0E337384051018137C7B9DCA52A47
1521843290 31241 11938 51B6E41F44514EC0AEABF03CB615B45A6085A120B57FE18F08EB76F3725E6B53
1512641473 19060 31420 7C20F6CF1A09EEE4F40FE6F70B0F070213E4AE0B9599CF6348B0EAC781225457
1519525761 61990 19770 7C20F6CF1A09EEE4F40FE6F70B0F070213E4AE0B9599CF6348B0EAC781225457
1519616139 2825 29554 4F565AE4E29064B664C57454896A3B526AD60445CA158BE40AE4946CB8B2CCAA
1522053125 12617 7823 62E7C8148131108BA7FF6E23AB86683BF767E122917973BE68FBB30BEF9F508C
1512779031 55198 60757 7C20F6CF1A09EEE4F40FE6F70B0F070213E4AE0B9599CF6348B0EAC781225457
1518341273 46473 8115 BD45F9D98D4C50BA7650C12AADF7492B4842C191D7680C6FF04CD7790CE9A476
1515497815 19933 24639 EB8579B1DA7D831F54DB056231CA8A8469BFB858F9F9371980F04F2EE5AD846D
1520356805 43867 6807 7F6C9F8EA2EBDD631999A272AB18B0169E35723ABF9B2EDCFFC44FEA4FC1AD3C
1518671857 57673 28794 ADFA42B1BD8E60C1D981C3D06CFE19E6C0836669C79D4AB485CC8715E44A3D2A
1524241928 22989 18375 95CE9373944AE94B99F9F07B0D4403E92F6601A393CDA9D3419E515D51651487
1521822629 26600 40861 7C20F6CF1A09EEE4F40FE6F70B0F070213E4AE0B9599CF6348B0EAC781225457
1518974195 9966 49201 7C20F6CF1A09EEE4F40FE6F70B0F070213E4AE0B9599CF6348B0EAC781225457
1518064552 43768 34240 7C20F6CF1A09EEE4F40FE6F70B0F070213E4AE0B9599CF6348B0EAC781225457
1519279571 13874 54120 7C20F6CF1A09EEE4F40FE6F70B0F070213E4AE0B9599CF6348B0EAC781225457
1519460471 12093 35596 AB7208B7F29C54E593BD8F506788E97A5DDE5C188364648C1618952093428AE0
1513560196 49549 30072 C5E0D5A0754D84C8A7F33EB21626111954C3BF79DDA63E36A20005DC9BC095BD
1522674856 11945 50649 59C13A0430A7694DC8AF7245C4713432C8E6C9A2BECF170AFFD30B884952E79A
1515804918 43240 53665 7C20F6CF1A09EEE4F40FE6F70B0F070213E4AE0B9599CF6348B0EAC781225457
1520348569 547 40732 10AA30AB0A467921A320C326F59E4938CE612519118CA8FA5393722CCD72B405
1520177683 31327 3351 5F2B678AF9D032ED6E27CC3D65061F467CB6E7557CDD48633E10E9D54D73FA01
1512548382 31460 48541 7C20F6CF1A09EEE4F40FE6F70B0F070213E4AE0B9599CF6348B0EAC781225457

Total of 0 tasks calculated error.
