Total of 100 tasks calculated correctly, accuracy 100.00% 
1532478659 30527 1478 47A0C91CFBDC7459DB889FC051EE9DD3AFB509677686ADBF43D280475668F6E7
1534461897 64763 17086 18930F250115C83B179E7E89E51B499CFD654CED20383139C59413F8FA712E97
1525534684 46938 19742 7C20F6CF1A09EEE4F40FE6F70B0F070213E4AE0B9599CF6348B0EAC781225457
1530293393 42430 63672 7C20F6CF1A09EEE4F40FE6F70B0F070213E4AE0B9599CF6348B0EAC781225457
1531012734 1521 3553 F0BAB778974B04D3152D28C434097B14D373B7E61A2929134C76AF2778F2A4E0
1530692539 39203 3608 4C8CB52901FAC39F1DF81FC130777F031842B6CFB871A12188D11D5D5C7D06FC
1534497731 45244 21650 7C20F6CF1A09EEE4F40FE6F70B0F070213E4AE0B9599CF6348B0EAC781225457
1532134092 64425 32984 D6E16954837F95CF0903F72D33B09995A4305FE6BA08133599093C32200781C0
1533776361 49498 27439 7C20F6CF1A09EEE4F40FE6F70B0F070213E4AE0B9599CF6348B0EAC781225457
1534065302 30478 44841 7C20F6CF1A09EEE4F40FE6F70B0F070213E4AE0B9599CF6348B0EAC781225457
1530152380 55997 57322 8EB2F62E7FF6C8B2FCB79BDE120B7FAF007C669080E7AA3238ABCC7122DF6401
1529998214 64846 39524 7C20F6CF1A09EEE4F40FE6F70B0F070213E4AE0B9599CF6348B0EAC781225457
1528117589 5956 18690 7C20F6CF1A09EEE4F40FE6F70B0F070213E4AE0B9599CF6348B0EAC781225457
1535209782 50816 4185 7C20F6CF1A09EEE4F40FE6F70B0F070213E4AE0B9599CF6348B0EAC781225457
1528698052 17810 62072 7C20F6CF1A09EEE4F40FE6F70B0F070213E4AE0B9599CF6348B0EAC781225457
1531320838 49484 16889 7C20F6CF1A09EEE4F40FE6F70B0F070213E4AE0B9599CF6348B0EAC781225457
1530370875 61971 28643 BF32AF2111E87AB5ECC7950269037DFD13D0CB2E65F788CDAA9B22370AD0FFCC
1533581181 27153 47758 DF637928A06561C28B21FA4297B880E498452CFB8D37462AF6E3F74520636C10
1534252031 29151 55393 1B9F8172000ACF71131BFBB827F6D59D35B82462865FE41DF0F5CB06279BD7D9
1528212432 2912 10900 7C20F6CF1A09EEE4F40FE6F70B0F070213E4AE0B9599CF6348B0EAC781225457
1525438098 13528 25930 7C20F6CF1A09EEE4F40FE6F70B0F070213E4AE0B9599CF6348B0EAC781225457
1528268198 37442 9082 7C20F6CF1A09EEE4F40FE6F70B0F070213E4AE0B9599CF6348B0EAC781225457
1534834368 49573 48268 A9EDD6AED4EBE0DD33741749E391E8022D2EC26364960293693D2D4976C1E03A
1535347269 63386 42865 7C20F6CF1A09EEE4F40FE6F70B0F070213E4AE0B9599CF6348B0EAC781225457
1530982161 24768 35690 7C20F6CF1A09EEE4F40FE6F70B0F070213E4AE0B9599CF6348B0EAC781225457
1531942552 19361 31204 0FA6CD390B6F2F0549C187641660616D5B0700505A936B03C4F3BD747799CB02
1526310803 46393 57396 A3C2C4B8875E3BBA1015D4CC81001A7F2C3A3C7D1F6C59A4ABEC702222C61ADB
1530595468 65202 54543 7C20F6CF1A09EEE4F40FE6F70B0F070213E4AE0B9599CF6348B0EAC781225457
1527416527 8719 53512 EED9D26E76428C1093716C0D1436232B1B99CA462ED3173DF344B8135D6E7813
1534298741 47674 14973 7C20F6CF1A09EEE4F40FE6F70B0F070213E4AE0B9599CF6348B0EAC781225457
1535209554 4727 1666 7B057591E49FB92C854D9AD881563C0B34D0AD04D3168F07AC9E49557A7055E3
1527876448 44077 44313 A166DDF0BEC0C45D295ED0F4FCA7E9CC7B9D4AFA47FA6479CE9A456F76AB169C
1530391658 47417 54143 56CEFCFD2F7C1AF4256B2D189A04A1C1CEAAC5785D5FC5C2DC38658FE2FD350F
1525645770 21540 9474 7C20F6CF1A09EEE4F40FE6F70B0F070213E4AE0B9599CF6348B0EAC781225457
1526757949 65449 27968 F8223E18156558754C8A45868B2F2EDAA40856D2A2BC6EC32627A6567F733A95
1526379319 42810 5630 7C20F6CF1A09EEE4F40FE6F70B0F070213E4AE0B9599CF6348B0EAC781225457
1526328388 48920 24758 7C20F6CF1A09EEE4F40FE6F70B0F070213E4AE0B9599CF6348B0EAC781225457
1533332204 30419 26057 36DEBE27C6C80B9B6689258B9482559D89E0F5CC56597312E89C921B1042736B
1533227034 7301 1248 BAED9FF5E0B1C4255763C5323330BB82874E7FC924D382C27087B735147FC781
1527486078 23312 10651 7C20F6CF1A09EEE4F40FE6F70B0F070213E4AE0B9599CF6348B0EAC781225457
1533007876 2994 63773 7C20F6CF1A09EEE4F40FE6F70B0F070213E4AE0B9599CF6348B0EAC781225457
1532745780 33488 16017 7C20F6CF1A09EEE4F40FE6F70B0F070213E4AE0B9599CF6348B0EAC781225457
1526181474 42216 29299 7C20F6CF1A09EEE4F40FE6F70B0F070213E4AE0B9599CF6348B0EAC781225457
1535879103 57182 39284 7C20F6CF1A09EEE4F40FE6F70B0F070213E4AE0B9599CF6348B0EAC781225457
1534772119 44243 40845 C81DCA9D71DE5E38DDAEB7D9CE827CF2F4EE4B09100E43A6E2F73B23DBDB7649
1533094642 11832 62912 7C20F6CF1A09EEE4F40FE6F70B0F070213E4AE0B9599CF6348B0EAC781225457
1528189114 40050 32427 7C20F6CF1A09EEE4F40FE6F70B0F070213E4AE0B9599CF6348B0EAC781225457
1532630206 14665 7820 D603F512E86FD0BB026A1A249C4AD87B3F0BE43E72592F1A84E10DF742BD3977
1527714012 20881 44659 AB8EA63C466A18A428E003BCD739CC28E7A5DAFEE0CC462E9375D73EE5B47928
1533774077 19119 25269 27C20729481A76DD01C18AFE8C33D6FF456732502E7E9FB35E045AA968724061
1524984584 13631 38104 51622782BAD820B98D70A50293BD8AC00305A30B5811142EFFC72F7418F9CF9F
1533238979 44725 14676 D5A2749B3E10616BA620C97C6044E6F28B1442D0DC4B3EA0584EBFA27F85EC63
1535202080 11046 961 7C20F6CF1A09EEE4F40FE6F70B0F070213E4AE0B9599CF6348B0EAC781225457
1529327138 21650 53254 7C20F6CF1A09EEE4F40FE6F70B0F070213E4AE0B9599CF6348B0EAC781225457
1534828188 34871 53482 905225A25D17D28D8622BBD04FA4CCC4B5D80DB544A5408CB87E3722FF7FCCAB
1527075738 9922 60214 7C20F6CF1A09EEE4F40FE6F70B0F070213E4AE0B9599CF6348B0EAC781225457
1524753017 18906 41443 7C20F6CF1A09EEE4F40FE6F70B0F070213E4AE0B9599CF6348B0EAC781225457
1527274485 7660 35141 7C20F6CF1A09EEE4F40FE6F70B0F070213E4AE0B9599CF6348B0EAC781225457
1526864378 7770 49323 7C20F6CF1A09EEE4F40FE6F70B0F070213E4AE0B9599CF6348B0EAC781225457
1526652463 56281 38473 AFA9517B0C995FF17433FFBAFE640FF465874D575FA03151904755B858120644
1532940567 47057 57610 B67870672EBD997E935A3FDB74AF2D965E858C8C96E35EB40FB1EC7704EE3A71
1529061872 33913 31400 251ACA918900D0FCDD2EB4F44A81BEAEAB60D9B98E70EB5DF14C1620CB38E51E
1533648176 56552 27702 7C20F6CF1A09EEE4F40FE6F70B0F070213E4AE0B9599CF6348B0EAC781225457
1527461205 32128 1091 7C20F6CF1A09EEE4F40FE6F70B0F070213E4AE0B9599CF6348B0EAC781225457
1531241872 18991 27845 F32851286672DCFD31D1E04503D5CE78DF6BCF9777B8C89D3A0973E7E4B9C165
1530431950 29861 56836 2E63632892C30289AD13FDC958AE8F6A07DC7C3A93B6ADC58F3C298EC45AFAC5
1527742763 47440 57223 7C20F6CF1A09EEE4F40FE6F70B0F070213E4AE0B9599CF6348B0EAC781225457
1534514455 5985 11298 FC06233A7A1412363482FBB0F0EF7BB6E9EF42986352ED942C8462D8977F249D
1527229191 41391 44416 36412CD4694EDFC45FB61519E304E254F54E7CD95714AA89580A323C7D758B46
1529015918 23611 5645 B1F94E195418DA67495D9D97E6CF7DFDBC272FAFFFF113F47E00ADB2F3FD3F57
1525502246 63873 41397 53EBD4BC382BCDE41927ADCEBAB8A76570EA542DEC6A3BFBF81E4D2B92DED09C
1534034701 35765 34137 19847C2EE49B113394C543F99408185984681DC883EEECBB4EEDA17820366921
1535190483 20113 13496 D269C00EA50F88C3F02BAE90359567C8246EBBF3935F8FA3ABD1E558E1AADAFE
1533471739 57853 61069 A2DCDB1B72AB73EF8F270D1961AC951DE2D61B4B2195C3D4E96B9C65E51D26C9
1525148702 4632 18156 7C20F6CF1A09EEE4F40FE6F70B0F070213E4AE0B9599CF6348B0EAC781225457
1525898515 2851 49421 DEBB5C41DC884BD9A8C79250F4EC60892745DC410B84581B217E889C537EAC73
1527755991 43200 55871 7C20F6CF1A09EEE4F40FE6F70B0F070213E4AE0B9599CF6348B0EAC781225457
1533252598 18840 58184 7C20F6CF1A09EEE4F40FE6F70B0F070213E4AE0B9599CF6348B0EAC781225457
1530753123 35346 15593 7C20F6CF1A09EEE4F40FE6F70B0F070213E4AE0B9599CF6348B0EAC781225457
1527752071 53197 54107 41723C01ED8E0124001FF6C75A06E5902970BCCB0CFC08337F05C68F2EC527F6
1530894567 26220 3709 7C20F6CF1A09EEE4F40FE6F70B0F070213E4AE0B9599CF6348B0EAC781225457
1529646567 20774 50183 7C20F6CF1A09EEE4F40FE6F70B0F070213E4AE0B9599CF6348B0EAC781225457
1533960296 32338 59727 7C20F6CF1A09EEE4F40FE6F70B0F070213E4AE0B9599CF6348B0EAC781225457
1533439748 47638 4194 7C20F6CF1A09EEE4F40FE6F70B0F070213E4AE0B9599CF6348B0EAC781225457
1532285446 36508 9751 7C20F6CF1A09EEE4F40FE6F70B0F070213E4AE0B9599CF6348B0EAC781225457
1525190994 5202 25817 7C20F6CF1A09EEE4F40FE6F70B0F070213E4AE0B9599CF6348B0EAC781225457
1525691019 39732 2371 7C20F6CF1A09EEE4F40FE6F70B0F070213E4AE0B9599CF6348B0EAC781225457
1531864190 53610 18313 7C20F6CF1A09EEE4F40FE6F70B0F070213E4AE0B9599CF6348B0EAC781225457
1528929852 41248 60741 7C20F6CF1A09EEE4F40FE6F70B0F070213E4AE0B9599CF6348B0EAC781225457
1533228180 32642 62387 7C20F6CF1A09EEE4F40FE6F70B0F070213E4AE0B9599CF6348B0EAC781225457
1530305535 14734 59527 7C20F6CF1A09EEE4F40FE6F70B0F070213E4AE0B9599CF6348B0EAC781225457
1528958277 16995 52438 B5A1D597F54A3FE6803ED6224754F9CD88542894BE21CE42BB7ECFE7CFEA6410
1530638154 64107 47925 C06C4A9991B0A0A90857A2407A43943AFC4BBBE9359C7905A7BFF186B1E7B834
1530695673 44521 29544 728C0B8F4AB781396D363731239B591681D9E409448D9A2A77EFECB9027852D4
1531392993 47915 56022 458795EBB3EA5661F3A8FB30E3C3B56DA669C13841529BAE0D0CDABFB7E599D3
1527605482 36582 23171 7C20F6CF1A09EEE4F40FE6F70B0F070213E4AE0B9599CF6348B0EAC781225457
1531502780 36055 12689 0408F28DE7ACD9C6A368D7F65111A590CFD2851EA1B9BE87991D61C27F7629DB
1524924849 23756 37285 7C20F6CF1A09EEE4F40FE6F70B0F070213E4AE0B9599CF6348B0EAC781225457
1531291965 32820 4759 7C20F6CF1A09EEE4F40FE6F70B0F070213E4AE0B9599CF6348B0EAC781225457
1530505516 38420 10348 7C20F6CF1A09EEE4F40FE6F70B0F070213E4AE0B9599CF6348B0EAC781225457

Total of 0 tasks calculated error.
