Total of 100 tasks calculated correctly, accuracy 100.00% 
155259939 45373 26302 9DEC39E2360D37C1C836599343F2EFC348B18CBC400718B1C5985479761211E6
153818978 31724 47329 7C20F6CF1A09EEE4F40FE6F70B0F070213E4AE0B9599CF6348B0EAC781225457
155383940 41990 23230 7C20F6CF1A09EEE4F40FE6F70B0F070213E4AE0B9599CF6348B0EAC781225457
145163430 56484 33578 7C20F6CF1A09EEE4F40FE6F70B0F070213E4AE0B9599CF6348B0EAC781225457
152179753 28810 27565 7C20F6CF1A09EEE4F40FE6F70B0F070213E4AE0B9599CF6348B0EAC781225457
152934927 13358 8196 7C20F6CF1A09EEE4F40FE6F70B0F070213E4AE0B9599CF6348B0EAC781225457
153287033 12800 5023 7C20F6CF1A09EEE4F40FE6F70B0F070213E4AE0B9599CF6348B0EAC781225457
144780405 827 15465 AB7F4929BE16CC1887742A803A1504E949F9CC526D2DFFDDC5392BE33D7D3D57
152662999 22860 36289 7C20F6CF1A09EEE4F40FE6F70B0F070213E4AE0B9599CF6348B0EAC781225457
153482351 39221 2213 F0E4CD7BD9E483A02602BF23E4976CD40FA1909535CD45236BE129F950DF0129
153472300 51979 20503 39FE9076EB34F63D7CE1C0E3503ED7D60A4CFA776C70198FC4266662F35381BA
155344961 53601 65448 4F67B92F6432F70A2F14AD6D61EB0A12B6979290855C6EF2954EC820812ABB94
150269125 14212 65093 7C20F6CF1A09EEE4F40FE6F70B0F070213E4AE0B9599CF6348B0EAC781225457
151903539 53485 4914 497B5A1543A188D82624F6272E547BCC453A79A03520D921E76F1525499D4795
147532130 32790 29062 7C20F6CF1A09EEE4F40FE6F70B0F070213E4AE0B9599CF6348B0EAC781225457
153662284 37498 57237 7C20F6CF1A09EEE4F40FE6F70B0F070213E4AE0B9599CF6348B0EAC781225457
154397589 15403 4665 164C62A6395076468F2A5F4B3EA0BF2E192F7FC0270B8D6BED6F2DAD7FFEC58B
151751432 33767 35813 6ACF40F6509F305016757572F9662878CECAD9C720E600AD98780560B94B7132
145565318 27311 11805 D00E4C925E340A7F01B6EF6A5CBBC576A0242DA8BEFD9A87BD8C201FBF672271
147256669 584 59066 7C20F6CF1A09EEE4F40FE6F70B0F070213E4AE0B9599CF6348B0EAC781225457
147970772 2922 26298 7C20F6CF1A09EEE4F40FE6F70B0F070213E4AE0B9599CF6348B0EAC781225457
146002101 11905 47799 2A8357FB5E1AE60910ECB4BD3C24ACFF44DD94A80E7C28926BDF812B8360FB11
149598900 36415 45136 65D72E3C7BA78CA14D36D3E636CD7F6676BAFA9AC30A0A1D449658FA01648251
150630323 47892 22163 7C20F6CF1A09EEE4F40FE6F70B0F070213E4AE0B9599CF6348B0EAC781225457
153327567 36453 2360 BF244D44E0D061866B046C194D3FBEF1D4B7968F77D0222B2AA79A9BD3B52B4D
147827057 50181 485 9B075D509AB333D9573F6EBEAF18F362CCDA00A32F63123CA1995F294EDDF1A2
153486407 33627 53164 CF18A81E59789B3F45DFB83DE6C559CA1C75E02B4174D0489E4307FE927D021C
145259219 51213 3408 024EA81631C6CE021E1FA4FECBD6F50F7CDE07CD4DB600E1F4B0E556ECF8BE65
155496700 2700 14931 7C20F6CF1A09EEE4F40FE6F70B0F070213E4AE0B9599CF6348B0EAC781225457
154558806 13636 23667 7C20F6CF1A09EEE4F40FE6F70B0F070213E4AE0B9599CF6348B0EAC781225457
146079593 13004 9168 7C20F6CF1A09EEE4F40FE6F70B0F070213E4AE0B9599CF6348B0EAC781225457
148722327 31601 24981 D4DBC7331CC7CA6A380A4574E7C326A28A523E21E5CF7A27727E56990F94F85D
151452543 2901 36661 C6C73BA67989DE05D2DD68C1F702E4C1A98AE93882CA808A6CE7893DE729F68F
149397391 26128 58025 7C20F6CF1A09EEE4F40FE6F70B0F070213E4AE0B9599CF6348B0EAC781225457
151982556 2511 58504 2490FE8F4093AC5E54CF77BF540FEBDBDE2B4A3A78216DD8428A07F1A5CCBB4C
151084831 36028 48693 7C20F6CF1A09EEE4F40FE6F70B0F070213E4AE0B9599CF6348B0EAC781225457
145261495 52986 63687 7C20F6CF1A09EEE4F40FE6F70B0F070213E4AE0B9599CF6348B0EAC781225457
149014745 11551 41886 17700AB7A8F2A43C8FCCEA755BD41D41C3E6656CAD6C754F12D3AD9ECA908F09
150904697 13948 17689 7C20F6CF1A09EEE4F40FE6F70B0F070213E4AE0B9599CF6348B0EAC781225457
150700928 13572 19940 7C20F6CF1A09EEE4F40FE6F70B0F070213E4AE0B9599CF6348B0EAC781225457
154237291 9025 55646 202DF946A8C78CF813990A608B17DF40BF6E341A9F3EB54793963E30FECBCB4F
148705510 13711 64933 1A8958E83F55161C0DD1E8256EBE9C5017F4601ADF7DAF11F9D1679027F64F79
147928493 25696 44053 7C20F6CF1A09EEE4F40FE6F70B0F070213E4AE0B9599CF6348B0EAC781225457
150338828 21832 39844 7C20F6CF1A09EEE4F40FE6F70B0F070213E4AE0B9599CF6348B0EAC781225457
152496097 20574 33976 7C20F6CF1A09EEE4F40FE6F70B0F070213E4AE0B9599CF6348B0EAC781225457
154878004 38009 42259 ACE1CED8D865A71E31AF57A1EB6163293C5384C6CC0BAFC8E7B910E2E97173BA
150142446 31643 41256 DB83BD437332E20FB5B3E2D034430F67983F5C445544F16EA9451EA53DDE3D01
145575883 9231 62087 DD4A8D94204781B16490DAA1E038756BD4D5325DD62A2CAA0CF5036248514A17
147804131 25138 26953 7C20F6CF1A09EEE4F40FE6F70B0F070213E4AE0B9599CF6348B0EAC781225457
146540972 22022 45645 7C20F6CF1A09EEE4F40FE6F70B0F070213E4AE0B9599CF6348B0EAC781225457
145324893 24558 34973 7C20F6CF1A09EEE4F40FE6F70B0F070213E4AE0B9599CF6348B0EAC781225457
148318972 46142 10414 7C20F6CF1A09EEE4F40FE6F70B0F070213E4AE0B9599CF6348B0EAC781225457
151740226 16813 31543 13E895E2A3AE6E9C3216308A7AB4F8D1C691F3A02E8C36D3E67C7415B0007F96
148179813 54227 1170 1AF2C2D3C8E21B73EB8AC151CD4E8E1EA7AD4EF3BF918C4EDEEC96E0C12D9CB4
153943112 42336 23761 7C20F6CF1A09EEE4F40FE6F70B0F070213E4AE0B9599CF6348B0EAC781225457
147492250 12738 26453 7C20F6CF1A09EEE4F40FE6F70B0F070213E4AE0B9599CF6348B0EAC781225457
149032067 8017 21385 FA51EDFFE18F5C39EF265742C41A97BBC19B8A86C3C9CC1C082705178B8F8A6F
152802653 52819 19849 B8681BD3BE9ED52491D109F26C522DA6B45C6F3F0A8BC6F6750FA7A23AA054C0
150520289 48805 22379 6A56B928664C8599B9B0FF5491B76D6BAE08EAC6F5E868A05CC92334DD3F586F
155651600 9050 1987 7C20F6CF1A09EEE4F40FE6F70B0F070213E4AE0B9599CF6348B0EAC781225457
150194814 60910 3702 7C20F6CF1A09EEE4F40FE6F70B0F070213E4AE0B9599CF6348B0EAC781225457
149827079 59672 2736 7C20F6CF1A09EEE4F40FE6F70B0F070213E4AE0B9599CF6348B0EAC781225457
154063603 9700 63878 7C20F6CF1A09EEE4F40FE6F70B0F070213E4AE0B9599CF6348B0EAC781225457
144844911 58573 14749 4773E02F68238926152329E31A7A16BAAE9DBE918DC435CC1BA0FC8769B972A8
148576847 64329 19360 850F0B3454920812191EE8665E633E1C48CDE9C127ABBBE13A8670B716159EAA
146290063 40391 9245 17A1C9257AD6BA2FD691050A5DA655E3207BD1305BBDB2B1889A3AE641DF4EE6
145189071 19130 10454 7C20F6CF1A09EEE4F40FE6F70B0F070213E4AE0B9599CF6348B0EAC781225457
150869767 57999 57849 7BDD3BB2F11441038448C4F0E90CA7295342123297D4FDACE2D0D27855C1327F
153338165 337 57029 1AA42F691F3795A46071BF42B7C83F57A20810E9A4FE47E3C1AFC086E9B2D2E9
150033289 23689 34197 9DA191C23A85F319FCD4FBFB2CEE291C800A2519464C306B4F8969616587EB31
153457312 64630 23325 7C20F6CF1A09EEE4F40FE6F70B0F070213E4AE0B9599CF6348B0EAC781225457
145471560 19215 8703 E99C72CD512431CE760ACF8E172871A4F19D5A0851D1C89DB84570315721E17C
149630879 14251 63307 D6233F7378751C4D44DA233C98502CD853A8C01816C35FAE08A54DE37BA78001
153220777 16612 49486 7C20F6CF1A09EEE4F40FE6F70B0F070213E4AE0B9599CF6348B0EAC781225457
146012628 41478 31658 7C20F6CF1A09EEE4F40FE6F70B0F070213E4AE0B9599CF6348B0EAC781225457
147870559 7398 19960 7C20F6CF1A09EEE4F40FE6F70B0F070213E4AE0B9599CF6348B0EAC781225457
153970319 25948 10203 7C20F6CF1A09EEE4F40FE6F70B0F070213E4AE0B9599CF6348B0EAC781225457
147640695 32414 24187 7C20F6CF1A09EEE4F40FE6F70B0F070213E4AE0B9599CF6348B0EAC781225457
149007624 30517 15340 D95914F5070A7174825F89005E6E868C53918170BC611D728A25623FBDFF9C38
145985468 11899 4525 584211B63F1FB4C6A38A16526FDCE28DE18DF119EE9AECE56D99BE94B53E43A1
144835962 5143 34380 35F9E4B0A5F3C4A0931A1553833D5CB15C2D58EE4E2BC53F85EB29B5AD39FDFA
154076694 44502 22579 7C20F6CF1A09EEE4F40FE6F70B0F070213E4AE0B9599CF6348B0EAC781225457
153386759 3569 53860 4F68F496920CDDFA94251F5BB167B08EBD0F3AF6C838F620DD90CAF24E21948F
145226052 48692 21787 7C20F6CF1A09EEE4F40FE6F70B0F070213E4AE0B9599CF6348B0EAC781225457
152347674 62242 10832 7C20F6CF1A09EEE4F40FE6F70B0F070213E4AE0B9599CF6348B0EAC781225457
145238827 44802 11596 7C20F6CF1A09EEE4F40FE6F70B0F070213E4AE0B9599CF6348B0EAC781225457
144801630 47888 31954 7C20F6CF1A09EEE4F40FE6F70B0F070213E4AE0B9599CF6348B0EAC781225457
154143053 44041 46050 F556A8BEEF2B86FF275525663775F0D970B6EE6089ACDE4F58EF3131B2F0AD1B
152074512 14787 4568 9E14684826AE42F21B117528F4F1837F1A77FE8644BB76FBD80828C52012D1A1
153616088 9095 46242 0642021542165E0FB3357807EEF16B5959680C49F6103EB6F7DAA8E0754BFFFC
155295858 36570 43791 7C20F6CF1A09EEE4F40FE6F70B0F070213E4AE0B9599CF6348B0EAC781225457
153244437 54651 49634 7407D005751FD3624843CF380D0D15F840795A9A599BA2C5041839BA99F5F5CA
149158610 9887 16822 A2E33047B4717A4D6A499EB59C7235FF761C27E54138E20D1533B9040F30750D
155224370 60841 54427 7132CA0433E779BA1A15B18A209CD4540C97BA87CA80359AADCC20E5288868AA
147586652 65161 58911 43A6F2017FA86F0C975ACF3E3E55AED71A6EFE484E1232F8DD3A47D355421A1A
148973432 54679 163 9C83B7C634F1B52E9192EA2274954C5F45A637801332D28967E6C87D24E14CFF
155384999 21973 37102 37291727DF71E7D07A2A0D8C56CCE2D2772E317FB0349FFDFD9786A018350BF5
151994363 31401 25768 BEA0D452AD44F078E9CE86E737D04971C4EE4A4A1D0E2BD8A8325BAB8C0822D8
152208307 16377 53882 9C7F1742E14F486881E1B959C31E47A86F1CE36666AF82432014627E6C7F76C8
145451891 60400 45799 7C20F6CF1A09EEE4F40FE6F70B0F070213E4AE0B9599CF6348B0EAC781225457

Total of 0 tasks calculated error.
