Total of 100 tasks calculated correctly, accuracy 100.00% 
1589243039 14690 63294 7C20F6CF1A09EEE4F40FE6F70B0F070213E4AE0B9599CF6348B0EAC781225457
1584799657 8302 62279 7C20F6CF1A09EEE4F40FE6F70B0F070213E4AE0B9599CF6348B0EAC781225457
1587900421 12812 52625 7C20F6CF1A09EEE4F40FE6F70B0F070213E4AE0B9599CF6348B0EAC781225457
1586364365 62753 36653 88ED8FFCB309B5A4CA9F161BB9BDF6DA26DB3E945DF12411B6D595ACD10EFF06
1586059851 19676 13380 7C20F6CF1A09EEE4F40FE6F70B0F070213E4AE0B9599CF6348B0EAC781225457
1585482772 55993 58073 9475F23D60C6BF917BC824114F2812CEE38A57BAB78F32839F5912448B4BD304
1595996337 1738 8741 7C20F6CF1A09EEE4F40FE6F70B0F070213E4AE0B9599CF6348B0EAC781225457
1587439482 47998 6189 7C20F6CF1A09EEE4F40FE6F70B0F070213E4AE0B9599CF6348B0EAC781225457
1589069963 34572 20284 7C20F6CF1A09EEE4F40FE6F70B0F070213E4AE0B9599CF6348B0EAC781225457
1586169555 41945 3109 FB1331412E6B2288BF4F0D1F96012FEA696C3BB7ADCC87159D5C5828CC991D8C
1588189436 35640 21788 7C20F6CF1A09EEE4F40FE6F70B0F070213E4AE0B9599CF6348B0EAC781225457
1584531790 20713 8717 B487934572C91F966B92CF9AE50B7413E8A1A9580F6DF59ED07E6FDCF84EF931
1591946746 51555 3977 245924CFD6DE48BEC1AC586B2783F267F38B29C9D68C9753F59F30A2A3C7367C
1588910015 52199 16795 17612AD8D37EB9FCF43CF97971EA41458167F88DAB35ACB156E78F9137487F08
1591035222 26570 64225 7C20F6CF1A09EEE4F40FE6F70B0F070213E4AE0B9599CF6348B0EAC781225457
1588105051 64843 16129 C712E996F224CB3F0B427AC98F4808B7D3FF2B737DB90A72B6E10FF6DBF565EB
1588962682 16074 62491 7C20F6CF1A09EEE4F40FE6F70B0F070213E4AE0B9599CF6348B0EAC781225457
1588790965 51193 32174 442631DD410CC883DFA80DFEFD259B0FB84238B71A422BD725C61D2406643838
1595674741 12772 27512 7C20F6CF1A09EEE4F40FE6F70B0F070213E4AE0B9599CF6348B0EAC781225457
1592814676 183 9650 C9CBA3A39BFF9CB8E0EB37E154AB30B387FB951DE07CA6555C3BC977E4206E67
1588059483 35723 28407 9C939E81927F61D5A4CCCFD7F4EAB44566C950FA03091934B0DF20DD19926AF6
1590267195 20035 62799 BBA2349D21A60977A1253A2B2CF74F6F8AE5FABF39612514BA2708EF5B20E76B
1585771331 31136 30040 7C20F6CF1A09EEE4F40FE6F70B0F070213E4AE0B9599CF6348B0EAC781225457
1596250934 31308 22529 7C20F6CF1A09EEE4F40FE6F70B0F070213E4AE0B9599CF6348B0EAC781225457
1584541287 39992 27211 7C20F6CF1A09EEE4F40FE6F70B0F070213E4AE0B9599CF6348B0EAC781225457
1588858971 58204 7925 7C20F6CF1A09EEE4F40FE6F70B0F070213E4AE0B9599CF6348B0EAC781225457
1594835545 16593 8564 BEF7A017504B47EB01A9DAD69F84ADC8073819FEF749F044D696170E7A51EDD0
1591618957 7641 26846 CDC2AE28768536B3B56D3FC1C9CE5EBB6A4215BC50B7A814D5B34C9DD7C32CF0
1587478983 64078 6751 7C20F6CF1A09EEE4F40FE6F70B0F070213E4AE0B9599CF6348B0EAC781225457
1596114281 64287 27820 90B988F1039A283B0DF483610803D115DA5DF1BE9B07D1902555622119E6B559
1591188448 57871 37604 C21526237DC519D7EFC56C75D62CD89E629D08F31CB0FA76C5FC259B7DA411A8
1596117997 51491 44992 975CCF17AF1FC022609F7211B38552EED135AF806FCDBFA4F01C630FF7B06A97
1590013008 38923 31087 22EF634C7814BCC34F1D315A18C7502E426218E298D0C511E5D6D16C5BDBF25C
1587349459 35985 20393 4D16D509D4503B9AF43A5F1966F70B234B64B6AE6DAF5CA79EE84E1F3BA861D3
1589777942 9021 9829 7015F17461A0D166CA76C97B9166C67177290986FB167894BB6106C2D20BC0EA
1587140834 35798 7027 7C20F6CF1A09EEE4F40FE6F70B0F070213E4AE0B9599CF6348B0EAC781225457
1585803272 43613 25728 8C27502BFF1DC1A3AAC387B902F4D11CA63A715A3EE337FAB77721029C8FAC75
1589889110 62535 62902 8131646DB2E55FE3CE84738425994B04F2CE68A011F77874712DCEE4127DD207
1593880665 47826 6604 7C20F6CF1A09EEE4F40FE6F70B0F070213E4AE0B9599CF6348B0EAC781225457
1588675362 55236 12665 7C20F6CF1A09EEE4F40FE6F70B0F070213E4AE0B9599CF6348B0EAC781225457
1594429187 602 65174 7C20F6CF1A09EEE4F40FE6F70B0F070213E4AE0B9599CF6348B0EAC781225457
1592116818 51808 12958 7C20F6CF1A09EEE4F40FE6F70B0F070213E4AE0B9599CF6348B0EAC781225457
1588622582 24406 36341 7C20F6CF1A09EEE4F40FE6F70B0F070213E4AE0B9599CF6348B0EAC781225457
1590091219 33668 20650 7C20F6CF1A09EEE4F40FE6F70B0F070213E4AE0B9599CF6348B0EAC781225457
1590194601 65230 5048 7C20F6CF1A09EEE4F40FE6F70B0F070213E4AE0B9599CF6348B0EAC781225457
1590752490 56931 2877 B7010A90DBBD38FF0C8B134CA75A4FA2E5CD56A71943F96370875A9BF8205E5E
1594641479 47726 57425 7C20F6CF1A09EEE4F40FE6F70B0F070213E4AE0B9599CF6348B0EAC781225457
1586454337 42083 52434 3EDB787F56ECFD09B8060163764F9BC4B2E60E8C9339C25FA398657E5CF774F5
1585478083 28202 51894 7C20F6CF1A09EEE4F40FE6F70B0F070213E4AE0B9599CF6348B0EAC781225457
1588510811 8316 301 7C20F6CF1A09EEE4F40FE6F70B0F070213E4AE0B9599CF6348B0EAC781225457
1591791885 6266 450 7C20F6CF1A09EEE4F40FE6F70B0F070213E4AE0B9599CF6348B0EAC781225457
1585246916 37520 47968 7C20F6CF1A09EEE4F40FE6F70B0F070213E4AE0B9599CF6348B0EAC781225457
1595082320 42827 13131 ED8A500FC36BB8C4613658C8D4455280632126210425602446136C371E7FD464
1595926821 65462 22340 7C20F6CF1A09EEE4F40FE6F70B0F070213E4AE0B9599CF6348B0EAC781225457
1590598054 18571 38434 23261F1177C82076DCDB7AD10EA7E5F8A99C4D7A240072D195FD9CA4D2549BF7
1587906186 33601 50702 14D227B1EE4EF0A6BF316A699DAD8485F00EB148C78BFA6B605636CC3658B5A1
1595011842 56936 64791 7C20F6CF1A09EEE4F40FE6F70B0F070213E4AE0B9599CF6348B0EAC781225457
1585921752 52691 46 4D8CB6D14A88F48FC04CD16E7B5A2F73B77010EC616FD6B176912B693069C611
1589695638 8080 59838 7C20F6CF1A09EEE4F40FE6F70B0F070213E4AE0B9599CF6348B0EAC781225457
1592372200 62553 44602 2FE71936846DDD4C93F60AFB5B30B211139ADAAF1E5BACFFD0952E8C6C7992C9
1588850565 21219 28729 F360394BD0913B072F16AFA2F3B570663812C94B6A7A0FAC9656910F87DF0563
1595519425 7632 11124 7C20F6CF1A09EEE4F40FE6F70B0F070213E4AE0B9599CF6348B0EAC781225457
1594012381 42002 34337 7C20F6CF1A09EEE4F40FE6F70B0F070213E4AE0B9599CF6348B0EAC781225457
1586932474 32187 52747 7B29B969ACF6CFB9B9026EB546F28F36725CA51785005B2924D06AA1F0BB0468
1591167371 22813 19509 F1291CE2C4459A33A7E2EF5D95310E99D10B514AB59768BF9B90985DF2AEE63B
1586600575 32689 53183 415BF7C4FE5DD1B6B5A4C114AF866A2D7CCA3CDB4B9AF511461C42A3E339292D
1591390396 63935 43586 2292030D09967FB6A8A5824AB60CCFFC101013F8ADBAE958DC180E5A55B5D04C
1594626653 1229 33326 E871C1B242DA7D4D7A53F604CCD1DC3781BB0D04C4EEF0454005CDFB3C5A8032
1592220506 54121 63413 2EFA5A2DF8900473942C1C11C6EF3F6E10BDD4F6E696E65F76E49F2B9D888103
1593933032 25252 8598 7C20F6CF1A09EEE4F40FE6F70B0F070213E4AE0B9599CF6348B0EAC781225457
1587067943 9778 381 7C20F6CF1A09EEE4F40FE6F70B0F070213E4AE0B9599CF6348B0EAC781225457
1594962877 58620 31323 7C20F6CF1A09EEE4F40FE6F70B0F070213E4AE0B9599CF6348B0EAC781225457
1584849048 40227 19674 16259A5AD8B1EA1304A2566B46710A69A023EE45C6CD9FC7123E467A94EC6A00
1587620777 26853 26674 8D595AFBAC13941A55841FF385E2E343B1D71A92B426AF5BFEEE6481756036BC
1592534511 41125 55452 38FEEA455C8A328C24B97A919D0FB3DB2197A3BAE48812F262595E84B017444D
1587422024 14464 25159 7C20F6CF1A09EEE4F40FE6F70B0F070213E4AE0B9599CF6348B0EAC781225457
1586491376 35600 39324 7C20F6CF1A09EEE4F40FE6F70B0F070213E4AE0B9599CF6348B0EAC781225457
1587928401 34065 48905 A6854010A3547DAE99FFFFA915DBB9A5D5432EA9C04413FDFCC85513990D37DD
1588177957 47483 28497 C2BC3E72C2944A4B29286FAD1BC67DED6A35318BCE6BF05DFF07E2055B874DAA
1588730498 46538 880 7C20F6CF1A09EEE4F40FE6F70B0F070213E4AE0B9599CF6348B0EAC781225457
1595124464 19934 46071 7C20F6CF1A09EEE4F40FE6F70B0F070213E4AE0B9599CF6348B0EAC781225457
1587606667 8223 13814 18B978AEFCE2E660B213E82C5D80014AF6323381E69F52FBC3D2A7EFC190E0B6
1594600194 31497 30839 7E0C596C06C2582F1FEDC0C07853C83038215F6C453B176D3B109D18055417C6
1589284471 53770 47603 7C20F6CF1A09EEE4F40FE6F70B0F070213E4AE0B9599CF6348B0EAC781225457
1588012378 7600 33560 7C20F6CF1A09EEE4F40FE6F70B0F070213E4AE0B9599CF6348B0EAC781225457
1591126149 3636 7000 7C20F6CF1A09EEE4F40FE6F70B0F070213E4AE0B9599CF6348B0EAC781225457
1596235943 8754 26834 7C20F6CF1A09EEE4F40FE6F70B0F070213E4AE0B9599CF6348B0EAC781225457
1596091681 6450 43888 7C20F6CF1A09EEE4F40FE6F70B0F070213E4AE0B9599CF6348B0EAC781225457
1592335007 59936 40232 7C20F6CF1A09EEE4F40FE6F70B0F070213E4AE0B9599CF6348B0EAC781225457
1591805092 62506 63766 7C20F6CF1A09EEE4F40FE6F70B0F070213E4AE0B9599CF6348B0EAC781225457
1595339353 7433 2739 036BAFB2F6BDC14BD90FC5AEC770FAEA16D7C08E44807B6BC3F999D8C304D8D5
1593261657 24244 15797 7C20F6CF1A09EEE4F40FE6F70B0F070213E4AE0B9599CF6348B0EAC781225457
1588351574 55402 7002 7C20F6CF1A09EEE4F40FE6F70B0F070213E4AE0B9599CF6348B0EAC781225457
1594044916 9615 3243 1803A7EFFB5F4F8088777DFB81E1AAB446063982B6EB54717514A5D8F6B07A7D
1595046584 16900 63858 7C20F6CF1A09EEE4F40FE6F70B0F070213E4AE0B9599CF6348B0EAC781225457
1596008877 9664 56068 7C20F6CF1A09EEE4F40FE6F70B0F070213E4AE0B9599CF6348B0EAC781225457
1584977992 52671 53327 D6CD17CA9A7F2138CB495480BB58EACBEB1C7D5770622E8F69805D7A39F52E54
1590285495 700 13267 7C20F6CF1A09EEE4F40FE6F70B0F070213E4AE0B9599CF6348B0EAC781225457
1587723564 26760 18598 7C20F6CF1A09EEE4F40FE6F70B0F070213E4AE0B9599CF6348B0EAC781225457
1585399131 41018 49211 7C20F6CF1A09EEE4F40FE6F70B0F070213E4AE0B9599CF6348B0EAC781225457

Total of 0 tasks calculated error.
