Total of 100 tasks calculated correctly, accuracy 100.00% 
1639412836 17533 24480 83E42ECEA121FED0460E3ECB9D1B006120C257111333CCC82103C614C88BD1EE
1642219278 17554 54730 7C20F6CF1A09EEE4F40FE6F70B0F070213E4AE0B9599CF6348B0EAC781225457
1644302355 57148 15270 7C20F6CF1A09EEE4F40FE6F70B0F070213E4AE0B9599CF6348B0EAC781225457
1635005889 27385 3803 FC224450434CCF1AE51B3C44EE237BA7335B2380B3B6B725DFF0E0C42275CFC7
1643633782 11298 63616 7C20F6CF1A09EEE4F40FE6F70B0F070213E4AE0B9599CF6348B0EAC781225457
1642399999 63184 43884 7C20F6CF1A09EEE4F40FE6F70B0F070213E4AE0B9599CF6348B0EAC781225457
1639228109 45205 55085 87C5433966F268EDDAC5BC4A4495B44868D51C3081BCC9EF7CBDA77B337BAE15
1637656096 29519 61156 B67742BB47051DBC4EEB2A3A3B8932BADB585F8F587F0BD63F6109651B785F1F
1634805697 10444 30603 7C20F6CF1A09EEE4F40FE6F70B0F070213E4AE0B9599CF6348B0EAC781225457
1643707034 17980 52815 7C20F6CF1A09EEE4F40FE6F70B0F070213E4AE0B9599CF6348B0EAC781225457
1633950612 11897 10686 B70CEFDB930F50FEF91F0C4484B48F7ABBEC3ECC0E0C95EBA8EC1E903200E69B
1634134543 25985 64489 AFA8B7B1DD2378B6EF7CFD4F1E582E40B9B3216DD754BABCE622BF7B8C8B1940
1642086696 56942 55975 7C20F6CF1A09EEE4F40FE6F70B0F070213E4AE0B9599CF6348B0EAC781225457
1635099329 4404 38087 7C20F6CF1A09EEE4F40FE6F70B0F070213E4AE0B9599CF6348B0EAC781225457
1633155484 42385 52091 5325DA99CA13FC8BBFE2A09E89E9922E611436E985F4778AE34BF70E5762E337
1634760067 4809 59238 85A035F1B7BF94A0AD82C514FA357F6B3262BE7651E224EDAFB48DEA69DBEE18
1638799978 6046 11268 7C20F6CF1A09EEE4F40FE6F70B0F070213E4AE0B9599CF6348B0EAC781225457
1636919861 54326 4401 7C20F6CF1A09EEE4F40FE6F70B0F070213E4AE0B9599CF6348B0EAC781225457
1636634456 25483 21118 9318BEC3A53A8CD980880B04B0F51178828DBBA19C39CA0B222C86FC11488896
1635391159 51492 61832 7C20F6CF1A09EEE4F40FE6F70B0F070213E4AE0B9599CF6348B0EAC781225457
1637138484 18595 1833 FB899092C73E5853AAC37B9473EB6E9D053B818FBE17B4FA95E3E2AA51D54209
1638245749 54593 44805 6A1248F215F8E9297A2F268637D5439DCB0F9E8B1D7ABAC7A9FA122CEE54AE08
1636470798 12937 2692 916D3B49BE6EF4A2438F360EB7097336C46BA4A83969491F868FCBB7231C85C6
1639525954 29110 57292 7C20F6CF1A09EEE4F40FE6F70B0F070213E4AE0B9599CF6348B0EAC781225457
1636795146 46843 64254 4D5F3EA29CCA2E1FDF9DF7A5DFB2954BE4C800D5A6973A3180A5A4631549ED56
1643864174 60276 15572 7C20F6CF1A09EEE4F40FE6F70B0F070213E4AE0B9599CF6348B0EAC781225457
1642459841 31652 54055 7C20F6CF1A09EEE4F40FE6F70B0F070213E4AE0B9599CF6348B0EAC781225457
1642050858 46867 2295 6B8E3F05CB1CC0163F8037D5ECC5D6401C50087B3B4DA2106AF37CEBE3826EE7
1642421227 11579 48222 F38D63ADBB35B5F7F9EDD73F78196197FB9BAC804D084EAB9E41FB2E424C6F59
1640724302 57300 5296 7C20F6CF1A09EEE4F40FE6F70B0F070213E4AE0B9599CF6348B0EAC781225457
1640297830 62072 51025 7C20F6CF1A09EEE4F40FE6F70B0F070213E4AE0B9599CF6348B0EAC781225457
1638717135 15071 27520 5D5C4E4D22E57411E4D0328795EB0D3F8ABE2F93AD2D3AB9E4F2EEA7456B6F4A
1642994615 52146 8903 7C20F6CF1A09EEE4F40FE6F70B0F070213E4AE0B9599CF6348B0EAC781225457
1636085794 63905 64885 972342FFD45A4AE3FADBFC9400F1E87451C108D591B34B1F59EF148198C3E7A4
1640820175 48467 26106 43F817AF6CF8C32ED8513DC33031CBF0F3C219F987EB3361A5E26A54CEF3571A
1634360088 575 64221 8A8D0710FDCBBFB180C960F7425BF969464933C700A0760FE41BF0A31740DF00
1636449839 33811 33200 32C2BFBFB667B9C3D546B89FD2117E2EC0131E89BDCC7F29B12EB28A13ED9A0A
1642425968 2424 49227 7C20F6CF1A09EEE4F40FE6F70B0F070213E4AE0B9599CF6348B0EAC781225457
1632575116 64383 49833 E779CCB902A820183259C5E0BBC316AF3C071ECC3119EF62F4412B8FBFD8D805
1632827539 56891 60086 CFF312B908484AEB361A2BBB722F2C7B485EE40ABC31381A5A449539B75FAFCF
1642818048 5598 22611 7C20F6CF1A09EEE4F40FE6F70B0F070213E4AE0B9599CF6348B0EAC781225457
1635223090 20564 2753 7C20F6CF1A09EEE4F40FE6F70B0F070213E4AE0B9599CF6348B0EAC781225457
1640725427 28090 60412 7C20F6CF1A09EEE4F40FE6F70B0F070213E4AE0B9599CF6348B0EAC781225457
1639267245 31428 46328 7C20F6CF1A09EEE4F40FE6F70B0F070213E4AE0B9599CF6348B0EAC781225457
1640742252 58811 39136 3ADD54413EA29624FCFFD9523CBF8E9C735C2E993BD786A7FDB2590D162E2BAD
1633615051 63066 14141 7C20F6CF1A09EEE4F40FE6F70B0F070213E4AE0B9599CF6348B0EAC781225457
1644218035 6555 8614 438FA0D26899CA390EE611DBC0FD38A254BABC014131FE74ECD63AC940A4E11F
1643073102 48273 24571 8DB964EEBFE5E2C81F2BD5B56D55F3534617FA3AED604D3844829C69C3F7F53E
1641172588 52391 24722 CBF61A87A5EC0160DE16A21B2E5C83C9B0B30387958A299E470B821C041E168D
1644014271 43169 39049 9DF88C8E16A1E33FCF7D824982AED9ED9D4893AF945CF82AD3CA95CF99AF559F
1635522166 16859 34593 F74E574EE315C354D88FDC7013D89FAB57C04354533C53B945E59CBB68D0A350
1637887668 36002 14394 7C20F6CF1A09EEE4F40FE6F70B0F070213E4AE0B9599CF6348B0EAC781225457
1643303153 49693 19362 318ED7DC4086EC3FA0949DF57AA4D1A85C8F9B72A14006DCE1E4517B70D159EE
1641091999 32152 37757 7C20F6CF1A09EEE4F40FE6F70B0F070213E4AE0B9599CF6348B0EAC781225457
1638163296 2915 56105 1587B1D437769A90364542C20AB3F6B2A6F4601F5A486930D26DEA7D5686C674
1638562437 48887 45985 DADA2471C4222C14AEE13039B63F0BACC214D53140BDE665A1C0033A0C2CA3F3
1633008359 62256 51251 7C20F6CF1A09EEE4F40FE6F70B0F070213E4AE0B9599CF6348B0EAC781225457
1638414385 60537 932 C35ED7354514D118D0F74EB413B3457DFD8177B6EB71D8DD36A9BE9CA37857BE
1641394898 54745 65306 6586EFC944C09506D9B1C350BA223EFBDFC6E4CB54C66BD0B9A61954CD4EEDFE
1633400611 20862 42017 7C20F6CF1A09EEE4F40FE6F70B0F070213E4AE0B9599CF6348B0EAC781225457
1643275351 58341 14903 51DE7AD3E039AE949350F0CC3E55829495E009F58965A194CE5D536847BBB65B
1634353683 12658 5490 7C20F6CF1A09EEE4F40FE6F70B0F070213E4AE0B9599CF6348B0EAC781225457
1636967383 43438 41736 7C20F6CF1A09EEE4F40FE6F70B0F070213E4AE0B9599CF6348B0EAC781225457
1633889278 43001 27792 B6DCE2973A717201182AB31F1A034CAA7AEB73D5F49F071BCF2FE26DCE27D927
1638589628 44817 45177 93F2F1F62784AFAB96DB87EBA4CF9B62DA249022C5835E9032A2D8F1C98F5CEC
1642161616 49753 61797 A2B62658DD6AE070DB7FED55FD2E908064583A5C8C056E9C10E48D81E19A04A2
1635025121 45951 41999 0354220FCA2561ED3919A254F0661C2D50976C4DDCE39541E56C2B772C7D2F5E
1633609093 59807 37327 2DE93D686D3DDE1933CC503B356583E162CC9AE01968F0AF79BA0E946A732E74
1642016891 53970 29480 7C20F6CF1A09EEE4F40FE6F70B0F070213E4AE0B9599CF6348B0EAC781225457
1639902031 34948 3893 7C20F6CF1A09EEE4F40FE6F70B0F070213E4AE0B9599CF6348B0EAC781225457
1642138176 30773 51060 4D587F6443518755A4FAEF2D7AA4F3F343A359BEBFC58859A43F1DAEA9D42169
1637945329 20425 13562 FF34E62909DB661BEEAC66FB7CF9512B65C59E46A3CC5ABCC2E6A29D704A2B5D
1637014743 37149 5572 1CF3D905A7B9DD57C027C884CC2A2F83B91F7FAFB9D615437BEF76629933FEAC
1636145432 41659 7725 D383B2A11280968D298F4D3DCEFEA865EC4020AD6ACD8E70BB251B744E8A6ED4
1636316111 17609 61510 1FED0FAC377A2D9777C23C71EAF46EDB944269F1F2C4C27FF779510C944E87F7
1635972099 17283 25634 757D38CCF8BAFA3243B5B82699EE8A4C49AAB5FBE9AF1E82E542150F02CE49CC
1635767179 7142 46402 7C20F6CF1A09EEE4F40FE6F70B0F070213E4AE0B9599CF6348B0EAC781225457
1635518924 41383 61435 C56C6C47989911100B4FF2E472BF45AC537D48E38E22103B74DDD62957B02592
1634829299 21750 37330 7C20F6CF1A09EEE4F40FE6F70B0F070213E4AE0B9599CF6348B0EAC781225457
1638301409 59428 4261 7C20F6CF1A09EEE4F40FE6F70B0F070213E4AE0B9599CF6348B0EAC781225457
1637504260 14189 38285 631D9BECA663C97D2DD5BC3AAC4F15C59B8E287CE34624CB8C32F8D6CCD273A4
1635081150 4319 51302 D31D9E3B035B7322EF06E0572450E66090AC9CB52A31A8C8CE8ECC7CEA087B5F
1633537111 42260 38759 7C20F6CF1A09EEE4F40FE6F70B0F070213E4AE0B9599CF6348B0EAC781225457
1641210444 45968 40897 7C20F6CF1A09EEE4F40FE6F70B0F070213E4AE0B9599CF6348B0EAC781225457
1635019288 26674 55373 7C20F6CF1A09EEE4F40FE6F70B0F070213E4AE0B9599CF6348B0EAC781225457
1640754940 13850 46735 7C20F6CF1A09EEE4F40FE6F70B0F070213E4AE0B9599CF6348B0EAC781225457
1642079461 37166 39165 7C20F6CF1A09EEE4F40FE6F70B0F070213E4AE0B9599CF6348B0EAC781225457
1639761009 4828 32321 7C20F6CF1A09EEE4F40FE6F70B0F070213E4AE0B9599CF6348B0EAC781225457
1634530604 7726 18570 7C20F6CF1A09EEE4F40FE6F70B0F070213E4AE0B9599CF6348B0EAC781225457
1633798610 12146 50605 7C20F6CF1A09EEE4F40FE6F70B0F070213E4AE0B9599CF6348B0EAC781225457
1644209570 1939 15754 83B11F34BE9873ABDD67DC1A8128CA02A07134BD4A36BED29246AB99E2C95438
1642730020 60792 22583 7C20F6CF1A09EEE4F40FE6F70B0F070213E4AE0B9599CF6348B0EAC781225457
1638986462 30671 26374 809C8C1F063D18762851BAEACBF9C0049B9454F90E4D71B32363D91D0A79EFDA
1642355549 59699 49379 FB52CF5C13E040265945555D9F71603D6855F4031C43FE18D39A1A78E6594728
1641801233 53155 51491 D50A0071D105D0FBE63BF56069F71324E7A8A9710A30185B2C16F8FD172241B3
1644317661 47304 33024 7C20F6CF1A09EEE4F40FE6F70B0F070213E4AE0B9599CF6348B0EAC781225457
1639617959 64761 20496 88407EC62DA3FCC24BD7FCBDF101A599AB19F6137E05C2ED783EB91E96DB84A6
1637849593 14920 48593 7C20F6CF1A09EEE4F40FE6F70B0F070213E4AE0B9599CF6348B0EAC781225457
1641315817 55532 10264 7C20F6CF1A09EEE4F40FE6F70B0F070213E4AE0B9599CF6348B0EAC781225457
1634163142 33973 20323 3BCCBFEA1E13DB4D8A5F09AC0D71BF0AC051D8A3DE0830AC9E4705AD9DE5D4B3

Total of 0 tasks calculated error.
