Total of 100 tasks calculated correctly, accuracy 100.00% 
1664862376 45060 49251 7C20F6CF1A09EEE4F40FE6F70B0F070213E4AE0B9599CF6348B0EAC781225457
1656689527 41443 59874 426E27963091E0BAFE483A3D05C716B36CBC4E06E0BDD694C960CB3C72CB71EB
1662791361 24923 51355 6087C285B037AD4663DC16324187F2F4A03C6B8302FECB378AF6F381F9F71414
1662914314 63849 62028 3985E807ED3BC83CCF75E25821A1CCFDD7FCE35B26C6EF7F91D3F700F191A409
1664213626 62134 61526 7C20F6CF1A09EEE4F40FE6F70B0F070213E4AE0B9599CF6348B0EAC781225457
1661062087 28104 11749 7C20F6CF1A09EEE4F40FE6F70B0F070213E4AE0B9599CF6348B0EAC781225457
1660159045 56202 30002 7C20F6CF1A09EEE4F40FE6F70B0F070213E4AE0B9599CF6348B0EAC781225457
1657500908 40092 20915 7C20F6CF1A09EEE4F40FE6F70B0F070213E4AE0B9599CF6348B0EAC781225457
1659009889 41680 37674 7C20F6CF1A09EEE4F40FE6F70B0F070213E4AE0B9599CF6348B0EAC781225457
1668048377 39604 36559 7C20F6CF1A09EEE4F40FE6F70B0F070213E4AE0B9599CF6348B0EAC781225457
1659003656 19986 55866 7C20F6CF1A09EEE4F40FE6F70B0F070213E4AE0B9599CF6348B0EAC781225457
1662268115 56878 49601 7C20F6CF1A09EEE4F40FE6F70B0F070213E4AE0B9599CF6348B0EAC781225457
1666075533 22949 632 66447B8AE43C02ADDD19F78354861A16FD5291D9B9B6F6690E06BB026FDF4739
1664491078 11163 610 A42EF2562876DF3998581CF2CC6113BC85A616AFBE771D8BE7C25C79A64E9CC4
1661095035 15186 50312 7C20F6CF1A09EEE4F40FE6F70B0F070213E4AE0B9599CF6348B0EAC781225457
1661722963 14370 23909 7C20F6CF1A09EEE4F40FE6F70B0F070213E4AE0B9599CF6348B0EAC781225457
1659328314 52185 17458 4C4EFE415514226914063B875E30F48C10F30D8A8A3F7C4E8CCD56FB0F7B2E3E
1663271524 12830 30360 7C20F6CF1A09EEE4F40FE6F70B0F070213E4AE0B9599CF6348B0EAC781225457
1665791528 56008 32824 7C20F6CF1A09EEE4F40FE6F70B0F070213E4AE0B9599CF6348B0EAC781225457
1663059840 460 7349 7C20F6CF1A09EEE4F40FE6F70B0F070213E4AE0B9599CF6348B0EAC781225457
1660633502 64055 59601 C0B349E26EF907021BBF67F09E377C13EE4BFB634A0F7DBC02CC71FD9FBF4969
1660169461 23795 52157 C2C6C0CF1E845CB016F3E895AD125277280859254CDF62EDDB40C2C667DB502E
1667461227 57298 55451 7C20F6CF1A09EEE4F40FE6F70B0F070213E4AE0B9599CF6348B0EAC781225457
1665458387 55592 33417 7C20F6CF1A09EEE4F40FE6F70B0F070213E4AE0B9599CF6348B0EAC781225457
1665641933 42115 16113 439846A873576B418829F391327242B83B01DFAB581283CE129F8A91C8DC5770
1658404596 37607 28957 6A8419F2F40F06598FCE1F5EB9DD2D0060C10CFD17C059FDCC6C28BF454E4576
1663107146 22423 21472 7B2E4D1F5F4AEF31FC3496D3A15EC605B2DD913E8FE3CCF0DBEFAAD09B909AEC
1667153654 19082 41984 7C20F6CF1A09EEE4F40FE6F70B0F070213E4AE0B9599CF6348B0EAC781225457
1658685027 8040 42165 7C20F6CF1A09EEE4F40FE6F70B0F070213E4AE0B9599CF6348B0EAC781225457
1657934072 44586 43897 7C20F6CF1A09EEE4F40FE6F70B0F070213E4AE0B9599CF6348B0EAC781225457
1658715177 47570 4860 7C20F6CF1A09EEE4F40FE6F70B0F070213E4AE0B9599CF6348B0EAC781225457
1662017140 14389 59935 C59FF4C441CD1858902DBB044785BA030CB6AA55A6F8A6A755063089774AAA53
1663522405 33169 11069 7CA3F4F879E8AFA51DA18B0685DC56523B41ACDF924A40A9A79706A8ABDB2B86
1665222193 38040 51301 7C20F6CF1A09EEE4F40FE6F70B0F070213E4AE0B9599CF6348B0EAC781225457
1665727635 14057 47749 9AFD74161382C5C83505CF5BC0C1F9230E49855039C77B9F401B74C564234068
1667521210 5329 60533 392E063A5699D4228D54B9EC9D4CC44095433034668BF6E1CC0D24FAAB8CAC7E
1661643978 60215 43823 DBCA011E190B05A3CD6E5BC5A19023CCA3A7F35E13B3E3617B7FC1CC0E843B6D
1664648188 9080 33353 7C20F6CF1A09EEE4F40FE6F70B0F070213E4AE0B9599CF6348B0EAC781225457
1661763201 41450 13890 7C20F6CF1A09EEE4F40FE6F70B0F070213E4AE0B9599CF6348B0EAC781225457
1665355059 5279 36995 BD67F1E2D0C987A4854DCA96104B37D483E4B6132AE6C905AF62DE88CE12910F
1660921217 50329 51885 AF0CCC45FFE405FB57D2ACE14DA5D1B525B215F926911697488F841DC7001D6B
1664743628 49608 36046 7C20F6CF1A09EEE4F40FE6F70B0F070213E4AE0B9599CF6348B0EAC781225457
1666296558 52800 21930 7C20F6CF1A09EEE4F40FE6F70B0F070213E4AE0B9599CF6348B0EAC781225457
1658815870 37931 22559 FF47A0014D6F996A2F27A0FBC0AD01F5FF8A0C5299BA438BAB5B504971D11F72
1662192743 2643 59028 19EDF8A1AE29EFE8AA4F76663679D508AEBB2495917720724440684CA7BEDACF
1659134524 5411 12149 BBC6E56F8CD17B55558D3767F588B2DB79D51562EA4786E0514AF32EA1189BDD
1666878919 61995 20313 736E9766926D679CC239D9697D8B56C8E1FF1979369D2CBA7BD19A640BA4991E
1667573269 59867 14748 613EC90D2CB1E35A8BACB4876B188595A4518117C0FBC04D2D39510FF7C7EE68
1661528943 12262 3548 7C20F6CF1A09EEE4F40FE6F70B0F070213E4AE0B9599CF6348B0EAC781225457
1658754847 14974 11687 7C20F6CF1A09EEE4F40FE6F70B0F070213E4AE0B9599CF6348B0EAC781225457
1665036257 4584 53563 7C20F6CF1A09EEE4F40FE6F70B0F070213E4AE0B9599CF6348B0EAC781225457
1659264800 4271 48915 8F42EEC7BF908D2D7AC896083ACCC960B96087702D9FC7976818FAA70D810F2B
1658241883 47608 32849 7C20F6CF1A09EEE4F40FE6F70B0F070213E4AE0B9599CF6348B0EAC781225457
1661242806 38797 4118 BB7E15F20EA40883C36DE2555C205E529EC2C00B8C1189F7F9B16A9461A4CE23
1658086329 59738 32244 7C20F6CF1A09EEE4F40FE6F70B0F070213E4AE0B9599CF6348B0EAC781225457
1665866482 38918 48851 7C20F6CF1A09EEE4F40FE6F70B0F070213E4AE0B9599CF6348B0EAC781225457
1664777963 18585 24008 A7EF1C003B15E4A6A96DC03B45E0270FCF5C1A7CD286ECA5C95BC0D8E0B7AB3B
1660577900 3534 43259 7C20F6CF1A09EEE4F40FE6F70B0F070213E4AE0B9599CF6348B0EAC781225457
1666489507 33603 7808 451E9F9AB525DD4680A568FA07730CFA17E085BEF9F8BB659AFAF3A21AAC5BEC
1662735845 13176 25049 7C20F6CF1A09EEE4F40FE6F70B0F070213E4AE0B9599CF6348B0EAC781225457
1661912739 56393 57972 780F2869AED342B7DB971F8FECF3CF07F590A19C1D23BFA67BEA477DF0A39858
1664555284 38852 35819 7C20F6CF1A09EEE4F40FE6F70B0F070213E4AE0B9599CF6348B0EAC781225457
1668210156 7712 17060 7C20F6CF1A09EEE4F40FE6F70B0F070213E4AE0B9599CF6348B0EAC781225457
1662418616 6598 11144 7C20F6CF1A09EEE4F40FE6F70B0F070213E4AE0B9599CF6348B0EAC781225457
1660093008 50161 47562 5E0CC609C585EE0A638B0BA60698A0912F29D38920DE0B26E5CBF1F34D532068
1666509270 24214 34733 7C20F6CF1A09EEE4F40FE6F70B0F070213E4AE0B9599CF6348B0EAC781225457
1660273620 5183 61152 08066AB0A97246E126717878AD104689ACA0080BDFEBDF3AD4985722D18B43D0
1667429436 30461 4245 7A4B90FDFBFD72105A2F7A616BDA266F0F83898E5C26CDC4CAA2A13888C69E6C
1659920438 33918 18123 7C20F6CF1A09EEE4F40FE6F70B0F070213E4AE0B9599CF6348B0EAC781225457
1658840212 65496 19331 7C20F6CF1A09EEE4F40FE6F70B0F070213E4AE0B9599CF6348B0EAC781225457
1665320633 46053 46534 FA98E35261D1E6666E320D63142872D6070B8200E1C2146F58CA0726461744E5
1660216498 1796 6392 7C20F6CF1A09EEE4F40FE6F70B0F070213E4AE0B9599CF6348B0EAC781225457
1665899172 1742 13257 7C20F6CF1A09EEE4F40FE6F70B0F070213E4AE0B9599CF6348B0EAC781225457
1657505902 61645 3183 AC0232746108126879406CFAD3CF855D9E875DC6A8D447B44E2BACCF9A7A1E4F
1658141624 7132 65453 7C20F6CF1A09EEE4F40FE6F70B0F070213E4AE0B9599CF6348B0EAC781225457
1668154592 28607 64747 A7B2C9090FBEE787556E9084DE020A01655F040B1538737CF6F2D8A4FF88C6A8
1664118400 26651 32652 DC8BC968738D53320DC9668967CEE3049D930411C525EA93E9B8634D0E6C8676
1658430819 54953 4704 3FB40B424E9BA7BC28ECD13ADCC9584DF5B18318ABD783862B17210F7A4C99DA
1668237949 62017 59302 D6A331004ADF816A767A81E1A52682AAB4F44C574A1AFAD6C310BFE879FFF23D
1666606626 11963 9527 1C1D94E92864753BECB801925A495B5C26839A485B0BD9242D0B95D06B287E4D
1659683214 35688 37889 7C20F6CF1A09EEE4F40FE6F70B0F070213E4AE0B9599CF6348B0EAC781225457
1659552696 34303 54609 49360B2CFE9BAD86FE0726052D4D6D60438AAA41DF7F67043C9C91BC37EA2096
1656681960 46152 15712 7C20F6CF1A09EEE4F40FE6F70B0F070213E4AE0B9599CF6348B0EAC781225457
1660804549 57902 54734 7C20F6CF1A09EEE4F40FE6F70B0F070213E4AE0B9599CF6348B0EAC781225457
1659171208 41922 65460 7C20F6CF1A09EEE4F40FE6F70B0F070213E4AE0B9599CF6348B0EAC781225457
1668304376 40559 1544 A3AEC162D6BA95DCC6D8FE23BDED934798BE7A944548F14095A33124CE6B30E8
1663718891 62131 50182 5587F7F951A05A0EE39119A98CCFE39CC051B2A56E290CF24D85916084F5A06F
1661993140 2389 39684 0662325D16D27CE2693CAA30DBF1F66DD4F919B632437B47A9D96139B2FE631E
1661018860 35816 6702 7C20F6CF1A09EEE4F40FE6F70B0F070213E4AE0B9599CF6348B0EAC781225457
1664911561 9649 19444 0826DC0ED0AD3A501DBEEAE462CD4B74DE25B22518FE184F2A90626C4662A0D8
1665552011 19636 38543 7C20F6CF1A09EEE4F40FE6F70B0F070213E4AE0B9599CF6348B0EAC781225457
1659721240 38705 58672 4AC6F32DD05ED16B196FF2E87C744AA991AA16762F5ABA35F12D8650C0E61BFC
1664570054 46784 65355 7C20F6CF1A09EEE4F40FE6F70B0F070213E4AE0B9599CF6348B0EAC781225457
1658401507 4524 58459 7C20F6CF1A09EEE4F40FE6F70B0F070213E4AE0B9599CF6348B0EAC781225457
1657157242 7054 28187 7C20F6CF1A09EEE4F40FE6F70B0F070213E4AE0B9599CF6348B0EAC781225457
1658586785 62590 46925 7C20F6CF1A09EEE4F40FE6F70B0F070213E4AE0B9599CF6348B0EAC781225457
1662553095 32144 56200 7C20F6CF1A09EEE4F40FE6F70B0F070213E4AE0B9599CF6348B0EAC781225457
1661812769 51203 55034 9DF2A213E957120914E03CCFE18872684F9A4B4AEA897FF9A7CB9ED94562FBB7
1661664381 10627 39654 B36F344603FA71BE7F3AFA73E74551FEE0EDF01A1945995F3E412A281FC38FC9
1663960931 62951 25440 CBBE14F6BA09AC00E16F53F64ADD9BF959E5D1BDD86DA537F0A9EFD4298132F9

Total of 0 tasks calculated error.
