Total of 100 tasks calculated correctly, accuracy 100.00% 
157465681 24074 14798 7C20F6CF1A09EEE4F40FE6F70B0F070213E4AE0B9599CF6348B0EAC781225457
163902872 5298 33485 7C20F6CF1A09EEE4F40FE6F70B0F070213E4AE0B9599CF6348B0EAC781225457
165645291 38005 64398 B14FF2E185B511C97C044ACF8BD486F6E0A72E7576579870EC69CBD9E951EFCF
161990350 20620 14402 7C20F6CF1A09EEE4F40FE6F70B0F070213E4AE0B9599CF6348B0EAC781225457
168173073 28628 29457 7C20F6CF1A09EEE4F40FE6F70B0F070213E4AE0B9599CF6348B0EAC781225457
158495990 55755 41894 8EFFA7ED8D74A81ED83FD179FCC3B016BE64221EA178E8DB6823C59EB51F7390
165848213 8189 10506 C6867407382EC89E808C95E782C03E21BD3772DA8F242A71B1CDAEBA02EE556F
157995504 12444 6015 7C20F6CF1A09EEE4F40FE6F70B0F070213E4AE0B9599CF6348B0EAC781225457
156513010 456 10559 7C20F6CF1A09EEE4F40FE6F70B0F070213E4AE0B9599CF6348B0EAC781225457
157166802 25203 65417 DBD803638023F70725FDF0C3DD43076279C3E8F1B53FBE3211565E3F18A95C47
163637108 14978 129 7C20F6CF1A09EEE4F40FE6F70B0F070213E4AE0B9599CF6348B0EAC781225457
156746659 58064 16140 7C20F6CF1A09EEE4F40FE6F70B0F070213E4AE0B9599CF6348B0EAC781225457
162121592 49070 23906 7C20F6CF1A09EEE4F40FE6F70B0F070213E4AE0B9599CF6348B0EAC781225457
163942383 6094 18044 7C20F6CF1A09EEE4F40FE6F70B0F070213E4AE0B9599CF6348B0EAC781225457
161107094 23627 31002 F1BD5740FA384E99DCA33FC348CADA1DC23C6C8C097028E534A510DDCA45A510
164783589 60461 54513 7A63F4787FD6C6116B6DEA2332026C4B9815A71F71BBBE3D0A3B10BB220DDABF
161049979 8899 34326 DD0522D627A0CA49F69BA2E1D449DA28048EE105632C7760C8017CE14FDB5A92
164674547 36950 62778 7C20F6CF1A09EEE4F40FE6F70B0F070213E4AE0B9599CF6348B0EAC781225457
161184545 49376 39923 7C20F6CF1A09EEE4F40FE6F70B0F070213E4AE0B9599CF6348B0EAC781225457
164621985 4821 17938 447FBBD4E5D21FE1025B296ED59BB44093599D37F2D095727BFBBA5236E01B13
158477680 20372 5931 7C20F6CF1A09EEE4F40FE6F70B0F070213E4AE0B9599CF6348B0EAC781225457
157876408 62126 8315 7C20F6CF1A09EEE4F40FE6F70B0F070213E4AE0B9599CF6348B0EAC781225457
163743000 63008 61595 7C20F6CF1A09EEE4F40FE6F70B0F070213E4AE0B9599CF6348B0EAC781225457
156930286 16501 14994 639FB8DDF1BF918326360D116344E0D199FFFB33D496842653E9F1CC738D9763
160320081 58482 49637 7C20F6CF1A09EEE4F40FE6F70B0F070213E4AE0B9599CF6348B0EAC781225457
158363940 25524 12014 7C20F6CF1A09EEE4F40FE6F70B0F070213E4AE0B9599CF6348B0EAC781225457
166768563 47803 34372 00310BC5E80EDBC839482CA9D407B3E0860F4244E2E40FA1061A9C45CD6C8610
164640050 63289 51218 56A41D44E501F0A046C05304850D2D773D62F6B88668756F1CB1F947C31603C3
167823133 33767 57663 73B5448101EF03D18DC55FDFF5334F941656CF64529711B2D8E9EFB49384B322
165361191 38163 2659 8BD83FF3561D43CC1271FC1DFD3217EC8BAAF06233CB7B94294A20C234F01261
167151553 20297 19472 41CE5742038C3E6F271F4E8F97383CBC803526718A7465353B0412D7ECA32D8C
160879244 56472 25394 7C20F6CF1A09EEE4F40FE6F70B0F070213E4AE0B9599CF6348B0EAC781225457
168286182 49563 6732 EB415BA26E9832493ECC6CB46B847156AC0F07EC06500738BFAE4C57DA7E1B17
167472917 18727 6718 ABBACB1DAD3DF938C9813D5C1C9C248AC720B5E9C8192317AE52E905D9783E42
162935164 32774 58971 7C20F6CF1A09EEE4F40FE6F70B0F070213E4AE0B9599CF6348B0EAC781225457
166115254 4403 18532 55286D69ED0739E0E6B2CF1FF0E93A53396C92F4F6EEEE897F0B4BA971CE4046
164667021 11139 63790 7E536391937A62AADFBD1FA01E169A31E202E7A1E474EF2AA44526B568FC59B2
162226147 17115 28040 B243088AA621BB541E55460709378A4E118018D72180C5D99B2F8C258A3D6683
162341042 5454 48687 7C20F6CF1A09EEE4F40FE6F70B0F070213E4AE0B9599CF6348B0EAC781225457
158007927 3439 45598 41D8528CE7443355283725EF74C3F0CACD63EEFD436AA7ECE198809AD3227D8C
167406294 19796 51649 7C20F6CF1A09EEE4F40FE6F70B0F070213E4AE0B9599CF6348B0EAC781225457
162211608 64372 48055 7C20F6CF1A09EEE4F40FE6F70B0F070213E4AE0B9599CF6348B0EAC781225457
165382078 11594 62263 7C20F6CF1A09EEE4F40FE6F70B0F070213E4AE0B9599CF6348B0EAC781225457
161238076 54927 57888 C39E2C5DFAC7E9F0BC2518899F2CF3B15471AF444DCA329E3C9B04C6940FC52A
157555793 27815 27989 A598C4AEC9099C3C5BF182386F030C6734B79DF02869BDC6444E8F59FAA61F11
159809947 205 21826 D6E0A6C99E8319CB11689B583BE4D1BA3E6EAD29D9E9E8BD7025882F89091108
163501255 22651 6222 344EB00353160A72FF0121D0867B81FEB63529B6370A59499153BCEDCA2A876F
165484349 42358 10226 7C20F6CF1A09EEE4F40FE6F70B0F070213E4AE0B9599CF6348B0EAC781225457
166145180 14429 38429 2B56E157DF32A4F87EA66EA97644188EC179B882CA65BDA0A610F57DAE21F269
161663175 26719 6555 31C37DE53D71666E41F63B95E7B151C3D52CEBB6C3916F74C3DFC76E8DD90262
165675706 30004 16271 7C20F6CF1A09EEE4F40FE6F70B0F070213E4AE0B9599CF6348B0EAC781225457
158701099 38991 34691 3AC6845318DFE3F6E6F25F504C8A0CB407EAA3018B068F4997A121BB000C5F29
158201794 38901 11589 0733076ECE378442D9F6BE4917167C9E14250CC982A0EF91E434885A5877561A
158840713 50231 26928 8F0BC8182159FA906007F5A92225F2D0713840BC1B3E4DB9F5AAA98C0DA4AD8F
160816450 7875 42996 D2B021B90D0F147B349C4D7C2BDFB3126B610371F62FAD7D4E37C1F2BE2CCE0C
161859665 32646 9697 7C20F6CF1A09EEE4F40FE6F70B0F070213E4AE0B9599CF6348B0EAC781225457
163863083 6285 354 77B757EB958A3B8A234305161FBF7757AD3FA0AD154AA61555AEA5D4CABBF0F8
166043893 19029 6980 3B96B52075EBEEF803339B50E834F2A4766FF8999FC3613236C5209CD38DCE79
161072301 17394 9144 7C20F6CF1A09EEE4F40FE6F70B0F070213E4AE0B9599CF6348B0EAC781225457
158915111 7989 50329 D295545FE6DBB04FBDA721EC44781E7DA5EB56D0494C71A2EC65E310984DFF8B
159423253 17907 22363 156DAF0C7561F2BB6C20873FA7B4FB8B7106E791CDFFF2403EFDDEAC00A2BD88
159871546 43796 48597 7C20F6CF1A09EEE4F40FE6F70B0F070213E4AE0B9599CF6348B0EAC781225457
162999696 9141 58827 0D2987F99F8EBE2A707A368D61A5E97BABF2D2DD7347808B784901052ADC31FC
160560893 46852 60300 7C20F6CF1A09EEE4F40FE6F70B0F070213E4AE0B9599CF6348B0EAC781225457
160184004 57343 49507 F5526CEBBE08484111BCC5516F1700484DE291F7E1C31CB6688744493315FE3D
163573181 2813 23389 C7C477EAB58DA4BEB2E04DC695ADC1690B5D7F18BCEF99385BFF421E5099F7C9
161389843 58769 27918 95A3571E46C9C98419A75DC1CCB15E7AEC745690B209D66EBD28174D09C03FD1
159257177 29379 38472 F7E95D2064931413094DCCFA47F44EA6220213A1C4904DF97EF97EAC516186BC
158804318 10804 65326 7C20F6CF1A09EEE4F40FE6F70B0F070213E4AE0B9599CF6348B0EAC781225457
158964304 1330 51752 7C20F6CF1A09EEE4F40FE6F70B0F070213E4AE0B9599CF6348B0EAC781225457
161503953 2616 59255 7C20F6CF1A09EEE4F40FE6F70B0F070213E4AE0B9599CF6348B0EAC781225457
163182746 23232 5235 7C20F6CF1A09EEE4F40FE6F70B0F070213E4AE0B9599CF6348B0EAC781225457
160103938 29857 31385 6CB3D9CE0F43FCF1FB1007AAC2E5F578ED4FF2DB77921AD21D8DDAD7AEBDFF1E
163594869 64554 44949 7C20F6CF1A09EEE4F40FE6F70B0F070213E4AE0B9599CF6348B0EAC781225457
158341495 54079 45816 756F5E2F20576298C4B07D3D61972B9591C7CA5D2A0B90508D0C711ADDBC855C
159347653 53226 39321 7C20F6CF1A09EEE4F40FE6F70B0F070213E4AE0B9599CF6348B0EAC781225457
157724177 50298 16349 7C20F6CF1A09EEE4F40FE6F70B0F070213E4AE0B9599CF6348B0EAC781225457
163731473 18570 9793 7C20F6CF1A09EEE4F40FE6F70B0F070213E4AE0B9599CF6348B0EAC781225457
167278506 20534 30181 7C20F6CF1A09EEE4F40FE6F70B0F070213E4AE0B9599CF6348B0EAC781225457
161004008 31691 55480 06116DF17BD7B37C34C4068197EE966D8800DF354F9BA54FC460F6C12C065897
159620790 60205 49211 70269FA1DE4C6D3FDD5379A8D65E774D1F3B256FC76C8C536E288C47D33CFC5B
161029486 32901 35093 09BABDD47A28C629BD9D9012B6F92D83D8C38CD82BD8FF87FD36F78B5D5451D5
164115451 42694 41378 7C20F6CF1A09EEE4F40FE6F70B0F070213E4AE0B9599CF6348B0EAC781225457
164342440 56116 28616 7C20F6CF1A09EEE4F40FE6F70B0F070213E4AE0B9599CF6348B0EAC781225457
161466536 29076 39664 7C20F6CF1A09EEE4F40FE6F70B0F070213E4AE0B9599CF6348B0EAC781225457
162049850 47312 29842 7C20F6CF1A09EEE4F40FE6F70B0F070213E4AE0B9599CF6348B0EAC781225457
161646241 10410 47314 7C20F6CF1A09EEE4F40FE6F70B0F070213E4AE0B9599CF6348B0EAC781225457
159071268 39495 37424 A10F41295F281A2F04419876DEDAE7B3C0664A8174F994C23F8A3F72BDD1CDA3
160083002 63399 14956 0C0723D88111940ABEBCDCEDA0D1DB1BDFF843D14301635D0AD642E7E8A420D4
163209884 51216 38681 7C20F6CF1A09EEE4F40FE6F70B0F070213E4AE0B9599CF6348B0EAC781225457
158327145 20996 38986 7C20F6CF1A09EEE4F40FE6F70B0F070213E4AE0B9599CF6348B0EAC781225457
167248780 54609 5296 042B3111F622B4DCCD2A60EE0C87DA9E5BB3D01A8139D4E87BD3D76CADF361B9
164554054 38947 288 0D727C7EA2B854BE16C902E86F23E2CAE7FA8A90A3AD735501874BD509BCF857
158951140 13476 35922 7C20F6CF1A09EEE4F40FE6F70B0F070213E4AE0B9599CF6348B0EAC781225457
159435045 40458 17664 7C20F6CF1A09EEE4F40FE6F70B0F070213E4AE0B9599CF6348B0EAC781225457
165983415 18365 16927 BC1B2DDDE50EA73B29403224E945B633230A1C25B66BCD7A94FFB2B7300A6E4B
163979803 61315 15963 CEB135AFA495A7FCEDA4D75032263F3212A568DA307B19A28BF83C93AA39EE25
157903744 62835 21145 C564E6638C71555FA4F1226C410FE4BF0B79CB02F91C79F11B07EE7EBB2B539F
168316154 7847 8628 3C903001CCC5ACBD29A28920052A797EE627AC565158ED10078A1134855CF6EC
157911138 64904 45375 7C20F6CF1A09EEE4F40FE6F70B0F070213E4AE0B9599CF6348B0EAC781225457

Total of 0 tasks calculated error.
