Total of 100 tasks calculated correctly, accuracy 100.00% 
1670995024 57871 59721 49A935FE4954A1B400E0A969C6D74559D425F085FEA7791358F3542189963A64
1672477249 38149 25834 DB3186B47B0766F98768D61C79D9426639D2B6C244378E6239C555CA6932533D
1674432628 9414 62696 7C20F6CF1A09EEE4F40FE6F70B0F070213E4AE0B9599CF6348B0EAC781225457
1678841369 27553 55610 F8C2D47A67586A2E7CFD268135CBD8C7206F17210DEA2FF85DE3A80C9FD1BE9F
1674979791 19556 22158 7C20F6CF1A09EEE4F40FE6F70B0F070213E4AE0B9599CF6348B0EAC781225457
1673446496 4053 21143 08D7194523DB8121657F93E54BC59DD6A09085C69F8BF0AC5196CC970BBCE60F
1674283319 46074 51146 7C20F6CF1A09EEE4F40FE6F70B0F070213E4AE0B9599CF6348B0EAC781225457
1675424986 53125 50512 ADEF5DEC209D75BF778924F7F2D711B86F68E3FC5B34AEBE81E48C9EF8D8BAB9
1679863830 52591 12257 C5B13DABC9A70197910FEDB6D84033F1CCFEEE82BD7F212CF33EE99996CEA870
1678662646 45249 18260 6BB271124B3E6FF48DFFB1072A4E5F5BB1DE01DC1AAC63DD44358DE8BC9448E2
1673943294 49628 38712 7C20F6CF1A09EEE4F40FE6F70B0F070213E4AE0B9599CF6348B0EAC781225457
1679299462 31060 13650 7C20F6CF1A09EEE4F40FE6F70B0F070213E4AE0B9599CF6348B0EAC781225457
1678959816 6382 23303 7C20F6CF1A09EEE4F40FE6F70B0F070213E4AE0B9599CF6348B0EAC781225457
1671199057 11848 15901 7C20F6CF1A09EEE4F40FE6F70B0F070213E4AE0B9599CF6348B0EAC781225457
1680233349 21754 16585 7C20F6CF1A09EEE4F40FE6F70B0F070213E4AE0B9599CF6348B0EAC781225457
1670334865 58565 16713 D5F6945680DF0E110E81E2ADDE084D2FE7FE4DB30A1C289A10CF0A2A2208EAE1
1672752994 21879 62536 F33E1334ADD3F36F343FA108313EB548D33EE7695519BBD46223BD564BEC5756
1675196218 6686 38015 7C20F6CF1A09EEE4F40FE6F70B0F070213E4AE0B9599CF6348B0EAC781225457
1679604162 57377 38540 26CC2522009152D66F64269A6CCC1FB54B4E85B4370A8955E5EE5399394C4392
1675104869 42178 42827 7C20F6CF1A09EEE4F40FE6F70B0F070213E4AE0B9599CF6348B0EAC781225457
1677401986 21254 36796 7C20F6CF1A09EEE4F40FE6F70B0F070213E4AE0B9599CF6348B0EAC781225457
1677975810 44581 19230 B518B3FAF66FD81D948A3F1D3A4E3244C7F968D7991B8B18538E3351FB8E486F
1679600151 64457 54261 8B3A71A4A7B91FA992E6D9EA130D99B8271D0A7D362AC26DD5570FF06FCF3AB5
1673567720 144 50207 7C20F6CF1A09EEE4F40FE6F70B0F070213E4AE0B9599CF6348B0EAC781225457
1669432411 39843 24613 0AE31A774D9DB6B0881710CBC89C5430165B0B5295949A8AEFD8707CE08713AE
1680034553 11977 62458 F63DF3A1F0F3D34F88E1A337163FCB25957E877D878B4CAA1B36BDB0F154F896
1669626182 38443 21778 0C017FD5D95A87CD25B99AD10DC4AB7F16D1EBEB8578332472F5162A19C21E03
1672678128 53632 53000 7C20F6CF1A09EEE4F40FE6F70B0F070213E4AE0B9599CF6348B0EAC781225457
1680250499 15719 14826 6C905A1C982A82E70D34997D7C878011E0DF1D79F31D54A35FFB31B33B06D0BB
1679377545 4517 60644 DBE9BC3183FB4FD40D4E03B8AE289AAC84EDF7C9FDFD6C60DBEEE8DE80E63405
1673768918 63476 42831 7C20F6CF1A09EEE4F40FE6F70B0F070213E4AE0B9599CF6348B0EAC781225457
1674286611 53560 6102 7C20F6CF1A09EEE4F40FE6F70B0F070213E4AE0B9599CF6348B0EAC781225457
1673646604 1230 46279 7C20F6CF1A09EEE4F40FE6F70B0F070213E4AE0B9599CF6348B0EAC781225457
1671343478 49235 53086 52C2A7AAF2B0738FC34378593628A1622266670C45E80C8CB9757A5498E719A5
1679978444 10225 61246 D7FC526C14C42464326819E940CB863D3F0939724A2565A98D74B7F6A999AB44
1669354500 46523 5372 6E6067EFC98E39B94DB34EECEA3ECA47CCCA73D10085D069DF908E4927880ACE
1674113591 10759 64986 A84EF667A51B81D3A34C80BD1FAB6D861601C28A91DBE47AB06CAC31735BFCB2
1672143250 40108 53023 7C20F6CF1A09EEE4F40FE6F70B0F070213E4AE0B9599CF6348B0EAC781225457
1678909489 45126 55857 7C20F6CF1A09EEE4F40FE6F70B0F070213E4AE0B9599CF6348B0EAC781225457
1672359516 32917 3266 BFBE96AF51B859DFC7DA90198FC983C3902EE59296DB324070DDFFBF0B8254A0
1673478665 43855 47678 0A6ABBC960005F896438F6521C4E474856E807828C82CCAC6A7A049DC4BFB407
1673443620 14426 53083 7C20F6CF1A09EEE4F40FE6F70B0F070213E4AE0B9599CF6348B0EAC781225457
1675438008 54636 9586 7C20F6CF1A09EEE4F40FE6F70B0F070213E4AE0B9599CF6348B0EAC781225457
1680328226 40858 28468 7C20F6CF1A09EEE4F40FE6F70B0F070213E4AE0B9599CF6348B0EAC781225457
1668961040 6780 53417 7C20F6CF1A09EEE4F40FE6F70B0F070213E4AE0B9599CF6348B0EAC781225457
1680325905 30413 37998 22EF1217DF9DFF2AFBDB9E9E0F2B7F7A21034A03237E5BA1449001D0A01DCA02
1670063907 12743 16469 C1AD7491B16374F6F086D88BE749427C39CE5AB9B73C3D16624FE8D4BBA2345E
1672086233 27133 27439 2F8A0AFF6A374BF7D87814C1437B865F11DA96AD8D39D7441E77F99C2F5EE194
1676946596 10540 19981 7C20F6CF1A09EEE4F40FE6F70B0F070213E4AE0B9599CF6348B0EAC781225457
1669373377 45023 9915 7653871429C17A74F0ACAA083C8D82FC070EFC7C4145E235B10541C610EDBB91
1678700127 62966 37619 7C20F6CF1A09EEE4F40FE6F70B0F070213E4AE0B9599CF6348B0EAC781225457
1670910884 3977 59294 0327B107154C8C1750B30AB035F891D41BD885169674A9D8C07839BC1BF12618
1675150896 8741 34705 090BD98598CBD71C7E2A67557D45C19C1B107A669F3449643EAB3CA7B39EF507
1671741922 52780 63172 7C20F6CF1A09EEE4F40FE6F70B0F070213E4AE0B9599CF6348B0EAC781225457
1678110522 10963 56831 DC0489C79E3437333E3DCA9E499B0AFAC83BD76B6FF68CA72A8F70B54A5A0743
1680205348 58564 14249 7C20F6CF1A09EEE4F40FE6F70B0F070213E4AE0B9599CF6348B0EAC781225457
1677441846 55423 49724 204BA20C93220EFD37D74BF54B64EA6E73619BEF554B96CD7880C5CA0FD43D93
1673350418 11414 42871 7C20F6CF1A09EEE4F40FE6F70B0F070213E4AE0B9599CF6348B0EAC781225457
1677227184 6456 38293 7C20F6CF1A09EEE4F40FE6F70B0F070213E4AE0B9599CF6348B0EAC781225457
1671364498 12584 19912 7C20F6CF1A09EEE4F40FE6F70B0F070213E4AE0B9599CF6348B0EAC781225457
1672171967 31202 19288 7C20F6CF1A09EEE4F40FE6F70B0F070213E4AE0B9599CF6348B0EAC781225457
1679724132 4176 2731 7C20F6CF1A09EEE4F40FE6F70B0F070213E4AE0B9599CF6348B0EAC781225457
1675006867 28798 54626 7C20F6CF1A09EEE4F40FE6F70B0F070213E4AE0B9599CF6348B0EAC781225457
1672593752 56753 12135 6EBC8B88021B498F1C1CCE8AEB4F9693C2634EA3D26666BA8F419306401CF005
1673442329 54217 48846 D306A8AAD749E4177CABB70481AB6AA530CEA605211E1791CF625ED7B10619D9
1677479006 62119 62894 9A4F5C491FD60B0D7A86F10A924EE8422615E49575481F68F3567398D8A46C53
1673343973 41927 8347 4DF45A2CB409B37D0AA243C350299169C080267CBEA7E0CE98679F90BD35C9D2
1669594646 2061 27264 DE5A0689DD54738585B20CE649093533B8671502D0F41589F07C8F01948B90BF
1678906052 40445 8549 9AFC52056029D8F10AFF2A5F37C80E5A8BA7A80DFCC962F64335D9DAE2993D49
1670703428 31897 20688 C497C70D9FA97B68F7E82925D51D26132EB77CD159FC7D05E58FD70673751741
1677223916 40017 49342 A85B1BD01BB068051E7590C22E16C7761FF9D1FF5488C7415F0D6F89CF4D6EAA
1676242053 28040 51434 7C20F6CF1A09EEE4F40FE6F70B0F070213E4AE0B9599CF6348B0EAC781225457
1670636853 22070 5294 7C20F6CF1A09EEE4F40FE6F70B0F070213E4AE0B9599CF6348B0EAC781225457
1676380997 53666 19682 7C20F6CF1A09EEE4F40FE6F70B0F070213E4AE0B9599CF6348B0EAC781225457
1675828644 32941 57584 ED710061F6C916619EB64E8858C8CF23895587CFECD5EFAFA6012B1460138304
1672839139 25341 56221 55FAA1D56AB0B591C1C92A4DF54BC1E00DB6C6380E87BAA0522110D541B489C2
1679442403 54214 52086 7C20F6CF1A09EEE4F40FE6F70B0F070213E4AE0B9599CF6348B0EAC781225457
1675082584 58391 26227 99B6D1064E286A20BD26C7CDE2C2FB0F213833114BE20435EC5DC412CC85FA91
1670373489 57068 23066 7C20F6CF1A09EEE4F40FE6F70B0F070213E4AE0B9599CF6348B0EAC781225457
1670391355 47891 49525 B2BA113614391F1BFDFE07B82D6B2B12FAA3B7EADDFB9304C50D131123136ABD
1677595349 34327 41920 182CEC9B13BF3C6B1D8F40731C7B251A98FC4A8A0B36AEAC22EC232496D9F365
1677673575 3931 32523 8ABEEA1EDFA970B9E717DCAD90F7862B3C77D141066196DC2DFBBC6FD8EFB774
1678789651 41928 33873 7C20F6CF1A09EEE4F40FE6F70B0F070213E4AE0B9599CF6348B0EAC781225457
1678358138 12915 26076 7E1FAEAF955715A8A81EBC162F7F58E0F9883D778BD5AC6044C009CDE04F0E14
1674316225 49078 28552 7C20F6CF1A09EEE4F40FE6F70B0F070213E4AE0B9599CF6348B0EAC781225457
1669962397 63957 13625 0CC344D481DC552C59B7CA02358A4A4A08ECF00EF2BFE744A1EF0E3BC047667D
1679316113 37567 57850 049F72CE63021EAAD563C02AA69ECE19CC96A4836A34D16E84A05F25F3B11933
1679751418 4944 3434 7C20F6CF1A09EEE4F40FE6F70B0F070213E4AE0B9599CF6348B0EAC781225457
1668792546 38742 49861 7C20F6CF1A09EEE4F40FE6F70B0F070213E4AE0B9599CF6348B0EAC781225457
1675941777 4836 45228 7C20F6CF1A09EEE4F40FE6F70B0F070213E4AE0B9599CF6348B0EAC781225457
1674146421 13972 62988 7C20F6CF1A09EEE4F40FE6F70B0F070213E4AE0B9599CF6348B0EAC781225457
1678362071 21209 33088 117A28680A361D4B2D739C49D603D9A26D6BB64F342A62F63B026195AAD1C82B
1673176221 12080 39896 7C20F6CF1A09EEE4F40FE6F70B0F070213E4AE0B9599CF6348B0EAC781225457
1672938466 5660 54174 7C20F6CF1A09EEE4F40FE6F70B0F070213E4AE0B9599CF6348B0EAC781225457
1678031403 22661 57056 B74926B9C1C3F16AEE825A2CA00434017039574445E88B96187EC3C9EF925300
1679017359 36150 6439 7C20F6CF1A09EEE4F40FE6F70B0F070213E4AE0B9599CF6348B0EAC781225457
1673803184 40903 25947 64920B5344B06A95D33A9CC5AE59003A0A11754054EBAC435D2188754D6F1B85
1669503034 14171 14332 EC071DD976F6343839C56A07E9466F6453A9A5D051D92FDE2F056A494BC959CF
1680290828 53038 50584 7C20F6CF1A09EEE4F40FE6F70B0F070213E4AE0B9599CF6348B0EAC781225457
1675983979 15152 63769 7C20F6CF1A09EEE4F40FE6F70B0F070213E4AE0B9599CF6348B0EAC781225457

Total of 0 tasks calculated error.
