Total of 100 tasks calculated correctly, accuracy 100.00% 
1737133761 29555 4382 36E38DDCF8523CF06F8C8C8B5DF1A634C9D7E66D62147060FDDD1CC05F9129A9
1734101055 6678 64855 7C20F6CF1A09EEE4F40FE6F70B0F070213E4AE0B9599CF6348B0EAC781225457
1733764263 17604 9680 7C20F6CF1A09EEE4F40FE6F70B0F070213E4AE0B9599CF6348B0EAC781225457
1736150444 28786 9108 7C20F6CF1A09EEE4F40FE6F70B0F070213E4AE0B9599CF6348B0EAC781225457
1738347283 48372 9787 7C20F6CF1A09EEE4F40FE6F70B0F070213E4AE0B9599CF6348B0EAC781225457
1734049498 4148 44807 7C20F6CF1A09EEE4F40FE6F70B0F070213E4AE0B9599CF6348B0EAC781225457
1732625428 7368 10740 7C20F6CF1A09EEE4F40FE6F70B0F070213E4AE0B9599CF6348B0EAC781225457
1740141503 19731 29783 34A7213C5E4F27FC7FF98EB14C90269E5AB7AB5C9E09FBAA3842A04965287D3D
1735596262 63513 19500 426C7BE3ED246C562DA2D320F3A9B269A032AA889438575057A30588BF26E6FC
1736169819 49840 62479 7C20F6CF1A09EEE4F40FE6F70B0F070213E4AE0B9599CF6348B0EAC781225457
1737942490 26379 18908 49ACA59B8BF78FC5959A3C56874EE90850B4AAE1D1CDE66F7B9A42C0F0410B88
1732389159 25567 6065 F9B4AF59B7B1D0ADE37A711D02A47DCB1D4AB5AEA541258B309E6271CE660E17
1739029968 17768 55690 7C20F6CF1A09EEE4F40FE6F70B0F070213E4AE0B9599CF6348B0EAC781225457
1734837101 22063 37169 E877AF5402A3920A8A1BDAB7B301E5466E4A892DC1CF6EE80036E5C312DCD864
1737181488 22876 51523 7C20F6CF1A09EEE4F40FE6F70B0F070213E4AE0B9599CF6348B0EAC781225457
1738357772 16644 29601 7C20F6CF1A09EEE4F40FE6F70B0F070213E4AE0B9599CF6348B0EAC781225457
1728660709 27352 15055 7C20F6CF1A09EEE4F40FE6F70B0F070213E4AE0B9599CF6348B0EAC781225457
1732113194 65202 25385 7C20F6CF1A09EEE4F40FE6F70B0F070213E4AE0B9599CF6348B0EAC781225457
1739122487 63957 37170 405A18BB189709DDD5F8BBABAA263FBE2148247AD49AFB498985A9F35DE5697D
1738509394 64393 42458 D4E91590D0B21AE790851E2D307F3EC0E1B17534673EE17F14DEB1A9C6159202
1733708234 53605 4353 D29C4A807FA2DB2D866622874DD687D0B23FF39D3F53EF31B85CECDAEFE88EE9
1733533593 42087 64936 49BB134F3BE28602899B35B68E55400829AF97A011993F6DD5F72B58E0654EAA
1733755736 56201 58424 197B084643A678E235021B1AC6BA043858D84D12553BA4159F83E8A589110CA0
1739222836 5237 8470 78CF4A437018051B67B33B7FE4BE34C556DE289116F5C8689839B34DB972C2D2
1736638929 55126 12473 7C20F6CF1A09EEE4F40FE6F70B0F070213E4AE0B9599CF6348B0EAC781225457
1731065717 17130 38638 7C20F6CF1A09EEE4F40FE6F70B0F070213E4AE0B9599CF6348B0EAC781225457
1736732034 39229 34220 232E7C589226FD4A913238B2230B31D508EFF64E5F664407296C037E8F6B2692
1735192781 12872 57801 7C20F6CF1A09EEE4F40FE6F70B0F070213E4AE0B9599CF6348B0EAC781225457
1732466523 39672 659 7C20F6CF1A09EEE4F40FE6F70B0F070213E4AE0B9599CF6348B0EAC781225457
1733942748 60617 18501 CDC0C675160834A4F83D77DE4695883D901105A59EA756343BC10A25D7476B8A
1738637603 48315 16689 6D849F26C6A396CE96D80041C9144101F65674A200FF97577C607EE4E52CA4C9
1740377923 59205 45629 3A15F32F7831E139C4D854C45C11DE3A30FD63616371FE8EF2B951F87BA0B0D2
1733306670 4700 13552 7C20F6CF1A09EEE4F40FE6F70B0F070213E4AE0B9599CF6348B0EAC781225457
1735029008 34418 58058 7C20F6CF1A09EEE4F40FE6F70B0F070213E4AE0B9599CF6348B0EAC781225457
1730553651 43125 9234 D27C3A6B6886DEB416831DAFEFC40344304A7D5D089518136F7088C9AC4DF9F5
1738425104 51667 31109 0E1679FC118635AA325C85FECD8508508192BCDF2F5744F0ACFAF65879747518
1731433940 38359 55670 F794FA1481C946B7945C4E8B6CC77D8DF1100F023139EB40424E4F2DC759DF13
1729790571 64476 2679 7C20F6CF1A09EEE4F40FE6F70B0F070213E4AE0B9599CF6348B0EAC781225457
1728608850 1059 3812 94FDA6C0B4E9873FF6967DA4BFD59D013A70351823B28D214ACC22A673362BD1
1733615794 1345 5624 EA215A94C49DF87B27DC6CA9EDE96418BF760582206890484FA562072914B30C
1739274913 18093 12825 3061BB392B889A38D0D5172D959FFEF6206D98C95508012719BC3137EB7CAF12
1738693017 1223 7642 0F25B7EF0E8D137EF81FA891A0DEC5E4BAF64C6B935EDF87EB544C3B0D5D3731
1739725862 8890 55894 7C20F6CF1A09EEE4F40FE6F70B0F070213E4AE0B9599CF6348B0EAC781225457
1735950508 29845 29910 E34F17795E07D8341558E9A962AB24DA77109F6F7C3102C2F348D439C50943E0
1737285886 53093 8121 F94D12D8EAE6556B895B9FA4B808B327A5FD4CF6CAA9679F60E8C1851EE4824C
1730561458 63033 29795 B918E09085FB1E810581F0708E01F628214A0C7E5F53186A80BB07F9C9576A8B
1730851970 36522 40093 7C20F6CF1A09EEE4F40FE6F70B0F070213E4AE0B9599CF6348B0EAC781225457
1732840548 10596 32850 7C20F6CF1A09EEE4F40FE6F70B0F070213E4AE0B9599CF6348B0EAC781225457
1734117900 58062 11843 7C20F6CF1A09EEE4F40FE6F70B0F070213E4AE0B9599CF6348B0EAC781225457
1736252856 36002 63783 7C20F6CF1A09EEE4F40FE6F70B0F070213E4AE0B9599CF6348B0EAC781225457
1732888171 47136 48088 7C20F6CF1A09EEE4F40FE6F70B0F070213E4AE0B9599CF6348B0EAC781225457
1730941023 29189 2175 916D9B1C7A9A9E218B092B48877A6FF982383F2BC32BC3B62966254B3A4EBCDD
1740327402 62188 53247 7C20F6CF1A09EEE4F40FE6F70B0F070213E4AE0B9599CF6348B0EAC781225457
1736412660 55061 30630 2EA704801BA3EBBD4B5AD41EE8C24FA60F0F0066EA9A529A8DB282CED82A3625
1737083677 25620 46626 7C20F6CF1A09EEE4F40FE6F70B0F070213E4AE0B9599CF6348B0EAC781225457
1740294267 37229 49035 D776168205BEB8C223DE5544E91FEE2597CC582B0E62F654023DDB34E8150084
1738489580 64120 25241 7C20F6CF1A09EEE4F40FE6F70B0F070213E4AE0B9599CF6348B0EAC781225457
1732292251 63894 5293 7C20F6CF1A09EEE4F40FE6F70B0F070213E4AE0B9599CF6348B0EAC781225457
1729494043 2938 39378 7C20F6CF1A09EEE4F40FE6F70B0F070213E4AE0B9599CF6348B0EAC781225457
1736766102 20801 40689 4E6F78892D5FE2B2F5AF2430EF18A738DD763EE358585D1DF617D2D4B29E3366
1738438574 33805 31821 1DC139CF772800532481EBCE77B92212B9AD424794075526BA145274A74051BF
1740383348 52001 59754 38FB0A60756CD95EBDDB823CA159CAFF814E00015B7D0E67CFE91F76E034FF0D
1731715161 40727 35355 62884E48800899DE5FD51F5AF53EEE16B5992A7C27765EA8F8A087F7D38D8046
1728724500 37010 62554 7C20F6CF1A09EEE4F40FE6F70B0F070213E4AE0B9599CF6348B0EAC781225457
1731574805 51717 16702 18CEA16DC8C05DCCBDB63C326EFE76D70655F91446DCA83E741472157ADCF23A
1737151389 26778 52496 7C20F6CF1A09EEE4F40FE6F70B0F070213E4AE0B9599CF6348B0EAC781225457
1736393293 50135 56665 566F5BC1A6DD3CD540E0A5E0D1B6A428D1AEFF80B979AF71DA9E7A91D0D10187
1737434468 8570 54656 7C20F6CF1A09EEE4F40FE6F70B0F070213E4AE0B9599CF6348B0EAC781225457
1731237877 6662 34376 7C20F6CF1A09EEE4F40FE6F70B0F070213E4AE0B9599CF6348B0EAC781225457
1738777573 65097 46748 50424E23C5D225C55A80494C8D5BF16489854C98E25BB24D7949F6D9349BA979
1737221350 48857 23600 1520C5D3C45A0C07D11E678CC76CB56ED85D3B57B0B7683A43D1BD5D73C74E1A
1733749318 56215 22321 C791776A2EF0E50A54AA6C9DD3D38268353A712D21B9515B00920C4E2F1EA323
1730331294 8340 14666 7C20F6CF1A09EEE4F40FE6F70B0F070213E4AE0B9599CF6348B0EAC781225457
1728811450 24367 55420 86415D68C65D768AF4B6C82E0C6D898698C45D8C66D555B7FE00AF4DABCC2B70
1734533315 27950 9916 7C20F6CF1A09EEE4F40FE6F70B0F070213E4AE0B9599CF6348B0EAC781225457
1734449475 26128 36760 7C20F6CF1A09EEE4F40FE6F70B0F070213E4AE0B9599CF6348B0EAC781225457
1736545575 61929 37764 AFBA3C980B0EA8F97588EE9DF9BF0E8ED892E7B44E608E9901ED75264BC9DD45
1729892128 13135 33077 7A82F08D3AD650F0FE44D6293B4DDACC0CDB78E11842E2984E16F227D2FD6913
1734191905 37020 6388 7C20F6CF1A09EEE4F40FE6F70B0F070213E4AE0B9599CF6348B0EAC781225457
1736005713 47767 43482 F7C23AD0D10141D582B3366955025C0A32941740FDB7D4F381BBC654BB4A5866
1736856657 41337 60021 113D89FDBD56F985C881734E614E3B27CFDB1C586DE245969ED2987FC351841C
1732221267 22027 51037 52C8C774064F2624651860339CB5CE32820DE19CC434F8DA0B5F08F10CED42E9
1738568086 4838 25290 7C20F6CF1A09EEE4F40FE6F70B0F070213E4AE0B9599CF6348B0EAC781225457
1730063568 20021 46860 0F0543AD7E30457CF71EB7EC1AA673C62BA8AA766AB49BDB652A9B92927D23F3
1737087560 20135 27018 8F95BE335AF6C97056926D71BBA6D31DA4F0CAA1FCF40D68B4A8F4723EFE4269
1730128837 222 5791 7C20F6CF1A09EEE4F40FE6F70B0F070213E4AE0B9599CF6348B0EAC781225457
1732032013 32123 27158 C4C85607AF298550A4776C4FB406CA2FFA8C41E2ED558E0A4B6FA1F6FC355D8B
1735778757 7391 36674 BE835CFE35822A274B4F2579277FED72F19B66C51C3147D7D36C18AB27E26E19
1735875527 50766 2926 7C20F6CF1A09EEE4F40FE6F70B0F070213E4AE0B9599CF6348B0EAC781225457
1736321645 60414 36790 7C20F6CF1A09EEE4F40FE6F70B0F070213E4AE0B9599CF6348B0EAC781225457
1731051956 40005 142 48F1D77DF14CEF686B1F16A6F471BBF747D49EE3C86101ED05DDF620A6048385
1730882684 62711 40422 0464AB174B808044C578CC69F7248727931CD7D6810C84ED4D8A634739B72609
1738211398 47201 19605 84216353AFE7D76FCC17941A900BB5D2D6F0F4DADC758E57B8EED64586C8C890
1732910724 40054 3705 7C20F6CF1A09EEE4F40FE6F70B0F070213E4AE0B9599CF6348B0EAC781225457
1731432254 4782 48476 7C20F6CF1A09EEE4F40FE6F70B0F070213E4AE0B9599CF6348B0EAC781225457
1733293589 54396 51684 7C20F6CF1A09EEE4F40FE6F70B0F070213E4AE0B9599CF6348B0EAC781225457
1737581548 57644 2364 7C20F6CF1A09EEE4F40FE6F70B0F070213E4AE0B9599CF6348B0EAC781225457
1733860872 13122 14183 7C20F6CF1A09EEE4F40FE6F70B0F070213E4AE0B9599CF6348B0EAC781225457
1737524391 12376 42442 7C20F6CF1A09EEE4F40FE6F70B0F070213E4AE0B9599CF6348B0EAC781225457
1733585161 61637 27763 A861A2B026600991A8C2C64A1C754F653970AF3C3DD3ED52FF147F1760CFCADF

Total of 0 tasks calculated error.
