Total of 100 tasks calculated correctly, accuracy 100.00% 
1743483218 42331 55010 D1092068420B53C99F0D987D83E5ADB4AAB9DD18AAD096485FA179985FF033F7
1744664429 9340 45768 7C20F6CF1A09EEE4F40FE6F70B0F070213E4AE0B9599CF6348B0EAC781225457
1745699706 52712 19598 7C20F6CF1A09EEE4F40FE6F70B0F070213E4AE0B9599CF6348B0EAC781225457
1742309824 31852 30129 7C20F6CF1A09EEE4F40FE6F70B0F070213E4AE0B9599CF6348B0EAC781225457
1752055614 65335 1098 29492652D8187969EC69D7E6F910B994622CC679241AA3FFF5D0066C3B7A48A5
1751458040 45082 63589 7C20F6CF1A09EEE4F40FE6F70B0F070213E4AE0B9599CF6348B0EAC781225457
1742199750 31066 61032 7C20F6CF1A09EEE4F40FE6F70B0F070213E4AE0B9599CF6348B0EAC781225457
1750801471 63563 7934 D4755EF129A4C855ACA1DC008314CB4E1E83A7CB385120DED38652EDA75B9922
1750338587 51606 8341 7C20F6CF1A09EEE4F40FE6F70B0F070213E4AE0B9599CF6348B0EAC781225457
1742641053 53387 60206 4BEC95E441E541B63FFAEAB5D5976DCDD426FA84F329CB797672BC931C0E7BB8
1750556370 63301 55387 494AC20E5272C1D2247FAE1F2308510BF0AADCEADD0DD043BA7A1D603DFD7F15
1750772594 35919 8633 DD6337B327AB55199E15437E28B6D884A3A492E615BDC19F89DC76432B422E27
1747801895 34521 60010 CEE648B6D5544C2C079990833B3BD9F108E802176071CA24C30D40E0C0D78B4C
1744225830 5499 405 C71398EB1198DA6099E8847AD7D9614158745AEA7D40311232D6348D0BEC96D5
1751405244 30907 42970 3A663552F1E6D83E5CEDE8886F43787875432D512081BCA1BA7C9AFFA61C648F
1742201155 37348 13590 7C20F6CF1A09EEE4F40FE6F70B0F070213E4AE0B9599CF6348B0EAC781225457
1748189592 2901 14191 E800288895638DD249187726B1650BCF0663A9DA6748E8FD062F39D4A91E3575
1744247190 44171 19121 18F3BF42079772A56200C4FE76C0EC0BC401E3D6125E574AC242554BC62099BD
1749430208 1803 56502 9C15517FC2B0F46B27FA6A3609FACFF0992C2682E772A7D13BAB7173FC8DA4B8
1752361345 58227 18859 99E01CBF5CA2377CA4FCBC42461E4C9320488EAEF4C20E33F6F0176AA83B76F7
1750915697 13942 32832 7C20F6CF1A09EEE4F40FE6F70B0F070213E4AE0B9599CF6348B0EAC781225457
1747655885 59703 27806 C6A2A63124710F5973E2C6E06115C35F026035D546F3638254EDD5113ECA20F1
1749027220 12195 28922 A7E2B53FB37CA2CF4FC108C81EEFA3835325E69E478993141F6EE784712A7ABB
1747240655 16330 36703 7C20F6CF1A09EEE4F40FE6F70B0F070213E4AE0B9599CF6348B0EAC781225457
1752297312 15856 53746 7C20F6CF1A09EEE4F40FE6F70B0F070213E4AE0B9599CF6348B0EAC781225457
1749809734 21850 55751 7C20F6CF1A09EEE4F40FE6F70B0F070213E4AE0B9599CF6348B0EAC781225457
1750190413 64512 46066 7C20F6CF1A09EEE4F40FE6F70B0F070213E4AE0B9599CF6348B0EAC781225457
1745303176 24107 55105 CE804D12BAB3A4E3F52F3A5A395F0F43AF7132EBCFE7BD5231A8D70975A96726
1751791218 31353 5139 1A5E28638FA480FA776A0D0D36EEF886D05D0EFF60F1A917F8C426AE3934C9DB
1751688959 28928 61050 7C20F6CF1A09EEE4F40FE6F70B0F070213E4AE0B9599CF6348B0EAC781225457
1748975775 61074 23061 7C20F6CF1A09EEE4F40FE6F70B0F070213E4AE0B9599CF6348B0EAC781225457
1743049800 41737 51600 01DC33F58739A93A5D8C67707357705AE2E062872FEC68CB7B394B408292FD8A
1748225657 16797 45529 8467CA5FBA7177318AA39A76DC19F6182EFA5A2164232DBD421A480DFE988B26
1744208842 22614 20055 7C20F6CF1A09EEE4F40FE6F70B0F070213E4AE0B9599CF6348B0EAC781225457
1746573615 40881 5434 85AE21D61949F67A819039A629098CC00B89EA98E9EA0598EA927438B8DEF74C
1746249945 53069 24217 F14B13E2B6C5D91D8953C728F3207A15EDC168E6AC0D6A85201EC82EB6F33527
1741889944 42066 61166 7C20F6CF1A09EEE4F40FE6F70B0F070213E4AE0B9599CF6348B0EAC781225457
1747273186 9103 59262 14980AA062E7385AA88790F7353EF5DA3DE68DE2601FF394B837CD3F4A5B3798
1750279559 23410 54532 7C20F6CF1A09EEE4F40FE6F70B0F070213E4AE0B9599CF6348B0EAC781225457
1750935639 23368 28917 7C20F6CF1A09EEE4F40FE6F70B0F070213E4AE0B9599CF6348B0EAC781225457
1752026757 46044 16137 7C20F6CF1A09EEE4F40FE6F70B0F070213E4AE0B9599CF6348B0EAC781225457
1745871316 61199 26234 F70F14D3AA5163D512A1B6D986D3024BF382F9C3EFF038C863D7AE3105FBC5A7
1744114240 50712 38562 7C20F6CF1A09EEE4F40FE6F70B0F070213E4AE0B9599CF6348B0EAC781225457
1744325036 2448 15058 7C20F6CF1A09EEE4F40FE6F70B0F070213E4AE0B9599CF6348B0EAC781225457
1743275941 19971 25334 F288EC36485F2E1624B10C665B68A29241E9F1DF5176E7B2D43CE5A8EC923A38
1750668227 15836 28643 7C20F6CF1A09EEE4F40FE6F70B0F070213E4AE0B9599CF6348B0EAC781225457
1745630656 63534 7314 7C20F6CF1A09EEE4F40FE6F70B0F070213E4AE0B9599CF6348B0EAC781225457
1741108767 4639 47387 3CBD9BE01E5BB54FDDA5912DA19BD85707082CBF8AA82E34FE2A2173A9206157
1748645612 49270 20983 7C20F6CF1A09EEE4F40FE6F70B0F070213E4AE0B9599CF6348B0EAC781225457
1745872761 7811 7830 3E9D7A965F7B99EB60B83F1E072981A95AAE983F7029DB06415F9DFEEE921234
1748923488 17750 51128 7C20F6CF1A09EEE4F40FE6F70B0F070213E4AE0B9599CF6348B0EAC781225457
1743681978 34195 11141 628FD2D218E30775ABB8F98ACBE050A9C7E8A121658786B60F0E9A7934291571
1743233079 59237 41130 31813D39618455871B9B1175068A2CFF5615E2339E1CEAE6A9056710FC0717DE
1741672396 17061 22535 B08C8A02591980A38E4FCAE4153AC57F6134453ED49E0CFEFADFEA06CC958D70
1752245059 55047 12322 12764B6686676F10B1C02ACF2E8FC341D92D80DA9608D1291E78023F34DB4934
1750511983 26783 828 25EFEBAAA01FA88EC1A8C30F5488C933ADC48356F6498509D4959A0C99B7CD52
1751451393 55360 20403 7C20F6CF1A09EEE4F40FE6F70B0F070213E4AE0B9599CF6348B0EAC781225457
1741972827 47478 47679 7C20F6CF1A09EEE4F40FE6F70B0F070213E4AE0B9599CF6348B0EAC781225457
1748805172 32436 39924 7C20F6CF1A09EEE4F40FE6F70B0F070213E4AE0B9599CF6348B0EAC781225457
1743160513 58497 53416 C5561BE64DB10C1CFDBFDB04FFF3EC9B96611FAA79259C148F709D542CD7C41B
1749828349 13180 55130 7C20F6CF1A09EEE4F40FE6F70B0F070213E4AE0B9599CF6348B0EAC781225457
1747819342 19551 16997 67C726C7ECF688007FB70E65B00BF34444C5CC041612FAC6FE26564F69DF9324
1740581988 52135 12259 56EE18CD21ADB7CCC5B69987B7C0C52FF2BC4BA10F430080D9AA92B97D73C4C1
1741898886 40685 27892 6269AF291DCBE60F6328B34B5544CA5B8B23C4591B4CB3D30FEBEFE104A9BB33
1748618008 49010 25028 7C20F6CF1A09EEE4F40FE6F70B0F070213E4AE0B9599CF6348B0EAC781225457
1741221076 41615 29920 8E2C9FB552CDD23E3F9D413987A3057CC95D5ECFDFD9A0F185A7A8A2D30F4EFA
1746004281 11884 1409 7C20F6CF1A09EEE4F40FE6F70B0F070213E4AE0B9599CF6348B0EAC781225457
1746495879 57885 8181 9BCEBC3DBBBBBCC7501CFBC927160E1BF2DFD0F5E21176CAA3C8B8FA5725B021
1741720913 34593 1822 7020068392C0076C3D8B8E662BDA60BC3FB81AD4F9A108345DFF4F876A55AD99
1741720502 32294 10170 7C20F6CF1A09EEE4F40FE6F70B0F070213E4AE0B9599CF6348B0EAC781225457
1742650521 19230 60668 7C20F6CF1A09EEE4F40FE6F70B0F070213E4AE0B9599CF6348B0EAC781225457
1746581159 10870 32942 7C20F6CF1A09EEE4F40FE6F70B0F070213E4AE0B9599CF6348B0EAC781225457
1748568914 54328 8025 7C20F6CF1A09EEE4F40FE6F70B0F070213E4AE0B9599CF6348B0EAC781225457
1751098560 33127 8219 20609ECE4FD2D59285F431BC49ECCCE71205DAD31088BA9CCFBDB75AF2AF97DD
1747154030 63780 49602 7C20F6CF1A09EEE4F40FE6F70B0F070213E4AE0B9599CF6348B0EAC781225457
1743526833 33129 20967 AA2CF95E48AA735AC3398EA592F33B571CBD360CC7E863A56EDC5DDB435C1333
1743699398 61244 22898 7C20F6CF1A09EEE4F40FE6F70B0F070213E4AE0B9599CF6348B0EAC781225457
1747748706 27089 52192 30EF20D01F5045E5EC214841E378AB8B71A3A7AF1D63282DE69CA95CE4938C3D
1741687529 19436 44162 7C20F6CF1A09EEE4F40FE6F70B0F070213E4AE0B9599CF6348B0EAC781225457
1750406283 6288 58966 7C20F6CF1A09EEE4F40FE6F70B0F070213E4AE0B9599CF6348B0EAC781225457
1751185014 46806 32898 7C20F6CF1A09EEE4F40FE6F70B0F070213E4AE0B9599CF6348B0EAC781225457
1748618103 36832 16653 7C20F6CF1A09EEE4F40FE6F70B0F070213E4AE0B9599CF6348B0EAC781225457
1744560219 12644 56285 7C20F6CF1A09EEE4F40FE6F70B0F070213E4AE0B9599CF6348B0EAC781225457
1749236847 41522 18579 7C20F6CF1A09EEE4F40FE6F70B0F070213E4AE0B9599CF6348B0EAC781225457
1747087518 21995 12608 8C9A8C7732CA896154F257AFCD34110A374361EEFD35C0D835C45590E25A3810
1747616152 42723 32990 36D4F447A4C83923385FBD260B1C91B57A699C4A2207F8C2795CA1EC672955F5
1752137894 45319 43761 7EC1EFD4A4C8B6CFF16101003E802EAC040ADE033C87947A4D49FB9E61E01107
1750702254 38693 27203 B29E70DCE20A56E103B46C87144E167AD97158AF9EB2E97651E29D748CFFB237
1752128113 19324 52321 7C20F6CF1A09EEE4F40FE6F70B0F070213E4AE0B9599CF6348B0EAC781225457
1751779040 11223 51214 5E03BB78D3CA4E6CE3330D18566C229B93B35E10692D3DA11AF77B00BE3F5BB6
1746761424 59182 16267 7C20F6CF1A09EEE4F40FE6F70B0F070213E4AE0B9599CF6348B0EAC781225457
1745730260 39803 11614 DBDAF74B1CAFBBBD493C967C6F8D7E5F51CEBA147C2D489EB9E1DD35D66A06D3
1741472615 11447 36860 B41809976778E28219296501E26EF29D43FE1C165A8601A6D817AE2244D40CEB
1744233215 37904 64644 7C20F6CF1A09EEE4F40FE6F70B0F070213E4AE0B9599CF6348B0EAC781225457
1748929290 24302 26065 7C20F6CF1A09EEE4F40FE6F70B0F070213E4AE0B9599CF6348B0EAC781225457
1751857131 41771 59273 A24C330A0EB26503319CA8F77D3DC81A2DDED97ED30BE4DB841A040AD20E1DCE
1751641436 5384 17702 7C20F6CF1A09EEE4F40FE6F70B0F070213E4AE0B9599CF6348B0EAC781225457
1742785027 10227 61615 33312C946A696E5C60F9CE5B110B1954615CCC4C152EBBBB954634CF29D16A2E
1750813399 57124 22006 7C20F6CF1A09EEE4F40FE6F70B0F070213E4AE0B9599CF6348B0EAC781225457
1744505148 58890 30554 7C20F6CF1A09EEE4F40FE6F70B0F070213E4AE0B9599CF6348B0EAC781225457

Total of 0 tasks calculated error.
