Total of 100 tasks calculated correctly, accuracy 100.00% 
1768120661 24683 52365 3AF0C8B88BCDC8D4C91182548EC80BF57776375914F2F52B8511B36DCAC528BA
1772580787 14763 8401 C74A5308E39FE89F550745739D70D6914C1DCAA931E041BEE087E075458869FA
1770390946 28248 59915 7C20F6CF1A09EEE4F40FE6F70B0F070213E4AE0B9599CF6348B0EAC781225457
1766604135 19812 53718 7C20F6CF1A09EEE4F40FE6F70B0F070213E4AE0B9599CF6348B0EAC781225457
1766379385 43494 17045 7C20F6CF1A09EEE4F40FE6F70B0F070213E4AE0B9599CF6348B0EAC781225457
1771243899 23040 10825 7C20F6CF1A09EEE4F40FE6F70B0F070213E4AE0B9599CF6348B0EAC781225457
1768114619 29038 48140 7C20F6CF1A09EEE4F40FE6F70B0F070213E4AE0B9599CF6348B0EAC781225457
1767291578 62400 43655 7C20F6CF1A09EEE4F40FE6F70B0F070213E4AE0B9599CF6348B0EAC781225457
1766278776 42833 4488 64DAECEE4C580849E9242FA88F8FF0129B58F0357C92C5899C4F1B523D66D6DB
1772466983 37370 39559 7C20F6CF1A09EEE4F40FE6F70B0F070213E4AE0B9599CF6348B0EAC781225457
1770595390 9569 39961 386476EDDA6E60768CC187DE8704C5715627B134EC498BB2C227A347EBC108D2
1765893568 10689 36501 5F47357BA83FBB8E27DEEA3EE806D321FDFA072D42B8AEDDA6DC4D74DF7980A3
1771739408 53816 43602 7C20F6CF1A09EEE4F40FE6F70B0F070213E4AE0B9599CF6348B0EAC781225457
1768289804 34351 27445 B921010D2CACCD9542FC8AE66E936232FFA7B8B8681D4DF3A90B7316B7FFB792
1771734324 45153 14369 187C83A25A08920964CA24C5E8377F548DFA5ED92368CED41041AD48B0C92124
1771292874 15654 56107 7C20F6CF1A09EEE4F40FE6F70B0F070213E4AE0B9599CF6348B0EAC781225457
1769184147 50370 5069 7C20F6CF1A09EEE4F40FE6F70B0F070213E4AE0B9599CF6348B0EAC781225457
1772393184 21203 12331 5C7F4DCC21866DCF7C1EB22F65CD7D6BA813B5B58D54F46F47FE31CF05132014
1765926166 48637 22829 D5C23C734F5A83CF26879B7A933295AD6AA5ECD7FC1768800F7C9300DE7BDD0C
1776095316 21866 34221 7C20F6CF1A09EEE4F40FE6F70B0F070213E4AE0B9599CF6348B0EAC781225457
1765945810 22516 12127 7C20F6CF1A09EEE4F40FE6F70B0F070213E4AE0B9599CF6348B0EAC781225457
1770163662 29701 34319 79DBD602CEE8607D41F4649262DE6EF8CA7C6A4B2B690D2B5DE21BD9D2FB1070
1769271466 14695 4421 CF1FEABA00E245D74666A7B7C40F101F53AC8B9F6A33A3F6E8BEB71016DD10D5
1773442885 19518 6623 7C20F6CF1A09EEE4F40FE6F70B0F070213E4AE0B9599CF6348B0EAC781225457
1764741788 27171 4518 34978D47362F34FAB9998FF6E14BBA69890716C75DEDB0B6C8C252A87B0C87CC
1768412909 27898 41131 7C20F6CF1A09EEE4F40FE6F70B0F070213E4AE0B9599CF6348B0EAC781225457
1775377659 51912 63283 7C20F6CF1A09EEE4F40FE6F70B0F070213E4AE0B9599CF6348B0EAC781225457
1773871054 21183 56431 BC28EEC8D1E49DD8906CB42E279939F9B670D3E9073E4C9A4A175A377E5ADF9B
1773524417 25663 11756 62AFD0F0B6160D6A505F376080CAB02C3FCC018A210D38434F78CFCE10D551C6
1769615131 23402 47524 7C20F6CF1A09EEE4F40FE6F70B0F070213E4AE0B9599CF6348B0EAC781225457
1767498414 49827 38318 028A166506F01702A76398F9D7F77EED0650242788E2EA5399070333C9FDA22C
1770931592 57385 2792 6578B21C3552BB1F7451E2C3611665ED4C49103A17BF551633313BF8B9213C45
1771747854 26727 41302 71E9DB6D666A2F98F5BABB8F8791D23FE4D61222BA611BF321E69C3A5DC57B87
1771090060 62976 22868 7C20F6CF1A09EEE4F40FE6F70B0F070213E4AE0B9599CF6348B0EAC781225457
1769823302 41010 37706 7C20F6CF1A09EEE4F40FE6F70B0F070213E4AE0B9599CF6348B0EAC781225457
1768159866 49351 10806 B5E5AA8018668AF286A8EB3C6861366D0590F5E05C9BC49B12719E5AAB09E41D
1768778776 54710 47933 7C20F6CF1A09EEE4F40FE6F70B0F070213E4AE0B9599CF6348B0EAC781225457
1768208050 12660 20241 7C20F6CF1A09EEE4F40FE6F70B0F070213E4AE0B9599CF6348B0EAC781225457
1773426005 29536 60730 7C20F6CF1A09EEE4F40FE6F70B0F070213E4AE0B9599CF6348B0EAC781225457
1775045004 63434 55790 7C20F6CF1A09EEE4F40FE6F70B0F070213E4AE0B9599CF6348B0EAC781225457
1772777903 33159 29273 D1F0D55B4F304BE12D44C2D62C861D6961A7902B117CFA84EC0DF3493C0F159C
1772570052 38103 20227 D104A8B8635DF67A57B63BFD2401F09F0280E31AB4E014FDF71C67A9EE729C8E
1773037372 63608 57754 7C20F6CF1A09EEE4F40FE6F70B0F070213E4AE0B9599CF6348B0EAC781225457
1771587129 51252 2997 7C20F6CF1A09EEE4F40FE6F70B0F070213E4AE0B9599CF6348B0EAC781225457
1775749254 42879 12700 A82441F5379E1F68290FB984A878615C10D563632ED5B18A5F91708BCB5B2E70
1772570185 31839 50489 E05A7A772900916D31923BF93AC4F6ED9E3587B44BED692140693F57D0025C1B
1773520670 25256 37102 7C20F6CF1A09EEE4F40FE6F70B0F070213E4AE0B9599CF6348B0EAC781225457
1772261014 47266 42561 7C20F6CF1A09EEE4F40FE6F70B0F070213E4AE0B9599CF6348B0EAC781225457
1768620940 5328 39755 7C20F6CF1A09EEE4F40FE6F70B0F070213E4AE0B9599CF6348B0EAC781225457
1773462990 8734 62430 7C20F6CF1A09EEE4F40FE6F70B0F070213E4AE0B9599CF6348B0EAC781225457
1775198859 9106 43823 7C20F6CF1A09EEE4F40FE6F70B0F070213E4AE0B9599CF6348B0EAC781225457
1774709794 53643 6736 97DEE1368D9CE94530C2DE5E5A4CB7F3C4A298858B51207771B808D9FF3457B9
1776343935 25252 24084 7C20F6CF1A09EEE4F40FE6F70B0F070213E4AE0B9599CF6348B0EAC781225457
1765974008 13325 3340 3FC4A687C0E18821B91E38353A279274A8BE0BBC58E06BAA1387D02C9E012D78
1768821049 41027 12069 54A2E2351F627B4A750FC322670E89F73EBEF64FAC32C8146C77C557DD25F29A
1773116213 63774 8125 7C20F6CF1A09EEE4F40FE6F70B0F070213E4AE0B9599CF6348B0EAC781225457
1770609729 27587 81 15FC6762A8E4D92B86D09CA90B069FA8B19F16D2E38FFE0774382A7CA52A2F57
1764641547 13642 60869 7C20F6CF1A09EEE4F40FE6F70B0F070213E4AE0B9599CF6348B0EAC781225457
1776260097 21191 22794 FD4076644C650F9BCD3E6AD680F7EBC92B6AD0A88F39E3A49A49C4754CB8FEBB
1769581697 18658 50637 7C20F6CF1A09EEE4F40FE6F70B0F070213E4AE0B9599CF6348B0EAC781225457
1771272792 7185 58887 554024668F28D1C973922DACAFC2065A79376578D389612F8804064D34CDC06B
1769760344 29219 725 63649E33DFF57F2189627263D126B093F5797EA0C9AB438A8C979C7364042E5A
1774408455 4108 28007 7C20F6CF1A09EEE4F40FE6F70B0F070213E4AE0B9599CF6348B0EAC781225457
1770959163 12274 35308 7C20F6CF1A09EEE4F40FE6F70B0F070213E4AE0B9599CF6348B0EAC781225457
1771207493 38827 48086 1719D8906AF09BEA1AAED0E27D6EB9CDD2367F480654082884D58DB52BE9A756
1769208227 39036 27204 7C20F6CF1A09EEE4F40FE6F70B0F070213E4AE0B9599CF6348B0EAC781225457
1774587296 36404 2397 7C20F6CF1A09EEE4F40FE6F70B0F070213E4AE0B9599CF6348B0EAC781225457
1766769815 28813 32046 E8BB9A27872CE5FE897BF5ACEA96F852E234E11E0BFE827A01FA08413B7F7E5B
1771750865 1293 59974 BD337DCE08ABFD9FA458A81A21F3EF3054D2757BB981DAB092E3CA14B9A2A4AC
1766892213 22174 60683 7C20F6CF1A09EEE4F40FE6F70B0F070213E4AE0B9599CF6348B0EAC781225457
1776097115 35339 5677 6E233414B5C1538945993C0017BAE52BC2698A202BD6908436C249ECCA8A772E
1773552026 48754 35600 7C20F6CF1A09EEE4F40FE6F70B0F070213E4AE0B9599CF6348B0EAC781225457
1770721303 52688 41955 7C20F6CF1A09EEE4F40FE6F70B0F070213E4AE0B9599CF6348B0EAC781225457
1773493759 6783 5348 B0C021427F0AAA24C0ED4254EB4A13216AB3BB58755A628D43F0B74D84308CE1
1772592937 23546 59953 7C20F6CF1A09EEE4F40FE6F70B0F070213E4AE0B9599CF6348B0EAC781225457
1764587612 25262 23474 7C20F6CF1A09EEE4F40FE6F70B0F070213E4AE0B9599CF6348B0EAC781225457
1764671210 10980 8076 7C20F6CF1A09EEE4F40FE6F70B0F070213E4AE0B9599CF6348B0EAC781225457
1770426417 7498 28852 7C20F6CF1A09EEE4F40FE6F70B0F070213E4AE0B9599CF6348B0EAC781225457
1767687463 8037 14797 6C5A98120C0D892E67DA0CE6A3F371285CC749E59DB30EDAE61192C817357314
1765989119 50704 7639 7C20F6CF1A09EEE4F40FE6F70B0F070213E4AE0B9599CF6348B0EAC781225457
1769061167 61083 49239 DE1C525EF9EE1CC3DBE753F46A0B5F9DB5A84061255EF2E03A015696FEE007A5
1770831130 33600 46475 7C20F6CF1A09EEE4F40FE6F70B0F070213E4AE0B9599CF6348B0EAC781225457
1776278400 35573 37961 3E957343AE647DB0A1B35C43169D676BD2A6FBE34CE5F0EC6E504A114176944C
1775652852 20380 30226 7C20F6CF1A09EEE4F40FE6F70B0F070213E4AE0B9599CF6348B0EAC781225457
1768812278 56005 10442 86BFE15BA538698710AE74A3EAD7CFB78338F619B3978C4AE13762369CC2D440
1769628059 33560 50081 7C20F6CF1A09EEE4F40FE6F70B0F070213E4AE0B9599CF6348B0EAC781225457
1768151785 15890 44361 7C20F6CF1A09EEE4F40FE6F70B0F070213E4AE0B9599CF6348B0EAC781225457
1770134543 32360 40640 7C20F6CF1A09EEE4F40FE6F70B0F070213E4AE0B9599CF6348B0EAC781225457
1769349934 7321 36399 5318BD718F9BAB30A1FD270951C117FEC9E8D530B92A58F640BD40FC1F6A967B
1766539994 37084 23982 7C20F6CF1A09EEE4F40FE6F70B0F070213E4AE0B9599CF6348B0EAC781225457
1766777973 52507 17160 C85183F6DB2D98BA1EDAF09EEF80B6076BB0A49AE92DC07565AD1802CAB7240C
1771919451 4971 13932 57E8FFCCD5624EAACD1CF1FFC974FC0BEFC78E1B66930D735529E776ED8A781A
1765503435 7792 33465 7C20F6CF1A09EEE4F40FE6F70B0F070213E4AE0B9599CF6348B0EAC781225457
1771000706 39819 49757 B150E8937970F28CA85C074DFC2DBB54A15B2A66807E783C0C61244C34B3A211
1773084002 11890 26215 7C20F6CF1A09EEE4F40FE6F70B0F070213E4AE0B9599CF6348B0EAC781225457
1766571569 54647 35325 3CD7B4CBCE92B62F52E7D5810E1AC7CF75BCE01ECAA4F7C9FAA2EABADD164809
1767721492 33126 52565 7C20F6CF1A09EEE4F40FE6F70B0F070213E4AE0B9599CF6348B0EAC781225457
1767066082 48231 44883 4A1F74107D63C64C561EAD432AAC4261C4A37C31FDAD88E6A7880A58132E852C
1773318691 7020 48723 7C20F6CF1A09EEE4F40FE6F70B0F070213E4AE0B9599CF6348B0EAC781225457
1768748256 3195 4894 C04C5B1E9C5788DDC3C9FAF0FE8142B32855ACE5A446583E498F03BF25576A5D

Total of 0 tasks calculated error.
