Total of 100 tasks calculated correctly, accuracy 100.00% 
1789053817 64121 15216 4B755F530CB16B7CD1312DF4BCD891B068680B022535FD08C966F8904A568843
1794985533 14447 16127 5B240060CF268651154025F41BA776E57E610C881F8932151B7F0590712306BA
1793738411 28196 52673 7C20F6CF1A09EEE4F40FE6F70B0F070213E4AE0B9599CF6348B0EAC781225457
1792827191 56351 40588 D3183F7FDE63659EE06060CF33248627881DF425DA756A72E5CE8109D215C9C2
1798337778 5954 31808 7C20F6CF1A09EEE4F40FE6F70B0F070213E4AE0B9599CF6348B0EAC781225457
1793834267 5456 41735 7C20F6CF1A09EEE4F40FE6F70B0F070213E4AE0B9599CF6348B0EAC781225457
1797806564 27737 56635 373D2E848E9812C24F516CEBCAF4B179297077D5A569E0DC2E48951736B429CC
1790154545 628 16082 7C20F6CF1A09EEE4F40FE6F70B0F070213E4AE0B9599CF6348B0EAC781225457
1796761627 45349 47063 32D9FE960A7A8AC6DD39512A0819C4708A0FABC755004392042E4E2A67D1E372
1794913378 18969 12968 BA7CF17A8370A924DC85E6AB2D22C92DA31BAE9820D799AD21DE2FCE251C470F
1799189224 57979 33865 DEF9F2A79B4B557CD49191CAB0732513D2EE63D9842A721638C96F2F9801150F
1798025123 27076 47765 7C20F6CF1A09EEE4F40FE6F70B0F070213E4AE0B9599CF6348B0EAC781225457
1791806100 13794 15133 7C20F6CF1A09EEE4F40FE6F70B0F070213E4AE0B9599CF6348B0EAC781225457
1789460012 29143 63465 84B620C3BACB0B1C3F171C884DC88234439671F76AE84EC1770A477D12C9B085
1793257449 9680 3892 7C20F6CF1A09EEE4F40FE6F70B0F070213E4AE0B9599CF6348B0EAC781225457
1797070337 19260 55096 7C20F6CF1A09EEE4F40FE6F70B0F070213E4AE0B9599CF6348B0EAC781225457
1796542300 33876 65447 7C20F6CF1A09EEE4F40FE6F70B0F070213E4AE0B9599CF6348B0EAC781225457
1793019116 41882 26852 7C20F6CF1A09EEE4F40FE6F70B0F070213E4AE0B9599CF6348B0EAC781225457
1796901900 30313 933 0C166868A6C014252AA1394F2B249FB930293E80BE6E39BED870CAC464C6C2E5
1790911142 22611 54047 D653CDE91D2E68B9B163810EF900A60B902D4E67DC2D8B335E2F5EFD9D7991BC
1791262085 32546 28118 7C20F6CF1A09EEE4F40FE6F70B0F070213E4AE0B9599CF6348B0EAC781225457
1795004629 42025 22710 B3F5203FF297E3B22F964DBDCB808C479F4981A5B9DECB583DEE2B6A81C4B673
1794667253 49233 49407 123B1CA701483F6944C56E8884FB733CB9E145BCFE4AB66479491B904A484657
1797212472 34854 22306 7C20F6CF1A09EEE4F40FE6F70B0F070213E4AE0B9599CF6348B0EAC781225457
1794791537 41728 9536 7C20F6CF1A09EEE4F40FE6F70B0F070213E4AE0B9599CF6348B0EAC781225457
1794820546 6766 58324 7C20F6CF1A09EEE4F40FE6F70B0F070213E4AE0B9599CF6348B0EAC781225457
1792944429 37879 22756 7C887EB2D9F637EEE9A9F1C6F4E5AD562A62E28C2B5B3B71F76549FFD34A9CC8
1792149591 5078 48310 7C20F6CF1A09EEE4F40FE6F70B0F070213E4AE0B9599CF6348B0EAC781225457
1798263879 55094 59787 7C20F6CF1A09EEE4F40FE6F70B0F070213E4AE0B9599CF6348B0EAC781225457
1793910539 27355 17054 6AF90403A300483A693FF1EDFBCBDB1317C136A0603F371B036677DD4553F23E
1796154871 10901 11187 6E657B5FFD44DDF490DCAC2342BC534806C9D5C5F87F85C5045A1F5503F148E7
1794821760 19659 47622 E50D24B952E517ADFD364486558F268B1F6CF44F40C33FE1CA85271AA5443BDB
1800236134 38526 32317 7C20F6CF1A09EEE4F40FE6F70B0F070213E4AE0B9599CF6348B0EAC781225457
1791207516 65383 50940 14BA3C158D8719ECBCFE7CC4F2BB5CB3794494236DD70C964AB94EC207172C60
1794233621 13501 8812 57E4EF6CE9C9CDF19947CC7FC8C93A1C5E5BF0E90CBC3E2DB0912E22BE9ECD2B
1792518038 39904 15631 7C20F6CF1A09EEE4F40FE6F70B0F070213E4AE0B9599CF6348B0EAC781225457
1793954633 61341 63907 85CD06A0BB1728DFD131F8DB18D885C932176FF856C4A1A97FFE39443723A264
1791729081 8702 30686 7C20F6CF1A09EEE4F40FE6F70B0F070213E4AE0B9599CF6348B0EAC781225457
1793820867 16129 30606 A09DA2F049D76485EDFF79A19D4C7B2E738630B499E1521027016CBBB62F4925
1791106364 3851 35246 6FA42C5E4F193EAE5EE70BCFEA68AB9336046694A5E351FBC9F4EE9CF5AF377A
1790570452 49956 24829 7C20F6CF1A09EEE4F40FE6F70B0F070213E4AE0B9599CF6348B0EAC781225457
1790039783 8860 13522 7C20F6CF1A09EEE4F40FE6F70B0F070213E4AE0B9599CF6348B0EAC781225457
1797234105 46076 14555 7C20F6CF1A09EEE4F40FE6F70B0F070213E4AE0B9599CF6348B0EAC781225457
1791054602 60643 30337 DE205130CF1923925C17FB94049629504E1B9FA300C9F18737A0BB1472AB7F73
1799728977 6026 16201 7C20F6CF1A09EEE4F40FE6F70B0F070213E4AE0B9599CF6348B0EAC781225457
1792132343 44432 35275 7C20F6CF1A09EEE4F40FE6F70B0F070213E4AE0B9599CF6348B0EAC781225457
1793973741 38774 10673 7C20F6CF1A09EEE4F40FE6F70B0F070213E4AE0B9599CF6348B0EAC781225457
1796139270 7229 7537 83AEB25511C3DFCAA2F3D1088B250BA9CC438DFCC50946CA102072213480341E
1796826325 40201 28577 11DA34D919DBD0F611CD9433C669E092DB28B6FEC99ABD5E7A347D651628526B
1791483104 1305 61472 DB4B5646B48CBDC279521A0BFFB636B028FC45259F8A454290580DE7D40EA0BC
1789679546 37566 38404 7C20F6CF1A09EEE4F40FE6F70B0F070213E4AE0B9599CF6348B0EAC781225457
1797915859 359 16240 4E5FA07CE41900A3AF164F8DF2F63D55C9D8FB384887770518BEF211817A9B39
1796621310 20192 26164 7C20F6CF1A09EEE4F40FE6F70B0F070213E4AE0B9599CF6348B0EAC781225457
1790187669 52505 30710 6ADA5065280E261C1A89CF64312CFAEAE22332D85D61CFCC5DE43688B42E00C8
1790155795 60511 7397 FB603D291C0917B0F8486569B0B4B986701B4223657FDF0E82A9558275825D12
1790155654 30674 1236 7C20F6CF1A09EEE4F40FE6F70B0F070213E4AE0B9599CF6348B0EAC781225457
1796973189 25741 18310 286BA317DCA53A8E2251F1151CC0CC71DAC9019844A092E0F8E9DC778CDD6945
1789492510 34591 13139 9B7FF7DFD4C6A0AC1898C5925BF6FC5545AB0D6B926ADC86AABCDD646FF7AD8C
1793031774 26653 21418 845A5C8AFEC7E7334952B0A725E1AE86DA7A4184197DADE27D3FD578E5A37EA4
1797708906 36437 45439 CB5B0965A9B18678987357FD78F5CF015A31E61354DBD6541C4439A499C68550
1796957443 10707 5499 1ACD087A88E9524CA7C37F883DF2A5F34FC6D44AFC6372DA3EE9DA05E02C6D74
1796649082 24329 966 E116457B34683E61CB5BE84FB62509DC900FCC6CFB2C3022AC25EA3734975F63
1789461709 41428 41319 7C20F6CF1A09EEE4F40FE6F70B0F070213E4AE0B9599CF6348B0EAC781225457
1793914770 32826 15508 7C20F6CF1A09EEE4F40FE6F70B0F070213E4AE0B9599CF6348B0EAC781225457
1790394564 14304 4235 7C20F6CF1A09EEE4F40FE6F70B0F070213E4AE0B9599CF6348B0EAC781225457
1795323528 10584 40656 7C20F6CF1A09EEE4F40FE6F70B0F070213E4AE0B9599CF6348B0EAC781225457
1797492965 3651 61011 D65114C32633E93432FA7EC05DD4C96BDA748570752C2A39847E3121C74DE121
1799172828 59511 40175 3ED6E55A287C7549740B5D9B027A6D452EAF0F38991E9EA9B9D4EFB419183CD4
1798105970 20138 57218 7C20F6CF1A09EEE4F40FE6F70B0F070213E4AE0B9599CF6348B0EAC781225457
1796426301 13083 32159 407E4E357EC3955E4226385CC1208EFCB1BCED46AA7E38B58C33B6BF5CE1FE48
1789833815 23455 13870 00B8A3EC33CE76F4CF81030B8EFEEDBEC69BB47560F291196FCAAA9001745596
1791261230 30922 51511 7C20F6CF1A09EEE4F40FE6F70B0F070213E4AE0B9599CF6348B0EAC781225457
1791522246 2315 40501 ABC6099072ACF94338BA5D3FCA1E5E0EEE5A27DC565D8407E0A8CF022BFF9CD6
1792641868 21129 50119 586FC0D30734F4F4C4427C4AFFE8BAC13DBDBE039B382B4E393596F05974B70E
1794200493 43531 60162 1BA8BBC4A554EDC21572DADAEF05A6B74FA1B5D7D639CBC9761465B27C8E56DD
1798846590 23194 19238 7C20F6CF1A09EEE4F40FE6F70B0F070213E4AE0B9599CF6348B0EAC781225457
1793446015 30505 50439 5E6D816F8D341E5B0393BFEC3E9D7276BB6D206939916C060331E235C4AF7B44
1797455952 34624 49663 7C20F6CF1A09EEE4F40FE6F70B0F070213E4AE0B9599CF6348B0EAC781225457
1789192902 17703 64728 3835B416A2CFF3BA0CF6100CE313D54A9E0F37BD37404FEA82D5A5C93F3223CF
1789058413 30552 52680 7C20F6CF1A09EEE4F40FE6F70B0F070213E4AE0B9599CF6348B0EAC781225457
1797461836 11505 59927 4E9FFD8AAD12A3EF687EE9E95F5601D3770A8A1FBE9D43FDAB148DF03DF770FC
1797229230 61476 27490 7C20F6CF1A09EEE4F40FE6F70B0F070213E4AE0B9599CF6348B0EAC781225457
1788909547 14951 18547 0BA115C0FC96D0EA462150322DB607583FABCF548BAE6D4D627F06B41F4C27F0
1798367297 48525 46608 0BE011B222395BBB5A4AE5FDAEDB89B312BFD00E66BDC3CF4834856FE8EB9913
1797929508 10705 19557 AA3654B0FE86B759B152AC6A6A90317B88E371498DCE873E347B6716FEA2F0AF
1793527023 32768 31897 7C20F6CF1A09EEE4F40FE6F70B0F070213E4AE0B9599CF6348B0EAC781225457
1794545140 13966 25495 7C20F6CF1A09EEE4F40FE6F70B0F070213E4AE0B9599CF6348B0EAC781225457
1792610659 15961 5577 17159880242AD959A7949A00753A93FF5250DF4C0E891F35CDD212EDCC93B818
1790193100 64644 42208 7C20F6CF1A09EEE4F40FE6F70B0F070213E4AE0B9599CF6348B0EAC781225457
1795981293 25515 59522 E22DAD3577733416FA0441DCD370A48081252B3C1CB271618A33BAA7D3DC850C
1797747023 39842 61445 7C20F6CF1A09EEE4F40FE6F70B0F070213E4AE0B9599CF6348B0EAC781225457
1792922476 270 29320 7C20F6CF1A09EEE4F40FE6F70B0F070213E4AE0B9599CF6348B0EAC781225457
1789840648 16383 22156 05F6D9234605F0C43727ADDCD049277D0CC0092693107CD27CA942F104949936
1790498294 9534 16706 7C20F6CF1A09EEE4F40FE6F70B0F070213E4AE0B9599CF6348B0EAC781225457
1794938788 53501 15774 64AD9A48083405A91E0FDE2B60FC529CEE883CDCA4F132E849A80BCF0F5D0366
1789447184 61713 63110 AA50D122A74B5DE9D96AFC908C22CBFD6F89686BD59538D87DEEFD9056D50AA0
1790395557 47708 17971 7C20F6CF1A09EEE4F40FE6F70B0F070213E4AE0B9599CF6348B0EAC781225457
1789191703 24124 54730 7C20F6CF1A09EEE4F40FE6F70B0F070213E4AE0B9599CF6348B0EAC781225457
1793338868 25711 41810 294D0FD7B1AF6F24CF085FD212130C932290E7E36B64A3F9638EB4C0608958A7
1795201981 43869 17486 E3E46E32CD42922CE30E462066996038C1D7ED77207370BEF381853EE5A58799

Total of 0 tasks calculated error.
