Total of 100 tasks calculated correctly, accuracy 100.00% 
1846947544 47593 44002 427EB6819D84CD2F9DE0FCD53F2286362A78EFD3D517695AFD7A49A18068F975
1840897594 11170 28021 7C20F6CF1A09EEE4F40FE6F70B0F070213E4AE0B9599CF6348B0EAC781225457
1837612949 27431 56473 822C9C1998D7358E1B35B661D5F568F54C1E55D84EA2BD62976889015A5C4EAB
1840120174 62552 23290 7C20F6CF1A09EEE4F40FE6F70B0F070213E4AE0B9599CF6348B0EAC781225457
1842717712 15604 38819 7C20F6CF1A09EEE4F40FE6F70B0F070213E4AE0B9599CF6348B0EAC781225457
1836914030 56054 19030 7C20F6CF1A09EEE4F40FE6F70B0F070213E4AE0B9599CF6348B0EAC781225457
1846761422 22316 26727 7C20F6CF1A09EEE4F40FE6F70B0F070213E4AE0B9599CF6348B0EAC781225457
1838948179 13027 9996 2C7F348E7486AF6F5479D2FB286B646FFEDF36A0B8D5E78A8BAF37002C267FE2
1843156987 172 29129 7C20F6CF1A09EEE4F40FE6F70B0F070213E4AE0B9599CF6348B0EAC781225457
1843866981 41784 40252 7C20F6CF1A09EEE4F40FE6F70B0F070213E4AE0B9599CF6348B0EAC781225457
1837786725 8402 1177 7C20F6CF1A09EEE4F40FE6F70B0F070213E4AE0B9599CF6348B0EAC781225457
1841727526 64630 28777 7C20F6CF1A09EEE4F40FE6F70B0F070213E4AE0B9599CF6348B0EAC781225457
1845122465 51685 50668 13667F08F7307F505E82BEE0025BEF3897BD6C2BF55842DBC72BAD024BF13AD1
1841926233 57020 47537 7C20F6CF1A09EEE4F40FE6F70B0F070213E4AE0B9599CF6348B0EAC781225457
1846375664 6693 41227 F36BD664E0B30F32C040482C068AE6A7DF316C3CC54956D10548D660340836FE
1847869119 23347 33701 DC94C26C88D723293F149EF32D1C0F04BF326E4E670F9637CFE23372E1309E72
1847218955 13343 20566 FA00B79ABC0785AC214F7DBC98E73E5D02C2FE342067B62E87A8FD1778DB4AB2
1845731958 25014 37459 7C20F6CF1A09EEE4F40FE6F70B0F070213E4AE0B9599CF6348B0EAC781225457
1846039771 58631 59509 0417C2666E16353CE12DBEE55F872B63843129C882EECD314AF15E9A1DF79D46
1843272696 37916 64309 7C20F6CF1A09EEE4F40FE6F70B0F070213E4AE0B9599CF6348B0EAC781225457
1838679112 17202 59960 7C20F6CF1A09EEE4F40FE6F70B0F070213E4AE0B9599CF6348B0EAC781225457
1847217536 37201 5823 AB557F77F8FFD14443F5A5EAF487C0FEA7E56FC2CC42D5E2BE16C1575222A52E
1841298770 15960 40462 7C20F6CF1A09EEE4F40FE6F70B0F070213E4AE0B9599CF6348B0EAC781225457
1843404613 6448 43171 7C20F6CF1A09EEE4F40FE6F70B0F070213E4AE0B9599CF6348B0EAC781225457
1839977237 36241 33967 A0FAD1BA34D3EC80FCC7479F8CB0EF717CFDE426B6036E462194C774DD91FC07
1847960144 8909 38048 C21305B848F2530A2AB10F26765BBA3BDC0393F40402FD2FEC7754A853B4E772
1836823816 53402 23037 7C20F6CF1A09EEE4F40FE6F70B0F070213E4AE0B9599CF6348B0EAC781225457
1836819152 44324 13227 7C20F6CF1A09EEE4F40FE6F70B0F070213E4AE0B9599CF6348B0EAC781225457
1845667882 23402 52294 7C20F6CF1A09EEE4F40FE6F70B0F070213E4AE0B9599CF6348B0EAC781225457
1846745635 20652 33914 7C20F6CF1A09EEE4F40FE6F70B0F070213E4AE0B9599CF6348B0EAC781225457
1841990550 34148 26456 7C20F6CF1A09EEE4F40FE6F70B0F070213E4AE0B9599CF6348B0EAC781225457
1839338991 62681 26466 01CABC2880880D025152EE86BFF63D25F12B8C2C0C1F5132DA9A36CD054AF2E7
1840368656 60576 402 7C20F6CF1A09EEE4F40FE6F70B0F070213E4AE0B9599CF6348B0EAC781225457
1845480117 55845 8819 948D78113F0C8B38B71D1D6DF2F832254F8A9433F5D35BFC576833D4FD91ECEA
1845338892 32975 16775 D5E02E9ADB5B9742BFD4E448944FEFD8091518894ED1373C3D02B76509DF9069
1842888788 11323 29616 F6182EE83E45C7F490980657E3171B5E0D5E28C96A6B545B13061475A7B63BDD
1841595816 65350 16999 7C20F6CF1A09EEE4F40FE6F70B0F070213E4AE0B9599CF6348B0EAC781225457
1836842747 32990 30063 7C20F6CF1A09EEE4F40FE6F70B0F070213E4AE0B9599CF6348B0EAC781225457
1839707221 21303 39733 E310CE08DC2C4263039434EBE7603C196FB548A5A78F1BF4C78F9341E2ADA1E1
1841270573 40541 43808 9D552B1FD52283F48A19E15E0435F24B09E6ACF8B5A0D3EBF9D6F483609394A0
1839451069 18956 29129 7C20F6CF1A09EEE4F40FE6F70B0F070213E4AE0B9599CF6348B0EAC781225457
1838173962 30057 2881 34400965319A4780B5580D77C101F08583018D72CB6B83C68F945D59E58F8ACB
1841504950 2315 13546 D01DDD91E7C3B38312F050A6C8AE5154D3064020C01CA75A92583B76006DB0D8
1843730909 59434 52382 7C20F6CF1A09EEE4F40FE6F70B0F070213E4AE0B9599CF6348B0EAC781225457
1840153090 47461 47942 E519B4482137C301679298D6ECCA09C21409910FA16D3838489A3551727BAD5F
1847174286 19123 18573 21DD8B06BA85E6C1D082E69AC2FC66661E3A068D8FC6DA15AE585E33827EC491
1846675670 31220 57083 7C20F6CF1A09EEE4F40FE6F70B0F070213E4AE0B9599CF6348B0EAC781225457
1842485877 5773 38068 3516205B499753DAB174EDE38C4CFD6EF1855C2830B2135C987916975AF2EB20
1843137352 26321 10777 412071537752EFE21E022BEA660F5E33158EDC7494B51AC0DFF5D9B78772C6EC
1845689837 19019 33656 253D7DE131ADB93ECFD9A4EFB350A9AD72C8D77D581C559106FF1758A597E9DD
1837552278 41431 1539 79178B6EC2C0CAEB08B4E7814D6BA4F9A5CCF2C3C468261C19DC3B013F69B658
1844771335 13987 35426 E400E3858501493684D2D873948E6F52778E6210EFAB71E31E7ECAFEE6597A43
1840141932 4396 16869 7C20F6CF1A09EEE4F40FE6F70B0F070213E4AE0B9599CF6348B0EAC781225457
1837412448 63525 16094 7A3999908AEF277D2F8300CD84688F72322A30EB5C158E4CE773BDE17A2BC688
1837401290 51345 35029 78B29A3C11E1E200883DF1EB1047BED6452A1C1E630C7C4C421BCA0269EDAF64
1842110268 19604 20697 7C20F6CF1A09EEE4F40FE6F70B0F070213E4AE0B9599CF6348B0EAC781225457
1848139472 25570 42870 7C20F6CF1A09EEE4F40FE6F70B0F070213E4AE0B9599CF6348B0EAC781225457
1842807413 50508 52817 7C20F6CF1A09EEE4F40FE6F70B0F070213E4AE0B9599CF6348B0EAC781225457
1847799899 51431 23777 C77CCBAFB3FDE41E6870FE2E581BFB498F91C922C540F7803B45BF6050DE204F
1841017509 35810 44103 7C20F6CF1A09EEE4F40FE6F70B0F070213E4AE0B9599CF6348B0EAC781225457
1846875694 12508 46349 7C20F6CF1A09EEE4F40FE6F70B0F070213E4AE0B9599CF6348B0EAC781225457
1837432238 22072 63156 7C20F6CF1A09EEE4F40FE6F70B0F070213E4AE0B9599CF6348B0EAC781225457
1839392318 35799 3625 EC68E5FB6A41AF3F5B99F1428B00F39A753F761779F389BE46BDA44DC002C51E
1841488431 48265 1772 FDDB66EDBB0FACD7D3F9C1CD2FFAB48F3EB370BCFABD80BCB102BD98E845B77C
1845188904 57718 14105 7C20F6CF1A09EEE4F40FE6F70B0F070213E4AE0B9599CF6348B0EAC781225457
1839080506 52647 40025 6D2FAE1C47C3BBF2CC5BADE922EB03800987CC8D89376CAB62DD55CAECFCC64B
1846761709 36970 64128 7C20F6CF1A09EEE4F40FE6F70B0F070213E4AE0B9599CF6348B0EAC781225457
1845144377 46380 6479 7C20F6CF1A09EEE4F40FE6F70B0F070213E4AE0B9599CF6348B0EAC781225457
1842907187 54018 9246 7C20F6CF1A09EEE4F40FE6F70B0F070213E4AE0B9599CF6348B0EAC781225457
1845283348 30808 21151 7C20F6CF1A09EEE4F40FE6F70B0F070213E4AE0B9599CF6348B0EAC781225457
1846158042 5289 48703 98A096A5C907F86E74CDFA4E7EFDC187D9F4176AE99794D9556B5BABB561B8E0
1843022205 40056 19629 7C20F6CF1A09EEE4F40FE6F70B0F070213E4AE0B9599CF6348B0EAC781225457
1845761941 30479 18218 18551C79C732AA2844DC6D92632EC9F34F7022DEB13F6C838DD410EFACC0500E
1845423168 26459 15530 EE7314E16C84FE911BE95EF4E4D932F0B744A159C2003ACD4B8D26FB7E8A8035
1846722134 40202 54587 7C20F6CF1A09EEE4F40FE6F70B0F070213E4AE0B9599CF6348B0EAC781225457
1839019870 13419 62391 590EF6812DB722DD01F793D783FF20A2D3E08D95559291B2D15CB5A307779556
1847182325 17437 32727 60CCCAE5C75774CD98B498A47910ADA34E5D81F36D648D9CAC67FF39D8BF8F52
1842148103 3734 4155 7C20F6CF1A09EEE4F40FE6F70B0F070213E4AE0B9599CF6348B0EAC781225457
1841312931 60362 51758 7C20F6CF1A09EEE4F40FE6F70B0F070213E4AE0B9599CF6348B0EAC781225457
1845902912 52421 14170 625E9408EDAFF74E3D991DF33ECD2E7A567495E3EEF2D7282E4055B973AB9092
1843120984 12193 62384 39E22D6AF4163A581380F3173280EF305262A07E9210283AE11F771B75E0F30D
1844916258 11923 38158 799FC9C578D2A6ABF69310ABD5EA2A4B2105B643801B803FCA0C2CB79268A7C3
1845266472 19211 61481 EA0F724237CB3009218FFC629885B8A6E6147FBB874DAA25D2B1B96980ACAD04
1845591002 17205 13953 69C9687E1A603B5D7C1A522301FDDD98D72B6B90ED969B2960C0B248E0212523
1843519299 55616 29562 7C20F6CF1A09EEE4F40FE6F70B0F070213E4AE0B9599CF6348B0EAC781225457
1837928564 59497 44316 69D582AA249AC7C634A0027084A82C1CA40AAAA1F95BAB3BAA5980E5224A1FED
1848301857 31900 41528 7C20F6CF1A09EEE4F40FE6F70B0F070213E4AE0B9599CF6348B0EAC781225457
1839410281 45845 1005 1DFEBA2E70E4981149DEABFA991D2EFE4037C88D0BA3680C1E296107D877FF08
1841104190 52414 39871 7C20F6CF1A09EEE4F40FE6F70B0F070213E4AE0B9599CF6348B0EAC781225457
1840222593 64726 49723 7C20F6CF1A09EEE4F40FE6F70B0F070213E4AE0B9599CF6348B0EAC781225457
1843325710 62523 92 89CAF136FC08098E6E471ED99F2E5D9CF38C9C51FBE0C51FEE850611FB672EA1
1846893496 64254 11600 7C20F6CF1A09EEE4F40FE6F70B0F070213E4AE0B9599CF6348B0EAC781225457
1848115548 36806 55971 7C20F6CF1A09EEE4F40FE6F70B0F070213E4AE0B9599CF6348B0EAC781225457
1839477783 14556 42111 7C20F6CF1A09EEE4F40FE6F70B0F070213E4AE0B9599CF6348B0EAC781225457
1837172406 21076 38398 7C20F6CF1A09EEE4F40FE6F70B0F070213E4AE0B9599CF6348B0EAC781225457
1844428054 52064 47518 7C20F6CF1A09EEE4F40FE6F70B0F070213E4AE0B9599CF6348B0EAC781225457
1842361061 23152 15749 7C20F6CF1A09EEE4F40FE6F70B0F070213E4AE0B9599CF6348B0EAC781225457
1847648170 6159 18332 523C9A9A21DF2620E73B9A8067DA987D97E363CB7671D269BAD787212F851865
1841038003 24559 30329 A5AB113FD51D46F9C899CAB866C82371D5A2EF8AD4C0B871EDEA487F61C97D3E
1839501520 63132 18565 7C20F6CF1A09EEE4F40FE6F70B0F070213E4AE0B9599CF6348B0EAC781225457

Total of 0 tasks calculated error.
