Total of 100 tasks calculated correctly, accuracy 100.00% 
1855038400 44959 56835 26A69119EFBCBEC0AA22B274752CD4B7EC8F10A93F510F573D2C01C2551E643F
1849296895 56872 54603 7C20F6CF1A09EEE4F40FE6F70B0F070213E4AE0B9599CF6348B0EAC781225457
1850058037 6706 55161 7C20F6CF1A09EEE4F40FE6F70B0F070213E4AE0B9599CF6348B0EAC781225457
1851672293 18836 54908 7C20F6CF1A09EEE4F40FE6F70B0F070213E4AE0B9599CF6348B0EAC781225457
1857238727 50546 48058 7C20F6CF1A09EEE4F40FE6F70B0F070213E4AE0B9599CF6348B0EAC781225457
1857263732 3552 46014 7C20F6CF1A09EEE4F40FE6F70B0F070213E4AE0B9599CF6348B0EAC781225457
1849753625 54890 41661 7C20F6CF1A09EEE4F40FE6F70B0F070213E4AE0B9599CF6348B0EAC781225457
1850069322 20885 46260 E97E90EB88C5754CD1D4A5F5385BEA1F29AD1FD62783B250DEB13BAECEA74D12
1849520900 8653 8492 CC684154706F9FCDBA4C753E8DB19DA3B1F9C59ECABECC51356520BA7FCD32E2
1856861451 1769 38337 B3B654EE33A20DBC445B867A3FE9D097DE48D1253829BDCFD352C8939F80C3B7
1854903444 5731 60504 C1CDB28A4A41127BBABAB4C298151E2C877F449CA93B446992770DC50B9027E1
1858075868 65148 45439 7C20F6CF1A09EEE4F40FE6F70B0F070213E4AE0B9599CF6348B0EAC781225457
1850688288 54545 20657 2E3430B1FF4896C3DA396E99BF19BFC5FD7F094416991462E14EA7811FDDB42C
1850454605 5055 19762 DA316514C7BB40FC387AFA52706194AA792F7A1D226D90E9C6775019D2F4101F
1849609964 22088 5731 7C20F6CF1A09EEE4F40FE6F70B0F070213E4AE0B9599CF6348B0EAC781225457
1855808663 61911 12109 CD300B37C6FFFA7D0B814B81C14669342572DDA491D32243FB2FBD825ADD7833
1856988117 41518 8117 7C20F6CF1A09EEE4F40FE6F70B0F070213E4AE0B9599CF6348B0EAC781225457
1852084464 40082 55944 7C20F6CF1A09EEE4F40FE6F70B0F070213E4AE0B9599CF6348B0EAC781225457
1858216565 23311 36551 DD2C82D7A39DBF4BE8AD60A43C3B407094D78E5427B1A7346BECCC28010D52EA
1850759133 29639 27575 09FDD71E6EC3F030B80E3C59F862E4ED8F249D243B768B344FFD55CDF5A0BE09
1857118487 52829 2856 5DF0E1EF7D669DE43CE32B2161AD7F177F1876237D16DB8ABAB631F65242AD14
1857913343 31374 23384 7C20F6CF1A09EEE4F40FE6F70B0F070213E4AE0B9599CF6348B0EAC781225457
1849668914 59173 1302 DD202A075F06F12577008703AA9A2E6212DDA65205D8855B5CCD15A7983406F0
1859047253 42311 56063 80E0C9DCE273336E6D43F2C4C17C33CDB40E491C9299220A1879F366358B09C5
1849964015 6049 36598 B98DC4112133D3A2993962E1B405825A553E4BFC3A43CCFC4801CB62109B9AED
1850963381 27313 26629 3A2C1BAA303DF8AE99936922DE3C486E551421442B6D62DDACA1078CFF52FF4A
1855786038 64589 50192 999001C86C902C30799A91A71E98194C918213DE98F1E4AA9D1A2D1CF28AD6A7
1856693305 31600 5715 7C20F6CF1A09EEE4F40FE6F70B0F070213E4AE0B9599CF6348B0EAC781225457
1851410704 51802 52642 7C20F6CF1A09EEE4F40FE6F70B0F070213E4AE0B9599CF6348B0EAC781225457
1857197135 55471 39947 91261F95215DF49374462BC3D1DCA89BAFCF4058299B5F2B3CA6F01BD0270DB5
1857843239 25006 6045 7C20F6CF1A09EEE4F40FE6F70B0F070213E4AE0B9599CF6348B0EAC781225457
1854710004 25898 36539 7C20F6CF1A09EEE4F40FE6F70B0F070213E4AE0B9599CF6348B0EAC781225457
1851132598 504 59197 7C20F6CF1A09EEE4F40FE6F70B0F070213E4AE0B9599CF6348B0EAC781225457
1854108693 37478 56622 7C20F6CF1A09EEE4F40FE6F70B0F070213E4AE0B9599CF6348B0EAC781225457
1856476227 60189 32351 412E47AF7DC69D7F9649F08C6DB38F535A6D9BBB73ECBCE764737C70AE028A5E
1850227925 39542 11898 7C20F6CF1A09EEE4F40FE6F70B0F070213E4AE0B9599CF6348B0EAC781225457
1858859321 63157 22400 BF7C0616C6F34528C6837AF634B223A2A650C72D445FFAA1B69694A0606A9181
1855594089 15952 16079 7C20F6CF1A09EEE4F40FE6F70B0F070213E4AE0B9599CF6348B0EAC781225457
1857938938 7545 11652 CBC8E4DC28403EBFB885B8FA79DE0898977D12FB77E261FB0F6BC1572429B382
1854238877 49923 62892 DAAF21695552CF95CC1AFF71199A959C6789BEB1A4F470033189BA485F2E1402
1850144012 33546 15273 7C20F6CF1A09EEE4F40FE6F70B0F070213E4AE0B9599CF6348B0EAC781225457
1857774174 110 65088 7C20F6CF1A09EEE4F40FE6F70B0F070213E4AE0B9599CF6348B0EAC781225457
1856278580 65326 60104 7C20F6CF1A09EEE4F40FE6F70B0F070213E4AE0B9599CF6348B0EAC781225457
1856521424 42420 25583 7C20F6CF1A09EEE4F40FE6F70B0F070213E4AE0B9599CF6348B0EAC781225457
1853777421 59218 46205 7C20F6CF1A09EEE4F40FE6F70B0F070213E4AE0B9599CF6348B0EAC781225457
1856162563 46192 20896 7C20F6CF1A09EEE4F40FE6F70B0F070213E4AE0B9599CF6348B0EAC781225457
1851702908 49157 40474 6DA11AECBA2AFE0C36F0B7DCCBEE49A219DC56F86D6A08F296463C6B59EDBC1A
1849151147 1734 58827 7C20F6CF1A09EEE4F40FE6F70B0F070213E4AE0B9599CF6348B0EAC781225457
1853671129 3471 41138 93D70301F10290A26F978760DFED0F6FE789E62263ABC378961B6558E67D6DB2
1857687282 37668 2717 7C20F6CF1A09EEE4F40FE6F70B0F070213E4AE0B9599CF6348B0EAC781225457
1857618315 62672 24377 7C20F6CF1A09EEE4F40FE6F70B0F070213E4AE0B9599CF6348B0EAC781225457
1856920253 60434 423 7C20F6CF1A09EEE4F40FE6F70B0F070213E4AE0B9599CF6348B0EAC781225457
1852894597 1396 8788 7C20F6CF1A09EEE4F40FE6F70B0F070213E4AE0B9599CF6348B0EAC781225457
1848681447 30840 37419 7C20F6CF1A09EEE4F40FE6F70B0F070213E4AE0B9599CF6348B0EAC781225457
1850775292 25888 49425 7C20F6CF1A09EEE4F40FE6F70B0F070213E4AE0B9599CF6348B0EAC781225457
1852313906 4347 11495 8DDD86929A233AE849D457B982A91C53FF473BEAE44BA589BE631F72392EA523
1852971751 51973 65315 8497E6927D78A06A2B8EB06630BAA2F9784DDDF5EE2751143F876CA706E819DD
1848545515 14177 61048 B2A60B4ED818147CF06988AA6936E7D376CD74E2C1BFE21B1F2284A57DDC1B37
1854533313 42357 2637 330749A50D440505CDD737A5D9DD66456F564D7FAFF5925B60183B8CCE8B3A68
1856826993 44375 4346 E48DF7977362CDD992D0E59101C2A49088FF43BF071177F94F09EED8AB9F9C37
1859022410 23714 11732 7C20F6CF1A09EEE4F40FE6F70B0F070213E4AE0B9599CF6348B0EAC781225457
1856915261 25650 13406 7C20F6CF1A09EEE4F40FE6F70B0F070213E4AE0B9599CF6348B0EAC781225457
1854128989 61542 10809 7C20F6CF1A09EEE4F40FE6F70B0F070213E4AE0B9599CF6348B0EAC781225457
1853728190 54762 42771 7C20F6CF1A09EEE4F40FE6F70B0F070213E4AE0B9599CF6348B0EAC781225457
1851538430 26700 21601 7C20F6CF1A09EEE4F40FE6F70B0F070213E4AE0B9599CF6348B0EAC781225457
1856886538 59181 33994 AE18962CC632A747A8629C32B1FE3A1EEA62F492189BB5B6812F3315AF8E04DB
1860312457 39649 16283 827CD335F21BB1EB3DAA2DC9CFE4BD5BCA0536FA44E1B58D6DE8884FB95C3240
1852212326 55801 7629 108A4B6AA3026C90B11662248E652CCA7192D4E4988C080C552EF32A39E26B83
1858884648 29814 6330 7C20F6CF1A09EEE4F40FE6F70B0F070213E4AE0B9599CF6348B0EAC781225457
1857298750 10453 5406 3E8AB02301B8BC9E42E4E0B02A1577FC40D02E36C0C4728B0038EC1CD4310D74
1848672249 2482 5900 7C20F6CF1A09EEE4F40FE6F70B0F070213E4AE0B9599CF6348B0EAC781225457
1854509842 37536 22072 7C20F6CF1A09EEE4F40FE6F70B0F070213E4AE0B9599CF6348B0EAC781225457
1854601892 63272 26254 7C20F6CF1A09EEE4F40FE6F70B0F070213E4AE0B9599CF6348B0EAC781225457
1849636243 12646 60084 7C20F6CF1A09EEE4F40FE6F70B0F070213E4AE0B9599CF6348B0EAC781225457
1853622141 51730 57359 7C20F6CF1A09EEE4F40FE6F70B0F070213E4AE0B9599CF6348B0EAC781225457
1857521417 35324 57808 7C20F6CF1A09EEE4F40FE6F70B0F070213E4AE0B9599CF6348B0EAC781225457
1854759648 32969 56862 9BD96755F04BE4A7F78D9F1C94668205B961917C849C08CB2995DA01A098AD22
1851090298 49779 24625 0D6D864EEE3B07D6E9A136CE2DBE02731C487F34703F8F125AFC8EEF8A43B646
1856627006 61176 33128 7C20F6CF1A09EEE4F40FE6F70B0F070213E4AE0B9599CF6348B0EAC781225457
1857631305 6301 53048 4B1979F8063D819860C708EA75F14C14F2968A39EA6EDF6EEBB85F68960AAC2E
1853318614 35405 19071 D7DF9FE405A2412263BE15721D4021B5DF096F53076422132CB0FBAACE0E5BD6
1857300332 28566 2259 7C20F6CF1A09EEE4F40FE6F70B0F070213E4AE0B9599CF6348B0EAC781225457
1853698813 54090 7806 7C20F6CF1A09EEE4F40FE6F70B0F070213E4AE0B9599CF6348B0EAC781225457
1853787928 48444 59149 7C20F6CF1A09EEE4F40FE6F70B0F070213E4AE0B9599CF6348B0EAC781225457
1859563915 33446 5544 7C20F6CF1A09EEE4F40FE6F70B0F070213E4AE0B9599CF6348B0EAC781225457
1856095387 36259 16907 0108700436C4F5A2BA48787677EDEC37E08559CCBC1B91419AB0448D2F5AF34F
1855780850 3126 48749 7C20F6CF1A09EEE4F40FE6F70B0F070213E4AE0B9599CF6348B0EAC781225457
1859869377 62779 26869 3431D43F70F44599C3D45D83C514FF9EAAC1A4BF988C444269759C56C68B5007
1851264156 10434 5828 7C20F6CF1A09EEE4F40FE6F70B0F070213E4AE0B9599CF6348B0EAC781225457
1852809773 16601 16649 0A33B8F8234ADD66C1D4A971C0958FE0307122FE06648C04EA0841D557BF4185
1853203431 18418 1920 7C20F6CF1A09EEE4F40FE6F70B0F070213E4AE0B9599CF6348B0EAC781225457
1854753339 40274 10209 7C20F6CF1A09EEE4F40FE6F70B0F070213E4AE0B9599CF6348B0EAC781225457
1859936577 27550 1696 7C20F6CF1A09EEE4F40FE6F70B0F070213E4AE0B9599CF6348B0EAC781225457
1851683953 34420 6374 7C20F6CF1A09EEE4F40FE6F70B0F070213E4AE0B9599CF6348B0EAC781225457
1857922381 23612 36272 7C20F6CF1A09EEE4F40FE6F70B0F070213E4AE0B9599CF6348B0EAC781225457
1858643701 2589 28692 ACE15CD32F0CA6CDB9154446656C9ABE6AF092CC5C2D2D3D708D13B8651BD749
1854250119 49003 34085 2D9E19824CF4806DE3196862D969AB40E58D6A17EABA1BE2B4527F57338ADA24
1849968342 7786 31392 7C20F6CF1A09EEE4F40FE6F70B0F070213E4AE0B9599CF6348B0EAC781225457
1849082610 28313 27361 CC0D163404E9B93AB6D20318E7B37F2AA1BED3C6CE6A312F943DEFDF1E5E818D
1856088606 29896 52603 7C20F6CF1A09EEE4F40FE6F70B0F070213E4AE0B9599CF6348B0EAC781225457

Total of 0 tasks calculated error.
