Total of 100 tasks calculated correctly, accuracy 100.00% 
190150829 13080 15344 7C20F6CF1A09EEE4F40FE6F70B0F070213E4AE0B9599CF6348B0EAC781225457
180573350 19843 63855 47791C7A717570F091F8120485FE71797428F6398E87F0C848B43D9052EC3DEC
185946046 51147 27980 36AED7AE3B556A1629B15D58C68974A86E7A8CC4A82261F803464F2A72EB6F41
182433943 4920 45607 7C20F6CF1A09EEE4F40FE6F70B0F070213E4AE0B9599CF6348B0EAC781225457
181382357 28616 17007 7C20F6CF1A09EEE4F40FE6F70B0F070213E4AE0B9599CF6348B0EAC781225457
182883430 58693 3332 A4F7DA7EA4F54CC0A994D533FC5D90930A185D50D53CA57415D041FA2ACA23BB
183869472 53698 3570 7C20F6CF1A09EEE4F40FE6F70B0F070213E4AE0B9599CF6348B0EAC781225457
186093228 2511 58439 A298F5EEC1A109D5F0BF836B0048BDAA11DC1210A905072270192C1D2D219CDE
183292071 42388 52250 7C20F6CF1A09EEE4F40FE6F70B0F070213E4AE0B9599CF6348B0EAC781225457
183327082 49805 41482 0B3F57F0B8B41F0124111383D1CB21F4113BF41A67A98CB7DD29545279899D82
192198516 59655 9646 54D7AD1DA263194BC5BFAA6213C9C02C3BE6EE3C787017A684FF1816BA602AF7
190166594 6909 44884 C4AEA2B8720361CA0B90B9F41531F063BDA1A5AC8CF0EA632A825237A092ED1D
188383019 48170 49607 7C20F6CF1A09EEE4F40FE6F70B0F070213E4AE0B9599CF6348B0EAC781225457
185017264 4034 15526 7C20F6CF1A09EEE4F40FE6F70B0F070213E4AE0B9599CF6348B0EAC781225457
182746806 35171 57581 C9E07F5D97EF5E190187FEC2C8B713CB3146B2FA73065944B64D2A1E50FC9A61
184047710 28820 61133 7C20F6CF1A09EEE4F40FE6F70B0F070213E4AE0B9599CF6348B0EAC781225457
190690128 58204 37867 7C20F6CF1A09EEE4F40FE6F70B0F070213E4AE0B9599CF6348B0EAC781225457
190948233 36452 41437 7C20F6CF1A09EEE4F40FE6F70B0F070213E4AE0B9599CF6348B0EAC781225457
190541230 29975 45671 93B794513C1016032991EA6A019160EEBEBF78F084CAF5E43823A80F139ABCDD
183702495 11033 47177 5216BF24164FCAD9E3AC690D38CED13119C226736B2EDF409945683DA0E65340
188662920 38411 3124 DF98746ED14C040CCEBC8F2B4E3E975728B7A509F2F86EF166987D4851732DC3
191327231 49176 61259 7C20F6CF1A09EEE4F40FE6F70B0F070213E4AE0B9599CF6348B0EAC781225457
186398384 45661 14803 0D6513FF4136109A2149186FE0BD9162CA987C84F1BD0A8660D81C175E0FB8BD
181541338 10283 59595 D416284370C7EACDC637E88F554610FEB7DAF634A65E0187C3E5F1F5E3F37DBD
186768380 25522 24635 7C20F6CF1A09EEE4F40FE6F70B0F070213E4AE0B9599CF6348B0EAC781225457
183725493 27723 50496 3A0575BEB55EA0C250685D7F648FAF2DC0A93B01840E96D4DC5997C88EFCD1FA
180547924 1156 47592 7C20F6CF1A09EEE4F40FE6F70B0F070213E4AE0B9599CF6348B0EAC781225457
180804792 29689 57368 EAB0F5744A568750706EA44447BD3E0A3DAA82D6FCB5D91A01421FB155B32610
189034877 21121 52105 90AFC7AC10B968C73449A5B065B5825ED7F4D36332B317519E426A9D433AFAE3
186931436 65396 44538 7C20F6CF1A09EEE4F40FE6F70B0F070213E4AE0B9599CF6348B0EAC781225457
189040357 51986 6405 7C20F6CF1A09EEE4F40FE6F70B0F070213E4AE0B9599CF6348B0EAC781225457
188255778 53563 30982 7F3AE170C6A8B30BB4C4CFA16CF8CD667CCF3226B91E4A3BA6844C7B61124831
184203059 10924 14078 7C20F6CF1A09EEE4F40FE6F70B0F070213E4AE0B9599CF6348B0EAC781225457
182004498 52530 55396 7C20F6CF1A09EEE4F40FE6F70B0F070213E4AE0B9599CF6348B0EAC781225457
187261000 49571 7947 02683C016647682D6592AB3912466749A11BB55CD5C4490F553C679DACB3E6E8
190471515 45531 11530 060235866F989B9E3D233E089B0A7B2C736108F31FEF108ED53762A9CEBCC72A
187898929 55024 52331 7C20F6CF1A09EEE4F40FE6F70B0F070213E4AE0B9599CF6348B0EAC781225457
189359390 57144 62018 7C20F6CF1A09EEE4F40FE6F70B0F070213E4AE0B9599CF6348B0EAC781225457
191607463 26775 2658 9B6FA124D623A5BD6AC6D92B8DE7F7DF41C08A3095BBE6D25437C48A9267D867
188514999 41894 6785 7C20F6CF1A09EEE4F40FE6F70B0F070213E4AE0B9599CF6348B0EAC781225457
190639023 43674 36520 7C20F6CF1A09EEE4F40FE6F70B0F070213E4AE0B9599CF6348B0EAC781225457
190363918 11499 23135 062FD7CD9F027D99D890115D1B6D5A8EF7EA8EAE683BF9B7AD6576151749904B
184717837 48494 20201 7C20F6CF1A09EEE4F40FE6F70B0F070213E4AE0B9599CF6348B0EAC781225457
190165687 4783 58406 3BD0E2AC37F0A41249F131CB1FEF5F42322FEB3D2A09205291E71DBA09A5354C
182069361 20498 53643 7C20F6CF1A09EEE4F40FE6F70B0F070213E4AE0B9599CF6348B0EAC781225457
181572874 28323 61507 87209E0BD103A6B4F860D56190491BEAC87389C8B11D6B9B525CB5F2B34F056B
185157420 18730 47212 7C20F6CF1A09EEE4F40FE6F70B0F070213E4AE0B9599CF6348B0EAC781225457
185895409 51725 35712 4F50D2B564E418A758E600BA883246FDDA4FA993025115AC6006BB33DA2B1CB9
183317213 64612 9428 7C20F6CF1A09EEE4F40FE6F70B0F070213E4AE0B9599CF6348B0EAC781225457
183213026 3696 28677 7C20F6CF1A09EEE4F40FE6F70B0F070213E4AE0B9599CF6348B0EAC781225457
192061345 21630 13216 7C20F6CF1A09EEE4F40FE6F70B0F070213E4AE0B9599CF6348B0EAC781225457
182332962 41054 27052 7C20F6CF1A09EEE4F40FE6F70B0F070213E4AE0B9599CF6348B0EAC781225457
186588800 15717 29365 50BCCC1305EDCB726ED099EEA2044B4FF432B6A32B40CC0680218D126CB27F8C
191371607 50164 64176 7C20F6CF1A09EEE4F40FE6F70B0F070213E4AE0B9599CF6348B0EAC781225457
191182205 58556 55529 7C20F6CF1A09EEE4F40FE6F70B0F070213E4AE0B9599CF6348B0EAC781225457
191102879 47522 62864 7C20F6CF1A09EEE4F40FE6F70B0F070213E4AE0B9599CF6348B0EAC781225457
192072615 44342 52861 7C20F6CF1A09EEE4F40FE6F70B0F070213E4AE0B9599CF6348B0EAC781225457
188212482 13483 18997 5625CB96A8C472A937CC3A61717333CC88B2C6411ACCFF4A9395B15372F9A6D3
191362877 61061 33299 C9F78F74E90ABBDE60D77A4D199162456657E96AC36D0E1A8DA48977EE670884
180650029 43009 48020 AE7EDC1A61F76F6EC006DCAB13806294AA9312969D959EA70F4E3D3A59CCB7FE
186357901 31273 8270 DF5461E6594780D63F40D21E6898413D639D3809DDF27C8E8E526C59D923FC10
187753960 41107 59250 09C64D20168F20256904DFC9948D89032BE55E9ED00636E600926B57E15D105D
190337356 34728 342 7C20F6CF1A09EEE4F40FE6F70B0F070213E4AE0B9599CF6348B0EAC781225457
188971213 42363 45492 17D74C114DED8C89C7653C568437CBBADB331A2680D04247517891ADA6398082
190724098 15892 10745 7C20F6CF1A09EEE4F40FE6F70B0F070213E4AE0B9599CF6348B0EAC781225457
182038612 21199 51322 6021AC4E1BB9548DB404B81C54FF4E04F9B49F86D2499FBEA8935E6431CD22C4
184390048 62645 62766 4B0703C2C5C1D01FE90EB756063B489E8496BD11939AD5DE84503E163376D917
189123987 62015 36011 B62D6DAD646CABF49E3834855C0B3A3BB1303050ABE13531BDCAC2032F3611FC
188811813 57357 43334 F4BE9201606FEB5E419B660064C08D1DB85ABD40540C835576098C88FFA45250
189566985 12110 51644 7C20F6CF1A09EEE4F40FE6F70B0F070213E4AE0B9599CF6348B0EAC781225457
184228884 45806 54485 7C20F6CF1A09EEE4F40FE6F70B0F070213E4AE0B9599CF6348B0EAC781225457
190762680 10410 15110 7C20F6CF1A09EEE4F40FE6F70B0F070213E4AE0B9599CF6348B0EAC781225457
189647127 24369 62153 AAB400AED407F610219F319F84B6516C7CC40AA25B0C879205B07B01F3CE4DCF
183997922 21779 62146 47F75B66EEA57388A6E1B7A3ED2E9E1CE13EF06349CD09F8C47B7C4CB5F0AE50
185071973 39544 49797 7C20F6CF1A09EEE4F40FE6F70B0F070213E4AE0B9599CF6348B0EAC781225457
187784052 7309 52128 96BBBD8C03BF6D1747A579D87E19E78D099CBC85A3E085C6221A71675586D47F
191264759 58418 32479 7C20F6CF1A09EEE4F40FE6F70B0F070213E4AE0B9599CF6348B0EAC781225457
188061654 55741 2581 0EF99A03997266A01D2C37F9F89FE0BB8E612F71746E5CD7CBB2C5343336A6AB
184191350 10927 40928 C1361CFA6702C74516054A74184386334CA2A7BEA6BEFD94F47D2CA991D1D9A5
184380464 5435 44052 25EDEA0C7EA71E44CADC78B7D5E718AE6B821BCF68DA41CABB1CA4E20DCAC1D0
186060635 56419 37632 586BB8C91D213BF4BDD87F1965164F97CCDE67FBB9C8FAAADEC8C266C8C20884
180868562 23323 10414 66B0B53ABEDA4A4B3F2D7C9452C16C77AC3C71D47B62E57437EAA9243232EA93
185422307 59583 6758 EADCC112AB208A22582041FE757D3F425B7C10B7CF524EC24720891A0BAE3F11
180901219 34783 34100 69F7009AAA75B8723E8D47F82FD94D12702D6505A1E6EB4248AB7E5EF1415F16
181247695 13514 52946 7C20F6CF1A09EEE4F40FE6F70B0F070213E4AE0B9599CF6348B0EAC781225457
191988772 60447 13849 6334B40A061465679A80A555D65B98C60D997EE61CF550C51E1ED59BB9F68333
183961199 18860 21513 7C20F6CF1A09EEE4F40FE6F70B0F070213E4AE0B9599CF6348B0EAC781225457
188568615 11819 51956 124A3A2EB48152423C26FE2533C82BAFF898D4A5A783FEF695721679AD01A934
187261228 20605 6704 D511A7AAED6B9100D7E0601847ACD9B9359E116EF382933EB65A63A1A8155F6F
184440343 38227 63301 17CCB38E6977B820FE9AA79D37AF8FF3F5C7D2E235AB9249717435564042D414
185000566 24871 40168 0A48EF478FB2C0136383E0DB85C4694063962EB84CACCF508CF87B625FF47F70
182156300 61001 49696 27F34CDCB2303A86B9D30424D9598330DDC08E0F586B3A613A2107D15084963D
182384477 43689 36467 249A8B4DE20F9FD18848CE85799A13C26BF0C047BE7325C03491F99B7B224F26
187925745 24269 31614 A519852B10718BE424AE44C78E24BAD0F9FFD59F9FDB27A1DA4449B4602C72D1
181014796 57002 32769 7C20F6CF1A09EEE4F40FE6F70B0F070213E4AE0B9599CF6348B0EAC781225457
185634177 59465 15643 84D1E659FE7592E5580C55FB08EFAF6BED86F8BF7F68253B6C917C1A7073F182
189626815 14978 50155 7C20F6CF1A09EEE4F40FE6F70B0F070213E4AE0B9599CF6348B0EAC781225457
185288668 61698 44761 7C20F6CF1A09EEE4F40FE6F70B0F070213E4AE0B9599CF6348B0EAC781225457
189891820 38232 58106 7C20F6CF1A09EEE4F40FE6F70B0F070213E4AE0B9599CF6348B0EAC781225457
188621944 64963 29910 F7611AE094BEBE20C97EB0CDD0B30D91A3090167FDC715B78CE4050C394B8D45

Total of 0 tasks calculated error.
