Total of 100 tasks calculated correctly, accuracy 100.00% 
1947514939 51957 17350 9D03C7CF4354F908CD44B74BA3B9C0A79CD1626410F40E3F3056450FB7DD76F8
1944627409 25565 22922 808038F48C76D24C60658EDC0A93F55B5830EBDD0557AED641DDE059657B3EA6
1951317795 35800 35875 7C20F6CF1A09EEE4F40FE6F70B0F070213E4AE0B9599CF6348B0EAC781225457
1956141022 45 26200 A02CBAE8A1546B8D73C76734BCDCC9466C1E3A388C0B4BBD05F8A1C5F7CBE1E2
1946483754 19728 37122 7C20F6CF1A09EEE4F40FE6F70B0F070213E4AE0B9599CF6348B0EAC781225457
1954207129 4668 25785 7C20F6CF1A09EEE4F40FE6F70B0F070213E4AE0B9599CF6348B0EAC781225457
1952533364 10063 57361 B7DB04366E2361CA73E0A111F2CA081FA0FEAC6A8473DCAFBFE5EB3B91DB3AF0
1954299098 49146 57225 7C20F6CF1A09EEE4F40FE6F70B0F070213E4AE0B9599CF6348B0EAC781225457
1955742173 13546 7578 7C20F6CF1A09EEE4F40FE6F70B0F070213E4AE0B9599CF6348B0EAC781225457
1951839732 46950 6316 7C20F6CF1A09EEE4F40FE6F70B0F070213E4AE0B9599CF6348B0EAC781225457
1953067228 64176 59699 7C20F6CF1A09EEE4F40FE6F70B0F070213E4AE0B9599CF6348B0EAC781225457
1955998884 1861 4421 67EBE781E8BAC81F97B9259C7D8FFADA55E67A5D5866B854666BE6915FA7AB38
1945907085 59808 17437 7C20F6CF1A09EEE4F40FE6F70B0F070213E4AE0B9599CF6348B0EAC781225457
1951224891 60059 26948 5D95F754870F509F36C4F3DC5D43FF83E9FCAECFAD665EBAEB44450528FB4DB3
1951588313 36813 61929 F64241D5AD0B66D338931AE5FBF06E35FB45580D66E51DCE5E832A926E17A670
1955420465 29497 22738 A3211C6380978F16C3F41ECCBA7D4852618A8A3248B18C3ED1BDCBEB6A4BE2F4
1949883689 59421 9909 AC68105C4E554FDC64054250558AC1CD3AA8980D02F45238881C28AFAB9BF1DE
1946488252 1244 26678 7C20F6CF1A09EEE4F40FE6F70B0F070213E4AE0B9599CF6348B0EAC781225457
1953770279 33284 53995 7C20F6CF1A09EEE4F40FE6F70B0F070213E4AE0B9599CF6348B0EAC781225457
1946894054 60910 53152 7C20F6CF1A09EEE4F40FE6F70B0F070213E4AE0B9599CF6348B0EAC781225457
1952128421 7658 39324 7C20F6CF1A09EEE4F40FE6F70B0F070213E4AE0B9599CF6348B0EAC781225457
1946703204 5481 19516 F8CAA540E5339BE5B1B3B4BEB93F381D1B4475AB56A820C6E5F3F1686C6B7970
1954389001 51900 10358 7C20F6CF1A09EEE4F40FE6F70B0F070213E4AE0B9599CF6348B0EAC781225457
1954627370 58862 9993 7C20F6CF1A09EEE4F40FE6F70B0F070213E4AE0B9599CF6348B0EAC781225457
1952215389 8446 8376 7C20F6CF1A09EEE4F40FE6F70B0F070213E4AE0B9599CF6348B0EAC781225457
1946561325 60137 39022 C7E1B07FD0605E0383B228DE14E6DA89172BC9FBB5A1E2C372613450F6BBE7CB
1950133885 15457 6465 0162DDE01F0A94EAB0B3C24E2E7189EF381171119754FC5EDCAC0B4A9ECC3E75
1948850952 32632 14313 7C20F6CF1A09EEE4F40FE6F70B0F070213E4AE0B9599CF6348B0EAC781225457
1956083014 30688 51374 7C20F6CF1A09EEE4F40FE6F70B0F070213E4AE0B9599CF6348B0EAC781225457
1948999154 35068 52604 7C20F6CF1A09EEE4F40FE6F70B0F070213E4AE0B9599CF6348B0EAC781225457
1952126981 46086 22321 7C20F6CF1A09EEE4F40FE6F70B0F070213E4AE0B9599CF6348B0EAC781225457
1949464117 39083 27181 287CB8BFED2C042BD007E54C31C985A9DFB409314A161D280A85BC3E3C264527
1955605236 19895 38511 D9D48C81974145A52BF9CFE9E1800D06321523291741A7F2303367E587EB769B
1952268093 45858 47542 7C20F6CF1A09EEE4F40FE6F70B0F070213E4AE0B9599CF6348B0EAC781225457
1950486661 27765 45285 EDFFA221065CCD59D13F26514AC02AA1AA2817F6215428100C2E6E3CA2BCF873
1951427089 42056 6834 7C20F6CF1A09EEE4F40FE6F70B0F070213E4AE0B9599CF6348B0EAC781225457
1952696298 12162 15995 7C20F6CF1A09EEE4F40FE6F70B0F070213E4AE0B9599CF6348B0EAC781225457
1949586771 12782 9704 7C20F6CF1A09EEE4F40FE6F70B0F070213E4AE0B9599CF6348B0EAC781225457
1947469562 25918 9547 7C20F6CF1A09EEE4F40FE6F70B0F070213E4AE0B9599CF6348B0EAC781225457
1948342828 61335 46968 26C108513055F9A5C327011C0144C5E7218AC6B4E8774A01842F473D6A29C074
1946686600 58797 8738 332B8F23B921261CCCA29CF56AFAE48D1D6CAE9A9D00DBC42D12EE20FB46EB23
1955014173 39278 38295 7C20F6CF1A09EEE4F40FE6F70B0F070213E4AE0B9599CF6348B0EAC781225457
1952806421 62320 6659 7C20F6CF1A09EEE4F40FE6F70B0F070213E4AE0B9599CF6348B0EAC781225457
1947290361 64382 41868 7C20F6CF1A09EEE4F40FE6F70B0F070213E4AE0B9599CF6348B0EAC781225457
1947142748 56369 56620 17D3455B7BBC8DFA118D0CC59504ADA861CE410D18EF79BCB415A9F331BED746
1950066641 20747 47362 41984E1F8A06242B1D8867FDD41D3A2BFDABA64CE88EA4850F803623D27C6AFF
1956189507 13854 5832 7C20F6CF1A09EEE4F40FE6F70B0F070213E4AE0B9599CF6348B0EAC781225457
1945596627 57756 4980 7C20F6CF1A09EEE4F40FE6F70B0F070213E4AE0B9599CF6348B0EAC781225457
1946416193 25361 19612 29B513314BEA9A07A421470EBFAD7CFCBCC009CDF0D273D65C8569F5B21EA09D
1948031581 22408 65507 7C20F6CF1A09EEE4F40FE6F70B0F070213E4AE0B9599CF6348B0EAC781225457
1953247864 39669 5682 AB8098D1BC198539F2E5F2C0F29C7FDB7D65BFA17B66E3F13B1C1A9E2CBA0221
1955587565 29137 53667 E5D3D2E31962E5E8AB17D3CDF918F45D4F7755E44B6B6C0AB90C5629A1D66210
1952483448 27784 4561 7C20F6CF1A09EEE4F40FE6F70B0F070213E4AE0B9599CF6348B0EAC781225457
1953793335 59329 37226 AB14D769FDD515CC83ACDB5A1875039214936C11247F59450D25017F1F6F5E94
1951674932 20261 47053 22EDCDE18B6CDBF186AB7AF70F69AAA2D0145D7A464E1A27C6159E91F867A93A
1951887897 49264 45829 7C20F6CF1A09EEE4F40FE6F70B0F070213E4AE0B9599CF6348B0EAC781225457
1945360636 48384 49203 7C20F6CF1A09EEE4F40FE6F70B0F070213E4AE0B9599CF6348B0EAC781225457
1950740358 64614 31462 7C20F6CF1A09EEE4F40FE6F70B0F070213E4AE0B9599CF6348B0EAC781225457
1952391276 63844 32848 7C20F6CF1A09EEE4F40FE6F70B0F070213E4AE0B9599CF6348B0EAC781225457
1952219819 47343 39465 030359C3110FB2F704AACA57E8DC0E6A4D8988FD029156741827D76BE1A503F0
1954396139 15054 57556 7C20F6CF1A09EEE4F40FE6F70B0F070213E4AE0B9599CF6348B0EAC781225457
1955332785 24047 61770 37DC7D7D9D7724C0A115BA72E0B99A4C5B88F0FED9B255D6FA0E13B2A723534E
1950400604 1071 64037 FD07BC7EC9323D557AF2509B436ED1D9B6B315D7EA68ABD31751614B85FB85F1
1949145612 54188 43131 7C20F6CF1A09EEE4F40FE6F70B0F070213E4AE0B9599CF6348B0EAC781225457
1950131223 61579 3081 674E2C8105E8FE8E2056E5DC9EA4478EF556157EBD3ABD43D1AA93A28D165ED3
1953150470 42379 20280 1CDB3439ABE2DC9C4B8BD73A12D81D670FAEAF844E0E76D9C158B5517AF5BDB0
1954212890 27412 3050 7C20F6CF1A09EEE4F40FE6F70B0F070213E4AE0B9599CF6348B0EAC781225457
1955044423 13955 3404 96017B6A032B959D91F4F9083A7DD72F0695A89A1ABAA104CDF8AF2BF4E95CA0
1954120363 21013 60148 431C97E2E88BB83B2DB050718403F7CDFEF36FFDFF03BB0F6942BD7BEE6D8CF1
1946534136 59897 54089 524AFADE6688F48A638AFE0839C359C26CE65AB72FB89CDDC57B34D1C17E6C20
1952291187 35369 4919 25C95726550556D0DCA23ABEF9FB6372361983F4FB189388A7EF48C72653C350
1950194261 19727 51819 C838431AF034CBDDAF51AF6ADA9F5546F9F6FAD3F2D08DAE394975994A574FA0
1945734340 5603 26358 379E90A06B71748772CFBABDF6B5E891966382C6C8AFED4F90DE38394226F5CA
1955899595 29153 10471 27F71724514C9A0D9F44D6BEBACFC6EE94ADFA05163F7BD3F5FA6B54D35E961E
1950034620 36119 54590 ABB241B1B374A899AC0CD08F8A9420735E18CB277A9655302F921B675297DF4A
1946656240 18195 27662 67308E2BB685E386E92C4FCC5DCF27AC4495D7941D3780CBFFF4FD66AF843252
1949376481 47177 39525 20189977D466A030DEFBE49F78390C663B93665548CF09239C4CB1987668D8EB
1951805416 54490 1210 7C20F6CF1A09EEE4F40FE6F70B0F070213E4AE0B9599CF6348B0EAC781225457
1950080347 28403 55465 4F6D0E382EC2F3248E5550A29CC02FD4427344CDD90A01485C0AC06103B33F88
1950165143 27130 35036 7C20F6CF1A09EEE4F40FE6F70B0F070213E4AE0B9599CF6348B0EAC781225457
1948489617 32411 7194 7650143D48D1D2393996282ABB1473849872E2349DF4C4557DC2FBD0692F4C9E
1955111509 59933 62771 6E6617E99BB947ACC2F65AADA9DBE0C032E3D95471C96366E14B934852681583
1953246588 45076 30697 7C20F6CF1A09EEE4F40FE6F70B0F070213E4AE0B9599CF6348B0EAC781225457
1948805536 14528 61436 7C20F6CF1A09EEE4F40FE6F70B0F070213E4AE0B9599CF6348B0EAC781225457
1954492212 15028 5048 7C20F6CF1A09EEE4F40FE6F70B0F070213E4AE0B9599CF6348B0EAC781225457
1947499161 38718 27489 7C20F6CF1A09EEE4F40FE6F70B0F070213E4AE0B9599CF6348B0EAC781225457
1949164809 53572 8358 7C20F6CF1A09EEE4F40FE6F70B0F070213E4AE0B9599CF6348B0EAC781225457
1953895935 12242 44836 7C20F6CF1A09EEE4F40FE6F70B0F070213E4AE0B9599CF6348B0EAC781225457
1955045281 21493 59926 52F45F9FE24989B732C90C702D1CBE894F348F7DB980AC44F4B2D27BF05C954B
1948357548 49130 33408 7C20F6CF1A09EEE4F40FE6F70B0F070213E4AE0B9599CF6348B0EAC781225457
1944718364 37628 56705 7C20F6CF1A09EEE4F40FE6F70B0F070213E4AE0B9599CF6348B0EAC781225457
1948486851 61197 45408 88F211C40E64CDB91842A319C1B5E22C465F97EC852D4AEE98A1033EA3285374
1946568769 54004 21291 7C20F6CF1A09EEE4F40FE6F70B0F070213E4AE0B9599CF6348B0EAC781225457
1947830354 25165 19912 A6C99E4262E95C50E67921C68AE5F155313C32BB109771497017E93C1FAACAE7
1945804255 13974 9779 7C20F6CF1A09EEE4F40FE6F70B0F070213E4AE0B9599CF6348B0EAC781225457
1953679963 53036 51915 7C20F6CF1A09EEE4F40FE6F70B0F070213E4AE0B9599CF6348B0EAC781225457
1955726570 7524 41575 7C20F6CF1A09EEE4F40FE6F70B0F070213E4AE0B9599CF6348B0EAC781225457
1953479768 36913 17643 6DEE80917E5D674BD687B8F8C20A7B5BD8639C6D643FE53C3DEF2A046967964A
1955133807 28679 984 11C114DBDAED813B70C2E2847004CEDB31B79024A837AE690B94CB81D7968BDE
1946469084 64386 19690 7C20F6CF1A09EEE4F40FE6F70B0F070213E4AE0B9599CF6348B0EAC781225457

Total of 0 tasks calculated error.
