Total of 100 tasks calculated correctly, accuracy 100.00% 
2015014884 12090 39824 7C20F6CF1A09EEE4F40FE6F70B0F070213E4AE0B9599CF6348B0EAC781225457
2008312381 6756 33157 7C20F6CF1A09EEE4F40FE6F70B0F070213E4AE0B9599CF6348B0EAC781225457
2004750031 56236 19892 7C20F6CF1A09EEE4F40FE6F70B0F070213E4AE0B9599CF6348B0EAC781225457
2006448682 18427 38455 852D3783976FEAB2EC703112E453A938C83D906DC298E2091054EA134087E66B
2016150644 40960 10612 7C20F6CF1A09EEE4F40FE6F70B0F070213E4AE0B9599CF6348B0EAC781225457
2015767464 20509 6624 3E75E0F7D01FA68AF087AD5C909E4EDD8F0B8F5BC036073013A6E67CCE758789
2015034142 5351 10968 EB6FAD5325C8237E65D7760EBA38B3B7478D9DD19849C723BBDDEBA17775ADAA
2009198525 34583 9937 3716E15F1937F19A8D3169934C3A4B7E1CCCD5F40EB685C9E708ED22C2164BA1
2014492986 31084 26514 7C20F6CF1A09EEE4F40FE6F70B0F070213E4AE0B9599CF6348B0EAC781225457
2009755259 34783 53134 FE4EF65D47914F7323E130E67AF385A6AF2138D096BE91A2F060E0BE5066774A
2015602834 27388 62715 7C20F6CF1A09EEE4F40FE6F70B0F070213E4AE0B9599CF6348B0EAC781225457
2013977564 49467 49725 0ACA4811B9624C2C6D36DB974069EB5CA56E508B1CE95AEC47659FF834E54DD5
2012716018 41314 12594 7C20F6CF1A09EEE4F40FE6F70B0F070213E4AE0B9599CF6348B0EAC781225457
2006801860 17439 59874 24A50CD859081E7B60E9D7811955E513628AF5A0C2C36DD155A48D26419FB552
2005317569 50766 61159 7C20F6CF1A09EEE4F40FE6F70B0F070213E4AE0B9599CF6348B0EAC781225457
2012006961 47143 19729 6D55C2097E492C60C084585038C1C28354511980F264921CED8456320D663A2D
2007315253 12409 59239 F2D932F537F7BAD4D3185F6E5B894E6D2759F7D2C1C0D24ED3BF02E360BBCB1D
2016303605 3442 22226 7C20F6CF1A09EEE4F40FE6F70B0F070213E4AE0B9599CF6348B0EAC781225457
2007712436 34944 2829 7C20F6CF1A09EEE4F40FE6F70B0F070213E4AE0B9599CF6348B0EAC781225457
2015476395 31413 23525 0C24AA96A9E41EE360788BF1E8D55884E18CFFBF9FF97677D3AC68218B98A93E
2015204206 21884 9960 7C20F6CF1A09EEE4F40FE6F70B0F070213E4AE0B9599CF6348B0EAC781225457
2011390662 37186 4033 7C20F6CF1A09EEE4F40FE6F70B0F070213E4AE0B9599CF6348B0EAC781225457
2006901155 41203 15392 F14A7AA1EDDD7ACA4E4FFF22CC11D87EBE19E5BB08F657014B9DA36E94CF32F2
2009673946 28505 14270 0105ABAE1BDDCA309962B8A3B2FE5CAB3815EB83E346BDC076031EAF45A6912A
2010187800 32227 2238 DF6E1C56E1F2171B560EC9A7B360374CBD0AA080EEB9E53F32C0375E3358CEBC
2010284977 32242 63367 7C20F6CF1A09EEE4F40FE6F70B0F070213E4AE0B9599CF6348B0EAC781225457
2008804887 40075 42401 A598D1CEA68B5676B5C10FACB2164E989D4665BE13D6D67915F4B83F2AF95ED1
2015724386 47146 45692 7C20F6CF1A09EEE4F40FE6F70B0F070213E4AE0B9599CF6348B0EAC781225457
2013908582 62396 36420 7C20F6CF1A09EEE4F40FE6F70B0F070213E4AE0B9599CF6348B0EAC781225457
2007912283 40745 6538 CFDD7F8F60CAD2E657BFEB9165F0FC964F07A69939D4BAF36938BA03D1DA4582
2006355061 63710 50510 7C20F6CF1A09EEE4F40FE6F70B0F070213E4AE0B9599CF6348B0EAC781225457
2013773805 5803 45490 78E6F69F37DACBCC8BD7E86D4B01FE7515AE4F269AE08DF57F43257ADD679FED
2008041711 20522 30138 7C20F6CF1A09EEE4F40FE6F70B0F070213E4AE0B9599CF6348B0EAC781225457
2005335126 60082 2261 7C20F6CF1A09EEE4F40FE6F70B0F070213E4AE0B9599CF6348B0EAC781225457
2012434700 7341 45246 8AB179C3379556639C2E23F985D277B464AF787B113B8583091C2C2893D73709
2013079500 51051 3029 7C78FF1E93D390F1B6AE066807AF3AF4BC32C7839A4922E6D216CA51ECA1CB72
2010704700 6862 55563 7C20F6CF1A09EEE4F40FE6F70B0F070213E4AE0B9599CF6348B0EAC781225457
2013740622 22679 1768 B91FC79F8D5F016E29BA0EA8572AB1D8D4B8546126DBCCF76DAF2394B8127306
2015184665 62334 38091 7C20F6CF1A09EEE4F40FE6F70B0F070213E4AE0B9599CF6348B0EAC781225457
2009712321 18550 54378 7C20F6CF1A09EEE4F40FE6F70B0F070213E4AE0B9599CF6348B0EAC781225457
2012268738 13878 11889 7C20F6CF1A09EEE4F40FE6F70B0F070213E4AE0B9599CF6348B0EAC781225457
2008109519 32445 32717 7058C15C9587786DD95C4774007BC13CA926FC13E66D2A41B1C1AF85DC60961A
2009557592 19490 11193 7C20F6CF1A09EEE4F40FE6F70B0F070213E4AE0B9599CF6348B0EAC781225457
2006476236 33305 50540 FB65BC5F416242A896F43F26D33E14A3616E61C520685E2DA7246A7B7E053138
2012272521 19309 33911 67AB986253FB5E48F58E5019CCBAF263622C2EF10FA2972CE167B1018CE9E5CB
2005159314 41820 5388 7C20F6CF1A09EEE4F40FE6F70B0F070213E4AE0B9599CF6348B0EAC781225457
2015338489 54645 56592 F85D24CD6AD3E7875D15513B2E2F8C870F31ED88F9CDBBE64EBE2D992AE45778
2010960092 438 10522 7C20F6CF1A09EEE4F40FE6F70B0F070213E4AE0B9599CF6348B0EAC781225457
2011971598 64481 42194 5DDDFE48F2C3CB373F964AB2F74B603BAB51CD6C20EAAD155993A13B372EF1C5
2011431745 16875 7387 F3B6E77E5AD3E9A1E6FDDA66F17B14782A7B0D564C4718498CA0255F31EFCF86
2006401113 19243 15166 935F83501D1AC9813B75AD0B9586BCB44753C467C998AAAE174585318DCAB4AF
2006090063 11585 35682 0EAEE542EFF331D64F44CCDA48ADA845722F44783588455063BEE34B047D45A1
2011311001 29357 9364 3962565294595A10F486E9AB09967F82865367697DDCFF9AAFC47750BB2FE1B5
2012327319 14626 45785 7C20F6CF1A09EEE4F40FE6F70B0F070213E4AE0B9599CF6348B0EAC781225457
2016197354 36154 54842 7C20F6CF1A09EEE4F40FE6F70B0F070213E4AE0B9599CF6348B0EAC781225457
2007612654 24718 38389 7C20F6CF1A09EEE4F40FE6F70B0F070213E4AE0B9599CF6348B0EAC781225457
2012222938 4671 14814 3DF3C81FA8894B89BF3D951DF197FD84C67AFF296A33B87C11235B479567E509
2013525844 44016 6903 7C20F6CF1A09EEE4F40FE6F70B0F070213E4AE0B9599CF6348B0EAC781225457
2010486527 46277 24124 6C1EA5722A19C7E868628D40623433A64AE14AE9903A0D8AD718C11FA0478555
2016112565 35772 41850 7C20F6CF1A09EEE4F40FE6F70B0F070213E4AE0B9599CF6348B0EAC781225457
2007549625 37635 21136 FE7A644358F279F9BDB66B432BAEF49B813A3D2EAAB4554020C9C96B96B93B59
2015511202 32613 49218 72F8E7E52BD0F76266B3A724795B81CE1AC3ECABF997085DC725F18485A37358
2006991263 54043 2524 66FAAFEE2E458688C21576B33705751395A9D48C699958EE22ED03337E6D73BC
2013628730 51059 60164 9A0B482AEE3354CD9F5B220BA79E878AAB4820475940CAE1A33F90A1F1D16AD7
2014310386 36345 34932 A68A1EC9BBC5FA0001E66A25E0F42CE4C0B1F1A71F46E4351C8F9FBEDAFCB2BD
2009884243 33605 62124 D7D1AABEE28E1D300844679C0E9773DA15CCF1302D93AB20D9AD61F4D8BC52A7
2015591789 51135 21236 5CEAC1DADE9408C195093FE82B8F47F2F91B19DA8EE5B038B55499E28C9840FD
2008083804 4135 29810 A9B3B1A15983223A3A195AD00784B5E3E668606A541CB91FFFEE84280FC0FA16
2009729571 46908 62741 7C20F6CF1A09EEE4F40FE6F70B0F070213E4AE0B9599CF6348B0EAC781225457
2011054145 35263 1944 3710AFB59718C8C3CFB9A3EBF75C4DF07121CF02EF975BDB5529FF850B9CEA48
2008417894 62019 53311 AE86C2FEA4B05A22A9E4F52A014416C36759E4F0C699358569BCDDABA6FEE010
2016291934 34772 40869 7C20F6CF1A09EEE4F40FE6F70B0F070213E4AE0B9599CF6348B0EAC781225457
2013583625 38369 49601 4A29ED5E281F4C84FCA7D7EC5537C766A2CEBCDAB9AC48C133E5CF1A6BA8CAB5
2008804667 9437 5361 239DEA2066BBCBDC7781AEBA61A886271A94D8ABD8A658403D88B1F42DEED2A7
2013859097 58229 52519 2D7232AB70D7BB3EFD2ED41E966612A748FD58723DE05550AA7D75730F95C836
2004903080 61115 63110 91C226347812C52676AADEDAEBBC27FCA09B45D19EEF1D73E319A621F1658354
2005404918 12972 27235 7C20F6CF1A09EEE4F40FE6F70B0F070213E4AE0B9599CF6348B0EAC781225457
2013725498 21541 18239 BCFE3C331B243F2CECC9F09C05840DD08AA3D76900AE31202D97486BBF1803DF
2004681169 19831 62384 9649F38118DBBD0676CE0006C00B46202B498D2B47CF31092FEA5757143641F4
2012775363 62172 53482 7C20F6CF1A09EEE4F40FE6F70B0F070213E4AE0B9599CF6348B0EAC781225457
2014851892 46087 59480 965C68E5E8E16926CAC21DB2B735DC8CFA9AACDCA08B78A2B54080812278CA61
2014480389 63250 50630 7C20F6CF1A09EEE4F40FE6F70B0F070213E4AE0B9599CF6348B0EAC781225457
2013033357 32390 29975 7C20F6CF1A09EEE4F40FE6F70B0F070213E4AE0B9599CF6348B0EAC781225457
2014569941 43161 42281 40F7036EE519954214210289055B548935DF62EF096A6962D68D3B928C7DD676
2014961711 28827 38171 21C28385076CA80CC3F17EDB73D3A44378B68D83BE83D55B2383662D478A24F8
2013618639 20206 61560 7C20F6CF1A09EEE4F40FE6F70B0F070213E4AE0B9599CF6348B0EAC781225457
2012341716 58779 51992 9F0C6C94DD91F569A8B966B627E32BC3286303E6159813A76CB007CEADB425E8
2009164465 6581 5029 BB2F1A504D39783DB0C73E338305777AB9C1F7B77AD543F9333D6B151F994E36
2016051838 57751 14688 455692E9CFF4312CD8162CAA6C37AC3052E5CCB4C672B0A48A6D9D16C7F27429
2016288054 11641 47055 44184D53DB6661E3DBC646D0CC048DB2EEAFA58E5EBA56A4F7D5641406E25C75
2012999219 51978 13098 7C20F6CF1A09EEE4F40FE6F70B0F070213E4AE0B9599CF6348B0EAC781225457
2007747874 56523 30056 19D14BBC0BA6544D6CCF3AA43CDD9EA056953D7A081147807888C5B60EB8DE3B
2015822581 43990 56420 7C20F6CF1A09EEE4F40FE6F70B0F070213E4AE0B9599CF6348B0EAC781225457
2008888810 13851 50856 84091B39119A88C4F468766D7BC799F960BCB5824BEEB47259F1AC3C1E2055C1
2008946593 46248 52877 7C20F6CF1A09EEE4F40FE6F70B0F070213E4AE0B9599CF6348B0EAC781225457
2012050099 4148 42862 7C20F6CF1A09EEE4F40FE6F70B0F070213E4AE0B9599CF6348B0EAC781225457
2008799483 8854 65084 7C20F6CF1A09EEE4F40FE6F70B0F070213E4AE0B9599CF6348B0EAC781225457
2009376795 46825 12705 97F0DEF598D1862CF1E579A3E5649819FA39994690DA580B10FF078DB470E98A
2014118905 4829 5748 79058BF8558BB341B829EA4C17DE801A0E885AC4FC889F0A5EBDB0A3D2071FAE
2009900453 26446 44234 7C20F6CF1A09EEE4F40FE6F70B0F070213E4AE0B9599CF6348B0EAC781225457

Total of 0 tasks calculated error.
