Total of 100 tasks calculated correctly, accuracy 100.00% 
2082243270 25199 55985 EDFCA1343DDC9A7E2045DC8AC09617BCDC9B6E0657C4E0C8726ABF34AE032792
2080747469 45512 47400 7C20F6CF1A09EEE4F40FE6F70B0F070213E4AE0B9599CF6348B0EAC781225457
2084493734 1750 27821 7C20F6CF1A09EEE4F40FE6F70B0F070213E4AE0B9599CF6348B0EAC781225457
2083679775 33136 48968 7C20F6CF1A09EEE4F40FE6F70B0F070213E4AE0B9599CF6348B0EAC781225457
2086365712 24111 48653 A79808BDCE74FCD47B26C1A4DDA661B2D17A0E91FBA2327000E75170959430C3
2084496754 33635 50279 FAFE10B512DD6B2703A77D0A8C1F99B111FE6D55564E70AB69496CE1E3DD4DAB
2080609572 12749 60949 DD4C6D4ECA455B7F1ABE61EB65BC1B4F9D3E40EE0823DC0E7822AF9CF3634D13
2082942051 11914 6265 7C20F6CF1A09EEE4F40FE6F70B0F070213E4AE0B9599CF6348B0EAC781225457
2078504447 11812 59254 7C20F6CF1A09EEE4F40FE6F70B0F070213E4AE0B9599CF6348B0EAC781225457
2086073600 2440 43800 7C20F6CF1A09EEE4F40FE6F70B0F070213E4AE0B9599CF6348B0EAC781225457
2085737267 28952 50550 7C20F6CF1A09EEE4F40FE6F70B0F070213E4AE0B9599CF6348B0EAC781225457
2082565693 43715 37578 50B0049A2C8442583CC9255F9F05D1EA693FC1E1805D18EE9CD3DE301E5C2C24
2080472237 13559 6364 5D8F99773068984C78B4FBFE62CCC9D601E044BCEEFB462A42DF3CC16EDA8A03
2085317115 1112 42139 7C20F6CF1A09EEE4F40FE6F70B0F070213E4AE0B9599CF6348B0EAC781225457
2082449248 19833 12826 2977A8B3E32060CAC4E67C538299F7E56315B4DD36245F9BAE203C6326D406FF
2085110633 57514 59211 7C20F6CF1A09EEE4F40FE6F70B0F070213E4AE0B9599CF6348B0EAC781225457
2080306127 53359 8732 5B5DF3A5998B39789DA59692AF71223EC43AFEFE3F5B211B5FBB9884DCAAF615
2085013007 7780 15067 7C20F6CF1A09EEE4F40FE6F70B0F070213E4AE0B9599CF6348B0EAC781225457
2081839372 63028 58774 7C20F6CF1A09EEE4F40FE6F70B0F070213E4AE0B9599CF6348B0EAC781225457
2078985970 5647 27012 F3923118EDA26F15B500A76F40CA4CD208ADD69C8AA3DE78CD453D364B1D6490
2080402378 38830 32834 7C20F6CF1A09EEE4F40FE6F70B0F070213E4AE0B9599CF6348B0EAC781225457
2081466825 48864 57997 7C20F6CF1A09EEE4F40FE6F70B0F070213E4AE0B9599CF6348B0EAC781225457
2079741865 10845 47099 F13540274AE171576B1D4ACBE193024B5A4B63B633CEB32211470C743C858F44
2085782809 54010 49623 7C20F6CF1A09EEE4F40FE6F70B0F070213E4AE0B9599CF6348B0EAC781225457
2083314538 1171 18519 69447D256D3581570DDA42884491E5264A201C5AAF3C2E4933236D67D0B2A145
2077322208 56219 39405 D5F6753A04BE3D184E83799C24E01BC9B80BB909D2C12F9F0DAC98318AACE7AD
2084402018 20058 19586 7C20F6CF1A09EEE4F40FE6F70B0F070213E4AE0B9599CF6348B0EAC781225457
2084094836 35570 49411 7C20F6CF1A09EEE4F40FE6F70B0F070213E4AE0B9599CF6348B0EAC781225457
2086112679 4246 59212 7C20F6CF1A09EEE4F40FE6F70B0F070213E4AE0B9599CF6348B0EAC781225457
2087264377 36225 24195 83A7F45F5B6EFA60945A885D9D9D6011714CD4A869F8A7121DA4AB733A8FA6F3
2087056370 11748 54699 7C20F6CF1A09EEE4F40FE6F70B0F070213E4AE0B9599CF6348B0EAC781225457
2084075903 10118 366 7C20F6CF1A09EEE4F40FE6F70B0F070213E4AE0B9599CF6348B0EAC781225457
2085232047 46352 64467 7C20F6CF1A09EEE4F40FE6F70B0F070213E4AE0B9599CF6348B0EAC781225457
2076658325 40622 55556 7C20F6CF1A09EEE4F40FE6F70B0F070213E4AE0B9599CF6348B0EAC781225457
2084053770 48209 48228 DB9218ABFE14D72A850DB6500D14E80B843DAC67D9F84954D66CEAF318B1C9EB
2084457522 3170 45357 7C20F6CF1A09EEE4F40FE6F70B0F070213E4AE0B9599CF6348B0EAC781225457
2084619751 44897 57733 439DE14CB049DD9ED4CCFF62B1D26CF0F4BBC98C641EEE7D2CD91636FBC023FB
2078176705 6804 27705 7C20F6CF1A09EEE4F40FE6F70B0F070213E4AE0B9599CF6348B0EAC781225457
2088189336 16364 15294 7C20F6CF1A09EEE4F40FE6F70B0F070213E4AE0B9599CF6348B0EAC781225457
2077811929 54471 5725 2EAFEBC28DB3C0711E26580CB8BF21ED9A97E166B395805B1B8DA295292504F8
2083100621 44452 37031 7C20F6CF1A09EEE4F40FE6F70B0F070213E4AE0B9599CF6348B0EAC781225457
2084681871 41697 2062 770F1CA7F7F25C9055AC1884398D2B051383E472DF719FDD55EF88E616C1EB37
2077884648 48665 45000 CFEADCD446B48032946A664C1B00ECCA2CC58393E419B9C721EFD155E9859662
2081370383 22919 55008 384FF3123B19202B844B65502AE63090756C542796D9CEC078D25EB19AE5B6C9
2080068489 57150 7544 7C20F6CF1A09EEE4F40FE6F70B0F070213E4AE0B9599CF6348B0EAC781225457
2076747396 56899 36210 1DD51AF4C2A3DBB1BFBBC7AE3D14DD5067D20B0A08938705CCD0C21541E3A372
2084888650 32600 47811 7C20F6CF1A09EEE4F40FE6F70B0F070213E4AE0B9599CF6348B0EAC781225457
2079634199 63593 46488 6C7C9B28575F48EF5EC25BEC9C4732F175EEB9CBEE00179650B82F22B3AE52D0
2080786093 3158 1219 7C20F6CF1A09EEE4F40FE6F70B0F070213E4AE0B9599CF6348B0EAC781225457
2080092386 19299 43049 38A427C3427518859233139331D631CB4C0288D646B6731648E3BE97105CE0C5
2078656824 1473 59687 4DE1224DF0DFA1D593DB70E7A63DBDCCF07D4363FB052673A5FD23DBD58CAF39
2079207226 63154 24729 7C20F6CF1A09EEE4F40FE6F70B0F070213E4AE0B9599CF6348B0EAC781225457
2080395094 34908 35927 7C20F6CF1A09EEE4F40FE6F70B0F070213E4AE0B9599CF6348B0EAC781225457
2079664710 51356 33256 7C20F6CF1A09EEE4F40FE6F70B0F070213E4AE0B9599CF6348B0EAC781225457
2082449406 55902 41044 7C20F6CF1A09EEE4F40FE6F70B0F070213E4AE0B9599CF6348B0EAC781225457
2082282258 38773 16307 4DD8572938B26AC5A003655CB31C3196D72996ECAD26E1BDABF5305A8A410567
2084179026 4929 13151 CD4C5AFAEDCE2A6E5E55696CBC8CFE0437FA461A3C45056EAE5668836B943E21
2077757166 12972 30906 7C20F6CF1A09EEE4F40FE6F70B0F070213E4AE0B9599CF6348B0EAC781225457
2077247307 52812 39106 7C20F6CF1A09EEE4F40FE6F70B0F070213E4AE0B9599CF6348B0EAC781225457
2082313240 56964 42892 7C20F6CF1A09EEE4F40FE6F70B0F070213E4AE0B9599CF6348B0EAC781225457
2078903094 57557 16139 85B8A22F1EAECF7174959206D4505ADAEA5314C3EAF42F5FE99333FC324FD619
2082179194 22098 9676 7C20F6CF1A09EEE4F40FE6F70B0F070213E4AE0B9599CF6348B0EAC781225457
2086187423 50957 17190 86532521D87F3D8F7BA92CAE2630183A82C1390AE7271E9C51A73A79EF1CB9A5
2077587845 50206 35241 7C20F6CF1A09EEE4F40FE6F70B0F070213E4AE0B9599CF6348B0EAC781225457
2079336828 34880 18552 7C20F6CF1A09EEE4F40FE6F70B0F070213E4AE0B9599CF6348B0EAC781225457
2079365785 48505 19481 74356FFA95623DE1EB0A7364BD988E2460ED059EAD7F985A82FE70D435D4261E
2079962236 4434 53479 7C20F6CF1A09EEE4F40FE6F70B0F070213E4AE0B9599CF6348B0EAC781225457
2082554427 34447 58407 2B55AC5C1ACCA4D74DA766E20618281721BB17624F8534BC6E71D23BB213BE09
2088232522 25643 58503 BCF98554B6436506FA015E770B99BBE0FDC0EFCE256EBFCA4D0AC0B452D69382
2083913921 9712 53862 7C20F6CF1A09EEE4F40FE6F70B0F070213E4AE0B9599CF6348B0EAC781225457
2087060891 15339 54672 3A096B75F43097334E143A6944226ABBAE6ED5D8E5ED0BDA27F5FFC6C8177EDC
2085951470 29687 38202 88E4A134B692A73906E72E67A0DE84FFAF72C37A4D8A986012433CE7EBDF1586
2086775900 40475 32262 63A93BE3F12E4DC40098B1ACED85E97BB1DCB5352F6E0D1AAFE22A9E577C7140
2076648431 17050 51733 7C20F6CF1A09EEE4F40FE6F70B0F070213E4AE0B9599CF6348B0EAC781225457
2079366943 61970 39906 7C20F6CF1A09EEE4F40FE6F70B0F070213E4AE0B9599CF6348B0EAC781225457
2080468875 26466 24636 7C20F6CF1A09EEE4F40FE6F70B0F070213E4AE0B9599CF6348B0EAC781225457
2079136283 22846 28729 7C20F6CF1A09EEE4F40FE6F70B0F070213E4AE0B9599CF6348B0EAC781225457
2085051202 4942 9274 7C20F6CF1A09EEE4F40FE6F70B0F070213E4AE0B9599CF6348B0EAC781225457
2078050562 37258 26329 7C20F6CF1A09EEE4F40FE6F70B0F070213E4AE0B9599CF6348B0EAC781225457
2082221305 2447 33910 073E6AB19B4ACEAD6D7C750B5826590E7C6F5276310CA9FD955D355C00B36506
2082465580 60242 49320 7C20F6CF1A09EEE4F40FE6F70B0F070213E4AE0B9599CF6348B0EAC781225457
2088052907 56290 42733 7C20F6CF1A09EEE4F40FE6F70B0F070213E4AE0B9599CF6348B0EAC781225457
2080920709 28652 51175 7C20F6CF1A09EEE4F40FE6F70B0F070213E4AE0B9599CF6348B0EAC781225457
2087388924 43383 43890 FE2A4CB1FC269975F581C7F46395B1B65602FC32DBAA0AEEA81F815BE77777D0
2086408757 1474 46188 7C20F6CF1A09EEE4F40FE6F70B0F070213E4AE0B9599CF6348B0EAC781225457
2080510552 25305 48524 D0E7712168EC05B8131BA3237728288F294CA72493CB15B46EE7483A77D9C6D1
2084446458 14138 64088 7C20F6CF1A09EEE4F40FE6F70B0F070213E4AE0B9599CF6348B0EAC781225457
2085978903 787 36207 9ABE34A890E0FD8CC2483B24F5308FC120046D5F80174F07D81E93A16C28970E
2087375230 64733 29070 AACD33D50E63B12D51DC3717631EFFE5C8DC7A40965269E5EDB422E7BA71EB5A
2080901879 19278 42656 7C20F6CF1A09EEE4F40FE6F70B0F070213E4AE0B9599CF6348B0EAC781225457
2078072742 54029 13143 588AAFD6E1ECDFA26099396B844B86352E7B4455463434D91831CBB7C4A6EEB0
2082259869 26448 19754 7C20F6CF1A09EEE4F40FE6F70B0F070213E4AE0B9599CF6348B0EAC781225457
2080176346 10032 8774 7C20F6CF1A09EEE4F40FE6F70B0F070213E4AE0B9599CF6348B0EAC781225457
2079026573 51758 64281 7C20F6CF1A09EEE4F40FE6F70B0F070213E4AE0B9599CF6348B0EAC781225457
2079700521 24078 37116 7C20F6CF1A09EEE4F40FE6F70B0F070213E4AE0B9599CF6348B0EAC781225457
2083900479 53501 23364 086DC6C7398F5CC9FDE1B6EE15A31773C4EB2BA55D601B5611AB45D1FA497857
2084004635 46584 15938 7C20F6CF1A09EEE4F40FE6F70B0F070213E4AE0B9599CF6348B0EAC781225457
2085358443 60445 30508 3ABDA3D12CDE3B0E5979D59257B11FEEDFB28DCD0923D777AD2E5C75FAF33F41
2084974917 5438 8991 7C20F6CF1A09EEE4F40FE6F70B0F070213E4AE0B9599CF6348B0EAC781225457
2080073811 51446 64502 7C20F6CF1A09EEE4F40FE6F70B0F070213E4AE0B9599CF6348B0EAC781225457

Total of 0 tasks calculated error.
