Total of 100 tasks calculated correctly, accuracy 100.00% 
2110479221 4257 38129 B3C6D45BD4926820DB520877756D70F8F9C19BEF8CE3BDCFA6F8A7BBC0ECD646
2110992250 5741 219 D395344FB7FF57717F684B99AD8454FDD33902D3CFD97A29C556F430711B127D
2102700366 53080 61895 7C20F6CF1A09EEE4F40FE6F70B0F070213E4AE0B9599CF6348B0EAC781225457
2101444937 32065 29354 75A8FE5FD459DAB0E7CE7DAC995239F56FE412D644C34289D471A0E416CF7B07
2102066792 10521 65027 FAFE40546940B61EC6550EA9797859F3F04D1947DB169FA311BE5C39DD844BA5
2104328388 31030 33594 7C20F6CF1A09EEE4F40FE6F70B0F070213E4AE0B9599CF6348B0EAC781225457
2101179666 20294 43459 7C20F6CF1A09EEE4F40FE6F70B0F070213E4AE0B9599CF6348B0EAC781225457
2101284616 48453 60430 A69C47175E78B2A86BDA10A25D43F9DB82646E4EEBF5DD33F1164CDA84B895FB
2112178047 50629 58376 6B0B401F8961FFC41E907F4BBBEFC62FFDB5E7AA6FA82D2FCA336F765A81A3B4
2110760751 4262 4369 7C20F6CF1A09EEE4F40FE6F70B0F070213E4AE0B9599CF6348B0EAC781225457
2109776574 7642 49604 7C20F6CF1A09EEE4F40FE6F70B0F070213E4AE0B9599CF6348B0EAC781225457
2103631140 64356 14299 7C20F6CF1A09EEE4F40FE6F70B0F070213E4AE0B9599CF6348B0EAC781225457
2109112639 35593 62702 7BF74879A919F9079632BF3CA3E0A762D8014C4B802F2105F557CEA87B3158EF
2103314133 59373 3672 2651C167ED95D18AC8F6D9D58CC62EF07135E1438CE05EF75F5AC554B41FEFB5
2102939946 35858 60055 7C20F6CF1A09EEE4F40FE6F70B0F070213E4AE0B9599CF6348B0EAC781225457
2102407441 6177 16324 2CED615FA49C69CC4881D8C2BEB6B91F88EFA383960B34FB045A15D79E1F7D13
2106778021 49768 48416 7C20F6CF1A09EEE4F40FE6F70B0F070213E4AE0B9599CF6348B0EAC781225457
2101348529 44865 45590 0278AADDFD28BDF67BFBB7B69E92B523FC7CC645C0B7231C1142992F09AD0BA3
2101105824 37969 49880 E06BA8A809401619E86AF21F2D054F8800DA258A981BBA303D052B948C6ECDEE
2105844820 29590 43861 7C20F6CF1A09EEE4F40FE6F70B0F070213E4AE0B9599CF6348B0EAC781225457
2104064736 54372 60427 7C20F6CF1A09EEE4F40FE6F70B0F070213E4AE0B9599CF6348B0EAC781225457
2107022346 55145 50463 82DFD2452C6C6147226DE455464501E9659834A00A7926D186A54A7ABE4D3F79
2107060531 48833 28790 418166F4A8339CCC3133E28FEEA3FBC5EA31EB2A46DDF000177467AC4AB33BDF
2107713831 41356 52365 7C20F6CF1A09EEE4F40FE6F70B0F070213E4AE0B9599CF6348B0EAC781225457
2103309427 62565 59313 5619B7678636F99DBE970A2578830043E25B2B78589659727D82BC069CD8A004
2109834968 2323 2480 1FDBE1052E2E0EDFD46E8D6E0E7947C1F024E1E7E95CD190368AB70795B6FD51
2100600573 36117 59909 976CF0E3D03B94449F572AAD6A138216FAD6D963766A553F49954170C024941F
2104403541 54651 23113 821F908F665FE6AD23A35C8A341B8D6E017CC92D44FD0F1FBA4CB23367EA9F75
2108337619 15498 26113 7C20F6CF1A09EEE4F40FE6F70B0F070213E4AE0B9599CF6348B0EAC781225457
2107784220 33218 39592 7C20F6CF1A09EEE4F40FE6F70B0F070213E4AE0B9599CF6348B0EAC781225457
2108636991 17110 42722 7C20F6CF1A09EEE4F40FE6F70B0F070213E4AE0B9599CF6348B0EAC781225457
2102224721 6712 13182 7C20F6CF1A09EEE4F40FE6F70B0F070213E4AE0B9599CF6348B0EAC781225457
2101357076 56830 36025 7C20F6CF1A09EEE4F40FE6F70B0F070213E4AE0B9599CF6348B0EAC781225457
2101389142 44258 32149 7C20F6CF1A09EEE4F40FE6F70B0F070213E4AE0B9599CF6348B0EAC781225457
2103317407 29804 14454 7C20F6CF1A09EEE4F40FE6F70B0F070213E4AE0B9599CF6348B0EAC781225457
2103005641 25135 7851 D37EC738AD55A4C740E8D87E4E38DCECBEAEC629E1A0F18BC1F5F7E68DE4174E
2111877351 18370 63063 7C20F6CF1A09EEE4F40FE6F70B0F070213E4AE0B9599CF6348B0EAC781225457
2111951201 30496 8127 7C20F6CF1A09EEE4F40FE6F70B0F070213E4AE0B9599CF6348B0EAC781225457
2103155045 19576 15373 7C20F6CF1A09EEE4F40FE6F70B0F070213E4AE0B9599CF6348B0EAC781225457
2105188406 18597 26031 318FC7D872421BB0EA0765382B810AD512B328A49D476018F2D46C3BAD7C691C
2103407434 3080 23387 7C20F6CF1A09EEE4F40FE6F70B0F070213E4AE0B9599CF6348B0EAC781225457
2105592926 37216 59367 7C20F6CF1A09EEE4F40FE6F70B0F070213E4AE0B9599CF6348B0EAC781225457
2106940292 54975 61113 793EF4E92AEBC7BE80AB8B01F2287BABB41C1B01E318F9BB6848389887A39C91
2100556318 13200 21029 7C20F6CF1A09EEE4F40FE6F70B0F070213E4AE0B9599CF6348B0EAC781225457
2110222667 55470 30 06161A3300F744B63CD317DB3AC1CC860200FF5D46E652DD77D2D171FED54D61
2103096009 34976 19052 7C20F6CF1A09EEE4F40FE6F70B0F070213E4AE0B9599CF6348B0EAC781225457
2106536574 34835 6203 56BB7A89D6C84545F12B3B0B369D4E3F0BFCB22AFBBC1E4D752851D3BFC4571C
2102488191 18028 20500 7C20F6CF1A09EEE4F40FE6F70B0F070213E4AE0B9599CF6348B0EAC781225457
2105770872 2931 28712 891FB2166465F4284DEEDF6A759567AED0090225B385CF44032E97D2C7DCDF5F
2102194924 37517 37559 BDBC9621D51BF32F66E71494CC6A058DA0963356AD6890CEDA525AD4F4F0A283
2106681532 56006 59251 7C20F6CF1A09EEE4F40FE6F70B0F070213E4AE0B9599CF6348B0EAC781225457
2104377772 31665 33258 5330AF013813C16D3CA5DA2CA41EE623ADE5C03D6FA747DD859950967A866FAF
2110954139 28923 59533 910D4BECDA5E6DD1091FC581D9CFE85C3994877A47D8CEDD35CD0AF2A21B91F5
2106787336 39668 15095 7C20F6CF1A09EEE4F40FE6F70B0F070213E4AE0B9599CF6348B0EAC781225457
2100916219 15439 18138 B3B4ED8130E034E99C1B4949F9C82A3FD63FFFBBF2A069FB019A2CE37ECF1DEB
2107854470 53331 41276 61A0A3BA15E758864368210628610127FD82032B6D259458B63BA0B64D1C268F
2109724998 62973 22771 E91949D46905AA9195C3A122C2C54C0FB5D33F19A035F41D2CF1D579DA58184E
2105265432 45012 36315 7C20F6CF1A09EEE4F40FE6F70B0F070213E4AE0B9599CF6348B0EAC781225457
2110285714 18410 30099 7C20F6CF1A09EEE4F40FE6F70B0F070213E4AE0B9599CF6348B0EAC781225457
2107837315 29581 51393 A3BAD3AFCE0793A02D048671732B9C90D46660B9A5F2CB79D3343BEFF72165BC
2101469469 29463 27329 6E5C70B49166B026412144CE12F2AA00EF264DEE2E47730BF10FF21623512CEB
2107339109 61221 25397 8C2D0F189386E3C8E9FFB7CD3C00055525BD15545308A74EFE19A2AAB5F78385
2110353579 13409 55825 3D154BB74E1C4577AA2EB540483C795FE4E1A2D1738DF84E89A11D99280093C2
2108378462 33750 28745 7C20F6CF1A09EEE4F40FE6F70B0F070213E4AE0B9599CF6348B0EAC781225457
2105748932 26382 49703 7C20F6CF1A09EEE4F40FE6F70B0F070213E4AE0B9599CF6348B0EAC781225457
2107639466 33327 4458 3B3A6CC6AB06FB39B34E8AB86BAFD630883533D7AB29DDCEA073F5D1C5714987
2109868074 51672 20887 7C20F6CF1A09EEE4F40FE6F70B0F070213E4AE0B9599CF6348B0EAC781225457
2100647925 34638 20437 7C20F6CF1A09EEE4F40FE6F70B0F070213E4AE0B9599CF6348B0EAC781225457
2105625186 49557 1357 25622D54E5101965A6D71B442704069F7F20F07B681A2CE76A9C9CF55A7C5DE4
2106386666 23937 56053 849A2D6975CBECBEB2183500B225783A235379CDAF2CF54FE96A2CCC590B1F25
2112213453 9009 11308 F7FCBD0594ECA6D82D7F2846F5A690A26F3E9A6A94469DC69C4D3F1EBCF25DFA
2111620800 13249 33288 85C48B4A51A108E1D796EE21AF46365F116ABA73A9C0104EDB11B2361489E8BA
2103257232 46702 34966 7C20F6CF1A09EEE4F40FE6F70B0F070213E4AE0B9599CF6348B0EAC781225457
2105886652 34984 21970 7C20F6CF1A09EEE4F40FE6F70B0F070213E4AE0B9599CF6348B0EAC781225457
2108571602 29278 54396 7C20F6CF1A09EEE4F40FE6F70B0F070213E4AE0B9599CF6348B0EAC781225457
2107554551 12191 22752 B3E1E7F9CF7DD08AA67258965A9D25B2C5FF2C0DC6CF110E632CE78B627A599E
2100528323 25885 28397 94A4670982D890B63605DD3A6B92A2B55F8F3F9D0911ECAC4B5FEA45BAF6779E
2110126373 22999 37973 550F10872597BCCA088CEFB0993D2E02F875F14FDA583FABE6BC2B3CF0F9347A
2101929722 64617 36988 C5AE0B05020CE63C63F3A0023054164B014A394114BEE15185FDFC3226570C7A
2105912799 28750 50256 7C20F6CF1A09EEE4F40FE6F70B0F070213E4AE0B9599CF6348B0EAC781225457
2101053992 21801 37068 E4AB0BE30603AB5493ED77E4D0A6DD935A2D05CABBDFA5455614B3FF3DA650F1
2106418038 24447 46140 08A575CDACCCD189D77702A15971D0BD061D69943454D6AAC040E7222FBA111C
2104516958 32467 52790 D8776E9D5F88523F8DC864BF9FD99A69A8AE8249BDF8B119E9602E455749332D
2105655361 56770 19561 7C20F6CF1A09EEE4F40FE6F70B0F070213E4AE0B9599CF6348B0EAC781225457
2107680949 63424 5905 7C20F6CF1A09EEE4F40FE6F70B0F070213E4AE0B9599CF6348B0EAC781225457
2103426591 2534 11500 7C20F6CF1A09EEE4F40FE6F70B0F070213E4AE0B9599CF6348B0EAC781225457
2105027702 21788 12552 7C20F6CF1A09EEE4F40FE6F70B0F070213E4AE0B9599CF6348B0EAC781225457
2105452549 54712 21295 7C20F6CF1A09EEE4F40FE6F70B0F070213E4AE0B9599CF6348B0EAC781225457
2101634582 36362 41368 7C20F6CF1A09EEE4F40FE6F70B0F070213E4AE0B9599CF6348B0EAC781225457
2103265264 38265 39991 43D3003063AAA722E9BDC7DCC68F05B5BA9D965EF22F13F4F09A4E1C4E9E60B0
2102223709 42395 2892 8B472CB9BF3882BAA78B0F38A03D0CF4EEA5D4CE5EEAC91DE60C74B45372D57E
2104184560 21851 37063 CCC483ADB3F85C5E411EA5CE89CE87CCA75FC0301EC57A33E93E4F5CC6086664
2104853701 56439 36112 1BD901C4881DA6A16CE53E25B09E91AC881C4DE1F0059CA6CEE033713718E432
2107508719 10702 18120 7C20F6CF1A09EEE4F40FE6F70B0F070213E4AE0B9599CF6348B0EAC781225457
2111063187 26039 63477 25441C4E8B7B5AF891EE88506650900A5651D8B81AB610B3DDE3BBF6F560471E
2108287346 18176 52180 7C20F6CF1A09EEE4F40FE6F70B0F070213E4AE0B9599CF6348B0EAC781225457
2101717713 38325 45327 6DADC49DA5286446D42CAA2E01A5DF0066B181F09E4505688DB69C9548B1B6DE
2104946309 49639 56990 CE59A288F8C5BDC6A91F662EEDCCAAA623A25D1DEC21A7C9E1D16F58A99675EB
2105786735 21224 49559 7C20F6CF1A09EEE4F40FE6F70B0F070213E4AE0B9599CF6348B0EAC781225457
2107884395 46774 52702 7C20F6CF1A09EEE4F40FE6F70B0F070213E4AE0B9599CF6348B0EAC781225457

Total of 0 tasks calculated error.
