Total of 100 tasks calculated correctly, accuracy 100.00% 
2124264644 10588 64327 7C20F6CF1A09EEE4F40FE6F70B0F070213E4AE0B9599CF6348B0EAC781225457
2121360575 56630 57094 7C20F6CF1A09EEE4F40FE6F70B0F070213E4AE0B9599CF6348B0EAC781225457
2112789654 52285 29388 4AFD970C942E17819B0E618DF7B8D7759B1F417B91662A4E727C9881878B275F
2119763196 28071 37779 3954BB02B940BDE120AC6B4491E610763AAA5644F423A62CDE4B129BBF5A30AE
2115403760 61440 22166 7C20F6CF1A09EEE4F40FE6F70B0F070213E4AE0B9599CF6348B0EAC781225457
2117143629 21261 43517 F6A8FE72ECED42B85209B5DDA031F458321B3AF21114221ACD56F5015B496500
2122150017 60537 18517 24D5E93820D12A47622BC992177E273E952AA4C7E8CC279560964D5F4B8FD787
2122892775 811 43217 97CC043A5F4AA345681510A2ECC3613B9D8E6F4130142E75B09CE8FB1A7CA362
2122923201 15225 20829 A0F407E432CB4FACEFCE4BDCF5E5682136A1D55F3E15D6EF392E65DDA22C2CFC
2119590161 59802 25832 7C20F6CF1A09EEE4F40FE6F70B0F070213E4AE0B9599CF6348B0EAC781225457
2117233679 29064 28497 7C20F6CF1A09EEE4F40FE6F70B0F070213E4AE0B9599CF6348B0EAC781225457
2121591424 33244 30645 7C20F6CF1A09EEE4F40FE6F70B0F070213E4AE0B9599CF6348B0EAC781225457
2115625435 25120 28660 7C20F6CF1A09EEE4F40FE6F70B0F070213E4AE0B9599CF6348B0EAC781225457
2122843817 19589 55073 5DEC41F338FF0244EC489266E28DCB728F4C98C10099D082CBC5D591AA170C06
2117032149 54867 52190 66C9423CA47A96E6B5B4C578092EB46443FB8FF1308BC6CA0E0E0DED728E1936
2116122370 21759 37780 73167B181A925DF7CBF105B50EAFDE247A8962F17B7CE9C6859CF9E71FEBEA49
2113371130 29633 51491 D55B737C8739245DBC92163899D1EC5635F6C7DB221142E26624A80E5B338D04
2122550344 25740 57457 7C20F6CF1A09EEE4F40FE6F70B0F070213E4AE0B9599CF6348B0EAC781225457
2114593023 39754 9857 7C20F6CF1A09EEE4F40FE6F70B0F070213E4AE0B9599CF6348B0EAC781225457
2114602061 30901 44114 F210AA831BAA2D5D5FA83ED46C9A24B017FD138C6CE93D9BD575A19B37E4846D
2121559528 11055 51668 2E1E3641F1595D58957F4EDB66E603F554D63229348092936807EA39A16E16C9
2117966988 50259 46504 6F12EC81E04CFBB146BBEC9E57740E08FC8265D24FEAC8904A5833D4B526A822
2113422648 64212 53421 7C20F6CF1A09EEE4F40FE6F70B0F070213E4AE0B9599CF6348B0EAC781225457
2119380257 209 12970 F940B24DDDD23C63863BB1C74951C0CCD830C75714EF2B74D30BC4D95EC993F2
2118331983 44037 21630 7AB1D68A55DD3846A13D3ABBEC26A059E64458D87DC4D3501F9CC8842B72F21A
2124138371 9150 7886 7C20F6CF1A09EEE4F40FE6F70B0F070213E4AE0B9599CF6348B0EAC781225457
2119701049 36585 58816 BF71DF4135777B4612ABF5D102EF4C63B88A1D9CD5152BB2EA846E2A647E5C61
2120629939 23515 48766 DF80118D54826E1B63E5E34759CF3244FA3BF24CC9B60C9560EFE95738567C4D
2120363544 11150 64694 7C20F6CF1A09EEE4F40FE6F70B0F070213E4AE0B9599CF6348B0EAC781225457
2112983118 30049 11871 5BDDF10F0A2B38B65BD06C46ED0CA9544E692451DBFC9E70BAB43DA71C95C813
2122717737 39466 15494 7C20F6CF1A09EEE4F40FE6F70B0F070213E4AE0B9599CF6348B0EAC781225457
2113408767 20534 57692 7C20F6CF1A09EEE4F40FE6F70B0F070213E4AE0B9599CF6348B0EAC781225457
2118114091 21532 64111 7C20F6CF1A09EEE4F40FE6F70B0F070213E4AE0B9599CF6348B0EAC781225457
2122208634 20505 35606 663B7A6AE9DDB491D9D9DEE956C844FC032485729E74C06A96EEA01B5D52B8AF
2124154279 3668 19518 7C20F6CF1A09EEE4F40FE6F70B0F070213E4AE0B9599CF6348B0EAC781225457
2120812950 47333 41086 450C035F0304AFB7546D9A3BB2C5AD50F4810AC2BA385D35DD8BB8F98B0FD99B
2115396010 26197 32548 9627FC6F3AFB99953CD2A381C382D34A5B6661C805DCBCB3484D7EB3CE58B7AF
2118663388 38560 33416 7C20F6CF1A09EEE4F40FE6F70B0F070213E4AE0B9599CF6348B0EAC781225457
2117406950 11523 36987 AB25CEBE5AECA0CB0BAC10769784430A2FBA09DE46E9F4127A90BD71B7CC27DA
2115136168 60370 2378 7C20F6CF1A09EEE4F40FE6F70B0F070213E4AE0B9599CF6348B0EAC781225457
2113014522 4894 49368 7C20F6CF1A09EEE4F40FE6F70B0F070213E4AE0B9599CF6348B0EAC781225457
2118315210 42885 54254 CF13E60A81E4584A91E49BC2B7B945120495CB149DFAAF5A89EE1200A2E79C26
2112779246 24718 62236 7C20F6CF1A09EEE4F40FE6F70B0F070213E4AE0B9599CF6348B0EAC781225457
2117250064 40028 3190 7C20F6CF1A09EEE4F40FE6F70B0F070213E4AE0B9599CF6348B0EAC781225457
2116739858 54441 45431 756EA2BD355E31CE494990E8D05041A52C9746EBE7D4D62C75D6B249E3A78A57
2118683607 58856 30553 7C20F6CF1A09EEE4F40FE6F70B0F070213E4AE0B9599CF6348B0EAC781225457
2121797595 29541 41480 BAB87C58B90AA59E6897FD9C09E5088817A5DC3CCEF540E211821FA0F0EFA32C
2116377544 11326 61021 7C20F6CF1A09EEE4F40FE6F70B0F070213E4AE0B9599CF6348B0EAC781225457
2118190162 37911 40497 0A94D3B527D73E696162969331442C7396AA83C75A51FC082D674FA7F74E8B68
2122881685 63825 13673 37B90D1F4D7A8071F623F76066593640AAEEC06A80D586BA68ABA7E7CBF74156
2120916276 13052 60047 7C20F6CF1A09EEE4F40FE6F70B0F070213E4AE0B9599CF6348B0EAC781225457
2120125934 36576 45038 7C20F6CF1A09EEE4F40FE6F70B0F070213E4AE0B9599CF6348B0EAC781225457
2119725657 20802 4606 7C20F6CF1A09EEE4F40FE6F70B0F070213E4AE0B9599CF6348B0EAC781225457
2113179566 25064 37518 7C20F6CF1A09EEE4F40FE6F70B0F070213E4AE0B9599CF6348B0EAC781225457
2114138439 5372 15599 7C20F6CF1A09EEE4F40FE6F70B0F070213E4AE0B9599CF6348B0EAC781225457
2120700952 45423 32838 0AB2AD3332AB82B7AC5EB621C8F93BB5718BA1DE152B7A1AB0A9529D03820A34
2113728320 62270 64770 7C20F6CF1A09EEE4F40FE6F70B0F070213E4AE0B9599CF6348B0EAC781225457
2124082459 6812 34043 7C20F6CF1A09EEE4F40FE6F70B0F070213E4AE0B9599CF6348B0EAC781225457
2113545377 23764 41684 7C20F6CF1A09EEE4F40FE6F70B0F070213E4AE0B9599CF6348B0EAC781225457
2117184282 38556 4984 7C20F6CF1A09EEE4F40FE6F70B0F070213E4AE0B9599CF6348B0EAC781225457
2113520107 46973 2097 40D3BE9D05043A4B9E870E616274A685805D3E872F490AFB6FB0FA300B911BAC
2113514847 8038 27071 7C20F6CF1A09EEE4F40FE6F70B0F070213E4AE0B9599CF6348B0EAC781225457
2120696058 33069 2630 E50E7AE7D23F9BB8D5D5A2900B8914172B93D28C949F45A87CE1F166C2AA187C
2120039380 23766 46630 7C20F6CF1A09EEE4F40FE6F70B0F070213E4AE0B9599CF6348B0EAC781225457
2113508300 22072 51481 7C20F6CF1A09EEE4F40FE6F70B0F070213E4AE0B9599CF6348B0EAC781225457
2118909441 48405 16608 580ECCB83489EE2E8E744C6C95512C5527C8530B5771AAAC0E4993B5550658B2
2114097822 29073 26924 3FEDF020AB43B92EF22B54B202D2D92826B65B1525965B3F2077E139D247A522
2121430124 16854 17561 7C20F6CF1A09EEE4F40FE6F70B0F070213E4AE0B9599CF6348B0EAC781225457
2121707548 27293 42009 A643BC61CB71C0BED96C7F8ED8475FAF8C9A1B548ACC2EAB1E2F2B53D51D0977
2113314906 31291 7941 C78BDD173AB178EE316F3AF8F1F1C00E9A7E471B73445ED0301516F493F86DCA
2119169590 60576 13056 7C20F6CF1A09EEE4F40FE6F70B0F070213E4AE0B9599CF6348B0EAC781225457
2114204595 10501 25375 59DB3793591497B267E5559C137623147C0BD77CB0D5311E8921C7CF416EA503
2115158260 37855 56555 D0BD149A3E6F468324915A0317A69ED2916244F297050DC44C8236A993F00912
2118360384 19794 5622 7C20F6CF1A09EEE4F40FE6F70B0F070213E4AE0B9599CF6348B0EAC781225457
2116814458 627 38671 F78893E242D4A85617C632140847B6CD9D688C35E67DE54B6047DC92EBC4FA8A
2121818125 33980 1784 7C20F6CF1A09EEE4F40FE6F70B0F070213E4AE0B9599CF6348B0EAC781225457
2120834811 16738 3500 7C20F6CF1A09EEE4F40FE6F70B0F070213E4AE0B9599CF6348B0EAC781225457
2120998223 54189 63791 4BF8CD8ACFE57E36ABD0077CBBB04C03103F2F89F87EA0B0481133283152A2BB
2120100921 5689 17571 6547AFD59731A868C6C0E2AA55A1609796031D8FDD293D7A3C5FC0131419FF01
2115371033 53202 61327 7C20F6CF1A09EEE4F40FE6F70B0F070213E4AE0B9599CF6348B0EAC781225457
2122555520 29567 4120 E8E07BF71D2BCABD7CAC8FEF776F1DBE42CE69644D8FCFB135D8FD03A70703AA
2118423110 11162 13815 7C20F6CF1A09EEE4F40FE6F70B0F070213E4AE0B9599CF6348B0EAC781225457
2115036837 39547 8316 BC26DDB1F299DFCC89BF1AF66903332992F1CD5CB974D6A5B24169E9DC9F3F03
2116491553 12893 10291 031B1A60486229E6A53A6748C69BA49C6959BAE795060B683FBFBF24F7DD9BEF
2112785162 31435 11689 F8879C4902762E8E7FAA1B0367E18BAE8796D56621B21A1D2D7A829A8865610B
2117750261 34469 55538 0FB5678C906B0D32F0BC0F739186EB01600E39E9879D777285E3D32E03EAFC28
2116756246 28174 5447 7C20F6CF1A09EEE4F40FE6F70B0F070213E4AE0B9599CF6348B0EAC781225457
2116081700 21854 42595 7C20F6CF1A09EEE4F40FE6F70B0F070213E4AE0B9599CF6348B0EAC781225457
2121284803 36343 6805 C253FB402119213C5CA7E173E597CD2947560659351013449181C1D930F51BFB
2124273437 8192 11477 7C20F6CF1A09EEE4F40FE6F70B0F070213E4AE0B9599CF6348B0EAC781225457
2119831796 63699 35806 49331DF9F17B14EE816ADE47578B6F3C9267C8283A630E612F5C2F7FF5D3D09B
2115918842 45583 20381 7FA03C00B92BAB9D4E9FFB80C89C9A3E7A05AB949358FB9E6F737CDC713B7CD8
2120967152 20481 43237 032666E703795A966279B25E306251908BEB06D22CAC3F22BA332AF9EB7A33CC
2116481528 44214 20728 7C20F6CF1A09EEE4F40FE6F70B0F070213E4AE0B9599CF6348B0EAC781225457
2114129038 59141 37751 191A38D2C7A1111A466ECC1FBDD6F618C9C999CDFE8F2F793AC50E1C748E1B26
2121695200 63674 56268 7C20F6CF1A09EEE4F40FE6F70B0F070213E4AE0B9599CF6348B0EAC781225457
2124302536 50871 58576 2D28C07A0A5120CEF0A6CA0D1AC04D454967C9FFEB773D5BFA33ACE8E14B725E
2115083651 36763 35157 862D35D83EC5A627F8C5E6CFD629DE8BB76A6433794761D70E46C9C342B5623C
2119848767 27219 19063 51906651092E1D873D946D5C151D56030D6AFD0C8FE11AEEA79296BD184D4F87
2115659885 26681 37032 E87C0D29F544A1B44AFD08AD7B6ECFF2123A142A50ADFFCFE0BE94139FFBAF95

Total of 0 tasks calculated error.
