Total of 100 tasks calculated correctly, accuracy 100.00% 
2134308891 13506 9186 7C20F6CF1A09EEE4F40FE6F70B0F070213E4AE0B9599CF6348B0EAC781225457
2127900823 39080 11678 7C20F6CF1A09EEE4F40FE6F70B0F070213E4AE0B9599CF6348B0EAC781225457
2125059565 31676 56482 7C20F6CF1A09EEE4F40FE6F70B0F070213E4AE0B9599CF6348B0EAC781225457
2135621086 9176 7761 7C20F6CF1A09EEE4F40FE6F70B0F070213E4AE0B9599CF6348B0EAC781225457
2132842966 6456 38888 7C20F6CF1A09EEE4F40FE6F70B0F070213E4AE0B9599CF6348B0EAC781225457
2130020434 645 8079 BCD6DC656DEFC1A911B5378BC09B5B2E76CA78D6CB718F15375DFF6572763A54
2127742857 57442 35882 7C20F6CF1A09EEE4F40FE6F70B0F070213E4AE0B9599CF6348B0EAC781225457
2132201512 11729 9284 4F558F6F427551773E33C07743BECC9059FCF936D0ED974DD038650FDC63E702
2124794173 30255 34281 6FBD6B0C089D250C2634C416C86CA7E7A7A0DFA2517A566ED69A0E9FE4B854B0
2128400659 57387 33652 70E6CC3DC4EECB3F4002869DA85CB2EEE3BFC6F2A94D61731902670498724F0D
2126011765 20431 37101 E56A3F196BE55C40C0C553AB5736F33749D08C530FB09C4E736C164AABAD1559
2133366700 15968 31843 7C20F6CF1A09EEE4F40FE6F70B0F070213E4AE0B9599CF6348B0EAC781225457
2136045646 21243 9719 5C47B9909EF26707506FD46090688A9BE2CD06A1D518D9ECA7B50F09F3CCF551
2130679204 21673 21612 887C0E9DF53C26E7EC7B5E31324D5125253231C1BF9F4967AA6B5DF2BC1DF239
2135142817 48570 60987 7C20F6CF1A09EEE4F40FE6F70B0F070213E4AE0B9599CF6348B0EAC781225457
2129973071 56595 4857 D7AD18B88997B088C7B3C0A871A487F8DC404839E62F2AB3395A6F169DA1C115
2124768036 13566 5971 7C20F6CF1A09EEE4F40FE6F70B0F070213E4AE0B9599CF6348B0EAC781225457
2135628174 52424 27705 7C20F6CF1A09EEE4F40FE6F70B0F070213E4AE0B9599CF6348B0EAC781225457
2131720101 4035 40005 9723DEFDCAD6D1DC7DEE11F8B581BD157F9784826976CB98874389CC7E216143
2134988029 53495 33743 9F16540B3D65E7796464B133F5730D897CA51E7353B4138A1AA890DB6504510B
2134582270 39913 14440 4604A35553D3C1366380F61315147CE5EC7CE877866B5A7B3D62EC82829EE859
2132141583 27307 30358 3C9C843431917ABB847B30BBE9F458796580FBB202DBE8DB39196F97227EF435
2131896196 1245 14740 B7ED07092C94A47798A056C54D8B8598590F241818BB7E2DC0A8CC4ECDD45D83
2128202701 37860 29236 7C20F6CF1A09EEE4F40FE6F70B0F070213E4AE0B9599CF6348B0EAC781225457
2135224998 30745 39589 2214B0F30EA1A1F198CCEA33B77E18467215F9F57C568E39525C56F57BCE10DA
2132220775 24736 10708 7C20F6CF1A09EEE4F40FE6F70B0F070213E4AE0B9599CF6348B0EAC781225457
2133568554 21701 17688 461E8D6025C56253E0CB5FF745F6F111E02E3299633F6137EC0BC902CDC28D49
2129481591 30774 26769 7C20F6CF1A09EEE4F40FE6F70B0F070213E4AE0B9599CF6348B0EAC781225457
2129310181 48676 5620 7C20F6CF1A09EEE4F40FE6F70B0F070213E4AE0B9599CF6348B0EAC781225457
2132564760 6187 25387 CC8D4655734B5591315D80A17ECA599B211AB075D14F35CCB1F9EF15A739716B
2128272190 11353 57737 8803956BDE5A29F848D4686716840E4A52E0EE8B5D66788462861F28739D0623
2133454251 4278 43439 7C20F6CF1A09EEE4F40FE6F70B0F070213E4AE0B9599CF6348B0EAC781225457
2128576392 37046 47264 7C20F6CF1A09EEE4F40FE6F70B0F070213E4AE0B9599CF6348B0EAC781225457
2133686077 16489 55896 F2BCE19286047F1DD6712EDCD9B5C6C7059C9DB593D8D8D0491EB349740AF567
2125541780 37541 21494 3AAD6BCDFC66821F0F61D46B50B745E53E886FAC92938099CF6BCCA05B5BB3CA
2132115254 19559 8775 B35256BA5A9BBA65108D2D06CB9888AFEE471CBE6CF8F957E1DF2852C806DA61
2135048111 2939 56171 5426BB05206D84BBC607CB1938BF2857CDD79B65075DEF65FBA0A3677CBD17AA
2130428792 57075 31327 A118823BBDB6D41A2FF9C1BA922760E3D53324E0F23BA24D90901DD91A0A59BD
2128186862 53376 48967 7C20F6CF1A09EEE4F40FE6F70B0F070213E4AE0B9599CF6348B0EAC781225457
2130779304 38904 32295 7C20F6CF1A09EEE4F40FE6F70B0F070213E4AE0B9599CF6348B0EAC781225457
2124982491 32941 64839 7C7AC0D207C9DC81513A9AEC919A98782BE901C1892372622B9FF0D0A09801B9
2130935194 22497 39162 41E6C560858B6C39E52F2A69D14D3347F4E1CBF33077719F2BE934151E5ED533
2127537216 52628 59036 7C20F6CF1A09EEE4F40FE6F70B0F070213E4AE0B9599CF6348B0EAC781225457
2131620824 192 20752 7C20F6CF1A09EEE4F40FE6F70B0F070213E4AE0B9599CF6348B0EAC781225457
2126793680 35682 23413 7C20F6CF1A09EEE4F40FE6F70B0F070213E4AE0B9599CF6348B0EAC781225457
2125376885 38697 53256 AC2EED65DAB8CF4284361CDA35CD3C3B98F5B0D12A94CC8D0264F15B5D7A966F
2125050655 4931 41653 30E0F14CD0B400EEACF052191489084799E006034FA8E21E8D80AB0419E30B42
2129147258 22643 3773 46B2D5DFBA6A718A7E6C08266696A18697313471EB88FA71DFB100AC2A7D17F9
2127801761 11033 55684 F01516F9193B74ECCD9B2830CC4964848F42080C4F02372341146F2B59C8EDB3
2126939848 33196 20455 7C20F6CF1A09EEE4F40FE6F70B0F070213E4AE0B9599CF6348B0EAC781225457
2128839313 29665 23211 6E1F4AB6901F5B9ED952C9E023EC83CAEAEA05D7321AB210DF79D4A72DCAEA01
2130517480 36042 36729 7C20F6CF1A09EEE4F40FE6F70B0F070213E4AE0B9599CF6348B0EAC781225457
2124565913 26531 25587 1B8DB9C6D1021434C46011B67726D09464A083857BF832F177D09928A883B192
2125897863 36829 31407 9473D7A7200AAA0FB46904F7B037E0B016D7A12AADEA3979AE243AA87055A2FB
2127100282 47902 5085 7C20F6CF1A09EEE4F40FE6F70B0F070213E4AE0B9599CF6348B0EAC781225457
2128467098 36569 11337 92E2C92DE447145E36F458215C3F80687CA62B1D05D205C60E6512456EB1840F
2132678509 37691 46212 46448033E111983516543F5D7319EDCB22942F287900B3A0F60EE317E0D37C18
2129046563 4505 43651 BF9B51AE5EF4E42A2EF7169547624F9ECDB933190D8A2B5B6F6E7763B1594DD0
2134932680 33149 14648 E941D943832817BE098B6E5E4EB4F6C885CACF9B3CB1761C561B3DDD9FD4A001
2127725551 50934 43569 7C20F6CF1A09EEE4F40FE6F70B0F070213E4AE0B9599CF6348B0EAC781225457
2125841744 5897 56588 99AF5BA2BBADD858583CE1EC37F99D04143316DFEBEF64891F44320335E01823
2127070387 34916 7523 7C20F6CF1A09EEE4F40FE6F70B0F070213E4AE0B9599CF6348B0EAC781225457
2127866503 24119 12127 053A9EC4B5F7342B7BFA18A8054B9BB061FD63FA3B8B316FF1CAF569F66D4EC0
2132249264 52751 53927 C7E1482328625B46A3E86C6280296BA9E371AD8C0456ECE264F379CF9D9D85FE
2129604648 55264 1793 7C20F6CF1A09EEE4F40FE6F70B0F070213E4AE0B9599CF6348B0EAC781225457
2126508163 8263 22052 B80B95323F1FBEBBD9E9C0BBC7F9067143E8506FBDBFC9DC65674DF8F9B47C66
2131570006 27694 18120 7C20F6CF1A09EEE4F40FE6F70B0F070213E4AE0B9599CF6348B0EAC781225457
2136309119 58987 3369 AB462287F4CB93D5796A80E599425E8BADA1F96CDA3428D1DF0365CFE1F8390B
2135052011 49011 50840 64BF0165974267BB04C62CD521AA990AEAEAB9619E1D86CDA44A946A9A71C796
2132398113 22074 27466 7C20F6CF1A09EEE4F40FE6F70B0F070213E4AE0B9599CF6348B0EAC781225457
2134145486 25223 22502 D357062407EE525382E2362CD2918CBD15D8D8F2428BEB899D91B41E77FA7ACF
2127527001 63679 50232 D0A64D0AC6480BDAE451C2F909AC0B74B8E6512301C828A130AFE8CCA9F825A3
2129053397 4855 11843 ABCA0691D3F4E5389F78D417A6B3F7ED85E73B741D3AD2A6985BE51EE48D2217
2136245811 33727 9091 CC697B760676AEF7ACF257677A4246B35C936AF25FEC3C0D1B78AD6302ED343F
2125962052 44316 6249 7C20F6CF1A09EEE4F40FE6F70B0F070213E4AE0B9599CF6348B0EAC781225457
2134718490 38486 59304 7C20F6CF1A09EEE4F40FE6F70B0F070213E4AE0B9599CF6348B0EAC781225457
2126580292 41900 13208 7C20F6CF1A09EEE4F40FE6F70B0F070213E4AE0B9599CF6348B0EAC781225457
2135090330 50774 37447 7C20F6CF1A09EEE4F40FE6F70B0F070213E4AE0B9599CF6348B0EAC781225457
2135129871 59467 533 1785AFE7B5AA66BA796F73B7B95DAF6878872CD05980C1FB6CF03EBB5B1D1946
2135676350 34879 59069 35E577AEACE5DF2FCB1110F050A1763AA3E2A02FBA70D2482099DE05BA00C34D
2128290052 35817 35685 80A2E7531F7DE81E6F2E6B59FA6039000BE1FDCA89705E0D2AEB458952496D45
2133565405 47720 64585 7C20F6CF1A09EEE4F40FE6F70B0F070213E4AE0B9599CF6348B0EAC781225457
2133744759 53056 15325 7C20F6CF1A09EEE4F40FE6F70B0F070213E4AE0B9599CF6348B0EAC781225457
2130731867 26981 62926 2598A45B8D3DFDA72F4BA780AE3D3AA819F083521AD7B0525E7924CD592CDAE9
2131310221 26853 32687 C368D3117D90276935FB7226CB8B72EEC7787E22F91A6A42B5FF57A893031CFA
2135981033 13184 53343 7C20F6CF1A09EEE4F40FE6F70B0F070213E4AE0B9599CF6348B0EAC781225457
2130057896 34086 27442 7C20F6CF1A09EEE4F40FE6F70B0F070213E4AE0B9599CF6348B0EAC781225457
2131992920 47267 15125 874ADBE5462A75714F8176A3E3FEA35AF30468C238767603A169B9367F8109BE
2129011293 23798 46947 7C20F6CF1A09EEE4F40FE6F70B0F070213E4AE0B9599CF6348B0EAC781225457
2128727688 63831 52860 485401DB49B158EF61E302E474B314C3DEC19E88D9CF8B02C0DB1259C3E1BC76
2126727931 13541 9608 AAB0CBBA402940079AABBC17B87057CC6E2499F07DD17F5228C6218A9A3D805D
2126644850 1872 37547 7C20F6CF1A09EEE4F40FE6F70B0F070213E4AE0B9599CF6348B0EAC781225457
2129699309 64503 35436 3431CF60EAD4EF3758CC4EB66BFC75C347E82EC44B6C835EE8E735CFEAED2F6A
2124990537 16244 58665 7C20F6CF1A09EEE4F40FE6F70B0F070213E4AE0B9599CF6348B0EAC781225457
2135922956 2565 49176 B98DDD2467DFD46FD0DC3AE52D0252231DD03E6F10E10691BD8093C7D523641A
2136043877 29456 50728 7C20F6CF1A09EEE4F40FE6F70B0F070213E4AE0B9599CF6348B0EAC781225457
2126519977 15377 50714 36B7EF5E4F8EC457003D335FEB4AEB10A41ECA6F9ACE4B1F47344CBFF3DB0AF0
2133286947 53324 12121 7C20F6CF1A09EEE4F40FE6F70B0F070213E4AE0B9599CF6348B0EAC781225457
2135893005 29290 42449 7C20F6CF1A09EEE4F40FE6F70B0F070213E4AE0B9599CF6348B0EAC781225457
2127066109 40695 4124 9ED9CDC8E1A6DC661C5028331D29CB9BA9E041B66AD22B89ED0900486A7581B4

Total of 0 tasks calculated error.
