Total of 100 tasks calculated correctly, accuracy 100.00% 
210797237 20981 13261 C37832E2450BC2391C76C9CE5ACD4B66716B8AFA0C801B06B3FFB659ABF35826
204569949 39087 28582 03AF8410AA1162032A562A5351A35929EBDF537C85E81FA83A1E69384AC595C1
206917958 51242 60714 7C20F6CF1A09EEE4F40FE6F70B0F070213E4AE0B9599CF6348B0EAC781225457
208349164 43327 35059 6E2932979964B146419A255D3C69B149012C5F30047C3AB04B090DAD02491030
210670019 12942 47692 7C20F6CF1A09EEE4F40FE6F70B0F070213E4AE0B9599CF6348B0EAC781225457
210719355 12640 64671 7C20F6CF1A09EEE4F40FE6F70B0F070213E4AE0B9599CF6348B0EAC781225457
210539775 32086 15429 7C20F6CF1A09EEE4F40FE6F70B0F070213E4AE0B9599CF6348B0EAC781225457
214619884 21323 52632 FDE0FAB8ADFC22D1AE65B1AFE13EAE69CCC8686B6AE2695B95B00F8A5350513F
210647737 21117 50149 9D701168298D4061F4463B57C47A2F64E631FF6CE5EC634DFCBC19C4C472E666
214562143 59265 35272 FB229AE64875565C21D685FAD483EAAF0D17629F02D86182B84287484E68946D
210479433 40674 29207 7C20F6CF1A09EEE4F40FE6F70B0F070213E4AE0B9599CF6348B0EAC781225457
212989969 41379 40929 398DC8603E090E39A71BB165BCD0487A7EBE9ED714B1C6944B54E4AB74CC945D
215017650 27094 4877 7C20F6CF1A09EEE4F40FE6F70B0F070213E4AE0B9599CF6348B0EAC781225457
213455643 46182 26893 7C20F6CF1A09EEE4F40FE6F70B0F070213E4AE0B9599CF6348B0EAC781225457
206096032 43696 19318 7C20F6CF1A09EEE4F40FE6F70B0F070213E4AE0B9599CF6348B0EAC781225457
208163254 32127 46288 DAD080D6BBA05CFAFCB22B51BEEEDEDEF55328356FDF69165865A592FF771656
210451118 34049 64949 B368B5F3CB08B40D17F192604BFEC82476C96C9D711BFCAE98ED893904F2482F
210379357 52019 23779 64A95EFC49B8E8065611627086A15453EC92C08AB661929D83A52E42C6946719
213991319 14188 4261 7C20F6CF1A09EEE4F40FE6F70B0F070213E4AE0B9599CF6348B0EAC781225457
209291515 44481 11597 1A4EAB81F2ED9089B51DFB3DF35B643A072C5CEDAA9195FDBA1C6035403C02D0
209574583 64232 35165 7C20F6CF1A09EEE4F40FE6F70B0F070213E4AE0B9599CF6348B0EAC781225457
212529026 22698 10529 7C20F6CF1A09EEE4F40FE6F70B0F070213E4AE0B9599CF6348B0EAC781225457
207216682 58970 58104 7C20F6CF1A09EEE4F40FE6F70B0F070213E4AE0B9599CF6348B0EAC781225457
209528119 7167 51825 7308EA3D409AABDD4CC5DE1BA00C1D9418E871EBB8D0C13C705818C371C25FED
212492346 10130 47373 7C20F6CF1A09EEE4F40FE6F70B0F070213E4AE0B9599CF6348B0EAC781225457
208618618 37027 33398 C1C339C4F0490AABF060834639A4F29C0C1D0574A813AAB471B238A74C692404
204401569 49491 62180 36FF5A49ED7639CF579B30D5617A34FE0D5A5B2B41103191BB313F47342136C8
206948150 44486 4614 7C20F6CF1A09EEE4F40FE6F70B0F070213E4AE0B9599CF6348B0EAC781225457
205573909 39807 29026 12C24AB5B46D31EA3C3E8A1936729246070F088ACB45C3F618C6D0D92C27C110
206465259 3201 3193 53694C5F83F6D3F45961A23512F3DA44A1D2D0A9E2E62A48FF22E560153DD85F
204884343 64226 19325 7C20F6CF1A09EEE4F40FE6F70B0F070213E4AE0B9599CF6348B0EAC781225457
210827014 53421 55040 B7C1AAABD0A4E3433D1086BCE8A75ECD4004DE4716B5ADF23449BB35676DD31F
211769383 27052 6323 7C20F6CF1A09EEE4F40FE6F70B0F070213E4AE0B9599CF6348B0EAC781225457
204893567 35828 4261 7C20F6CF1A09EEE4F40FE6F70B0F070213E4AE0B9599CF6348B0EAC781225457
208894868 33377 4011 4848A18B981E328FA1E4039F8C3C72209068224E2FBD1F76128FB3E5B9532A31
206882294 23822 49032 7C20F6CF1A09EEE4F40FE6F70B0F070213E4AE0B9599CF6348B0EAC781225457
208030240 32539 54212 EE41C30087EC4192E37CE20365E862D8050B7399AA2BB9F266ABF1A30D8B99F6
204127751 20722 6218 7C20F6CF1A09EEE4F40FE6F70B0F070213E4AE0B9599CF6348B0EAC781225457
211680743 55899 3381 F6E65317E98202524BD052CBD84E48FD30C9C611E2D0AD525538AF98C55D9E5E
209485981 63282 34934 7C20F6CF1A09EEE4F40FE6F70B0F070213E4AE0B9599CF6348B0EAC781225457
208058886 45517 22598 C1FC1F2247A14F129D974588C6CCCBB80B2FF926E4986EA506F5BB9865CB3292
213021140 33272 49958 7C20F6CF1A09EEE4F40FE6F70B0F070213E4AE0B9599CF6348B0EAC781225457
204273374 15320 1744 7C20F6CF1A09EEE4F40FE6F70B0F070213E4AE0B9599CF6348B0EAC781225457
210627333 53133 37439 134F4012A16DD9C93A4C5C62288C824AB91D8F6AA6D781F1801BA093D15E129C
214726356 62789 48532 AFB84B9C5DB31EEDAFD9119696AF6F8856CCD9EF6FDD23EED994675B50E4D8F3
213002557 42284 36449 7C20F6CF1A09EEE4F40FE6F70B0F070213E4AE0B9599CF6348B0EAC781225457
211787894 38047 52833 F758D300A1F5B61C50B7C4366762FFF536F3EAA9A47F26C91A19B8E722463B3F
209523903 41709 64539 AC2F05067D6C78273D7225C2D88757CB1BACF05E84FDDD94BDA13027DE7BF93B
211554448 2048 34940 7C20F6CF1A09EEE4F40FE6F70B0F070213E4AE0B9599CF6348B0EAC781225457
212236852 49344 63948 7C20F6CF1A09EEE4F40FE6F70B0F070213E4AE0B9599CF6348B0EAC781225457
213979688 26943 42473 487DC20B8148CA39D0564A6942C443B621F8CBE7D16FFECC824FA3705AA54906
215155856 19536 43545 7C20F6CF1A09EEE4F40FE6F70B0F070213E4AE0B9599CF6348B0EAC781225457
204129348 3976 41732 7C20F6CF1A09EEE4F40FE6F70B0F070213E4AE0B9599CF6348B0EAC781225457
211068743 23157 29765 DC8D82C52A82D0DE212629D61876FFCDD3AE63D466D4CCC47E591FDE1E4AD7F5
208788087 64663 44655 D050065DD7DD76BD434391B9DD3992F6B44C412978220186968CB761F765AEE2
206358682 41198 13885 7C20F6CF1A09EEE4F40FE6F70B0F070213E4AE0B9599CF6348B0EAC781225457
211567996 26860 47162 7C20F6CF1A09EEE4F40FE6F70B0F070213E4AE0B9599CF6348B0EAC781225457
214659788 29637 59525 C490F20ACFFCF94A79000EDE295A0D01971F5993101029DB03317710694D6EBC
206535686 7915 21345 7F156FA7EA86077E68AACBE0A09697463CFBCC17BECC3E1C10815FC2F505F46F
209736698 14457 2852 1CDF05E4D64FE5FCA95061E4522F6A0FC263C3FBC41D4B6D728C4B3082B2E369
213062115 41846 58749 7C20F6CF1A09EEE4F40FE6F70B0F070213E4AE0B9599CF6348B0EAC781225457
211028909 41399 9937 23C6AD8675885700AAF070BE1A3A28C7A9A5C130002570A5C3043E455F96C1F7
213593868 47801 20499 D198D6D9191BA20EF914A783C9E555750ACE127E53BEA95579D21C020625CC73
210190973 28 55326 7C20F6CF1A09EEE4F40FE6F70B0F070213E4AE0B9599CF6348B0EAC781225457
211293247 38244 35160 7C20F6CF1A09EEE4F40FE6F70B0F070213E4AE0B9599CF6348B0EAC781225457
207774038 19682 55409 7C20F6CF1A09EEE4F40FE6F70B0F070213E4AE0B9599CF6348B0EAC781225457
204705543 56997 41973 A8E5880C735F14A101C77BADA5FE1C6E2CD54676B13E2D308A80B91024E61216
206913483 31275 50365 F84BF4FB4B9B24500BF297276E1171C50732B9A9262133187E3A63B769753FB2
210980833 60004 15171 7C20F6CF1A09EEE4F40FE6F70B0F070213E4AE0B9599CF6348B0EAC781225457
214724730 45952 3811 7C20F6CF1A09EEE4F40FE6F70B0F070213E4AE0B9599CF6348B0EAC781225457
206633242 24413 6456 DAF2E2A27141CD4E0F336F285D83E48D6F21508CDAA137B9D3B5F0F5432983BF
214026741 5435 53568 FD386F6E8CB0217E8B99B3F3BCA2DCE13D2807DFEF040EB5A8101FF96FCE3BEA
212472437 1884 14200 7C20F6CF1A09EEE4F40FE6F70B0F070213E4AE0B9599CF6348B0EAC781225457
213918472 14012 17117 7C20F6CF1A09EEE4F40FE6F70B0F070213E4AE0B9599CF6348B0EAC781225457
215609893 55929 22403 FF9DF209961452C3F569FAD9D9508559C87DD7D6EA2829496FF2B46ED882DFBC
209936079 53968 9535 7C20F6CF1A09EEE4F40FE6F70B0F070213E4AE0B9599CF6348B0EAC781225457
211114285 27440 59594 7C20F6CF1A09EEE4F40FE6F70B0F070213E4AE0B9599CF6348B0EAC781225457
216162978 13468 16330 7C20F6CF1A09EEE4F40FE6F70B0F070213E4AE0B9599CF6348B0EAC781225457
210641842 37717 47555 933C0B7EDA01C965B22F56E9AA3887ADB839CCDCC04BEEF81B159D002928B3FE
205533225 58245 44159 21559D172E7EFBEEC706D1E468FA6FE150331D18BD01859FA807F3908F1339EC
209500042 49377 65053 6B0A334A4EEAFC018F30B94E5A9A11504089CAA041397693CE23432551AD1894
216229427 21432 45949 7C20F6CF1A09EEE4F40FE6F70B0F070213E4AE0B9599CF6348B0EAC781225457
204290780 37443 11189 803B9571286F6F952DFA80A137508BAE952846DF3F81556358AEE6A923BC8E83
209321733 26983 435 A8AFCD5D62199E2537472E481805AD560E6F1B74B8756FD240DEBF166BEF58F3
214471068 19848 16669 7C20F6CF1A09EEE4F40FE6F70B0F070213E4AE0B9599CF6348B0EAC781225457
211817655 24810 4232 7C20F6CF1A09EEE4F40FE6F70B0F070213E4AE0B9599CF6348B0EAC781225457
206562555 121 31287 6F23B1AEBBBCF9AC7BB473B503B128EE58D6114E12355D567838BAE9BDBA20F6
215999826 54021 23617 1AB6F130DB5C4ED6B2D719B8E39BB8CE1D884B7CFA47CFEE423247B73840B974
207133426 55164 53290 7C20F6CF1A09EEE4F40FE6F70B0F070213E4AE0B9599CF6348B0EAC781225457
204400300 10462 21965 7C20F6CF1A09EEE4F40FE6F70B0F070213E4AE0B9599CF6348B0EAC781225457
204480402 46153 49904 D9A5893E4C63C990F014B15FDF3B827433C276E01DD56615C3165861F66745CD
214792228 14304 28794 7C20F6CF1A09EEE4F40FE6F70B0F070213E4AE0B9599CF6348B0EAC781225457
204482181 41688 30343 7C20F6CF1A09EEE4F40FE6F70B0F070213E4AE0B9599CF6348B0EAC781225457
206231945 43699 43990 6AEEB02AFF09A20A35862A0A2022C70F7135A27428E8243D9AEF25F2D5AD6EAC
215188928 36103 55548 50793327639356A5E00665A77A9932294326E78C2C9A570901BC6DFA7F0F511C
212403355 46502 37686 7C20F6CF1A09EEE4F40FE6F70B0F070213E4AE0B9599CF6348B0EAC781225457
208466566 63812 8661 7C20F6CF1A09EEE4F40FE6F70B0F070213E4AE0B9599CF6348B0EAC781225457
205784285 2501 60873 34DAAE59FAD83346C9F569FF81CC7ED80465E51C3D283BB7C0CEDDEBEC14E9E5
206012552 58319 23948 80C6658C04629B5286A6FA97F4421DB30C42F1F5F7AA4FB2E972CCED37A13226
214935453 12810 23099 7C20F6CF1A09EEE4F40FE6F70B0F070213E4AE0B9599CF6348B0EAC781225457

Total of 0 tasks calculated error.
