Total of 100 tasks calculated correctly, accuracy 100.00% 
2187234963 17278 50560 7C20F6CF1A09EEE4F40FE6F70B0F070213E4AE0B9599CF6348B0EAC781225457
2191344412 10136 52648 7C20F6CF1A09EEE4F40FE6F70B0F070213E4AE0B9599CF6348B0EAC781225457
2190794026 50708 5017 7C20F6CF1A09EEE4F40FE6F70B0F070213E4AE0B9599CF6348B0EAC781225457
2192889581 11663 46399 5CA645AEE4422E4593561AF05F155E908B3BE28762B9FBFBEC9DAF4794BD79C8
2192306235 27220 62088 7C20F6CF1A09EEE4F40FE6F70B0F070213E4AE0B9599CF6348B0EAC781225457
2191586498 31172 17309 7C20F6CF1A09EEE4F40FE6F70B0F070213E4AE0B9599CF6348B0EAC781225457
2184547314 34960 48815 7C20F6CF1A09EEE4F40FE6F70B0F070213E4AE0B9599CF6348B0EAC781225457
2188899101 26737 51859 1B4EC1824056C471BA52950E2807E0BB701328D1F693C400F1F2EE17F1187A14
2188258191 57500 61023 7C20F6CF1A09EEE4F40FE6F70B0F070213E4AE0B9599CF6348B0EAC781225457
2190026103 7381 33750 014184ABD2B183B95C648FFB29066F9D9207E9447E4F306FFADDDF36EA73030D
2186060582 29925 10388 4AF174B8471E0817AC1C9306D88D0155A3C3F8F0E683B21903CBBE8E9EFB13AD
2191014396 13907 42965 01ADE3AB011727471AB42D891E9055FCB5D59152A7C72F481210BD0388676FC9
2185656837 12880 18215 7C20F6CF1A09EEE4F40FE6F70B0F070213E4AE0B9599CF6348B0EAC781225457
2186459192 1274 52349 7C20F6CF1A09EEE4F40FE6F70B0F070213E4AE0B9599CF6348B0EAC781225457
2190024070 27592 20937 7C20F6CF1A09EEE4F40FE6F70B0F070213E4AE0B9599CF6348B0EAC781225457
2185494649 24338 44305 7C20F6CF1A09EEE4F40FE6F70B0F070213E4AE0B9599CF6348B0EAC781225457
2185996212 13691 32803 61D7A6D0D36A30E206A08DE8299A8E98A6425E85F8A56EB83BBFF3E7ACA3660C
2186090490 53729 37358 2E767D183BA25D42E613AF4A6264A90EE559A98F051C54290CEAD5AA8EFEEE7E
2195123812 41137 39444 A0463B823BC0787E47AE05C8B04D738C0A069E1E70FDF4B23B7844A9BAA1C992
2192791400 46530 7069 7C20F6CF1A09EEE4F40FE6F70B0F070213E4AE0B9599CF6348B0EAC781225457
2191704294 52671 49336 B300486014B60AF7C4636D3472368B63841DA163AC61C6622B6CB75698824CBF
2190918821 9990 33580 7C20F6CF1A09EEE4F40FE6F70B0F070213E4AE0B9599CF6348B0EAC781225457
2187407266 32007 47987 AF249B4C5103E76328C5522024B83CF5CFBA2F6CAC8F0EEE4D13C565067A61A3
2185334835 34072 4496 7C20F6CF1A09EEE4F40FE6F70B0F070213E4AE0B9599CF6348B0EAC781225457
2194072611 50385 51563 0BA423B837729D903EE7C4967DFAD390FFAA62AD15D3E154CE09AF059D652438
2191459353 40868 57762 7C20F6CF1A09EEE4F40FE6F70B0F070213E4AE0B9599CF6348B0EAC781225457
2191153852 53729 10910 9043E94002B176D3DD788DD920FFAFEC831C3084906B9AE89C9335259BC40B23
2193463715 50960 8401 7C20F6CF1A09EEE4F40FE6F70B0F070213E4AE0B9599CF6348B0EAC781225457
2188376563 25437 16390 C6E2C92CC25276ABD0370B3C9E64D4EB8441C5E7D10144C2A791A8BE26149F02
2190812314 6711 44276 AD27245FBF8CD3723EAA92D8F26E726D343159AD3DD90C288025190A3DE40614
2195131046 18406 11002 7C20F6CF1A09EEE4F40FE6F70B0F070213E4AE0B9599CF6348B0EAC781225457
2187424089 42952 46631 7C20F6CF1A09EEE4F40FE6F70B0F070213E4AE0B9599CF6348B0EAC781225457
2187724376 40944 18943 7C20F6CF1A09EEE4F40FE6F70B0F070213E4AE0B9599CF6348B0EAC781225457
2187194893 34543 25337 2A9CD1EDF79BB0B3BAFF06278814CF5B8FFB9E4208E03C8CF4F2D8DF2C005D72
2186505525 27702 874 7C20F6CF1A09EEE4F40FE6F70B0F070213E4AE0B9599CF6348B0EAC781225457
2191936725 29714 65467 7C20F6CF1A09EEE4F40FE6F70B0F070213E4AE0B9599CF6348B0EAC781225457
2186507178 24938 11621 7C20F6CF1A09EEE4F40FE6F70B0F070213E4AE0B9599CF6348B0EAC781225457
2195814609 27645 4114 8730EBBDF9022415243BE6A14FC431FBE44C39EA5FCA0D28E8D6B1AF50DF4E23
2195936198 41431 15354 6C7B56A5284817D4EA0A92E3F11AB99FD16A1AAD857AD5A362491B35450CB2C4
2192451306 5093 43977 07D3C381B611937FBB8EC113455D119496DD097C17DF52F33B603A69AD367A76
2187993812 64594 32396 7C20F6CF1A09EEE4F40FE6F70B0F070213E4AE0B9599CF6348B0EAC781225457
2186008052 35243 51846 A048E1D756ECEE5B510D2C0304AE9CDA3709E3C2CB5DC1ACCD6D1DE6E1B75294
2184663699 33813 3136 B9D5AF91048F9E099A717A80165AD0C0D6B5050CDEADF9F41A3A5F0531C4C48C
2194705978 51448 44563 7C20F6CF1A09EEE4F40FE6F70B0F070213E4AE0B9599CF6348B0EAC781225457
2193327527 52397 39289 54B0B76E6A1B4DF48EBA3DB54203B8FE3C2502416D02CA1623A77E6EC3F9CF58
2194574320 32087 47817 0C24397E86375291D1DB454A8F2C7CC3C81332269E608A2F905EE31DDF21ADB5
2187139989 50241 55700 2AA6B82467A6186186CDABE3356BA375FBE9B99CD4EA73F5A91A65BD30EE982E
2193787320 31635 33779 15BEB6F61D59F74AE451F9A4F79D98689826D3CE961C1F855B7714EC40BEC1AA
2193838993 6291 4297 A9EC569B0547B1AF2926414E48E526494C1821DFAC2BA50DD703B10A8698D302
2185696953 47355 43855 9268128C02153B2CB6E34650445C4A0900953D80C611232032C10D720930B208
2190443181 7064 6096 7C20F6CF1A09EEE4F40FE6F70B0F070213E4AE0B9599CF6348B0EAC781225457
2186267399 35435 21002 9ADA5184DCE98B8835DF7FAC57137BB585D1CCF52A759963AAE427319A5EB697
2190827767 59789 10617 23287BF747EFD2E26E7DBF9101FBE3D900E83E3DDB658279A72FF261C36DB705
2190792869 7680 35516 7C20F6CF1A09EEE4F40FE6F70B0F070213E4AE0B9599CF6348B0EAC781225457
2187952786 10722 63744 7C20F6CF1A09EEE4F40FE6F70B0F070213E4AE0B9599CF6348B0EAC781225457
2189756646 23201 22055 13B266BED08AB96B92A2B49E6ACBBBFEA9E031FECEF276DA963F3EF8F22D61E7
2186787077 52413 44245 1184E2154559170234EC8C5A92FE15F86228FAC9BF54F982F5985572B57C9B25
2190447555 54756 54526 7C20F6CF1A09EEE4F40FE6F70B0F070213E4AE0B9599CF6348B0EAC781225457
2186726838 11990 59543 7C20F6CF1A09EEE4F40FE6F70B0F070213E4AE0B9599CF6348B0EAC781225457
2189150994 52121 25550 B6357A7CD85F6BC39449C7A0510463F32C6CDCC719ECB4ADBED1E6D1355B4DBA
2192323169 12735 38079 A2D4CB9BB7005F788B2C058352BCCA4A95FE69D40E2077BF215C9AD2ECA11D4A
2187258119 29851 54652 BD88CFAB71D20241BDBD479EB8F717E8A6CA5B484D55935D6595DC194AFE2BD1
2185239436 16351 48020 1A1226D0E9BB29E8F2288C7EE114F933798D94A87EEEEF443109C11AA8E6AC31
2192930552 56609 40801 C4416C5FEC01A88A9DE16AF93E31E11CB4F9ECB7DC9A1A39D87697EDEB816FF5
2188193992 33205 47227 281F8B2EEEFF1B21819DC7476E1D64BE37D15B8AB70AC4F1F4207E5305A823A1
2192672730 45949 62873 4E4542DF20A9201D759B92F5C966EDA25D1515F5179F25497957081383B4F7C1
2193282273 60906 56641 7C20F6CF1A09EEE4F40FE6F70B0F070213E4AE0B9599CF6348B0EAC781225457
2185542488 33128 47362 7C20F6CF1A09EEE4F40FE6F70B0F070213E4AE0B9599CF6348B0EAC781225457
2191422340 12832 61958 7C20F6CF1A09EEE4F40FE6F70B0F070213E4AE0B9599CF6348B0EAC781225457
2189701908 43571 53966 11D81884016FDDE7E3F6DB4EDBD61BF28969C39E9A79FDD4DBF9FE090B8F2057
2184502368 8303 62158 E5DE907D861E4897224359B9AF5950BFCD8A197972F902335722D62C4710BDC3
2187255343 17795 6546 03AFD13CA891A38AB0406630E33EB2F42936323374A91F60C8DE10C43E274F9C
2193844867 59524 27587 7C20F6CF1A09EEE4F40FE6F70B0F070213E4AE0B9599CF6348B0EAC781225457
2184902734 37408 20057 7C20F6CF1A09EEE4F40FE6F70B0F070213E4AE0B9599CF6348B0EAC781225457
2195921774 5330 32968 7C20F6CF1A09EEE4F40FE6F70B0F070213E4AE0B9599CF6348B0EAC781225457
2186752529 10954 21817 7C20F6CF1A09EEE4F40FE6F70B0F070213E4AE0B9599CF6348B0EAC781225457
2191320172 20622 54566 7C20F6CF1A09EEE4F40FE6F70B0F070213E4AE0B9599CF6348B0EAC781225457
2185467040 40470 36822 7C20F6CF1A09EEE4F40FE6F70B0F070213E4AE0B9599CF6348B0EAC781225457
2186414324 3919 31873 1750FD708ECE49662A950B285D346ED05D88627465A0004846BA9B8369EE9392
2195757281 30669 18122 D3A3588AB4F359A0DBD6886D3FF48B0AC75B43528E121041FA8ED9B050E16D6C
2186916215 10062 64075 7C20F6CF1A09EEE4F40FE6F70B0F070213E4AE0B9599CF6348B0EAC781225457
2190178798 2577 55316 A6F043E5B21D76F336962B3232B484C2C3AA29B46803409E005DD2B7B458E412
2185958199 27459 48734 6A443C13CAFD192E6584CBBA1BD1AC3908B03AA60D526CE3595BDD2D9A0DBE6E
2186511480 12805 2495 6EB2DF74381E7E2E45CBC7FBB6D474AB61979B7F6C37BEE40356A996F87EFE03
2186815553 14425 14494 28D6BA3F6681BDD2250AAE7AE9FE37B56780B0AFC3B30312ACCCD96EF298BF4D
2191674922 32558 47890 7C20F6CF1A09EEE4F40FE6F70B0F070213E4AE0B9599CF6348B0EAC781225457
2186556159 24789 19914 6C0D7B1BD8F5565179378A6B6F6932320C9697E807E245D8AD82438B4ABF8577
2184996755 54593 8669 647F1F46560CFBDEB82F45E00F4DB6A3380FB81FC61314F88FCC5CED8346039D
2193715178 28656 18806 7C20F6CF1A09EEE4F40FE6F70B0F070213E4AE0B9599CF6348B0EAC781225457
2185235788 28147 50207 A2710C5CA8335473CBFAD80AC3B5BC114AF989224DED8297E3D8DB6BB34BC1A3
2192046185 26701 8205 ABA1D956365E3682BDC7A456654D39413DBCC5B095276692442B01A39D5CA893
2192684590 61465 12827 BF57BD1D184AB81945882C9F53176F692BF4791F3806C15B03CCD4C2A31307F5
2184685800 8250 56588 7C20F6CF1A09EEE4F40FE6F70B0F070213E4AE0B9599CF6348B0EAC781225457
2185370758 38933 36150 7262B33D13B55B6CBA92C3CCF7E62DF206C110DB8FCAD942512258F676D0649F
2194942694 63620 28236 7C20F6CF1A09EEE4F40FE6F70B0F070213E4AE0B9599CF6348B0EAC781225457
2196176730 47141 1183 B4E577B16CB0537B833AD414903FF8AC016B644B535F8A0D4963056AC8A832DC
2192563488 15787 27829 0A99FA587395F9A91180602429EDED55F983B6B2FA61430E53E32BA99BEC5D9D
2188696846 55629 63024 2CA32D5ED62134E802F47E68D4579DF09E7F297023F9DB42FFD3E808B7A56854
2187018240 21077 5696 B3850C40939F40FC2BA2B107AD9F07A1E86241C95CD2A96B19469DCBDDAF9B43
2191014744 20709 44608 F877EEAE46C277B298CFD5564433DC408849327E7062F985DA7474FABCFFC608

Total of 0 tasks calculated error.
