Total of 100 tasks calculated correctly, accuracy 100.00% 
2215207389 12525 22954 3BCB8E5AB49A8EB573E77CFB4D5828BED716D0C2982E175FA86E52726E98F7DB
2210953933 3366 25070 7C20F6CF1A09EEE4F40FE6F70B0F070213E4AE0B9599CF6348B0EAC781225457
2217245914 41534 22587 7C20F6CF1A09EEE4F40FE6F70B0F070213E4AE0B9599CF6348B0EAC781225457
2213438788 577 49660 D130390435BD68C7F539EB074068B7BAB66D00388B2020DC401F513A0B91D1BD
2211950343 65276 6434 7C20F6CF1A09EEE4F40FE6F70B0F070213E4AE0B9599CF6348B0EAC781225457
2218401536 46029 57279 826011A30F5E3977AE3170C003270721B27A202C650FBE44A340FD908B6729C4
2209711375 50193 21300 A16BC40E9CAC96FE9933E9751961FCDF0DAC34ACE0202E2BC20C579F5E9EC8A6
2212489974 6584 39276 7C20F6CF1A09EEE4F40FE6F70B0F070213E4AE0B9599CF6348B0EAC781225457
2208930450 62614 49887 7C20F6CF1A09EEE4F40FE6F70B0F070213E4AE0B9599CF6348B0EAC781225457
2213780796 54807 22036 84C06607642E10F01E3D0CE8733D1B556E3670E3DD0526F0E9E38514CEAEBB15
2213799276 52974 52580 7C20F6CF1A09EEE4F40FE6F70B0F070213E4AE0B9599CF6348B0EAC781225457
2212589716 63178 9807 7C20F6CF1A09EEE4F40FE6F70B0F070213E4AE0B9599CF6348B0EAC781225457
2210206452 10921 59826 5F8AA0C7683E42333AAF409CA05E61C20A5D6BB951C6CA786C57BE5E0616FEA8
2217283959 12416 45972 7C20F6CF1A09EEE4F40FE6F70B0F070213E4AE0B9599CF6348B0EAC781225457
2213280001 40208 56484 7C20F6CF1A09EEE4F40FE6F70B0F070213E4AE0B9599CF6348B0EAC781225457
2213276543 32672 64634 7C20F6CF1A09EEE4F40FE6F70B0F070213E4AE0B9599CF6348B0EAC781225457
2215812706 46377 17627 54A78A3522539DF3D03A93F5BC7CDDBAC819D1AEA14F18A76BAAF616A8B50929
2215551872 37665 13297 A2DE0988425475725CB3D8649FDE44E981BA2E2B1988619EE85922A67A849C8A
2216168216 4425 36815 6E7AAD23C17C19972DB6B623B2EC42E910162936F96B1FAB2DF34C160E546C47
2211649404 16332 41751 7C20F6CF1A09EEE4F40FE6F70B0F070213E4AE0B9599CF6348B0EAC781225457
2211377296 39731 40051 91E566941B320E3B50F42C6D57B7F26B0402B285D134A03E51A7902F40144C8A
2216967161 5826 16643 7C20F6CF1A09EEE4F40FE6F70B0F070213E4AE0B9599CF6348B0EAC781225457
2216981273 10564 42605 7C20F6CF1A09EEE4F40FE6F70B0F070213E4AE0B9599CF6348B0EAC781225457
2215083176 21326 37521 7C20F6CF1A09EEE4F40FE6F70B0F070213E4AE0B9599CF6348B0EAC781225457
2208968694 50180 54187 7C20F6CF1A09EEE4F40FE6F70B0F070213E4AE0B9599CF6348B0EAC781225457
2218260820 62145 29512 6C1D2AE05D8974E51C64C181C533386F92F88F45F46C6431E7B7E3D6A0F61387
2217276258 8567 10224 ACE2C963371CB0F29587631EF89F2331A4A0A359CFD31497E5F73EC6EA5488A2
2219389967 5397 51655 7FE572EE3505BAC2B7688B714EFC24F09E061AFC949287DA6A32B05B0C82A5E7
2211127976 16881 6013 2DD32E02A45A17AB25B9F7BB2184EB9D31DD56DBFB23B501A36A23496409A53B
2210906547 65410 42802 7C20F6CF1A09EEE4F40FE6F70B0F070213E4AE0B9599CF6348B0EAC781225457
2213044994 39265 2102 7B890FD042786BF32EF97230A7501B99531EEFE943E5479D9EB89132DE39343D
2211286768 19327 3373 AB4BBEB621AA3E350735BB3F0B6F5CC76170F4787822B5827C7792A9B301EC2A
2209287394 11623 11285 FDDAF2CC75DD7B828C1344EFDE74C6CBEBD9B3E38F915F8AA61F39E7E3BE24BA
2218380328 63567 13544 5F45BBF06A3D11DC82178E0D69DFFED100AFA950FB796B7AE44EF5C823841A64
2210683115 43162 16978 7C20F6CF1A09EEE4F40FE6F70B0F070213E4AE0B9599CF6348B0EAC781225457
2208829440 58674 49841 7C20F6CF1A09EEE4F40FE6F70B0F070213E4AE0B9599CF6348B0EAC781225457
2210458315 51270 9852 7C20F6CF1A09EEE4F40FE6F70B0F070213E4AE0B9599CF6348B0EAC781225457
2219150259 60478 59487 7C20F6CF1A09EEE4F40FE6F70B0F070213E4AE0B9599CF6348B0EAC781225457
2219010980 58442 13797 7C20F6CF1A09EEE4F40FE6F70B0F070213E4AE0B9599CF6348B0EAC781225457
2218038866 23016 60562 7C20F6CF1A09EEE4F40FE6F70B0F070213E4AE0B9599CF6348B0EAC781225457
2218965230 60340 28033 7C20F6CF1A09EEE4F40FE6F70B0F070213E4AE0B9599CF6348B0EAC781225457
2213545562 37039 43582 A20CABBC1C78C135ECC5F25CB53DFC6BBE92AFCD45EDD4F19991BB445ED2D9C5
2216949353 59413 16551 C55B0977235D9BC86DF4CDBF8B6BF77F87E82A93265C4D7E62D49BE5631687B4
2218503884 46477 33147 0147DB1657FF5C88679E648C95D11B799C000285E3147569756EF4EE4E6042D7
2218499845 28142 14034 7C20F6CF1A09EEE4F40FE6F70B0F070213E4AE0B9599CF6348B0EAC781225457
2209748932 17775 42717 1A835D744DFFF0D38F6FBB9940F2AEFC44A8451FEB0A42DB75BC98A06514DEE7
2216964338 6555 8173 D33EB5A23BEFC9B23EF4E542F616A6145AECD8FAA01DDB4F07A4A00F1B3E87AE
2214253593 15083 53878 097DB54CAAB3196BC83BF43C56E258D89DE8037C219D1ABCF8F6D8A20FDB7DD6
2215093370 39171 43349 3AFFD58B1DB12E1E6CC58E7946EAF7775A7F456898DC9CA91A7E243F19F03B73
2215763447 62498 8562 7C20F6CF1A09EEE4F40FE6F70B0F070213E4AE0B9599CF6348B0EAC781225457
2218256650 24589 42941 11675541FB2A1D89835E303B124D7FDABCD01B3184D0C746021122943984434A
2214747937 20605 21748 0A80A1E949C32EC5A727885B25957849E4C4480F077A31CA8306DCC22F86326A
2217680297 4628 7977 7C20F6CF1A09EEE4F40FE6F70B0F070213E4AE0B9599CF6348B0EAC781225457
2210507833 18571 5769 30A3FAC0B4BF4ABBAF30C6DDA442FB9750EABA88CF8586A895EEC4520F52E211
2209524766 33289 10776 FAF0616D7D91A71C9697A624A456F199A55BCF7ECEF8EE7B747E90671A761D19
2211986742 59159 37194 9ACA61DCB5B2E3B4944EA0ECA2CDC438B2894A13BF54B5642D5FD62663A0FF26
2218994849 59261 7889 89F51A35D47CD2005707C933827ABABF2966432DACD5E7DAE78727DC425A24C4
2212136665 43337 13635 81D7EECF2F9094FBB4568F98ECF721770DB03063A1F70E4BA3DD897BE958BEC8
2216391441 29126 39613 7C20F6CF1A09EEE4F40FE6F70B0F070213E4AE0B9599CF6348B0EAC781225457
2213853820 4619 38498 3CEE10AAE035F32A18C72F498331D24B0F2E552F06588083D44386129AA3F6B0
2210721952 8359 55285 784521E33E47FB3E87E51F57585B565892F9FEB79ED0887D9DC4B3C6584DB38B
2216488266 29040 27170 7C20F6CF1A09EEE4F40FE6F70B0F070213E4AE0B9599CF6348B0EAC781225457
2216781296 59684 47163 7C20F6CF1A09EEE4F40FE6F70B0F070213E4AE0B9599CF6348B0EAC781225457
2215386451 51383 50226 6F15F62160C4D74C8A769B12CF7ED39BA0165251587849AD8812D196BA7B4EBA
2209805741 19037 50237 19D6DB3D2E8FB4FA959088A487D405DF9F0AF1E7E2AF3B384AE02A95F93FFCFA
2213012581 64985 59714 A424083FD88723B06FAD03692C1F2C12FBE9CBF55B2CF58FBD7238C560491184
2210143539 41513 61194 F926CF24B839AF32ED0E3876D4B1FD9A425F9DFCF5499CA10345E3AA2CA2FD88
2219326353 63575 8450 C4CFEB9644F7396E483D7B2BD11C232DEC8EBE447B9DD4E7DEB3D51811AD8D80
2211156877 11632 27288 7C20F6CF1A09EEE4F40FE6F70B0F070213E4AE0B9599CF6348B0EAC781225457
2210122102 3487 46588 DE995A107AA078B9B3825F17F7CC8D793FA9E9A83A41AD776F3DEDB08BC165EF
2215340303 61817 28987 71B54096CBE47266AF1CF3F8AACEB2971AD8A1CC2A963B3FB0D237E0E2F6042F
2208512893 54398 38620 7C20F6CF1A09EEE4F40FE6F70B0F070213E4AE0B9599CF6348B0EAC781225457
2209743052 1407 23451 0937EA460E3DB940530935C379BFD526C01FE2E53674F3E246CDF0DA26373976
2214679945 44881 34709 92A47D083FE982AF59865B7D64A730CF70B991C5325C8FF92A8E2E7EA2660F3E
2209398396 47220 49891 7C20F6CF1A09EEE4F40FE6F70B0F070213E4AE0B9599CF6348B0EAC781225457
2210334660 7744 21418 7C20F6CF1A09EEE4F40FE6F70B0F070213E4AE0B9599CF6348B0EAC781225457
2209520340 38744 60562 7C20F6CF1A09EEE4F40FE6F70B0F070213E4AE0B9599CF6348B0EAC781225457
2220159714 4739 15926 E4D364273B9E79C83432D55C5F43603C32500B6A0A6AB8F73469CF44CA3A1726
2213593670 64036 4034 7C20F6CF1A09EEE4F40FE6F70B0F070213E4AE0B9599CF6348B0EAC781225457
2216139446 38280 14282 7C20F6CF1A09EEE4F40FE6F70B0F070213E4AE0B9599CF6348B0EAC781225457
2210042792 41889 14922 2DB8A06A76AF92735D8D87897B212333DAA3A36B8FDC0B4470A992EEF1984C3F
2216709135 23572 15905 7C20F6CF1A09EEE4F40FE6F70B0F070213E4AE0B9599CF6348B0EAC781225457
2215825616 40254 33855 7C20F6CF1A09EEE4F40FE6F70B0F070213E4AE0B9599CF6348B0EAC781225457
2218278526 62905 23277 0DC3667A4EA3D7547EB867EB554B3E12F5678B2D4710253123C538452DEB62BF
2211221410 16380 56750 7C20F6CF1A09EEE4F40FE6F70B0F070213E4AE0B9599CF6348B0EAC781225457
2208977646 29940 63223 7C20F6CF1A09EEE4F40FE6F70B0F070213E4AE0B9599CF6348B0EAC781225457
2218663676 11071 38869 0749C14D51E13C87F49518671B41FE9AA6A8D5F4BD60951C3BDF5FD07101E44D
2212328635 4024 27114 7C20F6CF1A09EEE4F40FE6F70B0F070213E4AE0B9599CF6348B0EAC781225457
2208867437 60466 51809 7C20F6CF1A09EEE4F40FE6F70B0F070213E4AE0B9599CF6348B0EAC781225457
2215804822 47533 13991 1BE46DE82C29BA5B115E61E0FA9A9947FA377772CD92CEDD7C2B5EB3F7E009FA
2209582093 33142 34694 7C20F6CF1A09EEE4F40FE6F70B0F070213E4AE0B9599CF6348B0EAC781225457
2216344575 54084 25612 7C20F6CF1A09EEE4F40FE6F70B0F070213E4AE0B9599CF6348B0EAC781225457
2214783550 65475 54674 B299273189383F9E42D6D746B522F9A5D4D55907B3C652427527D6B6112C92D2
2210742543 34697 14648 9BB34244A4C7B07FD9CDACEAF8909B77B3815F7B6706F1933D6BC7EDFB981205
2212406913 30272 35702 7C20F6CF1A09EEE4F40FE6F70B0F070213E4AE0B9599CF6348B0EAC781225457
2214017693 16091 2246 E70A8E839018EA7ED74451998927EB8A44F620B23F7F48ED78BA158DDCCDDE6C
2209649823 60284 18535 7C20F6CF1A09EEE4F40FE6F70B0F070213E4AE0B9599CF6348B0EAC781225457
2217911920 21526 32606 7C20F6CF1A09EEE4F40FE6F70B0F070213E4AE0B9599CF6348B0EAC781225457
2218748112 62125 54068 15F2536DFF9DBDD3B06DF5F891049AA78A5D22BCE552259BF62A98A61A045B9A
2211124129 49555 14789 7A2F52DD31E7DB726789CC0EB4D8E3778B69B269A13D510B9ADA9543798BFB28

Total of 0 tasks calculated error.
