Total of 100 tasks calculated correctly, accuracy 100.00% 
2223769326 45022 25372 7C20F6CF1A09EEE4F40FE6F70B0F070213E4AE0B9599CF6348B0EAC781225457
2222731216 62184 30082 7C20F6CF1A09EEE4F40FE6F70B0F070213E4AE0B9599CF6348B0EAC781225457
2228298030 25659 8185 8FE3E546DD1045C3DEAADEE333A19724FFDF16CACEE1BCAE3A83B27F6A2EFFB2
2232019120 22338 35145 7C20F6CF1A09EEE4F40FE6F70B0F070213E4AE0B9599CF6348B0EAC781225457
2227180783 44154 43195 7C20F6CF1A09EEE4F40FE6F70B0F070213E4AE0B9599CF6348B0EAC781225457
2230276500 36937 52974 80CAE694B89988804366097AABF8B33DC7EA7EA6CDA5D874E1B5CCFD85D298F8
2230074816 30073 24039 95FB4CB6E46B9B51ED0654C1756974AB8E727392653D526B64EA8A1D374E8C43
2221940270 1808 20916 7C20F6CF1A09EEE4F40FE6F70B0F070213E4AE0B9599CF6348B0EAC781225457
2222654920 62282 23245 7C20F6CF1A09EEE4F40FE6F70B0F070213E4AE0B9599CF6348B0EAC781225457
2228334847 60463 56308 88B80A8D12AA1D3E0E549A4149DC8381F3A866C05690863FE871D66FE96736D3
2225892450 336 14653 7C20F6CF1A09EEE4F40FE6F70B0F070213E4AE0B9599CF6348B0EAC781225457
2221137364 47478 28366 7C20F6CF1A09EEE4F40FE6F70B0F070213E4AE0B9599CF6348B0EAC781225457
2230422893 6777 37868 60B63B0D4CDD1AA1557BADD99B1ADB113AAB257CA0AF01AA9CD801445F50CB18
2221594710 60722 54245 7C20F6CF1A09EEE4F40FE6F70B0F070213E4AE0B9599CF6348B0EAC781225457
2230971345 61693 17814 4A9A54FAE8F07221D777EFB400AFF4CA03EA73F52313827F84CAAD8948A07509
2228269300 45962 22801 7C20F6CF1A09EEE4F40FE6F70B0F070213E4AE0B9599CF6348B0EAC781225457
2223771357 46991 2534 B617A9AF3935E89CE6B018EC0D39F56BCD153EC03532D06BA278EB519C88AFC1
2227304669 55525 48853 1EE4E572E05DE5EAC85011BF2546A4CC67D5CAEDB4179207385F2994A6573278
2223991332 18195 30063 F54F961807DB9212A58914CCA1FF998264F24F0B18D47976AAA219468E8FF7E3
2225583687 23898 22219 7C20F6CF1A09EEE4F40FE6F70B0F070213E4AE0B9599CF6348B0EAC781225457
2223524510 6562 5951 7C20F6CF1A09EEE4F40FE6F70B0F070213E4AE0B9599CF6348B0EAC781225457
2226793269 42274 37151 7C20F6CF1A09EEE4F40FE6F70B0F070213E4AE0B9599CF6348B0EAC781225457
2230986486 29672 30086 7C20F6CF1A09EEE4F40FE6F70B0F070213E4AE0B9599CF6348B0EAC781225457
2227990684 37808 24886 7C20F6CF1A09EEE4F40FE6F70B0F070213E4AE0B9599CF6348B0EAC781225457
2220846650 59777 47697 53B01533ADE744C02A4E354FEC3C7E6A4AB7E80711977661D9DDC098261FB941
2232194037 55593 61691 2E526DF620243846F056D71920FB50DD88C244CBC9D279145D2734DAB3F717FC
2221037934 48466 51861 7C20F6CF1A09EEE4F40FE6F70B0F070213E4AE0B9599CF6348B0EAC781225457
2223426668 20794 57161 7C20F6CF1A09EEE4F40FE6F70B0F070213E4AE0B9599CF6348B0EAC781225457
2227752394 46065 12457 12DD6A14D179CE5B509C4FB17EE7EAB7C31EA5CFF299F42690F86F26F8EA7E8B
2225402882 54373 46935 01BA676F62518FC3CDEC75F2B7C3FA1E4D8B101DC0E164120E2820E0350FC89E
2228506018 2735 63720 339F6A088C7707E3EF6579DB261D08AC52128BC018F1FCE0B265B11F466A9A56
2221401446 55160 35268 7C20F6CF1A09EEE4F40FE6F70B0F070213E4AE0B9599CF6348B0EAC781225457
2222089072 1097 30697 E32A8377AEC1969C7C9C702AE8175BCCF5E6B95087ADEE64356E373ADA07AB72
2226267964 63302 27185 7C20F6CF1A09EEE4F40FE6F70B0F070213E4AE0B9599CF6348B0EAC781225457
2222578772 26091 42505 5A15482FA1C2C998D0D32A166B7A84600B422C7D51FBBA8891A4EA8A55038F66
2220754689 49876 65451 7C20F6CF1A09EEE4F40FE6F70B0F070213E4AE0B9599CF6348B0EAC781225457
2229098605 15055 52604 8F63582E8F805AF37FF33E03947331B2E85DC103DB4B12DD32548634C805CC10
2231527454 48385 27862 154ABEED504DA48200737D6840C2AD5334D7560EE305B1D3C00DAD78BACC8AC9
2230296080 25018 25070 7C20F6CF1A09EEE4F40FE6F70B0F070213E4AE0B9599CF6348B0EAC781225457
2222267900 46079 41256 28E54992EA46279374E64F36E002CB47EAE676F199DEC929A68150F0A95CE1FD
2223867016 699 40443 608F9347E5315830F921EF95FC6E3E30867E03772562960FFA3918CC48404BE7
2222687259 8609 59966 9CC0EE02B652B694B9A0B845A367E651EF9AD28528F638DE0BE12D9C1E646CCD
2228927073 56785 64430 2749EA8303FE39954988EA21E8675A228AD950B9CEC795DAF643C9D6849517C0
2226136811 27470 18495 7C20F6CF1A09EEE4F40FE6F70B0F070213E4AE0B9599CF6348B0EAC781225457
2228995627 9135 36484 0F8DC8A2EFBB63D996B34D55640A156DC8CFDB60B8226ED55637D5E348F2CF29
2226972240 56839 42112 2DA3F810DC27A936325A3C1D49D421ED1B29B6590EAB4D250B1A5C97B95A2BCF
2226474866 4758 43072 7C20F6CF1A09EEE4F40FE6F70B0F070213E4AE0B9599CF6348B0EAC781225457
2220669727 8272 61461 7C20F6CF1A09EEE4F40FE6F70B0F070213E4AE0B9599CF6348B0EAC781225457
2230162390 53907 7734 03F728F7575E1562D033AF811D8DF4B7FE386E984D192975075BEF4B1D5BB85C
2224206424 48254 46972 7C20F6CF1A09EEE4F40FE6F70B0F070213E4AE0B9599CF6348B0EAC781225457
2221301792 52928 19338 7C20F6CF1A09EEE4F40FE6F70B0F070213E4AE0B9599CF6348B0EAC781225457
2227781657 50524 45841 7C20F6CF1A09EEE4F40FE6F70B0F070213E4AE0B9599CF6348B0EAC781225457
2224024582 6316 22422 7C20F6CF1A09EEE4F40FE6F70B0F070213E4AE0B9599CF6348B0EAC781225457
2227924232 61889 43587 D6BB834D4AA36901389368F7E37125ED7C62686B50260BB8E316E2A2A080180A
2229006749 33397 58558 BE9C78A3D99201E154481D25F96AD5B713EABA2E51326A55EC3CAB450E43FE41
2224754207 14195 59299 FFAD6BB0296E9B573610C92CAE51DEE08E0B15FFF84914C722602B1BE582DA02
2221919543 26539 4199 F8F3CE635E386EF46B56EADE80E98321E26C91833FE07A04AB5FC4004C79872E
2225999640 46607 7661 C561B7A033944A413F29C2810F5BCEAD58299908BD51B077F5E69EF63321F645
2226903647 47061 14275 2046B5D8B6B45997BB0EC5B18F562DD887B783286CC52117E5E402BFC34A8D36
2224811879 48802 7522 7C20F6CF1A09EEE4F40FE6F70B0F070213E4AE0B9599CF6348B0EAC781225457
2226470237 63785 38234 D06FCD50829723D812BA1841BB10072C904F46C3A1577F85826CAA78BC484455
2225169696 32318 19007 7C20F6CF1A09EEE4F40FE6F70B0F070213E4AE0B9599CF6348B0EAC781225457
2229497282 53801 58675 0B231D03914C6341668D23066914091030F0317534506F18ED0E907648A39A41
2228575788 41662 48701 7C20F6CF1A09EEE4F40FE6F70B0F070213E4AE0B9599CF6348B0EAC781225457
2226788108 38655 39334 6BA2496B43D2CDB0F91BF0B2CDB8D4735362BD91B722130294D35EEB16F66491
2227879892 30900 40906 7C20F6CF1A09EEE4F40FE6F70B0F070213E4AE0B9599CF6348B0EAC781225457
2229210855 15569 62867 B7E06DC6BD95D80E018C56E400A18706BD8924DEE3A86645E5C4966635C8057C
2222380489 25970 59805 7C20F6CF1A09EEE4F40FE6F70B0F070213E4AE0B9599CF6348B0EAC781225457
2221363222 46125 44031 244A09988F6F764150B31AB6780E515CB4E5F1F9F930EC9168700C26B2B92E29
2229583085 2515 26374 C7E6688039934C22BF2FADB290B27E382D636C832B689CC28768232367C6DFDE
2222104883 10757 16881 40B67D88E298254AC0002F28DAB7C46BC15B26D7C5D983EFFB3895A8E8DAC135
2228913186 55135 44633 6A3CF02C2C733A183911E04DEDAD36776C6ADEC213D0329BD5BC805A6F478CE8
2228375232 65008 48457 7C20F6CF1A09EEE4F40FE6F70B0F070213E4AE0B9599CF6348B0EAC781225457
2221012612 62572 34236 7C20F6CF1A09EEE4F40FE6F70B0F070213E4AE0B9599CF6348B0EAC781225457
2230896316 12154 1940 7C20F6CF1A09EEE4F40FE6F70B0F070213E4AE0B9599CF6348B0EAC781225457
2229650898 32381 55115 8422EA5B86DFA065BEB32A03E9A4F7498C263869B2ED54D6B5870027116C201F
2222083722 11434 32385 7C20F6CF1A09EEE4F40FE6F70B0F070213E4AE0B9599CF6348B0EAC781225457
2224287136 53856 61337 7C20F6CF1A09EEE4F40FE6F70B0F070213E4AE0B9599CF6348B0EAC781225457
2226449051 6342 53798 7C20F6CF1A09EEE4F40FE6F70B0F070213E4AE0B9599CF6348B0EAC781225457
2226244439 43245 50106 215A5BBAB5201855AAEB0FFDEB9345C776B55A7BD83A9AEB46AE80D219B60F71
2221034593 12024 33072 7C20F6CF1A09EEE4F40FE6F70B0F070213E4AE0B9599CF6348B0EAC781225457
2232036205 5127 62947 5B2E1079462353A5A27644DEE6774DE125B9C468A1255884FA7E7C7F06EF144E
2231885959 55750 58998 7C20F6CF1A09EEE4F40FE6F70B0F070213E4AE0B9599CF6348B0EAC781225457
2225850839 33002 54675 7C20F6CF1A09EEE4F40FE6F70B0F070213E4AE0B9599CF6348B0EAC781225457
2229497197 39934 35556 7C20F6CF1A09EEE4F40FE6F70B0F070213E4AE0B9599CF6348B0EAC781225457
2230194411 35356 65270 7C20F6CF1A09EEE4F40FE6F70B0F070213E4AE0B9599CF6348B0EAC781225457
2227297403 64102 43382 7C20F6CF1A09EEE4F40FE6F70B0F070213E4AE0B9599CF6348B0EAC781225457
2221202002 4403 19734 40BE66650BACB1640A6CB3DD1B838E7A7EF7C505FA311272C1B4D84A28F7069A
2225021248 48192 6682 7C20F6CF1A09EEE4F40FE6F70B0F070213E4AE0B9599CF6348B0EAC781225457
2229923497 23485 3376 3791864988368B50A8F57DCB255C6165183F493A68560C95A36D818F022E32CA
2221297002 10945 35585 6BBACB7388CBEB17203FE73E6972BBE261363037C00C2BC66C01E20A2CB7E748
2227430042 27616 35293 7C20F6CF1A09EEE4F40FE6F70B0F070213E4AE0B9599CF6348B0EAC781225457
2223530877 3193 45763 B2DD159566A080AC8031A6413F87CC7506FFD2B63921AA0CD382BF9FB1D0873A
2224232863 2215 50717 C106690F3557C03AB5D53C982BD0E7E1ACFD71101F5A39F9FD233B6E0C5483DF
2221435883 6699 56287 F69AC8CF2B590E20AFE10176E90A15763956D8D037946D9AC292AB7872FB0FA8
2230592224 5606 25803 7C20F6CF1A09EEE4F40FE6F70B0F070213E4AE0B9599CF6348B0EAC781225457
2224362273 8835 26353 FF2B2971C621292F8C9096851A50F145194D61A36BE8A6F77ADAF0968850CA84
2228751255 21985 53145 3E38BC2CAC89C1EF7F51C428324363FCB2D6A13B87046ACF3CABF2F37C78FF04
2226548290 58541 28626 F235BEA885E765AEBF6EAC8771A05940461EA3BCB8C83FB516A28147DC510F1F
2230904986 27411 35403 9F889E6A020B36306F98B37068E36F8CB98A42A6959A23386EF09779FA294A1E

Total of 0 tasks calculated error.
