Total of 100 tasks calculated correctly, accuracy 100.00% 
2256292069 29063 21745 D795C22C149BBC91C28654405284C998BC84B113A2E7E7B0D222730578907568
2244630424 10798 51671 7C20F6CF1A09EEE4F40FE6F70B0F070213E4AE0B9599CF6348B0EAC781225457
2244890413 34942 46050 7C20F6CF1A09EEE4F40FE6F70B0F070213E4AE0B9599CF6348B0EAC781225457
2256028165 47162 17580 7C20F6CF1A09EEE4F40FE6F70B0F070213E4AE0B9599CF6348B0EAC781225457
2254960927 49237 2957 90ACEB79679212BC90AD5B53EEDDE0E92A21260DA45E9F50F32BFC5C04D7325C
2249702629 17497 60718 6318156CE282EBFFDADBA45FF20B64DEA99DE76BEBB45BA567655B40B20BD77E
2248144798 27980 20131 7C20F6CF1A09EEE4F40FE6F70B0F070213E4AE0B9599CF6348B0EAC781225457
2247251710 6897 16355 8F71CAB84F6844422F66F32FE430B8B33CD58ED2DA3128A84F4834D599B8E58E
2249995082 46808 61162 7C20F6CF1A09EEE4F40FE6F70B0F070213E4AE0B9599CF6348B0EAC781225457
2244654760 14252 51984 7C20F6CF1A09EEE4F40FE6F70B0F070213E4AE0B9599CF6348B0EAC781225457
2244710229 37352 34511 7C20F6CF1A09EEE4F40FE6F70B0F070213E4AE0B9599CF6348B0EAC781225457
2248934575 40405 4390 716850D5296DC804BA5AEAAB5343F24963C96CBE3C5334F8B50D5F5B11170E54
2253642160 52025 62784 2A66621A4F83B087F52A7FF5E44EA6F0F5202E92DB78CEA2D91717271D2963A1
2248687051 31441 58411 DE5A980483946D7E6795E02B0715FA82467B92388F0B941EB2551141B4A3C1B9
2249938101 64556 36136 7C20F6CF1A09EEE4F40FE6F70B0F070213E4AE0B9599CF6348B0EAC781225457
2248817702 42418 8670 7C20F6CF1A09EEE4F40FE6F70B0F070213E4AE0B9599CF6348B0EAC781225457
2252697276 21351 52331 515D81471151F19FE7F5A776B706C63E575A4E30A6EAB702445C00F685674E34
2256077253 51453 18074 6251B349B7A16E91223B53A9906D8BB7EFE8558094C8B9FAFDCDA54838E015A6
2254865330 23151 4802 78D7CB7269D0EC828F0613314B9CA6D55236A9B158A48763BA9C8F737B6B7BE6
2250512359 63374 41199 7C20F6CF1A09EEE4F40FE6F70B0F070213E4AE0B9599CF6348B0EAC781225457
2256198785 1492 7922 7C20F6CF1A09EEE4F40FE6F70B0F070213E4AE0B9599CF6348B0EAC781225457
2247892250 20830 61808 7C20F6CF1A09EEE4F40FE6F70B0F070213E4AE0B9599CF6348B0EAC781225457
2252892868 52392 50498 7C20F6CF1A09EEE4F40FE6F70B0F070213E4AE0B9599CF6348B0EAC781225457
2248276790 52459 46826 DE33174CE16A5C91D8B20168F6124F34D27049989FD53930E48FE03167244667
2246044636 29249 23745 790DE3AEBCC0C24EA2EBEFC75B9F41AE0FD068B779304040EADFBE55301E7A1F
2252627778 29689 52039 60559DC903F8AF79ED148F08DB792B347BC1B4D2915CCBE32F6F722892803F95
2251090966 16058 59380 7C20F6CF1A09EEE4F40FE6F70B0F070213E4AE0B9599CF6348B0EAC781225457
2252694989 14212 43388 7C20F6CF1A09EEE4F40FE6F70B0F070213E4AE0B9599CF6348B0EAC781225457
2245290518 49108 64907 7C20F6CF1A09EEE4F40FE6F70B0F070213E4AE0B9599CF6348B0EAC781225457
2253392608 63755 46131 288106F71290E852B817A7C1D5106C404369B737CF7593238D41859EEB66FBD2
2253040933 28111 58646 F24C2B30256FB9DE3927172802298F8D52CC79213D10380088DEAC2127CC6B9E
2252478617 32148 8871 7C20F6CF1A09EEE4F40FE6F70B0F070213E4AE0B9599CF6348B0EAC781225457
2247882154 36188 9693 7C20F6CF1A09EEE4F40FE6F70B0F070213E4AE0B9599CF6348B0EAC781225457
2250769132 46567 43550 73291EBCC598FFC52F2EDE2F6D462584F5A3F7CE5D1D21DA996EE5E0F76B5326
2252487218 54032 32698 7C20F6CF1A09EEE4F40FE6F70B0F070213E4AE0B9599CF6348B0EAC781225457
2246724846 54703 11356 81DE9A0B0AD9C4EE5731CC42192F8FED9BAE9C36F1124690AC98075BFA20E61B
2249124684 28733 58413 FBD2DB3B605A83703BBC7E9A65155E651C7D95D049508F00ED0A7404F61B537E
2251634121 9644 38348 7C20F6CF1A09EEE4F40FE6F70B0F070213E4AE0B9599CF6348B0EAC781225457
2253038019 14990 61837 7C20F6CF1A09EEE4F40FE6F70B0F070213E4AE0B9599CF6348B0EAC781225457
2244554711 52750 3842 7C20F6CF1A09EEE4F40FE6F70B0F070213E4AE0B9599CF6348B0EAC781225457
2253951371 11757 11129 EBE1DCC93866F37F4D407F62EE7D7F10A4BE490AA36BBE494E97FC42034D388C
2246586499 11101 43754 08779F7C42ACA85F18212F68F223F5B24999E2E0955F33DCA8A90A8B03C5D06E
2253548568 22044 12846 7C20F6CF1A09EEE4F40FE6F70B0F070213E4AE0B9599CF6348B0EAC781225457
2247333105 41151 34149 D5C4B59FBED541C66D5743913E3C093C332C93A5FEEEE3104B0C69D74F32809F
2247843664 15991 50653 DBF2DA9819A842CB62B1C3841B7ABECDBB0C8D8D5002B2EF1FD759BA2160FEF7
2247922411 45730 28265 7C20F6CF1A09EEE4F40FE6F70B0F070213E4AE0B9599CF6348B0EAC781225457
2247243242 64747 60328 EC9FA29E77AA75579ED5C9FD03AA1009145E5BE2CB8F7652714B388E215EAB23
2250984110 46937 61338 02D5196DD967EC63B5730FE7C954A6ABE5B83AE41178E641FF62F3F90F452451
2245505125 64417 1780 E4642DC4BAE1A1BCCCE1294C94FB6336622C68E10B9C32F266D522196A3851F2
2246674559 22924 42868 7C20F6CF1A09EEE4F40FE6F70B0F070213E4AE0B9599CF6348B0EAC781225457
2244508040 54241 59539 9DA22FD8C746EDBD9674D3CD1A8CAF79F8A381044A5A626C3125E98AB3EAECA4
2256198824 40410 42481 7C20F6CF1A09EEE4F40FE6F70B0F070213E4AE0B9599CF6348B0EAC781225457
2247360452 54316 3639 7C20F6CF1A09EEE4F40FE6F70B0F070213E4AE0B9599CF6348B0EAC781225457
2254043667 36020 24132 7C20F6CF1A09EEE4F40FE6F70B0F070213E4AE0B9599CF6348B0EAC781225457
2247376351 49764 26724 7C20F6CF1A09EEE4F40FE6F70B0F070213E4AE0B9599CF6348B0EAC781225457
2245241682 60009 42890 93103E9A1911F07B7AAF398AE2E8F6B513E7D2E221D8C58D549EAF52D1494EA0
2251922564 17376 59631 7C20F6CF1A09EEE4F40FE6F70B0F070213E4AE0B9599CF6348B0EAC781225457
2254668389 28609 23612 9A6A64C1E3A1E69F89CCDAA55C5BA5C26419A0C70245EB8AB84809B98B4743D4
2254838784 16925 58422 010EEC8A7AD53A6C13DC6AD8A96AE517A114787F87F81A69D3F81C319758FAB1
2252070013 48681 22477 63EFDCAA9AC5CF1879E38747E7183D1DE52913775FFF0B2BEBE07560A42D3954
2248903454 39005 44749 6EA12831FE7903BB6002813F586B4BE3A2BD3447B4AEE4A1E41022E36A075B30
2248714290 25851 11846 A730B8C9ED6273F8F6B265E758438E02487C6F32DCB320B43BA58B804F306380
2254562823 54371 7103 604A1ACC50A94DF06E1E0DF98B7296D33F535D72DD0C668286BEB16B326EECF8
2249222903 57113 19590 F4B26AC79794D53F91FAA801FEC14AE604A4697C85CCF0CCD783F5EDF0BAA0C7
2247812304 46435 25526 DE3AF5697DE876BE9FF96B40E320009C7592522B79FEA6EF223A936F328A6BBD
2254112433 25487 52417 EC447ACAEEDAEBE9F1742B504757DF08FBE07D2A751D08141F6E97B84C7174DE
2252237916 52860 64726 7C20F6CF1A09EEE4F40FE6F70B0F070213E4AE0B9599CF6348B0EAC781225457
2252577616 39166 254 7C20F6CF1A09EEE4F40FE6F70B0F070213E4AE0B9599CF6348B0EAC781225457
2250505038 4759 41311 9A41E548662C2689324E43761676CC2676414FCF67037F85139D22B5B6EBFE78
2245755633 36283 34017 FAAFB104D7458611E228C2E0A8FB24B1AF2DB1C854661236174C71FDAA0A8933
2248760803 58797 60601 DFF458075E016650BC3B20451DEE62621EFE6545974CC564D64B9FE97C5C70A7
2256307939 41997 62858 811A06D8746EDD1FE4875991E6D7F1A5DC989C3F6CA64ACB9657085B253C69C2
2246292740 27249 25067 55F4E02955E01E978A1F6CABB24C5E0E4D2AE50195E3B8F283EB5C9762B707C6
2256073132 45312 6413 7C20F6CF1A09EEE4F40FE6F70B0F070213E4AE0B9599CF6348B0EAC781225457
2256335937 2885 31029 A07657F2F2141CB78AD1AD562D3ECE2BBC5F6CAFB49C0F6B68A09ED247D9826A
2247349112 18815 42435 F9E4C538EE808AA517F8E27D97C0A5A151174A3B6EB3A5067F4B235443F5994D
2244875554 24601 41618 1E9CF5A8F1EB873D10767611514E30BC7D3F144E5A0A4B7A6E1D17EBAA8ACC4F
2255599956 47342 31567 7C20F6CF1A09EEE4F40FE6F70B0F070213E4AE0B9599CF6348B0EAC781225457
2250460675 46320 17587 7C20F6CF1A09EEE4F40FE6F70B0F070213E4AE0B9599CF6348B0EAC781225457
2245646323 19413 37530 0F72407388644F5B6214D80849DD1CFE8CEC2322EAA5048E2AEE98B1F25A4717
2247689143 48207 32474 1E59F119E5E037C966F8F5E3BC846F0575601C2128318E8F2C6F3821A31E1512
2254637752 31326 37977 7C20F6CF1A09EEE4F40FE6F70B0F070213E4AE0B9599CF6348B0EAC781225457
2245469841 18535 20283 BCC9A77B177F9BB92F3B1893DDCFECD4C124887DC50654AFF15582A96400BE23
2254615716 17779 5630 F77AC200A5EDB230190BE584902E2975A6297F829FEA68E771C0DDBC1CA71A8A
2254235712 65487 57939 B42CA204E0476B8C829B0A8967CD55E4B3820A6243DF1D43F17D7393DEBB3E3E
2255852029 44407 17903 82ED3A5D9A00B924A94452D8710283733815ECD8207E9A15CE012F45CB550290
2247309758 23392 54411 7C20F6CF1A09EEE4F40FE6F70B0F070213E4AE0B9599CF6348B0EAC781225457
2253595152 63154 5242 7C20F6CF1A09EEE4F40FE6F70B0F070213E4AE0B9599CF6348B0EAC781225457
2251304711 32778 39497 7C20F6CF1A09EEE4F40FE6F70B0F070213E4AE0B9599CF6348B0EAC781225457
2253429996 44005 60270 8D3DD2C920D5E6C30A96D69AFCCB2505B97E22F03562E60ED292076461AA40A5
2246561868 60464 65078 7C20F6CF1A09EEE4F40FE6F70B0F070213E4AE0B9599CF6348B0EAC781225457
2251067909 46258 63726 7C20F6CF1A09EEE4F40FE6F70B0F070213E4AE0B9599CF6348B0EAC781225457
2247020806 22607 19503 D80706ED816FDF334D3B7E1EB6A4065486B62F8DF81BE3FB37979D949761082C
2250073700 27387 20107 F7010FE32CC1BAF7DA4AEBF9E6E11BB8A2644B07D32CD543127A325D575079D5
2245426448 36603 42349 96BA43346378FCB2A20666E809BB3B24B0013026B52A942091C981833C7F35A1
2252944428 10061 38632 AED6A4B44C937561DB2ABD03E10A58C98225F444570214826CD6E8CECFE1B48B
2247913086 4241 51962 9FCF42C44D305642BA345210B606392F09221F26C56DEBE97D85FC5F6AC0CEE4
2245410170 18164 31132 7C20F6CF1A09EEE4F40FE6F70B0F070213E4AE0B9599CF6348B0EAC781225457
2244483921 18532 56730 7C20F6CF1A09EEE4F40FE6F70B0F070213E4AE0B9599CF6348B0EAC781225457
2253386512 57283 53143 03A834474DED9784B332E703C6CDB5D2D7BCE0778815B433C2F9BE64FD11EEA4

Total of 0 tasks calculated error.
