Total of 100 tasks calculated correctly, accuracy 100.00% 
2264867933 25571 28108 75B65F7D2514CD485DEEEC60D6730382EF5190E51D26231108C18BECB1D4B59F
2259539615 22294 59699 7C20F6CF1A09EEE4F40FE6F70B0F070213E4AE0B9599CF6348B0EAC781225457
2264211308 25794 10705 7C20F6CF1A09EEE4F40FE6F70B0F070213E4AE0B9599CF6348B0EAC781225457
2261761828 53159 44475 0C369426557B23D573D37897E6D0DF1F691A2FD3981502ACCCE2D1B4F744C7E9
2262463209 46603 52079 431E8976996368DE7774A3F3AB32A24ADC0D69434E107189FFACD597AA1F284D
2260295490 1606 1569 7C20F6CF1A09EEE4F40FE6F70B0F070213E4AE0B9599CF6348B0EAC781225457
2256509624 20985 28083 CE011F96FC2EC199063C948E0F88C6601F8DFB67F3D12E8B6A657300E8A57347
2258168561 24204 57037 7C20F6CF1A09EEE4F40FE6F70B0F070213E4AE0B9599CF6348B0EAC781225457
2263121119 47075 4366 B34916CD9B4C8DEA9D6426A04A45199B63FBBACB36316527398BF34D18446575
2268005997 52819 33012 83DB466234CDFEF67D1A833406FB0DC2A5674A924BEA4F77CCAC5B9EAA54A75D
2264767302 3609 29069 B27635F7D109DDE6832E2697117D8B2D8C456F7B915AB411B3985EFE10B09C99
2262748333 59664 40351 7C20F6CF1A09EEE4F40FE6F70B0F070213E4AE0B9599CF6348B0EAC781225457
2262753339 30638 39929 7C20F6CF1A09EEE4F40FE6F70B0F070213E4AE0B9599CF6348B0EAC781225457
2256782737 58910 38065 7C20F6CF1A09EEE4F40FE6F70B0F070213E4AE0B9599CF6348B0EAC781225457
2267620279 14601 49519 291713D2FCE44BBCAAF79C098188BA6063D40E62C504A3DF15F377875320DCE4
2262138471 29099 54556 71DA7E20E3E9B8B7E5B0183ACF07E5370718D4815880E5FFD9CB4A5A149BB150
2256827046 12076 13500 7C20F6CF1A09EEE4F40FE6F70B0F070213E4AE0B9599CF6348B0EAC781225457
2265561166 29612 21325 7C20F6CF1A09EEE4F40FE6F70B0F070213E4AE0B9599CF6348B0EAC781225457
2262545949 61985 63147 A1B4C44ED5CB587D52958C49798409475729E87AD126D6956C939D74A87A507C
2258927978 22196 49036 7C20F6CF1A09EEE4F40FE6F70B0F070213E4AE0B9599CF6348B0EAC781225457
2267386544 56289 7982 1A16EF4FD792FEFBED73836F1B836BA936B81A7A7D6322D730E5E496469234C2
2266046187 50688 36546 7C20F6CF1A09EEE4F40FE6F70B0F070213E4AE0B9599CF6348B0EAC781225457
2262942710 25831 6463 440762AC3D0001F50E197731C8F98D907DB9EC8F680A2E302D5665F6C8383B1E
2265723910 38041 24747 72B4BA9EEEBA5DFC6E74190901B6106A27C55396508551D043489FE831FBB08C
2264536693 61111 37914 682671CC4E29C61355F2B7796CC312AE3A25248BB717F372879677A9A3848635
2263793914 13099 7920 8084B527DE7B6355D53D5DC8B7F65EAF5492006B815C504242788DD8D0F74B17
2266912659 42646 46204 7C20F6CF1A09EEE4F40FE6F70B0F070213E4AE0B9599CF6348B0EAC781225457
2258078426 54849 55541 12A3AD25522511E74F0ADB5948D2E26C9C7F76BFE5F78388842E411A006506ED
2257194708 52228 98 7C20F6CF1A09EEE4F40FE6F70B0F070213E4AE0B9599CF6348B0EAC781225457
2264650535 37785 38515 97DF941DB8634670AB383EE9D4B00FF6A3EAF0F412D8CB188A88B9AA0D2CD06E
2264446819 14939 63374 B42F3EB1D4E313235E00888BDCE3D61BA6CD97A0A7BEEA05A7F474D480F84E1E
2259037881 48101 62554 098E686EB2B85BB00EFB9FD1A1E3F6564632B3969E554B4D35D7586F1D11BE30
2266248414 8063 2431 D91FA808708CC92DC005A24E9DD5DD26AE851A13FA28ACABF2934A114ACE77B2
2257435178 63756 9862 7C20F6CF1A09EEE4F40FE6F70B0F070213E4AE0B9599CF6348B0EAC781225457
2260049313 31819 15177 7AA0B844700ED98000510EB86E6303675DF27BA54D87308AE3FE37C6C0CDBE22
2264592444 31872 41226 7C20F6CF1A09EEE4F40FE6F70B0F070213E4AE0B9599CF6348B0EAC781225457
2262367110 34614 60700 7C20F6CF1A09EEE4F40FE6F70B0F070213E4AE0B9599CF6348B0EAC781225457
2262316090 17577 65302 95643AEBB52F4DE8303CF15216ECF25D0F1567EEB5D5998E3A8E8C8E3E61D74B
2256880324 25863 61918 5519A7208EC6724C5EA14BE47D75B79C72A6E2C6379249F5E46116874E3E0D2E
2256833613 8933 35389 08439D0D556C60E1EA6E7474EDE7BA8754772A58218FE510C47092BA25DB8DA5
2264620323 53261 32395 DFC2BD2BC57DA595379C9560F94873CBD6C6FAC0C3E733DB5E128E7148253B5A
2265683105 40909 9192 824D7D7276172D5329C18F328C90502104A2970D1C132F8B1EFF5EF2DD442AD5
2265744678 1555 37006 43C32FA6B32D4FD733DBEF5067B0F47D2F9201EBCDE284153D9975E39590B514
2264924925 37776 34727 7C20F6CF1A09EEE4F40FE6F70B0F070213E4AE0B9599CF6348B0EAC781225457
2259976703 833 64991 6D62F155179A843AD62BCEA9A4F90902553E70423E2E361F86F412389C709BAD
2268027318 36920 56684 7C20F6CF1A09EEE4F40FE6F70B0F070213E4AE0B9599CF6348B0EAC781225457
2262580926 6226 4209 7C20F6CF1A09EEE4F40FE6F70B0F070213E4AE0B9599CF6348B0EAC781225457
2265672211 54214 45603 7C20F6CF1A09EEE4F40FE6F70B0F070213E4AE0B9599CF6348B0EAC781225457
2268086757 10859 43314 8E0858E1276754C29AD419D0940BAD2F4577857C97B30ECCE002C39688D2686A
2258810804 15684 63537 7C20F6CF1A09EEE4F40FE6F70B0F070213E4AE0B9599CF6348B0EAC781225457
2262847443 63189 14814 59D087A52C5BED1FA874E308D1A70DF5BEC655C477866B18BC2132C0AFDB149F
2261921518 24364 61970 7C20F6CF1A09EEE4F40FE6F70B0F070213E4AE0B9599CF6348B0EAC781225457
2260177372 5797 30132 6713F34A7DBF2C94BFA386969192E1C673C6545D1C5262D2993D3C887EBFCEE7
2266709643 56242 35968 7C20F6CF1A09EEE4F40FE6F70B0F070213E4AE0B9599CF6348B0EAC781225457
2257021916 18188 10462 7C20F6CF1A09EEE4F40FE6F70B0F070213E4AE0B9599CF6348B0EAC781225457
2258237356 5585 9213 4EBDF9FFC525A4D0D48A5795F1657C4FDFAAC5F81A8319B6AB7ADFC693955031
2267676027 43912 38147 7C20F6CF1A09EEE4F40FE6F70B0F070213E4AE0B9599CF6348B0EAC781225457
2258169052 42290 50348 7C20F6CF1A09EEE4F40FE6F70B0F070213E4AE0B9599CF6348B0EAC781225457
2260792907 27652 12718 7C20F6CF1A09EEE4F40FE6F70B0F070213E4AE0B9599CF6348B0EAC781225457
2260342482 6154 57178 7C20F6CF1A09EEE4F40FE6F70B0F070213E4AE0B9599CF6348B0EAC781225457
2257504064 38695 8128 0F3E91704623A12B1E03632DE45842E586FCA49EF249FE606F6DC84CF0E743EE
2261802672 18378 46680 7C20F6CF1A09EEE4F40FE6F70B0F070213E4AE0B9599CF6348B0EAC781225457
2260208392 17433 21687 BB2280CF1670BDF90ADF62C9DF462F6D820E3100A4D01C5FF527404E282F42F5
2258453907 54895 60213 D69C373CABA7504B9B46E9D448B6501E17F18CB7C31D55ACDD7AF8B5F586B8D3
2261417795 57040 6994 7C20F6CF1A09EEE4F40FE6F70B0F070213E4AE0B9599CF6348B0EAC781225457
2261184765 444 12922 7C20F6CF1A09EEE4F40FE6F70B0F070213E4AE0B9599CF6348B0EAC781225457
2258124667 48758 46602 7C20F6CF1A09EEE4F40FE6F70B0F070213E4AE0B9599CF6348B0EAC781225457
2261251879 57799 48921 4888F98A47FE794D5B7DA8E0B5A312B1911C5DDC49C2518FAF0D6FD4DBD4D2FA
2260391929 1289 35871 019250DD5E7F56AF68096B7F8B0807D4C6A30E553B292A0D54D02064565113CB
2266472799 18756 41179 7C20F6CF1A09EEE4F40FE6F70B0F070213E4AE0B9599CF6348B0EAC781225457
2265262335 35982 53701 7C20F6CF1A09EEE4F40FE6F70B0F070213E4AE0B9599CF6348B0EAC781225457
2261799992 13192 12132 7C20F6CF1A09EEE4F40FE6F70B0F070213E4AE0B9599CF6348B0EAC781225457
2259541001 28206 8957 7C20F6CF1A09EEE4F40FE6F70B0F070213E4AE0B9599CF6348B0EAC781225457
2268196612 2938 25074 7C20F6CF1A09EEE4F40FE6F70B0F070213E4AE0B9599CF6348B0EAC781225457
2262555096 7410 38293 7C20F6CF1A09EEE4F40FE6F70B0F070213E4AE0B9599CF6348B0EAC781225457
2261745501 58023 52174 2C6A459AAB08EC847395941EFB20341DE448ADE6AA112797B8AB88AACF3A1468
2264267982 42838 3831 7C20F6CF1A09EEE4F40FE6F70B0F070213E4AE0B9599CF6348B0EAC781225457
2261582569 1543 52897 8476A49D20277B6B9BACFEF46427E7372E136B9A114C8BD94DA5E5B07B6E7FD1
2265599675 63902 29163 7C20F6CF1A09EEE4F40FE6F70B0F070213E4AE0B9599CF6348B0EAC781225457
2265214967 61878 38757 7C20F6CF1A09EEE4F40FE6F70B0F070213E4AE0B9599CF6348B0EAC781225457
2264566657 32478 19992 7C20F6CF1A09EEE4F40FE6F70B0F070213E4AE0B9599CF6348B0EAC781225457
2260433867 63917 32675 15F3D19D6BDC41A28BB8E9D597AC5F718F7FE50F9D8F15020DC61170041FBB78
2267515087 5947 40228 80EDB7D76F0E6731F065633B161D528E40B78DA6926484FF58461BCF8D968518
2263508933 5229 20699 7B6738CED995670CD4C96B221D9CC8C7B0369C50AAC1A2EA0D87D030AE8A8FAD
2266796126 25562 11948 7C20F6CF1A09EEE4F40FE6F70B0F070213E4AE0B9599CF6348B0EAC781225457
2265350576 13910 10125 7C20F6CF1A09EEE4F40FE6F70B0F070213E4AE0B9599CF6348B0EAC781225457
2266838626 39161 9307 E8C174A0395BE20600BDFB4A6EFF2C86AAD514A855D5D24F5F2A6D157AC75842
2266564862 43516 3699 7C20F6CF1A09EEE4F40FE6F70B0F070213E4AE0B9599CF6348B0EAC781225457
2258330863 64749 29244 2385C80D555365769FB98223A4626EE009A0391AB4FAAB83F284295EB308750A
2258488255 61364 63423 7C20F6CF1A09EEE4F40FE6F70B0F070213E4AE0B9599CF6348B0EAC781225457
2263973373 19871 43602 B45CEB399146823F643428F7A35D9CBE5C90A2A8389132C502EA2E2104562D7C
2265306010 61825 7626 D024B9CE21B93D485D25B0CF307C58E895C124B0DCA279799780EB4D25C78CFD
2263030126 57134 30172 7C20F6CF1A09EEE4F40FE6F70B0F070213E4AE0B9599CF6348B0EAC781225457
2266390562 35366 20286 7C20F6CF1A09EEE4F40FE6F70B0F070213E4AE0B9599CF6348B0EAC781225457
2259937918 2607 58440 97B985B9A3FD7639130885C6F3E94EDCC766E47CA2DC39ADB75117D8B6C889F7
2267145808 7805 16744 E772A433B6461B106EFED21197E80041DB42AED9C283F755BC63BF7718E7B0ED
2258222337 49852 42469 7C20F6CF1A09EEE4F40FE6F70B0F070213E4AE0B9599CF6348B0EAC781225457
2260283155 10069 4771 F7E2C45C5324162209B2B8F47CB462C2A3B395A92B40D603AB0D6282F1B3B0D0
2258042535 14633 27035 E3A079692CADDA0EC6024C1AA51A28213285D9784BDEBEAB852D648160E4A336
2265201742 29483 54042 18FBF4ED08E32AB16C711A3994009293461FF5952548F87F49DF2F0491EA48C3

Total of 0 tasks calculated error.
