Total of 100 tasks calculated correctly, accuracy 100.00% 
226301544 36054 9829 7C20F6CF1A09EEE4F40FE6F70B0F070213E4AE0B9599CF6348B0EAC781225457
220255300 34431 13810 4B41A70DB374828E122457B82613CF7287F88B7DACED4698B4FAEF9B3EFAB8B1
223059515 15730 49824 7C20F6CF1A09EEE4F40FE6F70B0F070213E4AE0B9599CF6348B0EAC781225457
219438360 603 50074 51B2605CB8C7C39CF70FA7E4B4086AAA7E7F27B1A0B5C0FDA568D84F2BF1F58E
218018173 31425 26577 78123E152B24B2C4BCCB00B11E0119FBCA4315D6C64E94B86DF74408139F2BC0
221399120 52506 44190 7C20F6CF1A09EEE4F40FE6F70B0F070213E4AE0B9599CF6348B0EAC781225457
220729621 28825 3028 937981405C1120B7F74D82BB450AC9274EE98F505F5288F456618AFC643C2BC2
222968104 12953 18458 7548D76F9F701AA2B79A34BCE3BCC29182C03D08F6190C3A6708802339BEBCEE
218213884 27997 58534 4EDF496F5F37657F9F69495D9ACE569EF975F81F72B9F5E91F0E02B60BF8801E
217288332 28383 19278 42692D6B6679D0A97D2D40A1D49D98A38A130839C4BDEBB794467A78926598FF
218462635 27095 47424 59830B797624DC89626B34503060D89690321311DB49F55859075C218CED31AE
223278640 40673 21841 BCC9EE38464AF9424ABCBF83CBA1FC4ED63E49BCFA6DF8878E3F3B9636DED35E
224843081 29192 20179 7C20F6CF1A09EEE4F40FE6F70B0F070213E4AE0B9599CF6348B0EAC781225457
221896160 63968 19349 7C20F6CF1A09EEE4F40FE6F70B0F070213E4AE0B9599CF6348B0EAC781225457
218207703 14033 4039 FE724E397C5CE8F3CDF54FA2AEC396E8F23281962047D7300B596F0C84EA232B
224895489 38292 20045 7C20F6CF1A09EEE4F40FE6F70B0F070213E4AE0B9599CF6348B0EAC781225457
217946406 24066 17934 7C20F6CF1A09EEE4F40FE6F70B0F070213E4AE0B9599CF6348B0EAC781225457
220549532 28350 7590 7C20F6CF1A09EEE4F40FE6F70B0F070213E4AE0B9599CF6348B0EAC781225457
228240639 43961 45731 A48E1966D75990A92206422939A5F332298BFFE02CE7BAD5D6ECD4DDA322F045
222786630 16855 18720 B555C6560625460341A188122F5126236AF92AC70A33A90D6226E053DDE2F3A7
226070792 42139 45490 DA4DBB21A56B27FE2D2E41168B875BDDC16D4FB2A69EE514BBF93270F14AFEC4
225446346 54917 23035 BBAE949BBB1ADB09D0522CDA17F274EB8389029500AED47AAC73E95E80E34BCF
223323024 48430 46412 7C20F6CF1A09EEE4F40FE6F70B0F070213E4AE0B9599CF6348B0EAC781225457
225130552 52476 61448 7C20F6CF1A09EEE4F40FE6F70B0F070213E4AE0B9599CF6348B0EAC781225457
224504375 12498 58430 7C20F6CF1A09EEE4F40FE6F70B0F070213E4AE0B9599CF6348B0EAC781225457
217853039 61312 32115 7C20F6CF1A09EEE4F40FE6F70B0F070213E4AE0B9599CF6348B0EAC781225457
216692196 28151 18655 B14360A33A135E9822547B06B20843BAF67F454AE41C5BD9BA24EF37A8D1F19B
218467043 49744 29568 7C20F6CF1A09EEE4F40FE6F70B0F070213E4AE0B9599CF6348B0EAC781225457
218046275 32414 62067 7C20F6CF1A09EEE4F40FE6F70B0F070213E4AE0B9599CF6348B0EAC781225457
225285398 25630 8828 7C20F6CF1A09EEE4F40FE6F70B0F070213E4AE0B9599CF6348B0EAC781225457
217400255 28580 62471 7C20F6CF1A09EEE4F40FE6F70B0F070213E4AE0B9599CF6348B0EAC781225457
224564119 41948 32350 7C20F6CF1A09EEE4F40FE6F70B0F070213E4AE0B9599CF6348B0EAC781225457
217251047 13879 59741 9FC8A8914A9AFAD300D6A2548E0DC3357EC5506DFE21E9567113D1FB23062B81
223990363 2710 6550 7C20F6CF1A09EEE4F40FE6F70B0F070213E4AE0B9599CF6348B0EAC781225457
219574468 38592 17418 7C20F6CF1A09EEE4F40FE6F70B0F070213E4AE0B9599CF6348B0EAC781225457
227034897 30402 12160 7C20F6CF1A09EEE4F40FE6F70B0F070213E4AE0B9599CF6348B0EAC781225457
219796387 9981 50071 DEDD02D18FF289C823214A2A1958D056B92A40C39153728FCF1033C4D5398F4E
219847470 9310 49272 7C20F6CF1A09EEE4F40FE6F70B0F070213E4AE0B9599CF6348B0EAC781225457
225192439 15973 49214 C76C97C8C5275D18A46B15D47FCEC6B06C625D941614AF0BDC47AF987B7FE50C
226921765 50006 62950 7C20F6CF1A09EEE4F40FE6F70B0F070213E4AE0B9599CF6348B0EAC781225457
222048244 14107 25457 5184F7AD81FDD9A90220C38FFB0E417661F89BFC5D9DEA93B1B0044634B6DC82
217690998 56529 40580 51BD6443DA919A5A31F2A304E5BB430B7069FFC53FA754E1EC87A49F6869955B
218628356 47443 10670 C8EB3F0F1AD3A78AEF3C98A03DA3B3ADFAD53E6E29FDD3FCED863E641E58ED44
224397041 61408 39804 7C20F6CF1A09EEE4F40FE6F70B0F070213E4AE0B9599CF6348B0EAC781225457
226298476 64212 52048 7C20F6CF1A09EEE4F40FE6F70B0F070213E4AE0B9599CF6348B0EAC781225457
225581329 31235 24854 C8B805FC76A615E07A3CC9F469904E24D41D7D839428C54FD6B211703E3F6D39
219308058 57049 42311 24E4ABAEF2383476977D3F327245C339162F9BBB3B0FDDE6B571BC8B520C5C0A
218167964 56193 21807 0F4C5CB873211820ED4E3714624734AC442015F2EB639DA5F4D7A6C5EAB8FB7F
219060771 18813 50846 1A3FAC8D8DD943E3229443C65A72C5C5F6C90DBFFB7C502037D2A179E38BEF19
224681292 685 36016 BAE9B6D319860BB08442A798BDB1A35EB37FF5998087595DCAB810519209E74D
219098454 58780 18754 7C20F6CF1A09EEE4F40FE6F70B0F070213E4AE0B9599CF6348B0EAC781225457
221400944 3156 45574 7C20F6CF1A09EEE4F40FE6F70B0F070213E4AE0B9599CF6348B0EAC781225457
219604817 912 61667 7C20F6CF1A09EEE4F40FE6F70B0F070213E4AE0B9599CF6348B0EAC781225457
226500289 36289 53695 AFE895D75424B90385017D7C722CBAAD9BD44D2A778612A646CCD258AEB4B71D
220734169 50501 38838 8D3A8B1547BC7BB8E583CBCC5B884D9C1E8EBC3B4C2941B8249BAF2C9F002E80
226179451 4497 43574 85FBE2A7E41BB493EC2F1882362C564AA08E5CB0B0AF166825C11989DBCE6C0F
222920165 21969 31826 C58E77F3997615195A9DC8EEE124475C431877BE04649E5DA7195E072D1E1726
223685103 25469 54756 11B23733627C9FB5CFB2577FF6A4A6F23A9590E4193F501FF740FBEB72D3A5AA
219839783 12368 29614 7C20F6CF1A09EEE4F40FE6F70B0F070213E4AE0B9599CF6348B0EAC781225457
224908811 24446 45158 7C20F6CF1A09EEE4F40FE6F70B0F070213E4AE0B9599CF6348B0EAC781225457
220111844 23017 19784 6930663BCBFB2B2706974DAC68348B395E5E0A6F9B864C85A12152CFA9F1D8B8
225366447 11044 22158 7C20F6CF1A09EEE4F40FE6F70B0F070213E4AE0B9599CF6348B0EAC781225457
221484409 62308 35396 7C20F6CF1A09EEE4F40FE6F70B0F070213E4AE0B9599CF6348B0EAC781225457
227482768 1042 41372 7C20F6CF1A09EEE4F40FE6F70B0F070213E4AE0B9599CF6348B0EAC781225457
224300524 15695 63111 924EA05AAB4D993805773C68057ABEE61170468653681A34AB05FB73EA9C1E75
219003356 53562 16116 7C20F6CF1A09EEE4F40FE6F70B0F070213E4AE0B9599CF6348B0EAC781225457
225815732 947 24411 DE04F5F24E515D14B382F390CFAD0364CF102040BB944F67A2E48F9FE1454966
217949852 28522 33579 7C20F6CF1A09EEE4F40FE6F70B0F070213E4AE0B9599CF6348B0EAC781225457
223226939 23449 12867 D8FCCD22A9CA5D97341A1454AE8B2F18082B8DC5A2CF9D6DA8FF23A14AAB4BFC
219516102 31421 12091 C9E19CE807DDF614696F3F2E174DD3F9EFB9D9BC9F07BA51A47415C995CE010B
219680742 21783 48655 ACE3DDEFD948FD358EB4184C66C6937D389A4463B4006A04D1569A786AC28A28
226917386 38695 5233 85CB6DCB7482872F649DB954E44AD1BC935ED59EBC25B800DD89FE405ED0C558
227025118 52254 9522 7C20F6CF1A09EEE4F40FE6F70B0F070213E4AE0B9599CF6348B0EAC781225457
221727317 63842 8259 7C20F6CF1A09EEE4F40FE6F70B0F070213E4AE0B9599CF6348B0EAC781225457
224529217 10457 11429 0D4FE88E91C2581468DDB750E74D8827E12AE3AB9F052719B105D517B1690992
224392743 64635 65496 4C8F5E5182D4A9FF0BD9223A5B28538DC620CE9926AA6EFE3AE9234A70B8173A
217366516 25282 36073 7C20F6CF1A09EEE4F40FE6F70B0F070213E4AE0B9599CF6348B0EAC781225457
219712210 56406 29595 7C20F6CF1A09EEE4F40FE6F70B0F070213E4AE0B9599CF6348B0EAC781225457
221070699 28556 31993 7C20F6CF1A09EEE4F40FE6F70B0F070213E4AE0B9599CF6348B0EAC781225457
217374783 45557 57030 E2CF0BDC95981D2C65C61D2E3CA308593A3DC883BA5F3440877C26504AB8600E
219986758 45172 17762 7C20F6CF1A09EEE4F40FE6F70B0F070213E4AE0B9599CF6348B0EAC781225457
225638163 14128 2834 7C20F6CF1A09EEE4F40FE6F70B0F070213E4AE0B9599CF6348B0EAC781225457
222190345 39411 13173 3DAE8C30C61BE098538EA8DBA4C5E82A25D593E1545F1D4DADAC2FC269221E60
220520860 28092 59753 7C20F6CF1A09EEE4F40FE6F70B0F070213E4AE0B9599CF6348B0EAC781225457
225221600 25826 63355 7C20F6CF1A09EEE4F40FE6F70B0F070213E4AE0B9599CF6348B0EAC781225457
222043893 23583 40811 E23FA3DB0B4EC07823C3D3565272F497FEFBE2CF9E177BA09B5BBDF7B1EDB80C
223926874 6865 29052 51546070F4A61D20BA58E1079C8532707E2E61AFEAE68A378E9B38CACA422E64
228110608 36415 20042 E2B5E725258612D8E4A98432A610E4CD49A4C8B2433ED6C7539375B7CCCE59BF
227512143 59173 4685 2A9EDECE70915CEE226DB98BB939CDF0B55751BCC7FBABF006FD123049F72686
226842093 32325 49882 D1EEECD6F03C76EB925CCD7E71FC51D74A4B8A722C51917C729805A1782EB58B
227989587 11090 17914 7C20F6CF1A09EEE4F40FE6F70B0F070213E4AE0B9599CF6348B0EAC781225457
219513214 35525 27367 C3C1B6AF5C146071EC4868EF130E1D8511CE141B4E2CC1819294DACD1820D6A3
223350367 41391 41098 8A7103B29D2FE43DAAF629466E42750645318E36984AA9967FEDB8D8A87F8331
227118137 65478 38745 7C20F6CF1A09EEE4F40FE6F70B0F070213E4AE0B9599CF6348B0EAC781225457
226858180 12561 25363 A5FF5A8A070614E915FED2193B8E3FDDF1C2207AADEE763561E476A36E806866
226420001 56109 54901 0F924FDCBA57B3240087BD570367AD96503F2C21D822BE5E9EB4A14D5523ABC7
217520216 3741 19074 84E2225E0D9A84B6FAA2D5BCCFCD142836C94FF860935F30D633C2710B7315B9
224121004 48042 44395 7C20F6CF1A09EEE4F40FE6F70B0F070213E4AE0B9599CF6348B0EAC781225457
222492774 29491 53859 45ED25AC0F1D591C872DC67ABC70EF6C86FDDD711F11BC09D7B4776F17F9BD6D
224140065 37226 58671 7C20F6CF1A09EEE4F40FE6F70B0F070213E4AE0B9599CF6348B0EAC781225457

Total of 0 tasks calculated error.
