Total of 100 tasks calculated correctly, accuracy 100.00% 
2290501930 9170 55226 7C20F6CF1A09EEE4F40FE6F70B0F070213E4AE0B9599CF6348B0EAC781225457
2283618874 59852 9969 7C20F6CF1A09EEE4F40FE6F70B0F070213E4AE0B9599CF6348B0EAC781225457
2287415017 23930 54054 7C20F6CF1A09EEE4F40FE6F70B0F070213E4AE0B9599CF6348B0EAC781225457
2289626581 46395 8753 4260DD1D2AEAB22656B14757319494F586E217DDA35D4753E5AF33B76945BA9F
2286805909 18433 14692 E056C412C1292D46EDCB7953E49D83FA0110EFACE0E52439A921BB858D3B34B1
2291416209 61086 40765 7C20F6CF1A09EEE4F40FE6F70B0F070213E4AE0B9599CF6348B0EAC781225457
2280612524 43939 12241 E59F6FD3C2322DCFB930572A3AEF5ADF0E28A38A1C600EC294BA6C941475B252
2286404520 3180 36143 7C20F6CF1A09EEE4F40FE6F70B0F070213E4AE0B9599CF6348B0EAC781225457
2282789313 26213 32336 0A5483F6A2A087C8B69C7A8061A4E010261A52EC7E84FEBB8554D5FC32F11003
2284926076 63119 5334 BBE688F3516399036184A72FA1638F19E4D727C8B66598704C0E89A5F90A6457
2288524028 14103 45062 F96199F797C63C9FE6A7A87BAAB4E429AD3870D4C21E11EA1E76843C6252D8EB
2284038301 58296 1638 7C20F6CF1A09EEE4F40FE6F70B0F070213E4AE0B9599CF6348B0EAC781225457
2281261104 6992 41552 7C20F6CF1A09EEE4F40FE6F70B0F070213E4AE0B9599CF6348B0EAC781225457
2282309007 26936 28408 7C20F6CF1A09EEE4F40FE6F70B0F070213E4AE0B9599CF6348B0EAC781225457
2288695973 63000 16932 7C20F6CF1A09EEE4F40FE6F70B0F070213E4AE0B9599CF6348B0EAC781225457
2292318781 64221 45529 7F643BD172BF48A20BEBFD2EFCB5DDF1577CBA8FEAA7BF11AD8B622F966EC9DB
2287314244 12791 19946 6B600977B72A114CEAEE3BEBF7FB1BD404EE0FD1D2471A6909EA01A96D526190
2281139915 9310 28288 7C20F6CF1A09EEE4F40FE6F70B0F070213E4AE0B9599CF6348B0EAC781225457
2290619651 41356 13267 7C20F6CF1A09EEE4F40FE6F70B0F070213E4AE0B9599CF6348B0EAC781225457
2283553175 55763 55251 52074CF829CD2FE35ABEBED2CEAB7B4A0BCA481CCBC36765C6FAD292F1217447
2288520204 21010 26257 7C20F6CF1A09EEE4F40FE6F70B0F070213E4AE0B9599CF6348B0EAC781225457
2283774340 34210 821 7C20F6CF1A09EEE4F40FE6F70B0F070213E4AE0B9599CF6348B0EAC781225457
2290001676 22419 54132 7E1998B3F6D5648367A11C5500F9D88842DE72BA27DB7F375C65330D4B0C98BD
2292052921 18617 51872 2DC22167C8522F2F2354E77C24016A3020EA46815C529F1DFB5089F60BE0C983
2282725974 46140 37023 7C20F6CF1A09EEE4F40FE6F70B0F070213E4AE0B9599CF6348B0EAC781225457
2292338752 53747 14349 9D07AB03BA769EC5A0CE4CC8D00B030BB13E5D036E828D63A5E3F9D7343F7270
2290583336 25840 25384 7C20F6CF1A09EEE4F40FE6F70B0F070213E4AE0B9599CF6348B0EAC781225457
2284611515 53524 20755 7C20F6CF1A09EEE4F40FE6F70B0F070213E4AE0B9599CF6348B0EAC781225457
2284473604 51785 18384 9C14763ADC9C49756C3D18A9BAADF8D34C73E1F025C7A14C7B09A6AD2D14013B
2288393666 19733 3858 BA7DAA5C3D04FE1908F02F8FF39BC8B422A00A5D06F9288D7504B83A1282574D
2291725681 11670 64082 7C20F6CF1A09EEE4F40FE6F70B0F070213E4AE0B9599CF6348B0EAC781225457
2286798860 9283 29891 CDF03D0E010F61F64F4780A115C816CE6CEB0336C6617C9E0D64C7EE66A1D85F
2287548117 48727 53140 0484073EA692B9B09C61474202FCD59E473BBF3E75D5DC16B43B9C0553140B94
2280729128 39681 49787 A4735079DABA4CA9F57AF48878394CA44AE88C7D12533570F53E40BCA093BDAD
2286220241 24134 9582 7C20F6CF1A09EEE4F40FE6F70B0F070213E4AE0B9599CF6348B0EAC781225457
2281438051 19477 32792 DD8E37DD19BB3CB01BBCBC3A4E7D26BE766D59D2626C332B7022CAA935E77F16
2290052307 881 19371 CBC8FF630CEF33DDB588CC447AD9929202525C43DF23CAD4581CF086AE648D89
2290313571 5873 13730 1A120283BA476A4690C53583BC30E47902AFB4C034B4435049312A0408DCF189
2285419100 46216 17915 7C20F6CF1A09EEE4F40FE6F70B0F070213E4AE0B9599CF6348B0EAC781225457
2287666031 60591 37070 42CE29504414161C97CEDC5EED9102BBC5151349C630E99EBADEB9C355613EA3
2287050327 53417 13379 4677EE6482E55D1D63A5401C8523AB10811E160020051661DCC8D17B1493ED11
2292295921 60382 6659 7C20F6CF1A09EEE4F40FE6F70B0F070213E4AE0B9599CF6348B0EAC781225457
2281957491 59833 55154 59594C58BDE07A830BFE896B1F287CB2D5E7E6DE91FC66F74ACC7219280BB2CC
2286061510 27277 38393 B54FF7A04FA7B4CD069E191F00884428112B19A88750C956D1A840226E5D5C29
2283727130 34809 64375 8CEFED36C263F29D92945720DE39EB0B7AD6FD79A6608B506994D8062CDC7F57
2286717484 44234 30844 7C20F6CF1A09EEE4F40FE6F70B0F070213E4AE0B9599CF6348B0EAC781225457
2291294494 10693 13869 D3101A62F4FF599AA019BEC3CD69C4FB2543B6E87896CAAD44912359EE690C43
2281155425 29947 61810 039B09BE55A3658E392CF687B97CE2A9CF027131D4F70EE3AD3CCEBE3119B278
2282121276 49108 42636 7C20F6CF1A09EEE4F40FE6F70B0F070213E4AE0B9599CF6348B0EAC781225457
2287491520 62320 58822 7C20F6CF1A09EEE4F40FE6F70B0F070213E4AE0B9599CF6348B0EAC781225457
2292178460 49943 31191 F2610133EA373DE0A773266C7DED462FCCDF002FA551C5FFA3503FD2CFA29A5F
2285978857 6543 30197 87B5E1D1449C8BDE8CBB134CC00059651BAE8E78AA33D0778C52B831CE5A73EE
2287214690 5772 35661 7C20F6CF1A09EEE4F40FE6F70B0F070213E4AE0B9599CF6348B0EAC781225457
2286575740 43583 64592 C420D21717C3EA28775C2984314BE82AE9F0B7594BBE31015A8ED703C0AC1B6A
2286711615 29599 28887 ACCB10F5CBE8BAB74633803FDD0390698C3A49E714A5C32835639AA103BF4341
2288579444 37143 38915 ACEE60729826AB8E94B6AC1D82C65C3A80063167409C2236F38B881D9B25381D
2282049252 47082 2402 7C20F6CF1A09EEE4F40FE6F70B0F070213E4AE0B9599CF6348B0EAC781225457
2286766583 43608 31778 7C20F6CF1A09EEE4F40FE6F70B0F070213E4AE0B9599CF6348B0EAC781225457
2290042800 22112 57276 7C20F6CF1A09EEE4F40FE6F70B0F070213E4AE0B9599CF6348B0EAC781225457
2289031384 38889 17934 8532EE04BAC2921BC9173C26448A3F10F53C6BEAB76ABBFCB95B3070689D9DFD
2281512214 21365 30886 2047011C5D986D052838720D38231570683190C7BCF5BF947AEC0C1AA53A2314
2281341786 9278 17937 7C20F6CF1A09EEE4F40FE6F70B0F070213E4AE0B9599CF6348B0EAC781225457
2288476298 59205 18515 3061197E2B83A61A1A6D49D7A0DD5CF082A665668D2A51431C1F03663B922109
2290402696 5590 21128 7C20F6CF1A09EEE4F40FE6F70B0F070213E4AE0B9599CF6348B0EAC781225457
2288688790 56211 10828 B9BBC0D000236A9CEB16CCE42AFDCC1E7D8905F2FF84810E16EF0F66B771620D
2281578924 28200 11815 7C20F6CF1A09EEE4F40FE6F70B0F070213E4AE0B9599CF6348B0EAC781225457
2284164785 28157 55060 C45033DFB820448BB0E1EB025857221806673E2386B5EB0D36C5478EBDCEBF57
2287203002 1350 27684 7C20F6CF1A09EEE4F40FE6F70B0F070213E4AE0B9599CF6348B0EAC781225457
2288655479 33334 65463 7C20F6CF1A09EEE4F40FE6F70B0F070213E4AE0B9599CF6348B0EAC781225457
2289921234 46230 41778 7C20F6CF1A09EEE4F40FE6F70B0F070213E4AE0B9599CF6348B0EAC781225457
2289083634 30727 14532 0B6D1D8BA59FF42250F7BDB7583C09A6486AF861FD1306E0FFD245B1E7C90520
2283543317 2073 35876 4136B480FFF5E900618E9C9C385A7AED12DC1C3426DD214DAAF85E5E3D3742CF
2283287079 45051 64401 F7786D869FCA6163104D56CF1B7A33B52ED8D70332F85AC3A5D82304B5894FA6
2285946599 45923 5798 18F0A2B65CBCD5A1946B31D8C872F51E66DB110C144B35849576E103EEB7F164
2282531391 32865 4536 AC4813651EB6D353D209FAA8A62B7FB30BC389E8035E17A42D7FE7428F63A1D5
2292059175 13426 63258 7C20F6CF1A09EEE4F40FE6F70B0F070213E4AE0B9599CF6348B0EAC781225457
2290694533 37745 56872 C2118D5B8C3A631D59738B4D47929D59736E4E3E92DD96FA5F5DB823EF55F52F
2283648741 400 20640 7C20F6CF1A09EEE4F40FE6F70B0F070213E4AE0B9599CF6348B0EAC781225457
2292233533 4662 13384 7C20F6CF1A09EEE4F40FE6F70B0F070213E4AE0B9599CF6348B0EAC781225457
2280820836 17738 63779 7C20F6CF1A09EEE4F40FE6F70B0F070213E4AE0B9599CF6348B0EAC781225457
2286528818 29556 12823 7C20F6CF1A09EEE4F40FE6F70B0F070213E4AE0B9599CF6348B0EAC781225457
2286630541 3494 7648 7C20F6CF1A09EEE4F40FE6F70B0F070213E4AE0B9599CF6348B0EAC781225457
2283438678 15019 45952 88CADBB2D7C956F9D419EE671A5D48EF007836A821971190AEC7C901D110C6EB
2281981565 30307 59411 F5C48B6A8F220694215516078701D9DA8D6AA8B077D779C4F23E595394794F61
2288035529 25173 29182 40AB0BBD18C5F9C4407F17DBAC34F5AB496B5A2C852401C736A8CAF29C6D90C3
2283797137 21349 21874 350EDC2EB3ADA0422BF4E5047C9A5D49091D740D439AB95BFDD42274029E4663
2289525265 55161 63102 E8E7CD494842D4133ED190D4BF40AA7D934F270D09852979358F67452B5B66B4
2288371168 51473 20932 39465230AE0F145EFD66EC8CB410CEF58E8F7157FD61B1B21ED7B8F820C4FA3F
2286757599 6176 49319 7C20F6CF1A09EEE4F40FE6F70B0F070213E4AE0B9599CF6348B0EAC781225457
2284899453 57748 24680 7C20F6CF1A09EEE4F40FE6F70B0F070213E4AE0B9599CF6348B0EAC781225457
2282687625 58683 48246 DD13E7BE44423FE014FCD19A1CA4EED1C1981013FAE2BEB78DF0801567FD19A6
2282174855 63483 50753 A283BAB27376F5F6FFF3740E64155A8DDE1C40E7865A7446B8432D1DA2ADCE8C
2286252081 58139 3063 61DAA08320C65755A0F1C9A683F4FA1FF34995A24BCA9D2311559B859E1E5620
2283275133 58254 23835 7C20F6CF1A09EEE4F40FE6F70B0F070213E4AE0B9599CF6348B0EAC781225457
2287885664 19203 60872 49F5E387E69057A4E45B0F2888516DC34F126E27299DB48008913C4FEF05FB21
2283979439 58722 57251 7C20F6CF1A09EEE4F40FE6F70B0F070213E4AE0B9599CF6348B0EAC781225457
2289021277 65313 47276 908F0A407B30487A63D8898447B04ADFF7B78A9C1A93D78E8A71F92F76F3A658
2284633099 377 18702 F1D959C6DB4A18C694368FB0526A5512E363BFB1C5633EF97633B808BC17F3E9
2288728758 52021 37044 739D63C7E678CB967550FCF8D4D4EDDD3F2BA37D3A77C7DCC118A6FB411B1F75
2289098425 29287 56086 DDC755C4E4E927B8FB26CEA530BAA0AA5403764794DA3EAD8152D00BC7D4A2AF

Total of 0 tasks calculated error.
