Total of 100 tasks calculated correctly, accuracy 100.00% 
2296123562 28478 53242 7C20F6CF1A09EEE4F40FE6F70B0F070213E4AE0B9599CF6348B0EAC781225457
2297998825 11214 50688 7C20F6CF1A09EEE4F40FE6F70B0F070213E4AE0B9599CF6348B0EAC781225457
2301216677 27780 38284 7C20F6CF1A09EEE4F40FE6F70B0F070213E4AE0B9599CF6348B0EAC781225457
2296865527 41128 27164 7C20F6CF1A09EEE4F40FE6F70B0F070213E4AE0B9599CF6348B0EAC781225457
2301433621 59708 20895 7C20F6CF1A09EEE4F40FE6F70B0F070213E4AE0B9599CF6348B0EAC781225457
2299543295 30324 19507 7C20F6CF1A09EEE4F40FE6F70B0F070213E4AE0B9599CF6348B0EAC781225457
2298017377 61574 6098 7C20F6CF1A09EEE4F40FE6F70B0F070213E4AE0B9599CF6348B0EAC781225457
2292994208 1735 61178 E4E26D6E37AD288226F1F8F22AF8AD93838974B5EC9938587C04484749CD963A
2294997404 20855 48961 68404AC451C5ECABBACF4AEF93699E7DF4BD48D0DDB56C9E9C982EF8CEDB918E
2299496001 8103 56894 EE3EA758CAF70122411E8DE6929EC2F440746478BCCD7DCD83ADD3FDBF71232F
2300729279 35120 38032 7C20F6CF1A09EEE4F40FE6F70B0F070213E4AE0B9599CF6348B0EAC781225457
2303428064 62263 24409 352D7AB4EE0E92E15731CB58A351B617F086990C83F9F75D3D4B097BEA72EDAB
2301634467 15166 22972 7C20F6CF1A09EEE4F40FE6F70B0F070213E4AE0B9599CF6348B0EAC781225457
2303586526 54686 51334 7C20F6CF1A09EEE4F40FE6F70B0F070213E4AE0B9599CF6348B0EAC781225457
2293553849 35747 16059 D9FB7B3CDEEFF4D542EA0A8695F2C477E9E4E8D4118951F16CDC58487D6666EE
2298948484 65364 63338 7C20F6CF1A09EEE4F40FE6F70B0F070213E4AE0B9599CF6348B0EAC781225457
2296190532 21243 19419 34CB4C73F3458A2E4322F8452EBF027C4023FB77BDB96A6D9AB81FF3D7F61780
2302443502 22808 35917 7C20F6CF1A09EEE4F40FE6F70B0F070213E4AE0B9599CF6348B0EAC781225457
2294308256 15160 1786 7C20F6CF1A09EEE4F40FE6F70B0F070213E4AE0B9599CF6348B0EAC781225457
2293793638 37580 40100 7C20F6CF1A09EEE4F40FE6F70B0F070213E4AE0B9599CF6348B0EAC781225457
2299921489 17514 50734 7C20F6CF1A09EEE4F40FE6F70B0F070213E4AE0B9599CF6348B0EAC781225457
2295417517 2540 56870 7C20F6CF1A09EEE4F40FE6F70B0F070213E4AE0B9599CF6348B0EAC781225457
2303621093 37785 3095 6B7B35A65FB5892D8AC334ACC23CC4DDFBEE336B7E469099FE88F12731EAB626
2303436866 4271 44917 D63342ECE39BEF544BE0EDD02E0542C63A4B500C32A4AF44C0AA2FFB77B07E87
2299114956 41660 28080 7C20F6CF1A09EEE4F40FE6F70B0F070213E4AE0B9599CF6348B0EAC781225457
2295643245 44521 39214 2DF3276D6D2AAFBAC6953377D75D54EFCD07062A10BBC44C11472EC77C940D0B
2294510950 40873 50897 D8139BFC521B18FE2BE573B31F6EE34632C160EC1958401398B8311D2C401413
2298611870 49520 37472 7C20F6CF1A09EEE4F40FE6F70B0F070213E4AE0B9599CF6348B0EAC781225457
2293909706 5928 26557 7C20F6CF1A09EEE4F40FE6F70B0F070213E4AE0B9599CF6348B0EAC781225457
2303719451 51839 19484 430B9F24DA00D2D33CA2981C8B969CED70F6D719DF924A93956E8F2FA3F12321
2298959320 62389 7252 2478424377C073F9F516DBBD466E70CC60DFBCAFB3C5FE37C0026B23BB2F9FB5
2302648038 56747 42717 028777D8FF4A1AB77FC85D1C67B13C4CD9068A24F1194208657E4EA030F8553E
2298993130 48566 502 7C20F6CF1A09EEE4F40FE6F70B0F070213E4AE0B9599CF6348B0EAC781225457
2294179004 37294 23538 7C20F6CF1A09EEE4F40FE6F70B0F070213E4AE0B9599CF6348B0EAC781225457
2299461980 55089 8015 A8641063442C36DC099E007FB6D3025F96A0814BB66408315C9E2669DBF80112
2302498465 26314 25608 7C20F6CF1A09EEE4F40FE6F70B0F070213E4AE0B9599CF6348B0EAC781225457
2296561575 31298 49096 7C20F6CF1A09EEE4F40FE6F70B0F070213E4AE0B9599CF6348B0EAC781225457
2301381317 10129 37543 88F3C5CFE6C5A37A587AC94BD46E2F691A7D5AE3472E1359B2713FB7E82567D7
2297586506 7386 52713 7C20F6CF1A09EEE4F40FE6F70B0F070213E4AE0B9599CF6348B0EAC781225457
2300996745 11869 61999 15A10E11BA6140E4D3024AC29C145E696F512D7A56047E1028839FB93EA1D964
2293762384 55850 20705 7C20F6CF1A09EEE4F40FE6F70B0F070213E4AE0B9599CF6348B0EAC781225457
2293255293 10023 3172 442CA078DDB345254D7F32DAAC07D79C4DF168668932AE800C181E65CAC2489A
2303011041 2792 13540 7C20F6CF1A09EEE4F40FE6F70B0F070213E4AE0B9599CF6348B0EAC781225457
2301052185 59179 19622 1E0C3F911C79296902F280E0EEA95FA23EAFB63E3A0B357AB64FE18AE09B42AF
2302639175 4465 39922 58223A8317F6657997BEA017CAADF66AD0FF32F0DA072B7F54DFC8E6D6D5A1FA
2293001284 28981 5247 D45A4D0B727B9F93F77B28316AC44D4912DDDAD2DCB994B2D61FCCE562D0CB6F
2301172587 34311 4612 CA2E6EEBAB806BF116C2194B3C0D095FCEB5FED8AFFC5046C09F03E09B026642
2299809167 28476 50405 7C20F6CF1A09EEE4F40FE6F70B0F070213E4AE0B9599CF6348B0EAC781225457
2302752550 52592 56750 7C20F6CF1A09EEE4F40FE6F70B0F070213E4AE0B9599CF6348B0EAC781225457
2302196552 36028 30053 7C20F6CF1A09EEE4F40FE6F70B0F070213E4AE0B9599CF6348B0EAC781225457
2302258873 19608 33704 7C20F6CF1A09EEE4F40FE6F70B0F070213E4AE0B9599CF6348B0EAC781225457
2297906527 49804 10068 7C20F6CF1A09EEE4F40FE6F70B0F070213E4AE0B9599CF6348B0EAC781225457
2299414215 39361 50310 8A06BAF737FC2B8B931FF2A291ED380462E19EE5B6536B4BBF67F5324BA136A1
2294438806 12227 7877 FC4AD8270360F6FC089DE51189DFC1A5D238BD78976CEDB189FB0A2EFB02EE49
2303472561 27599 39717 FE7391ED41BDDA5ADFC9A7140FBE4785371F1DED400085EE643E63AEEAD0D130
2293522709 21388 6976 7C20F6CF1A09EEE4F40FE6F70B0F070213E4AE0B9599CF6348B0EAC781225457
2295172421 49324 34843 7C20F6CF1A09EEE4F40FE6F70B0F070213E4AE0B9599CF6348B0EAC781225457
2296214609 39603 51976 BFBA959810AF047B24B700B40B813BCBC041E48C15330B363C27C247CD04F84C
2295833831 11591 32377 1D99F8918052E4ED78A2F3D1127250FC8BCAE847A528CB07F75EBAA11D3E69E3
2292653493 35815 42206 FFF7281DC146631D8636A2749EAED74E7B4DB8BC7CD0F6826FCF50502C847B60
2301245685 64118 55241 7C20F6CF1A09EEE4F40FE6F70B0F070213E4AE0B9599CF6348B0EAC781225457
2295040509 42572 23014 7C20F6CF1A09EEE4F40FE6F70B0F070213E4AE0B9599CF6348B0EAC781225457
2293797054 8822 7649 7C20F6CF1A09EEE4F40FE6F70B0F070213E4AE0B9599CF6348B0EAC781225457
2297892890 62015 13156 CF909697959CC0FAC3C55B62F8D1186951843242253E8EB5BE2D3F4D5162A069
2293611279 40810 51083 7C20F6CF1A09EEE4F40FE6F70B0F070213E4AE0B9599CF6348B0EAC781225457
2293398539 53869 34143 777A995790484E830B9300C72E3405B7DAF5C440C9B820040C011382F9D23F8E
2295783934 52869 19947 C7699D1997F3F2086E8405878971968F4FFA649CD68AC44F688ABCAF06431A8F
2298691836 8844 11834 7C20F6CF1A09EEE4F40FE6F70B0F070213E4AE0B9599CF6348B0EAC781225457
2298391802 40131 55227 B2436A4CE0424CDE2C30890E89FAAD5B6D5AC58A5C37B7614B3379A6A596802B
2295359098 57745 30932 3D2E01BCDBE7782AEC3CEAC421A352C84A1E720F7EB1C5F1F0084ACEA17D572F
2296076047 18985 24340 4D65B2B8246479BA79A3505373F2EC308B1BEC5D5BAC6284883E1245E4CE024C
2295412083 55075 63462 8CD16CCF8833D702257106612CD6835B158A4A5F6ABA4A67E2F5946FBF79F9A8
2300223157 18332 34939 7C20F6CF1A09EEE4F40FE6F70B0F070213E4AE0B9599CF6348B0EAC781225457
2292777759 61948 24205 7C20F6CF1A09EEE4F40FE6F70B0F070213E4AE0B9599CF6348B0EAC781225457
2298706758 3596 64107 7C20F6CF1A09EEE4F40FE6F70B0F070213E4AE0B9599CF6348B0EAC781225457
2295611308 9313 60857 A8B9109B11B39431E95196BC2B24B8BCDC1794781A0D86B1EC093619DF28B3A8
2299228719 55008 62290 7C20F6CF1A09EEE4F40FE6F70B0F070213E4AE0B9599CF6348B0EAC781225457
2303609279 59204 11348 7C20F6CF1A09EEE4F40FE6F70B0F070213E4AE0B9599CF6348B0EAC781225457
2301473792 3695 33512 49D2DB80AA16E1A20ABA091BFB0123367FF250A1AF9B4AEC85CA0E6EB77E8F81
2302421105 47481 15126 17AA7F5E5F8F8B77ACA492B42FF174D38040A80CDBBC776FADC6D857C838A117
2300444304 60263 25881 29A6ABADADD6D8580B23BDDD1C2CFAE55D8D8D1EA5BBA5C1007017860C25351F
2299019315 25558 50039 7C20F6CF1A09EEE4F40FE6F70B0F070213E4AE0B9599CF6348B0EAC781225457
2303677023 41828 18272 7C20F6CF1A09EEE4F40FE6F70B0F070213E4AE0B9599CF6348B0EAC781225457
2298447825 9857 37338 65104095E31B44D255D116DDF20221C8F1229428DCD21E7BD9EB9563A5F6B399
2297188795 39975 48277 E827055C5AB6F9A96DEC3051BF57D522C3921B6C2CA101D63E750CE32A20D294
2296642375 6333 27433 7B37CA5FCCD8C615163D4E0AC5C3A6E8BF033B2E0153E198DF70CA08586CB47F
2295257424 60046 56604 7C20F6CF1A09EEE4F40FE6F70B0F070213E4AE0B9599CF6348B0EAC781225457
2303773791 27183 40646 0A01ADB128CDBEFA6F9604EB48F78467BC29EDD36CF885EB552C1837994615A2
2294783721 28676 54623 7C20F6CF1A09EEE4F40FE6F70B0F070213E4AE0B9599CF6348B0EAC781225457
2292802647 29458 14736 7C20F6CF1A09EEE4F40FE6F70B0F070213E4AE0B9599CF6348B0EAC781225457
2304315164 54164 43541 7C20F6CF1A09EEE4F40FE6F70B0F070213E4AE0B9599CF6348B0EAC781225457
2299973399 50474 38942 7C20F6CF1A09EEE4F40FE6F70B0F070213E4AE0B9599CF6348B0EAC781225457
2293533077 47322 26711 7C20F6CF1A09EEE4F40FE6F70B0F070213E4AE0B9599CF6348B0EAC781225457
2302145310 10015 11616 D15BB207707FEE9897715845C48EDA7248940814F33E806A71EB570ED05325A0
2299028746 45637 1014 8AFB025F78098FA78BF00D1D7BE27FB48B909A4786F49F37DB67ECA61DF32F74
2302630350 40775 50970 A2A647E125B079A8A6911F73C4A64F0B6F2487568D4A1C5CC7D5ED219935D828
2303794879 60092 65488 7C20F6CF1A09EEE4F40FE6F70B0F070213E4AE0B9599CF6348B0EAC781225457
2294125119 35158 49369 7C20F6CF1A09EEE4F40FE6F70B0F070213E4AE0B9599CF6348B0EAC781225457
2297600883 43380 33632 7C20F6CF1A09EEE4F40FE6F70B0F070213E4AE0B9599CF6348B0EAC781225457
2300343910 58875 64772 DE55DDEC7F7BF74785A21A248B09A30D6EF004218E52E21A495C2811BA38FA1C

Total of 0 tasks calculated error.
