Total of 100 tasks calculated correctly, accuracy 100.00% 
2311191120 45403 45976 1DD3B30B294445575A8EBB1D490095014A0B4EA5B0376383B8E826F88D408B5E
2314803981 15906 33794 7C20F6CF1A09EEE4F40FE6F70B0F070213E4AE0B9599CF6348B0EAC781225457
2306129349 10243 58346 E05AC32DBFBDCA9884CC4AF2D836F61A85015F15BF1712814C4A8BBF8E760532
2311988411 13659 8468 2382D49F080CEBDDBEB7C87F8AC436C05A241BB74676D6089FE3A1BFCB55A7DB
2309505836 49869 14411 2192E72F51B01D512049AE3E5FDDDD1204362B1D0C2F5E288331E65F27FD7A5E
2308271246 11975 12682 1BDC4C2C49D95E100253A92628FAB5BA4DA1E3D712B13C378165B6D66E0A747B
2308922936 34560 44578 7C20F6CF1A09EEE4F40FE6F70B0F070213E4AE0B9599CF6348B0EAC781225457
2315188006 63882 30993 7C20F6CF1A09EEE4F40FE6F70B0F070213E4AE0B9599CF6348B0EAC781225457
2312955415 51752 33724 7C20F6CF1A09EEE4F40FE6F70B0F070213E4AE0B9599CF6348B0EAC781225457
2310920224 1828 38813 7C20F6CF1A09EEE4F40FE6F70B0F070213E4AE0B9599CF6348B0EAC781225457
2314654160 52930 43514 7C20F6CF1A09EEE4F40FE6F70B0F070213E4AE0B9599CF6348B0EAC781225457
2315552245 35704 49821 7C20F6CF1A09EEE4F40FE6F70B0F070213E4AE0B9599CF6348B0EAC781225457
2306294398 45999 11268 907D07C474F4E28A31828D1E405EFA2E1CA40EFA02D328650394F6E451990B9E
2305954848 19181 15627 343A36B850EE3D353CADEF6231A0EA57E8804562E5C6F566D5F9B32EC82A9FA0
2308258657 2024 1112 7C20F6CF1A09EEE4F40FE6F70B0F070213E4AE0B9599CF6348B0EAC781225457
2315483543 63547 1672 A6CF7C6FFCB42079DB3A0AD4B17EBDE4C0625C529E2C5B3F5E6742EC6BC44353
2307864235 14274 46943 7C20F6CF1A09EEE4F40FE6F70B0F070213E4AE0B9599CF6348B0EAC781225457
2304896645 57982 21162 7C20F6CF1A09EEE4F40FE6F70B0F070213E4AE0B9599CF6348B0EAC781225457
2306402373 8823 27144 DDED21988B41A8E698F0D882C2D098B66268FE24F7B233B369826A5A6754C288
2306117284 42321 57268 D81FD448F2A5E36570CE4AAA3EEA48C785280126B0DA1955852F48452C87D97A
2310036857 41165 3967 3525EC4EB5ECAACA5A66872CF886C40C9F8075422592BA9B8147A66B88E0D9D3
2311002200 61136 45800 7C20F6CF1A09EEE4F40FE6F70B0F070213E4AE0B9599CF6348B0EAC781225457
2313618564 25484 39091 7C20F6CF1A09EEE4F40FE6F70B0F070213E4AE0B9599CF6348B0EAC781225457
2311888298 47632 34160 7C20F6CF1A09EEE4F40FE6F70B0F070213E4AE0B9599CF6348B0EAC781225457
2316186674 62916 61578 7C20F6CF1A09EEE4F40FE6F70B0F070213E4AE0B9599CF6348B0EAC781225457
2305535674 20448 62114 7C20F6CF1A09EEE4F40FE6F70B0F070213E4AE0B9599CF6348B0EAC781225457
2316211124 8859 7300 3B08AFDA23DBD92969BE189B303E72D0AA7F3E28E50CB8DF00B8A27194D4D577
2306858654 44878 46264 7C20F6CF1A09EEE4F40FE6F70B0F070213E4AE0B9599CF6348B0EAC781225457
2309615589 40877 5308 0951FCA177CC664B0A8610F358281C4B4CE42656642A4DF01723DC8D8B986137
2315873271 49514 55530 7C20F6CF1A09EEE4F40FE6F70B0F070213E4AE0B9599CF6348B0EAC781225457
2304743164 6121 54812 16A0C18CB2C0D42748545480258F03708DD973F4BF7B1DAAD7F81DDAC5C361DB
2304734454 20394 40094 7C20F6CF1A09EEE4F40FE6F70B0F070213E4AE0B9599CF6348B0EAC781225457
2307667584 53436 61586 7C20F6CF1A09EEE4F40FE6F70B0F070213E4AE0B9599CF6348B0EAC781225457
2314266720 61748 44487 7C20F6CF1A09EEE4F40FE6F70B0F070213E4AE0B9599CF6348B0EAC781225457
2314918342 60348 10323 7C20F6CF1A09EEE4F40FE6F70B0F070213E4AE0B9599CF6348B0EAC781225457
2305974988 41816 59704 7C20F6CF1A09EEE4F40FE6F70B0F070213E4AE0B9599CF6348B0EAC781225457
2313339707 316 28203 7C20F6CF1A09EEE4F40FE6F70B0F070213E4AE0B9599CF6348B0EAC781225457
2311548479 59719 31767 C05FECCBB71D7B93B076D984FB3129BFA92A72B006646F9B7F88FC0E16A9D5E3
2311115334 4707 40812 BED9B6EE0A1ABB8DEB8ADA08F234580DD217E28B2C5DAC800D6891B92F138597
2315394899 48339 62022 00D42707FD486AAF1CBB91FA834D95EDF920E5BA986DEFA27B503B4F7D6751ED
2306191829 26913 60727 1A01556E2D0089DE5A4EB760CFB878A457C13DCC0025FBCC6C6C504661B9A83A
2312470947 8755 56202 2961E4F35C7EB969BD251C2AF73A1620CBFAB1875AE2BBECBDE7A2A8FE0147C1
2307475466 60140 62347 7C20F6CF1A09EEE4F40FE6F70B0F070213E4AE0B9599CF6348B0EAC781225457
2315309342 24586 37128 7C20F6CF1A09EEE4F40FE6F70B0F070213E4AE0B9599CF6348B0EAC781225457
2315357838 2402 19688 7C20F6CF1A09EEE4F40FE6F70B0F070213E4AE0B9599CF6348B0EAC781225457
2305982805 19297 2411 82F712FB3DE9686722C073E2F8DF85BB18C5FB7E45EDAD997F07534070A9D521
2307337464 27148 61816 7C20F6CF1A09EEE4F40FE6F70B0F070213E4AE0B9599CF6348B0EAC781225457
2313698037 18691 63409 2C152C48FDF0834C6388C85CB00A4E65F0928016A6234E72A14F3189E83F5D00
2314163623 40593 58003 F60243E0B775831E4E35F15F2CAD34834FE00C2E541225FB8FAD84FEC0BA950B
2315711797 39362 61789 7C20F6CF1A09EEE4F40FE6F70B0F070213E4AE0B9599CF6348B0EAC781225457
2314253236 16224 16728 7C20F6CF1A09EEE4F40FE6F70B0F070213E4AE0B9599CF6348B0EAC781225457
2309746890 29006 63366 7C20F6CF1A09EEE4F40FE6F70B0F070213E4AE0B9599CF6348B0EAC781225457
2305637015 63033 14526 2E0CFA95EAC7121D69AE75B11607182FA81163A8A4BD03CD93923BCCA8EA1DCE
2305193096 45001 50729 CB3B638A92FC76E19B8AC69FD3E28A700E9AB10EABE7CBF1796F4137ADF4515A
2306908174 59905 18311 B82499495BC4B81C03B034A45C48A7DCF509868CDEB178DDFBDB12C527055293
2310421618 62623 11881 1FC37274DC79D036F0B424085B2BB93EF5CD4C7A57C7EB12F8650A78C3D9D5B9
2307993317 40879 52690 D33214723A3B25B5B5A63D275B5EE8E03F31CB3D31AD831206A581148C79D8F4
2307843750 15562 52884 7C20F6CF1A09EEE4F40FE6F70B0F070213E4AE0B9599CF6348B0EAC781225457
2308459634 52409 16583 9905AD3EB037790B3CBEE87BD5FC0FB5397DEB9E851C4C43A1E722D692CD8727
2316024476 58593 31998 298F63D44D34923DFC15234F8DC7A1E06B950FF85F9942E59895806AB7748DA4
2310801452 41959 36542 02654248513501430791499CEA3A7651D9DBA54881C06C253A61EBC672B37EC6
2314197174 33805 18261 88634E32A1E3AE17E5691D9653EAAC4D6C7C32E57DB3F5ACD0752A5629C14199
2314485899 56111 49347 0E398F52E719EAA31BE5842DFE9152856E062FBADF4AF84FB1BD9A81F77B7F88
2312915657 13137 18591 31E719FF17D44A86426FE900C3D708B3D704A80B895BA53EF4950FA7DA92F009
2311600917 43270 58433 7C20F6CF1A09EEE4F40FE6F70B0F070213E4AE0B9599CF6348B0EAC781225457
2312397510 43580 51424 7C20F6CF1A09EEE4F40FE6F70B0F070213E4AE0B9599CF6348B0EAC781225457
2308786092 23353 3696 55672D0898E244D373992CF7D5819C78A45DF135C67BBB65A3E49DCD446D2816
2315007730 63845 39711 18995FEC8F0AD5DEE797691B49836AB0569C11F8A9BB3664F29E64BBE0E19765
2313985475 60166 10326 7C20F6CF1A09EEE4F40FE6F70B0F070213E4AE0B9599CF6348B0EAC781225457
2310434370 1168 7608 7C20F6CF1A09EEE4F40FE6F70B0F070213E4AE0B9599CF6348B0EAC781225457
2304753527 16077 56371 D224E3AFD867BD10F0C3C7C696F31CCB016A126079D1C07BABED19AD50A5D2A3
2312565272 22332 25676 7C20F6CF1A09EEE4F40FE6F70B0F070213E4AE0B9599CF6348B0EAC781225457
2305660647 27576 1581 7C20F6CF1A09EEE4F40FE6F70B0F070213E4AE0B9599CF6348B0EAC781225457
2304911055 35743 6508 7B3ECE1BBAB96A27E8F55EE190C91249E357BA4B30F3D89D035A00CE6BC66B25
2304978785 6118 45162 7C20F6CF1A09EEE4F40FE6F70B0F070213E4AE0B9599CF6348B0EAC781225457
2307119365 23824 18446 7C20F6CF1A09EEE4F40FE6F70B0F070213E4AE0B9599CF6348B0EAC781225457
2313283320 19059 15221 1B840E1062D9DB36C132AE05C3C1997A5FEC673AA03C573DF04237D198AEDEF5
2315001379 36919 38868 A5F114D8035792DEAF83FE8A2FD29FDA15EC3EAB8A657EA18E3EFD20A48DAA18
2314068743 23910 9421 7C20F6CF1A09EEE4F40FE6F70B0F070213E4AE0B9599CF6348B0EAC781225457
2310723854 16339 53442 5AC2FF91D9AC506AE43F742BBA0D18177CFE1B8475D629B01173D94D47B7C358
2311071868 62323 18767 C3331BA64447194E47BA2A2637249A91F63CFE5E6AEB619EEEAF637C9F1F0187
2313254139 61256 33616 7C20F6CF1A09EEE4F40FE6F70B0F070213E4AE0B9599CF6348B0EAC781225457
2304861307 18201 19847 E63DA1B3DCA80E193409F96F6FAF3E0C857788C10FB84D37A51F0DCF580EF517
2315217674 26096 39128 7C20F6CF1A09EEE4F40FE6F70B0F070213E4AE0B9599CF6348B0EAC781225457
2305331495 23223 62056 39BD7AE3A891DCE31FBF1B0F2F481C5C3CCDE560CB30F1F1C256EED7D19D4A33
2312406821 46821 30617 FB5AFBEB4F7C8193D060F228F2B8FD76FE982EB667272B4DE06CD7CE99F8AB15
2305711015 7323 60030 D169B076857771D160EE0589086E3052ED2B21AD7CFBD9C5E54633245B035991
2312781404 4149 43278 5A2E2DA0654EFE12A533DC66F9B5F6C29AD1B10823C385352D788152A06B0730
2310002490 40578 35900 7C20F6CF1A09EEE4F40FE6F70B0F070213E4AE0B9599CF6348B0EAC781225457
2315245317 40859 13102 3FABAA328CFABDD5E3390A40DF1DF4EE951D4343DB642A31D9788DD1BD1CE68F
2305913192 26305 42535 7BFA8D77440208AB3A0889E6AFB2F6B53D22A5169FFF7D42059E33B8EAAE20BB
2307819944 21811 32763 1D81748ACBF22DD2BA644E602BECC3D71C4C66F5CB41DF433BA0F16A1B193262
2306891848 57915 24943 145A87F4367AF8E4A2E746CE4AF2D4937D82479057581CF2C922B684B47E4958
2311568860 11694 23566 7C20F6CF1A09EEE4F40FE6F70B0F070213E4AE0B9599CF6348B0EAC781225457
2311832447 56237 33705 DCA13974BBF66EFE6E23C59366FB443AA9E62812CA0502361A63CED4FF44A2FB
2307122657 29198 15241 7C20F6CF1A09EEE4F40FE6F70B0F070213E4AE0B9599CF6348B0EAC781225457
2308022923 27991 3281 11E1B169F68CFA27F64B093ADC16BE8F616539CBE15C0B2887BB535D181DABBC
2315179938 25859 31101 7E48364EFEEA021F6685393A8EF53F599685CACDBF41A01F1C1F7A88D8364F75
2305723867 63216 54789 7C20F6CF1A09EEE4F40FE6F70B0F070213E4AE0B9599CF6348B0EAC781225457
2313537755 14298 53870 7C20F6CF1A09EEE4F40FE6F70B0F070213E4AE0B9599CF6348B0EAC781225457

Total of 0 tasks calculated error.
