Total of 100 tasks calculated correctly, accuracy 100.00% 
2333282664 40103 35434 58C0253B713F272C44AC9732866BB714212677AAAC1B890C43BD9119CC27D1EE
2338964474 61864 15428 7C20F6CF1A09EEE4F40FE6F70B0F070213E4AE0B9599CF6348B0EAC781225457
2332557157 59587 21222 FD4950E150530ADB56E7DBFDB6030EE00362CB816D1BD344F77BB8E2D5F44987
2338373264 44009 34268 61D17D422C62824550CF9C4414EDF7C607AF0E58C6D60CE6558847B393F5B34F
2332965193 4686 48400 7C20F6CF1A09EEE4F40FE6F70B0F070213E4AE0B9599CF6348B0EAC781225457
2337897836 24690 65424 7C20F6CF1A09EEE4F40FE6F70B0F070213E4AE0B9599CF6348B0EAC781225457
2332454297 51318 51170 7C20F6CF1A09EEE4F40FE6F70B0F070213E4AE0B9599CF6348B0EAC781225457
2334206533 30716 23848 7C20F6CF1A09EEE4F40FE6F70B0F070213E4AE0B9599CF6348B0EAC781225457
2330929693 58979 54454 DB12261150F9B475B9CC26B7BD3F801BCFA57A6A8DE884983C81A2B413D07ED9
2339103210 37942 41587 7C20F6CF1A09EEE4F40FE6F70B0F070213E4AE0B9599CF6348B0EAC781225457
2330123171 31299 30822 65CA6D1AA71788CAF27CF837214091E90BCAB4B19596FE6076519CAB5317BD7F
2334119357 64716 50313 7C20F6CF1A09EEE4F40FE6F70B0F070213E4AE0B9599CF6348B0EAC781225457
2338980943 11775 16843 4241F4D8B3EA52150290F6518F9BA1F776650B066F60F37DFC5E951385594E56
2336532635 36389 24367 90819D042618304588328DAE1CB5A0B771340703C8BE83223E79D1DA42EC4CA3
2339104307 46248 15546 7C20F6CF1A09EEE4F40FE6F70B0F070213E4AE0B9599CF6348B0EAC781225457
2333586684 40276 14789 7C20F6CF1A09EEE4F40FE6F70B0F070213E4AE0B9599CF6348B0EAC781225457
2332292674 25936 11769 7C20F6CF1A09EEE4F40FE6F70B0F070213E4AE0B9599CF6348B0EAC781225457
2330713444 41567 46486 5F4A083F0B62356727EC9D3A9D39073054A4AD10BD66D923E87B3D3EB679339D
2338625695 18063 38523 60D987BF710F24B91ED82B81254D0080C7FF2CBDA7038E89FD4DE646A0D8904E
2331276948 53545 50834 04A78E51D79DAF5FF2E87905B750CDAE29D7FAA7A5999A1085EE86D5C525B2EC
2336622865 61337 53531 F3808722A7D3811A5763A5F88741920A1B24681D02063B03D7AC41A1221DD712
2328886670 58761 23371 23DD84E2D708642E0EFFEAD442FB34940C741D37321A0C333034A77004739D0D
2337370496 61839 8710 BC2B0E0C17218A3E1BC36DD7E07DFBB74E51796C050385FD82C148DF15C10A38
2332274978 5179 39041 8A31AEE465B1750CB339C25FEF7944BFBA113428329D303489EA61637F2AFC92
2329221759 6022 30667 7C20F6CF1A09EEE4F40FE6F70B0F070213E4AE0B9599CF6348B0EAC781225457
2339616954 65234 61973 7C20F6CF1A09EEE4F40FE6F70B0F070213E4AE0B9599CF6348B0EAC781225457
2330824469 12692 62606 7C20F6CF1A09EEE4F40FE6F70B0F070213E4AE0B9599CF6348B0EAC781225457
2333389393 53818 49386 7C20F6CF1A09EEE4F40FE6F70B0F070213E4AE0B9599CF6348B0EAC781225457
2338870349 11506 13069 7C20F6CF1A09EEE4F40FE6F70B0F070213E4AE0B9599CF6348B0EAC781225457
2331047873 8154 64815 7C20F6CF1A09EEE4F40FE6F70B0F070213E4AE0B9599CF6348B0EAC781225457
2329818997 7458 3166 7C20F6CF1A09EEE4F40FE6F70B0F070213E4AE0B9599CF6348B0EAC781225457
2330341969 65083 59822 ABE2EAB22E12FE14B869AA842A36499BBCFC297AE0842C41F9194F6255C28551
2336791114 59799 47171 44184812FB3F57563BE4BC7343080BE498A7604981B6720BE2373AD93C362EB3
2337274202 39843 1387 47D98E0957FC79CD125A7C5CACB41CD6D540A282EEB15E93E3C6C3D8107ADF07
2338353346 22691 17374 08B7D45BAF8E51516B0A159A1F4CDAA1D8B5153A26A1F235AF04B9F91E487ED9
2336339235 46258 32090 7C20F6CF1A09EEE4F40FE6F70B0F070213E4AE0B9599CF6348B0EAC781225457
2338793899 33746 46100 7C20F6CF1A09EEE4F40FE6F70B0F070213E4AE0B9599CF6348B0EAC781225457
2337049105 24362 14853 7C20F6CF1A09EEE4F40FE6F70B0F070213E4AE0B9599CF6348B0EAC781225457
2330313265 12197 52488 962DFE56F42DBA97BAF83FD36A79E8BCEB44E8476B9E5F3574CA99E0386EFBA6
2329479028 50292 60034 7C20F6CF1A09EEE4F40FE6F70B0F070213E4AE0B9599CF6348B0EAC781225457
2337348858 9420 5629 7C20F6CF1A09EEE4F40FE6F70B0F070213E4AE0B9599CF6348B0EAC781225457
2335933791 34455 13979 F1CDB1871D25D73E84F2E4B67F4A747EC193D563A1D95299AFEEFF247BB3908C
2333960812 12001 5795 4995A2CD3064602DD0472D6253B6A68BA338E556FD85DD0398FFDC4311DE06CE
2336372840 47455 42852 E88FF48EE138908B2DFCD2C9688A235D2987ED10E3F91A7F8B00D7904B526ABC
2332380543 778 2339 7C20F6CF1A09EEE4F40FE6F70B0F070213E4AE0B9599CF6348B0EAC781225457
2335301632 46177 33328 7DFB1AE5C26CDE26D1DF3E3BAD73413CD5A13B97BFCF717FF3F5A49FFB8796C7
2335340992 3683 26457 B82658ADC6AF378F5C2AB0FA33B5C1C7FE037ED0095A038DA33FC0122E3B521A
2329867893 65283 43629 5956F0136CE24BFA098857BA31A22AB1C58486AC0705EDF3B8811CBF54461749
2331515868 6898 17905 7C20F6CF1A09EEE4F40FE6F70B0F070213E4AE0B9599CF6348B0EAC781225457
2328968479 48485 47206 94330EEB4B8F1B0B429EB6D28533E6D089D316ABD04739ADAFADF14CDC55BA88
2330151443 10372 54898 7C20F6CF1A09EEE4F40FE6F70B0F070213E4AE0B9599CF6348B0EAC781225457
2329419570 50096 17316 7C20F6CF1A09EEE4F40FE6F70B0F070213E4AE0B9599CF6348B0EAC781225457
2329250828 50193 62887 645467571A33825EA63CAD7725A66BB7531B042379997672E59EF2BF6C51E221
2335841411 32637 57346 3139E1416FD9EBEEE521DD9A94E8FC6F562AE323F3E87E65A6055D4B21C9AF6C
2334735155 11293 14865 02049576FCFFEE9B9978A38411D4C1E9984E59AB6F047BAE835B1EF776135FCA
2333728511 8330 37011 7C20F6CF1A09EEE4F40FE6F70B0F070213E4AE0B9599CF6348B0EAC781225457
2334542787 20815 16031 088FC7CE8449A3A0ED5CD3A6A265871C5967A79F3A7A7979D136F52B57DAA0E9
2337487428 45701 60472 65222AE187A7D27715D7C37A97015958BE2CC681B0A8545E578F8D999CBD2B50
2340135460 20139 42882 086CF3C122324D38253C99512F4F3CA2DBCE410C6707EF5858EA91D8710B768C
2336702512 19819 21223 8800F8D4C1F5B26F62BB3E18E4A664E74C87B9DA2D0654425F6C3B39CB61E607
2334722737 27917 14064 7A753EFF33EEE7A388878C1EAB95C3F26E88629781D4AD7B8B64256489AC749B
2334654504 63266 31934 7C20F6CF1A09EEE4F40FE6F70B0F070213E4AE0B9599CF6348B0EAC781225457
2328942486 29561 1436 7E5F374BAA2A275B225EEC506F9CD988F0643489F381C6F6581FF4772526FAEB
2337063756 8152 24151 7C20F6CF1A09EEE4F40FE6F70B0F070213E4AE0B9599CF6348B0EAC781225457
2338531693 30939 64148 B42E590B93CA06C67C665EAA58E7EFE2F2D76D7D083220653874D739C8E7EEE2
2330447918 30961 47142 309B3AF412A8B3825BF6371F5A541F400397F16672FA6B2924242E517E42C84A
2334898314 15551 57401 86BF4D0A279B50F8FDF60D8DC05A81EE7C4412A38C20535969DA51F7EAA201DA
2338687818 9365 13326 C0A447FD22261E81BEF3B258E5755BA53C139421D8397A9A0ABFA58CF0320426
2329252923 1615 16511 21484F1FA010CC2E50297C7711A3F916B70C7D8E544C758C2754AAC3D41C4E0A
2334901015 13021 18412 EEB733BFF465BE317573809078FD45498D36DF35C1625B1F79D5831D120CCAAE
2330499137 56991 50888 9EEE3CEEE51145D73AE6D958B44E65EC1B244F8377B663B7329A9DA48912950D
2330814967 27747 241 AE2931BFDDCFC9DEABE404B7AE11C658DA294D4A1D71167F375495AAEE0C3D2E
2328815119 58483 2980 7CC26AF2D2824B63969F07B6B3561A4884EFC53FC0B9129EC98B46F7A0489CE7
2335270994 39931 49027 62EC1DCA197B96F81221B8EABBB5A603F5BC7F21A2DDA170522B948603BF9C8F
2337952370 37773 37195 6DB911B3D9B61D0C7202B546665C4A0C25AF9E34C3516017FF739E067FBC0F9B
2335470714 26065 30909 029C74E61AA5A5437DCC21E3440B10E720B98F99DB50CACBDAF8B42E2992EC43
2337728478 19771 25849 DF0E0D6A77D2CB8160F5017B771CA4BF7F6638A70AB9D2788E67A8C8BC9CA72E
2329886332 44556 64680 7C20F6CF1A09EEE4F40FE6F70B0F070213E4AE0B9599CF6348B0EAC781225457
2332831421 63229 55520 113F99E245F519ABA5ED396E89BBD67E4AF25E44E1500B75CB465DDA5FE0CA00
2336350204 6311 64939 1023925C8BFC07154E67C2DBDA4B9CFB810C46FC096D43F1655B8BB9A634A4DE
2333421131 36815 10380 CA9D71ECAD20A538335B10DDB734789DD4BABF500534A6519E5F4E44C027078C
2334389195 53536 44694 7C20F6CF1A09EEE4F40FE6F70B0F070213E4AE0B9599CF6348B0EAC781225457
2328625056 16028 36827 7C20F6CF1A09EEE4F40FE6F70B0F070213E4AE0B9599CF6348B0EAC781225457
2330183984 7211 42127 BA25A0E2F95E8A3A7E65DBC0CC1313531087BEEAD4CDCEEC1774D36E4BAA62BD
2334383881 19815 18559 DBE914E061641101C27DCF3D69877DF636E4414803A367595B1F07D539235893
2338179655 6638 13301 7C20F6CF1A09EEE4F40FE6F70B0F070213E4AE0B9599CF6348B0EAC781225457
2331346028 63419 42556 99C4E0563C9D338934D538962143C9BA137BF8BE601CAE218E6A01B37497DB19
2334421490 16006 42210 7C20F6CF1A09EEE4F40FE6F70B0F070213E4AE0B9599CF6348B0EAC781225457
2330423059 2715 61926 67248CD2D83AF799FA8719A284333713D9454E8E078C69696C1D50D92767BC05
2330407390 6480 19232 7C20F6CF1A09EEE4F40FE6F70B0F070213E4AE0B9599CF6348B0EAC781225457
2337785586 21390 17020 7C20F6CF1A09EEE4F40FE6F70B0F070213E4AE0B9599CF6348B0EAC781225457
2337194000 18735 65365 9CFC5F46A8509E80DEE38C1C161211663933ECBBDADEE415693A4613F69B4E26
2335732515 28385 57305 A9027EBA5A2839F6FC253CE7C451323B9C1A3D667AF3211162210AF25877DACC
2333375718 46433 439 B59A99EA0F6D0B852643DCCBB0C44F0150BA8E9B950A661514366FAD18D40D28
2330506523 39163 14127 4CBBA383006CC8C91A321B97976DD177456CF21A8077CA93323146095468CC0D
2331412587 64057 59645 DA9EDDE234293424642D41B31B650740D3139381D80151AF5477BCB10ACD8B4B
2338928438 11472 25181 7C20F6CF1A09EEE4F40FE6F70B0F070213E4AE0B9599CF6348B0EAC781225457
2334697388 31469 29657 E945C93153C698B81AD82E2F713CFB51679CE0140D4D35ED3FB88E5498A509A5
2333576100 65388 55436 7C20F6CF1A09EEE4F40FE6F70B0F070213E4AE0B9599CF6348B0EAC781225457
2333495986 30925 64081 C83BDB28AFB045092AD697E367BFA19F57AF42908430DF6027C81E45AA5BCCFF

Total of 0 tasks calculated error.
