Total of 100 tasks calculated correctly, accuracy 100.00% 
2350557864 307 40045 94EF588A9AA04DAA4C16DD425EC20DC230C0F70F1E92D18A3A03084DC45745F4
2344872868 47173 28938 180E958837CB9D03ABAB33D8D0E95210C7E81F9A9302289D2C3B917386D4B206
2343657452 60733 7166 66EC5A67855F75476AE26AC86DA37FEADF8227B1D51BC8C7B20DCE78DF23DCA7
2348892739 50743 9850 CBE78EE7C19AB553BF81B1CBF42B99A80D0E94AF9C729661DAF7B3D74B0A994D
2346533371 54118 8550 7C20F6CF1A09EEE4F40FE6F70B0F070213E4AE0B9599CF6348B0EAC781225457
2347691453 1547 42548 4EFC3EC7FBD1B41F9634F9B1406AE75C41911B361BEF82BCF9263C15B25B0C4F
2351089755 16012 15172 7C20F6CF1A09EEE4F40FE6F70B0F070213E4AE0B9599CF6348B0EAC781225457
2344772339 25663 22178 C2C9992AE1C0EFD849EB0852BF31CDA23D8C23587D68E54BB315BCEFB0DF7318
2347096281 9804 45161 7C20F6CF1A09EEE4F40FE6F70B0F070213E4AE0B9599CF6348B0EAC781225457
2345008439 31713 8770 F7654C060A3740E78B10CADA8F61AAA8EAB345820444B0EB2BC31A054E3633DE
2343847057 22422 56572 7C20F6CF1A09EEE4F40FE6F70B0F070213E4AE0B9599CF6348B0EAC781225457
2341070189 44450 45974 7C20F6CF1A09EEE4F40FE6F70B0F070213E4AE0B9599CF6348B0EAC781225457
2344417120 21213 60510 617F55629A1C899670AE88F016459F58657F907813EFFF1266902833C7B1D6B2
2345756232 14272 28737 7C20F6CF1A09EEE4F40FE6F70B0F070213E4AE0B9599CF6348B0EAC781225457
2342728642 60490 20645 7C20F6CF1A09EEE4F40FE6F70B0F070213E4AE0B9599CF6348B0EAC781225457
2344653101 58902 6984 7C20F6CF1A09EEE4F40FE6F70B0F070213E4AE0B9599CF6348B0EAC781225457
2343553239 2508 6436 7C20F6CF1A09EEE4F40FE6F70B0F070213E4AE0B9599CF6348B0EAC781225457
2350740470 3633 41072 2F92CF7417D3DFD275B7C901AB807594EBF6EFB1911834B83536215120C8980A
2345002977 19369 58283 26D0A33D80FEEDF06BBF1F999308CC38F0A5D3529946D96537C323BBF5ADE82E
2349320698 25208 14561 7C20F6CF1A09EEE4F40FE6F70B0F070213E4AE0B9599CF6348B0EAC781225457
2342436196 28319 23513 CB21F50C115D31B0C1225E8B608764CC2CB1339569DF03EAD525C05F6AAE8B13
2345532998 21043 31628 D6E0E1D2840AF09E51F2CC28121A46512E20C83E9634ED613B248A1184F9EF05
2349040819 43771 29383 7CE39BB52CF060F2F153250282A71F336B21C5A9FEA45606F86CE1C038DF7D59
2348089482 5891 7950 39679AB776E02D488E60D471EBF6A5F30A76DCBE4A71D2D62CE5037D4BCE9AF3
2350889556 26476 4777 7C20F6CF1A09EEE4F40FE6F70B0F070213E4AE0B9599CF6348B0EAC781225457
2341970660 10709 28820 18A1259E7543046230134E3BD50078034546BB7BB61D79A525C74CA3299933F6
2345647215 440 41149 7C20F6CF1A09EEE4F40FE6F70B0F070213E4AE0B9599CF6348B0EAC781225457
2344792643 33842 52065 7C20F6CF1A09EEE4F40FE6F70B0F070213E4AE0B9599CF6348B0EAC781225457
2347129851 22927 41609 40F480467081DBF6D4A2854A78A3092737E50890093733738FD6DA6E9876AB5D
2352078408 26236 63241 7C20F6CF1A09EEE4F40FE6F70B0F070213E4AE0B9599CF6348B0EAC781225457
2343796794 16871 38916 CC0AD0D6943F60D99849B01414F81818ACA840D18F03A762BD389554128D3BF2
2344595769 36225 45239 681BE1769C53BF39165BC5C4F79DED670B96DB1399E81A57B9B1934FB8EA5C5C
2341901545 46378 39158 7C20F6CF1A09EEE4F40FE6F70B0F070213E4AE0B9599CF6348B0EAC781225457
2343479015 36466 13633 7C20F6CF1A09EEE4F40FE6F70B0F070213E4AE0B9599CF6348B0EAC781225457
2344910285 42282 3528 7C20F6CF1A09EEE4F40FE6F70B0F070213E4AE0B9599CF6348B0EAC781225457
2340673912 47954 16363 7C20F6CF1A09EEE4F40FE6F70B0F070213E4AE0B9599CF6348B0EAC781225457
2342100570 17876 14217 7C20F6CF1A09EEE4F40FE6F70B0F070213E4AE0B9599CF6348B0EAC781225457
2345687560 55226 31111 7C20F6CF1A09EEE4F40FE6F70B0F070213E4AE0B9599CF6348B0EAC781225457
2343725558 3352 27487 7C20F6CF1A09EEE4F40FE6F70B0F070213E4AE0B9599CF6348B0EAC781225457
2342387427 8846 27513 7C20F6CF1A09EEE4F40FE6F70B0F070213E4AE0B9599CF6348B0EAC781225457
2346031345 41594 52444 7C20F6CF1A09EEE4F40FE6F70B0F070213E4AE0B9599CF6348B0EAC781225457
2344774550 45528 52848 7C20F6CF1A09EEE4F40FE6F70B0F070213E4AE0B9599CF6348B0EAC781225457
2346539817 56702 63515 7C20F6CF1A09EEE4F40FE6F70B0F070213E4AE0B9599CF6348B0EAC781225457
2350935889 53258 40647 7C20F6CF1A09EEE4F40FE6F70B0F070213E4AE0B9599CF6348B0EAC781225457
2346372856 19246 27049 7C20F6CF1A09EEE4F40FE6F70B0F070213E4AE0B9599CF6348B0EAC781225457
2348839647 8158 11562 7C20F6CF1A09EEE4F40FE6F70B0F070213E4AE0B9599CF6348B0EAC781225457
2348640573 739 4433 782FA66E3D16A6348961041AE0752FDE08F31F4164B9C812071320E061D737B8
2343644759 6958 29950 7C20F6CF1A09EEE4F40FE6F70B0F070213E4AE0B9599CF6348B0EAC781225457
2344432706 37546 39106 7C20F6CF1A09EEE4F40FE6F70B0F070213E4AE0B9599CF6348B0EAC781225457
2341674521 41775 44847 8EEC49CD4A99F4261EBA61A2B2D2CFB37A7BDF8085CCDBD33AFE3006B799AE01
2342302161 21961 34482 BEE2D7B350264C455504ECB6982456ADB3B1CB7DC600FC51E72CC00130DA2D76
2345818599 33086 49920 7C20F6CF1A09EEE4F40FE6F70B0F070213E4AE0B9599CF6348B0EAC781225457
2345900422 53742 54103 7C20F6CF1A09EEE4F40FE6F70B0F070213E4AE0B9599CF6348B0EAC781225457
2341723594 18932 53579 7C20F6CF1A09EEE4F40FE6F70B0F070213E4AE0B9599CF6348B0EAC781225457
2351935676 31320 56767 7C20F6CF1A09EEE4F40FE6F70B0F070213E4AE0B9599CF6348B0EAC781225457
2346707788 13543 61956 2EF00E9236A5603752ADD7C247BECA67B70B42A8E1060E3F2D229B9A94C0A1D3
2344340873 59076 61459 7C20F6CF1A09EEE4F40FE6F70B0F070213E4AE0B9599CF6348B0EAC781225457
2348800115 13257 30591 6022EDE7598DE06C7D2C379DCBF7E3B807D33D11347E9436B637B67B082FD6D8
2342721687 31682 47971 7C20F6CF1A09EEE4F40FE6F70B0F070213E4AE0B9599CF6348B0EAC781225457
2350358103 30010 43389 7C20F6CF1A09EEE4F40FE6F70B0F070213E4AE0B9599CF6348B0EAC781225457
2348469785 13234 615 7C20F6CF1A09EEE4F40FE6F70B0F070213E4AE0B9599CF6348B0EAC781225457
2343927556 58536 41962 7C20F6CF1A09EEE4F40FE6F70B0F070213E4AE0B9599CF6348B0EAC781225457
2341696013 60184 9516 7C20F6CF1A09EEE4F40FE6F70B0F070213E4AE0B9599CF6348B0EAC781225457
2340739553 11342 38508 7C20F6CF1A09EEE4F40FE6F70B0F070213E4AE0B9599CF6348B0EAC781225457
2350211651 14587 3934 B88E3202DC9E8B229AC17CA56EBA3BBA1D09B8265D47A3F2007C1405691E82FC
2341497284 54666 62953 7C20F6CF1A09EEE4F40FE6F70B0F070213E4AE0B9599CF6348B0EAC781225457
2347238610 33680 60704 7C20F6CF1A09EEE4F40FE6F70B0F070213E4AE0B9599CF6348B0EAC781225457
2343358784 63779 62053 21CB62C9F27CF9E0D4062F663FCB7B596357A8AA58F80836148C6FE53021B46B
2341693593 56668 14164 7C20F6CF1A09EEE4F40FE6F70B0F070213E4AE0B9599CF6348B0EAC781225457
2345570171 36599 20386 446CD9D1F74618B72A20FB8A41445BE36B55540E72F76A50FC302A22779C6D82
2351387703 48346 8529 7C20F6CF1A09EEE4F40FE6F70B0F070213E4AE0B9599CF6348B0EAC781225457
2340906797 36509 34847 563EB52B8038558F0A6E86EE9445EA1ED8C7FA7E5F41B9232C07556CD0CCE889
2344908363 27048 54530 7C20F6CF1A09EEE4F40FE6F70B0F070213E4AE0B9599CF6348B0EAC781225457
2350668097 14044 3774 7C20F6CF1A09EEE4F40FE6F70B0F070213E4AE0B9599CF6348B0EAC781225457
2349565594 17136 47914 7C20F6CF1A09EEE4F40FE6F70B0F070213E4AE0B9599CF6348B0EAC781225457
2341060743 40013 47426 00FA2317EF46FC68215A5FA27BE7082AF9820FE665415481039780B32B0E89EE
2345960688 3537 56758 AEA114248F87507296FC262AD9FC0E7873881B2437222BEB75AD80338FB6253F
2347248174 57109 37495 95B5029E200C09A32D7A327AB2269EF0E8A279D2EDF93683191E3FAAC8BD0B77
2349612295 49153 16862 51F14A0FFF703A19E2EE8D8D6ED1E49961A45028D7A09F54F7DFF2B913061899
2346878877 65481 20991 4DD8255040690DF905744BB7AAF854972090B03975A160919E7A6368B146FCC5
2350140603 35050 26044 7C20F6CF1A09EEE4F40FE6F70B0F070213E4AE0B9599CF6348B0EAC781225457
2343486649 29244 16772 7C20F6CF1A09EEE4F40FE6F70B0F070213E4AE0B9599CF6348B0EAC781225457
2345680642 7751 2708 08822AE8DE434E96BF510C170D8329BB32B64224A288CC38D8BE77365CD51CA2
2344079799 64843 50501 0FB5C17A3ACA82DE42E8F28D51DD2BBD4313DCA984227FB780369A540ACE3880
2350191480 11705 62118 0FAF2DB9BB4BF84516EE004DEF4A698C2674F94E8A28DC0125B45F0A810BBC99
2348327788 43621 16534 2BE7F083C0A2FF0B9DD0B5E50F3F6D53936FC05ECD58A14F3A14C7B138882302
2349951354 22326 3296 7C20F6CF1A09EEE4F40FE6F70B0F070213E4AE0B9599CF6348B0EAC781225457
2341154318 49461 50615 FAF41132F0CC7EE6141D47D0A3D4A70DA1E7F55D4ACA299FACF7339375CDC55A
2343116860 61837 42879 DF9BE84D94B71A4EE0C31A1495ABFB49159A186ABC8DEF0D33A2D3997FA2E021
2348291039 60311 5525 0C3291684FB5D1D1E3D3F3B88863C575F1B31CD023CC3B330E3BA844D7921C30
2346038960 37912 23811 7C20F6CF1A09EEE4F40FE6F70B0F070213E4AE0B9599CF6348B0EAC781225457
2350433486 37405 18020 1D886F78A2C8312CD6C82FCD35566BB9DCC5EDA209F9C4CA86065E3529417C96
2349189892 48739 17471 B45D291FC51F57B83FC0AFD867A05FA08206AFA612B9DD64E964FAD5A46E85DA
2344110934 25246 16809 7C20F6CF1A09EEE4F40FE6F70B0F070213E4AE0B9599CF6348B0EAC781225457
2341336972 17752 62133 7C20F6CF1A09EEE4F40FE6F70B0F070213E4AE0B9599CF6348B0EAC781225457
2349621957 22301 24472 9C7C17294E7236ECE3F31B82530E85171B9EF2D78B75185C52F513AC37CD5BF5
2350174428 56773 54052 3EB1B8250E0856D4C8CF097A675972559DF2773880FF632A78DC5427DA66D6F7
2351286559 24677 18352 3BCB6AFE6668411A4EB43413CA68360C7C471E0EA58A2953267A6ABFA227D3E1
2346875768 13373 45040 06C029259C775C996B8A1BFF6C8C64076452A72E68C70B944DE531F7AFE34141
2346209917 12987 11031 AA0897A88A24FEA05446D83C1C8DD9FA6ADC4D8455F151A7A43C7F0C358900B9

Total of 0 tasks calculated error.
