Total of 100 tasks calculated correctly, accuracy 100.00% 
2380900609 9664 56911 7C20F6CF1A09EEE4F40FE6F70B0F070213E4AE0B9599CF6348B0EAC781225457
2384681298 32021 26215 20C146DC1647A1EB2E3617A40B22379E58C8E8A163BAAF85EE1F5D5889CEE03C
2386469975 59536 63422 7C20F6CF1A09EEE4F40FE6F70B0F070213E4AE0B9599CF6348B0EAC781225457
2386070305 43911 5207 C468ECEB308B4C53171AAF76A67C598213F2E43335F94394DA39A94E5BC68E56
2383212126 8407 45059 F00CF7FA12865234919FDACB298F9A7A336BDB3E623B584EA705E6E38EB63218
2380948792 10524 23874 7C20F6CF1A09EEE4F40FE6F70B0F070213E4AE0B9599CF6348B0EAC781225457
2381638453 38764 18846 7C20F6CF1A09EEE4F40FE6F70B0F070213E4AE0B9599CF6348B0EAC781225457
2383939160 60019 28453 48887C7C1FD27B8781E21D1098E92374D36D0022B33A35D1B369451B5CB049B2
2384829972 5153 50426 995475D026479A4A8A7B9F1ABCF2DE7B210F42CAD18F595E823DA745A8A5D0A0
2386355470 32222 7844 7C20F6CF1A09EEE4F40FE6F70B0F070213E4AE0B9599CF6348B0EAC781225457
2381712201 669 35232 CEED2A5BC6785CAA34E0C60E50460BF706495381EF9191D5407A56469EC2743E
2378556305 62179 63841 4CCB55083BBF0D1E50C70E4B78DBC49D71BDE7029D901AADF0D51102BF4182D0
2381601544 58900 32442 7C20F6CF1A09EEE4F40FE6F70B0F070213E4AE0B9599CF6348B0EAC781225457
2381706574 49669 54462 0F4980E3EF716A2044CEE8046B851ACAA559D79F5F3C3ADC63AC63B350BEF8A9
2385884008 810 17486 7C20F6CF1A09EEE4F40FE6F70B0F070213E4AE0B9599CF6348B0EAC781225457
2385671764 51425 26469 3FDA79DDA72ECFFC2FC1972C80182686AA52015C81DC86999083D6A6E47D0142
2381501261 37578 32906 7C20F6CF1A09EEE4F40FE6F70B0F070213E4AE0B9599CF6348B0EAC781225457
2387107944 19654 37151 7C20F6CF1A09EEE4F40FE6F70B0F070213E4AE0B9599CF6348B0EAC781225457
2384538890 553 30064 B745602BE9E3CDE4B5F70A63F0E9EA711ABEB13B01ED9D4049B6456DF9FA496C
2377782200 64906 52732 7C20F6CF1A09EEE4F40FE6F70B0F070213E4AE0B9599CF6348B0EAC781225457
2380560029 26558 64154 7C20F6CF1A09EEE4F40FE6F70B0F070213E4AE0B9599CF6348B0EAC781225457
2378249759 20385 22673 F48199CA3A3AAFADE66EDFB3D9DD0566CB1A47594495F7E7E12487E1BF6E259E
2377955964 44031 4088 12A8F89CCC356DFB03E0A6CE380A8DFEA5CC98AB6986C278B03AAAA959F211C7
2380261947 38563 47843 6B3864F96044C0AEA5F4AAB63FF37B658C984A633B323C5008C83072D4195BAD
2382343170 33803 50880 12C27298A8C9B4D7C4A76CFA208BAF1B6DBBD4B6E22D509B7426F80531144221
2386154709 49729 26672 506441CFF2A052E03EF95C86FEB516B5A52C3DB1D800E842F3F59C4B0801A6EF
2385046623 29996 61741 7C20F6CF1A09EEE4F40FE6F70B0F070213E4AE0B9599CF6348B0EAC781225457
2383151928 38864 6169 7C20F6CF1A09EEE4F40FE6F70B0F070213E4AE0B9599CF6348B0EAC781225457
2388194825 19401 31044 4EF68EDE9D44B534892313DBD0A85420D9CA1B05DAE91A8D59733F01544D7B53
2381648014 62263 38027 6A0C1EF3CE770E9A19DCFDE2D1EFA5F1EC93E22FE4C9D1A5ED8DB3A62531342B
2382445322 14836 55354 7C20F6CF1A09EEE4F40FE6F70B0F070213E4AE0B9599CF6348B0EAC781225457
2382966012 11627 51643 67D6C92A1C426FBDE88165A3EDF98CB483C5B5C8839070E7A32D8867C4F437D3
2379752632 63397 42666 470E4588F940551A191138E961557DB95EDE0FF89FF410D3180FEB8CC55BB101
2379066718 229 29557 CAB371B6B1EFF0944587EEEB4A2C4F4CCA171CE4B7144EF536E0DEF1DD5678ED
2381363854 39896 823 7C20F6CF1A09EEE4F40FE6F70B0F070213E4AE0B9599CF6348B0EAC781225457
2383353437 39239 51937 B8F0A178E03444B523AD2050F22934075256AA534F797121D173171F14AD5C4B
2386789643 40967 32781 AD417B4B0A7A25841557E88E858F97160F1E8E307D5D2EF28CFD275A1F8EAA31
2387556201 671 48727 2C04A06CB74C9DF6243018FB39507829033FAF68888229D06DEBC09FAB8586D2
2387664438 54854 8403 7C20F6CF1A09EEE4F40FE6F70B0F070213E4AE0B9599CF6348B0EAC781225457
2384719432 46639 53033 4281D76854F5683815D03223592ADE41FFE7A16B6F131AA031E30DE4B40C1B3B
2383448055 54695 7661 C62AAA0A9573A4246F8F923F4C6E1EDEE8E015BEACF66771DE9719902438AB19
2383848340 24428 23444 7C20F6CF1A09EEE4F40FE6F70B0F070213E4AE0B9599CF6348B0EAC781225457
2385691528 22007 43361 DC80323D5FBFC576D5F9F33D28D34DD4788BE16887CB2FDF685FF5EAF5FBD3E2
2381721310 13817 8000 39C5CA48899CD742FA8C9A2AD56786C83D5CFA6E05B891F659E719C2CB694E09
2381114789 28543 9917 B6CBEA1DEBA6844DDF4E9982E8EE6283C32686F64D642855F83DA09D3B0A7629
2381063026 3627 63681 55D183FC0B789AB325B77ECD9162C2BC5D6B5C6CB70FF12B62933951353D8BBD
2381998109 7584 44936 7C20F6CF1A09EEE4F40FE6F70B0F070213E4AE0B9599CF6348B0EAC781225457
2382951533 22062 14611 7C20F6CF1A09EEE4F40FE6F70B0F070213E4AE0B9599CF6348B0EAC781225457
2388190892 48554 37463 7C20F6CF1A09EEE4F40FE6F70B0F070213E4AE0B9599CF6348B0EAC781225457
2383403680 37897 62402 56F5217D53A956343C3D7B92AE145647AC3C9975E22AB0CF0FAF1240230747E3
2379515526 4264 51054 7C20F6CF1A09EEE4F40FE6F70B0F070213E4AE0B9599CF6348B0EAC781225457
2379973778 28940 32934 7C20F6CF1A09EEE4F40FE6F70B0F070213E4AE0B9599CF6348B0EAC781225457
2382387446 57352 53741 7C20F6CF1A09EEE4F40FE6F70B0F070213E4AE0B9599CF6348B0EAC781225457
2388193440 56431 31885 EBC372B68115967FBAD35CA128D5E1C38652F720D3AC7E5C85CA365851CA6AA8
2377653446 7515 21526 CCA5CD979982517311FCBB194914155B08574347F5D558203E8D6B6807E64169
2377027255 43927 62555 43D1F402B531E0C9989BF509F256AE67A601FE1482BCA899713FE5EBFD45C838
2380118172 29172 642 7C20F6CF1A09EEE4F40FE6F70B0F070213E4AE0B9599CF6348B0EAC781225457
2377704255 19536 41882 7C20F6CF1A09EEE4F40FE6F70B0F070213E4AE0B9599CF6348B0EAC781225457
2385130248 15198 57018 7C20F6CF1A09EEE4F40FE6F70B0F070213E4AE0B9599CF6348B0EAC781225457
2383255543 59540 4503 7C20F6CF1A09EEE4F40FE6F70B0F070213E4AE0B9599CF6348B0EAC781225457
2388073225 58224 27522 7C20F6CF1A09EEE4F40FE6F70B0F070213E4AE0B9599CF6348B0EAC781225457
2376928505 9335 52723 2C6843E164B3206AC2F0D16C99DF4B731C01DEF0266EF3513C30E2DF8130BDE3
2384047780 36152 1905 7C20F6CF1A09EEE4F40FE6F70B0F070213E4AE0B9599CF6348B0EAC781225457
2379294507 46094 59612 7C20F6CF1A09EEE4F40FE6F70B0F070213E4AE0B9599CF6348B0EAC781225457
2382444626 64581 33738 181DFEB0252F26CF502F98B466BA6859CEE98AB6FDC3B38C85908729BEB1F4A3
2376623569 15227 21098 B5DE270DC03E5051FAA01B29942A19BF2354215F3EAABDEA834393DED8EB1BC4
2381077828 30578 7968 7C20F6CF1A09EEE4F40FE6F70B0F070213E4AE0B9599CF6348B0EAC781225457
2385416876 26554 44307 7C20F6CF1A09EEE4F40FE6F70B0F070213E4AE0B9599CF6348B0EAC781225457
2382706180 43788 60923 7C20F6CF1A09EEE4F40FE6F70B0F070213E4AE0B9599CF6348B0EAC781225457
2378895963 55691 62704 2CE8EDEDB4043469BDD219F0B138A365894372236AA4A6D19E92C9BEDAB4C57B
2381382284 38489 42337 05F45ECD9F1907C44A5ED33E7B5FC9340022A11764DD4F04ABD4EAE916AEE0D4
2385167434 34338 2502 7C20F6CF1A09EEE4F40FE6F70B0F070213E4AE0B9599CF6348B0EAC781225457
2381092727 65109 29417 2D4F3479F8D82B05F83EAE6F2F82DB34D15CD696DA5E3CCEA8B426A5D55951BA
2376573133 60283 55289 495AECA5B329F56B68E300ADBCFD04946F9A2DCBA959313AC0A620B4F58B9977
2377504045 14027 8490 2FC1848C2A193EA8219BBA7B269F9B6294FA0F1A2AE6CCFA660F0D5857AAA602
2382101809 63626 61031 7C20F6CF1A09EEE4F40FE6F70B0F070213E4AE0B9599CF6348B0EAC781225457
2384501476 1516 32821 7C20F6CF1A09EEE4F40FE6F70B0F070213E4AE0B9599CF6348B0EAC781225457
2383291960 48680 12643 7C20F6CF1A09EEE4F40FE6F70B0F070213E4AE0B9599CF6348B0EAC781225457
2377545499 32243 44771 BD27106F35D3CD81AA24720B79D6B0F64AC30178C3A09CA4D4C3E5B6561A52BD
2382720231 2642 14553 7C20F6CF1A09EEE4F40FE6F70B0F070213E4AE0B9599CF6348B0EAC781225457
2384355884 48704 22076 7C20F6CF1A09EEE4F40FE6F70B0F070213E4AE0B9599CF6348B0EAC781225457
2377930056 58577 5622 914B078351B1DE96DCF19B554D78351E666A85985ED8FAE67B30F68F66F79A16
2379021830 60953 44580 8DBF9A0A22D5706D8D718D0D3ECB14A264441F3CDCED97B203277B724CF4329C
2382358762 17016 37435 7C20F6CF1A09EEE4F40FE6F70B0F070213E4AE0B9599CF6348B0EAC781225457
2379974588 46047 22408 4CCCD44B5A095C8C55A08AC7BFDD1E76DC6CFACB20ADF27D7BEE88F0C1D811E1
2385149522 55458 64618 7C20F6CF1A09EEE4F40FE6F70B0F070213E4AE0B9599CF6348B0EAC781225457
2383495014 41281 44870 818BD5B00399801CA18C4CE3A7FC9797485D95FF2FC307A9FAF56D7C8EEE22AE
2380415300 6160 33372 7C20F6CF1A09EEE4F40FE6F70B0F070213E4AE0B9599CF6348B0EAC781225457
2378541815 31986 43740 7C20F6CF1A09EEE4F40FE6F70B0F070213E4AE0B9599CF6348B0EAC781225457
2384902405 53337 22935 A09B6A124521BDD001C158367B3091FEF2A13B275C841FF099D607B022975025
2380193387 63964 28130 7C20F6CF1A09EEE4F40FE6F70B0F070213E4AE0B9599CF6348B0EAC781225457
2382520550 13771 32028 EC58E9C8F7E0AC617FAC194578485FE16CFD5B3B5BE421DBB206EFE7B4D0829D
2382025088 14746 34764 7C20F6CF1A09EEE4F40FE6F70B0F070213E4AE0B9599CF6348B0EAC781225457
2385593160 33963 15024 BA346EAE37375E930D1A3750CFB9CF1C0D229520285CD8E999652E19EFB49CFC
2378720434 5838 55498 7C20F6CF1A09EEE4F40FE6F70B0F070213E4AE0B9599CF6348B0EAC781225457
2383639898 4992 28305 7C20F6CF1A09EEE4F40FE6F70B0F070213E4AE0B9599CF6348B0EAC781225457
2383586310 32288 36127 7C20F6CF1A09EEE4F40FE6F70B0F070213E4AE0B9599CF6348B0EAC781225457
2378176800 26464 9775 7C20F6CF1A09EEE4F40FE6F70B0F070213E4AE0B9599CF6348B0EAC781225457
2385349050 16155 28452 64F8472B012C8723A8A00E16E70AD2F4E92CD459FFC3E6DDE2B8897DE506AFFD
2378480254 2552 52029 7C20F6CF1A09EEE4F40FE6F70B0F070213E4AE0B9599CF6348B0EAC781225457

Total of 0 tasks calculated error.
