Total of 100 tasks calculated correctly, accuracy 100.00% 
2459520873 40873 9186 1B3D6D1F3D6DD2F8F58DD441CB46977AA7CB985FFF3CB68584A1504BD8CDCD91
2457999679 33480 2330 7C20F6CF1A09EEE4F40FE6F70B0F070213E4AE0B9599CF6348B0EAC781225457
2449023780 13660 49314 7C20F6CF1A09EEE4F40FE6F70B0F070213E4AE0B9599CF6348B0EAC781225457
2458813091 36617 38868 93126FBF96DA19A74E6717BF2DA48936DA391121FB3384489A279D3175578CA4
2451724389 54559 40351 F09EEF3F79B34DC3BBD09C12C3B08BF601AE74AD3F4A6798E1B1805EA6EBF01E
2456988697 25614 32976 7C20F6CF1A09EEE4F40FE6F70B0F070213E4AE0B9599CF6348B0EAC781225457
2453821576 23593 51252 1825AE2956756E46CD2B7E6782BF4034B70729FB75349FED9B549E204424955E
2453863487 64158 9964 7C20F6CF1A09EEE4F40FE6F70B0F070213E4AE0B9599CF6348B0EAC781225457
2451096194 45940 13670 7C20F6CF1A09EEE4F40FE6F70B0F070213E4AE0B9599CF6348B0EAC781225457
2455518416 36872 53182 7C20F6CF1A09EEE4F40FE6F70B0F070213E4AE0B9599CF6348B0EAC781225457
2457638006 51853 1702 2A798CD86194EF5E03FA2F9213D94A59E4A2A2D68FDBD4F2C0EAD7821873C87D
2456313976 32396 36422 7C20F6CF1A09EEE4F40FE6F70B0F070213E4AE0B9599CF6348B0EAC781225457
2458667041 19125 37652 F3C685E14EEDCD6A530569B4809C690F413EA27571FDE4A70797BD1408E54658
2454390993 3576 53352 7C20F6CF1A09EEE4F40FE6F70B0F070213E4AE0B9599CF6348B0EAC781225457
2454852697 35967 28672 92C7652A27AE5C8721BDBBA696A3EC70A978F7B80FBFA056F0D691664D04D61B
2453939446 21890 62519 7C20F6CF1A09EEE4F40FE6F70B0F070213E4AE0B9599CF6348B0EAC781225457
2457674821 16041 29269 D716017993A2E858393B860C83FCBD35363DC3B2D7B6234A37FBFBD60F4B3A28
2456157919 57588 47320 7C20F6CF1A09EEE4F40FE6F70B0F070213E4AE0B9599CF6348B0EAC781225457
2459608336 33197 14533 CF0E7E06F6C57E4A7653904A828C23CBF4F3DA52BBBA1240755EF9C4E950C57F
2453952192 22361 12729 2C28EFF6C1F442EEA8124083B45961EA5746299889031470B61027274B1B4A67
2458560439 49631 23462 B28D64239B9269480E3E6DEEDAB9DACAC45946F4AD4E5FD08E8F42938B3985BE
2458908576 18008 47552 7C20F6CF1A09EEE4F40FE6F70B0F070213E4AE0B9599CF6348B0EAC781225457
2457535202 10808 2682 7C20F6CF1A09EEE4F40FE6F70B0F070213E4AE0B9599CF6348B0EAC781225457
2457392549 57064 24450 7C20F6CF1A09EEE4F40FE6F70B0F070213E4AE0B9599CF6348B0EAC781225457
2452610819 39862 50526 7C20F6CF1A09EEE4F40FE6F70B0F070213E4AE0B9599CF6348B0EAC781225457
2448532529 32369 22414 912F83B013BD76020B0B0C8D914CE1BE653453C4D48A15D72AE9273C1E299845
2455109934 42589 53339 7AAB8293C8EB6C4023AEECE6AC48430460DD8ED157602A41EAD0C46E0F41CD01
2450793621 5750 50062 7C20F6CF1A09EEE4F40FE6F70B0F070213E4AE0B9599CF6348B0EAC781225457
2450213220 62432 6703 7C20F6CF1A09EEE4F40FE6F70B0F070213E4AE0B9599CF6348B0EAC781225457
2449553398 3147 7180 7103D30F6145E0A64BA4B916FD60C7F2E56B0514C7F523A9366690544F7589BC
2455247594 57535 24726 124ACCCB7AC70A6F7B389C1AA1B342835D138C1B6C8C2CFEC93534A46426A15D
2456146215 29351 28026 EE8EBF7E7B25B81CC7C1B722E4002948280C2B6B78803FE9D89FB19AA8800EB0
2457962286 20990 39810 7C20F6CF1A09EEE4F40FE6F70B0F070213E4AE0B9599CF6348B0EAC781225457
2454280493 1911 25380 D6D41FC8451919F2622FC402FE4379AB6B3237B181A77D388FB09715DCA01AD1
2458547039 43587 33995 D84D08097B7C8EC38766D08527AA39FCAB0172E4844E4124CBB2D871C479FE82
2452868326 56366 51725 7C20F6CF1A09EEE4F40FE6F70B0F070213E4AE0B9599CF6348B0EAC781225457
2453225122 21051 57797 CE6FFE9CC41D3DE88153F7A3ED9F93132628DE75953483A1C4ACE37AD6BB87A4
2454642970 38450 2355 7C20F6CF1A09EEE4F40FE6F70B0F070213E4AE0B9599CF6348B0EAC781225457
2455949136 6760 16931 7C20F6CF1A09EEE4F40FE6F70B0F070213E4AE0B9599CF6348B0EAC781225457
2453568411 41291 36134 64A55CBBC9C437A7AB8C70437BDF6682ECFA4D31E33FD7BC533515D26FDD5A0E
2456072950 20057 41519 8B8A49B014F62C61CD938BA78590D4510D88CAE914B1B199CE70DD70ACCD3138
2449274229 27174 4226 7C20F6CF1A09EEE4F40FE6F70B0F070213E4AE0B9599CF6348B0EAC781225457
2451757524 17191 47294 9145CC38EBB73E3D988A629429ACB19E188567C72774AC24C5A8B811CFC092F6
2456793355 48318 29657 7C20F6CF1A09EEE4F40FE6F70B0F070213E4AE0B9599CF6348B0EAC781225457
2455164626 39264 19739 7C20F6CF1A09EEE4F40FE6F70B0F070213E4AE0B9599CF6348B0EAC781225457
2456159362 43230 47508 7C20F6CF1A09EEE4F40FE6F70B0F070213E4AE0B9599CF6348B0EAC781225457
2458653026 18411 28876 BDD506BBF58CF3F1C157E9990AF48CC8AFC2B6D16BEE060067537F3E565D88E8
2452574820 45875 43027 756263920555B77F4B69DA3820CC059DBBBBCF325013B1E887F65DAC5754F83B
2453693083 65472 52923 7C20F6CF1A09EEE4F40FE6F70B0F070213E4AE0B9599CF6348B0EAC781225457
2459406898 34884 10221 7C20F6CF1A09EEE4F40FE6F70B0F070213E4AE0B9599CF6348B0EAC781225457
2453381332 699 59691 8FF406879B4906258D8C8E80A68BEA06C13862F6528C9FE7DBD15B1F7D97D8D6
2455363155 3615 27976 E8CF92823B86F43093B266CAE1145E633BA5A5F4FA9CDF36DE4C007A244B76C7
2454339668 1884 1657 7C20F6CF1A09EEE4F40FE6F70B0F070213E4AE0B9599CF6348B0EAC781225457
2455495877 36655 56959 221B349832AC03AB9E5C52E616D01219CC01CF814AA1869296F453DF5D9AAD11
2454260414 60479 37937 84A2B6D2334190ECC63296DD2B71ED73CB142BFD304DEEF7416B3A1AC50DAA06
2453324737 19648 43355 7C20F6CF1A09EEE4F40FE6F70B0F070213E4AE0B9599CF6348B0EAC781225457
2457276920 20898 20909 7C20F6CF1A09EEE4F40FE6F70B0F070213E4AE0B9599CF6348B0EAC781225457
2450894251 35732 11960 7C20F6CF1A09EEE4F40FE6F70B0F070213E4AE0B9599CF6348B0EAC781225457
2456063906 59258 19211 7C20F6CF1A09EEE4F40FE6F70B0F070213E4AE0B9599CF6348B0EAC781225457
2454358832 837 60165 8B9CF77C1D1BD0213F303AF227A9B1D44442EB9A2BC710D305884CC91F2AF461
2458506714 20533 29697 62945BD35B4B6CFB77A862AE3D22A56C315C744804FE06A8AEAB68341AE6ACD9
2451365505 2948 56052 7C20F6CF1A09EEE4F40FE6F70B0F070213E4AE0B9599CF6348B0EAC781225457
2448691396 7356 52202 7C20F6CF1A09EEE4F40FE6F70B0F070213E4AE0B9599CF6348B0EAC781225457
2455269652 22810 39127 7C20F6CF1A09EEE4F40FE6F70B0F070213E4AE0B9599CF6348B0EAC781225457
2453136706 41761 12920 8487A9DAEC1F92EBF0CADE83482A86C27FC72B0A086B4575A3BF640C91B0A733
2457265339 11038 46534 7C20F6CF1A09EEE4F40FE6F70B0F070213E4AE0B9599CF6348B0EAC781225457
2454630503 58440 38613 7C20F6CF1A09EEE4F40FE6F70B0F070213E4AE0B9599CF6348B0EAC781225457
2456608153 4372 9034 7C20F6CF1A09EEE4F40FE6F70B0F070213E4AE0B9599CF6348B0EAC781225457
2455911532 26030 7082 7C20F6CF1A09EEE4F40FE6F70B0F070213E4AE0B9599CF6348B0EAC781225457
2459495840 36130 49307 7C20F6CF1A09EEE4F40FE6F70B0F070213E4AE0B9599CF6348B0EAC781225457
2452077345 64281 6666 12A94BF20A8481DA3232A3D924EF9ACA69A99061D4C58B6A60EF64EB1A18BAB0
2455310031 24537 11077 EE6C09E600A1EAEFF1ECD65E28654866B97F29C6DFF9ED6C27BCE3502261B387
2457152650 51618 38614 7C20F6CF1A09EEE4F40FE6F70B0F070213E4AE0B9599CF6348B0EAC781225457
2456206624 29021 3861 28ED02D811C0081EEADC95E03CF57D8D11CD86ECF89FEF6323AB8C5405E8C786
2450030111 41079 29159 930014C763755CBBE27AB01A0C989868216852B3190E2469687C40A142165B3C
2459080113 23186 33224 7C20F6CF1A09EEE4F40FE6F70B0F070213E4AE0B9599CF6348B0EAC781225457
2459841969 40045 28691 8436B765196C5BDA2DD9080090F28D6102B240877280AD0BA67A426AEA4D53A9
2451290802 27275 2704 EE152A072FD326583A9122EB2FDBAEFF85717F33CCA9EBDAF7F80A91AF66E0B0
2454295729 35048 52598 7C20F6CF1A09EEE4F40FE6F70B0F070213E4AE0B9599CF6348B0EAC781225457
2448920688 54038 10585 7C20F6CF1A09EEE4F40FE6F70B0F070213E4AE0B9599CF6348B0EAC781225457
2452642477 56550 55690 7C20F6CF1A09EEE4F40FE6F70B0F070213E4AE0B9599CF6348B0EAC781225457
2457362152 61744 20586 7C20F6CF1A09EEE4F40FE6F70B0F070213E4AE0B9599CF6348B0EAC781225457
2451872332 56552 23323 7C20F6CF1A09EEE4F40FE6F70B0F070213E4AE0B9599CF6348B0EAC781225457
2450572344 41013 51751 2940678EFCE0F1BB9064C856600CE31EE0D63650E8E009304613CC6F0537E505
2459266161 53167 65138 6D5A6B4B8AABBD0925217F7B410BC9E3A36AF9466DA28F06A2CF97C846CE9574
2457902328 13967 8880 9C01B8FEF65F65A7B95A81A717392815D6B7BB3D0CE7604D305FE81F92F1B788
2453671223 33160 15430 7C20F6CF1A09EEE4F40FE6F70B0F070213E4AE0B9599CF6348B0EAC781225457
2459042101 53184 26305 7C20F6CF1A09EEE4F40FE6F70B0F070213E4AE0B9599CF6348B0EAC781225457
2459220533 20362 28740 7C20F6CF1A09EEE4F40FE6F70B0F070213E4AE0B9599CF6348B0EAC781225457
2448535229 29877 45193 A7B7B3B46830F98E2B4F91F6EBF8EFE4244DF76C13FF51401D1872C8F3AFDE9E
2453019446 4257 9673 D1660920B27F060C8F23BC51754D53BC81B55888C1046C2F5B8B29889219B4BF
2455716667 47868 65325 7C20F6CF1A09EEE4F40FE6F70B0F070213E4AE0B9599CF6348B0EAC781225457
2459322697 52519 30886 F9957AF4838093D31472674D8802BBDA0C6F3C5FD22CD876BE047C2FD4258717
2455570142 11082 24428 7C20F6CF1A09EEE4F40FE6F70B0F070213E4AE0B9599CF6348B0EAC781225457
2452577331 49820 61238 7C20F6CF1A09EEE4F40FE6F70B0F070213E4AE0B9599CF6348B0EAC781225457
2455692726 38861 7880 C8ED00A5ED7C5DA5715AE386B0FDAD03E10AE6A3752415EA8D4B5169CF370811
2449991674 41002 30683 7C20F6CF1A09EEE4F40FE6F70B0F070213E4AE0B9599CF6348B0EAC781225457
2451134807 55668 49668 7C20F6CF1A09EEE4F40FE6F70B0F070213E4AE0B9599CF6348B0EAC781225457
2452108642 44300 10953 7C20F6CF1A09EEE4F40FE6F70B0F070213E4AE0B9599CF6348B0EAC781225457
2452371395 11969 16204 C3A32F8E63E14C2B5AEF638A7B29E59AAE81D9CAD3EF5834A378DF80EC8E5B61

Total of 0 tasks calculated error.
