Total of 100 tasks calculated correctly, accuracy 100.00% 
2473972777 46920 47101 7C20F6CF1A09EEE4F40FE6F70B0F070213E4AE0B9599CF6348B0EAC781225457
2480112120 30871 62622 2437A84E156814C02D4C0DCD4B102D5C97BE1BA9FF69EF8AD59206CD35F2137B
2478325146 4647 43321 4A43122D74B5FFAD9D9F20BCD19201470A2C2523B1CA5CD7BF03F9E3F884B7DE
2473543342 21863 49044 4F2B60D3AE6823628EA798E0F971D4E34020F15542991D81126ABDF262DE35B9
2477550717 64417 43988 86CED0615A6B2F82C8B20D01F2BA51B45365C6A54968D6109E68F5FF1D6A4FC1
2480919851 51100 35201 7C20F6CF1A09EEE4F40FE6F70B0F070213E4AE0B9599CF6348B0EAC781225457
2484142461 55916 56025 7C20F6CF1A09EEE4F40FE6F70B0F070213E4AE0B9599CF6348B0EAC781225457
2484267065 16793 11389 F4D6EC920820A52334B290E7A4FAD5444A7CC89A13D5946D8492344B9E74B8F7
2478449645 46403 4597 896521A10C9F576DC0E9388C0CA0B9A4CD92F73CF74D3B6FF28C123C81EB4E2E
2472575032 2047 10371 D0D33E276B825F22BD18F9518A0C13B1E7753028F201CBAA6194CAC11E460DE0
2481306730 7635 62958 B9D292030529FA755EB8DADB644AD57D910084F4C4A0B7BE60F33C999D860815
2477912659 44758 38843 7C20F6CF1A09EEE4F40FE6F70B0F070213E4AE0B9599CF6348B0EAC781225457
2475935652 10559 27110 C11CC3AC397AD6ED7E9FE97F9F4CC8C73A424DF1B692B0D2959A2BDC2B6649D8
2474580521 12772 28070 7C20F6CF1A09EEE4F40FE6F70B0F070213E4AE0B9599CF6348B0EAC781225457
2479342849 46072 4590 7C20F6CF1A09EEE4F40FE6F70B0F070213E4AE0B9599CF6348B0EAC781225457
2476461043 53217 63743 4E17408C759E7AD5AC825FC71A74CA028C9FC4AAE3F548387B7E8FC6A0B6E9CC
2481233378 35942 58522 7C20F6CF1A09EEE4F40FE6F70B0F070213E4AE0B9599CF6348B0EAC781225457
2479878790 35166 27948 7C20F6CF1A09EEE4F40FE6F70B0F070213E4AE0B9599CF6348B0EAC781225457
2480601231 51332 10846 7C20F6CF1A09EEE4F40FE6F70B0F070213E4AE0B9599CF6348B0EAC781225457
2475593880 734 32022 7C20F6CF1A09EEE4F40FE6F70B0F070213E4AE0B9599CF6348B0EAC781225457
2477636246 32504 27017 7C20F6CF1A09EEE4F40FE6F70B0F070213E4AE0B9599CF6348B0EAC781225457
2476762611 33497 53775 2019C4BD411FC6D70E16B05E34BC654AA71949CC77CE2F74631E49D5C4E6ACC6
2474433977 44782 20049 7C20F6CF1A09EEE4F40FE6F70B0F070213E4AE0B9599CF6348B0EAC781225457
2480149554 49872 51985 7C20F6CF1A09EEE4F40FE6F70B0F070213E4AE0B9599CF6348B0EAC781225457
2480125417 9309 18700 8BA67977DBFB779D50762CB0365D6DAFC7894C487902EE9C82C6233600251D33
2484155824 21620 17193 7C20F6CF1A09EEE4F40FE6F70B0F070213E4AE0B9599CF6348B0EAC781225457
2475798262 16539 18347 9BC85E2D4BA10271C8BDF860846207DF18A245A227576C9BDDC246F4B78F6885
2478110627 14796 8261 7C20F6CF1A09EEE4F40FE6F70B0F070213E4AE0B9599CF6348B0EAC781225457
2479865995 61183 62414 E8DB18E408E5222E4D19BE22A71BA0B9F8FA3B05D2AB58767F4E26986DCB4F0B
2478664788 10814 52700 7C20F6CF1A09EEE4F40FE6F70B0F070213E4AE0B9599CF6348B0EAC781225457
2476992814 49755 9236 7475E7727246B6175EAC043412A386877929ACC0A95F0903E692D1B669B375E4
2476301545 4014 4837 7C20F6CF1A09EEE4F40FE6F70B0F070213E4AE0B9599CF6348B0EAC781225457
2480863814 12078 24142 7C20F6CF1A09EEE4F40FE6F70B0F070213E4AE0B9599CF6348B0EAC781225457
2474227404 9848 54076 7C20F6CF1A09EEE4F40FE6F70B0F070213E4AE0B9599CF6348B0EAC781225457
2478689601 48549 60356 0199F2C56B3F649583AA687E9A17207477B5B24210C364A2174CCF2BE6F5FE90
2479977606 65503 21454 BA33B8F5959DB4209ACAD8507DC637E66AD0653FF75F465446F5B82D21BB5227
2474045754 21095 54128 EC7AC43E83CF0A06DB541911E1673A9024B6045EEAA2890A22B04F3E48D53C2A
2481709353 22895 35283 7641A3999F7F21683433C31B840934E348B5EA8C68C5C432AD65745D75D155E8
2481795676 38075 28372 9D5529297C4651A6FEE3C89EE27CB0DF7A6B85847ED5701CD95AF5FFE27D8D60
2482815336 40329 20877 901F899817A3E3182C0171A037C26C2B2BFE024C4D12351657345B986DC683CD
2475529659 36393 2396 35FE329D85334C2A25CAB8B8815924ECAA14B58E55FD56FDB65A5277B8413545
2477280551 29707 58718 24C0FC2F62869D3BE7D673674D2F28B240C330A2725051E75B02EB97A4B4CEE0
2481137756 37895 10110 EE1F0106E271A7B6D709C68F2F77469204EC569C51C2C7F23742C4F846E7F3A3
2476758271 38987 36842 4E9DCA8DB584E9E125D5E3C481EDEB519CCF68D036CFFCA33D52954C34672F9E
2479601689 56998 21974 7C20F6CF1A09EEE4F40FE6F70B0F070213E4AE0B9599CF6348B0EAC781225457
2477175142 24187 24426 6AEAF608225B372EEE0F4AD488F78026AF8B4673A5DD2EA877CAF23A1E1EC333
2473503277 23809 16188 9164DF33A74B7BDC195F45317669F2F1F36E0355258DC8552427E04C52EF9ACA
2481072448 19843 57954 607C0B5B9338E5775E17DCA2F88E9D32AA1D1B9AE40C4F671C17D3F6A71E6785
2482231772 60528 213 7C20F6CF1A09EEE4F40FE6F70B0F070213E4AE0B9599CF6348B0EAC781225457
2473743236 46047 25794 76D82D7DAF0E7AC7C04517FEA33235FD0E15DC7465E7DDD94C11C9CB22CD8E3F
2472857666 22726 34003 7C20F6CF1A09EEE4F40FE6F70B0F070213E4AE0B9599CF6348B0EAC781225457
2482745189 11152 31159 7C20F6CF1A09EEE4F40FE6F70B0F070213E4AE0B9599CF6348B0EAC781225457
2476962846 58683 15507 E2C213BA38D201B446614F63B540C27FD3B3AC9DB9844DDD3136744B8730D7ED
2474386905 62965 47063 F90E4E436FDF6527244B93807BEE5BB671BCA501845A2BE20E59880E6DBDE8CA
2481638849 28217 13409 D4BAE53D619C17930E3A05BA87A2EB986B50B1A491E5DCF04BC0D58B05714C4C
2479665505 32683 32737 28B2912F4970F6056F8193BB2A8264D4B43EC9C9CF2BC98D68792F453DF1029B
2475947141 23273 929 13BA1F1AA99CB7DBCA339418D407B94542FB486B9E66648A8535B79A05ED9E77
2479662763 62508 34291 7C20F6CF1A09EEE4F40FE6F70B0F070213E4AE0B9599CF6348B0EAC781225457
2480597196 56809 56110 397B4F9A557FCB8DE730764F09F660EA5F3AB56243F1EB9C4ED25847C9EF2850
2476299647 32952 61140 7C20F6CF1A09EEE4F40FE6F70B0F070213E4AE0B9599CF6348B0EAC781225457
2480897443 13238 48458 7C20F6CF1A09EEE4F40FE6F70B0F070213E4AE0B9599CF6348B0EAC781225457
2481957943 41440 43607 7C20F6CF1A09EEE4F40FE6F70B0F070213E4AE0B9599CF6348B0EAC781225457
2483692217 19756 20903 7C20F6CF1A09EEE4F40FE6F70B0F070213E4AE0B9599CF6348B0EAC781225457
2477198586 34643 58417 0C633676A36B5EF82E463E048923EEA58C4C5026AFFB333C55918270645FE9A2
2482912660 2716 16613 7C20F6CF1A09EEE4F40FE6F70B0F070213E4AE0B9599CF6348B0EAC781225457
2484173087 16370 8062 7C20F6CF1A09EEE4F40FE6F70B0F070213E4AE0B9599CF6348B0EAC781225457
2481419702 50680 11555 7C20F6CF1A09EEE4F40FE6F70B0F070213E4AE0B9599CF6348B0EAC781225457
2480982510 52173 11399 B1D775BBCFD3AA3DC6C5456D809E766EC439953179460E303676F61A9114A057
2482570927 40519 61336 DEF1000B9DC29C4BC1DE5BEA13D8AD3819A1081E76BDB0CD885E69FCC1119AB4
2481626417 43102 49303 7C20F6CF1A09EEE4F40FE6F70B0F070213E4AE0B9599CF6348B0EAC781225457
2482862898 64054 2167 7C20F6CF1A09EEE4F40FE6F70B0F070213E4AE0B9599CF6348B0EAC781225457
2481454837 50409 40352 E81F9D541A5045714BB51F625DBF6936807B232225F88D89B09C66A3B4C0CE4C
2477158517 29103 26420 7A3B484504F2D02102BD055474B074DD6E514DD011A77DC249777B842650AB3A
2482729926 51287 58494 9221ED6C4E88D0CC7FDBE2E82B92BB95C1CE0AECD94DF5299337A3A0B7B865CD
2480046096 49176 17474 7C20F6CF1A09EEE4F40FE6F70B0F070213E4AE0B9599CF6348B0EAC781225457
2472850954 46931 61682 CCBCBB2692AE27FA454772F9E1BB65432DCE026DE7523D52A5D9689C713F0D23
2478875742 9751 45320 C62F9D558AC1025AE5FD639FD34B14033AAC12DD3D584E4E86922743C76FBE24
2480324052 48671 48117 4F147377F5E1B3C8602CC1FC140AC95E707506C4F4FEAF7990B9C7BC88CADB72
2476966239 34327 23769 E019E1ED311F32446F12DFF696D03AA25C058D13F127922C45456778FFFB29D1
2480789844 3651 13508 AB2893C1EEEF20C64BD9B4D9A801A6B7082D7A49DE4A2BC01590CC9DAD568244
2473879847 25869 20005 EE7039AE9ACA6037094A99CAB78B0531C32B7A6BC7D59B5D0DA4B02BBB294D3F
2478132332 1437 523 A12826CA01590D8ED7CAE1C6AAB7487FC89FEF93F140A9AE32404570E42199EE
2483194697 51753 46113 7352561ABD3378D194C8609F4B92F7D09B731C8DA981B1057EBD4E4C56065CF9
2481856065 48146 40253 7C20F6CF1A09EEE4F40FE6F70B0F070213E4AE0B9599CF6348B0EAC781225457
2476261195 6160 33285 7C20F6CF1A09EEE4F40FE6F70B0F070213E4AE0B9599CF6348B0EAC781225457
2478963033 3114 43358 7C20F6CF1A09EEE4F40FE6F70B0F070213E4AE0B9599CF6348B0EAC781225457
2481306994 51675 33215 7F9B58D85F9FED8F27A1E2D36E495F2B2204AFC99A9A727251A655CA362DA6B8
2482642605 53286 64414 7C20F6CF1A09EEE4F40FE6F70B0F070213E4AE0B9599CF6348B0EAC781225457
2473191579 63190 48140 7C20F6CF1A09EEE4F40FE6F70B0F070213E4AE0B9599CF6348B0EAC781225457
2477538037 42857 13514 1B16E11DDECABF8607A27B046503CD3BD298AEA9426EC3412CC527F53528CC66
2477483103 38941 33788 44BEC9FC6DD4A40FB7D89403EA17E7D1F56368EE64B98538EF9441B6FE4A27AA
2483224456 7215 8193 888FC50966D2A3F74DA536663F1CF31E0C423A29E0A3F6363C840274AA008D02
2479199351 13836 31710 7C20F6CF1A09EEE4F40FE6F70B0F070213E4AE0B9599CF6348B0EAC781225457
2477140758 11448 22248 7C20F6CF1A09EEE4F40FE6F70B0F070213E4AE0B9599CF6348B0EAC781225457
2474370391 14544 20379 7C20F6CF1A09EEE4F40FE6F70B0F070213E4AE0B9599CF6348B0EAC781225457
2484048228 23058 39397 7C20F6CF1A09EEE4F40FE6F70B0F070213E4AE0B9599CF6348B0EAC781225457
2473671586 37434 38376 7C20F6CF1A09EEE4F40FE6F70B0F070213E4AE0B9599CF6348B0EAC781225457
2480165438 11517 30649 24ED257C23F0BB1BCADA757B10D7C996F289EA08A19823ECE2740DCE5C9A0218
2472837543 9125 37827 1E637387B4AF923CF9A0DEA174942030CB096B685862A157FA62FEE36ABEAF98
2473656004 30384 23106 7C20F6CF1A09EEE4F40FE6F70B0F070213E4AE0B9599CF6348B0EAC781225457

Total of 0 tasks calculated error.
