Total of 100 tasks calculated correctly, accuracy 100.00% 
2553417683 60341 53215 6D6EBA172D37D914BF07DF9C5CDCBC3407B67323E1B73148252CDF3C1F9CA221
2552420543 25966 17618 7C20F6CF1A09EEE4F40FE6F70B0F070213E4AE0B9599CF6348B0EAC781225457
2554814866 30169 55575 3DFC88EEEBF76AA06C524054B930E2F87ECEAC3B80EFCA484EC1C67905B209CC
2553674269 56860 49118 7C20F6CF1A09EEE4F40FE6F70B0F070213E4AE0B9599CF6348B0EAC781225457
2549317055 9364 6655 7C20F6CF1A09EEE4F40FE6F70B0F070213E4AE0B9599CF6348B0EAC781225457
2549403845 32480 35459 7C20F6CF1A09EEE4F40FE6F70B0F070213E4AE0B9599CF6348B0EAC781225457
2553485544 34652 37771 7C20F6CF1A09EEE4F40FE6F70B0F070213E4AE0B9599CF6348B0EAC781225457
2551330255 3425 2398 706830AEF827D83E23E02FDB29E6C5B862B99AA79D62395692247364694C4792
2544678218 62257 30618 4D141488B59B5F8863ECF2965C457321E1D83C8964CB8DFB2DFA313848424A7B
2547652421 53639 52779 C4766A17050840F1DE007AE4C735268C47C9F835F07B888121492C1E8F78F3F4
2548796790 38858 43514 7C20F6CF1A09EEE4F40FE6F70B0F070213E4AE0B9599CF6348B0EAC781225457
2546155811 10867 60490 6CCC3C53C915EDBDB06175685C4CBFA6E349602A81883B2CC8FAC3904DED1820
2550138351 43658 34780 7C20F6CF1A09EEE4F40FE6F70B0F070213E4AE0B9599CF6348B0EAC781225457
2547132092 38106 22640 7C20F6CF1A09EEE4F40FE6F70B0F070213E4AE0B9599CF6348B0EAC781225457
2548837231 28517 7305 4A28E12A5E7057B88437431FE80650D3FB957E573EFA34C329C117B212D8D587
2547053764 57530 234 7C20F6CF1A09EEE4F40FE6F70B0F070213E4AE0B9599CF6348B0EAC781225457
2556127706 48948 6229 7C20F6CF1A09EEE4F40FE6F70B0F070213E4AE0B9599CF6348B0EAC781225457
2545807944 37007 17214 A360B99AD45FE5B403C54001F498D124BDB4275E074C53909B2E1421B8DEC272
2549282429 55880 13085 7C20F6CF1A09EEE4F40FE6F70B0F070213E4AE0B9599CF6348B0EAC781225457
2548798530 16515 3946 A32FDCE1A64F65193EC6F347C3D87267A210FE75DEF17039237C756CAFCB4802
2544764701 48491 12845 FFCD1D8469FF520591D9C10678C094DAA47ECB9BE83D791FF2DE3D16F1813CA3
2546959299 14066 61218 7C20F6CF1A09EEE4F40FE6F70B0F070213E4AE0B9599CF6348B0EAC781225457
2554155512 23070 36641 7C20F6CF1A09EEE4F40FE6F70B0F070213E4AE0B9599CF6348B0EAC781225457
2548601807 45998 53810 7C20F6CF1A09EEE4F40FE6F70B0F070213E4AE0B9599CF6348B0EAC781225457
2553480075 41141 58253 F1D7232C9C8AD7F4CF1393A0D3568B6AB351D8391B58ECF47B548DE2A82C057D
2553787214 19100 19416 7C20F6CF1A09EEE4F40FE6F70B0F070213E4AE0B9599CF6348B0EAC781225457
2545429611 53506 17933 7C20F6CF1A09EEE4F40FE6F70B0F070213E4AE0B9599CF6348B0EAC781225457
2546767914 50704 42213 7C20F6CF1A09EEE4F40FE6F70B0F070213E4AE0B9599CF6348B0EAC781225457
2544918572 58052 9268 7C20F6CF1A09EEE4F40FE6F70B0F070213E4AE0B9599CF6348B0EAC781225457
2547929050 33917 34636 3540BFFF25AD9CD97BC0DEED098646132A958304F0B3D5644F93735D53F695CF
2553305765 9264 34723 7C20F6CF1A09EEE4F40FE6F70B0F070213E4AE0B9599CF6348B0EAC781225457
2550214725 18649 61918 2127E22BBBD7D51D9ADF6263680973769D58F8351B6553061B9260B726BE4494
2544654698 28069 6465 2AAE389E13BCC529323FEEE70A181FCBCB92D2B9F397E04E51E7A597222EEC3B
2546663279 45884 19960 7C20F6CF1A09EEE4F40FE6F70B0F070213E4AE0B9599CF6348B0EAC781225457
2549571794 59375 3140 A253DE9F782C72338918806E35E50DD1AE538EC88AC486ECC4004C4BBF8E08FE
2546106320 15600 8070 7C20F6CF1A09EEE4F40FE6F70B0F070213E4AE0B9599CF6348B0EAC781225457
2553402193 30764 31036 7C20F6CF1A09EEE4F40FE6F70B0F070213E4AE0B9599CF6348B0EAC781225457
2555085908 29938 1883 7C20F6CF1A09EEE4F40FE6F70B0F070213E4AE0B9599CF6348B0EAC781225457
2544836028 34895 2444 94637CADFA7320A27C5ED59BE21E74C76F920D9AAE3B9B17B99F3C7F8DFFAADA
2553367873 37714 36642 7C20F6CF1A09EEE4F40FE6F70B0F070213E4AE0B9599CF6348B0EAC781225457
2548635318 58193 53347 E5A070F5C57F5E41ACFDF5363A9273D670676C81E9EA004AB15500B3D93C4247
2546204845 3344 37492 7C20F6CF1A09EEE4F40FE6F70B0F070213E4AE0B9599CF6348B0EAC781225457
2549215075 61742 65497 7C20F6CF1A09EEE4F40FE6F70B0F070213E4AE0B9599CF6348B0EAC781225457
2544729344 59136 3576 7C20F6CF1A09EEE4F40FE6F70B0F070213E4AE0B9599CF6348B0EAC781225457
2545439771 5740 1340 7C20F6CF1A09EEE4F40FE6F70B0F070213E4AE0B9599CF6348B0EAC781225457
2554274121 25184 29117 7C20F6CF1A09EEE4F40FE6F70B0F070213E4AE0B9599CF6348B0EAC781225457
2550709012 49770 57553 7C20F6CF1A09EEE4F40FE6F70B0F070213E4AE0B9599CF6348B0EAC781225457
2547194333 43935 27785 209C202AAF9D8F17C6534BB0E933D6CF41A4AF0C14145C9F2C86C1F65441F30E
2551656047 8537 32315 7D0B45BD7672768AA9EDCCD34795BEA91054F728ED0AA7F5F0FB83A9333E798C
2551566232 55049 7228 5C740CDF44DBE16D93CADE3322A1B66A7FBF059C5F2B9733E3244A23DD075931
2546162942 17753 19662 E37C020EC60A57CDE8E1FAEA6A8DC4AF788B6329AE51BDCB2785ED3EEFBBB7C5
2552589225 5802 55643 7C20F6CF1A09EEE4F40FE6F70B0F070213E4AE0B9599CF6348B0EAC781225457
2552803919 14632 28565 7C20F6CF1A09EEE4F40FE6F70B0F070213E4AE0B9599CF6348B0EAC781225457
2547142525 17352 63283 7C20F6CF1A09EEE4F40FE6F70B0F070213E4AE0B9599CF6348B0EAC781225457
2554593460 48153 30719 DD0CB2423D96CB35FDD3698E47A7D7C940967B0FAA477953E765D7E1B49BA36A
2553138707 15273 56611 BFE75DA57FB6A7C0DEEE2EF178AC11D656AE38A9254EAEF90E57E2813B0F29F3
2547282880 31386 62626 7C20F6CF1A09EEE4F40FE6F70B0F070213E4AE0B9599CF6348B0EAC781225457
2544731314 22388 51404 7C20F6CF1A09EEE4F40FE6F70B0F070213E4AE0B9599CF6348B0EAC781225457
2550634230 37339 38026 4C8597949356235FD00C6E602DC515D86C4BD454DA10C47CACFC625FE92383D7
2547675300 38411 38345 88461E7CA62619EB331FC578629047F0C671846B5315D5702E9AF35E4D04ECD7
2545194297 20851 45187 B39B688974A5CCB23C269157E17FFF618840EA817056DE734C95087DCDFD5B27
2553323187 11994 9553 7C20F6CF1A09EEE4F40FE6F70B0F070213E4AE0B9599CF6348B0EAC781225457
2556099061 46845 43863 4413C5FB921F602B52D9005678338F3A794F0B7E59782C057BB992EE156DEAEF
2554794168 23876 36122 7C20F6CF1A09EEE4F40FE6F70B0F070213E4AE0B9599CF6348B0EAC781225457
2554309436 48107 14485 8265296A47EAA160D517019F6E87AED86691B16458E010318F08349E152697EC
2550386120 61124 43274 7C20F6CF1A09EEE4F40FE6F70B0F070213E4AE0B9599CF6348B0EAC781225457
2550783676 53081 17441 460FAF0DC4A543522867605986E1D18F40B63B1C6A09B68C9063C49E839D852B
2553212672 53575 33254 ACB3DDDE1125B7C02109CF9199307372A944E36482F0127E08E78DCB62C490F3
2544837433 38310 44522 7C20F6CF1A09EEE4F40FE6F70B0F070213E4AE0B9599CF6348B0EAC781225457
2544637273 10727 15523 332C88A91FE0FC821CBDBBE6AE93A50AA4CC5F76C17D6C3DCBDB2A416019AA5A
2544616155 12078 38287 7C20F6CF1A09EEE4F40FE6F70B0F070213E4AE0B9599CF6348B0EAC781225457
2551648048 2484 15218 7C20F6CF1A09EEE4F40FE6F70B0F070213E4AE0B9599CF6348B0EAC781225457
2551526414 23859 14936 683CDC0985A3858F0E57F81FD82190D1285AF9123702C45D109ABE52A2AD816E
2546490797 7717 49235 DC3687629F9F97A1FE9351BCD7CA53DD2BDB65A09FD9B4079AFF9D0B42842462
2547210620 40453 45871 38D56EFE17052E13F874CB31291B0777E988B984EF3F1D86EBD84947F7EA4D44
2550498329 34675 44491 72A0F72EBEEFF6E93CC403AE517CDD0020B1F9E6C6A08A2337302D15704A93C3
2544698022 29600 55530 7C20F6CF1A09EEE4F40FE6F70B0F070213E4AE0B9599CF6348B0EAC781225457
2548023371 3340 21282 7C20F6CF1A09EEE4F40FE6F70B0F070213E4AE0B9599CF6348B0EAC781225457
2546072834 40077 12589 30569B4252A3D137FCD4A0BAA2717FA9379D076882BFD9D64D66A2BD5A608FD1
2553170682 42305 44063 10C3DA231802186DCF3ACEF955FF157677B8D71D2C8D7935359FEABD221EFCF9
2550634768 26801 61760 6FE035C52EE247AFE2D4C5A12F5E8F0CB42D141B08C6962016E2052953F00B39
2552006200 47849 413 55142F2C6327E9E32BF23F8B0335BD7DB7B3498005B05B7FB7C81AEA7072301E
2549639684 43069 37455 973B39A6827B2ACDDA658A951D5D07CD935E032AD3CCD632CC55475E57CA6B2A
2550911439 38139 54209 21432C5C3519460F11A6AF96FD4680DB1350E7461ECD4F592ED21E97DA55F1A8
2552049489 10678 63113 7C20F6CF1A09EEE4F40FE6F70B0F070213E4AE0B9599CF6348B0EAC781225457
2550858318 39816 36870 7C20F6CF1A09EEE4F40FE6F70B0F070213E4AE0B9599CF6348B0EAC781225457
2553393225 11195 62868 D7979E89982ABB4760E24EF852367A31D0226CE9C7AAA4A0546928F10DC43AE6
2545742313 47719 40633 4FABE5DF40FF6FD901734AC4BFF294B9F482D76AFA303EAC16DB73771AB55DB9
2548392045 61417 57167 C24B1661FF06348B65A98F0186810B5704B95BCE2E64D5AC3E59B48FBE36C57B
2553670232 38181 37191 CACABAAAF2694D2E09AC96D2E93E022489A0DC5EFFC6480EBB23259245F87D34
2554813992 47761 49015 EC5F6FC5DD13BC3147CCE539BA3C4F7A868FDD060AE71F255EED6D42EC2FE95A
2553271978 36610 26599 7C20F6CF1A09EEE4F40FE6F70B0F070213E4AE0B9599CF6348B0EAC781225457
2556129003 26061 52190 40710EE52734099A264FCA75AB4354251F6B0479BF6576B55BF3DEF7EA90CDE0
2554761966 7039 22353 827146450D172C6BC6E377F1991817568835D9EADEDD08F7864CF82A946CD9AB
2546526679 26429 18410 F6D39A6F7A030BA67D8C5E0A06482ADD208697B3B438406E70B222B2482A2FB0
2550145690 12220 34607 7C20F6CF1A09EEE4F40FE6F70B0F070213E4AE0B9599CF6348B0EAC781225457
2551979895 52529 23347 DD72ED154F42E3BB748C318F9B17ED509C8F75E5DA1F4050C9BA7878CDB961C7
2546376818 64636 27020 7C20F6CF1A09EEE4F40FE6F70B0F070213E4AE0B9599CF6348B0EAC781225457
2552280042 42224 31001 7C20F6CF1A09EEE4F40FE6F70B0F070213E4AE0B9599CF6348B0EAC781225457
2546019856 23893 17639 A83AEDE2190C56D8AA3F2D72C86E432A58A52F508BF38D02508EAF0ECF0050A4

Total of 0 tasks calculated error.
