Total of 100 tasks calculated correctly, accuracy 100.00% 
2556625784 47064 39338 7C20F6CF1A09EEE4F40FE6F70B0F070213E4AE0B9599CF6348B0EAC781225457
2557295834 54740 2497 7C20F6CF1A09EEE4F40FE6F70B0F070213E4AE0B9599CF6348B0EAC781225457
2558033999 11742 59091 7C20F6CF1A09EEE4F40FE6F70B0F070213E4AE0B9599CF6348B0EAC781225457
2557342079 31522 41848 7C20F6CF1A09EEE4F40FE6F70B0F070213E4AE0B9599CF6348B0EAC781225457
2558581879 63165 22448 E1665ACE7C9B03015493E39F6E6C314DC3EC9C7B79E61B8AECD85BE6C3907122
2556650304 1463 10656 4826AB053E3E5E1085E972A72E84F0367107C7AAB618082E6D36F6F604034BAA
2561847359 55824 34914 7C20F6CF1A09EEE4F40FE6F70B0F070213E4AE0B9599CF6348B0EAC781225457
2566197310 59851 25405 2DCC41513301DED31FF28C7C7A40862225FBD3971D9DE7E10EBA50B26AEFF4B0
2557683009 27447 36131 DF60AB23B222EF6CE95FB3B87D8CE5C8AF040785753278892691D8C8ABA4B2C2
2568017119 31463 22921 4FC469A43BAE8D699197905A87B73CE6C9B0052993447BC68186FB1228DC9DF4
2559376206 57216 46577 7C20F6CF1A09EEE4F40FE6F70B0F070213E4AE0B9599CF6348B0EAC781225457
2566165094 31706 56973 7C20F6CF1A09EEE4F40FE6F70B0F070213E4AE0B9599CF6348B0EAC781225457
2562212321 58643 10750 7A90C4DFC9A0DB30C7400250A8AA3C68648DB04EFEBDE0608318457425091511
2561691787 6475 45795 436FAC1B475C3038C4BFA273DB1FEB19A2C454237F0245B767187E4873761D73
2564966618 31193 59563 4A5DFE134C3FE15997BA3AFD95FD742588CEBCB28F569505FF17D2AC229516B0
2563326546 31955 56195 9DDA0A5FF1A907024DC4F291CE38985C7892FEA39D152D98F079B899B8DF7471
2563143907 20921 29011 2623240CCD87343E7B7C72EE7F89EA38FA7E76E64CE7C4939DE56966226F002E
2557527231 23519 55871 D40711A05DDBABC5AFEDD3A53009F86D75A0738CDD4CD8BC100C0BB17E806A91
2565056764 40072 40171 7C20F6CF1A09EEE4F40FE6F70B0F070213E4AE0B9599CF6348B0EAC781225457
2557187523 30630 64475 7C20F6CF1A09EEE4F40FE6F70B0F070213E4AE0B9599CF6348B0EAC781225457
2558586104 62033 58671 269FEDC0D2BD3294F4D8768BAE3377410295C4C46108687CEA940E46C7144923
2564103662 54757 53918 AAA28658B0D991AE34F9D9FE01B482DBAAA13013EE825B5379D8407F0C49F22E
2565970558 6762 10244 7C20F6CF1A09EEE4F40FE6F70B0F070213E4AE0B9599CF6348B0EAC781225457
2558282616 19353 2012 C44CDA37157F318F719980CCEC3EF6E0E790A5C8F8CB66ACE1A8A6B1C3F28F2C
2559246448 11456 3754 7C20F6CF1A09EEE4F40FE6F70B0F070213E4AE0B9599CF6348B0EAC781225457
2557613503 3204 52902 7C20F6CF1A09EEE4F40FE6F70B0F070213E4AE0B9599CF6348B0EAC781225457
2561425257 54376 21287 7C20F6CF1A09EEE4F40FE6F70B0F070213E4AE0B9599CF6348B0EAC781225457
2558632220 59054 1121 7C20F6CF1A09EEE4F40FE6F70B0F070213E4AE0B9599CF6348B0EAC781225457
2557495514 36200 49539 7C20F6CF1A09EEE4F40FE6F70B0F070213E4AE0B9599CF6348B0EAC781225457
2567776610 61341 39890 97FD334843E5AEE8CEDD0B0264D664FDECCC9B84E802EE7C6CC57136DE5A30A5
2556572584 3997 30936 D403A9E2E5DF0EA5AD1DB715ED9338814AD8B74FEEE3A68084D90F7BAA5434E2
2562033365 64151 9467 E4ED1289A12BAAB5C1189AD8477995595BD4B037B0ED9070B49668B6657C7F38
2558368728 19386 33816 7C20F6CF1A09EEE4F40FE6F70B0F070213E4AE0B9599CF6348B0EAC781225457
2558543969 26161 17269 756CD5FC2C97515DF1B3208750EFAAF67D1390C5D0C09FB209FB3B08CC39039B
2564824539 21702 50350 7C20F6CF1A09EEE4F40FE6F70B0F070213E4AE0B9599CF6348B0EAC781225457
2562246176 49366 14568 7C20F6CF1A09EEE4F40FE6F70B0F070213E4AE0B9599CF6348B0EAC781225457
2566165408 45471 33199 E57C4277021573D7843446A292CEAD1B4C46F810196758EFD6E8D98961EC81FE
2557577897 28629 40806 B0E96DF30CBE80B3B9AF7E3FE77BAC9BA87DEA9AD715DFCE5E9653AD05D603DC
2564965799 35715 31591 2CEBE728E9CB52038416FA86D6B5BFA397E9348634633DAE0EE005EBF54E46F7
2563576427 42009 25588 10BE36E9632B3C389A060B24BD922F7DFAE55BE0F5AB24853B5A5686A0568468
2564059983 42586 65194 7C20F6CF1A09EEE4F40FE6F70B0F070213E4AE0B9599CF6348B0EAC781225457
2568076631 25448 6844 7C20F6CF1A09EEE4F40FE6F70B0F070213E4AE0B9599CF6348B0EAC781225457
2566636017 29893 55352 F1B1837C702AA9B974062233D0C4A30A08BEB962103676F16A273CD871D14F62
2557468698 10927 65208 67859344B4B46F28C71C74E654FAFD53C234E187725761AF875A750F917506EB
2560777984 28161 64105 B9F08EE2F2F6AEF2110FEF1EB0DB7C866D7AF0E3A9CB5744386B560E523EFA28
2567268791 11743 2214 0814C468082FC98577C2F2F68001632A319BC5671C3D8F7395037B692F5EBE51
2561577461 15974 51183 7C20F6CF1A09EEE4F40FE6F70B0F070213E4AE0B9599CF6348B0EAC781225457
2566512257 2024 26213 7C20F6CF1A09EEE4F40FE6F70B0F070213E4AE0B9599CF6348B0EAC781225457
2567630041 36723 11834 A0E9615DE588D9EBD6DF75D30D6245300499F04E8AA67FEFCF41CEFF2CFE7D61
2568004857 39710 40517 7C20F6CF1A09EEE4F40FE6F70B0F070213E4AE0B9599CF6348B0EAC781225457
2567542022 4789 35654 644881048BBC9EE38E2AD57889142CD392182CF636D78957ADBC1DABB62A3198
2562438429 65462 50848 7C20F6CF1A09EEE4F40FE6F70B0F070213E4AE0B9599CF6348B0EAC781225457
2565713860 27754 37187 7C20F6CF1A09EEE4F40FE6F70B0F070213E4AE0B9599CF6348B0EAC781225457
2564193575 50215 49341 D169E746258C07A361D00988C0CB0AD1A5AB5A04DCAEE1A1979B38F38238A2A7
2556790457 59133 62131 324209CA061F40F9360E2319F90AD64914C52B831112222ACC8807062C73438B
2560253135 41939 2109 E5D4A318BCA0C9791695A050C992E62C37E3E467CD1A36322508824DD501EB0C
2557186834 28723 63104 6A4A598635615AF3349A5D1C8416890BF5C34D218A812D5AE23A5D3B614700CC
2565571224 4609 1208 4502EA0B3B6A9DA95AC40FDC6EFE0C4D666EFA03EDF66685374B47A0BFB68103
2557383584 44912 24873 7C20F6CF1A09EEE4F40FE6F70B0F070213E4AE0B9599CF6348B0EAC781225457
2566664213 21144 46998 7C20F6CF1A09EEE4F40FE6F70B0F070213E4AE0B9599CF6348B0EAC781225457
2565185771 8962 64154 7C20F6CF1A09EEE4F40FE6F70B0F070213E4AE0B9599CF6348B0EAC781225457
2566248283 28691 57281 D01B449148DE7AB23E002804503C20461E81237C0A91E35D191591E9C459639C
2565960969 37049 22871 8879BBC93CAD4B19A262F4C00C3CDB853D42F2AE0AE9720911D138A91454B07D
2564973168 57585 35962 4A50226F2870FB5F6FE5245A1463A330A48502C5EEEB13F8B76026CB128E02D4
2561506444 26956 55296 7C20F6CF1A09EEE4F40FE6F70B0F070213E4AE0B9599CF6348B0EAC781225457
2565235761 14029 37613 05C5FE38C8AF171025AAA187B2981D110FAA11A115C471D82C47766FAA3129BD
2557023213 62528 31722 7C20F6CF1A09EEE4F40FE6F70B0F070213E4AE0B9599CF6348B0EAC781225457
2558583433 47087 32358 05B67B6D79D0931DCB78AEDEB0F6E0DA665992B17CFE2BE338B26D42F0C549E0
2559144729 33562 54976 7C20F6CF1A09EEE4F40FE6F70B0F070213E4AE0B9599CF6348B0EAC781225457
2566342238 10818 23216 7C20F6CF1A09EEE4F40FE6F70B0F070213E4AE0B9599CF6348B0EAC781225457
2565727434 21177 8048 7401DF369C28F6404B00864EAF7477840D40BA254EB8D99F065B6EB982CC5C48
2561957607 34282 49611 7C20F6CF1A09EEE4F40FE6F70B0F070213E4AE0B9599CF6348B0EAC781225457
2561385712 32523 5757 591BF60EBEC656590B0F5234B6943EE7BDFC0D4990CC50D91BFAF14CE611C0FE
2559294220 8203 26325 0917484F03673C805D270B8AA9454BB41BF93CB2868C1A3A9B5ABA9857ACCD9B
2562308969 16071 12405 645BB40B57D3AC9391E5C74F3DBA99D7CB8568328EE1EE29EBB914A36048424C
2566403589 42608 45000 7C20F6CF1A09EEE4F40FE6F70B0F070213E4AE0B9599CF6348B0EAC781225457
2564210737 20372 2528 7C20F6CF1A09EEE4F40FE6F70B0F070213E4AE0B9599CF6348B0EAC781225457
2559094924 64573 56434 F30DAA9F33D2117BAAF51C79A721F0CEB0B6255FDFFEE98B7872F850B34ACE64
2563137293 61906 34969 7C20F6CF1A09EEE4F40FE6F70B0F070213E4AE0B9599CF6348B0EAC781225457
2561350112 47438 59440 7C20F6CF1A09EEE4F40FE6F70B0F070213E4AE0B9599CF6348B0EAC781225457
2561406148 28097 2509 25661127E42DAF67B0B825649BDDE4DBF6A24193B0CA972E93F0292157BB34A2
2562735034 43163 28706 C595213CEC8702BC273CC39DF4CA86F9BD2181C77D4D9EDC6421D9763309280A
2563913622 406 60755 7C20F6CF1A09EEE4F40FE6F70B0F070213E4AE0B9599CF6348B0EAC781225457
2562661972 48371 60921 2D5D9374AA103CA662631B2BD10C45110E1D17FA6C7AE7C8213C0CFF2CD3A866
2564964488 45790 65465 7C20F6CF1A09EEE4F40FE6F70B0F070213E4AE0B9599CF6348B0EAC781225457
2557760393 13723 11028 EF588D67010A653F323C87F36C49EF82BDEB86D0283F61272FB3893BC90AB94E
2559331309 7814 28622 7C20F6CF1A09EEE4F40FE6F70B0F070213E4AE0B9599CF6348B0EAC781225457
2565517274 49856 33011 7C20F6CF1A09EEE4F40FE6F70B0F070213E4AE0B9599CF6348B0EAC781225457
2563052383 3587 11917 5ADF70AB97D6446B03E1C859BD91678A6912C81751EFA2D54EFA935A92E7C496
2563564609 7224 55431 7C20F6CF1A09EEE4F40FE6F70B0F070213E4AE0B9599CF6348B0EAC781225457
2560427695 9293 59746 467ECBD710B38967255F10C2427A5974A69CE1100DC54201903EA6DC409CEA76
2563773966 5707 32514 EF2EBF9DDD33FEA03EE3958D13AF3B69C83B92CB8EB2732887D247CB91A9D572
2559544458 53670 49949 7C20F6CF1A09EEE4F40FE6F70B0F070213E4AE0B9599CF6348B0EAC781225457
2563711368 10720 10340 7C20F6CF1A09EEE4F40FE6F70B0F070213E4AE0B9599CF6348B0EAC781225457
2558035160 12866 50748 7C20F6CF1A09EEE4F40FE6F70B0F070213E4AE0B9599CF6348B0EAC781225457
2561855645 8107 29891 3D549E1D39CE336ACF74C424A1AA34740781FA084CA19232ED1ACA11E27628BA
2565874483 53863 2791 08442755C68C866B09C2C26A80C85641CB4C95534DB1EDB77D28B93CA0D0EF75
2564611675 1728 54970 7C20F6CF1A09EEE4F40FE6F70B0F070213E4AE0B9599CF6348B0EAC781225457
2566739811 58134 1121 7C20F6CF1A09EEE4F40FE6F70B0F070213E4AE0B9599CF6348B0EAC781225457
2557270042 45726 25865 7C20F6CF1A09EEE4F40FE6F70B0F070213E4AE0B9599CF6348B0EAC781225457

Total of 0 tasks calculated error.
