Total of 100 tasks calculated correctly, accuracy 100.00% 
2571502716 42129 13216 2AAFFAFFCF1F9C28C6E6AA94D469B30609AB8B638BBB0138B7DCF9BE63E9AFB9
2577793386 18591 19486 F9AD12C750AE3A414F6C1CDFA02F25A962C3AB83D08ADD662632237350CB064C
2572145968 62992 25712 7C20F6CF1A09EEE4F40FE6F70B0F070213E4AE0B9599CF6348B0EAC781225457
2570351860 40585 23953 DA30399612D26C0D37B0EA2FD04B0FBCDD00869C965775135F1E78AC99541444
2579991499 29867 13561 829FA342C53E0B367BA445B1FE94A2A93A55427EA9D2F30AE032106CE35A3F9F
2569123833 18415 54770 7B88E547199C3E38FBADA9D72E19CF2F4CB9D2A84F4BD51449039E97ADC4FF48
2569873297 35601 3061 24940752016E5669BE17571DFFADF0496AE5E800A6F897F360BE54A2EB335D49
2569827724 56386 39704 7C20F6CF1A09EEE4F40FE6F70B0F070213E4AE0B9599CF6348B0EAC781225457
2570285267 13773 52626 162AD368A2894EFDF2021B7F402E86242DC50F98C06F11BCCD721AD8A0839562
2573483540 25933 5133 6DD9AFB8C0F0A4E44DA526A257A75BEA1F13F91F15199536C5DDE67A129259A5
2570497133 36654 63432 7C20F6CF1A09EEE4F40FE6F70B0F070213E4AE0B9599CF6348B0EAC781225457
2569968497 24311 55327 881BE941360573170BD910677D6E67B006F052F1F5604A4394D40FC34F2490B6
2569793074 57912 57962 7C20F6CF1A09EEE4F40FE6F70B0F070213E4AE0B9599CF6348B0EAC781225457
2577215935 42180 45614 7C20F6CF1A09EEE4F40FE6F70B0F070213E4AE0B9599CF6348B0EAC781225457
2568679192 57859 845 DD0F0C4DD4B04807417FA235C629CB0C9FD35958B360E138A6FF5D78C5DC6E0C
2571234054 42393 20909 095ED3E39D89879F682704E312CF1E25687FB37259982C38A0EAE9516248A96A
2572552361 7060 43756 7C20F6CF1A09EEE4F40FE6F70B0F070213E4AE0B9599CF6348B0EAC781225457
2573993335 2643 26649 54469635C8CFAEA84967C86D909BF2FB39E90580FB72E07BDA0779C930E91552
2572773024 30871 50427 A9B81BA0A49373D1A0EF1F1E9F41FC466A3048A0A1008FF7DDEF9C7FB3DC4459
2572283067 11601 28302 0723C08471D851654659DE0E2AD419CC65F5DBF021E13A2FD8FF527EF7713C0F
2571195324 17074 189 7C20F6CF1A09EEE4F40FE6F70B0F070213E4AE0B9599CF6348B0EAC781225457
2576666769 54780 36367 7C20F6CF1A09EEE4F40FE6F70B0F070213E4AE0B9599CF6348B0EAC781225457
2576188681 14635 50747 EC7A9843B5AB279AC3C73BC7210201D45E76AA8E27D7A6F43629274CDE8076DB
2571980911 8890 40242 7C20F6CF1A09EEE4F40FE6F70B0F070213E4AE0B9599CF6348B0EAC781225457
2573740793 32503 63762 EDE3558EBF63D0EDB295E642F0768F4241887ADE0D205C4B9C645520DD16E7B8
2570931220 14469 44111 8223D824A3A49892BE5B25C592CD09BE1F9A18C0470E839A9F2DC7D57D8A61E3
2579607396 65100 60704 7C20F6CF1A09EEE4F40FE6F70B0F070213E4AE0B9599CF6348B0EAC781225457
2571957643 36767 16623 056C4FAE79AED78F414BD673B3DB6FBDD783214E0503DD0DFEFB11ACBD5DD4F7
2575694487 42451 63052 943D9964741990EEC6D1DE3CFCEA94F9F3FF17D6A72D7EECF586EB55896652B7
2571590393 59549 61753 2A8F7F7F479C418A24AE8BA181176C5B3FBCE314FE9502A01E81F591D46EC56F
2571440345 3009 7538 CAB93774668149E825E6CCCEF14729485D9DDCCD8200C1F800F4D05C1156DCF9
2580008022 54033 52371 95359AB67FE9061E1A4E9E5E3BEAF06FA329E5016A0FAE2D9178AD7EF8ABDB71
2574970401 11275 3573 81C6D5D0C8A14E68AC92657D9FF91CB62D74C483E112E1B69B5F8EF53F83B213
2572173141 12582 30184 7C20F6CF1A09EEE4F40FE6F70B0F070213E4AE0B9599CF6348B0EAC781225457
2579400074 28840 52010 7C20F6CF1A09EEE4F40FE6F70B0F070213E4AE0B9599CF6348B0EAC781225457
2576239594 48875 22031 D1C516C4AAC59454853CF774C359C46393F108EDA9A18D4539EBB0C39FB09B73
2569106202 57663 55839 C46FE29C1E326C005488B90F34D752D33F9333E02469DD79DD995BB057C85893
2570379702 40036 51863 7C20F6CF1A09EEE4F40FE6F70B0F070213E4AE0B9599CF6348B0EAC781225457
2577792145 61139 43620 9ED8B508D86B314C7BF2587646A2AE751EAC0455D77F4168EA341FC940F0F2C3
2575671803 23059 38911 603C4EA80283FA6B6D12D0CB04FDBC70FDCF9B333092D87A059D508AB592063E
2576997998 40843 60119 C87BF5EA35EAD2E4A530DA02F6C339D8E35A1A54F3825C61C62EB7D2436B5F6B
2569545075 20581 65426 B6E51AE39F2561FFBCEAFCBDCA814A2435C05C1B05C3BE916776EF04E16853D7
2575402105 4990 61727 7C20F6CF1A09EEE4F40FE6F70B0F070213E4AE0B9599CF6348B0EAC781225457
2578783740 32682 42964 7C20F6CF1A09EEE4F40FE6F70B0F070213E4AE0B9599CF6348B0EAC781225457
2579760063 22926 52377 7C20F6CF1A09EEE4F40FE6F70B0F070213E4AE0B9599CF6348B0EAC781225457
2577493113 45125 27799 B2D2C8A6B98C2D0C91DA5E31345AA402989B11A77018EB8EAAACBF171CB79689
2572996158 18031 13061 0CEFF5142056FD45CD6BD67BC03B3FA990A94621C424986AB4686DDD0FC6A6EE
2569926371 52757 3512 3B7C4AAB1E829AEC08364972C6ECBD7F322E7F1A7285AD868B7281B6A0539431
2577782541 17711 28073 231077B50282EE0454D82C8D4C66288983BD5CB30001F51393B8E2D3F480A3B3
2570043127 49927 46707 52A1948253BA4A1F679F8007AC40B5E95788292B8E8A8BD71AC389B82D73762D
2574167976 64489 11139 92821F23AFD1AA4C727249D278D82C580BDC4F8B7024BFBE266F88C1EDD8E166
2568844111 52538 4006 7C20F6CF1A09EEE4F40FE6F70B0F070213E4AE0B9599CF6348B0EAC781225457
2571549155 58347 60656 B72CB4ED2955B310F473CF3A85DD88E5AF65FC3E9D7D418B3C545357BF4DD159
2573056152 17301 44089 7E22D4CB72A0A32CD24D838BA1E95EEFAC6CAC30E58A37C1FB5F0F477DAFC850
2577700944 37071 34425 DB14AF08C87A1E5AE834729A6EA4ACDA46B15BFBE7D98421D474FD638AF4F3BC
2574131039 60787 25064 792ED89A8E1977BED11EE98D998B1708EA4D86F66F01DA7039D95BB0D1D6375A
2570267616 6122 23644 7C20F6CF1A09EEE4F40FE6F70B0F070213E4AE0B9599CF6348B0EAC781225457
2569677320 62337 31297 6CA737D94EA8EA19EE4820706769E04E41569CEBA60F45D1A910E15AE556C14F
2579171219 27997 25629 051272D6BE0C035CA9551D6377FEFDFFC5E10355B2E458462EB754FC3EE5F4CD
2572177027 35914 799 7C20F6CF1A09EEE4F40FE6F70B0F070213E4AE0B9599CF6348B0EAC781225457
2569653722 36228 20285 7C20F6CF1A09EEE4F40FE6F70B0F070213E4AE0B9599CF6348B0EAC781225457
2575190998 7378 19780 7C20F6CF1A09EEE4F40FE6F70B0F070213E4AE0B9599CF6348B0EAC781225457
2575206670 25938 14840 7C20F6CF1A09EEE4F40FE6F70B0F070213E4AE0B9599CF6348B0EAC781225457
2569062498 7327 38321 E9C9671FEFE6DDABB631644CE6E41F4A7CEA91FD078967A8520E8BE0EC8C2677
2571242552 14941 12978 D0119077F33CDEB1BCB1BA6110EAAECF5F0C042DBF57C2938CF6F312150B927D
2569904811 9200 37806 7C20F6CF1A09EEE4F40FE6F70B0F070213E4AE0B9599CF6348B0EAC781225457
2576196674 30148 24033 7C20F6CF1A09EEE4F40FE6F70B0F070213E4AE0B9599CF6348B0EAC781225457
2575749491 12985 43050 EFCC7875D34C1B553168727B0AC7B340852986D4261BD29F2CD9418BB0383C4C
2576307562 44055 56706 1370B544A216850359A9C31F6818DB8D7776FFCEC874B5FC5001DCA995BE2F35
2569302821 24116 51273 7C20F6CF1A09EEE4F40FE6F70B0F070213E4AE0B9599CF6348B0EAC781225457
2569010347 22440 46209 7C20F6CF1A09EEE4F40FE6F70B0F070213E4AE0B9599CF6348B0EAC781225457
2577222255 56614 59729 7C20F6CF1A09EEE4F40FE6F70B0F070213E4AE0B9599CF6348B0EAC781225457
2570260559 19515 62226 93F06D754CA516A43B800D707A1FB486674688E0D1929B87816B3AEE3934A596
2574746173 54773 44420 6B7FC9D99F0E5D0E5198ADAE21981AC13CB61568A47545198B4FC7BD7CF07EED
2578114033 20803 55801 AD4AFD434C489EAA011A371A927B57E042ED00EEE3B92EB9C29168B8A30F5771
2574673532 34168 2433 7C20F6CF1A09EEE4F40FE6F70B0F070213E4AE0B9599CF6348B0EAC781225457
2576078121 16854 51519 7C20F6CF1A09EEE4F40FE6F70B0F070213E4AE0B9599CF6348B0EAC781225457
2577820276 60919 21070 B40BF7C4E4336EF27267A5E21A89B4C5F42055B0DEB5EB69FD66433EEFFF1F42
2575416893 21465 39515 72E89EFBDABFFB1F0F292FC6FFFB029E53CFA028D7E0321A71AE1DC5A03669ED
2574094329 35630 5899 7C20F6CF1A09EEE4F40FE6F70B0F070213E4AE0B9599CF6348B0EAC781225457
2578429069 32293 4992 E5F12BABBDB06062F4CB57088D6DECD4D35B3E56BA7DDC9888BC40A62FB92E4B
2577644549 26622 47443 7C20F6CF1A09EEE4F40FE6F70B0F070213E4AE0B9599CF6348B0EAC781225457
2574480044 34286 8651 7C20F6CF1A09EEE4F40FE6F70B0F070213E4AE0B9599CF6348B0EAC781225457
2574866376 36106 22430 7C20F6CF1A09EEE4F40FE6F70B0F070213E4AE0B9599CF6348B0EAC781225457
2578954875 45334 56846 7C20F6CF1A09EEE4F40FE6F70B0F070213E4AE0B9599CF6348B0EAC781225457
2575272074 50367 20929 BA0A83E559EDB3E8386A17ACC595AD100CF7CA1839571806ECA11A4C752B8BBF
2575620904 63809 19404 C576CCAE1CCEC7438B2F8D899CF98389E5E54B6B35EA33B8587080F3DB5AE077
2568819183 65281 17786 738BB655E36C2349EF56CC0D4F74CFFBFAC268BCB6CA4E21FFAEE0A65008808F
2578010726 37959 32470 650427A786CD479EDF18697C8B583A808F41DC6240E63EE7204EA5CF0043F895
2572522610 17372 34372 7C20F6CF1A09EEE4F40FE6F70B0F070213E4AE0B9599CF6348B0EAC781225457
2579560913 17771 23826 61CE0A09CC3A084B47C918C7B525D740C8A5C4EF0F69842716EBC5F774818AB2
2573824805 6876 52686 7C20F6CF1A09EEE4F40FE6F70B0F070213E4AE0B9599CF6348B0EAC781225457
2575244414 40497 31448 B29403245AA8862B123DE0BBAE0D0130251D3728BF8A461094A322F0033B5F22
2570502775 49225 11929 7B40DB767CCF57AF422FBCD49112ACF7FDD4AB480A0CC0420EA8E16C0D1602C4
2569503074 53571 3628 503ECBBE8AF4285A05ADBCCA6C51AAFCEA4B88F06FC4D0960196BB88C079C1CC
2569816840 3114 20419 7C20F6CF1A09EEE4F40FE6F70B0F070213E4AE0B9599CF6348B0EAC781225457
2574766818 31692 62528 7C20F6CF1A09EEE4F40FE6F70B0F070213E4AE0B9599CF6348B0EAC781225457
2573319973 10992 29681 7C20F6CF1A09EEE4F40FE6F70B0F070213E4AE0B9599CF6348B0EAC781225457
2569941740 43656 13773 7C20F6CF1A09EEE4F40FE6F70B0F070213E4AE0B9599CF6348B0EAC781225457
2579239202 35897 28845 2D64FE30C4F46E204D5B907F9427AC1561CCFD94A2833D20AFBC18582AAA5C2B

Total of 0 tasks calculated error.
