Total of 100 tasks calculated correctly, accuracy 100.00% 
2585009249 7405 46274 381E13013AC2097F1E6115787A912E8F0A6C624FF1F5083DF6FA2DA0BC601C6B
2589721784 32626 49023 7C20F6CF1A09EEE4F40FE6F70B0F070213E4AE0B9599CF6348B0EAC781225457
2583501037 52538 55553 7C20F6CF1A09EEE4F40FE6F70B0F070213E4AE0B9599CF6348B0EAC781225457
2587748601 14840 3409 7C20F6CF1A09EEE4F40FE6F70B0F070213E4AE0B9599CF6348B0EAC781225457
2586031681 9231 42675 B9A93EA2051F175CD8063477B8619329949AB67FBA73992E3A1C515FA8B121CC
2581858201 59525 28797 3F77B400BC47564BD73B3BDBFFD318827738D6232F231D419DDE32367A855C85
2590132056 37831 19398 C2153C1E6C9C0ED55CE08B4140D766A87744272BA0EBEF65AC4747ACE3DDB3AA
2588807542 34501 34155 3A8DABFBDEF082656DA3F6337B7C162CA5113E52E7699A1903DBA2649C7D2808
2590161573 52286 32374 7C20F6CF1A09EEE4F40FE6F70B0F070213E4AE0B9599CF6348B0EAC781225457
2587412181 39370 24508 7C20F6CF1A09EEE4F40FE6F70B0F070213E4AE0B9599CF6348B0EAC781225457
2587168766 64876 9095 7C20F6CF1A09EEE4F40FE6F70B0F070213E4AE0B9599CF6348B0EAC781225457
2591475951 11843 59808 7A3A8A1F14DE7679A5D55FBA35E7E23E276ABD19B1731A76C0F916562312D5B0
2589183054 54536 15484 7C20F6CF1A09EEE4F40FE6F70B0F070213E4AE0B9599CF6348B0EAC781225457
2583767814 49951 37562 1D403757A0298D11E792B8E9B302970A300D582FD12A85BF72AFFD8A510822E3
2586378002 50244 2373 7C20F6CF1A09EEE4F40FE6F70B0F070213E4AE0B9599CF6348B0EAC781225457
2583870213 60410 59834 7C20F6CF1A09EEE4F40FE6F70B0F070213E4AE0B9599CF6348B0EAC781225457
2584509623 32704 15836 7C20F6CF1A09EEE4F40FE6F70B0F070213E4AE0B9599CF6348B0EAC781225457
2583916420 25021 59864 217BA29B1101A2052FF05AB9ECA7EDF9D6EE73E894EECD17F8BABACEE51B62BC
2582676437 28428 41879 7C20F6CF1A09EEE4F40FE6F70B0F070213E4AE0B9599CF6348B0EAC781225457
2581645337 18826 32109 7C20F6CF1A09EEE4F40FE6F70B0F070213E4AE0B9599CF6348B0EAC781225457
2590287004 62392 18554 7C20F6CF1A09EEE4F40FE6F70B0F070213E4AE0B9599CF6348B0EAC781225457
2580736974 36170 29237 7C20F6CF1A09EEE4F40FE6F70B0F070213E4AE0B9599CF6348B0EAC781225457
2582122918 52662 25659 7C20F6CF1A09EEE4F40FE6F70B0F070213E4AE0B9599CF6348B0EAC781225457
2588068505 58001 33556 3CC5C07E6C1461A20D19CE9E253516C7D88E3A7429DEFA7C0D092C728F35050B
2585272579 8776 56790 7C20F6CF1A09EEE4F40FE6F70B0F070213E4AE0B9599CF6348B0EAC781225457
2590839390 43120 49569 7C20F6CF1A09EEE4F40FE6F70B0F070213E4AE0B9599CF6348B0EAC781225457
2587224837 60729 55403 B437A39086AAECAACB868013D2802226A0775A5FC4A9A171C48FFE08C8DE6EFF
2581677324 27762 34079 7C20F6CF1A09EEE4F40FE6F70B0F070213E4AE0B9599CF6348B0EAC781225457
2589254656 39626 21290 7C20F6CF1A09EEE4F40FE6F70B0F070213E4AE0B9599CF6348B0EAC781225457
2590155021 48503 23836 2BE9151548E99331D2CFA5C40DF011DC01C8E97DF5861A7670C3801A9FBA4ED4
2583815040 16413 11136 D11E88837E30F374E40D66666098D9ED4330A17CBAB6AB4FD496D21BCD2AFF0A
2581725675 30514 64518 7C20F6CF1A09EEE4F40FE6F70B0F070213E4AE0B9599CF6348B0EAC781225457
2585012470 7550 56149 7C20F6CF1A09EEE4F40FE6F70B0F070213E4AE0B9599CF6348B0EAC781225457
2585185960 62831 63696 6B7DE89A9C261507D3C2D2FF8F626A17A2DC3082044373E9566FFED6D515163E
2586180509 61572 7068 7C20F6CF1A09EEE4F40FE6F70B0F070213E4AE0B9599CF6348B0EAC781225457
2584661184 23480 30597 7C20F6CF1A09EEE4F40FE6F70B0F070213E4AE0B9599CF6348B0EAC781225457
2588652644 24500 24615 7C20F6CF1A09EEE4F40FE6F70B0F070213E4AE0B9599CF6348B0EAC781225457
2587914080 27799 24320 09E1D6F7AD99C743EB3776E64BFCC42E4863FC0BDE6EFA3669580E62A3E15B0B
2583806197 2588 1825 7C20F6CF1A09EEE4F40FE6F70B0F070213E4AE0B9599CF6348B0EAC781225457
2585663422 61935 10506 2543C40E1D821BFFBCA434246EBF4C7CF6831B3A02C4AA4A08F20326C4FFC437
2582052154 45521 6412 226DCC205195D88D200584772A46584792C89DB03A877664A497752B9437436B
2588245577 7987 40116 2D2ABCC9CD419B48BC7B4AB0F0EEB10A4637162B8971B15E3BEE4B94671F8712
2581241803 26281 61775 0AC6905D9EB39EA98F94A62155FBE8FC092DAE1A03E34522E89A92C4F37470C3
2584224421 40268 20541 7C20F6CF1A09EEE4F40FE6F70B0F070213E4AE0B9599CF6348B0EAC781225457
2582377645 52476 59624 7C20F6CF1A09EEE4F40FE6F70B0F070213E4AE0B9599CF6348B0EAC781225457
2586005707 24919 47097 4BF1197717971F262667AFEEA0E1D3FDABE1EC21F9A95760E9858642EE00E895
2586795068 362 7562 7C20F6CF1A09EEE4F40FE6F70B0F070213E4AE0B9599CF6348B0EAC781225457
2587372777 48423 37276 5C504C9F2C7607DB46725E0724473227C9E420FE4B149112CC45DAF4B3E5F5FC
2583867667 620 39667 7C20F6CF1A09EEE4F40FE6F70B0F070213E4AE0B9599CF6348B0EAC781225457
2591369147 41919 54140 4D8A9F12306FD95CE377A1CD90A460CBD6615146081C98765EEDA07EBC5E3DB7
2591360289 34129 45292 CF162C555ABCB08F4F72A1147D93AEADD10A6998DB05C156AF564E3EAA475CCE
2591559622 150 43770 7C20F6CF1A09EEE4F40FE6F70B0F070213E4AE0B9599CF6348B0EAC781225457
2589214096 50723 33476 1C5F60F302CAB999E3F7C55BA4A774BA3E5151494B4814152BF35D2B7E0965F3
2588685783 33315 55138 1122A3FDB57A0074470412135AB88415DFB49B292EFD4F1C3724286EC7078B6A
2586393982 41812 36211 7C20F6CF1A09EEE4F40FE6F70B0F070213E4AE0B9599CF6348B0EAC781225457
2589409581 34786 59757 7C20F6CF1A09EEE4F40FE6F70B0F070213E4AE0B9599CF6348B0EAC781225457
2588387795 12559 49908 27C35D0B58BD4D516961B2888B0B63D3D1B2EE6AD2F2118FB616914B8B497311
2583638927 27293 38808 E25C259D508DD8D01F4B397D029CE6055A79C193566B022DDE21C061B17A6A78
2582046604 30062 51248 7C20F6CF1A09EEE4F40FE6F70B0F070213E4AE0B9599CF6348B0EAC781225457
2590540482 17616 62536 7C20F6CF1A09EEE4F40FE6F70B0F070213E4AE0B9599CF6348B0EAC781225457
2591215380 28435 57450 E42F56BBD1EAE905C116A9BAF2165EBE8F6976C7C14C56F09C59B22815AE07DB
2586433932 27488 39053 7C20F6CF1A09EEE4F40FE6F70B0F070213E4AE0B9599CF6348B0EAC781225457
2589069714 19082 43202 7C20F6CF1A09EEE4F40FE6F70B0F070213E4AE0B9599CF6348B0EAC781225457
2584308640 43540 55956 7C20F6CF1A09EEE4F40FE6F70B0F070213E4AE0B9599CF6348B0EAC781225457
2591521845 35030 33931 7C20F6CF1A09EEE4F40FE6F70B0F070213E4AE0B9599CF6348B0EAC781225457
2582910331 56771 42512 15A0C38999EC4AB4CECFC9EBF2D64848EA9CFDCA4395C04815B2B1E255B2063B
2591314410 63753 60648 DA856CBD19BEBC23FD41E7C9824DB1645DBEC5AEBBC31DF78421CDCB13429CE4
2591006573 15227 49743 C016158E6BE509E0CD3F6372698B394F1B7B006C9944EA2E91F4BEC91306937D
2590636836 45814 3111 7C20F6CF1A09EEE4F40FE6F70B0F070213E4AE0B9599CF6348B0EAC781225457
2588330645 30712 7868 7C20F6CF1A09EEE4F40FE6F70B0F070213E4AE0B9599CF6348B0EAC781225457
2586439571 9130 2252 7C20F6CF1A09EEE4F40FE6F70B0F070213E4AE0B9599CF6348B0EAC781225457
2584042020 19670 49311 7C20F6CF1A09EEE4F40FE6F70B0F070213E4AE0B9599CF6348B0EAC781225457
2589627073 44151 10277 FB5110F8433999286B8DF7AB58354546DD2206D6139083C8247926D6F64773CC
2581149182 12319 44081 B9E032E4B3AF4BB69B6134E095EE8D3CFEF8FFE9F6F085CB1EF37233C6552B0D
2583684557 23817 9952 665C42965A127FDE5176D24443843DFB1B91C53C4E1B3FDE2DACBFA10B093233
2588996656 54802 52656 7C20F6CF1A09EEE4F40FE6F70B0F070213E4AE0B9599CF6348B0EAC781225457
2590323592 8305 41558 AA9702236D6C60233C006A8594C487CB4ACF52CFC2E47DE169F91F89DE697565
2585746151 42289 53194 1419EB5CA8E55C3F61E143E983C8E1F3C6E5E5836483B3FC5C43048A4498C3A0
2590779932 62386 39721 7C20F6CF1A09EEE4F40FE6F70B0F070213E4AE0B9599CF6348B0EAC781225457
2581191542 24395 57344 FF9BAD1DE165E54A9D9D11789D7D5287D943F4EB4842BC6C54269A06136E6336
2585943175 56066 56734 7C20F6CF1A09EEE4F40FE6F70B0F070213E4AE0B9599CF6348B0EAC781225457
2590628904 50451 27976 061EDA9C986C0B55AF6FEB066263C5E112DC94D7B43524DE54E3F5D659A5C865
2588826577 19882 9302 7C20F6CF1A09EEE4F40FE6F70B0F070213E4AE0B9599CF6348B0EAC781225457
2584392657 9689 12424 670CA20E35072A8D6C4F77A62C0383F17248ACD3F9EFED880970032842BD9BEA
2589833429 31841 14697 DC5350B5B7B7C992D45CC9E368E3E14CEB457C1436405DE92B159362F359E1E2
2581017540 16427 16835 95DFD7BF10AEA9CD549ACB6344C346A0F65E8783D920F7F81166EAE89BE411A3
2583263004 38097 35322 394761B0908CB74A75F157C790F02468ED060A1FCF6864B805130F5D08B88B2A
2590264676 1214 5189 7C20F6CF1A09EEE4F40FE6F70B0F070213E4AE0B9599CF6348B0EAC781225457
2584373141 54610 36889 7C20F6CF1A09EEE4F40FE6F70B0F070213E4AE0B9599CF6348B0EAC781225457
2586398364 38600 9138 7C20F6CF1A09EEE4F40FE6F70B0F070213E4AE0B9599CF6348B0EAC781225457
2582097955 25286 29654 7C20F6CF1A09EEE4F40FE6F70B0F070213E4AE0B9599CF6348B0EAC781225457
2581621975 26939 33189 689E3EAB023CF5D76EF41590CBD16FAFCC5D6E92928172764018B0C1973888B8
2585886376 3404 46370 7C20F6CF1A09EEE4F40FE6F70B0F070213E4AE0B9599CF6348B0EAC781225457
2588539098 50861 32255 BFE4043FAFF4FD3E9E334CE0978B0707616EA0B8F151EB1F46B9199BAD3B9565
2582944257 52642 37314 7C20F6CF1A09EEE4F40FE6F70B0F070213E4AE0B9599CF6348B0EAC781225457
2585356423 51769 14936 B1070FB4542BB382B4809D73BA481CB933C4FAF6A76D75D32B083EE8AD7A5488
2591962588 17651 17389 D9F22BF23BEBE61155B71A138DB5BA68E9D28ACBC5570F3B8553B7CDA168300B
2588528295 45956 36301 7C20F6CF1A09EEE4F40FE6F70B0F070213E4AE0B9599CF6348B0EAC781225457
2586680431 42611 24019 8C1B15AE992E9C7C8773A854C0DF6B0F747798DCDFCF64760B13982442C76BE8
2588864654 25696 46045 7C20F6CF1A09EEE4F40FE6F70B0F070213E4AE0B9599CF6348B0EAC781225457

Total of 0 tasks calculated error.
