Total of 100 tasks calculated correctly, accuracy 100.00% 
2617063917 25850 17155 7C20F6CF1A09EEE4F40FE6F70B0F070213E4AE0B9599CF6348B0EAC781225457
2624717309 20853 49928 DD548AEE6591F5F473B0256A9B38DB73D77A400EA66AB2D7F935FBAED036DE69
2623124174 52732 26714 7C20F6CF1A09EEE4F40FE6F70B0F070213E4AE0B9599CF6348B0EAC781225457
2626896948 54047 37221 9F139B5865E960E0F0D6B167E761CD44BFA0298115BBFBD49E9E0DD85FE85E90
2625245840 20448 33551 7C20F6CF1A09EEE4F40FE6F70B0F070213E4AE0B9599CF6348B0EAC781225457
2620773279 50523 38756 C87E9474045D64E6D64946659C91B2F53FA9DBD1098A3814D66291F0775B4985
2620002344 32931 26003 2B3C6BE985014DAAFA57A6F756063F032F562588DE7DEC5739D31AB7C0238203
2628190130 43818 9195 7C20F6CF1A09EEE4F40FE6F70B0F070213E4AE0B9599CF6348B0EAC781225457
2617763309 48339 16378 37B252186532ACB661CDE6988726175804108678C643993D89358ABB5B888727
2616881495 39803 18758 58767B4B9540656B0156011891845460E2E4507F1460541D2B014B22CB1B2A0B
2623757975 40248 64522 7C20F6CF1A09EEE4F40FE6F70B0F070213E4AE0B9599CF6348B0EAC781225457
2626969499 48631 60417 ED65E2AD2F64C11F66C9131F1B22E4F60F673907F5B4F4D0D6CF8A4B5820CBBE
2624100359 23472 16887 7C20F6CF1A09EEE4F40FE6F70B0F070213E4AE0B9599CF6348B0EAC781225457
2616758169 31508 46112 7C20F6CF1A09EEE4F40FE6F70B0F070213E4AE0B9599CF6348B0EAC781225457
2627703731 26549 50622 0161C8718DF754F4AB7189E10737E8054070FA9BD68DAA18ECE3A1B28C4CB345
2620833825 4043 92 01E78873674E15B58B6C40734CEA7CDDE93179A71B9F18DA19BE6F09D12919FC
2618598188 63820 48531 7C20F6CF1A09EEE4F40FE6F70B0F070213E4AE0B9599CF6348B0EAC781225457
2621723469 27024 25384 7C20F6CF1A09EEE4F40FE6F70B0F070213E4AE0B9599CF6348B0EAC781225457
2626356604 26235 24203 02B51614859887C86779DC8D35B9FF5201554FB3DE88F441592A5632CD65A2DB
2624879716 923 13532 57D317458DC1C8798951D5589FF681354B1DE78CB88B41B75F335957EEE3119B
2625838001 9058 20915 7C20F6CF1A09EEE4F40FE6F70B0F070213E4AE0B9599CF6348B0EAC781225457
2625661371 45486 53513 7C20F6CF1A09EEE4F40FE6F70B0F070213E4AE0B9599CF6348B0EAC781225457
2620801624 53310 63755 7C20F6CF1A09EEE4F40FE6F70B0F070213E4AE0B9599CF6348B0EAC781225457
2620890095 25298 19641 7C20F6CF1A09EEE4F40FE6F70B0F070213E4AE0B9599CF6348B0EAC781225457
2620588224 27543 37033 AADEB082568CE6C9F0A2852DCA83C6B9982E762D7DDFF31C1979A8E0ACA2FE97
2625931147 16907 46859 954AA844629612EB40CE7E8FBC9BC52B201B68D887CBF863F2648EBA8E0CA96A
2621808663 40831 2381 354C428B64F7F1B25DCD2B06B1E2FD2580D566C10ABC8DF303EA870D70939E33
2617441195 6819 60618 F1F32F92C3C210F79D035FB69F23B6F1E4A95CFFE8F7D5157E3026EF8831407F
2619795005 3726 48024 7C20F6CF1A09EEE4F40FE6F70B0F070213E4AE0B9599CF6348B0EAC781225457
2618864180 1668 22395 7C20F6CF1A09EEE4F40FE6F70B0F070213E4AE0B9599CF6348B0EAC781225457
2627246283 22952 19587 7C20F6CF1A09EEE4F40FE6F70B0F070213E4AE0B9599CF6348B0EAC781225457
2624227329 18145 54727 50E8B6DD8497D7D3D0EEC1E2DFABC98B01DD879F6370A936BF43AA48EA2965CF
2620772963 64487 45383 80000D21F9BE799B929E7B7A6507AF203C66D42D61D3548AA9CB39B8C695B6A5
2621782717 55100 44569 7C20F6CF1A09EEE4F40FE6F70B0F070213E4AE0B9599CF6348B0EAC781225457
2625290673 42988 56974 7C20F6CF1A09EEE4F40FE6F70B0F070213E4AE0B9599CF6348B0EAC781225457
2621947829 4909 60950 16CD0ABFE1C8D7767DBEAA625D49BE49E44D6842CC7F296F776A0879B7191037
2619726276 14186 61176 7C20F6CF1A09EEE4F40FE6F70B0F070213E4AE0B9599CF6348B0EAC781225457
2627913011 18648 54151 7C20F6CF1A09EEE4F40FE6F70B0F070213E4AE0B9599CF6348B0EAC781225457
2626201467 58537 1281 A9038595F24B9EED76F58B64EBEF1ACFC231DDA1E84622982910D817128303DC
2622508028 17351 63377 BBCAFEA53FE2D1249BE504606FCA826C2110DAA9FD9F76A9D36B580AF6439744
2622283042 18491 22329 2DFB9CB3600C9A2E348007C617729B56E211B83DCC801CFED6C40F47E85C4A5A
2616657981 43287 65510 8D5FF1A48FE22C9838033DF9EBC3B7A2A710D513DAE7CC55F7ACC85C38BC7F43
2619064637 12282 52339 7C20F6CF1A09EEE4F40FE6F70B0F070213E4AE0B9599CF6348B0EAC781225457
2622169136 8077 65411 A42C95794D417952A8F93A8200339247A1130B7D1439D4580A4811D0CEB57D42
2625907257 23433 24869 815A4BEC7A067301B0FE79B7F3331B293043F57114B80D1B74AB412A7B261C7E
2616920062 19702 53976 7C20F6CF1A09EEE4F40FE6F70B0F070213E4AE0B9599CF6348B0EAC781225457
2626403097 16686 23513 7C20F6CF1A09EEE4F40FE6F70B0F070213E4AE0B9599CF6348B0EAC781225457
2622177588 59978 17666 7C20F6CF1A09EEE4F40FE6F70B0F070213E4AE0B9599CF6348B0EAC781225457
2620411512 28546 38259 7C20F6CF1A09EEE4F40FE6F70B0F070213E4AE0B9599CF6348B0EAC781225457
2618658549 30488 21135 7C20F6CF1A09EEE4F40FE6F70B0F070213E4AE0B9599CF6348B0EAC781225457
2625230842 31869 5818 09FD7482F2178EFEA600F1C781A4D95ADE8CD38EA487A1957CE1F6CC64CF4DA2
2625822171 51691 13340 86BC4E2921066BB221085C2FA62A246AF8B904B2ED2C5B682DBF880AEC7D75AF
2626023207 9024 18772 7C20F6CF1A09EEE4F40FE6F70B0F070213E4AE0B9599CF6348B0EAC781225457
2621959793 58022 42803 7C20F6CF1A09EEE4F40FE6F70B0F070213E4AE0B9599CF6348B0EAC781225457
2626364258 38196 55088 7C20F6CF1A09EEE4F40FE6F70B0F070213E4AE0B9599CF6348B0EAC781225457
2626021078 42460 28343 7C20F6CF1A09EEE4F40FE6F70B0F070213E4AE0B9599CF6348B0EAC781225457
2617693217 14298 14191 7C20F6CF1A09EEE4F40FE6F70B0F070213E4AE0B9599CF6348B0EAC781225457
2620681109 2497 42405 4516CF146708A6DD7D17C798531FF134ABBF7C3BB4812163C1AFB18771A078BD
2619640187 63860 42379 7C20F6CF1A09EEE4F40FE6F70B0F070213E4AE0B9599CF6348B0EAC781225457
2621851961 22101 61219 946AAF7C33758DA28D30A9B7D6109533B1E19669FC2442DF4FED4C67888FE71F
2619489868 30380 52385 7C20F6CF1A09EEE4F40FE6F70B0F070213E4AE0B9599CF6348B0EAC781225457
2626319649 10412 27242 7C20F6CF1A09EEE4F40FE6F70B0F070213E4AE0B9599CF6348B0EAC781225457
2621952049 7354 13477 7C20F6CF1A09EEE4F40FE6F70B0F070213E4AE0B9599CF6348B0EAC781225457
2617512311 14660 50113 7C20F6CF1A09EEE4F40FE6F70B0F070213E4AE0B9599CF6348B0EAC781225457
2617020005 5677 28990 8A6AB114CB15579C02027F4CFB464F9F7315AD652C47C37ECD5BBE0C52C35DC3
2620069924 2620 39724 7C20F6CF1A09EEE4F40FE6F70B0F070213E4AE0B9599CF6348B0EAC781225457
2618982067 53213 51744 6BCF3FC163B7FEC4DD4AB876B5A702F15A3DDFCBCAAADA1B70607807BD2F9035
2623607771 10733 25427 B3766915EFDBCFB84E33A596E94FBED934617CB78F88108637B3DB43D4347971
2624549611 2005 54917 B0D6D5C48A12CE4E0A1955A1F0B0DA9E3CC47EA7998E1766EC61DF3713E814E3
2625077080 5175 39648 10B457DCFD30E2D79D0155B46615D4C5E8E1A975CDA5FF29457124C858397211
2623786627 23810 34694 7C20F6CF1A09EEE4F40FE6F70B0F070213E4AE0B9599CF6348B0EAC781225457
2621490050 62143 62319 1AAAA2FB9AB6B3681E9F684C4F5EDF931FAA2A66789A63A71F8C0B8ABB2B4B96
2619518449 25659 46664 9576DD9E6E90F0AA43A890232A1C4403BE7C89FA8FC9690417FB52D5983CDC6C
2617037070 51738 39849 7C20F6CF1A09EEE4F40FE6F70B0F070213E4AE0B9599CF6348B0EAC781225457
2617192137 38857 2176 48F29640D6532A30D929A8A4195DC57F2F0E473199CBCE29AAA6FCD734E4F51A
2618404269 49604 63498 7C20F6CF1A09EEE4F40FE6F70B0F070213E4AE0B9599CF6348B0EAC781225457
2625277348 63041 12509 6DCA2A56E044518F310A3C5A4FDCA200B904E8C8579DF85A79678E0A95BCDB91
2619872234 56303 51693 6DA4FF56344E2A90567A0393185AEB6D6914EA1901D084F152109F641274692B
2617703812 16760 48689 7C20F6CF1A09EEE4F40FE6F70B0F070213E4AE0B9599CF6348B0EAC781225457
2623481162 13944 42098 7C20F6CF1A09EEE4F40FE6F70B0F070213E4AE0B9599CF6348B0EAC781225457
2617689308 55870 26062 7C20F6CF1A09EEE4F40FE6F70B0F070213E4AE0B9599CF6348B0EAC781225457
2626814300 60142 56145 7C20F6CF1A09EEE4F40FE6F70B0F070213E4AE0B9599CF6348B0EAC781225457
2618605394 12063 4642 A9C29D6786E4744295B46D160A7E05A69828328EF190631C57E127E4DABD5885
2619059108 56858 55303 7C20F6CF1A09EEE4F40FE6F70B0F070213E4AE0B9599CF6348B0EAC781225457
2626313800 46200 64032 7C20F6CF1A09EEE4F40FE6F70B0F070213E4AE0B9599CF6348B0EAC781225457
2624129729 48620 9353 7C20F6CF1A09EEE4F40FE6F70B0F070213E4AE0B9599CF6348B0EAC781225457
2622870363 29019 9265 AA4EAEC38AB118403AE06D6EC7EE8682B1F30C1BCBB48C4A4E1252CD14986AB6
2623142559 20821 13648 E2F42C1227645A0CE2E7D6472BDC016DA2A31599A144561D01E23295AB4F88D2
2620885424 19369 59368 FFE448E25068F006E26258CA65D3FCC83BC205DEDA7D07524E4F79D1F70E43AB
2623930110 60348 20299 7C20F6CF1A09EEE4F40FE6F70B0F070213E4AE0B9599CF6348B0EAC781225457
2621423164 39400 50339 7C20F6CF1A09EEE4F40FE6F70B0F070213E4AE0B9599CF6348B0EAC781225457
2620624204 58756 33707 7C20F6CF1A09EEE4F40FE6F70B0F070213E4AE0B9599CF6348B0EAC781225457
2619174910 58001 64773 638BCEE2B6C50157C6B124AEE7A9C3EFAD3D3807BE1344F27A3E4833FCA8619A
2620892318 51769 10036 216B26B22880E805F675AE00DA0ABE82D31968FEA30412DA6402B01E3108726D
2621496621 18420 50869 7C20F6CF1A09EEE4F40FE6F70B0F070213E4AE0B9599CF6348B0EAC781225457
2624348517 58408 20688 7C20F6CF1A09EEE4F40FE6F70B0F070213E4AE0B9599CF6348B0EAC781225457
2624846828 1344 40283 7C20F6CF1A09EEE4F40FE6F70B0F070213E4AE0B9599CF6348B0EAC781225457
2617620699 7733 58531 4DDF35AA9124F9115F71653669CDCB81ECC1C09430619DD678575B098B380543
2625386767 64980 17164 7C20F6CF1A09EEE4F40FE6F70B0F070213E4AE0B9599CF6348B0EAC781225457
2625273073 18750 40203 7C20F6CF1A09EEE4F40FE6F70B0F070213E4AE0B9599CF6348B0EAC781225457

Total of 0 tasks calculated error.
