Total of 100 tasks calculated correctly, accuracy 100.00% 
264192214 9907 39419 C1DDC70F33BFB21D80D0A55F6A8E4C91754929CC69A975B3966B40A929E1B0AF
253567185 20895 47245 5FEEA14A44E043093FD5F065327EB6208A4E91903EEFA22108F397BBF469B726
256644791 52843 34042 B99B3AB8F11222865442753608378C59936A02524EC36D49BF7FF0EBEDC2CEC9
252865539 29127 28524 ADEAF76725EB98EE8D53ED5FAE08090B56A09B2008C4411A71D7E73B3B5C50D1
264259945 26998 21023 7C20F6CF1A09EEE4F40FE6F70B0F070213E4AE0B9599CF6348B0EAC781225457
256287324 45810 55117 7C20F6CF1A09EEE4F40FE6F70B0F070213E4AE0B9599CF6348B0EAC781225457
260410848 64598 61996 7C20F6CF1A09EEE4F40FE6F70B0F070213E4AE0B9599CF6348B0EAC781225457
261389701 43915 18978 57046F2BADBC09C25C554383E1E5D82425EBAFB5D80075A646CC48820E1C167E
254954406 27222 5122 7C20F6CF1A09EEE4F40FE6F70B0F070213E4AE0B9599CF6348B0EAC781225457
264110236 7288 27487 7C20F6CF1A09EEE4F40FE6F70B0F070213E4AE0B9599CF6348B0EAC781225457
254193605 44173 20228 B0B126CA4E55BE2631E5371E2B9CE87B9C1FCB4A27A742A421E1B47C48FD32F6
262740076 47858 20181 7C20F6CF1A09EEE4F40FE6F70B0F070213E4AE0B9599CF6348B0EAC781225457
257556188 18154 52444 7C20F6CF1A09EEE4F40FE6F70B0F070213E4AE0B9599CF6348B0EAC781225457
259044830 15385 13870 1E31F21249291755595C4B20155914612D56A1E0F7E1CEA686E55A6E2530274D
254570892 20569 12552 4122357F36367357A33804730C0D1EAE003129F90C2B38AA3D65ECB425D21A12
253100363 60190 36835 7C20F6CF1A09EEE4F40FE6F70B0F070213E4AE0B9599CF6348B0EAC781225457
256101548 65151 33100 B9695D012141E296A68908A4FBD200FC070A465A58F825D94FF330141BBB5062
261263677 17023 5532 7791B3B31A06503CE268BFD35AD08F75DC22B4CB29D67A7DD601460A648641D3
253246520 12750 36670 7C20F6CF1A09EEE4F40FE6F70B0F070213E4AE0B9599CF6348B0EAC781225457
261181677 1495 20802 8921711A7AC247D79C36C7651B3507BE2F9BB2B9CB01C295D21A98ABC6EBA18C
261871884 34441 2227 D2A31153B7CE24F944C594193590D5C597AF70DACDEF3DEAD051B9EB7E09BBD4
253094821 6921 28609 660C9CC7556767F0E0605F6AB9C1736F162BA7A4286ED60B73BBF81FCCCA4D7A
253129435 28745 9896 AE2EDE728E37EC986431E6E6CC1663207940551AAA8A569DD261FDC2C86CB45D
264253726 23500 34284 7C20F6CF1A09EEE4F40FE6F70B0F070213E4AE0B9599CF6348B0EAC781225457
263993574 2722 35012 7C20F6CF1A09EEE4F40FE6F70B0F070213E4AE0B9599CF6348B0EAC781225457
253612575 37805 53262 1A9976D211D6DE1A9AC88405D23AD630B1C6933BFD8D5BB6D17CBB18F43571D1
252669943 23850 24472 7C20F6CF1A09EEE4F40FE6F70B0F070213E4AE0B9599CF6348B0EAC781225457
252889167 17092 24275 7C20F6CF1A09EEE4F40FE6F70B0F070213E4AE0B9599CF6348B0EAC781225457
257058805 46504 19516 7C20F6CF1A09EEE4F40FE6F70B0F070213E4AE0B9599CF6348B0EAC781225457
253766650 24194 18354 7C20F6CF1A09EEE4F40FE6F70B0F070213E4AE0B9599CF6348B0EAC781225457
262145442 50639 6897 92BA10D90DB4F22944F3BFA0AE6AA71A157792970EB5B6EC4854415BEB9DC5B5
260445884 57388 56884 7C20F6CF1A09EEE4F40FE6F70B0F070213E4AE0B9599CF6348B0EAC781225457
255218215 48085 5997 4CDF771BDDD154F6CC179F6DBCAB00F9CB131FF055B6CDA46F79D834A009651B
264347841 15234 65223 7C20F6CF1A09EEE4F40FE6F70B0F070213E4AE0B9599CF6348B0EAC781225457
264386582 62097 33328 EBC2CD2D4E1228881DC52D06F3C14FFAE950818CDFABCD3D5CC24098F22F6ABA
252734928 1809 61638 A9DF21B281432602BF361DF0EB61B1A54EB0FDB7447823F6680163436F22594F
264344068 53531 26569 10DA4074610F6235A473D3DBD2166483D1BB1E00ED30134D5440D6E0282DB24C
262080371 26920 15397 7C20F6CF1A09EEE4F40FE6F70B0F070213E4AE0B9599CF6348B0EAC781225457
258949875 1020 47634 7C20F6CF1A09EEE4F40FE6F70B0F070213E4AE0B9599CF6348B0EAC781225457
261156143 39536 27373 7C20F6CF1A09EEE4F40FE6F70B0F070213E4AE0B9599CF6348B0EAC781225457
257842760 54854 59247 7C20F6CF1A09EEE4F40FE6F70B0F070213E4AE0B9599CF6348B0EAC781225457
258710248 56711 59574 B8CE3DF616A706B9B174C185EB72FAB3492CA86CC4C5E0E6411FA72E0698FC5C
264093440 33808 34811 7C20F6CF1A09EEE4F40FE6F70B0F070213E4AE0B9599CF6348B0EAC781225457
253055893 40526 35679 7C20F6CF1A09EEE4F40FE6F70B0F070213E4AE0B9599CF6348B0EAC781225457
253260402 54573 24211 53DCF98BB8FCC468D54D116CDE208F10CFE7D03A3CEC7DC723C55C20FFEA8915
259522798 48654 18615 7C20F6CF1A09EEE4F40FE6F70B0F070213E4AE0B9599CF6348B0EAC781225457
253455113 6308 12561 7C20F6CF1A09EEE4F40FE6F70B0F070213E4AE0B9599CF6348B0EAC781225457
255100412 37447 54321 C31EEC1585393B4EAF136E96A248D2EDD799BA7FD01A9CA439121E2EAC09484B
255605424 61118 64677 7C20F6CF1A09EEE4F40FE6F70B0F070213E4AE0B9599CF6348B0EAC781225457
263497130 36783 23831 5A62450B78B47AF7F2545872DA810532F9D647AC04C655CFDD3FD15C3CDD9ACB
255589315 65115 12590 DBD4726A065BFD79DACAC0F81F703FC51A4A894A68996834D8573BD90F28A6B5
258572400 44464 52923 7C20F6CF1A09EEE4F40FE6F70B0F070213E4AE0B9599CF6348B0EAC781225457
255362688 36167 24964 B8C72273D07C70A1816C3C3C9CC2AF374C68CBE33AC145EB69EF9F1EB1E8BB29
259683640 63722 15217 7C20F6CF1A09EEE4F40FE6F70B0F070213E4AE0B9599CF6348B0EAC781225457
257727231 57989 5405 6723A967BB0D8183056682EB8D966B8A244F480A901A74DC7D09CF3D0A47F8DD
258593392 47703 14170 092BA6EB9D588AAAEB11C5BF8FD70C53D9E49B2A74DD79B1B5DFE3037AF828D3
261274640 27860 38527 7C20F6CF1A09EEE4F40FE6F70B0F070213E4AE0B9599CF6348B0EAC781225457
257582651 41982 42686 7C20F6CF1A09EEE4F40FE6F70B0F070213E4AE0B9599CF6348B0EAC781225457
253764407 31696 13651 7C20F6CF1A09EEE4F40FE6F70B0F070213E4AE0B9599CF6348B0EAC781225457
264038569 20512 47060 7C20F6CF1A09EEE4F40FE6F70B0F070213E4AE0B9599CF6348B0EAC781225457
262024481 47812 55286 7C20F6CF1A09EEE4F40FE6F70B0F070213E4AE0B9599CF6348B0EAC781225457
257225993 5372 2165 7C20F6CF1A09EEE4F40FE6F70B0F070213E4AE0B9599CF6348B0EAC781225457
256464175 1987 41231 B9BCF44100CCB6F6098FC67C2BF64DD6B350A101599954A628FCE74BA7E43D4C
258425445 21322 62308 7C20F6CF1A09EEE4F40FE6F70B0F070213E4AE0B9599CF6348B0EAC781225457
260739440 48217 34369 C37BF8702D7839B27598490DD625A37F708E67866615F0BDBA59884DC748C043
260530772 47441 59301 202BAEECC9CF0BCE9EC8AE03E18E122F2CC0C29DA68E96066E1CF539099DD386
255430162 42008 24034 7C20F6CF1A09EEE4F40FE6F70B0F070213E4AE0B9599CF6348B0EAC781225457
259454974 41138 15068 7C20F6CF1A09EEE4F40FE6F70B0F070213E4AE0B9599CF6348B0EAC781225457
258260967 49449 33139 1E6A4B738CC181E2A3CF83DF8012AFE70156B4BFEEDF87BD7A55F84D53C0D14B
264166028 22305 61491 91448E8AFB06815B599C82E88122DE41475651EBBACE2F85B4973BB91F852EA4
261674855 31174 28472 7C20F6CF1A09EEE4F40FE6F70B0F070213E4AE0B9599CF6348B0EAC781225457
258986349 3547 32253 7DECE9D24E2CCD5BED59234A7081631B6B9C31F7CF4D5A6F28A21EBA3A97A837
254203638 44151 38944 BBA9E178B595C905645B49F81A275B92FF18D1ABA71F1B7CE03ACE141B62F16A
262486493 5705 61442 218E270B508164CE1CF81214F2CBD112C79CCAF65D0975184A60065BFBA74C6C
259075247 951 28347 EBC93827E175D0C85280EAE6711912E047AE0200B43F46E115FA57EF33861972
259132556 44905 45202 27650D3156882AFD0D7FB7687299ACFEE981A42E656FA41ED2D3CE44F21A816D
260575792 32767 65265 F3BFA8A161F728F8265273925ED08DCA7F91A11918EE5978DFD970D56DB81052
259187986 3739 12209 E89531B213C467EDD6216C147FF5B3BDEDACE8DD9B6A154BC68C9BB5CD9BF9D7
259913048 61455 4046 7025740F8A5351DF766B04C9DAAE9E4142A59D3D76E5A35877022F1259DAB4BD
257606936 63906 27898 7C20F6CF1A09EEE4F40FE6F70B0F070213E4AE0B9599CF6348B0EAC781225457
259869052 16078 14326 7C20F6CF1A09EEE4F40FE6F70B0F070213E4AE0B9599CF6348B0EAC781225457
257708457 51942 41956 7C20F6CF1A09EEE4F40FE6F70B0F070213E4AE0B9599CF6348B0EAC781225457
264128760 2669 6067 D1BF6C1FD80D426B841C3B03D14704CB0BDDCC3B795E6D961F4452A8DFCFFB0D
256805710 1205 9488 A028B89A02794EA47063E45A86FE57F8BA23160F17B42008C1CC6D98255155B6
256538516 25499 17581 85CBBD7DF6836F63EB8767CB9691248212F10D90F71CB46397D62A3246BE6EA4
252765100 32102 30602 7C20F6CF1A09EEE4F40FE6F70B0F070213E4AE0B9599CF6348B0EAC781225457
262322607 6062 8827 7C20F6CF1A09EEE4F40FE6F70B0F070213E4AE0B9599CF6348B0EAC781225457
257363818 35041 24119 4859B6D32F5A83C51A571E8ECF30277B6E3428659277B5B87221E9B48AB0C92C
262604597 23248 52393 7C20F6CF1A09EEE4F40FE6F70B0F070213E4AE0B9599CF6348B0EAC781225457
256716255 38688 62131 7C20F6CF1A09EEE4F40FE6F70B0F070213E4AE0B9599CF6348B0EAC781225457
252742807 23462 27136 7C20F6CF1A09EEE4F40FE6F70B0F070213E4AE0B9599CF6348B0EAC781225457
257960280 2086 13491 7C20F6CF1A09EEE4F40FE6F70B0F070213E4AE0B9599CF6348B0EAC781225457
258800936 17304 54402 7C20F6CF1A09EEE4F40FE6F70B0F070213E4AE0B9599CF6348B0EAC781225457
260865152 55744 17036 7C20F6CF1A09EEE4F40FE6F70B0F070213E4AE0B9599CF6348B0EAC781225457
254879349 18748 15134 7C20F6CF1A09EEE4F40FE6F70B0F070213E4AE0B9599CF6348B0EAC781225457
254786052 24175 7240 6188AD17971A957F7D1D291EAC740A6663F137AC04D13257A0419DF5B75EEA56
261362828 64609 33420 A92080A3381F1734BF58A20D3BA601816E00199E22CFDBC87249D99596DB1297
254111845 34951 61636 E0A38B5510B3222C8C2295B80E5ED171DCBC4C4DC2635227B3541D2CDEEFC467
257460423 58537 24401 D8A51B04590305D78F13432467E571B2CFA7920BE4C008B930AFC0CED902A7EE
258329989 24770 42897 7C20F6CF1A09EEE4F40FE6F70B0F070213E4AE0B9599CF6348B0EAC781225457

Total of 0 tasks calculated error.
