Total of 100 tasks calculated correctly, accuracy 100.00% 
2637048599 22204 62635 7C20F6CF1A09EEE4F40FE6F70B0F070213E4AE0B9599CF6348B0EAC781225457
2635521615 22814 22285 7C20F6CF1A09EEE4F40FE6F70B0F070213E4AE0B9599CF6348B0EAC781225457
2637037840 22963 54264 1025CF4E351ADBF9F495FFF3DDAD50D8CE48253468606372A8E8F56169FDE6CB
2632114229 33058 24746 7C20F6CF1A09EEE4F40FE6F70B0F070213E4AE0B9599CF6348B0EAC781225457
2635922362 63141 64983 0EBB1EA399EA46FD1E74A4983BF05C0B26DE175904C3577A2FE86075A0027DB0
2635939699 7166 15577 7C20F6CF1A09EEE4F40FE6F70B0F070213E4AE0B9599CF6348B0EAC781225457
2631308030 60546 18461 7C20F6CF1A09EEE4F40FE6F70B0F070213E4AE0B9599CF6348B0EAC781225457
2638726114 42699 52998 6D9A3BB622E1DC19ACC5BCBDF8AAC328B93AB2CBF141B34F0CEAAEC4FA6BEED3
2639394753 27024 60754 7C20F6CF1A09EEE4F40FE6F70B0F070213E4AE0B9599CF6348B0EAC781225457
2632131101 56365 8800 D98404E61C23458A5315A6E16532F3047D806179082D265BC426BFB728180C89
2639403105 42149 27171 1A96FB1023C6EF12A6D7D2410AEA0E6B52D64825522BFECF2D169AEE8E925DD5
2629422407 2466 28272 7C20F6CF1A09EEE4F40FE6F70B0F070213E4AE0B9599CF6348B0EAC781225457
2637037084 64224 36379 7C20F6CF1A09EEE4F40FE6F70B0F070213E4AE0B9599CF6348B0EAC781225457
2631594424 2440 25551 7C20F6CF1A09EEE4F40FE6F70B0F070213E4AE0B9599CF6348B0EAC781225457
2638582945 42803 19393 EE6293208EB035FFBA24AE6F2E10CBBDB45B44954212383DA6514AD3EA2FA70C
2630845925 31700 17465 7C20F6CF1A09EEE4F40FE6F70B0F070213E4AE0B9599CF6348B0EAC781225457
2634536972 28087 12093 C59A2753A861062170E89F716C73E57145BDF05C5DE012A26EB24A538280DF0E
2638904696 23203 51930 A8D8920D1B5EA2E4C017958E0D0A259657531F9075CBE16F511F90EDE3123E37
2632398452 44545 672 F07973D79DFEADDA042DC483FD97FDE9B0E19B9E3DF9EB04AC17676233382278
2631315370 19875 42255 5B377129D4DF99689FF9BA73A061E6B90E1F2521B49B08D0099EF1C4B88EA638
2628907140 58496 30559 7C20F6CF1A09EEE4F40FE6F70B0F070213E4AE0B9599CF6348B0EAC781225457
2636630361 25978 54655 7C20F6CF1A09EEE4F40FE6F70B0F070213E4AE0B9599CF6348B0EAC781225457
2637869412 19965 29284 4771655773D9C2A383EADE8E6AC1ED96E4C8631F22BD8521D22BD9117137DB48
2630329999 36409 50032 34E275C9473BF1088FABBFC6A0B8BDE0532AF8274AF5F2385167FE39495386D6
2635307753 45083 46960 D85D54487DD8FFEAEA66F4E3D997E2854F489559DDB3ECF3D81EEDE3BF32EA60
2632622270 2886 59647 7C20F6CF1A09EEE4F40FE6F70B0F070213E4AE0B9599CF6348B0EAC781225457
2634607608 22957 804 21391A3426B33859BDB368BFED389053D5509E60FBCA2DCC34F5E65568492365
2638830074 7762 19309 7C20F6CF1A09EEE4F40FE6F70B0F070213E4AE0B9599CF6348B0EAC781225457
2637385341 43758 50248 7C20F6CF1A09EEE4F40FE6F70B0F070213E4AE0B9599CF6348B0EAC781225457
2632666496 18506 4074 7C20F6CF1A09EEE4F40FE6F70B0F070213E4AE0B9599CF6348B0EAC781225457
2633749245 62309 19000 8EE746F6A2B9F2B99A814F157153A2F1731CB9764E78E544D3AB021A1048C3E3
2635188879 37110 37040 7C20F6CF1A09EEE4F40FE6F70B0F070213E4AE0B9599CF6348B0EAC781225457
2630199587 18287 9221 399A3A8037EC02E58ECB242C0D3510697E58527B3B5AFB0C554A44CC643DAD37
2629508025 16634 31200 7C20F6CF1A09EEE4F40FE6F70B0F070213E4AE0B9599CF6348B0EAC781225457
2628584929 26119 55671 78D8B5BC7205EC7DFF18E899EE7511D28781EE9AE1E920375C2EDB43F8C5FEFA
2629412093 26430 7933 7C20F6CF1A09EEE4F40FE6F70B0F070213E4AE0B9599CF6348B0EAC781225457
2635973921 16318 22926 7C20F6CF1A09EEE4F40FE6F70B0F070213E4AE0B9599CF6348B0EAC781225457
2633620835 16700 49130 7C20F6CF1A09EEE4F40FE6F70B0F070213E4AE0B9599CF6348B0EAC781225457
2631623698 46153 32941 3657DD5ECD84B973746D1A3C8FFA310F3B1613B86766679C313342A4E700AA5F
2629308655 20643 26628 FD49E634309D8AD0D747BD26BEF4191DADE0A98C8F54D37ACA39F1B12D87D1C3
2640115757 37586 51299 7C20F6CF1A09EEE4F40FE6F70B0F070213E4AE0B9599CF6348B0EAC781225457
2628786471 19939 26898 637ECDEC12CEE2D846ED8243993448E3F0D3862BC04EEE152602B79E733F3269
2628959941 50586 42560 7C20F6CF1A09EEE4F40FE6F70B0F070213E4AE0B9599CF6348B0EAC781225457
2635801060 56693 3710 DE1B873549E4648C87BF4CA0E64816492CCAED67BCD587C6F19DCD472A535107
2639708636 14645 6301 E2A25D449FEAD51307F792EE2DD7DDD7E5F7674446884FE0E6B6CAB080A029F2
2630761668 65095 1099 7D2EAD3AEE5409B26A2A5E0A3A4C628C2E174DFE60F9503793C2FDEF335AC2CD
2636840921 9101 60864 9D2673BD2587DFCA526B2AC1A2A1B53EE931F002752352F5CEDD0C0B2B62F1EE
2634622287 26729 44285 D96E7336474362349B969C062B30933FAA0A4A71D9894A483262D41A22B31B5E
2630208264 22296 19399 7C20F6CF1A09EEE4F40FE6F70B0F070213E4AE0B9599CF6348B0EAC781225457
2639249817 58252 13772 7C20F6CF1A09EEE4F40FE6F70B0F070213E4AE0B9599CF6348B0EAC781225457
2639635931 17977 12767 AC3B9420C6E3A77DEBD5056FCFC54892FF80A27AB10284E93DA9073B7A31CC86
2636373726 37005 26196 DFEB4A42B3AABD7040D1C0E9E5798B58CA51ACE003BF6CB77D46E183F39F0DA2
2636191225 39789 40862 FA24675107A9159B5B0B11AFF124E9898A9740F6F0DE0A77FF176271670D87FC
2640217258 58310 29839 7C20F6CF1A09EEE4F40FE6F70B0F070213E4AE0B9599CF6348B0EAC781225457
2630191934 40957 20056 ADF5776F3FBE252F73D681245B63242A2195AEEAD2D09084DB944F0EC7D4CD4D
2634026022 35116 46468 7C20F6CF1A09EEE4F40FE6F70B0F070213E4AE0B9599CF6348B0EAC781225457
2636198301 9473 32647 8964DA9F3DEAFCA93AA7DA98DACB57B8052DA5B77A98754D78D66959A26B3076
2629881725 56076 22925 7C20F6CF1A09EEE4F40FE6F70B0F070213E4AE0B9599CF6348B0EAC781225457
2632936384 27642 7837 7C20F6CF1A09EEE4F40FE6F70B0F070213E4AE0B9599CF6348B0EAC781225457
2635157238 65274 27348 7C20F6CF1A09EEE4F40FE6F70B0F070213E4AE0B9599CF6348B0EAC781225457
2634940263 24159 64419 332F788DF31BE70A45FBFB4C70C850B4DD0DD466D6D81C6BDA917E10D8A07DD2
2630053710 52069 41279 9FC2182B51B4B836F5CCB4D7A50C3259BFEDBE63CB191E84DFD8FCDD10A3B312
2637968235 58332 12950 7C20F6CF1A09EEE4F40FE6F70B0F070213E4AE0B9599CF6348B0EAC781225457
2636754757 53051 19611 ADAE637BD13D9D53BD21206BAA61E292458CE7A4EDB17A25DFCC76885D655B0A
2628764834 16419 40371 47EB8FA9D4EB99B93A51E572B53415C827F3616A92CE5122CCD9B708D05A3A5B
2635776998 35554 60106 7C20F6CF1A09EEE4F40FE6F70B0F070213E4AE0B9599CF6348B0EAC781225457
2631022968 34887 29867 6449D85A03C0B90697712FF5097D0519A37B015D888E33CFB42B4D0ABF5BD9FC
2628581910 45220 6155 7C20F6CF1A09EEE4F40FE6F70B0F070213E4AE0B9599CF6348B0EAC781225457
2635606790 19922 57901 7C20F6CF1A09EEE4F40FE6F70B0F070213E4AE0B9599CF6348B0EAC781225457
2634049656 30352 50646 7C20F6CF1A09EEE4F40FE6F70B0F070213E4AE0B9599CF6348B0EAC781225457
2638835824 20505 16282 95EC0DD7517A61560A458C537B6DAA3CD54CECF8360ABAC55136CA4F83E54798
2639835609 55147 20947 B7FEF65562C3576844DA506488B88DA99CE8E7DCC3CB5216BAF8CC84365F7470
2631261413 49928 36775 7C20F6CF1A09EEE4F40FE6F70B0F070213E4AE0B9599CF6348B0EAC781225457
2632052963 45123 2613 236948B3C94EA81A9FDDF135B8A3259FE558C449597621D9738C74BB5D8D94EF
2633692920 20064 53059 7C20F6CF1A09EEE4F40FE6F70B0F070213E4AE0B9599CF6348B0EAC781225457
2637243883 31623 35126 D90BCE2216FF7F8F5406BD0B1623852A4C6335DCDCE4A3DC8BD6C39A19A88285
2633132226 42823 7229 B707F29E986744AEF34AE7977217D8B28697E9103556B17B88D8AC25D32A4848
2630548949 28484 56372 7C20F6CF1A09EEE4F40FE6F70B0F070213E4AE0B9599CF6348B0EAC781225457
2637781628 3154 923 7C20F6CF1A09EEE4F40FE6F70B0F070213E4AE0B9599CF6348B0EAC781225457
2639765966 37113 39245 A3F0412D0A8C049E25CC7182F68AF256EEFC3438D5F770547B9DF481360DEEBC
2634211278 7826 46174 7C20F6CF1A09EEE4F40FE6F70B0F070213E4AE0B9599CF6348B0EAC781225457
2637617766 60211 54705 FAF20B9C369F4871D4185BE23D160F43DDA4351C2FCEC67760B3F50248756FBD
2629914834 56323 59170 52B1D84E5B96592B9C4EDB3A69031C0357297FA9C30B243E0407E190C9DFD6DC
2633450781 5194 50416 7C20F6CF1A09EEE4F40FE6F70B0F070213E4AE0B9599CF6348B0EAC781225457
2632569562 19917 28501 78370EFB2264F268BDFDDC636A59DD53C66013F7E089D89FFD68AA6E98626B6B
2637909745 25236 19010 7C20F6CF1A09EEE4F40FE6F70B0F070213E4AE0B9599CF6348B0EAC781225457
2639512156 55783 15745 228DEF119CD1121C15277F3D9999CDC4E877C7EBD5A3474AC459DB7FADF23D12
2632313747 45264 2181 7C20F6CF1A09EEE4F40FE6F70B0F070213E4AE0B9599CF6348B0EAC781225457
2632158610 23410 19037 7C20F6CF1A09EEE4F40FE6F70B0F070213E4AE0B9599CF6348B0EAC781225457
2631014683 11623 43794 65A1CBBF93BED207C6840B507D6B872C29A667A956A04CA4780D3E1B4CB735FF
2636557040 37475 2482 5F828C7771D4F065ECCDD440DFF5F7F79F73B8A6A6E2DA796F9780678A5A0D79
2629034331 48828 37564 7C20F6CF1A09EEE4F40FE6F70B0F070213E4AE0B9599CF6348B0EAC781225457
2637260640 33279 48867 74D7BFAF4D7FF0A42E175E45EBF25CB7EB8BF0356DFA428609266F88830F475C
2629163145 5754 57172 7C20F6CF1A09EEE4F40FE6F70B0F070213E4AE0B9599CF6348B0EAC781225457
2636430886 64717 14282 EB1F5D17B0251246E4299E48450B094239C16C39BDCE0B2586DF1D743FF498D9
2635114845 19002 62546 7C20F6CF1A09EEE4F40FE6F70B0F070213E4AE0B9599CF6348B0EAC781225457
2635216957 21589 3963 EAF523D89BD0824F1F6D4FE0AA2E5CC56F0284C6677F26BA87647C5F2D431C1F
2634067602 19155 1880 8569E4420BC25C8C962F75F7420ADC00A31DC487532E33503CF5531872DACE34
2639789883 46946 45817 7C20F6CF1A09EEE4F40FE6F70B0F070213E4AE0B9599CF6348B0EAC781225457
2630042865 26626 49735 7C20F6CF1A09EEE4F40FE6F70B0F070213E4AE0B9599CF6348B0EAC781225457

Total of 0 tasks calculated error.
