Total of 100 tasks calculated correctly, accuracy 100.00% 
2657767120 16460 48089 7C20F6CF1A09EEE4F40FE6F70B0F070213E4AE0B9599CF6348B0EAC781225457
2661300434 21128 46192 7C20F6CF1A09EEE4F40FE6F70B0F070213E4AE0B9599CF6348B0EAC781225457
2654999515 64392 60644 7C20F6CF1A09EEE4F40FE6F70B0F070213E4AE0B9599CF6348B0EAC781225457
2657785968 32326 26304 7C20F6CF1A09EEE4F40FE6F70B0F070213E4AE0B9599CF6348B0EAC781225457
2655200189 55357 33054 28D2102F0B93E320958BD448D8D0C9A84B06CD5906378E0F041131AD8E13072A
2660387001 27061 61715 6B31DEE146F9540B5D58B1FB0836AF83A3E8D8A8B6004F11D4CF3FA2B85FECDC
2660294935 58738 64322 7C20F6CF1A09EEE4F40FE6F70B0F070213E4AE0B9599CF6348B0EAC781225457
2652657814 30439 52615 9D446799D6AE14E224F81BE403C7CF0AE592360E0B2255B1E96B5EF4A74F50DB
2661835315 26866 20131 7C20F6CF1A09EEE4F40FE6F70B0F070213E4AE0B9599CF6348B0EAC781225457
2662568788 50804 7625 7C20F6CF1A09EEE4F40FE6F70B0F070213E4AE0B9599CF6348B0EAC781225457
2658648819 56281 52231 44776BC5FDDD54D35913F55B4D1C37FBF2567BF92DED5964100FCE021CCF9626
2655938236 51138 32759 7C20F6CF1A09EEE4F40FE6F70B0F070213E4AE0B9599CF6348B0EAC781225457
2659087599 39704 18252 7C20F6CF1A09EEE4F40FE6F70B0F070213E4AE0B9599CF6348B0EAC781225457
2661279434 56047 48188 51F4F4BE63A1581A222C310E4C2FFD6DF719D0B9B7E53B8D0A29A569A9561F24
2657458319 8423 52331 D6A95B5EE7F5FF8D1F5BCD0FFFEC84ED9FE1B325758C30CA0926A80452EDEA48
2655345748 37598 16801 7C20F6CF1A09EEE4F40FE6F70B0F070213E4AE0B9599CF6348B0EAC781225457
2661694350 59875 9829 A6E4A337BB30656F9639E7CDF4BAA41BC697929B4C3DA9095059E1D05399BC72
2656409033 59942 11641 7C20F6CF1A09EEE4F40FE6F70B0F070213E4AE0B9599CF6348B0EAC781225457
2654225888 57607 49237 19826CC3691D89FB527B4240E8E54D5D23D80E8BB14AFB24E581F6A73873697B
2653677487 36471 40169 A075EE76FF2A16ADAFE0CF38389BF4CE4469F52C0FC34A77E94C04480BB674B7
2655315054 62690 26168 7C20F6CF1A09EEE4F40FE6F70B0F070213E4AE0B9599CF6348B0EAC781225457
2658325243 54992 8870 7C20F6CF1A09EEE4F40FE6F70B0F070213E4AE0B9599CF6348B0EAC781225457
2654953538 29696 1082 7C20F6CF1A09EEE4F40FE6F70B0F070213E4AE0B9599CF6348B0EAC781225457
2658400963 49447 10125 D2E7FC44C4E1A2CB618ACFEEB6E2AA7E0BE1C6476C153EDDF5B425F21636ECAF
2654099419 36557 24392 AFE44ADAAAC2D3450D121A34B715C3527686F054D8BCB2ED5BAB4ECB65AFF491
2660640892 40047 54629 008A3C60A8BD124D78BF45EE08776AC56C7B84EDE400A2F83F618826F172405C
2661804227 36559 10525 FAFF8E9A20AC695DD1186C002C215B2E2AA5947FF4546C960D5DE14EE2FFBD22
2654908284 26186 10021 7C20F6CF1A09EEE4F40FE6F70B0F070213E4AE0B9599CF6348B0EAC781225457
2657511712 65015 26247 B85A65870119374CB040B37C35B2E24614B23482163234A8C2F02BB0DC1DF053
2652707124 20132 14584 7C20F6CF1A09EEE4F40FE6F70B0F070213E4AE0B9599CF6348B0EAC781225457
2656009417 44545 44084 A9F09238285D6808E0D9ED45F05321CE5F9A3E0E94CF7BA5C8EE4C3A897A4C86
2653591069 39110 19699 7C20F6CF1A09EEE4F40FE6F70B0F070213E4AE0B9599CF6348B0EAC781225457
2653071924 12737 38673 CA3EA295CBC32610A93A85DA819BE3AF4BF0FA874E1B40A7595A4E8AE7D1F87F
2658812874 37746 62960 7C20F6CF1A09EEE4F40FE6F70B0F070213E4AE0B9599CF6348B0EAC781225457
2661510600 10652 57606 7C20F6CF1A09EEE4F40FE6F70B0F070213E4AE0B9599CF6348B0EAC781225457
2658572550 62753 32386 9C8BEF27A2C63DCE8F94E7B6F3BCAA462FD1408A11BF670857A6A07B3F9C3085
2657722888 36372 35320 7C20F6CF1A09EEE4F40FE6F70B0F070213E4AE0B9599CF6348B0EAC781225457
2655293928 30217 33460 89FF8DE33EE5D6B4726577DC6568A67E0A2FE6E11380BE6E846EFA8DA135815D
2656857510 31815 35279 64777979664442D992D91FE4F876E0F83BCA4537830ACF2555DFB2B30C3EF601
2657401158 25821 33352 DF08B8CBFFE530C34956DBD050CA88620CF97EFBA012E59140E5240F059F9FEF
2660892005 56075 17137 A66304DEBD8D749C8ED54A24A32999A0A9967C9503C4785A3925FA7F8092634B
2652858267 16989 7265 713ADD515826B80056F3B081879887A8D19514F8E02203493771C8EC03275F78
2658651828 62729 22050 524880E19989F82A47E8FF6378C66F4A6384A1F29A2D7F0D35CBD6BE73DC0D52
2660818499 38308 5147 7C20F6CF1A09EEE4F40FE6F70B0F070213E4AE0B9599CF6348B0EAC781225457
2653320287 53817 186 BC88342792055E1F197809B2466DCCACC9C433F3CB57EB0D71BD18C2D63B691C
2659260808 48288 38670 7C20F6CF1A09EEE4F40FE6F70B0F070213E4AE0B9599CF6348B0EAC781225457
2655373225 26214 62403 7C20F6CF1A09EEE4F40FE6F70B0F070213E4AE0B9599CF6348B0EAC781225457
2661237123 62975 62348 F4499CB930CAC4C04ECC4DB1CB3A2D8336558104D18D8F6A4CC9C796B3F14478
2656001048 43003 39305 7E7531D9434DD3FA8957C57D306268B82CD000115D4A9362DBC70B9C68416356
2656771837 61211 20883 8D44451EE187148DCFB73B1BF9773CB788BDE0D507FE562FABA1964B5E9578E6
2658210173 5504 39700 7C20F6CF1A09EEE4F40FE6F70B0F070213E4AE0B9599CF6348B0EAC781225457
2660976760 18676 54234 7C20F6CF1A09EEE4F40FE6F70B0F070213E4AE0B9599CF6348B0EAC781225457
2653715600 31380 48540 7C20F6CF1A09EEE4F40FE6F70B0F070213E4AE0B9599CF6348B0EAC781225457
2657695719 10402 19888 7C20F6CF1A09EEE4F40FE6F70B0F070213E4AE0B9599CF6348B0EAC781225457
2661196835 7147 57724 0C6E16E220317C99E88D957A674FE1BD97CC6300DB3C8F96A1CC99DFDE700941
2660502417 46490 65030 7C20F6CF1A09EEE4F40FE6F70B0F070213E4AE0B9599CF6348B0EAC781225457
2660979243 14528 60402 7C20F6CF1A09EEE4F40FE6F70B0F070213E4AE0B9599CF6348B0EAC781225457
2653458046 36239 51269 0F197605CDC753525D69D6DE2FFD635951B5189CA7185C39F726FC22AF79C5E9
2655614804 39016 22031 7C20F6CF1A09EEE4F40FE6F70B0F070213E4AE0B9599CF6348B0EAC781225457
2659943298 12861 37220 B94E70114EA7F14C76B29C510C6B6DA4321B18DAFF3880565B2C88797A42CFEE
2663200337 34500 58923 7C20F6CF1A09EEE4F40FE6F70B0F070213E4AE0B9599CF6348B0EAC781225457
2655007522 52345 24310 ACC073E364AE3C000A85D1FE5D22D0D1D5A526D9D4F67C5605A501C55CB3A8A5
2660054117 22084 8779 7C20F6CF1A09EEE4F40FE6F70B0F070213E4AE0B9599CF6348B0EAC781225457
2662732391 30631 52793 32F7265C3ECF236B3374C6D0A79FDF5F19DE12612323B9E28098552C6267896A
2662402693 21293 35055 248FCB231C9788895357159790267BE64ED773A118693E6F98D1C9A8D44B7D19
2653215930 62303 22797 64447C0ACCE83100921D8E7C16C2556CBDD48D12AB11B0867CBE97EA2A539DC7
2653150436 16318 8549 7C20F6CF1A09EEE4F40FE6F70B0F070213E4AE0B9599CF6348B0EAC781225457
2661328164 48546 19041 7C20F6CF1A09EEE4F40FE6F70B0F070213E4AE0B9599CF6348B0EAC781225457
2662468324 44916 32848 7C20F6CF1A09EEE4F40FE6F70B0F070213E4AE0B9599CF6348B0EAC781225457
2661145283 64503 51759 6CF00E704B26DB1EED81902FEA5DA07D906D3CAE28D0DDACA0FA3FDF9BF73E6A
2660926163 46542 59375 7C20F6CF1A09EEE4F40FE6F70B0F070213E4AE0B9599CF6348B0EAC781225457
2662656934 38818 15450 7C20F6CF1A09EEE4F40FE6F70B0F070213E4AE0B9599CF6348B0EAC781225457
2656109817 53945 26945 8F6FE69234D07584ECBBFB2C305F164913338CCF920EB37188D2BF6AA1E165D4
2655743526 18654 35049 7C20F6CF1A09EEE4F40FE6F70B0F070213E4AE0B9599CF6348B0EAC781225457
2659974405 13432 44423 7C20F6CF1A09EEE4F40FE6F70B0F070213E4AE0B9599CF6348B0EAC781225457
2662502223 62487 26300 D971FF1779608B424DDBE7E4DC5F5FFA73CCEEF45B66056B52B05055CD498844
2657917543 63777 34823 B88C8C3A67A5E63565192174E6612B18EBE1DBDF2CC55658422C837A8917539C
2655008679 19105 53526 2898AD166D17906877CDC1AD397A7BA5F3DB5511B35AAB8F3BE64E300119C1EC
2658280597 13979 31897 E9900BA7DAA012958264396B682399025D4638A1EAFF980468E6A38E5345F182
2664260892 44446 14442 7C20F6CF1A09EEE4F40FE6F70B0F070213E4AE0B9599CF6348B0EAC781225457
2663697402 37039 40146 20F1EA20E08B18488B7901B9717AE3244A431522BEDCAAFE792842587132409F
2653503762 23844 3525 7C20F6CF1A09EEE4F40FE6F70B0F070213E4AE0B9599CF6348B0EAC781225457
2653032565 39832 62162 7C20F6CF1A09EEE4F40FE6F70B0F070213E4AE0B9599CF6348B0EAC781225457
2659463597 52319 28647 E23CABE1736E54F33807FE6FA28B20B996FE5483CD5559772FBEBD7C487DFEA4
2664302470 45037 47183 32AF5CD2BC5ED659ADF7A084A9DC5959C668A416A5EB20109EA79B09C6CAD0C7
2657759597 9342 24519 7C20F6CF1A09EEE4F40FE6F70B0F070213E4AE0B9599CF6348B0EAC781225457
2654781357 36168 51431 7C20F6CF1A09EEE4F40FE6F70B0F070213E4AE0B9599CF6348B0EAC781225457
2653107607 12198 26273 7C20F6CF1A09EEE4F40FE6F70B0F070213E4AE0B9599CF6348B0EAC781225457
2655294621 43393 14655 E3411BFA8DF186FDE1F96D005EEEA0B4661BDCA22D68DB2B2D0278288CBA534C
2657672692 27307 44657 052941BE87EF977CEEB9919F328456DB6C289D39F48999D990D57BCBD47029D5
2657294822 44165 19898 9F171487F9ECCE8B8B215D8A5B0E9C9C77156C0552DCD9AF9FBA1494C24D945E
2661673428 29580 60512 7C20F6CF1A09EEE4F40FE6F70B0F070213E4AE0B9599CF6348B0EAC781225457
2660585567 1114 12114 7C20F6CF1A09EEE4F40FE6F70B0F070213E4AE0B9599CF6348B0EAC781225457
2658444433 31251 39378 C439EA8D5FC7392A4A91539226248F9F2269C1A46FA6150FB3CC99543E18989D
2657004348 13384 25412 7C20F6CF1A09EEE4F40FE6F70B0F070213E4AE0B9599CF6348B0EAC781225457
2658527769 45270 56301 7C20F6CF1A09EEE4F40FE6F70B0F070213E4AE0B9599CF6348B0EAC781225457
2655558289 42379 20979 527284D263931FDE84CBA7F1C92B83D18785CC94A5E2292EFF33EA69C5B43FCC
2661995082 1604 12498 7C20F6CF1A09EEE4F40FE6F70B0F070213E4AE0B9599CF6348B0EAC781225457
2655496352 52655 35017 7524D5427F9A02F66AE95755806E77DB4D81F6CB564B0AA87010863157EE1C13
2655449964 38086 42761 7C20F6CF1A09EEE4F40FE6F70B0F070213E4AE0B9599CF6348B0EAC781225457

Total of 0 tasks calculated error.
