Total of 100 tasks calculated correctly, accuracy 100.00% 
2677535236 60923 31204 64CB47A813AAF22CD63DB45CCB1BDDBD2112953761A1FB10257AA4DD055A91AB
2682139094 11913 29825 A15AA40682FAC7DD9B56D0F1B0FB6461CF9E35AA384F1FCF217F16B76012F08B
2682148325 6886 47735 7C20F6CF1A09EEE4F40FE6F70B0F070213E4AE0B9599CF6348B0EAC781225457
2684039229 51227 13675 4F63586491D4277DA70ACB9F6B1E0240768995D5F532925154392B980D2E6A33
2681420414 43269 35315 D5CE6BA476A009D63C715444A6D9A4860B446A4E0CC4B7341D3127E5BD02EC40
2680855484 5753 12812 24E77F842C111F79342B7FCA80463C8D6B35858BEAAC5DCA35005CAF536ED6FD
2687010259 16854 49643 7C20F6CF1A09EEE4F40FE6F70B0F070213E4AE0B9599CF6348B0EAC781225457
2677509153 59562 57158 7C20F6CF1A09EEE4F40FE6F70B0F070213E4AE0B9599CF6348B0EAC781225457
2681906616 14694 58558 7C20F6CF1A09EEE4F40FE6F70B0F070213E4AE0B9599CF6348B0EAC781225457
2677789544 37014 43047 7C20F6CF1A09EEE4F40FE6F70B0F070213E4AE0B9599CF6348B0EAC781225457
2687022144 47288 9116 7C20F6CF1A09EEE4F40FE6F70B0F070213E4AE0B9599CF6348B0EAC781225457
2680770078 4962 24879 7C20F6CF1A09EEE4F40FE6F70B0F070213E4AE0B9599CF6348B0EAC781225457
2680131101 51836 60919 7C20F6CF1A09EEE4F40FE6F70B0F070213E4AE0B9599CF6348B0EAC781225457
2682985252 34434 5240 7C20F6CF1A09EEE4F40FE6F70B0F070213E4AE0B9599CF6348B0EAC781225457
2679219465 52437 8745 A893DF6D1DD5FD175BFDE104807B80AE568E9BF5BDDCBE8D239BA15D3F2671FF
2686944639 23631 40878 E7634D2A8CD33F87F1063132A09F2915F251695B4D7AFA22FC802D57BABF371F
2676520600 39390 27808 7C20F6CF1A09EEE4F40FE6F70B0F070213E4AE0B9599CF6348B0EAC781225457
2684171392 4292 30340 7C20F6CF1A09EEE4F40FE6F70B0F070213E4AE0B9599CF6348B0EAC781225457
2684242361 49756 52402 7C20F6CF1A09EEE4F40FE6F70B0F070213E4AE0B9599CF6348B0EAC781225457
2681031043 21252 6964 7C20F6CF1A09EEE4F40FE6F70B0F070213E4AE0B9599CF6348B0EAC781225457
2680255104 15261 16178 D4D5C2557BE2B1D86E7412C722E146C70374C1627EC529460E408B187ACE3A2D
2680007720 63366 570 7C20F6CF1A09EEE4F40FE6F70B0F070213E4AE0B9599CF6348B0EAC781225457
2684835826 42113 27219 A2D7D53246120DF648B41D4BB5E662427DAFE3AE227B21BF295C940C8FF90F24
2678514484 55730 31268 7C20F6CF1A09EEE4F40FE6F70B0F070213E4AE0B9599CF6348B0EAC781225457
2687055266 36092 45879 7C20F6CF1A09EEE4F40FE6F70B0F070213E4AE0B9599CF6348B0EAC781225457
2677023323 50291 22199 76BBD8E4872AF2EE80B62C2A83C116998B46DF10497B7DF5D4FC0A50C3038451
2686195428 38823 33887 97E6E899987D544EAC9F884BD542D35A069ECB2BE830AE0339E81AFBD399EEDB
2681952515 56893 58943 1F7C7C15CB001DC733B2A399A483CD5AB0E1E728422855AF56CF88C91C389DDB
2684734785 22857 36846 EE46B9C85F4790180AA50506B9A0611BC9AB7AF98570FBF3C7CB2E72CA28E6E2
2685843981 26776 32130 7C20F6CF1A09EEE4F40FE6F70B0F070213E4AE0B9599CF6348B0EAC781225457
2683014513 2774 23235 7C20F6CF1A09EEE4F40FE6F70B0F070213E4AE0B9599CF6348B0EAC781225457
2684648150 23861 63542 3D34B73A86338A6B10987D203C1A643BA762676AACAFF805156E120E41723C4E
2686601659 9984 16750 7C20F6CF1A09EEE4F40FE6F70B0F070213E4AE0B9599CF6348B0EAC781225457
2686305955 10551 29376 25A470F99B773D3FA5C3D134D855DAD36DE5FD3B492D0CE6C89409EA736671CF
2683461988 2139 51793 302960A675A3D796504609982E41B467524F436E43AE886E2954828535B53365
2679273293 29338 31517 7C20F6CF1A09EEE4F40FE6F70B0F070213E4AE0B9599CF6348B0EAC781225457
2687286340 21 45050 9E9610B504DA5AD30DFBC234BC16E8707835B438738D97B2D2C72C684F3F23BA
2685175631 64116 49829 7C20F6CF1A09EEE4F40FE6F70B0F070213E4AE0B9599CF6348B0EAC781225457
2686101488 19824 58835 7C20F6CF1A09EEE4F40FE6F70B0F070213E4AE0B9599CF6348B0EAC781225457
2686535807 52015 29339 63D13B780581FBA18028431F694EA0F48886E9E8327A3DA05F10868D8F8A9450
2686952263 19269 8998 8517038BDA97EB2A4B2FFFBDEA47792671E5482EED5F0AC9B9E4E7D67621C653
2681730093 48697 43944 5979E05FB0512EACB599AED4E8848D1A20834A440464D518E83D81927C4180F5
2678550120 34491 62422 184E30605D8D5FA0732E9AC766ED00330C153BD4116C1A1641E6F8B657A47F00
2680436445 22076 46114 7C20F6CF1A09EEE4F40FE6F70B0F070213E4AE0B9599CF6348B0EAC781225457
2682163914 28280 15529 7C20F6CF1A09EEE4F40FE6F70B0F070213E4AE0B9599CF6348B0EAC781225457
2680005445 63930 63999 7C20F6CF1A09EEE4F40FE6F70B0F070213E4AE0B9599CF6348B0EAC781225457
2678532138 64569 2625 6E604E1C26649A0F2250476227BC5DD5FA3F59073002DCA375087DC5D370E591
2686143286 59172 58855 7C20F6CF1A09EEE4F40FE6F70B0F070213E4AE0B9599CF6348B0EAC781225457
2680092280 11853 52997 E1F26AEAB77FD80A8EF61C6F0E33AF611A84040D01722030DD44230B0855E0D0
2682463376 45878 6751 7C20F6CF1A09EEE4F40FE6F70B0F070213E4AE0B9599CF6348B0EAC781225457
2680470717 38455 34897 C8F4585716400E9363A8A9D7C87091F35944290A8F9C37853E0947928257A624
2679858025 13906 19875 7C20F6CF1A09EEE4F40FE6F70B0F070213E4AE0B9599CF6348B0EAC781225457
2686507262 22521 28474 BA2E41040E84C20E0772715677003F6843034FE69068C554FF002A4BB8D4E386
2679063844 24198 40353 7C20F6CF1A09EEE4F40FE6F70B0F070213E4AE0B9599CF6348B0EAC781225457
2685249320 53540 42599 7C20F6CF1A09EEE4F40FE6F70B0F070213E4AE0B9599CF6348B0EAC781225457
2682590133 33540 46020 7C20F6CF1A09EEE4F40FE6F70B0F070213E4AE0B9599CF6348B0EAC781225457
2682722058 43754 60077 7C20F6CF1A09EEE4F40FE6F70B0F070213E4AE0B9599CF6348B0EAC781225457
2686998333 31837 50881 53BB5458DC346FAA4CCA035F57DF2E408FB4EC3A74FFC10D06C4F56D94821DC1
2686887464 4082 28954 7C20F6CF1A09EEE4F40FE6F70B0F070213E4AE0B9599CF6348B0EAC781225457
2687072416 8216 16214 7C20F6CF1A09EEE4F40FE6F70B0F070213E4AE0B9599CF6348B0EAC781225457
2682773566 62068 35884 7C20F6CF1A09EEE4F40FE6F70B0F070213E4AE0B9599CF6348B0EAC781225457
2686812508 51396 29900 7C20F6CF1A09EEE4F40FE6F70B0F070213E4AE0B9599CF6348B0EAC781225457
2676665418 65038 33956 7C20F6CF1A09EEE4F40FE6F70B0F070213E4AE0B9599CF6348B0EAC781225457
2684077665 53177 21962 7D98D2217BA20B2108D1BE7F18C7ED0CE58E91BBF331F6DF2FE8EB11358DF5AE
2680274985 41932 64457 7C20F6CF1A09EEE4F40FE6F70B0F070213E4AE0B9599CF6348B0EAC781225457
2683999123 65362 37998 7C20F6CF1A09EEE4F40FE6F70B0F070213E4AE0B9599CF6348B0EAC781225457
2678915380 20486 40163 7C20F6CF1A09EEE4F40FE6F70B0F070213E4AE0B9599CF6348B0EAC781225457
2682803293 6457 63534 F031FB8DE803E5185F70BB5410DC591DCF2D09A03A7F3784C84F0545A89E5183
2680295474 6748 31125 7C20F6CF1A09EEE4F40FE6F70B0F070213E4AE0B9599CF6348B0EAC781225457
2682736967 27832 9878 7C20F6CF1A09EEE4F40FE6F70B0F070213E4AE0B9599CF6348B0EAC781225457
2681666191 24964 17704 7C20F6CF1A09EEE4F40FE6F70B0F070213E4AE0B9599CF6348B0EAC781225457
2687093026 26474 28021 7C20F6CF1A09EEE4F40FE6F70B0F070213E4AE0B9599CF6348B0EAC781225457
2684450263 15715 41138 A25FB4A222659ED9EADC5C1C1F25271B28D0981475E4DE494A78D72838999272
2685867880 8443 15300 9250B13BCF99EBA7F4933CC3BA7D82F68AB262B8CB29BEA195D9229E53964D68
2678750192 46500 8081 7C20F6CF1A09EEE4F40FE6F70B0F070213E4AE0B9599CF6348B0EAC781225457
2677614250 59658 63298 7C20F6CF1A09EEE4F40FE6F70B0F070213E4AE0B9599CF6348B0EAC781225457
2680632688 14417 52942 B908BC9BCB897418ADA7E4C61085791336F820170D8F1CC783615AED2C60C50F
2688377323 4523 59767 AF06AF65B66DEAFBE2FC59DEBEB629A8298E1BCF59E19D2D88DF59C518518880
2680659033 54487 4798 AA4C6FAB64A0F86F7D5638B396630E99E15A3D3DDBEFF50F773350C7F69FC550
2682681598 37504 43796 7C20F6CF1A09EEE4F40FE6F70B0F070213E4AE0B9599CF6348B0EAC781225457
2688094492 22587 20294 F7446A042CA4A3D8F8DBAC173AFF9DB963E699CF707A1799223B300459343F1D
2687209201 599 2756 C292AC504C077BC2EC2A2904A7E3F48AC3674D28173A855718AB32A96E13B6B2
2681138358 61098 5993 7C20F6CF1A09EEE4F40FE6F70B0F070213E4AE0B9599CF6348B0EAC781225457
2682526229 11373 29980 99B948F144EFD7497335B6F8AC11030068B6484DDC0F0E89B1A04AC0AEFEA849
2683492156 28480 9690 7C20F6CF1A09EEE4F40FE6F70B0F070213E4AE0B9599CF6348B0EAC781225457
2682314919 10310 14094 7C20F6CF1A09EEE4F40FE6F70B0F070213E4AE0B9599CF6348B0EAC781225457
2677972784 10180 26568 7C20F6CF1A09EEE4F40FE6F70B0F070213E4AE0B9599CF6348B0EAC781225457
2686219581 700 61047 7C20F6CF1A09EEE4F40FE6F70B0F070213E4AE0B9599CF6348B0EAC781225457
2681659432 57259 51037 C0875E0E87A9ED1CEDE2751DE5D3920B6FC24F609CC02CF730A70DD1218342A9
2687478851 44837 46685 4B9AD66DBC978E154578A31164E7551951C0D0CEDF90BF7791E5B0FC6073E109
2685902289 2315 29518 5253A817179EBAF73F0E4063B2482DDEB5E008A862E796EE455F81003720E86A
2686112356 59416 1150 7C20F6CF1A09EEE4F40FE6F70B0F070213E4AE0B9599CF6348B0EAC781225457
2680290425 48558 22833 7C20F6CF1A09EEE4F40FE6F70B0F070213E4AE0B9599CF6348B0EAC781225457
2677223359 64001 38170 64F2BADAC81E2E41CA75EF65792C5C0CBDD70B86E369C27097CA8FC4E2F978E8
2682578447 19164 55080 7C20F6CF1A09EEE4F40FE6F70B0F070213E4AE0B9599CF6348B0EAC781225457
2678781327 64766 11424 7C20F6CF1A09EEE4F40FE6F70B0F070213E4AE0B9599CF6348B0EAC781225457
2687392676 25149 56724 E86435F10CE6CA8E2F391524D58DE1E682CE975FDB8D7B825FDB7E845FD0D697
2677900770 7604 55897 7C20F6CF1A09EEE4F40FE6F70B0F070213E4AE0B9599CF6348B0EAC781225457
2676563065 19467 10684 37E4BC526DF1B3D6889D5BF1F24E7AA963F7C99864951E2A5F9F39DA96C93059
2682160549 39713 58803 59CDF4885411B27560328A567B8F18C5FD33C42BB96071127155D2F01644079A

Total of 0 tasks calculated error.
