Total of 100 tasks calculated correctly, accuracy 100.00% 
2700200114 13852 64430 7C20F6CF1A09EEE4F40FE6F70B0F070213E4AE0B9599CF6348B0EAC781225457
2698476040 8933 15706 42751F148445BFD4386F954C7ECAE5F04FE18551D041474CF6257BF0DC5226BF
2700102827 16085 15233 BC0FF60E2883F769027CB78DFCF7A8B898989B3F840107766FB041F909EC48AE
2694610627 41658 51247 7C20F6CF1A09EEE4F40FE6F70B0F070213E4AE0B9599CF6348B0EAC781225457
2693342669 58166 56711 7C20F6CF1A09EEE4F40FE6F70B0F070213E4AE0B9599CF6348B0EAC781225457
2692002091 3385 58323 0E833B0300F15F009D064926A86E524FEF056F8B292291280AF1C9C3059A1AA3
2697890829 55445 37905 DAD4A5DD9EE42B4941409D3AB360451659BCF23BF6522756325D26776FDEA815
2689677520 61521 59865 2AB192813C1ECCE19B28D589F99F9DE17F83B650B80BB67ED243770E6624D042
2689129556 47866 8434 7C20F6CF1A09EEE4F40FE6F70B0F070213E4AE0B9599CF6348B0EAC781225457
2696600230 2045 23822 A76D73B5D58A3CE4FF8DD73934F4422069061286DACF49E9BE33449BC703F0B8
2691172307 32529 51981 608D65C753EA10783F7C5EC265FD8FC875249397001D16803C9BFAE1A634F510
2698271350 12387 18586 5D411AF64DCFD4754BFC0F75854D634C58D8B56176967F39E3AEE92352B13A88
2696172673 65321 18522 6FAC5E9C1011422FF44AE8905EABF371CFA59148A0732F755B0B01C62F6E6B88
2698420165 16080 30793 7C20F6CF1A09EEE4F40FE6F70B0F070213E4AE0B9599CF6348B0EAC781225457
2688710717 30415 17664 66C690FD30C3663EBA13F9F37A7C01D14B8854834392E68EE4423AB5319C3EA7
2690963514 52056 35807 7C20F6CF1A09EEE4F40FE6F70B0F070213E4AE0B9599CF6348B0EAC781225457
2695318939 29182 559 7C20F6CF1A09EEE4F40FE6F70B0F070213E4AE0B9599CF6348B0EAC781225457
2695488441 56870 28423 7C20F6CF1A09EEE4F40FE6F70B0F070213E4AE0B9599CF6348B0EAC781225457
2690541676 11732 41550 7C20F6CF1A09EEE4F40FE6F70B0F070213E4AE0B9599CF6348B0EAC781225457
2698623833 45122 56639 7C20F6CF1A09EEE4F40FE6F70B0F070213E4AE0B9599CF6348B0EAC781225457
2696683891 22234 25554 7C20F6CF1A09EEE4F40FE6F70B0F070213E4AE0B9599CF6348B0EAC781225457
2696313505 49367 20148 39E221D88E155F4A5FB178FA6EA2067D797CED7BCE9149D51E11497E1285F932
2694286611 47720 1704 7C20F6CF1A09EEE4F40FE6F70B0F070213E4AE0B9599CF6348B0EAC781225457
2695219015 25949 48626 45EA5B9500B85EE3264A12991FC43C7413D8B6E749117688DA3541C89E5E10AC
2700038694 24696 46388 7C20F6CF1A09EEE4F40FE6F70B0F070213E4AE0B9599CF6348B0EAC781225457
2690182643 53854 25714 7C20F6CF1A09EEE4F40FE6F70B0F070213E4AE0B9599CF6348B0EAC781225457
2692536813 30964 35911 7C20F6CF1A09EEE4F40FE6F70B0F070213E4AE0B9599CF6348B0EAC781225457
2698590906 31557 23770 E7260574A0AF596918F53A56C4BB78974A6EFC9E6DC764616BFE96FEF2C03B8A
2692779621 6634 19398 7C20F6CF1A09EEE4F40FE6F70B0F070213E4AE0B9599CF6348B0EAC781225457
2694161499 65084 20259 7C20F6CF1A09EEE4F40FE6F70B0F070213E4AE0B9599CF6348B0EAC781225457
2699323676 1705 48521 5D0DEE023DE668CB737E0E59D1DD79F0BC5F9D6FDF80CFF51CF5C689FE21CF4D
2690615744 53646 35094 7C20F6CF1A09EEE4F40FE6F70B0F070213E4AE0B9599CF6348B0EAC781225457
2694897599 1616 45317 7C20F6CF1A09EEE4F40FE6F70B0F070213E4AE0B9599CF6348B0EAC781225457
2697644663 41383 51853 DCF8F13CC5A4A18C8CDFB7FFCF9418F38D93ADDBE291B48710DC8A2FFF3CBF42
2690213563 4224 42676 7C20F6CF1A09EEE4F40FE6F70B0F070213E4AE0B9599CF6348B0EAC781225457
2697487493 5843 48010 3B3E3EC005E5F4CE6D05AEEE5E99295487B70882F7BE01B5274E746CF8E103A0
2690724636 14418 27654 7C20F6CF1A09EEE4F40FE6F70B0F070213E4AE0B9599CF6348B0EAC781225457
2693112423 36193 39900 5ABB57C8B450B73E665537F33EC6DC7A526E5B205D05D5E7EF70D5033C391ACE
2692264376 29073 50932 E9E1C345DA38E2468D5EBD94544BD95CD25FDC404B5CB8FCC3FDAFA213B210A7
2696656418 12559 17793 8F1B2B4759083E71FF928DEF789CADF37B5DAFA26F80178E854C692345A39B40
2695763760 48510 60000 7C20F6CF1A09EEE4F40FE6F70B0F070213E4AE0B9599CF6348B0EAC781225457
2695590829 246 52344 7C20F6CF1A09EEE4F40FE6F70B0F070213E4AE0B9599CF6348B0EAC781225457
2690349886 30053 152 F7A4BC1525314E36311028C00F543AC61912533D1DE93F73A11F387C7F759191
2699100182 54445 1900 A3B23F1D1D09ED9801FD8E92198D74CDF12B51212FD8A2F1AA156DB344BC29AD
2699096653 14430 3130 7C20F6CF1A09EEE4F40FE6F70B0F070213E4AE0B9599CF6348B0EAC781225457
2689635114 64066 33485 7C20F6CF1A09EEE4F40FE6F70B0F070213E4AE0B9599CF6348B0EAC781225457
2691820081 31619 56725 16DBE5ED8458A060F64CBA530777F82E4DB76CEDDB89046A46AA076D81D08B03
2693569144 19551 41676 DC68C38C74B5E235A201B505BD102EAE32A48D3AD8F9FD9F67466E228BB4B0AC
2691220902 18246 24247 7C20F6CF1A09EEE4F40FE6F70B0F070213E4AE0B9599CF6348B0EAC781225457
2690852534 7876 11942 7C20F6CF1A09EEE4F40FE6F70B0F070213E4AE0B9599CF6348B0EAC781225457
2694706500 24877 43476 380C851F2E203517EC5F8EADC9230EAF651F88E22C0F364440A5A26E140B207F
2689241038 19896 5987 7C20F6CF1A09EEE4F40FE6F70B0F070213E4AE0B9599CF6348B0EAC781225457
2688604796 12221 44735 F06D27E1EC79B677F81ADB59BD5C7D608A5F93E9254E43B5CE9F9D6FD555C4AE
2693491277 30165 39420 A158DDB5A2692F8332B12905D056F84C1E2464B75081805E7A3544EAED855379
2688703170 18871 34720 A00EE0B53FA0FDCEBACC74F0697D510C452A8BF994E1489E9B53F06E422C8A98
2691917063 40906 61324 7C20F6CF1A09EEE4F40FE6F70B0F070213E4AE0B9599CF6348B0EAC781225457
2694585915 48921 4455 0B0FB54F35739A393B1D036B651ACCB571E88C85FE8E87405EC2AD28055AE603
2691089683 34662 2620 7C20F6CF1A09EEE4F40FE6F70B0F070213E4AE0B9599CF6348B0EAC781225457
2689148227 34232 787 7C20F6CF1A09EEE4F40FE6F70B0F070213E4AE0B9599CF6348B0EAC781225457
2698728824 15239 51027 D56C89C227F85F0C08493069064046F84A1EE4F6A4D3B1EB8F785195FD8F5612
2695933273 50160 3508 7C20F6CF1A09EEE4F40FE6F70B0F070213E4AE0B9599CF6348B0EAC781225457
2695879206 55509 984 2CC2AEFA8E5BCDF6712A91BA614A4441029E2E62A321A8FAE914791AB1044CE8
2698178985 15852 56155 7C20F6CF1A09EEE4F40FE6F70B0F070213E4AE0B9599CF6348B0EAC781225457
2698324927 31877 49790 FA30E3AF1683F1156CA02C2974C7C851C2F5692DF078FC01AC406C2AC13F1423
2694776239 65051 3136 CAC6507187C476D99FF442F48379DDD0A60566A5C8E91349D77A83835DF7B82A
2698520231 18724 28931 7C20F6CF1A09EEE4F40FE6F70B0F070213E4AE0B9599CF6348B0EAC781225457
2694265011 11279 56595 E4750CCC533DB58A95AF2CD23F19AA615D86997F9D09A6CCBD172A3EAC085865
2700220364 52655 63586 4B68C6505E7A38327C55CB4CA673BD793E85968952557657E93DBA4F43A5C5E8
2693810564 18806 25471 7C20F6CF1A09EEE4F40FE6F70B0F070213E4AE0B9599CF6348B0EAC781225457
2696583921 1024 15650 7C20F6CF1A09EEE4F40FE6F70B0F070213E4AE0B9599CF6348B0EAC781225457
2692119836 54741 22989 67949F1D4F9A1AF49138EF7A045D42491C2DB8E391A40EB582B701BEE7E57C09
2697257084 47715 32579 3115E7685B4D9FA498362D11F0FC16E8AC80B3A9D76652EDED9BF4A4659B4A49
2697501359 22692 2537 7C20F6CF1A09EEE4F40FE6F70B0F070213E4AE0B9599CF6348B0EAC781225457
2695959181 32964 48707 7C20F6CF1A09EEE4F40FE6F70B0F070213E4AE0B9599CF6348B0EAC781225457
2695078131 24970 1360 7C20F6CF1A09EEE4F40FE6F70B0F070213E4AE0B9599CF6348B0EAC781225457
2694819415 2652 42571 7C20F6CF1A09EEE4F40FE6F70B0F070213E4AE0B9599CF6348B0EAC781225457
2692055635 53238 56279 7C20F6CF1A09EEE4F40FE6F70B0F070213E4AE0B9599CF6348B0EAC781225457
2696015291 31389 15050 DA3640F217DD02981BF941DDB3BB030FA163D1A4C46AF4669B489C7990B044CF
2692382017 44131 10849 AA46A93F6C9E364B5BA258F898312A9B206181C9B9A09634BAD0F02E66AC9178
2696635121 6524 25954 7C20F6CF1A09EEE4F40FE6F70B0F070213E4AE0B9599CF6348B0EAC781225457
2692117976 14589 61640 B963C5B673B69F5A5842A0C046F0AD4772662EAD4931C8C731B8CAE1DCA2D691
2690675357 15952 56126 7C20F6CF1A09EEE4F40FE6F70B0F070213E4AE0B9599CF6348B0EAC781225457
2700051485 14628 28410 7C20F6CF1A09EEE4F40FE6F70B0F070213E4AE0B9599CF6348B0EAC781225457
2693591861 36743 13269 03EADC78A5682B8AB6B4F79322E7E25A3A69A688EC0B7F84B4167790CE1B5C1F
2696385666 27184 45210 7C20F6CF1A09EEE4F40FE6F70B0F070213E4AE0B9599CF6348B0EAC781225457
2692379596 50822 17820 7C20F6CF1A09EEE4F40FE6F70B0F070213E4AE0B9599CF6348B0EAC781225457
2690064814 61081 5891 33F6F0692E0573C87018D727469893CD58926951D44DF412EAE61951E84FD6B8
2688620725 32865 31487 C7F4C4C8C34405DF0897F245678AE4D06D3E4D0792916AAD555E3CB793F6355F
2691286194 46065 36233 F6BF89A842939980823880AF65EB46EEA1186026F965ABE7B39FED2B073E4194
2695308226 56052 49019 7C20F6CF1A09EEE4F40FE6F70B0F070213E4AE0B9599CF6348B0EAC781225457
2699076087 30008 2760 7C20F6CF1A09EEE4F40FE6F70B0F070213E4AE0B9599CF6348B0EAC781225457
2692778542 52882 5676 7C20F6CF1A09EEE4F40FE6F70B0F070213E4AE0B9599CF6348B0EAC781225457
2693644901 34070 19691 7C20F6CF1A09EEE4F40FE6F70B0F070213E4AE0B9599CF6348B0EAC781225457
2694427559 7150 58924 7C20F6CF1A09EEE4F40FE6F70B0F070213E4AE0B9599CF6348B0EAC781225457
2693924924 13271 55977 711F167F0EC7D0CF312ABEB6785024EB9127E5BE6376172733ADA24A182E8B9A
2700136853 63954 43396 7C20F6CF1A09EEE4F40FE6F70B0F070213E4AE0B9599CF6348B0EAC781225457
2695002788 26995 203 197FC3884D7E9973D66E0DAA795382213F0A9E4C687D72621811725CF6909D8F
2689751851 41775 14708 856134753D167EEA33E317898FC1F4FD9534098C8B0E35BA60A67F558E9A545D
2699428810 25146 15493 7C20F6CF1A09EEE4F40FE6F70B0F070213E4AE0B9599CF6348B0EAC781225457
2695329884 7334 56031 7C20F6CF1A09EEE4F40FE6F70B0F070213E4AE0B9599CF6348B0EAC781225457

Total of 0 tasks calculated error.
