Total of 100 tasks calculated correctly, accuracy 100.00% 
2715091343 4146 58482 7C20F6CF1A09EEE4F40FE6F70B0F070213E4AE0B9599CF6348B0EAC781225457
2720759324 65217 38158 0856F05F62300C83C0201CFE03EEAFC468058435B530DCCCA16538682D88116C
2723340685 55386 31437 7C20F6CF1A09EEE4F40FE6F70B0F070213E4AE0B9599CF6348B0EAC781225457
2719101940 7190 8739 7C20F6CF1A09EEE4F40FE6F70B0F070213E4AE0B9599CF6348B0EAC781225457
2723634984 30307 38698 336446682A0D410ADAFE4AC554138731C61C28F0E414908FAF59A522812891B9
2714216115 18471 19493 05399A0B6C7A765C2924EFA21A5FBC061D9F68C120F9D717E0025FABF6F4DABC
2723527314 10118 9957 7C20F6CF1A09EEE4F40FE6F70B0F070213E4AE0B9599CF6348B0EAC781225457
2717538264 50072 20844 7C20F6CF1A09EEE4F40FE6F70B0F070213E4AE0B9599CF6348B0EAC781225457
2714784254 30454 17341 7C20F6CF1A09EEE4F40FE6F70B0F070213E4AE0B9599CF6348B0EAC781225457
2714301191 40387 25240 1AFD713FA399C3168E197B203B51C3C3FABFD680E5DA204D051ADCB18D78EF61
2723054104 2981 10410 F8231A28F2DCC44BC75E13D1009C038F037CC04782C2740358E6E98293001BFE
2721438549 26164 57834 7C20F6CF1A09EEE4F40FE6F70B0F070213E4AE0B9599CF6348B0EAC781225457
2714333521 988 46479 7C20F6CF1A09EEE4F40FE6F70B0F070213E4AE0B9599CF6348B0EAC781225457
2722773136 48447 52240 567B9541C48E90E3D9F92A0A58BDB2291BC2AD592A649762B53B1B629270F45B
2721660160 63007 28549 A4A8C06A17FF82CC36C246BF682E22826DB4B8A508911DBC25B491FD51FB9816
2716411770 2371 2551 BDD11A828F53F49FA5B25679ED6B8CD04F2719E332DE8D92D33B75A638A1434F
2717513611 48899 31790 83F337915304053A3E51F24D36D5A037CE65F6B9D3F8A72F1E5E223DDC606C6C
2722753869 41788 45361 7C20F6CF1A09EEE4F40FE6F70B0F070213E4AE0B9599CF6348B0EAC781225457
2721002614 21982 9841 7C20F6CF1A09EEE4F40FE6F70B0F070213E4AE0B9599CF6348B0EAC781225457
2713812231 4248 32004 7C20F6CF1A09EEE4F40FE6F70B0F070213E4AE0B9599CF6348B0EAC781225457
2715221915 32603 36114 FC77A997D6F7B8AECC07A9301F0EEC00A9BBCE4B3FB0B23990D47975739DC69B
2722648215 18655 47768 C8EB5289EB38F2E96A069EBD2F6C26327BE87D032E445AC2641C900FBF37FACE
2717591532 56858 23112 7C20F6CF1A09EEE4F40FE6F70B0F070213E4AE0B9599CF6348B0EAC781225457
2718924707 36864 9026 7C20F6CF1A09EEE4F40FE6F70B0F070213E4AE0B9599CF6348B0EAC781225457
2715933587 60326 39637 7C20F6CF1A09EEE4F40FE6F70B0F070213E4AE0B9599CF6348B0EAC781225457
2724208220 19989 39675 83B4BCC5AE7BD37FBE57C84E63208FDE4C6DD0D74F70AB3CEB9E55A6DEBEB225
2721954325 52711 27320 6BAD6F7DA8E6DF77F09009C1DA3BF35F93E4953663E62578D73FD49CD7848814
2722319466 54329 23650 3C9094EC6165B514C412016F1C1FAD6D8A4750A79FE144A32F73FCA4AB6707EA
2717865856 59517 56680 4D3813AA6D5481EB124664C17C53EBDC898323DA07C4D63514C020A538ADC859
2715056365 54218 18175 7C20F6CF1A09EEE4F40FE6F70B0F070213E4AE0B9599CF6348B0EAC781225457
2716733536 46258 615 7C20F6CF1A09EEE4F40FE6F70B0F070213E4AE0B9599CF6348B0EAC781225457
2723555647 21598 21841 7C20F6CF1A09EEE4F40FE6F70B0F070213E4AE0B9599CF6348B0EAC781225457
2712873321 124 41166 7C20F6CF1A09EEE4F40FE6F70B0F070213E4AE0B9599CF6348B0EAC781225457
2721028538 39771 59737 9EEFE0AFD6A4606357B13C1BC6D3546B38B56B6F77215B3E37E952806FFDC707
2718918118 40247 65113 D269C6ACC0FBE0452D09B206B536BFDF69AB36F695FCEDE187FB67E49BD378BE
2712733169 44690 2285 7C20F6CF1A09EEE4F40FE6F70B0F070213E4AE0B9599CF6348B0EAC781225457
2721756032 8977 64287 E4863F5A2D9B6B0BBEA899D015C4CF0EE6F30DB6A407553E1386F7387ED088C2
2721677891 23497 54321 AFE9502A5F8B11B9A2962C13C198E0168EEB2513FAF33211770EBED39CFC2C41
2714632065 27353 65057 50CB6FACBA6A60F345672E2783F65A82DC2D7AEE9BF39B946CA57BA4E52B0756
2722219551 15529 29597 769D64132127F50379A8B6233D47DE918C640AB184AB7C3A2D8478282FA14127
2720176977 16260 20966 7C20F6CF1A09EEE4F40FE6F70B0F070213E4AE0B9599CF6348B0EAC781225457
2721562555 24831 44821 7A60054890888D0F4EB67FE987A17F7B3F7703F431A5CF9B1C39AB289EF3A13D
2715732756 45391 6354 AB4E40D28A09DDF0B972BCD1FB71F542F0BAE86DD9FE50CFFF581970E35221F3
2717112927 50294 65151 7C20F6CF1A09EEE4F40FE6F70B0F070213E4AE0B9599CF6348B0EAC781225457
2720855322 32674 25573 7C20F6CF1A09EEE4F40FE6F70B0F070213E4AE0B9599CF6348B0EAC781225457
2721396040 30592 53547 7C20F6CF1A09EEE4F40FE6F70B0F070213E4AE0B9599CF6348B0EAC781225457
2717522528 12980 32021 7C20F6CF1A09EEE4F40FE6F70B0F070213E4AE0B9599CF6348B0EAC781225457
2717111558 42709 61499 8EB2C1C0F7D4DFEB63F01B9924BAB6304F5D6D47DB4B1B7426D4AB86404F674E
2724208297 3471 8288 4C3984F460474D16EFDB6DFD05E89E4951E94466AB621106F9CB78B66BD0D250
2720836692 25231 23525 DF4AD7B562A1C50F358657567F3CEAD21C41E21E4B9E321827267FF3EA0064BC
2719387022 21278 6543 7C20F6CF1A09EEE4F40FE6F70B0F070213E4AE0B9599CF6348B0EAC781225457
2718738964 35978 62552 7C20F6CF1A09EEE4F40FE6F70B0F070213E4AE0B9599CF6348B0EAC781225457
2719876308 63288 3978 7C20F6CF1A09EEE4F40FE6F70B0F070213E4AE0B9599CF6348B0EAC781225457
2714221151 32109 21589 2CD408C04BA682BA33246F625C83F8C77E95B4ACF6D5529F37DD310FCB019491
2717851592 59913 64120 BAAFF28CB273EAD9BDA05755DDAAF2FECCEA8EFA7B1ACD75123D1854C16AB67C
2717340295 29881 12529 596221B93A2E960C47123FA3C12546A0FC1B7D4754E07CF011BAAA8D64FA27D8
2713274609 5793 31785 C15CC5C4DE016199B12DF94BEB9055FD200830250522F17400130BA2E7DEB5FE
2718655682 26788 62120 7C20F6CF1A09EEE4F40FE6F70B0F070213E4AE0B9599CF6348B0EAC781225457
2720805445 10437 22503 9C02FAD625B850A24F11FEAD55BF889D255132BD09C99FCCC05956041BB2CC29
2717265640 44767 35233 A01E10F5816A30A9AF92FC82F8E34730CEF030F997FF7127B58BBEC8E8740C1E
2715415879 17993 279 C40BC52228DF6DAAFCE648E56B150C2329E64E5C73B199DA688EC8592E039352
2716447853 10674 31285 7C20F6CF1A09EEE4F40FE6F70B0F070213E4AE0B9599CF6348B0EAC781225457
2721464079 58810 39710 7C20F6CF1A09EEE4F40FE6F70B0F070213E4AE0B9599CF6348B0EAC781225457
2715193718 9930 26359 7C20F6CF1A09EEE4F40FE6F70B0F070213E4AE0B9599CF6348B0EAC781225457
2718454813 54832 29869 7C20F6CF1A09EEE4F40FE6F70B0F070213E4AE0B9599CF6348B0EAC781225457
2718807438 42895 12157 C576EDA551B92432FB29EDAAD20B2541937DFB5CF198250FE32284870B4D6EC1
2714677217 11197 2177 93C0113868C159D55E5A238D48FEC96598CCABED515CB096B3E0175CFC3E5B12
2722704463 31004 11807 7C20F6CF1A09EEE4F40FE6F70B0F070213E4AE0B9599CF6348B0EAC781225457
2719653934 20363 45066 56A8CC88BCD03C1ACE06C4DCEA4537658085F64C6167E2744526D255984660D8
2718923598 773 51606 03A665D8BD480FB3107B08E7BB59766A65FFB9879533D533919032B5E1C41C23
2713825449 16582 9135 7C20F6CF1A09EEE4F40FE6F70B0F070213E4AE0B9599CF6348B0EAC781225457
2722955151 20290 11740 7C20F6CF1A09EEE4F40FE6F70B0F070213E4AE0B9599CF6348B0EAC781225457
2718084639 42571 56161 E8CEDB77D1AEC3A6F78D1A4D5DAD908B7799D6241AA4BCA60629D2AAEA9EBFED
2718436906 38649 53209 74CC4EB80DCBB19F06AF7787FFB241647519B3EBF1751341C0207FACAFF0033D
2724266400 64341 42340 CBDD56B2070F96590777205F7FDCDCE7D0B72BD8A1313E4A41E9921C9178EACA
2713555114 63365 56901 56EFE22D263135098EA9695B77A739EF816924CE8089EBF6DF5CB58D015CB8AE
2722024392 4191 4988 9D475EB0AD7E946976307CD3E01A6F144679AB35ACF210DE1F183A795C12CB23
2715865917 34359 12893 15B43AD9C80565ADC6F7EB51C78F146B19A9D7528F75204EF2F8C89309C73882
2723305100 13232 12051 7C20F6CF1A09EEE4F40FE6F70B0F070213E4AE0B9599CF6348B0EAC781225457
2723237662 13753 1107 2A49C4DE0B7A3E07FF1B847C3CA3B066AA2D4D61F411E43AB7D064EF0F596C4B
2723170508 26553 61459 B3282657FF41B59700075E07F9B12C828E108C57DB09714846F1DB2D9D74918E
2715251066 54206 47417 7C20F6CF1A09EEE4F40FE6F70B0F070213E4AE0B9599CF6348B0EAC781225457
2723029237 50824 60526 7C20F6CF1A09EEE4F40FE6F70B0F070213E4AE0B9599CF6348B0EAC781225457
2716209284 26226 3082 7C20F6CF1A09EEE4F40FE6F70B0F070213E4AE0B9599CF6348B0EAC781225457
2722651634 58632 50909 7C20F6CF1A09EEE4F40FE6F70B0F070213E4AE0B9599CF6348B0EAC781225457
2712614199 43664 62256 7C20F6CF1A09EEE4F40FE6F70B0F070213E4AE0B9599CF6348B0EAC781225457
2716548894 35541 24895 994811C009B4293493337E9544AF1021F4B5A5C1423029E754BDA4C105AA7EDB
2719547327 19798 48232 7C20F6CF1A09EEE4F40FE6F70B0F070213E4AE0B9599CF6348B0EAC781225457
2717211535 61960 21830 7C20F6CF1A09EEE4F40FE6F70B0F070213E4AE0B9599CF6348B0EAC781225457
2719409551 51816 37486 7C20F6CF1A09EEE4F40FE6F70B0F070213E4AE0B9599CF6348B0EAC781225457
2718440446 12799 20348 E0FD57FED963793379A674A03702E8A00600D4B5049952FF95185EC2B76CD4B7
2713915703 44810 29117 7C20F6CF1A09EEE4F40FE6F70B0F070213E4AE0B9599CF6348B0EAC781225457
2717444369 15699 4748 0D980BC565EBE7765CC5C8B8C111BC186CA75232FC20221CAD709BED10435741
2713814048 18327 32331 AD5D304C31F97803C743BA6ED4416BB027326B3DEF145368B5052DFEEC6DD1C0
2720669588 32383 23374 7AA16201C78D6C1DA0EC67B877F2EC5CC23D79E53E391B7D4E8D2777FB3546C3
2718342772 2171 48724 C39C6B238B9762ADD227CB8A5AF920C352179F0770D0F31CE67A2B255737506E
2715219937 50163 15488 3D0039C19D06BE437E98414E5EFEF6AF45C297584F3D2E1D8D0EB0A739514568
2717040654 14104 51063 7C20F6CF1A09EEE4F40FE6F70B0F070213E4AE0B9599CF6348B0EAC781225457
2719091509 41956 48322 7C20F6CF1A09EEE4F40FE6F70B0F070213E4AE0B9599CF6348B0EAC781225457
2713866283 58482 47523 7C20F6CF1A09EEE4F40FE6F70B0F070213E4AE0B9599CF6348B0EAC781225457

Total of 0 tasks calculated error.
