Total of 100 tasks calculated correctly, accuracy 100.00% 
2746131152 57935 34077 6E9EA83F318F25422D55516B3E651585AD159ABD83490931E8ED247B94F5050A
2739262397 28173 65079 5A2155674871778E698BBD26C0550175E182673236B238A349B96B88A263C4D5
2743753383 29813 26131 811AF2EDDC3FACE27A076824AA9F0B5875D13AC91DC60DB7344E1DADC797C532
2746210993 9891 19635 DD63EFCCED510DA1970DD1F08FD84E9F4E4CA7AF3872A2B15E236447ACC8299F
2737729310 6283 23787 06B53AA43D7FDCF0EC0E9488ED72C3BEC6FCD959938E4C4E8A10C4D6274C9F15
2745385423 16350 17037 7C20F6CF1A09EEE4F40FE6F70B0F070213E4AE0B9599CF6348B0EAC781225457
2744363087 49122 57721 7C20F6CF1A09EEE4F40FE6F70B0F070213E4AE0B9599CF6348B0EAC781225457
2742647661 31243 58664 3DB43B65CA337E91AA46C78E445017E598E9D28EC3983296750378F094D44A8D
2741949312 52416 64289 7C20F6CF1A09EEE4F40FE6F70B0F070213E4AE0B9599CF6348B0EAC781225457
2745563718 39975 36229 5A0597604258513C2236CF9677F51717484BB97C5D69DA01CB8F2D06A28116B5
2740639768 30597 8811 DB73FB1E6B6FE9E9979A84F652441A74445AAFA9D1CD7749D120A0797F031DCC
2739539191 10522 39815 7C20F6CF1A09EEE4F40FE6F70B0F070213E4AE0B9599CF6348B0EAC781225457
2744628454 45880 28407 7C20F6CF1A09EEE4F40FE6F70B0F070213E4AE0B9599CF6348B0EAC781225457
2740907464 36270 9740 7C20F6CF1A09EEE4F40FE6F70B0F070213E4AE0B9599CF6348B0EAC781225457
2742185831 15901 38322 F04F04D6F6674E02530FC67EC01BF14A9A0A27D0AE0A59352119BB0BE581F7BB
2746219434 44450 26245 7C20F6CF1A09EEE4F40FE6F70B0F070213E4AE0B9599CF6348B0EAC781225457
2738307124 12323 2325 704D8B276515F1AB7003F0730669F445707F7C5884803EE2D5AA7246CB6791CD
2746977350 17471 42942 C5D68072B0A6D134EE6319A788249A2305B52C39B6B2E7E00B433C19F71B2E33
2742963723 2987 30000 63EED2B24F1B7F00F9F64DA839C21CD7317571C356E853246E74DE25A6B6E7BC
2744259028 5407 17784 A321AEE02EFC97E94B52354396F48F112EE7EF0BCCF4B737314D568914AE50D6
2743242049 16156 60209 7C20F6CF1A09EEE4F40FE6F70B0F070213E4AE0B9599CF6348B0EAC781225457
2748184218 63076 13173 7C20F6CF1A09EEE4F40FE6F70B0F070213E4AE0B9599CF6348B0EAC781225457
2742809393 60043 34915 EAB94DD6F9F1276590C9FBA75A8F27E91B466E72F0BA997D873426809FE5BC0E
2743161132 55682 7040 7C20F6CF1A09EEE4F40FE6F70B0F070213E4AE0B9599CF6348B0EAC781225457
2745453250 58629 32467 4165470AA3935B1D2CCD986028BA4E7389D569132D3540BA40AE6630DA0C0BFA
2741441828 31833 31717 44C4D13F4C2A14A04B4116B714FF4A4183130E91635C572617082A94D83F9F34
2746049972 13849 25603 1FA52EAEB03778813DEB542159C2C394F9F56CB96D50EEDAAD7CD2DDD20C7996
2744783648 14022 3180 7C20F6CF1A09EEE4F40FE6F70B0F070213E4AE0B9599CF6348B0EAC781225457
2742560090 789 38261 ED27FB3A2618ABD5B84FD1D41C553B1C0A97A62AEF1042D2C44BBDFA70CCD28F
2742246557 29692 65162 7C20F6CF1A09EEE4F40FE6F70B0F070213E4AE0B9599CF6348B0EAC781225457
2743724160 45456 15944 7C20F6CF1A09EEE4F40FE6F70B0F070213E4AE0B9599CF6348B0EAC781225457
2737733268 1789 40318 7FCE808DD6FF164DC65EC78ADBAD72C3ADBA5F7D60C1300129B8F3FD594A9002
2737499004 63629 39603 77993AC9DE895D0E259340C44E2E12B5D7C8A180E4C4616DAC565FF41D33C253
2745394160 18502 23945 7C20F6CF1A09EEE4F40FE6F70B0F070213E4AE0B9599CF6348B0EAC781225457
2744382277 25775 38948 2D38C295498A1AA6BD178E35CB321C687E98CC4CAE252D396618C3182D22479D
2742194742 47647 6944 87D08B4B80EAADB9BE9A21CCBCAB6EBAC9D42DF285002AC884908FB627B1EAAE
2739121565 46617 12157 A516F3261B349A6933C531B13716123B6AB2F4952BE138ED3585EAA7A5C0AD5E
2747739277 34708 35214 7C20F6CF1A09EEE4F40FE6F70B0F070213E4AE0B9599CF6348B0EAC781225457
2740143147 37376 12779 7C20F6CF1A09EEE4F40FE6F70B0F070213E4AE0B9599CF6348B0EAC781225457
2739374686 12686 55980 7C20F6CF1A09EEE4F40FE6F70B0F070213E4AE0B9599CF6348B0EAC781225457
2739786818 1492 62251 7C20F6CF1A09EEE4F40FE6F70B0F070213E4AE0B9599CF6348B0EAC781225457
2742700558 3568 48322 7C20F6CF1A09EEE4F40FE6F70B0F070213E4AE0B9599CF6348B0EAC781225457
2744311689 46775 25318 AF8F6EF7C0F599C3AAA98174AD30F6E5EA423CE0375CD68EB18A6016307CA5DC
2739733577 49371 50051 FA43FCE0CAF30E6D36BE67ED9CA859BA4812182DBC0B61A758A1FCB0B7905A69
2737457890 15478 50452 7C20F6CF1A09EEE4F40FE6F70B0F070213E4AE0B9599CF6348B0EAC781225457
2737337415 56815 1666 0AF1ADFA6941FF8AFAAFB9ED7A2205FA2A8EFCAAB14604F91D3718991A189DF3
2738809188 63711 34863 F3982880F8FC285EF6BD61AD94183828F06AD5253F549C8E87C72CABCC10DE17
2739213827 23504 970 7C20F6CF1A09EEE4F40FE6F70B0F070213E4AE0B9599CF6348B0EAC781225457
2742621772 25425 42264 98EBEB30BB0C211F9503F4C33811461DB0A19A099F261CDBA0E6F093033065E2
2737516785 43599 14631 284CCD9171BA96C7BDCEAC2DFCB2A3663D1DA995FF42057BADB8BB00E8B13275
2746891623 28371 8559 E3B5F2CC7D79707650B0C22B5E5595369F93D19D1F227DEFC6561F7832808456
2744389296 46467 36901 7D472341593E387B6463B69C5A54E62E6DF2F539D95441B3A7276FE7760D39B0
2746856944 14097 43258 65768F29B7BD4FCC8A889E14DD8836866B95CA3601DFE5C8AB178E77F03C1B9C
2740215451 49789 35866 6225AA544DB1D5F7D737679DE76051EC5E1E775A46B5139EF157FF1F629CE0F7
2742073070 11139 52238 2D23C0C9210B4CC40975CDFB715A897B3DE320DD0A2D0F0035984B8AE5B3312C
2741199879 60332 31619 7C20F6CF1A09EEE4F40FE6F70B0F070213E4AE0B9599CF6348B0EAC781225457
2738059881 10216 9628 7C20F6CF1A09EEE4F40FE6F70B0F070213E4AE0B9599CF6348B0EAC781225457
2747788356 52164 56400 7C20F6CF1A09EEE4F40FE6F70B0F070213E4AE0B9599CF6348B0EAC781225457
2741576697 15919 24832 4E677BA46DC88C7A847F0213ACE2AC70FDC8B33E9B54394F76307452A468FBF6
2737092944 1399 53733 C79E866337AC0CD5F2D2AECA69CA6A7525C67476C5C94629B4DD75E1B763F9F6
2747808153 26806 14663 7C20F6CF1A09EEE4F40FE6F70B0F070213E4AE0B9599CF6348B0EAC781225457
2740511467 34375 23219 C9415B645D8C9C0BF6D8C99035F1EB852E0FA62FFA0AA4554386D5EEF79C806E
2741964981 23782 29831 7C20F6CF1A09EEE4F40FE6F70B0F070213E4AE0B9599CF6348B0EAC781225457
2746531029 8403 28206 4436C2191DB03BF5B08281E0FEDE0440148262DF85AFD84D7B8B00E85980EE04
2746550538 30000 36934 7C20F6CF1A09EEE4F40FE6F70B0F070213E4AE0B9599CF6348B0EAC781225457
2741197610 45674 63314 7C20F6CF1A09EEE4F40FE6F70B0F070213E4AE0B9599CF6348B0EAC781225457
2738277862 60654 4249 7C20F6CF1A09EEE4F40FE6F70B0F070213E4AE0B9599CF6348B0EAC781225457
2738003929 35142 48006 7C20F6CF1A09EEE4F40FE6F70B0F070213E4AE0B9599CF6348B0EAC781225457
2744451831 49224 36362 7C20F6CF1A09EEE4F40FE6F70B0F070213E4AE0B9599CF6348B0EAC781225457
2739547006 5419 23452 08197805D46AA976A4F5ABD7A74EECC1C1379E695CF6B8935D790161BDFC462E
2743535292 7696 5560 7C20F6CF1A09EEE4F40FE6F70B0F070213E4AE0B9599CF6348B0EAC781225457
2747197082 44746 18341 7C20F6CF1A09EEE4F40FE6F70B0F070213E4AE0B9599CF6348B0EAC781225457
2739083970 24675 29206 60E86E7D05D1BFB743B053583C00FA0618C0FBAFED49D6AD786B8E46026B08B0
2742111221 15480 25658 7C20F6CF1A09EEE4F40FE6F70B0F070213E4AE0B9599CF6348B0EAC781225457
2746551231 8853 63124 CD51ADBAA2FEAD4C5DCA6CAD1B74E094663B7FAB19642DB93D034445B9264D12
2740846607 35355 49220 E38B922F2A1A009BFD8ED68D5AF044289D45AA3BBDD52278C02AA4A58B36852A
2742385782 61054 19462 7C20F6CF1A09EEE4F40FE6F70B0F070213E4AE0B9599CF6348B0EAC781225457
2737789425 13375 63303 399FBC507B5F87D2C2320CDE429152E00450C707DA62ECE16104170A73C61319
2742235965 57273 23740 25973D6E5CF33A37F22F7702DC25864EE28FC7972784F96AC6BEB58DDD5A0E7D
2737289739 33495 26337 BEE14140D08DBEF4DDAD1B9022BE58F2E01F3BC81771D0A1D8FBC1BDD9BD6D75
2746662687 44753 14273 8DDA449C42B9CF3E20A4AF7FA05BB6B75C9540E69358D2E8024A0CE685E8197B
2745199875 52036 35307 7C20F6CF1A09EEE4F40FE6F70B0F070213E4AE0B9599CF6348B0EAC781225457
2743773589 21308 30212 7C20F6CF1A09EEE4F40FE6F70B0F070213E4AE0B9599CF6348B0EAC781225457
2744533464 37623 25991 805DBF653DAFEF9B2770D113497E0CA92DB3B05EEDDEC794856CB15BB5FE7355
2742168666 45441 11653 2D258584958143EB06A7EB098E357BD09577C049EB372F5B9B6357927652359A
2739723270 27450 29961 7C20F6CF1A09EEE4F40FE6F70B0F070213E4AE0B9599CF6348B0EAC781225457
2745573741 28821 48121 2642C78967E82C15E9DD8A7CD3374967EBA8D48F511E27444FE236972D37A0F5
2746822077 34634 40096 7C20F6CF1A09EEE4F40FE6F70B0F070213E4AE0B9599CF6348B0EAC781225457
2736739351 48306 22308 7C20F6CF1A09EEE4F40FE6F70B0F070213E4AE0B9599CF6348B0EAC781225457
2745070298 14423 57867 4A89CA74B95B993930B1DA0632BD92419C994DCB105866BB69EDADC611462187
2744449701 29103 13728 4F6AFCE8F28630215ABB6BB609626505EE1845391E39770E708D065C34EDB8C9
2746350494 25279 29156 2ED4AE1CD570A55D9C51BA3E9256A8328EA22BD2E844544B9EF7F6C4864BA8C7
2737300345 4297 22607 9FA524CB3465057B06CE0097357BC79A32652F446F0B3436B8A54E0661038B3D
2738556340 3358 57084 7C20F6CF1A09EEE4F40FE6F70B0F070213E4AE0B9599CF6348B0EAC781225457
2742833742 43975 20071 40F9339F4028BD35191ECA0EC20C66A529991CB5725E1008D9D808B1BE185748
2741257075 62016 5162 7C20F6CF1A09EEE4F40FE6F70B0F070213E4AE0B9599CF6348B0EAC781225457
2746257021 6297 50424 DD984B3C131A2A0BA9F3454BB8433C28B7FB599AE157FA6DACA40C1E0AF318AA
2736904233 61641 39407 1C73223FFA73C2407DE902E7E1039313563D9AB86036ADFB34C3BCFBEE139184
2740994548 3494 5307 7C20F6CF1A09EEE4F40FE6F70B0F070213E4AE0B9599CF6348B0EAC781225457
2744414248 54814 11603 7C20F6CF1A09EEE4F40FE6F70B0F070213E4AE0B9599CF6348B0EAC781225457

Total of 0 tasks calculated error.
