Total of 100 tasks calculated correctly, accuracy 100.00% 
2765312166 54822 12431 7C20F6CF1A09EEE4F40FE6F70B0F070213E4AE0B9599CF6348B0EAC781225457
2771914212 63264 59027 7C20F6CF1A09EEE4F40FE6F70B0F070213E4AE0B9599CF6348B0EAC781225457
2764768385 323 48441 A7718592FB9CF2CBC1BA3F77356C0987A6C195AC2344825B8C53880B66187E04
2771606303 38249 25564 CFF3364DCDB31EA00A5FACF815D65B7DB7ED9C281B59ADB9D9F93447E91FF9E5
2770414650 50318 31301 7C20F6CF1A09EEE4F40FE6F70B0F070213E4AE0B9599CF6348B0EAC781225457
2769629340 35407 23079 C6C83F18EDC850C991641CECC03057964365C125517DE299E681084F09B7AC4B
2768170115 24674 22913 7C20F6CF1A09EEE4F40FE6F70B0F070213E4AE0B9599CF6348B0EAC781225457
2761291699 33028 23594 7C20F6CF1A09EEE4F40FE6F70B0F070213E4AE0B9599CF6348B0EAC781225457
2763212811 43762 3782 7C20F6CF1A09EEE4F40FE6F70B0F070213E4AE0B9599CF6348B0EAC781225457
2764898487 7342 62002 7C20F6CF1A09EEE4F40FE6F70B0F070213E4AE0B9599CF6348B0EAC781225457
2767469658 53770 56176 7C20F6CF1A09EEE4F40FE6F70B0F070213E4AE0B9599CF6348B0EAC781225457
2771588261 43803 15839 D243D0FFE0DB7D70B082355ADC9413F5A2CF2440DC3D76FEE3B2B7358727F803
2769633551 52990 7576 7C20F6CF1A09EEE4F40FE6F70B0F070213E4AE0B9599CF6348B0EAC781225457
2764681906 1912 45589 7C20F6CF1A09EEE4F40FE6F70B0F070213E4AE0B9599CF6348B0EAC781225457
2771425475 34845 57393 D88CD12C9919C5CB279B89DF54133E8313161F6E5AC1F8C5799178E19ECFE518
2762340439 37965 49191 21C86883626597FD1F0C6663D6BB3C1F2955CA17F3D8B576B4C83A819F6CF8EF
2764190293 10514 25859 7C20F6CF1A09EEE4F40FE6F70B0F070213E4AE0B9599CF6348B0EAC781225457
2764087488 42919 44185 468A92C7F2093BE5C5528F726095535D3E5870D9E77BD2EB111A3D07FE041792
2770106453 816 62016 7C20F6CF1A09EEE4F40FE6F70B0F070213E4AE0B9599CF6348B0EAC781225457
2760635155 212 28290 7C20F6CF1A09EEE4F40FE6F70B0F070213E4AE0B9599CF6348B0EAC781225457
2769803757 37462 15714 7C20F6CF1A09EEE4F40FE6F70B0F070213E4AE0B9599CF6348B0EAC781225457
2765128654 11006 30306 7C20F6CF1A09EEE4F40FE6F70B0F070213E4AE0B9599CF6348B0EAC781225457
2770056759 40502 10386 7C20F6CF1A09EEE4F40FE6F70B0F070213E4AE0B9599CF6348B0EAC781225457
2764137545 11537 24531 A8B2C5087E286CD87104C0471CCEBBE0A67CBA3DD3EF7F2BEDF83A4B264F0101
2767388101 28447 39699 70A98A1739A68E5FADD6ADDB6396F02DC3E12CD4AD8C2792A8A2B67C5DC891F2
2767125414 53922 5054 7C20F6CF1A09EEE4F40FE6F70B0F070213E4AE0B9599CF6348B0EAC781225457
2762033947 32434 7075 7C20F6CF1A09EEE4F40FE6F70B0F070213E4AE0B9599CF6348B0EAC781225457
2769401362 9177 40169 C8CB2EFE8C764A2DF1CD1F280BDAC5D5DBB915AF682285C40F6F905274D7C702
2762825089 47552 54197 7C20F6CF1A09EEE4F40FE6F70B0F070213E4AE0B9599CF6348B0EAC781225457
2762360463 14875 29052 351DD0F2114A280BD14CA36926EC76C79249E8A59FCBA100BEF8368625FF0F67
2772031672 38578 17169 7C20F6CF1A09EEE4F40FE6F70B0F070213E4AE0B9599CF6348B0EAC781225457
2762515128 30847 9115 260BC0AA16DFE4F4D40E04B9E6FDE9770E63652709446E15F30E28B4EE071807
2770446728 13241 30947 336D4CC7C16F05FBE27EB9908F0143CB9F28D6D6A67E9F9E5C0915DEAEC3EEC1
2768498909 62707 33832 0055106566B892EDCC74DF08DFF3ED7BA4B86F9CBFECA4EBE5C8EB1A023F3661
2768216554 1472 64758 7C20F6CF1A09EEE4F40FE6F70B0F070213E4AE0B9599CF6348B0EAC781225457
2770384581 32659 22665 87FB13862B44B28047BC023F3A55F692B9CB8150D8CD41508CF2DD315DFBF5BF
2763760942 2007 17840 060D54211801E3CAF66026A5A25F67AC96C5416AE0970FB9AB293E06EED5C9AE
2764585577 56411 32048 5BB88FE682E4D764DEA54B54A91E80200E81660675B0F8F4EB771258723F6F6E
2760981483 10779 1589 D170E87E0E96568E858B49351001FB3D1F670DA6936477BD918B4797AA83F63E
2770854654 13245 56422 4151B80E1E8FD3FBFDDEB668767CB54460294647F3FA156A9FAD4245597DE0D4
2767563102 40886 31777 7C20F6CF1A09EEE4F40FE6F70B0F070213E4AE0B9599CF6348B0EAC781225457
2767490188 47737 58462 8EE24AE490080BC143803527B3E9AA69B4AE35D53AE94B886A6236B622059ADB
2768690039 40761 9346 B2A243DD928174DE3AAAAD27897434602C9DBF4A3889C44357A064F1DE0E4E59
2763224820 20742 60073 7C20F6CF1A09EEE4F40FE6F70B0F070213E4AE0B9599CF6348B0EAC781225457
2767321767 64606 18972 7C20F6CF1A09EEE4F40FE6F70B0F070213E4AE0B9599CF6348B0EAC781225457
2766328775 9052 19434 7C20F6CF1A09EEE4F40FE6F70B0F070213E4AE0B9599CF6348B0EAC781225457
2764813422 44233 4679 488D758E8D4B4BA97E19765EBA19CD2687F41FA23B915B45C57F87DEBBB2E59F
2762895580 15194 57604 7C20F6CF1A09EEE4F40FE6F70B0F070213E4AE0B9599CF6348B0EAC781225457
2766321024 38546 40141 7C20F6CF1A09EEE4F40FE6F70B0F070213E4AE0B9599CF6348B0EAC781225457
2765188908 46485 18445 69F269156F40E5E3A33B5FF1B7D11E07EFE0BC2C8CF282D73F3885C166C7274B
2772053148 41114 24033 7C20F6CF1A09EEE4F40FE6F70B0F070213E4AE0B9599CF6348B0EAC781225457
2762316445 2571 61682 649A023473F376F69924364495B2BA98D1A367D451157DC7B3CC639F8DCA3BCF
2768584653 38274 48056 7C20F6CF1A09EEE4F40FE6F70B0F070213E4AE0B9599CF6348B0EAC781225457
2760615687 61245 57850 1B2853341EF48C9A4D915D9A8C3C53E12B1EAE238D322C6BF810A00E4F2E334E
2762748522 51734 9531 7C20F6CF1A09EEE4F40FE6F70B0F070213E4AE0B9599CF6348B0EAC781225457
2762685550 546 21000 7C20F6CF1A09EEE4F40FE6F70B0F070213E4AE0B9599CF6348B0EAC781225457
2761385045 21104 52693 7C20F6CF1A09EEE4F40FE6F70B0F070213E4AE0B9599CF6348B0EAC781225457
2770184018 13483 56791 1E50C7914971C7CAEE47B54929B0E909A9A6955F301131ABED1988D0C43C5408
2761938428 24629 8535 7F6C4CC20BC8F40EF636B4F92764A54E98694A4DAAD9C7DB4580F75215FBFBD6
2765106488 32985 30932 82818235AAD0F6721058AEB16255452C451D746D6244D31474021F66D324F509
2763930243 2364 36768 7C20F6CF1A09EEE4F40FE6F70B0F070213E4AE0B9599CF6348B0EAC781225457
2761534149 7362 29711 7C20F6CF1A09EEE4F40FE6F70B0F070213E4AE0B9599CF6348B0EAC781225457
2761981665 61024 13044 7C20F6CF1A09EEE4F40FE6F70B0F070213E4AE0B9599CF6348B0EAC781225457
2770495167 8519 48822 02AD21D6A313FFE109C80F4C3017E39EAD57CD58424372DD56040E84F8401F0C
2769187100 47733 37684 C58C1016582789AF04F514C226DE197C3117A6B53F4DD0D8259FFE3B4AD4EA96
2764376260 9323 1960 CBF1090B8AB7CEA3F1A9A5B23D8A570F3F529F0D2B01046799B8378BFDB5391A
2761194068 15519 57429 DE96F47F24948025D90DAE91CE25DDEA2E4DDCEF70DFB78306102D9898B65B10
2770191947 11456 56614 7C20F6CF1A09EEE4F40FE6F70B0F070213E4AE0B9599CF6348B0EAC781225457
2771607794 17012 56676 7C20F6CF1A09EEE4F40FE6F70B0F070213E4AE0B9599CF6348B0EAC781225457
2769079359 58366 64119 7C20F6CF1A09EEE4F40FE6F70B0F070213E4AE0B9599CF6348B0EAC781225457
2766133254 17913 55904 453323C533EE6FAD73ECC7D0528802CECEFA322659D445D6FAC52F90129420E0
2765464369 26905 49438 EA47178599DA4953033366AA4F9F29EAC3E6BE361EA9223F6644B5DA50274C71
2765016118 55561 13368 1FBDCC09CFC01615F4EFEF7EE56C6CF1957EDAE5448E0A4D238FE59E227634A9
2763314775 36534 12654 7C20F6CF1A09EEE4F40FE6F70B0F070213E4AE0B9599CF6348B0EAC781225457
2767589544 31208 12576 7C20F6CF1A09EEE4F40FE6F70B0F070213E4AE0B9599CF6348B0EAC781225457
2762111078 11481 21583 3A85FC5978BF3B7C9CAF130D5065015508EDAB80247EA0E0BB6E1539C7935497
2768205341 16488 53984 7C20F6CF1A09EEE4F40FE6F70B0F070213E4AE0B9599CF6348B0EAC781225457
2770182501 61663 40618 1CAE5C439B8B5D80306B9C318BB0D5975E0787AAFA5CEFEEF27688FDAFCB9051
2764981623 47491 5416 D64A422FE08CEC5152567D3FFFFEA2E3B9D008C6E5680B3F9F7983453354EC2E
2769305024 55704 64295 7C20F6CF1A09EEE4F40FE6F70B0F070213E4AE0B9599CF6348B0EAC781225457
2767023581 9867 41553 D764E5850435E42F53D3CA77864941E65B958A86A0EB5E1208750FAC722CE332
2765603878 42957 54452 4946B8ED298FAE9F9E19BE92EA2D7AD4FCB3DC7B523BA49090EA3B447E8AC8E3
2769822897 51974 8688 7C20F6CF1A09EEE4F40FE6F70B0F070213E4AE0B9599CF6348B0EAC781225457
2765441533 34616 45383 7C20F6CF1A09EEE4F40FE6F70B0F070213E4AE0B9599CF6348B0EAC781225457
2765131298 62559 63939 8D0D6F318094A13E76D0705C93729FFA13C30C786F59D8612E278F87C6341407
2765351056 28878 4833 7C20F6CF1A09EEE4F40FE6F70B0F070213E4AE0B9599CF6348B0EAC781225457
2760817096 30571 13766 316069763AF345D156938DA888FC9157E0D0E9F485F9762D394C326AF48234EE
2762000594 4638 14986 7C20F6CF1A09EEE4F40FE6F70B0F070213E4AE0B9599CF6348B0EAC781225457
2761911764 1058 36821 7C20F6CF1A09EEE4F40FE6F70B0F070213E4AE0B9599CF6348B0EAC781225457
2763713748 48048 28552 7C20F6CF1A09EEE4F40FE6F70B0F070213E4AE0B9599CF6348B0EAC781225457
2771409850 41984 17824 7C20F6CF1A09EEE4F40FE6F70B0F070213E4AE0B9599CF6348B0EAC781225457
2765377097 3456 28317 7C20F6CF1A09EEE4F40FE6F70B0F070213E4AE0B9599CF6348B0EAC781225457
2765883475 7564 58694 7C20F6CF1A09EEE4F40FE6F70B0F070213E4AE0B9599CF6348B0EAC781225457
2765203779 44023 37793 A107A00675CF2ABB1E60588EA3DB7617152E7A0A4972C9C927E788A27B192D50
2768575125 36800 12394 7C20F6CF1A09EEE4F40FE6F70B0F070213E4AE0B9599CF6348B0EAC781225457
2770628908 50885 41842 B583F4CFC8361AB48218D0410C78B5EDAE2416B2D63A88C256B7C52D43F150FE
2770237673 62740 9946 7C20F6CF1A09EEE4F40FE6F70B0F070213E4AE0B9599CF6348B0EAC781225457
2763542862 42355 38504 6F139904CE4291914C740C29082253AF031AAE3BA2A7EAB66FF01D99FCF0D5F9
2761433704 29293 47873 261EFEF58ABFE718B5D84D8C8D546C4D32997C0A244926D95CBD5A95B4FC3CEB
2770374626 31937 42810 1BE99070383ECD9FBD1732BD7B4EAA01ACB6C379657380AF734E9AFF57125A37

Total of 0 tasks calculated error.
