Total of 100 tasks calculated correctly, accuracy 100.00% 
2812143737 27464 65392 7C20F6CF1A09EEE4F40FE6F70B0F070213E4AE0B9599CF6348B0EAC781225457
2809215635 7966 13179 7C20F6CF1A09EEE4F40FE6F70B0F070213E4AE0B9599CF6348B0EAC781225457
2819005192 25724 1947 7C20F6CF1A09EEE4F40FE6F70B0F070213E4AE0B9599CF6348B0EAC781225457
2809207402 20865 18400 3836CDE7B2C172E29F957727C2B171BE3B2936D8902ADC017100D13959B3B9F5
2815296639 24209 42097 F33606EE098788C5D9E15A731A5B61DAEDA46A54B92DE1305804AD14D0F146E5
2817023191 35442 6 90A96BB28A78F4B72578192E7A47EA1F9206F3E1A50018AEC6989C7BBF6B7F09
2819861670 56113 54805 7313003013A06B6BBC99707E020B893EA66D70CD8A04A9675694A465B99409B4
2815982489 19214 56639 7C20F6CF1A09EEE4F40FE6F70B0F070213E4AE0B9599CF6348B0EAC781225457
2817634176 41576 36825 7C20F6CF1A09EEE4F40FE6F70B0F070213E4AE0B9599CF6348B0EAC781225457
2808533367 54078 54821 7C20F6CF1A09EEE4F40FE6F70B0F070213E4AE0B9599CF6348B0EAC781225457
2812176135 7164 11124 7C20F6CF1A09EEE4F40FE6F70B0F070213E4AE0B9599CF6348B0EAC781225457
2808784677 25681 17057 49314577CC84D9CCC03FC6D8AB8788A31AABF5C88DBF9A005E678014867FCB06
2811651259 20169 16426 7470C097774C0C3703DA55F0634B83C3F02C9C45CFCE808E55F829C0BD357377
2813878999 52586 38557 7C20F6CF1A09EEE4F40FE6F70B0F070213E4AE0B9599CF6348B0EAC781225457
2809260801 14016 27880 7C20F6CF1A09EEE4F40FE6F70B0F070213E4AE0B9599CF6348B0EAC781225457
2817368683 1136 44653 7C20F6CF1A09EEE4F40FE6F70B0F070213E4AE0B9599CF6348B0EAC781225457
2815797529 37131 36115 FD2D45E03F96692A7FD846CC62B5B02366AD519195F8EA9438DB267F9ED92914
2810490822 30183 20649 80EFE631C50D335A63A6B7C9B067B3B18192EC79BF4D1911895F8CD0478D6169
2819961449 391 24571 2D5BC803B4F1ADDFE5730623A37C6D155A3C24635BB8C615E401A9F688C74A4F
2815715228 51868 6673 7C20F6CF1A09EEE4F40FE6F70B0F070213E4AE0B9599CF6348B0EAC781225457
2810053951 2180 57897 7C20F6CF1A09EEE4F40FE6F70B0F070213E4AE0B9599CF6348B0EAC781225457
2815210928 42374 31236 7C20F6CF1A09EEE4F40FE6F70B0F070213E4AE0B9599CF6348B0EAC781225457
2818964910 3254 64148 7C20F6CF1A09EEE4F40FE6F70B0F070213E4AE0B9599CF6348B0EAC781225457
2809904643 20173 60002 58383F46B07A992660069434F50DBBE5901E3AC45035BA4DCB22D5D130A0133F
2818862797 36674 9944 7C20F6CF1A09EEE4F40FE6F70B0F070213E4AE0B9599CF6348B0EAC781225457
2816748828 41670 32010 7C20F6CF1A09EEE4F40FE6F70B0F070213E4AE0B9599CF6348B0EAC781225457
2812969702 32055 25956 470C13CF5B889649BDA09811F19B2916B3C28C2662D35435D99BD8357F2E0C08
2815814552 13248 24152 7C20F6CF1A09EEE4F40FE6F70B0F070213E4AE0B9599CF6348B0EAC781225457
2814812740 53167 26684 07C1E572C5EDDE98317875B74B8196C2C42D869FA209A4E464E38B83BDBF5013
2814636783 52548 33612 7C20F6CF1A09EEE4F40FE6F70B0F070213E4AE0B9599CF6348B0EAC781225457
2820183738 30197 9844 1CFA6E6AFD1BEA65955F477AFDFA78A419FF50913BAD9D701CED840B33238DAF
2818933436 33701 57748 28216D5F2DFAF8FBF1EEBD2FB5C9BFAE61E8286789323C7FF84EF59A8939639A
2809971580 44360 52509 7C20F6CF1A09EEE4F40FE6F70B0F070213E4AE0B9599CF6348B0EAC781225457
2818196470 33524 45013 7C20F6CF1A09EEE4F40FE6F70B0F070213E4AE0B9599CF6348B0EAC781225457
2810277796 64980 43871 7C20F6CF1A09EEE4F40FE6F70B0F070213E4AE0B9599CF6348B0EAC781225457
2815455857 50225 60832 1C433A4838CE998A54B49EE1B935EF6745A49B33F5EEF6BCF0DDC7DA9422A9E9
2808493517 20190 62908 7C20F6CF1A09EEE4F40FE6F70B0F070213E4AE0B9599CF6348B0EAC781225457
2809339737 54780 24316 7C20F6CF1A09EEE4F40FE6F70B0F070213E4AE0B9599CF6348B0EAC781225457
2817501105 48821 19601 DFFE1C9CB854DA92249966E76720086115E2C0A032EE2E878EE44DF3A1E905F7
2809682886 61271 28991 DF34388D27C0BE03426A84F1DF00F809A41CBB6A7E8CAE5DC10A17AD50AC42DD
2816928527 11271 25830 0B435B1BB695E79D928FD259EFA99AE0CB909EC9DDEDE03780C6AC9784A604C5
2818237354 48059 5857 0AD7B1D36A9249A579179434C31F3F2C5BF67BDE17E5968D79DC4293AD17DC47
2811204919 15515 63168 07C9B3364B6261D7F1E8C9B302DFF49EE91721213D937EEC051883CD89C2BA0E
2809144171 30188 2392 7C20F6CF1A09EEE4F40FE6F70B0F070213E4AE0B9599CF6348B0EAC781225457
2816377490 21902 60953 7C20F6CF1A09EEE4F40FE6F70B0F070213E4AE0B9599CF6348B0EAC781225457
2817287215 2227 34542 515AE58F6F5F2E2BE129BE450A18398295D14B1AF9DB754F08DE2060ABAF36CA
2820191577 21521 6870 7D11362CA42C7280C30F767C542C25082CAA5956EF3093951FCFA07FE8367462
2810532887 31048 59415 7C20F6CF1A09EEE4F40FE6F70B0F070213E4AE0B9599CF6348B0EAC781225457
2812449870 37855 22223 7D4F3E7539E834B830DC66AB26910E0E0E3E0C1E751EBE68617BB88A2C35E3C1
2819445290 31833 22016 F274E274FB72AF940B7EABF84D43FD93C1D34F7E026913A37ACB5FD63F492C8A
2817647949 10991 61096 0D9F5BC0007A7CE2E372879816631E4A67C83306DB60CEE9C36CB3B61DED354C
2811129990 31889 45723 40AA19044CF21D3AAB5904E0BBCB3AA9602347C114BCFD5461E72568C61EA788
2816338353 64300 52868 7C20F6CF1A09EEE4F40FE6F70B0F070213E4AE0B9599CF6348B0EAC781225457
2816443617 35085 21567 E8458C048755A46377217995879E2C5AE8BCEB190A0D51EFA756534EAEDEF9FE
2820018947 9130 62663 7C20F6CF1A09EEE4F40FE6F70B0F070213E4AE0B9599CF6348B0EAC781225457
2808834603 18541 32868 CABC22BCF3F47C417C2FDD871E43C4063968B9BCE21345DA86DFB1690D18A3E4
2810305485 29838 46047 7C20F6CF1A09EEE4F40FE6F70B0F070213E4AE0B9599CF6348B0EAC781225457
2814910409 24910 23219 7C20F6CF1A09EEE4F40FE6F70B0F070213E4AE0B9599CF6348B0EAC781225457
2811536962 59147 457 4956C5FE995074D9D411354C6CDBF8424FBC3A255BB8F26C52D74AB10C2CC1E6
2810300473 63266 452 7C20F6CF1A09EEE4F40FE6F70B0F070213E4AE0B9599CF6348B0EAC781225457
2809286233 43538 52640 7C20F6CF1A09EEE4F40FE6F70B0F070213E4AE0B9599CF6348B0EAC781225457
2814139458 20959 31310 5B146DB9E835B9CD0AE5AFBAA18AEDAB2CFE93C0E3A56962896BFF9237AD5C50
2815306078 57254 28131 7C20F6CF1A09EEE4F40FE6F70B0F070213E4AE0B9599CF6348B0EAC781225457
2818497286 35339 30713 FA352B44D2BF6839F31926818260CE9F80D62D35A9F7F763BA276C8AB42280B3
2813455667 32426 53519 7C20F6CF1A09EEE4F40FE6F70B0F070213E4AE0B9599CF6348B0EAC781225457
2815154529 52898 47762 7C20F6CF1A09EEE4F40FE6F70B0F070213E4AE0B9599CF6348B0EAC781225457
2819047860 47707 50931 64BC87C25D4D5ACCC81B6BBA4B401580DBC1D28F6309EEE3A5874A91D7E1CC36
2809037954 56280 17788 7C20F6CF1A09EEE4F40FE6F70B0F070213E4AE0B9599CF6348B0EAC781225457
2815946060 32527 51863 689B61FB5425F5C75300CD89737FA3DF6379D85F6BA725D91367996F6E743D44
2817801765 17145 61991 6FDB253377B73FA204A545AD421E9929F80309CAD1A4B2223F2F551EECEF0998
2813502688 2135 24520 4A5B63B579CAB42F6A01EB21DBDCBA082952DA3447EB5A8B56DC7FF11E06E098
2813435760 14688 58312 7C20F6CF1A09EEE4F40FE6F70B0F070213E4AE0B9599CF6348B0EAC781225457
2814347870 64467 37964 0F9C7244911430ADCA7EAFDA220A6DF83A80FF001DB88A18CEB40AAFB0FD39B6
2817806564 61646 16749 7C20F6CF1A09EEE4F40FE6F70B0F070213E4AE0B9599CF6348B0EAC781225457
2814708560 16648 40424 7C20F6CF1A09EEE4F40FE6F70B0F070213E4AE0B9599CF6348B0EAC781225457
2815883481 30170 15483 7C20F6CF1A09EEE4F40FE6F70B0F070213E4AE0B9599CF6348B0EAC781225457
2817511709 41365 28560 912159D1383461E885BB621ED42A253F375CF9D7BCD11503D42E7AB238968A0E
2818093449 18746 40096 7C20F6CF1A09EEE4F40FE6F70B0F070213E4AE0B9599CF6348B0EAC781225457
2819865110 15828 1824 7C20F6CF1A09EEE4F40FE6F70B0F070213E4AE0B9599CF6348B0EAC781225457
2813822775 10338 1617 7C20F6CF1A09EEE4F40FE6F70B0F070213E4AE0B9599CF6348B0EAC781225457
2813029909 46577 1012 78EDBD3865A37B9D31CBD68DF8862310378697D509830FED6EFBCC13D876B93C
2816089075 58756 10857 7C20F6CF1A09EEE4F40FE6F70B0F070213E4AE0B9599CF6348B0EAC781225457
2814521027 6980 49611 7C20F6CF1A09EEE4F40FE6F70B0F070213E4AE0B9599CF6348B0EAC781225457
2815856706 31440 41111 7C20F6CF1A09EEE4F40FE6F70B0F070213E4AE0B9599CF6348B0EAC781225457
2813086761 36213 46949 F90C219E6113E36FFE1B7C36C829AFA50FC5574A90738EEA049AD164F9D9A5FD
2809502174 36761 30721 1155C29A54AC1E486B628341DE7D523496CE4A3F1D2E67639B06935FF46392FE
2816342726 9088 26084 7C20F6CF1A09EEE4F40FE6F70B0F070213E4AE0B9599CF6348B0EAC781225457
2814050579 48425 15834 F5E5E3AD594089504971586E01B2C6B6190F7CD40B34D51364E993FE9A013254
2809945539 58339 17520 2D887E35778059FC1B7C2CA18CE4C2AC680BED4FD11856E28079581BA2646949
2817423549 36685 60090 7F20D1455F8E5DD51D3E74A6B353E1972E6EA7795122D2CB7E881870F606C54F
2808682230 45173 34579 DA671AC3F75E1125422DB9D8A795A3CAA1DA3E4720184B477727605BB888F172
2817270674 19618 18487 7C20F6CF1A09EEE4F40FE6F70B0F070213E4AE0B9599CF6348B0EAC781225457
2819949145 17614 11061 7C20F6CF1A09EEE4F40FE6F70B0F070213E4AE0B9599CF6348B0EAC781225457
2809011209 60130 19713 7C20F6CF1A09EEE4F40FE6F70B0F070213E4AE0B9599CF6348B0EAC781225457
2820215821 16683 59039 722C9766BCD9C3A8F3838315A67D6A20DA00E1557EF67F01820DCF61B8208C4C
2819044276 54377 18784 CA3E93796191B02B15FD9E075E1D3AA6EE8FC184F2E0C68BF06E2C02FA9DF2B6
2812193076 8198 34959 7C20F6CF1A09EEE4F40FE6F70B0F070213E4AE0B9599CF6348B0EAC781225457
2820237467 2450 35359 7C20F6CF1A09EEE4F40FE6F70B0F070213E4AE0B9599CF6348B0EAC781225457
2819445173 32798 59878 7C20F6CF1A09EEE4F40FE6F70B0F070213E4AE0B9599CF6348B0EAC781225457
2813602093 14063 29040 38727CF3D06E3565D60E86010AFCB6D83A969D06A412B362B501B4C89E1635EF

Total of 0 tasks calculated error.
