Total of 100 tasks calculated correctly, accuracy 100.00% 
278507610 45676 55868 7C20F6CF1A09EEE4F40FE6F70B0F070213E4AE0B9599CF6348B0EAC781225457
283038969 63082 64731 7C20F6CF1A09EEE4F40FE6F70B0F070213E4AE0B9599CF6348B0EAC781225457
285806054 24169 10640 B45800E120A0411B474C2445DE93349513E2C86D9A5A7C0BE94B9FB94D04A26F
280675265 64164 32486 7C20F6CF1A09EEE4F40FE6F70B0F070213E4AE0B9599CF6348B0EAC781225457
282790003 46716 39643 7C20F6CF1A09EEE4F40FE6F70B0F070213E4AE0B9599CF6348B0EAC781225457
288048319 62565 889 CDC10E6D333BA850A95AD363B37DD7E0A7ECE4C651D33B4E1E1A43901BBF5992
286409601 29170 56220 7C20F6CF1A09EEE4F40FE6F70B0F070213E4AE0B9599CF6348B0EAC781225457
287992684 57358 47914 7C20F6CF1A09EEE4F40FE6F70B0F070213E4AE0B9599CF6348B0EAC781225457
282406361 31843 4126 69202088BFACB7718FB49CE473D4DBE3A0070BCB4B8A1033EBA6E48854A3B473
278871625 1001 26435 8C75ACAA463E22B0909107CA3906E48BB16E42DBD93A67167D869D6A4581C9FF
284912461 37828 9952 7C20F6CF1A09EEE4F40FE6F70B0F070213E4AE0B9599CF6348B0EAC781225457
278448856 60537 63318 B8294B5773765AF8AF26C953FB064E288F9B2FE079091068C5FB192C06BA79A3
283054753 46776 2641 7C20F6CF1A09EEE4F40FE6F70B0F070213E4AE0B9599CF6348B0EAC781225457
276717873 58852 58656 7C20F6CF1A09EEE4F40FE6F70B0F070213E4AE0B9599CF6348B0EAC781225457
280308168 44645 7680 B1630C48B9785ACD333B8725B37268E32A50268B8FD06020AF5F4E1EB9942EB8
285981134 4456 23249 7C20F6CF1A09EEE4F40FE6F70B0F070213E4AE0B9599CF6348B0EAC781225457
282329562 28406 34840 7C20F6CF1A09EEE4F40FE6F70B0F070213E4AE0B9599CF6348B0EAC781225457
280879673 18490 34804 7C20F6CF1A09EEE4F40FE6F70B0F070213E4AE0B9599CF6348B0EAC781225457
285697323 19317 29270 21409AA3069B10FC14684AB1BE98EBCE52823C300E864773C14B997D284DFAA4
283683956 21858 48236 7C20F6CF1A09EEE4F40FE6F70B0F070213E4AE0B9599CF6348B0EAC781225457
277898890 4601 45702 7959BBE26373739362FE9A5D48F3D0B30C83F79C27F9B5D6BC2B09EB58182D2D
287653412 41000 52727 7C20F6CF1A09EEE4F40FE6F70B0F070213E4AE0B9599CF6348B0EAC781225457
282337120 10194 54541 7C20F6CF1A09EEE4F40FE6F70B0F070213E4AE0B9599CF6348B0EAC781225457
279426438 3544 16190 7C20F6CF1A09EEE4F40FE6F70B0F070213E4AE0B9599CF6348B0EAC781225457
279783202 18280 23384 7C20F6CF1A09EEE4F40FE6F70B0F070213E4AE0B9599CF6348B0EAC781225457
286598714 62993 33686 35E389E269F046C3F06714DC53674A1E37BA3B5C2E3B597B575901481BFB5484
282045474 6870 27711 7C20F6CF1A09EEE4F40FE6F70B0F070213E4AE0B9599CF6348B0EAC781225457
282091359 37498 59651 7C20F6CF1A09EEE4F40FE6F70B0F070213E4AE0B9599CF6348B0EAC781225457
284536277 39370 48960 7C20F6CF1A09EEE4F40FE6F70B0F070213E4AE0B9599CF6348B0EAC781225457
283683253 24184 2161 7C20F6CF1A09EEE4F40FE6F70B0F070213E4AE0B9599CF6348B0EAC781225457
285996510 9785 56773 C96BF1C823D785A6E80A31F71657F58A28795BD7BA68CEC3C1563D942327700E
286761943 28295 2776 6F3A066A74D01185D355DFC1CB8DDCB9942E17D932E2BA84A111014158FD7839
286657382 8190 59278 7C20F6CF1A09EEE4F40FE6F70B0F070213E4AE0B9599CF6348B0EAC781225457
282458601 30221 11100 E16C00F18441AED876E974D8A236F0B061A33BFEEB5635864A7F20A33192E95E
280011754 63265 50955 C2A5116865D3957F567F09F1055905288EFAA3A88FDB0302DDC866022F61E7B0
279903390 35946 50929 7C20F6CF1A09EEE4F40FE6F70B0F070213E4AE0B9599CF6348B0EAC781225457
286592782 20150 64990 7C20F6CF1A09EEE4F40FE6F70B0F070213E4AE0B9599CF6348B0EAC781225457
276754192 29252 62832 7C20F6CF1A09EEE4F40FE6F70B0F070213E4AE0B9599CF6348B0EAC781225457
281791367 52505 49814 268507E89F27CAF7BCC5DF8E0C339051BC3683AB691781F85DDD3EAD66439E68
282452819 24198 43080 7C20F6CF1A09EEE4F40FE6F70B0F070213E4AE0B9599CF6348B0EAC781225457
282465582 64046 32185 7C20F6CF1A09EEE4F40FE6F70B0F070213E4AE0B9599CF6348B0EAC781225457
285949022 32734 33748 7C20F6CF1A09EEE4F40FE6F70B0F070213E4AE0B9599CF6348B0EAC781225457
284013163 65294 20873 7C20F6CF1A09EEE4F40FE6F70B0F070213E4AE0B9599CF6348B0EAC781225457
285570498 21262 29497 7C20F6CF1A09EEE4F40FE6F70B0F070213E4AE0B9599CF6348B0EAC781225457
279612012 6243 24423 F54BCBC802947FE5334B0CAC46F5B0AD88DE4B274CF4A58D85B4363855EEB834
280778224 21862 2617 7C20F6CF1A09EEE4F40FE6F70B0F070213E4AE0B9599CF6348B0EAC781225457
280111532 35594 22745 7C20F6CF1A09EEE4F40FE6F70B0F070213E4AE0B9599CF6348B0EAC781225457
281112778 6428 21952 7C20F6CF1A09EEE4F40FE6F70B0F070213E4AE0B9599CF6348B0EAC781225457
286770195 48651 27197 2386EEAE3F42B07364379300A3EE509D703C63A3A2C05E735778B6710DB85CCA
277689039 90 3163 7C20F6CF1A09EEE4F40FE6F70B0F070213E4AE0B9599CF6348B0EAC781225457
284492613 58117 22407 2701BAFEB8690ECCC324075DCABB1DE3D23E8D1675474B0D520ABFAF544160BE
280560774 65252 31194 7C20F6CF1A09EEE4F40FE6F70B0F070213E4AE0B9599CF6348B0EAC781225457
278338670 14790 18261 7C20F6CF1A09EEE4F40FE6F70B0F070213E4AE0B9599CF6348B0EAC781225457
281577721 3281 5826 44D54D568F6083B310939D126FB6C92CFD6EDFC0E837F635F0F82446A2B1E15D
282707923 60053 8905 794833A1FC1F3132F895BADC7DC002F609A741068DA837E3EEE26C28BCF8D58F
286948012 64839 34954 93EF6D6108E705703E0E622F7D43B1C275C7957E21B6A55AFFA4F61B1E1F599B
282303586 24299 21470 A8C853512F1EB382F21BF15DF62A4E66FCDE15DAAD5D660C494D93AE0694367C
280233770 15441 63469 CDD7752DF10C56709B3011CE879703A7060CE5F20555E5BE404CDB8E0BAE98C0
276910635 58293 43498 B5F4073A88031E2C7F8048155E77604E25778E453B3042F584DD6F625773BF52
280595512 8956 52496 7C20F6CF1A09EEE4F40FE6F70B0F070213E4AE0B9599CF6348B0EAC781225457
278442087 57436 6933 7C20F6CF1A09EEE4F40FE6F70B0F070213E4AE0B9599CF6348B0EAC781225457
283384220 57879 47557 EA71EEDEF6C323D1665A725C545F810678F9B4A1AF9A9214103EC018F090805F
283748240 2512 13571 7C20F6CF1A09EEE4F40FE6F70B0F070213E4AE0B9599CF6348B0EAC781225457
280483410 61347 42186 84FF1A94A09631AF60B44176EC49F8161C50E8CEFC60649C46C816E5BA8511F8
278965517 20906 59716 7C20F6CF1A09EEE4F40FE6F70B0F070213E4AE0B9599CF6348B0EAC781225457
283109755 50962 24993 7C20F6CF1A09EEE4F40FE6F70B0F070213E4AE0B9599CF6348B0EAC781225457
286622872 4845 22344 FC1168499BD50652043CB6718F1446F180D2D48F562E1B61983D9FFB5108C7BB
284775124 2206 9651 7C20F6CF1A09EEE4F40FE6F70B0F070213E4AE0B9599CF6348B0EAC781225457
278235218 11668 14372 7C20F6CF1A09EEE4F40FE6F70B0F070213E4AE0B9599CF6348B0EAC781225457
277398084 2923 51498 ADC558C859E1B23FE5C7E605EE37DACAD0153AF66A268916F29C1C93B8F164B7
287204342 37391 5009 A6B095CF50BD36D5C8CA7034CC9E3563A75F6EF5D26FD6DF6EB22ACD9FDC8D5B
281675788 32660 24059 7C20F6CF1A09EEE4F40FE6F70B0F070213E4AE0B9599CF6348B0EAC781225457
277940028 10284 6327 7C20F6CF1A09EEE4F40FE6F70B0F070213E4AE0B9599CF6348B0EAC781225457
288208069 65409 19997 75DC132607B41BB3F1C0E4DBEC3C5EDBB1A751ABB56C6DECEE8D857DF992CFC4
281744788 58586 45006 7C20F6CF1A09EEE4F40FE6F70B0F070213E4AE0B9599CF6348B0EAC781225457
284882399 10788 12584 7C20F6CF1A09EEE4F40FE6F70B0F070213E4AE0B9599CF6348B0EAC781225457
283649518 3986 39161 7C20F6CF1A09EEE4F40FE6F70B0F070213E4AE0B9599CF6348B0EAC781225457
283595703 18653 33480 B6B503E09D8593AD636823F9E28DAD03FFEFDCC43BD0944C6E4D6BA4F2BE5156
284093604 50766 28898 7C20F6CF1A09EEE4F40FE6F70B0F070213E4AE0B9599CF6348B0EAC781225457
285734817 51976 45035 7C20F6CF1A09EEE4F40FE6F70B0F070213E4AE0B9599CF6348B0EAC781225457
287264241 29 37391 E0B249D36BC5FFC61AB70A2671E903BCA9A238B9952AB5A39260A2BB81D0D6EA
286793352 24415 62292 37DE4057DA45A20D097824254BBC8CE923D249BEDB4C5BE9F2555041BA86E2ED
279522602 53503 8746 E2C43B6C9020E23ABF1513FB245B89549B9CB3534BD36DA5EE24DE539012E6CC
286914101 32621 44107 3FF822ABF7F8858F403F921E5F4601DA241121AC326960A744F5AB18E3769886
279519659 24609 56087 F07FB996429BFD76ED166C8E745EC706E8464A4EE9F16ED236396F23E436F5F6
284385081 18465 60622 AF569B8A748FE3367599E760DED49C9E33B364F138A2A1ABDA73A45B99D2F485
281678151 31363 13720 51A8D334737C9F474744EA4403902939A699A23E35933B98323D2EBC4C886B7A
279619551 40906 30171 7C20F6CF1A09EEE4F40FE6F70B0F070213E4AE0B9599CF6348B0EAC781225457
281696147 23923 47830 351B8F9E74B7CCF023F29021ADF1EE209DC0148643D34BD735DE9B29E74BE214
278540233 11417 4632 EAA2A8D1E736273BEBB67D43682367E1F4B09A5D795CED1243A95ED72E739443
278469379 49048 61879 7C20F6CF1A09EEE4F40FE6F70B0F070213E4AE0B9599CF6348B0EAC781225457
277548229 6223 31020 C0D282F91BE6855D79ABCED8E93B1EA4DF1DB6435ED1545A1C0E153F72D96C4C
280014281 55611 35013 671CF0A534AD6C8CE198ECFABFF11A395460C276B57C545E7F83E1E02A6FBB70
282998547 18332 53834 7C20F6CF1A09EEE4F40FE6F70B0F070213E4AE0B9599CF6348B0EAC781225457
285651430 62071 2060 4E4911CF443113DF907B7EF5C15CD882835997F70E5DA910CA9257078274F42C
281491818 47361 40889 B86D8ACA062257D41CD920FCC0945DFE2F426F4C9696F49BBF669D8BF6107C01
279685785 16748 10716 7C20F6CF1A09EEE4F40FE6F70B0F070213E4AE0B9599CF6348B0EAC781225457
284153618 10532 36798 7C20F6CF1A09EEE4F40FE6F70B0F070213E4AE0B9599CF6348B0EAC781225457
280951160 51838 64749 7C20F6CF1A09EEE4F40FE6F70B0F070213E4AE0B9599CF6348B0EAC781225457
284828517 59966 34975 7C20F6CF1A09EEE4F40FE6F70B0F070213E4AE0B9599CF6348B0EAC781225457

Total of 0 tasks calculated error.
