Total of 100 tasks calculated correctly, accuracy 100.00% 
2879470075 63020 1318 7C20F6CF1A09EEE4F40FE6F70B0F070213E4AE0B9599CF6348B0EAC781225457
2872028010 16672 63657 7C20F6CF1A09EEE4F40FE6F70B0F070213E4AE0B9599CF6348B0EAC781225457
2872973049 18499 44474 97E48B3107DF43BC4162B1207979BD8CD627FE78D696D9372C45803F36CBC9AD
2869236381 38056 62545 7C20F6CF1A09EEE4F40FE6F70B0F070213E4AE0B9599CF6348B0EAC781225457
2872397680 1585 38954 0385CE12FBCBCA93B05328CBD0F182900F756C2135A11B25A23F9693F1CA4C9D
2878268955 825 2626 C670B2A09DEC434CD8D7EBAACE87111352B007A69846F29A6429583CCADAD3FC
2872569278 25718 46047 7C20F6CF1A09EEE4F40FE6F70B0F070213E4AE0B9599CF6348B0EAC781225457
2876033489 8097 6994 CFA6CE791A4C31CCAE8D17842378455168EB5FFB566EADB6D5A05E6AD94A9C3E
2878898224 55690 15091 7C20F6CF1A09EEE4F40FE6F70B0F070213E4AE0B9599CF6348B0EAC781225457
2877692361 16630 28907 7C20F6CF1A09EEE4F40FE6F70B0F070213E4AE0B9599CF6348B0EAC781225457
2872567365 27182 61391 7C20F6CF1A09EEE4F40FE6F70B0F070213E4AE0B9599CF6348B0EAC781225457
2870801793 49543 27848 E340CA741BEA5A35339EDB452511E07510D5633CAC64453A450AE8E3CF80D878
2876493615 6771 25804 0B6A8EE450E0CC918EA4F8AD073F9B4281173C4660FD62C59FCC367E7E52330E
2869705735 63578 37713 7C20F6CF1A09EEE4F40FE6F70B0F070213E4AE0B9599CF6348B0EAC781225457
2868976999 41845 11043 D2A3D46DC025CB9156610CABB4E5A9BA5A304A0464F8C04ECCAD875A2990D13B
2870614495 17276 28403 7C20F6CF1A09EEE4F40FE6F70B0F070213E4AE0B9599CF6348B0EAC781225457
2877503497 52156 2141 7C20F6CF1A09EEE4F40FE6F70B0F070213E4AE0B9599CF6348B0EAC781225457
2878569168 11508 18537 7C20F6CF1A09EEE4F40FE6F70B0F070213E4AE0B9599CF6348B0EAC781225457
2870595611 5033 25508 43CCA6CBE3CAF47ED9117312C01FBCC36392AEA4A48FA5E979D1C7B900E340FB
2870451963 59797 46397 3D5E2D182C38BBB906770A23BAC61889211AD1DD5395832DC38ECE96ECF793F9
2875096477 56896 5086 7C20F6CF1A09EEE4F40FE6F70B0F070213E4AE0B9599CF6348B0EAC781225457
2876075859 45241 55827 223703ACF5A3B3A5146F94BBC848D4A5EC65CAAADFC803E063EA50908271C4AF
2877706499 11328 12379 7C20F6CF1A09EEE4F40FE6F70B0F070213E4AE0B9599CF6348B0EAC781225457
2870216260 50274 2924 7C20F6CF1A09EEE4F40FE6F70B0F070213E4AE0B9599CF6348B0EAC781225457
2873767484 23296 35167 7C20F6CF1A09EEE4F40FE6F70B0F070213E4AE0B9599CF6348B0EAC781225457
2872682886 55383 16610 FB7F645C4F64A3E78B5CF5C2030BB66FAC9D33D30A66BBD5A1D98C13D4A7EDB4
2872032426 51775 11423 3D3FD55491022115259E502C3EBE68D9AEFAE2495547E27F5648016B2520F44F
2877382165 50824 19284 7C20F6CF1A09EEE4F40FE6F70B0F070213E4AE0B9599CF6348B0EAC781225457
2869929763 32956 19443 7C20F6CF1A09EEE4F40FE6F70B0F070213E4AE0B9599CF6348B0EAC781225457
2868676460 46388 22833 7C20F6CF1A09EEE4F40FE6F70B0F070213E4AE0B9599CF6348B0EAC781225457
2871205521 52418 59596 7C20F6CF1A09EEE4F40FE6F70B0F070213E4AE0B9599CF6348B0EAC781225457
2878122587 49743 7822 716C5B2AE5411CB31289C0DF7249B29AC101B7F74BEB08BAB64BB98E9EA97E02
2879097377 54344 3318 7C20F6CF1A09EEE4F40FE6F70B0F070213E4AE0B9599CF6348B0EAC781225457
2870092162 45178 1303 7C20F6CF1A09EEE4F40FE6F70B0F070213E4AE0B9599CF6348B0EAC781225457
2880093898 53249 27859 E6AF0EE1BBB3D4796C42252B9143FDEA7A232E74C74E23EF3B5395C9F1577597
2872840536 53997 3552 F4BC4FA19593A48442A3AB5932C2F30C3555FE7DE89A01C65D7095FCB5574FF7
2872089103 28285 18814 63EA6BA29E12DE239699D7362AE358AA44DEA574AB37C2C5C67E8246D9207B1D
2872515762 3884 60714 7C20F6CF1A09EEE4F40FE6F70B0F070213E4AE0B9599CF6348B0EAC781225457
2868935481 18064 13717 7C20F6CF1A09EEE4F40FE6F70B0F070213E4AE0B9599CF6348B0EAC781225457
2874222084 11561 41903 173B5D43782D3703EED659036577024BA6C9D119400ACD25D491074B8D807EC0
2880043338 398 13232 7C20F6CF1A09EEE4F40FE6F70B0F070213E4AE0B9599CF6348B0EAC781225457
2875284539 31047 54627 B8BAE90C7C7AF2EB4328EF77FA650E63A45DB36BB4A4CD2EAE9CD7D5FACCBDBA
2873117991 43912 7465 7C20F6CF1A09EEE4F40FE6F70B0F070213E4AE0B9599CF6348B0EAC781225457
2876986528 52836 40889 7C20F6CF1A09EEE4F40FE6F70B0F070213E4AE0B9599CF6348B0EAC781225457
2879043727 38887 1441 BBAB921EDE238E3A3B07E49B95408DFB1011B0A6D32EBEE84E1BFCECFF47E2EA
2875534805 14258 1547 7C20F6CF1A09EEE4F40FE6F70B0F070213E4AE0B9599CF6348B0EAC781225457
2870128443 27442 579 7C20F6CF1A09EEE4F40FE6F70B0F070213E4AE0B9599CF6348B0EAC781225457
2876856646 60784 20807 7C20F6CF1A09EEE4F40FE6F70B0F070213E4AE0B9599CF6348B0EAC781225457
2876366462 33358 46049 7C20F6CF1A09EEE4F40FE6F70B0F070213E4AE0B9599CF6348B0EAC781225457
2874086686 6162 7459 7C20F6CF1A09EEE4F40FE6F70B0F070213E4AE0B9599CF6348B0EAC781225457
2874271131 49726 16816 7C20F6CF1A09EEE4F40FE6F70B0F070213E4AE0B9599CF6348B0EAC781225457
2875058667 14442 28416 7C20F6CF1A09EEE4F40FE6F70B0F070213E4AE0B9599CF6348B0EAC781225457
2875998824 9580 52360 7C20F6CF1A09EEE4F40FE6F70B0F070213E4AE0B9599CF6348B0EAC781225457
2871701679 56914 64773 7C20F6CF1A09EEE4F40FE6F70B0F070213E4AE0B9599CF6348B0EAC781225457
2873501901 24 52258 7C20F6CF1A09EEE4F40FE6F70B0F070213E4AE0B9599CF6348B0EAC781225457
2872800294 47273 36976 024E7845D695D03009F5B6A4F7D8C3DEB486146F2122323E2988C2DAD4B5CC24
2868563814 20997 18944 A3D2A715695276FA8A638937D807C3B3486E25C8ADE621E80D577CA6B58C623F
2873197667 4713 10499 26F2D8803ABCA66A6E8608D7B5CAB6DC270B2CDACF74CCD55F10E3201CAE1721
2876047270 7875 33787 2B0867861B25A514ACFC992DD2958C8A3B9D3673B8EDC96EA69786B3BF4B5613
2870616116 41532 14716 7C20F6CF1A09EEE4F40FE6F70B0F070213E4AE0B9599CF6348B0EAC781225457
2870157925 19656 62554 7C20F6CF1A09EEE4F40FE6F70B0F070213E4AE0B9599CF6348B0EAC781225457
2869347233 11225 31584 05D582103B2818BDD048E661BC1BEF2608094AEABABA74BFBB19E722D7A4AC58
2871852251 8797 17332 44F16BD4B9394A329A287CE8A5B075890A6216CF2D928A870E3A8F719F22CAF2
2875226529 54816 24620 7C20F6CF1A09EEE4F40FE6F70B0F070213E4AE0B9599CF6348B0EAC781225457
2868589323 34973 48207 002EB06581A9C0E3B83CFDDF6343984B427AF1F2F0CA63F069CCA989AB72A843
2876214571 4214 55748 7C20F6CF1A09EEE4F40FE6F70B0F070213E4AE0B9599CF6348B0EAC781225457
2871389554 19472 57321 7C20F6CF1A09EEE4F40FE6F70B0F070213E4AE0B9599CF6348B0EAC781225457
2876503439 60741 61857 A6BCCCC4711B7AFC61122D79D83F84D9406B49715C344F4060CD102B77D8F6E9
2874193537 46333 31434 3B5C1304F968303AC6A1BBB47A7BEBD9722BB191AADB4C46DF0D6F530BC4F5B7
2871846281 31583 6515 A220E2AFF5D5DF1EB10BA3A05F540AE2650E2B9A737FBF3FB0FC66AB4FEB6329
2868392802 54614 42784 7C20F6CF1A09EEE4F40FE6F70B0F070213E4AE0B9599CF6348B0EAC781225457
2869575467 15152 42702 7C20F6CF1A09EEE4F40FE6F70B0F070213E4AE0B9599CF6348B0EAC781225457
2873278907 50515 21151 D933629693A6F01ABD37C3A219947942F3EE3AA235CA08E3B64E963043370FE4
2873383901 21245 45814 495EA8F55AA32B7A25ED14CB1AC03017C0E9713132CF27F043C1BAC11AF9FDAA
2875758968 10381 62886 90E47FF42D80E80486792836DF2E10CA93A423F099567D9BEAC75B96F7DEA4D4
2869435395 51029 40046 9E505872564E4F98D20F4C8F648FF71770D1A8471FE888F9553A102966096A5C
2874502767 50308 7270 7C20F6CF1A09EEE4F40FE6F70B0F070213E4AE0B9599CF6348B0EAC781225457
2876530155 4941 2533 E5F925EDF4420CE902E543BAAAD095BE2E36295DD092BB550EA3410D9FA814ED
2878313467 31407 15147 2549B4662082FA1175F72572ED72CE1C5A0AA8CC748C4A0E381EE34D2A78B3A9
2873864733 39436 37031 7C20F6CF1A09EEE4F40FE6F70B0F070213E4AE0B9599CF6348B0EAC781225457
2876687788 51847 1215 32B8A85481557494799E0A775D8CE77960D3FD8395274542BFE9BC8361CBF3CC
2870357151 43911 37312 F9B54D41618E70D260A56E8C4E350ABFDE094B3455C4280AED564FA212280B08
2877763233 14117 19194 DE8BCB52AA87F38C7121BD95ABD8A6642F2C9855AA1D224A8006DDA8DA99DCB4
2877705064 25956 42269 7C20F6CF1A09EEE4F40FE6F70B0F070213E4AE0B9599CF6348B0EAC781225457
2871873348 61234 38229 7C20F6CF1A09EEE4F40FE6F70B0F070213E4AE0B9599CF6348B0EAC781225457
2874778967 46407 48616 F38F257B73D0292FE8B2E834F243B5ED32B7C2EC313A767586128F6CE0E0E3F4
2873644448 15071 9930 BF7262E1E6F18C8898221C7DDD39451D63F56062B904E210B2B9A299569CF7CD
2873422324 10395 30259 5D35E5270A85CF4C34E5F9BDF82B0E27C252BE1E64DE138C34AF1F14886B12C3
2877344500 12901 39803 EF446E9084F86F6D4A9F690EA4BECEB5FE0E7BDF0FB27AD7E0F18D11AED90A07
2873543721 62106 50206 7C20F6CF1A09EEE4F40FE6F70B0F070213E4AE0B9599CF6348B0EAC781225457
2878524029 43511 8620 7CCBC804A077AB14A97A567CB4AB6CBDCEE21D028CC8075DFE127612A5C19917
2880213728 14718 46558 7C20F6CF1A09EEE4F40FE6F70B0F070213E4AE0B9599CF6348B0EAC781225457
2878401865 22986 46231 7C20F6CF1A09EEE4F40FE6F70B0F070213E4AE0B9599CF6348B0EAC781225457
2871804220 51821 49317 427C797CC58128CB56A9AF0EC5F3AEC5D51D0D2D042A9C070506DF04D41205DC
2874122282 59413 27074 163A0D324C73661D4F0C8ED4AA977F93629F82740B7A35CD117D3B06FE8BF395
2878899380 23999 51796 19F6912BE8AF1A97ACD8F31FA2ABACDA367AB42A67C750F7569B881521085E7E
2876759497 30245 44442 84D29788EDBE0993700DE07765970CE2D7EDD73EB17856309BC07E5990CA10FB
2869083749 2390 36510 7C20F6CF1A09EEE4F40FE6F70B0F070213E4AE0B9599CF6348B0EAC781225457
2873530888 39196 46254 7C20F6CF1A09EEE4F40FE6F70B0F070213E4AE0B9599CF6348B0EAC781225457
2872440088 28374 44981 7C20F6CF1A09EEE4F40FE6F70B0F070213E4AE0B9599CF6348B0EAC781225457

Total of 0 tasks calculated error.
