Total of 100 tasks calculated correctly, accuracy 100.00% 
2892589925 1210 44780 7C20F6CF1A09EEE4F40FE6F70B0F070213E4AE0B9599CF6348B0EAC781225457
2892563435 44356 14856 7C20F6CF1A09EEE4F40FE6F70B0F070213E4AE0B9599CF6348B0EAC781225457
2898310474 15955 46932 097BCDD355A5B7889556A56B6FB1DACF0B07DB20C4E7A323EBB3382F125828DF
2893343723 8097 52098 650FF508B69F910F8CF974C8A4E70B922D1530372E2723EFF9DD284EF8B0319F
2892581104 44002 25755 7C20F6CF1A09EEE4F40FE6F70B0F070213E4AE0B9599CF6348B0EAC781225457
2898241173 9775 9891 1D5D0A23783369F27FA5FC0125D0FBAD8C2DDAED54B68CA9BE6C422D44DE6F1E
2902239776 10296 61953 7C20F6CF1A09EEE4F40FE6F70B0F070213E4AE0B9599CF6348B0EAC781225457
2893156297 7657 24210 D4D6DDD63EA2ADC266E9185A9A129E30A4D09D2E60E6393C45749AF2B954D7B2
2899205131 44831 38239 8A11884A6379EF22D9EE67FB44689E00FCAF37A2674E7E0DAF077C9C9E9B0D0C
2897700615 20625 3241 84BBC580308F881644F9BF4F0FF5B8C9D8249B3B4DEFD0194A6110DAF4D5E6A8
2904269487 52747 46822 85240A17D341DE63757564D7DEEA8933654D80D159F12DFA572E4F7309D84A65
2893735975 20546 7623 7C20F6CF1A09EEE4F40FE6F70B0F070213E4AE0B9599CF6348B0EAC781225457
2895593782 23217 39538 FD8D88128A8272674149DDAE27F8C4E1836BEBCEE449D359E4B7DB72A358E412
2894459557 57593 8542 3611BE20F705C406EFC70434EA31A46B5A431B11C83D44B4ACDE099F2B06C397
2893734242 10915 35704 C012E2ABA506A5D46C2B288F58C4CB2D075A96A682CEA36CCB242CBC2B0B6F4C
2893320925 43955 50335 4D8DBED3B7DF1430799833C2F9C4D4007CA4793B9FE36F615F2B4022B0944E5B
2894093156 35565 32545 20B40407E794836019DABFE89EBC714C1DBD228A08A03080DA02078655155647
2899076212 63187 8653 72EAE0EA2F55C2BCAE91FF00B760827F4CC29952B0D9F576C868D0947FFFCF7D
2892733434 33488 35436 7C20F6CF1A09EEE4F40FE6F70B0F070213E4AE0B9599CF6348B0EAC781225457
2894820159 53739 35883 5D471E4C3AFC7C4BD1284A49CD9B652664024915CF53A5F435E50A9EF91F7427
2898698639 63317 35748 664C345F842D7CD262C071F2A2F915EF872112CCA3DC391E0C209E494FB625D7
2896111979 40650 55675 7C20F6CF1A09EEE4F40FE6F70B0F070213E4AE0B9599CF6348B0EAC781225457
2897877806 30679 15696 F52E86E08F7B8071FB9AA9EDC9A0A677F9AB090D7CB10CACF87BD4D360D1743C
2895922825 36811 26401 632B6237C1CDED020EAB34287946E93328A3FC00775B4386CEE970B0B2389076
2898776097 65094 37105 7C20F6CF1A09EEE4F40FE6F70B0F070213E4AE0B9599CF6348B0EAC781225457
2895645382 59711 7219 7D1FE3344474C83C75FD39464F94FAC919E202DCB97B297C56D188230C6FD376
2902616864 18280 45404 7C20F6CF1A09EEE4F40FE6F70B0F070213E4AE0B9599CF6348B0EAC781225457
2896497115 58236 8976 7C20F6CF1A09EEE4F40FE6F70B0F070213E4AE0B9599CF6348B0EAC781225457
2896334276 28027 49371 0E13E9D0FD7A9FAF271160FCE6D20EC4442BB7CC665D0C00720C2F329782B0E8
2901228767 15666 36235 7C20F6CF1A09EEE4F40FE6F70B0F070213E4AE0B9599CF6348B0EAC781225457
2899517756 58471 41757 DDBBB29D88F67BF7BCA924C5E4A2C62974B70A57DAE3ABBC944B097B1C5BBCBE
2897045303 19579 36490 F0F7FEECCD431AB746BE067E36B46C494F1CB9B0C3C1870AA0700955CF6CCDD1
2892974448 1700 56306 7C20F6CF1A09EEE4F40FE6F70B0F070213E4AE0B9599CF6348B0EAC781225457
2899929393 4097 44157 F1AFA3A0BC1639E83868DA5C1C5A82B9CC73412DB8FD61B30F42592D1B313301
2899048744 61906 24616 7C20F6CF1A09EEE4F40FE6F70B0F070213E4AE0B9599CF6348B0EAC781225457
2898467063 63077 6735 753CE1321C88CF2000AC144FBB2EFCF7DF1558F55041AD5798B38167426AE4DB
2898384288 36641 37289 8F4249AFA7D729FC8DCACAFE3534F8A2DBE734B491E2FED8ECA350344376F328
2897101388 1510 44188 7C20F6CF1A09EEE4F40FE6F70B0F070213E4AE0B9599CF6348B0EAC781225457
2893791208 32570 27791 7C20F6CF1A09EEE4F40FE6F70B0F070213E4AE0B9599CF6348B0EAC781225457
2895859671 515 26485 E50B7357B0332D8C6022D1291D0936197212175C0EF9446300853F719DC7FE87
2903982558 17505 54307 81A81BF99A7890047E92C6CC16A8CFC9772DD203B5280753CE196F447263A5CD
2897345632 53518 35862 7C20F6CF1A09EEE4F40FE6F70B0F070213E4AE0B9599CF6348B0EAC781225457
2901370144 53430 13126 7C20F6CF1A09EEE4F40FE6F70B0F070213E4AE0B9599CF6348B0EAC781225457
2894646009 845 31827 D52C56226E3F026803EBAFAE3C15F796CDD9CDC8F02268F9E00FE73B48094C75
2902404132 65456 54318 7C20F6CF1A09EEE4F40FE6F70B0F070213E4AE0B9599CF6348B0EAC781225457
2896312791 39761 23443 5A36F21E80C454DDE04C3F13382567B9277E39351FB802DFCB46DF7785DF6B46
2895633018 44642 32189 7C20F6CF1A09EEE4F40FE6F70B0F070213E4AE0B9599CF6348B0EAC781225457
2894423202 7949 428 A410AD54CDB139387357CA8CAFC6640A5769B85E04AD1D1ECFE3A02FCA28F789
2892868520 49519 14241 B4E9A007F7E1614B47C1F8E0C6EA001D3DCBB26BF64F083AAADF9691B1B7EFD1
2899474972 28541 12845 0FFF0B1D06850ABB1D176376F55E186A28D48BBB5785956532AE3F2BC7032632
2896411922 23763 1515 75FC143D2D22DD2E3FB5653E3D5C7C9E8570146A9D75DA34914437F8061CBD27
2897371392 44870 32754 7C20F6CF1A09EEE4F40FE6F70B0F070213E4AE0B9599CF6348B0EAC781225457
2902700195 38315 39803 23DBE88274EC25F5B5829D4FE0AC5D41682927C5F89F0BD80FBF794065B8765E
2898634039 34494 24477 7C20F6CF1A09EEE4F40FE6F70B0F070213E4AE0B9599CF6348B0EAC781225457
2901874636 34512 29802 7C20F6CF1A09EEE4F40FE6F70B0F070213E4AE0B9599CF6348B0EAC781225457
2903167145 14587 47794 B5210206BA69A8036E85A760F7B42725A20E42B46EC1525B564D35AE338239A4
2901226758 12237 34641 C123B40C54DA23F254A2D6B973AC0EA89A3FC0751AD373D314EFB51AF187B182
2902766595 48262 35852 7C20F6CF1A09EEE4F40FE6F70B0F070213E4AE0B9599CF6348B0EAC781225457
2892917275 61372 39292 7C20F6CF1A09EEE4F40FE6F70B0F070213E4AE0B9599CF6348B0EAC781225457
2901102809 49607 29131 D2BEF9FA7EFA704BFC6EB55180D88B8D5B057D72F2E5246024F2CB414DC709A5
2900207948 54841 27129 8565FFAE65030CC8AABF3331C6120861CC5C4E0E6C40C90DC0B4AB3A251A62DB
2897531984 44998 49961 7C20F6CF1A09EEE4F40FE6F70B0F070213E4AE0B9599CF6348B0EAC781225457
2893476644 62763 3867 815FC2B0D28A35ADEB358E9B8C317CEE9217BF24A8512CE04A692618CA8D3478
2899922355 31891 48582 E9BEFB1AF2BD010F6E2890E8958E930B443B23D255C8FD5B2C70F74AAF63C460
2894560572 48984 16461 7C20F6CF1A09EEE4F40FE6F70B0F070213E4AE0B9599CF6348B0EAC781225457
2894047282 8997 47477 93E6017C57D0361C5379E7D7DF1EC3C5A38EC85968449CEED045FB1BE7C249FB
2892996063 36326 9451 7C20F6CF1A09EEE4F40FE6F70B0F070213E4AE0B9599CF6348B0EAC781225457
2895853994 34379 20673 EB18A9479C7BC7F8ABCE8B392272C306E3F2A16BE78B9F1988C702442AEDD3E2
2894274490 13739 50496 8E15CD1FFB107ACB3DE11DF8952386E4AA2CC2924BC46A0703910F43867DA06F
2896418817 45546 44446 7C20F6CF1A09EEE4F40FE6F70B0F070213E4AE0B9599CF6348B0EAC781225457
2896306417 18964 14307 7C20F6CF1A09EEE4F40FE6F70B0F070213E4AE0B9599CF6348B0EAC781225457
2901148822 48690 25408 7C20F6CF1A09EEE4F40FE6F70B0F070213E4AE0B9599CF6348B0EAC781225457
2895961873 4319 42283 57F833863F382D534C5D034E9280C7512BCC4E24B3DF98A750A473D2A3B59306
2899921696 43624 60160 7C20F6CF1A09EEE4F40FE6F70B0F070213E4AE0B9599CF6348B0EAC781225457
2894103598 10221 61993 27538B26A7A7F3E7C9D3C7A976E62EAAF63669E7DE817DBA33342040664B6694
2892697753 22421 1419 58FB00A7EB52EEE414905D4641E63132FBA115148FD6C5217B08DABA1D2F943C
2897245721 50386 40041 7C20F6CF1A09EEE4F40FE6F70B0F070213E4AE0B9599CF6348B0EAC781225457
2901119901 29522 62618 7C20F6CF1A09EEE4F40FE6F70B0F070213E4AE0B9599CF6348B0EAC781225457
2897640739 29998 46583 7C20F6CF1A09EEE4F40FE6F70B0F070213E4AE0B9599CF6348B0EAC781225457
2902505965 50050 53503 7C20F6CF1A09EEE4F40FE6F70B0F070213E4AE0B9599CF6348B0EAC781225457
2900725346 60955 39825 79AF5796679B29B52976B360DBDD9A89D832A0DEC451F6B1E00DEF04DB1592DC
2893780193 14858 24004 7C20F6CF1A09EEE4F40FE6F70B0F070213E4AE0B9599CF6348B0EAC781225457
2892663781 57475 43572 DB01E85CE9C05C0EEE8E52F5A8DA246C5F72BCA9B1A9CF60BAB134768AF8F777
2898282309 41611 709 5B2BEF78A142F3789FEA3F643606317BDD085BFE8CCBEA04F28E8EF2E53AE711
2903423028 46615 17329 EBA526A3292671A041E87E4A07B4D1B833EC5190B400AE414C56BFBC8D2003A7
2904136227 44154 3038 7C20F6CF1A09EEE4F40FE6F70B0F070213E4AE0B9599CF6348B0EAC781225457
2894985329 38989 47158 375F1197E99C1ACD8DF4F904761126B0BB874228B94D8C4C82FA568B35674C60
2899640923 4587 23506 8388E7E20BBF836D2FB8A4C7E2664E02618EC1FEC8EA86164B0CF2D0E3B8BF8D
2898869439 15942 46429 7C20F6CF1A09EEE4F40FE6F70B0F070213E4AE0B9599CF6348B0EAC781225457
2894891439 45303 46754 474C5129294BD7C07CF308B0B9C768F718D9FF2ACBF4DC486565BDE0880EE239
2894776887 49045 10138 704F9178DEE2ECABBAE6E2307C53E65057FD072BEE5C8A6C36ADF75872F171E4
2892564557 46994 33283 7C20F6CF1A09EEE4F40FE6F70B0F070213E4AE0B9599CF6348B0EAC781225457
2893418631 11705 11944 57899080EDD852CD9FA38C54686AC8AAB85B989AFC6AA3D89FA7EB482DF5B4C4
2900949105 44888 14138 7C20F6CF1A09EEE4F40FE6F70B0F070213E4AE0B9599CF6348B0EAC781225457
2903124263 23274 59675 7C20F6CF1A09EEE4F40FE6F70B0F070213E4AE0B9599CF6348B0EAC781225457
2902522475 20517 8761 4B368A69712C1397BB7061A8E85CD64C0DC179D14F8DE84FFF4969DD5054811F
2896329933 46295 35824 EC466357B31548C86C133AAC3AE29A5B1D538CB179D4B84B417F23BE12EAD4AD
2898724992 47020 36056 7C20F6CF1A09EEE4F40FE6F70B0F070213E4AE0B9599CF6348B0EAC781225457
2892603772 51461 24646 750AE3758E76D1FA9D9D9F3FB3D560F92BDE41261AF2C1712A24985203A88E61
2898630297 10186 5125 7C20F6CF1A09EEE4F40FE6F70B0F070213E4AE0B9599CF6348B0EAC781225457

Total of 0 tasks calculated error.
