Total of 100 tasks calculated correctly, accuracy 100.00% 
2912197393 3089 1095 56D095EDB2EFD931379D2A5357280265FADE4EE5B3CAEAFE1BBCEE360B734436
2911274294 40097 8827 A27BAE478C9C54F3BC33CB068656DD0ED1C1481BCB528A2A45270D8EBDE94D0B
2909350980 19351 64274 11FE86D48EEBE2448EB3022F0E7DEFEECB2C7105C969A5965A7B10D9E6792BAC
2912742353 14666 15567 7C20F6CF1A09EEE4F40FE6F70B0F070213E4AE0B9599CF6348B0EAC781225457
2908934937 26969 173 2AA5B0E07F412A12D006D72741CCB0A19D5DE89F3FDCE771B91D8232798BF5F1
2906285909 59897 34769 1A7640F076B19100F75F9CB813EE95A1287730FD6D10083FEE7C4AEAF0D28449
2915601652 56650 17794 7C20F6CF1A09EEE4F40FE6F70B0F070213E4AE0B9599CF6348B0EAC781225457
2910267182 17131 2503 22FC948986938D2325C058CEA512FB3D391124F12E7A8678346D2AB3A8FBDBC9
2912731185 26585 2960 8DB47BFAC0461612C8D80F99CF6C0A28BF14C0E20E8042B6B6F8A516938A207A
2905759105 53184 53154 7C20F6CF1A09EEE4F40FE6F70B0F070213E4AE0B9599CF6348B0EAC781225457
2905780961 58109 12286 4C0685FF6C5F1CD1FDC6DA0E30D61F796DAD7312DDCE670D42AA39B9978F1B3F
2911060090 27006 48105 7C20F6CF1A09EEE4F40FE6F70B0F070213E4AE0B9599CF6348B0EAC781225457
2907548600 54931 29447 DA70F72AD994E909D607676236B382BF8CDE23779E9CAFBD05344DFA9EE82F34
2910972844 37448 8969 7C20F6CF1A09EEE4F40FE6F70B0F070213E4AE0B9599CF6348B0EAC781225457
2916271031 23652 17763 7C20F6CF1A09EEE4F40FE6F70B0F070213E4AE0B9599CF6348B0EAC781225457
2911240248 59476 25566 7C20F6CF1A09EEE4F40FE6F70B0F070213E4AE0B9599CF6348B0EAC781225457
2909597187 22585 37538 C691602716622B477FA672915BB6F219FF836DAF6E402C8DECCA5C28FC33A33C
2909277551 14309 14227 40499C025663C69ED7ADD0F1ED9E84634CF4F98F296D0F1DFA1CC9ADF6E9D4E1
2906863811 43765 701 9716D65029580019DA87E3D7B7BD5114DCEF7EA43E12E28A729221E639D0A29E
2913015421 24732 14259 7C20F6CF1A09EEE4F40FE6F70B0F070213E4AE0B9599CF6348B0EAC781225457
2911798795 10570 23607 7C20F6CF1A09EEE4F40FE6F70B0F070213E4AE0B9599CF6348B0EAC781225457
2916016874 28304 4344 7C20F6CF1A09EEE4F40FE6F70B0F070213E4AE0B9599CF6348B0EAC781225457
2914045467 64113 25864 7AB4920923660A7ABB1CD39DDFF695E058E8F5A5B2431CD4172AA9EEBFBC9035
2906924900 29073 17973 CF4C2A6B5AEFCDF32F39D0FAF9469D973F05742029DD060A65474515080D2A20
2913495649 9184 5834 7C20F6CF1A09EEE4F40FE6F70B0F070213E4AE0B9599CF6348B0EAC781225457
2908638605 35325 24726 79280554F88A11F9B0A21A55C49FA39C3E540B9C90C533D315676C915EE8B9A0
2908254810 11613 12809 1281B80AC9C92E0C619656C04A10BAFB756DF332E0459CBF97A2F4D433004E4B
2913107616 50904 63959 7C20F6CF1A09EEE4F40FE6F70B0F070213E4AE0B9599CF6348B0EAC781225457
2911134020 21046 49243 7C20F6CF1A09EEE4F40FE6F70B0F070213E4AE0B9599CF6348B0EAC781225457
2908739577 10575 45784 BA6D39A6CC43942470A8B153B5767C2CFFEB33F6449C3D145AA0C49927EEC6A1
2915493776 8272 60857 7C20F6CF1A09EEE4F40FE6F70B0F070213E4AE0B9599CF6348B0EAC781225457
2906012705 35266 31855 7C20F6CF1A09EEE4F40FE6F70B0F070213E4AE0B9599CF6348B0EAC781225457
2904809376 51260 29969 7C20F6CF1A09EEE4F40FE6F70B0F070213E4AE0B9599CF6348B0EAC781225457
2906266243 28170 64357 7C20F6CF1A09EEE4F40FE6F70B0F070213E4AE0B9599CF6348B0EAC781225457
2914917650 18842 4875 7C20F6CF1A09EEE4F40FE6F70B0F070213E4AE0B9599CF6348B0EAC781225457
2910558521 11702 34610 7C20F6CF1A09EEE4F40FE6F70B0F070213E4AE0B9599CF6348B0EAC781225457
2912373550 63885 54700 7D5285EDDAB2EDEB8D040929B473FD4FB76CE06D3191C2BABC54B4E53E4C3E76
2909529105 12442 14788 7C20F6CF1A09EEE4F40FE6F70B0F070213E4AE0B9599CF6348B0EAC781225457
2913814654 60659 34825 40503E86656925785E288419045F5412431C7C770AA4064881C00C1ECAD827E0
2908903463 4478 37675 7C20F6CF1A09EEE4F40FE6F70B0F070213E4AE0B9599CF6348B0EAC781225457
2913385678 16420 28404 7C20F6CF1A09EEE4F40FE6F70B0F070213E4AE0B9599CF6348B0EAC781225457
2907707104 29877 43854 79A4BC65C84A30E90FF63B13076A76272302295D98A2FD8ABBEC52DAB4DA3DEA
2910666875 49161 4174 4E6426071FB9533A3D776BFC0605A22CDFB8A1AF9478193199A920846C5B7F11
2910418998 7199 10373 1E0AAC32EA504596093BF24E775C68AC2D741E13617FF0E693DF8716C3759FC2
2913351694 22210 53479 7C20F6CF1A09EEE4F40FE6F70B0F070213E4AE0B9599CF6348B0EAC781225457
2911691593 19753 27383 C109D61F6C6CBDAC543AA3DA81E8D46FC54E3DA2AB8AC56585E6EB4C70EC2974
2911964249 12533 54182 38F1E46FD86DB628CAF9243D7A1D9CA0639EC43CA6FFD865C20CA131882E0606
2913592678 14454 48057 7C20F6CF1A09EEE4F40FE6F70B0F070213E4AE0B9599CF6348B0EAC781225457
2905473958 59139 40772 0B716AB88F1965B7EB00FE6B3931EDD0EA96E87EE2C732428D54F989B230B68B
2906257499 3655 22959 A748FCD3F182987B234C69BCD4B5ACAB942425592F589572F54734D2602C1C91
2906800808 48931 59578 8E02B807B285381E2A41BE26E9F0BABE19CE905B9174810CA4FFA9B2C10C88FC
2907261445 6664 37712 7C20F6CF1A09EEE4F40FE6F70B0F070213E4AE0B9599CF6348B0EAC781225457
2911618869 45703 13549 64D6AE9C573B1EB3D2E43F7D673672D183A17BB99F316DB57F4CD0336058E2F0
2911306956 47822 21777 7C20F6CF1A09EEE4F40FE6F70B0F070213E4AE0B9599CF6348B0EAC781225457
2914224257 46608 32665 7C20F6CF1A09EEE4F40FE6F70B0F070213E4AE0B9599CF6348B0EAC781225457
2911679470 30394 2327 7C20F6CF1A09EEE4F40FE6F70B0F070213E4AE0B9599CF6348B0EAC781225457
2910872568 19874 20146 7C20F6CF1A09EEE4F40FE6F70B0F070213E4AE0B9599CF6348B0EAC781225457
2909339570 46949 35844 0F2411326206CE3F65CEBE0D86B38BC761C8D410C3B78061530A4B5B1C7EEF6A
2907625940 46187 14310 16D41153729934423F3F5B0955460721F52581B44AE04D9C939428A5CCDBA351
2907966645 17417 62784 F6E6F41344EF14866D2E23830E4201DCC2949B71A7D256D6FD79E6BB8C89F694
2905912725 47128 7496 7C20F6CF1A09EEE4F40FE6F70B0F070213E4AE0B9599CF6348B0EAC781225457
2910753864 24812 22630 7C20F6CF1A09EEE4F40FE6F70B0F070213E4AE0B9599CF6348B0EAC781225457
2907158472 31935 54812 FB35B69BC642AB85314194CA47EBCDAE05F2231EDCD4985E0FAB0C8535A256F5
2908262988 44167 28246 0A693E5EDE6B673188C139A6AA2029AC828ED88705F448049D7BFCEB6894B5DF
2907484084 32351 17953 DE937F447F62DA612BCC46D7EE8DBB4D256994CF184A6553E5D7B1282F35FFE4
2914332807 30560 53896 7C20F6CF1A09EEE4F40FE6F70B0F070213E4AE0B9599CF6348B0EAC781225457
2908248294 16566 44006 7C20F6CF1A09EEE4F40FE6F70B0F070213E4AE0B9599CF6348B0EAC781225457
2906536804 22612 34213 7C20F6CF1A09EEE4F40FE6F70B0F070213E4AE0B9599CF6348B0EAC781225457
2915294402 35025 15967 EB26AAF16878291DAEBA0B2E324CDFCD8DFA025D7C8E4CE19C906224E900E13B
2913267391 65295 24505 4298E5FEB075CA7221D4428DEEAD0CB9DF0780D1183CE1DDB634986B38F618B3
2912618069 33233 4114 3C5AC6EC956B656F064567FF4F9A85DEA17C34ADEB3B4E1410BE063E3DEE1C0C
2908105837 9603 23291 677C6CA2DD94A25B68CB3169889C66A1121E5FC6220A545B1375E2F7E28C7615
2907094593 34954 54117 7C20F6CF1A09EEE4F40FE6F70B0F070213E4AE0B9599CF6348B0EAC781225457
2906322219 52702 37527 7C20F6CF1A09EEE4F40FE6F70B0F070213E4AE0B9599CF6348B0EAC781225457
2909146573 64239 2928 141B82A5BC5E588C2FE8D928182B9F70F005EEA639C7E877E695ED4524796E41
2916120203 59336 7290 7C20F6CF1A09EEE4F40FE6F70B0F070213E4AE0B9599CF6348B0EAC781225457
2906301877 51173 28279 3F95A1541F9A7D267E9E2203CF4703E7CCDA00EAADD45AE0044ACCE368AD30B4
2906846639 41092 18537 7C20F6CF1A09EEE4F40FE6F70B0F070213E4AE0B9599CF6348B0EAC781225457
2914600609 5470 63901 7C20F6CF1A09EEE4F40FE6F70B0F070213E4AE0B9599CF6348B0EAC781225457
2908292106 40523 39519 615E5226A0F0130BD89C8D74995AC8B1C3A3AEF2B0A559B2EF64CB7BC7F55D93
2913610701 64565 16338 7B71EE5BEEB1457F5A9A7AB20D4E93FD5973D837BF6CC9FFFE9AAA4A2A914B90
2906927766 3513 39044 1FF7970DBAADAB10B24E548EDEE01291C38CC10C1802B71374FA7A116909DCCA
2904548910 53220 41341 7C20F6CF1A09EEE4F40FE6F70B0F070213E4AE0B9599CF6348B0EAC781225457
2906816376 18744 25891 7C20F6CF1A09EEE4F40FE6F70B0F070213E4AE0B9599CF6348B0EAC781225457
2914175202 29253 14796 D984360F7FAB43A498191E8AFEB39C374E7FFC73B355686B86C0E1E43DED7AD5
2906971283 50375 6688 C8AE0A9A926EA01D8B9A49193A1A6F3350F01B5E5F57463464651C1FD61A9BAA
2905857746 30342 42125 7C20F6CF1A09EEE4F40FE6F70B0F070213E4AE0B9599CF6348B0EAC781225457
2906849810 62744 34598 7C20F6CF1A09EEE4F40FE6F70B0F070213E4AE0B9599CF6348B0EAC781225457
2915793217 9728 18553 7C20F6CF1A09EEE4F40FE6F70B0F070213E4AE0B9599CF6348B0EAC781225457
2906891698 30432 44535 7C20F6CF1A09EEE4F40FE6F70B0F070213E4AE0B9599CF6348B0EAC781225457
2908885360 36853 64268 44A97FA1076ECD149803BA48CC8DE6FAF55AAB8A1AA4AD9AD7DF1EA86DE42B70
2904927651 16051 23191 A59E8B0E832A09DD9130D27AF8911F590082E2B10FF609DEC3B3BBDE33CA4441
2908294799 22875 17171 046D4BAD7EF3663E26E6C59562EB87D70D67339D6C806F5550A2A778D69EAB34
2905660521 11428 39881 7C20F6CF1A09EEE4F40FE6F70B0F070213E4AE0B9599CF6348B0EAC781225457
2915241883 44520 4941 7C20F6CF1A09EEE4F40FE6F70B0F070213E4AE0B9599CF6348B0EAC781225457
2905373598 32384 17567 7C20F6CF1A09EEE4F40FE6F70B0F070213E4AE0B9599CF6348B0EAC781225457
2914980918 51774 56924 7C20F6CF1A09EEE4F40FE6F70B0F070213E4AE0B9599CF6348B0EAC781225457
2909826876 45264 43751 7C20F6CF1A09EEE4F40FE6F70B0F070213E4AE0B9599CF6348B0EAC781225457
2916275276 45934 6335 7C20F6CF1A09EEE4F40FE6F70B0F070213E4AE0B9599CF6348B0EAC781225457
2907575579 53190 27555 7C20F6CF1A09EEE4F40FE6F70B0F070213E4AE0B9599CF6348B0EAC781225457

Total of 0 tasks calculated error.
