Total of 100 tasks calculated correctly, accuracy 100.00% 
2993400711 22486 60963 7C20F6CF1A09EEE4F40FE6F70B0F070213E4AE0B9599CF6348B0EAC781225457
2991763503 18414 30550 7C20F6CF1A09EEE4F40FE6F70B0F070213E4AE0B9599CF6348B0EAC781225457
2993490274 12168 50732 7C20F6CF1A09EEE4F40FE6F70B0F070213E4AE0B9599CF6348B0EAC781225457
2991390015 64235 62438 95DF519A9D27FE904F2AFAD817F7FC5B78D11B6BF29A5B0AE8FB25F55571BAC3
2989566882 9485 8017 032ED3B20BA9A8D00C1DF76E70CCCB1FD7318855199FA1CE0080F69944BE4707
2993269041 63474 20086 7C20F6CF1A09EEE4F40FE6F70B0F070213E4AE0B9599CF6348B0EAC781225457
2993087982 43826 48613 7C20F6CF1A09EEE4F40FE6F70B0F070213E4AE0B9599CF6348B0EAC781225457
2992935435 50297 53068 ACE8E86DFBBFCB7C926E0443852FF783A1FBE651A4446774BFCD5615C4B26F0B
2999329867 59800 8503 7C20F6CF1A09EEE4F40FE6F70B0F070213E4AE0B9599CF6348B0EAC781225457
2993739629 26940 32121 7C20F6CF1A09EEE4F40FE6F70B0F070213E4AE0B9599CF6348B0EAC781225457
3000070089 59706 62324 7C20F6CF1A09EEE4F40FE6F70B0F070213E4AE0B9599CF6348B0EAC781225457
2991872427 58651 51314 BBFD0838671B3A0EF87701A17A0F130E4C824637B0627A1A682F76A07B40C382
2989779061 43478 34034 7C20F6CF1A09EEE4F40FE6F70B0F070213E4AE0B9599CF6348B0EAC781225457
2996830497 55981 53508 C1B06C8D5170E27BA2DB34BF3B24595FCD78A057917B381E77D7EE9289EC0246
2992439942 53164 12348 7C20F6CF1A09EEE4F40FE6F70B0F070213E4AE0B9599CF6348B0EAC781225457
2990861242 5645 28490 40E0640C3A0948C6CEDCBD48751CC70DEFDB6888F3E420714FACB4C552A51016
2993345906 13884 16315 7C20F6CF1A09EEE4F40FE6F70B0F070213E4AE0B9599CF6348B0EAC781225457
2996322035 58928 2250 7C20F6CF1A09EEE4F40FE6F70B0F070213E4AE0B9599CF6348B0EAC781225457
2990085038 5845 50360 266020DB6559BB9F8036FE319D33CC79055AB1E509D712632E7C93BE0BFD7737
2989987149 51757 3949 A9EB418D2442E2D28E6647034E9079821555082C44C4C68E5C31CE6A3449B9AB
2999473835 12404 45486 7C20F6CF1A09EEE4F40FE6F70B0F070213E4AE0B9599CF6348B0EAC781225457
2988805619 48711 53106 C99C2E11310BECF3346C2849D8D3A16B9A90E919763D9165BD07B90E8B47278D
2990415971 9988 54304 7C20F6CF1A09EEE4F40FE6F70B0F070213E4AE0B9599CF6348B0EAC781225457
2992138543 9032 49400 7C20F6CF1A09EEE4F40FE6F70B0F070213E4AE0B9599CF6348B0EAC781225457
2997117400 34630 5674 7C20F6CF1A09EEE4F40FE6F70B0F070213E4AE0B9599CF6348B0EAC781225457
2991885595 19291 10085 AA41D1AD442AE3072380ADF7E05D3E5FD8B16C7F2AAE8DBC895A28D7A8AF52FD
2989640148 1201 50950 871CA424F1D78B3675FDD83A27CFDEB7B9CD936FFAF9D476ABE9BDAA074F84FC
2991608147 34291 1095 08EEB19F19276CAC0591C79FA3DD0D0AF97E801F501E50BA1D5F15781C8343D8
2990426756 2677 34664 2557BC2AA8C42A0E756F822642E8BAC6A0351096F6667044E8B9A8B54E473219
2989715284 31408 24266 7C20F6CF1A09EEE4F40FE6F70B0F070213E4AE0B9599CF6348B0EAC781225457
2999324198 247 58447 815195957A3E95BC0F510CBC1EA4404B43B32386149EA0A6FFF02FD5285F21A9
2997663988 2394 48083 7C20F6CF1A09EEE4F40FE6F70B0F070213E4AE0B9599CF6348B0EAC781225457
2996332380 37934 38581 7C20F6CF1A09EEE4F40FE6F70B0F070213E4AE0B9599CF6348B0EAC781225457
2996892796 62613 21482 6C4D3316299838B6843EBECC5C8A9ED886057292466546E15CBBD073425E5D82
2997047644 42456 45261 7C20F6CF1A09EEE4F40FE6F70B0F070213E4AE0B9599CF6348B0EAC781225457
2990044127 3152 12449 7C20F6CF1A09EEE4F40FE6F70B0F070213E4AE0B9599CF6348B0EAC781225457
2998311196 52402 56486 7C20F6CF1A09EEE4F40FE6F70B0F070213E4AE0B9599CF6348B0EAC781225457
2990992403 7174 7441 7C20F6CF1A09EEE4F40FE6F70B0F070213E4AE0B9599CF6348B0EAC781225457
2994624096 56501 8311 64CDFB583D0CBE71C4910EC334733613A5E724158E28691C7CA85C5DEC11E5F4
2998808534 22134 32839 7C20F6CF1A09EEE4F40FE6F70B0F070213E4AE0B9599CF6348B0EAC781225457
2998313791 48330 38939 7C20F6CF1A09EEE4F40FE6F70B0F070213E4AE0B9599CF6348B0EAC781225457
2994332198 7415 43610 F8BEB802DE730A0D7105FC59D2807CA2B8CDC27FF005187A01B2AF5092789D5C
2992113388 1439 50393 1006A79256C7F4CD2CC08FB80788D453A09AE71F110BAB9EAFB681CF5B56A796
2994853485 65316 43546 7C20F6CF1A09EEE4F40FE6F70B0F070213E4AE0B9599CF6348B0EAC781225457
2996350089 7974 50571 7C20F6CF1A09EEE4F40FE6F70B0F070213E4AE0B9599CF6348B0EAC781225457
2996503651 29674 53598 7C20F6CF1A09EEE4F40FE6F70B0F070213E4AE0B9599CF6348B0EAC781225457
2993844706 48437 33282 E765CC20210F453D648FDD0058D767E17E60A9F5F78AC4000A3CD3718E3990DF
2990147329 17194 20707 7C20F6CF1A09EEE4F40FE6F70B0F070213E4AE0B9599CF6348B0EAC781225457
2998400334 35383 48464 89C9309A5562718C54F9309652DED86F58BB06107462AABA0F9DB9100AD1A9A2
2989677549 13155 21322 C3E997CC928706993F7C409C86807C202904703B94C4F9DA1A2886BB030D9C55
2989405102 36042 979 7C20F6CF1A09EEE4F40FE6F70B0F070213E4AE0B9599CF6348B0EAC781225457
2995730635 63328 39480 7C20F6CF1A09EEE4F40FE6F70B0F070213E4AE0B9599CF6348B0EAC781225457
2993728044 16296 32419 7C20F6CF1A09EEE4F40FE6F70B0F070213E4AE0B9599CF6348B0EAC781225457
2990453277 5040 47019 7C20F6CF1A09EEE4F40FE6F70B0F070213E4AE0B9599CF6348B0EAC781225457
2999613261 35901 34629 E3CAC8D51F00E00CFBF70DA94EDF032741DA3228E32B75C5BC3A4DF18B25F739
2997720362 50695 9747 897ABD91C32DF3906207C23873D54121165693195CB1C24421D676C5CB62B6C2
2991416373 65308 62825 7C20F6CF1A09EEE4F40FE6F70B0F070213E4AE0B9599CF6348B0EAC781225457
2995832061 40052 55899 7C20F6CF1A09EEE4F40FE6F70B0F070213E4AE0B9599CF6348B0EAC781225457
2992483724 20306 43791 7C20F6CF1A09EEE4F40FE6F70B0F070213E4AE0B9599CF6348B0EAC781225457
2994815752 25223 45157 602A2FFA9A1A1E689A303EC1738CD20533CC7FFAAA4303DFEC5B7546CFC4A3CE
2992356553 14870 11340 7C20F6CF1A09EEE4F40FE6F70B0F070213E4AE0B9599CF6348B0EAC781225457
2998057718 4469 61563 F4C23A009D43E2DD1CEAC01790C9312EE487B6E01A15A238A0C1F26F399DDFBE
2989738679 40954 28659 7C20F6CF1A09EEE4F40FE6F70B0F070213E4AE0B9599CF6348B0EAC781225457
2989665680 14607 25508 74F54585BF2735DD2F2426E47DFE750602DF8CD78798A9ABDDD01D415DEF0B7D
2989146122 56494 27173 7C20F6CF1A09EEE4F40FE6F70B0F070213E4AE0B9599CF6348B0EAC781225457
2996921385 34607 149 5D273B537020E5DBA04A74951576A943F40FEC2C70C2E780AACEF33D8F5E919C
2991081359 30980 58427 7C20F6CF1A09EEE4F40FE6F70B0F070213E4AE0B9599CF6348B0EAC781225457
2998785771 24414 63652 7C20F6CF1A09EEE4F40FE6F70B0F070213E4AE0B9599CF6348B0EAC781225457
2998487254 43955 47446 FABB18EAB233396CFD2C18FEC8B26809F011D375AF87A6DF0C249D9DB4967D57
2992072153 35836 62287 7C20F6CF1A09EEE4F40FE6F70B0F070213E4AE0B9599CF6348B0EAC781225457
2997329327 56983 25725 CA1E8A46645F81A1503BAB40AA997904D3827B8BE8B5ABA9AFA72E1BDFF111F7
2998001442 56189 28299 DFE20ECAC2D9B89DB5D07E940E2D0C3FF832CCFBCB6A3BD9EF5F72895076E4FE
2996838830 51936 17840 7C20F6CF1A09EEE4F40FE6F70B0F070213E4AE0B9599CF6348B0EAC781225457
2999977710 3449 4541 060B9936093DA320C39A63EA7CC4948E244F4D6A8E79AFD73B87AD88648CC2F7
2998115518 27872 63680 7C20F6CF1A09EEE4F40FE6F70B0F070213E4AE0B9599CF6348B0EAC781225457
2989596173 4601 35337 A3871B510C17E57EBD314037A8EB56A19BB4BF1A84D6A1EEA6984601A4325C7B
2993146067 18424 51019 7C20F6CF1A09EEE4F40FE6F70B0F070213E4AE0B9599CF6348B0EAC781225457
2997518125 15168 8869 7C20F6CF1A09EEE4F40FE6F70B0F070213E4AE0B9599CF6348B0EAC781225457
2993740505 57536 64214 7C20F6CF1A09EEE4F40FE6F70B0F070213E4AE0B9599CF6348B0EAC781225457
2997909952 159 9095 8E74E85330D774B7882E5D58F7DED2BF41313BC0783BC02A7B9D24FD1ACAC550
2998623485 27590 31291 7C20F6CF1A09EEE4F40FE6F70B0F070213E4AE0B9599CF6348B0EAC781225457
2988910235 37949 3943 DEF30D27BC137E403B31F0B35A6586996FB6610EFAC3D64F868A05F316010759
2989355286 52168 54253 7C20F6CF1A09EEE4F40FE6F70B0F070213E4AE0B9599CF6348B0EAC781225457
2992091814 32132 36556 7C20F6CF1A09EEE4F40FE6F70B0F070213E4AE0B9599CF6348B0EAC781225457
2989175053 29761 53249 CF0B27E360A97A7DC449B94E7E4552430AB7E1005B5623E973CDC29D30EEB448
2991819234 18154 25739 7C20F6CF1A09EEE4F40FE6F70B0F070213E4AE0B9599CF6348B0EAC781225457
2989981864 8341 54027 16F1ED55DA152BEC63A506E11DA06A958552921094F03881BC369C7EAD73BF55
2993831980 15371 32204 1B93C9A293DD52FD7A3AD3F95F2FF68EC730A79F05D5C37945B51BDD33083D2E
2996088955 56488 9133 7C20F6CF1A09EEE4F40FE6F70B0F070213E4AE0B9599CF6348B0EAC781225457
2997193913 29812 51716 7C20F6CF1A09EEE4F40FE6F70B0F070213E4AE0B9599CF6348B0EAC781225457
2999476989 32998 38957 7C20F6CF1A09EEE4F40FE6F70B0F070213E4AE0B9599CF6348B0EAC781225457
2989584580 62820 1345 7C20F6CF1A09EEE4F40FE6F70B0F070213E4AE0B9599CF6348B0EAC781225457
2989230536 51825 58698 759818F88484D24C82D27820B0A24507D349ED39038C5CE192D466EF9FD6399D
2990864066 28639 25364 C468220826A27F80673A21F61C54E88C12A994331EC8D6DE8AC1F3370E745724
2998608655 20905 40754 D57B7CEA898025B18D10EC2CA0D0187B54CE4B396FA56601189A74D99FC33AA9
2991297737 59158 11936 7C20F6CF1A09EEE4F40FE6F70B0F070213E4AE0B9599CF6348B0EAC781225457
2999204791 40556 46380 7C20F6CF1A09EEE4F40FE6F70B0F070213E4AE0B9599CF6348B0EAC781225457
2991413978 21191 64694 24A715C0ED9BF6ED5573C4AF912EF28141251BE8D2A4118078623773B3754F75
2988587070 17972 7471 7C20F6CF1A09EEE4F40FE6F70B0F070213E4AE0B9599CF6348B0EAC781225457
2994214429 24784 1437 7C20F6CF1A09EEE4F40FE6F70B0F070213E4AE0B9599CF6348B0EAC781225457

Total of 0 tasks calculated error.
