Total of 100 tasks calculated correctly, accuracy 100.00% 
3000485681 42843 61577 4922FDD63420B0E840AA3AF54EC83F556DB31652F8E530B1EDA6F17BB62B17F7
3002655582 27939 60035 74522D846A86534FB2853E2FCDA5F61F8E58109A79C2ABE56E6DF3A94CCC01E0
3005240152 14120 17995 7C20F6CF1A09EEE4F40FE6F70B0F070213E4AE0B9599CF6348B0EAC781225457
3001099600 35457 30364 1CFC564CE304EB83921D6587B284E5348B3BD960AEC0B328072561CA31BF0BE0
3005018412 35123 54160 0CC87CC8CB38C054A66A4A616986EB1F40B1FA12CE2E6F33110652354AB187A8
3001652759 47918 2236 7C20F6CF1A09EEE4F40FE6F70B0F070213E4AE0B9599CF6348B0EAC781225457
3005868974 55964 59166 7C20F6CF1A09EEE4F40FE6F70B0F070213E4AE0B9599CF6348B0EAC781225457
3005015790 50710 48467 7C20F6CF1A09EEE4F40FE6F70B0F070213E4AE0B9599CF6348B0EAC781225457
3004590946 58704 61843 7C20F6CF1A09EEE4F40FE6F70B0F070213E4AE0B9599CF6348B0EAC781225457
3008581067 8650 20096 7C20F6CF1A09EEE4F40FE6F70B0F070213E4AE0B9599CF6348B0EAC781225457
3009975364 21603 31350 98D6C6BB6FC7F4E71581C62C7FBEE96701090D24231D37445CA0D6C0404EEB45
3009213401 51090 53483 7C20F6CF1A09EEE4F40FE6F70B0F070213E4AE0B9599CF6348B0EAC781225457
3006346263 10191 20990 F5D0B0C7D70788657443D6B249095279FA1A1962A77F52293C5EF24734EE4E4C
3005646467 32704 12669 7C20F6CF1A09EEE4F40FE6F70B0F070213E4AE0B9599CF6348B0EAC781225457
3012325494 49460 57778 7C20F6CF1A09EEE4F40FE6F70B0F070213E4AE0B9599CF6348B0EAC781225457
3008865144 54395 61331 4849B5BAC8500A1785F88859E46FFAE7AA0E43F17B511CFAACFB654061E56CD8
3001727054 53981 4746 81C61EB9096321ADDF2174324E31F72B325C1C11F47BBF72BDA4F9ABD2CE33A4
3006215283 8397 16517 848259D240AB1FE79CC0677DC36AEAC92D4DA1F50819ACB488AB94F3475098B2
3004199083 24766 56503 7C20F6CF1A09EEE4F40FE6F70B0F070213E4AE0B9599CF6348B0EAC781225457
3009731458 30446 15805 7C20F6CF1A09EEE4F40FE6F70B0F070213E4AE0B9599CF6348B0EAC781225457
3002422413 58443 14069 9E8742B97527B60112B2C92A2CF060EE73E625894EE5F9279CF65EC4F66F0586
3011220319 2095 32728 6C50E2DA589F37E5E46DC78D8033402328A08CB0B3EBEAFE5EC5D7A3F286BFEE
3002476667 18783 37963 F9B7B76C411D7F6E890EF034456D67E8CFAFE612919D0CB00C41146C373FA74D
3008241993 2998 20667 7C20F6CF1A09EEE4F40FE6F70B0F070213E4AE0B9599CF6348B0EAC781225457
3008348337 6431 51337 43D60342B971A0A6BA0366328AEA7486DC79E8572BF957DEBF8B1E4898732A97
3005745372 39779 31592 25CC4851806139882B1148D7429999C0BCBA1073C1707B633B45A5AE77C6CCF8
3003376674 43019 54496 D52F19B95BE950A200CF2CE1AE942CC2400EF3ABE92BD6000FC8878396B9EC4D
3003913535 39893 7446 1D519092D005C3E3E7A0E4B0D6B6BC07336F765D525B4FCA123018F5A2A5B59B
3005352938 24990 17486 7C20F6CF1A09EEE4F40FE6F70B0F070213E4AE0B9599CF6348B0EAC781225457
3006747843 36498 63792 7C20F6CF1A09EEE4F40FE6F70B0F070213E4AE0B9599CF6348B0EAC781225457
3002618126 37307 55588 769BFBF7B348891A6E17C080F5BD4A09E78685BDC9D39D2830E51086C9568E92
3001021451 51212 36760 7C20F6CF1A09EEE4F40FE6F70B0F070213E4AE0B9599CF6348B0EAC781225457
3006578967 55814 12104 7C20F6CF1A09EEE4F40FE6F70B0F070213E4AE0B9599CF6348B0EAC781225457
3002397250 55244 20657 7C20F6CF1A09EEE4F40FE6F70B0F070213E4AE0B9599CF6348B0EAC781225457
3011702829 28859 51563 80513980B423BAFB5006EA15A8B3BFD9C373D410E71DB655B2F3B9101E866E34
3000496749 39456 17396 7C20F6CF1A09EEE4F40FE6F70B0F070213E4AE0B9599CF6348B0EAC781225457
3008485678 15476 55804 7C20F6CF1A09EEE4F40FE6F70B0F070213E4AE0B9599CF6348B0EAC781225457
3006976912 43497 60694 E302FB029A475E7612E21F965AE578FE1F5F0EF0912CE24D4D1DF2544E28330D
3000822314 22784 23695 7C20F6CF1A09EEE4F40FE6F70B0F070213E4AE0B9599CF6348B0EAC781225457
3007960612 49697 239 E1D3F30E4BC56C047B2E9A83D490AAA1C60115F2BF7970C5F126BAF3DF609B5E
3008747876 33856 23476 7C20F6CF1A09EEE4F40FE6F70B0F070213E4AE0B9599CF6348B0EAC781225457
3006710531 25148 9327 7C20F6CF1A09EEE4F40FE6F70B0F070213E4AE0B9599CF6348B0EAC781225457
3009352883 26620 63718 7C20F6CF1A09EEE4F40FE6F70B0F070213E4AE0B9599CF6348B0EAC781225457
3010901227 39927 4800 13326C0CCAC14189577191BE2F34E12F09D28E0D0FF7A388F168966D6055E2A8
3006120435 28895 12552 6D2D33CB82DD64E592624114097614BF6EC86F0BBBB4B6620B0C3CA5A685C7FE
3009092829 53444 34531 7C20F6CF1A09EEE4F40FE6F70B0F070213E4AE0B9599CF6348B0EAC781225457
3004021699 3646 13810 7C20F6CF1A09EEE4F40FE6F70B0F070213E4AE0B9599CF6348B0EAC781225457
3002773315 59109 25351 BE8BCDF24FCE09897A8DBBCC859D1963078FAB1B108417C6B0221FED2367BAAE
3007577592 63887 255 E59AB8427E75EA51C5F936C1DB531D77F994B24CE274D90048D7D799AFD2B800
3004656065 13347 3035 33AD8B272142DC3371A8C949E35960360EAB49621241AC2EB5A090413E1971E8
3003754955 45119 47593 F9671EE219BA28A2FFFBF2F4132EA9E6C5D5AD84C7062C94160890877474C882
3006622065 24099 55610 904C962829A9DD7795EB59B03B51179A0A008213FE4B2ECBFE8FDBB73D364C2C
3008268439 6644 41768 7C20F6CF1A09EEE4F40FE6F70B0F070213E4AE0B9599CF6348B0EAC781225457
3008120466 12357 29074 F834BF19312FBF723AB11510FF2980227BFE78C1E7534F7B807F491E8EF737B5
3005684418 13880 45596 7C20F6CF1A09EEE4F40FE6F70B0F070213E4AE0B9599CF6348B0EAC781225457
3012087087 59873 51145 23E12B3F8305996938ECC8EDC58F29D562A5AD73F242363D079A9D30C7C9DFE4
3001707935 2146 29102 7C20F6CF1A09EEE4F40FE6F70B0F070213E4AE0B9599CF6348B0EAC781225457
3004295990 27846 19402 7C20F6CF1A09EEE4F40FE6F70B0F070213E4AE0B9599CF6348B0EAC781225457
3000712602 43466 26542 7C20F6CF1A09EEE4F40FE6F70B0F070213E4AE0B9599CF6348B0EAC781225457
3006814622 23229 22268 AE294AF19677FBAFB60DCCD2D83F646915668191A9B2C6BA82D4874DCB526ABD
3012219566 28884 59204 7C20F6CF1A09EEE4F40FE6F70B0F070213E4AE0B9599CF6348B0EAC781225457
3004535599 22315 32949 DE9DF744A134557EE274A43D57CB1BA3211437F120242E765001DFBA372D04E8
3011314598 50933 22908 FA4226ABA930E6CB1A7D10E789DA3EB99FBD96686DF3D055327FEDD1A0B299CE
3009294461 22931 54043 24AD1172EAEA0A7FE30785805096225B792F4FB0D3637BA7569C404ED860FC06
3006200969 29536 50174 7C20F6CF1A09EEE4F40FE6F70B0F070213E4AE0B9599CF6348B0EAC781225457
3010479197 39298 2384 7C20F6CF1A09EEE4F40FE6F70B0F070213E4AE0B9599CF6348B0EAC781225457
3007013461 21625 59013 D47E8C410EBB8DDD7A3ADB24556B32C15DA6C208CAE4494F5E601401370CE090
3001571262 46252 31920 7C20F6CF1A09EEE4F40FE6F70B0F070213E4AE0B9599CF6348B0EAC781225457
3007439626 5029 53003 9AAAC0B2242C2FA13B4C83AF97E8AB710C0FC147756D943BA5987AFD15AA743D
3006818252 20938 4836 7C20F6CF1A09EEE4F40FE6F70B0F070213E4AE0B9599CF6348B0EAC781225457
3002657001 49870 18133 7C20F6CF1A09EEE4F40FE6F70B0F070213E4AE0B9599CF6348B0EAC781225457
3009691572 2103 11201 A925B5D915556EA474468738E85A46021EE20C78CBE9D55827A177C31B1592CB
3000811239 35437 61593 6615F5658D3647ED8195EE290F2D2ADD63E646A1EFE2E70F0F498BCDE08EC235
3012226138 15672 45389 7C20F6CF1A09EEE4F40FE6F70B0F070213E4AE0B9599CF6348B0EAC781225457
3006941807 18643 41925 DA236C5E95EE4395A95FD6291B444D8991252F965FC3DEF0D45F0D90C7C7FE69
3003549433 59907 31225 85201AECC0B0FE6333B326621F7774CA2A0D71B61C1CB3F95EC683BE91598179
3006024883 27632 52587 7C20F6CF1A09EEE4F40FE6F70B0F070213E4AE0B9599CF6348B0EAC781225457
3005324440 4525 51633 7C16CF2E3095A0D0D7723A4D1A9DC41F82B1F8555B876429328E3485A1971BA3
3001340044 12903 30886 3D4AAC182F1F40ECC88E170551EE941EBFE49CE2BE17F303175DFD49EC74B8F0
3000411480 31453 63111 AEDB8CEDCA46BF7D5A27E4D15D59CB7E5FA685D17C5F1569BB805AE9556043A4
3011838687 49643 54296 495765B7B00780DDAE3943EA47EFA335DCC2A2A3499F500D2ADBFFBD08252CBE
3000870744 11005 22140 6542120F1126656CB9856E18A82D429DC80BBFFC1B20EC4427B562E97581D5AE
3000528023 29642 33332 7C20F6CF1A09EEE4F40FE6F70B0F070213E4AE0B9599CF6348B0EAC781225457
3002720432 6048 15210 7C20F6CF1A09EEE4F40FE6F70B0F070213E4AE0B9599CF6348B0EAC781225457
3009357106 26339 60213 E590EA1EC6B850A393478D844A547D596C4904BEB184CD51426422B0A16D2487
3007381366 10025 18213 5ED91B7704935895EFFFFDA0CB902877ABA49CE95CE0C4C040C932E9D576CF4A
3007088753 14741 42073 C7599B638ADE56AD7F606867A50B933EC019F230F4D2E793E5D6111BDE7EEACA
3009516220 56918 30589 7C20F6CF1A09EEE4F40FE6F70B0F070213E4AE0B9599CF6348B0EAC781225457
3007822310 47055 468 C5B0497043C28AACB10157929F0503BE3061C6F8B8931419EF2B321FF691EED2
3003680684 26678 29120 7C20F6CF1A09EEE4F40FE6F70B0F070213E4AE0B9599CF6348B0EAC781225457
3005933273 12735 62575 B9E928BED6177F3E021ED4694F9F9690469C5C0A647711D485B6DEA095D5C8AA
3006973206 63033 61590 C1B552765DC8C58DBA28F45565C2365B0388E1694A2A0BA801AF47E764B34F6E
3008436258 57925 48279 0A3310DB1F6994BFA2B6ED017E0AD550821F45350EAA9299D44FD1D2B02B4C13
3005755303 29804 50867 7C20F6CF1A09EEE4F40FE6F70B0F070213E4AE0B9599CF6348B0EAC781225457
3000323218 41188 12018 7C20F6CF1A09EEE4F40FE6F70B0F070213E4AE0B9599CF6348B0EAC781225457
3004353735 9651 48614 3E4C31118C74C53AA81CDA9B4288C324B1C2D63032056425C143810B0930F956
3011473129 922 25621 7C20F6CF1A09EEE4F40FE6F70B0F070213E4AE0B9599CF6348B0EAC781225457
3006847207 15527 37511 2D0D3B536D76F1F056F7E549E457466DF36D01DD8A16F400BBFE87CC93FC5FBF
3003814194 56870 6140 7C20F6CF1A09EEE4F40FE6F70B0F070213E4AE0B9599CF6348B0EAC781225457
3008044053 48671 23994 7277779FA11BAC747DDEE66AA0E8277E9B519046ADE2F6BA30945BFFF3E7F157

Total of 0 tasks calculated error.
