Total of 100 tasks calculated correctly, accuracy 100.00% 
3024892335 47089 1994 08FD927285F0FE5B92F2A81580DD6F55E0224C5239552515AA9F8395B6449C0B
3026488379 27851 30033 079B7EA321D819789F8374FB5F0122F1DFF2063933B444D76043F7561E9C0536
3027661942 13568 27571 7C20F6CF1A09EEE4F40FE6F70B0F070213E4AE0B9599CF6348B0EAC781225457
3027136506 12246 50584 7C20F6CF1A09EEE4F40FE6F70B0F070213E4AE0B9599CF6348B0EAC781225457
3029072049 10176 9228 7C20F6CF1A09EEE4F40FE6F70B0F070213E4AE0B9599CF6348B0EAC781225457
3030230268 47889 1029 A45F3C4198F3235227A1D71BE81157CDEABB51139CA7BC57ABBD9161EF0FCDF6
3025496827 51694 57740 7C20F6CF1A09EEE4F40FE6F70B0F070213E4AE0B9599CF6348B0EAC781225457
3028021780 15664 22124 7C20F6CF1A09EEE4F40FE6F70B0F070213E4AE0B9599CF6348B0EAC781225457
3028909562 14461 47674 BC4A2378F59A5D864FEAE9156163B135DA28DF09BBA248839C9D242FC8602289
3034322947 53992 44947 7C20F6CF1A09EEE4F40FE6F70B0F070213E4AE0B9599CF6348B0EAC781225457
3036117747 56390 41040 7C20F6CF1A09EEE4F40FE6F70B0F070213E4AE0B9599CF6348B0EAC781225457
3034994879 20129 2809 324316ABEE2D4C9373D2BD0ABD042E675B8908CE01678A46DAF5AAC3EF5F9AE0
3035361713 13608 15965 7C20F6CF1A09EEE4F40FE6F70B0F070213E4AE0B9599CF6348B0EAC781225457
3025984760 49119 59508 69CAC03472B0EE2565FDA6BA427CD2CF86B0BD904B7B8D25AB793ACB5555803C
3033286534 22886 59419 7C20F6CF1A09EEE4F40FE6F70B0F070213E4AE0B9599CF6348B0EAC781225457
3031445565 39441 60360 6DCBC1F19F00CC563456CFE6C9858B49EE50005C41BCBE72C30F22A7F1A0265B
3029951396 54276 41164 7C20F6CF1A09EEE4F40FE6F70B0F070213E4AE0B9599CF6348B0EAC781225457
3031083348 39007 31636 D3FA2FD3149F8B969A4703DD3A0EC445F8E99767A5E8A7D4A0CAB49CC0AE53CB
3029895041 64425 4815 6CE3D70D5F6E1D92EC542DC555F7FDB2DC2977FED5C4CBC5ED956CAFADC6E8B9
3030082340 37232 37078 7C20F6CF1A09EEE4F40FE6F70B0F070213E4AE0B9599CF6348B0EAC781225457
3032512227 48293 13754 F7E279397A821189751E92E822E72AF1AE4C30CFCA18C5D4DB196774674EB614
3034763873 11854 17040 7C20F6CF1A09EEE4F40FE6F70B0F070213E4AE0B9599CF6348B0EAC781225457
3024893175 24970 48785 7C20F6CF1A09EEE4F40FE6F70B0F070213E4AE0B9599CF6348B0EAC781225457
3029872306 35419 17095 F6AD33A4F398033ED3C050AF840FDE57E2725149D7FFC19BA43DD7E435E38676
3028624718 35062 62013 7C20F6CF1A09EEE4F40FE6F70B0F070213E4AE0B9599CF6348B0EAC781225457
3034544214 59937 36284 EAD5493A2B939430135F0440D06C8C621658288DC8AA6CB28DDA9F056CC3DE7D
3031161508 21536 65454 7C20F6CF1A09EEE4F40FE6F70B0F070213E4AE0B9599CF6348B0EAC781225457
3031036571 65150 14783 7C20F6CF1A09EEE4F40FE6F70B0F070213E4AE0B9599CF6348B0EAC781225457
3032734497 21316 11144 7C20F6CF1A09EEE4F40FE6F70B0F070213E4AE0B9599CF6348B0EAC781225457
3033405138 16987 41736 82ED8A34596FF13004CA57FBF74784B41180CACEA03AE45857CDEDD99B46E88F
3026039291 52732 50306 7C20F6CF1A09EEE4F40FE6F70B0F070213E4AE0B9599CF6348B0EAC781225457
3026667988 41859 53914 06FCE6476F6D860EB4A09EB490A55F51E52C5475059ED22A735D5476A41E35D2
3029240739 26648 25183 7C20F6CF1A09EEE4F40FE6F70B0F070213E4AE0B9599CF6348B0EAC781225457
3030714605 53967 15913 4DFB833E12A845FF68B0172EEC2778FAF4230D1A49DF5BA766DADBDA1E56CE59
3025868945 44813 58506 E32B8243DB27CA3CD56CF16201C8892DA60A7D0A830677A34D3C07A56A303EE7
3031893106 8322 55234 7C20F6CF1A09EEE4F40FE6F70B0F070213E4AE0B9599CF6348B0EAC781225457
3029924043 7890 42393 7C20F6CF1A09EEE4F40FE6F70B0F070213E4AE0B9599CF6348B0EAC781225457
3028651919 51297 24723 F10F6A5525BFA86EBBDA4BBFB7FF415E82D7878DBD3B314EA8D9CABC356CBE3D
3035008734 5392 58201 7C20F6CF1A09EEE4F40FE6F70B0F070213E4AE0B9599CF6348B0EAC781225457
3026181425 24336 29157 7C20F6CF1A09EEE4F40FE6F70B0F070213E4AE0B9599CF6348B0EAC781225457
3031558911 30013 24538 83A90388945B858EC25FD41178FEDA384C93E62442B13CD3094F3F92B71826B3
3030135446 64684 59032 7C20F6CF1A09EEE4F40FE6F70B0F070213E4AE0B9599CF6348B0EAC781225457
3028672824 38489 40446 FBF2DD096CCB99434620428D0F948C5EFAFBB5943BF075A20D0210F9FC969422
3030820936 15198 32801 7C20F6CF1A09EEE4F40FE6F70B0F070213E4AE0B9599CF6348B0EAC781225457
3029466744 36959 21619 5B6BE6272F485E39EBB4DF245CDE112A72A4A3B55703C724A9BEB62F654CFDC4
3025259191 43306 32277 7C20F6CF1A09EEE4F40FE6F70B0F070213E4AE0B9599CF6348B0EAC781225457
3033744792 48799 36212 D452E4BC7C15C722C3A895FD3D626B11DFB919160FC4F2D7EC09B6FFC5CFAD57
3025826917 3881 30342 077CD5676348E36E77EFCAF5D8705B26239598AFD2A96A02A4B01C8DEA7F8E0F
3029477664 64180 60071 7C20F6CF1A09EEE4F40FE6F70B0F070213E4AE0B9599CF6348B0EAC781225457
3032005588 3583 38851 ABC6392B5FC6098A5EA8E82672C84D68D3131DEDC1EB541CA4199F3430CA10EF
3031870539 14687 7738 E1B1CB205D7EBD6A8BE42BB06077637B94B55D675323CA555B1854FE1F386D30
3030409490 3000 6248 7C20F6CF1A09EEE4F40FE6F70B0F070213E4AE0B9599CF6348B0EAC781225457
3031851605 6368 34143 7C20F6CF1A09EEE4F40FE6F70B0F070213E4AE0B9599CF6348B0EAC781225457
3029386286 18920 24606 7C20F6CF1A09EEE4F40FE6F70B0F070213E4AE0B9599CF6348B0EAC781225457
3036296685 59574 59320 7C20F6CF1A09EEE4F40FE6F70B0F070213E4AE0B9599CF6348B0EAC781225457
3027875898 7364 52040 7C20F6CF1A09EEE4F40FE6F70B0F070213E4AE0B9599CF6348B0EAC781225457
3031104309 61671 26151 5C312FDFB7C702245450F03ADCC14345FE796DAE952C0532A7559F014280FA61
3029921902 12731 9636 4BC2CA2FC6777005C038A2C68AABE9A8941EC5160CC2CE087AA4ED4676819434
3031967327 18744 25389 7C20F6CF1A09EEE4F40FE6F70B0F070213E4AE0B9599CF6348B0EAC781225457
3028221081 22303 5637 8C345DEDAB1B419CDFA5EBD5A31C45D6595AEE584718545F1150C614F7F60669
3029972947 36994 10167 7C20F6CF1A09EEE4F40FE6F70B0F070213E4AE0B9599CF6348B0EAC781225457
3031393557 41766 53844 7C20F6CF1A09EEE4F40FE6F70B0F070213E4AE0B9599CF6348B0EAC781225457
3028094052 7213 29235 D33ECE17ACC2CB91865D2554BC2EE7AFEB76915E13748DD204428EADCC1F7C72
3027015003 38066 41747 7C20F6CF1A09EEE4F40FE6F70B0F070213E4AE0B9599CF6348B0EAC781225457
3026996218 19592 25892 7C20F6CF1A09EEE4F40FE6F70B0F070213E4AE0B9599CF6348B0EAC781225457
3025663237 25246 8980 7C20F6CF1A09EEE4F40FE6F70B0F070213E4AE0B9599CF6348B0EAC781225457
3032734673 56580 14637 7C20F6CF1A09EEE4F40FE6F70B0F070213E4AE0B9599CF6348B0EAC781225457
3034414629 9079 53295 53A4CA54A4F992724DE166A341ECDF27C89472A67CB48E0617465F0D11CCA66D
3025778368 20390 63084 7C20F6CF1A09EEE4F40FE6F70B0F070213E4AE0B9599CF6348B0EAC781225457
3030516794 60044 53053 7C20F6CF1A09EEE4F40FE6F70B0F070213E4AE0B9599CF6348B0EAC781225457
3025298265 8923 7091 530193DAF23EBC8DAC401D386DFDBD07C4D107EB0A40AEE6ADA4679B5BF38986
3027551764 48153 12254 3D884A39D3681D1D9BC6AB779FE162AA3FC019C017E08D0DBF6AF16E843A7661
3032707217 32330 62583 7C20F6CF1A09EEE4F40FE6F70B0F070213E4AE0B9599CF6348B0EAC781225457
3034593591 3111 5267 14EED886E0247AC63CD0E25DE63390DCFCFDB56DE32E848DA00F549D78B23282
3031058453 23771 53619 3FA5E2BEDBB88DB1AD49D647AD5B508B18AB3ACF68DF55644FD53735548F2489
3030290195 61890 3909 7C20F6CF1A09EEE4F40FE6F70B0F070213E4AE0B9599CF6348B0EAC781225457
3033551830 61948 32979 7C20F6CF1A09EEE4F40FE6F70B0F070213E4AE0B9599CF6348B0EAC781225457
3033295937 37326 6048 7C20F6CF1A09EEE4F40FE6F70B0F070213E4AE0B9599CF6348B0EAC781225457
3027084107 25793 44488 E710EAD703B60E397BF0345F3A53C429A1E70D3407AFACD49CF0D433ED9CA543
3027202202 38198 51164 7C20F6CF1A09EEE4F40FE6F70B0F070213E4AE0B9599CF6348B0EAC781225457
3035418888 19753 29023 4B59D3E082195C379CD7F3972CDC9E5C23A382FA70882CF077CC6B44565BEDE6
3035230911 35854 31005 7C20F6CF1A09EEE4F40FE6F70B0F070213E4AE0B9599CF6348B0EAC781225457
3027959228 56996 23578 7C20F6CF1A09EEE4F40FE6F70B0F070213E4AE0B9599CF6348B0EAC781225457
3027398695 60755 20414 2597BB679F45889F661D51B2F8D6734F308192682D0B2E04EDD51E9EC7BAF97C
3026017818 39136 61668 7C20F6CF1A09EEE4F40FE6F70B0F070213E4AE0B9599CF6348B0EAC781225457
3025210602 14799 3979 6407BD10E23A841E685A8311B087509351CA04F0D2465469690B7D66B09FADF2
3031818963 60725 41626 EB8D15E665E165CA6CB2869821A199BB6F7ECD2E0972E3127D7FB842D2F2076D
3035955529 46409 25691 BC5242F96D096F1171C5D17B0E1B49DD748F9006AA6E71066368A8F80CD25927
3025270280 42110 13483 7C20F6CF1A09EEE4F40FE6F70B0F070213E4AE0B9599CF6348B0EAC781225457
3031178261 43193 18401 7042348A9D6392F6DBB0FB642AFA6EC898B728EAE3233F10C5DE8BEE89F797FF
3029779574 19889 54187 0211966BF37511F5847A230B6172141CC2E86F54BC40300C8E621C9C669CF908
3029605066 3437 18179 1B23E49AA019553622A4E86F9D71AEF7D8DEADC5B8A28171B1146AD037CB6D10
3032432107 35308 13501 7C20F6CF1A09EEE4F40FE6F70B0F070213E4AE0B9599CF6348B0EAC781225457
3032477834 64477 47772 F20F9AE59943E8B2A16A65C58B42ACC1113CE943D04628FE07319E76A4F37F64
3032193865 40526 46804 7C20F6CF1A09EEE4F40FE6F70B0F070213E4AE0B9599CF6348B0EAC781225457
3026705896 22978 43803 7C20F6CF1A09EEE4F40FE6F70B0F070213E4AE0B9599CF6348B0EAC781225457
3028810244 55334 1097 7C20F6CF1A09EEE4F40FE6F70B0F070213E4AE0B9599CF6348B0EAC781225457
3028311374 5926 50299 7C20F6CF1A09EEE4F40FE6F70B0F070213E4AE0B9599CF6348B0EAC781225457
3036289770 1893 38661 4E1DB930BFD73694B5CA4D311A9D6CC2F401CAB1FCC74579890D353BF00329B4
3031564414 61042 14362 7C20F6CF1A09EEE4F40FE6F70B0F070213E4AE0B9599CF6348B0EAC781225457

Total of 0 tasks calculated error.
