Total of 100 tasks calculated correctly, accuracy 100.00% 
3058468308 34793 58714 0EECE3AFD1836D386326B61C6477D7BDC0F71F56465EC5043703742766900905
3058474690 29955 1599 6C3B7EBAAEFC7540F49D6C65F5025A43028BC44FD608EFF082491A34942DC0C5
3058566752 32102 52987 7C20F6CF1A09EEE4F40FE6F70B0F070213E4AE0B9599CF6348B0EAC781225457
3056894148 32197 22132 44412491375BC27DBB8583D4F08AB687FCE23CABF77112CEA65CD36AFA959B8B
3058389111 24959 28184 9722A72269A3C9408B0A390D9C8FC0E26D674250E983710B87AFF9B3DC8BFEE0
3053839267 58153 6005 71E01DCAB9479E0B1A2E3545768B7B22D429DC2D8A6A604650CE57454DA9C165
3049092076 28966 46682 7C20F6CF1A09EEE4F40FE6F70B0F070213E4AE0B9599CF6348B0EAC781225457
3056030606 38790 60469 7C20F6CF1A09EEE4F40FE6F70B0F070213E4AE0B9599CF6348B0EAC781225457
3059693497 53384 20291 7C20F6CF1A09EEE4F40FE6F70B0F070213E4AE0B9599CF6348B0EAC781225457
3056172839 61543 51247 3A78D382EAC87827E9E8C9B7001D66BBE1F4DA1C20E620C98896AA54F7B0ADFB
3051494786 11203 44486 7D2623AD220FACE1AB7DB6E18146150C197C815A57F824C01D16F718E08894F8
3050205243 3730 5863 7C20F6CF1A09EEE4F40FE6F70B0F070213E4AE0B9599CF6348B0EAC781225457
3054548767 24633 27267 6C7A0C7DDE1C5C14494E7A1BBB8EF7AF87188C972844AC676ACE5D003B7CF11E
3049371545 10764 31733 7C20F6CF1A09EEE4F40FE6F70B0F070213E4AE0B9599CF6348B0EAC781225457
3052560606 3846 48127 7C20F6CF1A09EEE4F40FE6F70B0F070213E4AE0B9599CF6348B0EAC781225457
3056628716 22778 37134 7C20F6CF1A09EEE4F40FE6F70B0F070213E4AE0B9599CF6348B0EAC781225457
3058610079 34899 38549 564D2DEC5BE2EF1E31027A7A666DC26E2C99C354E0AE1E93E03925AFEDA42C31
3058421260 50701 54508 62F831AF8BB05D350C0D4A0B57B80A24CD4672B75ABC99768F93FEE784AB3680
3049098030 2528 38560 7C20F6CF1A09EEE4F40FE6F70B0F070213E4AE0B9599CF6348B0EAC781225457
3056313413 7490 46636 7C20F6CF1A09EEE4F40FE6F70B0F070213E4AE0B9599CF6348B0EAC781225457
3059995965 10275 34663 26A1F193810A52362ABBC673AFA9036A551277D726E5EE40D651BE6470BDD4D1
3048462630 22277 43514 A514D7206DC441BD028483092A4BBB8C22DE5D9A76714A0707ACF48FA2771B76
3054958573 39605 63381 1B76758F08C89AB1D81E106DC9890CB47381C5DF4DC0B02733706E2B60A6706D
3049829374 50824 5326 7C20F6CF1A09EEE4F40FE6F70B0F070213E4AE0B9599CF6348B0EAC781225457
3054112087 7174 13552 7C20F6CF1A09EEE4F40FE6F70B0F070213E4AE0B9599CF6348B0EAC781225457
3051740400 48784 33702 7C20F6CF1A09EEE4F40FE6F70B0F070213E4AE0B9599CF6348B0EAC781225457
3058486124 59229 8957 5B91E9BD5D0C778A4BBCA20B0BE5B1FCF77F30ED67AEFF4AF88E66DFC4247441
3055043708 53637 23303 475C356B6403C2ADD4F6F8544891C59DAFF5BB5F13105B8370F209AAA7DCE839
3056402206 55311 1166 CAD4D32140598B5EE8B408EF7ADBC95116843110CB94FF43786CB2FE6EDA115A
3057111372 29218 57207 7C20F6CF1A09EEE4F40FE6F70B0F070213E4AE0B9599CF6348B0EAC781225457
3054714121 28900 28407 7C20F6CF1A09EEE4F40FE6F70B0F070213E4AE0B9599CF6348B0EAC781225457
3055496922 14494 51582 7C20F6CF1A09EEE4F40FE6F70B0F070213E4AE0B9599CF6348B0EAC781225457
3057554474 1786 4021 7C20F6CF1A09EEE4F40FE6F70B0F070213E4AE0B9599CF6348B0EAC781225457
3053329718 16139 42656 0942F921412E97A646BAF6388A3B1BA87C1B23F58B3C5C73BF982D9AAF80F811
3058335436 24470 32925 7C20F6CF1A09EEE4F40FE6F70B0F070213E4AE0B9599CF6348B0EAC781225457
3049315733 54402 45508 7C20F6CF1A09EEE4F40FE6F70B0F070213E4AE0B9599CF6348B0EAC781225457
3054144157 50471 32843 2F6FE2FB31A0DA151A935D1AF049EAB59BDE7E27CB9EE1740F12FEADA53867D3
3053658102 1203 48506 43419570A790ACFBB6A34BD62DFCF179D496356914EA5AFA4189990396B1F1C6
3051710735 58242 6764 7C20F6CF1A09EEE4F40FE6F70B0F070213E4AE0B9599CF6348B0EAC781225457
3058412051 33828 8401 7C20F6CF1A09EEE4F40FE6F70B0F070213E4AE0B9599CF6348B0EAC781225457
3059272840 2797 47588 0F6CAE934B2379F032571A01ED1B10415BD7568512FF391A9040FA7024CF8B31
3057970664 39460 22701 7C20F6CF1A09EEE4F40FE6F70B0F070213E4AE0B9599CF6348B0EAC781225457
3053060071 3220 64541 7C20F6CF1A09EEE4F40FE6F70B0F070213E4AE0B9599CF6348B0EAC781225457
3050218208 40361 20584 1FDCCB6F9DCE16F3CB2965F1F736F3171E304F48D5894D586F2FC57DA09A8557
3060292002 8458 33373 7C20F6CF1A09EEE4F40FE6F70B0F070213E4AE0B9599CF6348B0EAC781225457
3056234594 12287 53024 581D71E8C0C0B7A0308E333214F1DA5540789B936F85E282248099B759F0C90C
3053249991 25893 44829 9F59B388938F564BBFCAF39C0D558E532B57DCA3FA46FA719698F5A8FF023EB4
3048775333 21623 52760 291E41C77A8F764686CAA52C305F4A3ACCAA062F2023FFFCC78C2680B461A44C
3056720745 1442 35037 7C20F6CF1A09EEE4F40FE6F70B0F070213E4AE0B9599CF6348B0EAC781225457
3059865980 8375 54692 C859F1CD6E4FB598C80572793E1B6C36DAE0DFC8C3341112C592354FA595E310
3050487667 39314 23679 7C20F6CF1A09EEE4F40FE6F70B0F070213E4AE0B9599CF6348B0EAC781225457
3058096474 21461 14596 BA57D74B1F4A4ADDAF3CCB9328FF5A8AA28050C18D286B583B2B1CC5D112DE06
3053450212 26365 62165 841134E6F1002794E501B89C0B350ADE65C157D25F527A25BDE7C1F8674B5558
3051877116 30498 57721 7C20F6CF1A09EEE4F40FE6F70B0F070213E4AE0B9599CF6348B0EAC781225457
3051356965 22453 56307 FF841AEF99B6A6129D79514C03309448B633CC7653A3C1A0D8DBE950858AE3A7
3054353662 26889 26010 EDBB4FE8F1B46128AE62B662C36C0B94180F1E172D4475605136D8EA9AC11833
3059070426 39620 25971 7C20F6CF1A09EEE4F40FE6F70B0F070213E4AE0B9599CF6348B0EAC781225457
3057362269 18855 16630 47E9BDBEC649821A46A71A6995F017C4301ED1C3B013A252E7238B0ADD823043
3050494515 53117 37373 5F044C40104D5E9BE656FFB71C283AC11E858BF4885363FFFF6DD3EA7D11FE16
3059661945 49256 52044 7C20F6CF1A09EEE4F40FE6F70B0F070213E4AE0B9599CF6348B0EAC781225457
3056754892 39065 61103 0761D6363CB0DE00C8CDE3A486E7CB8F4F97EBF937C88B56D62367A964298BFC
3052544965 20441 50274 A174815C511BE78152A6CA2F91D324D038ED085F86A33A9C18CC9C9C50CF7874
3051463761 19774 5633 7C20F6CF1A09EEE4F40FE6F70B0F070213E4AE0B9599CF6348B0EAC781225457
3051954677 58016 36398 7C20F6CF1A09EEE4F40FE6F70B0F070213E4AE0B9599CF6348B0EAC781225457
3052540323 58168 51907 7C20F6CF1A09EEE4F40FE6F70B0F070213E4AE0B9599CF6348B0EAC781225457
3053604735 4791 56266 1532CC83012977BDCBCA12FB5C76A02A3E59396F5C1214DD875AB87B23C6AF1D
3054214751 17024 10292 7C20F6CF1A09EEE4F40FE6F70B0F070213E4AE0B9599CF6348B0EAC781225457
3054739985 17021 47938 1B566A9E3BED4D8DFE9BB3EB05BBE134212ECBC5A599BA0062BA19C622A51BCC
3051912012 40823 34237 28A7ACA538755B40E11D2A720E65A81A7BDAD2FC523DD3292145412FC3429285
3058382877 1779 52431 2BDB21468C6345EE45C9D8AAC1229EEDD1A5124DEA8DEE2BC438ED4EBE158E87
3052842322 34422 23051 7C20F6CF1A09EEE4F40FE6F70B0F070213E4AE0B9599CF6348B0EAC781225457
3051906844 35485 50186 35481D444694A9227D392AA787264949B7611808469AA981CB75338D060FAAC0
3052624842 53674 29743 7C20F6CF1A09EEE4F40FE6F70B0F070213E4AE0B9599CF6348B0EAC781225457
3056116619 32684 27872 7C20F6CF1A09EEE4F40FE6F70B0F070213E4AE0B9599CF6348B0EAC781225457
3050960575 29761 60810 A06CC8EEB0728B807629225E0615890AF81163678B2482032941A4ECC5FCFA63
3050236495 15635 41115 31D4D93528F767BE5541EBB7A834D769B44B2D918EBE71392B8C02999EB26FDB
3056068985 21590 24581 7C20F6CF1A09EEE4F40FE6F70B0F070213E4AE0B9599CF6348B0EAC781225457
3053728853 51548 49886 7C20F6CF1A09EEE4F40FE6F70B0F070213E4AE0B9599CF6348B0EAC781225457
3050269837 8295 6317 D978E2F0B7C9457177AF33E4AF228A0DBA404706E8B2B82C6D197B4611DC5A09
3058834303 59652 2612 7C20F6CF1A09EEE4F40FE6F70B0F070213E4AE0B9599CF6348B0EAC781225457
3052640380 49096 36085 7C20F6CF1A09EEE4F40FE6F70B0F070213E4AE0B9599CF6348B0EAC781225457
3050240867 53794 32831 7C20F6CF1A09EEE4F40FE6F70B0F070213E4AE0B9599CF6348B0EAC781225457
3053309056 41986 56035 7C20F6CF1A09EEE4F40FE6F70B0F070213E4AE0B9599CF6348B0EAC781225457
3055512658 37411 47366 E2D6CA7C57021EA61E73975DFEE0214D2E6EC76972C454110F7C31A959376503
3057659082 30759 23856 EFEDFA3A2FB8982382AD5E7D5D1B640DA7F4C8F017B6A7D4A6664CA9CA2ECC0B
3048822200 61141 7932 1DB2E8582C376EB120567D953B0BFF5603D8CE31FA2AB4E24D3F409DE75AB2AC
3054763373 41121 39428 F8848F6CCFD3E2AE9DC27D124D288D4DE9C4600FFF09C41CDB3C5EFECAD883ED
3057526123 25693 26735 CC123E38A3626A8C916995B5C67419D170B5586DA94896C5702B9DEB066BFDC0
3058707153 46074 39371 7C20F6CF1A09EEE4F40FE6F70B0F070213E4AE0B9599CF6348B0EAC781225457
3054996819 12785 31569 68A742669A240B36452A22BBFBD8F77233A4F2341B74D21D32854DDE13FB87DB
3053941683 23938 21577 7C20F6CF1A09EEE4F40FE6F70B0F070213E4AE0B9599CF6348B0EAC781225457
3051657447 29688 11149 7C20F6CF1A09EEE4F40FE6F70B0F070213E4AE0B9599CF6348B0EAC781225457
3048768407 42756 53112 7C20F6CF1A09EEE4F40FE6F70B0F070213E4AE0B9599CF6348B0EAC781225457
3053059607 38397 8158 F9F7899FB52B8286D2E3A37CEC9DFCAD1C5022EBA479E7E296C6FA6921D5B80D
3055258055 17240 60431 7C20F6CF1A09EEE4F40FE6F70B0F070213E4AE0B9599CF6348B0EAC781225457
3057130535 64299 65249 3D5BEA1FEE3F673D15931516C1B2661717B260981E2E6CF9EFF00A2AAFDBAD79
3056142310 51173 23888 F10537BFFCDD58005DDECFC1D9DEF4412700F71EE8DDA4109CCE3112DE25E452
3054585448 1396 6174 7C20F6CF1A09EEE4F40FE6F70B0F070213E4AE0B9599CF6348B0EAC781225457
3054582127 32551 16333 7C3C0EBF7D8ED2E3B1224C0EDE3E058A183965C45E0DD1689720C4D844B4408C
3048616930 49936 42008 7C20F6CF1A09EEE4F40FE6F70B0F070213E4AE0B9599CF6348B0EAC781225457

Total of 0 tasks calculated error.
