Total of 100 tasks calculated correctly, accuracy 100.00% 
3062871699 19667 23582 CA13FC31DE1989ADDD922276B853EA69E812B232B723CD53A1F6FBE6A534537A
3062612843 57735 3406 57A49447366DD7050E83128349DBC066AC8C82E041232C5A633AD197ED24E3FB
3063646684 57556 997 7C20F6CF1A09EEE4F40FE6F70B0F070213E4AE0B9599CF6348B0EAC781225457
3061068577 54845 29421 3E9432083F3E083A6A5CCB1CA55E8B935E6389203DB93DB7C7A37D8A29A19DE8
3064987569 50816 55260 7C20F6CF1A09EEE4F40FE6F70B0F070213E4AE0B9599CF6348B0EAC781225457
3062555429 63986 15414 7C20F6CF1A09EEE4F40FE6F70B0F070213E4AE0B9599CF6348B0EAC781225457
3066735136 38240 21576 7C20F6CF1A09EEE4F40FE6F70B0F070213E4AE0B9599CF6348B0EAC781225457
3071550392 53853 27625 0E1BD6C013D968725A96C7A797DFD9812D128C78A111A50166B093704841E159
3070952406 38539 11981 644C285DD740245D096060FBFCC0D20AC9E48718E1E3274A90ADE46C802FEE79
3071006471 64090 18183 7C20F6CF1A09EEE4F40FE6F70B0F070213E4AE0B9599CF6348B0EAC781225457
3066185640 12659 21908 238B24831E13C1B40B3AF9D1D5D8F9608185C7D9AB6E1AD09B431E452B5D24B5
3060835246 48528 9794 7C20F6CF1A09EEE4F40FE6F70B0F070213E4AE0B9599CF6348B0EAC781225457
3065782976 42981 15467 8F2050B86F4ABD937010FEA56FA07C7B9D417A5B731FBB7FE10B2CA01B5A1E38
3070768571 36026 57115 7C20F6CF1A09EEE4F40FE6F70B0F070213E4AE0B9599CF6348B0EAC781225457
3069034007 28127 35380 55E176FAD5BEEE8924F598B26035527CBB69C00EC617DA357AA92E6CA023E5BF
3069013255 56438 62013 7C20F6CF1A09EEE4F40FE6F70B0F070213E4AE0B9599CF6348B0EAC781225457
3064427857 59912 15726 7C20F6CF1A09EEE4F40FE6F70B0F070213E4AE0B9599CF6348B0EAC781225457
3063213090 7541 724 E486CC05171DA6050E214E54FACE26BC7C2BD1203F27ADA0B8F21FEE7AAA4FC7
3070188377 28572 55627 7C20F6CF1A09EEE4F40FE6F70B0F070213E4AE0B9599CF6348B0EAC781225457
3065211447 16857 42798 97D2ADD0003197F6D7AF3A0AF9B47CDBFDC8307C56C78419A3AEB7DCAFF20F46
3064774786 13323 16740 1C3BD55B7A84DE271C75A2C2C7F6DE9957CAA21D8389007C3F98AE1836432640
3066271143 57914 13544 7C20F6CF1A09EEE4F40FE6F70B0F070213E4AE0B9599CF6348B0EAC781225457
3069233976 11494 39603 7C20F6CF1A09EEE4F40FE6F70B0F070213E4AE0B9599CF6348B0EAC781225457
3065397428 48745 10360 2C34E50BD9AE1122C2A6C5F54DABE6EECD40DC19B266FFC0210A14E15B394597
3061129504 64226 35790 7C20F6CF1A09EEE4F40FE6F70B0F070213E4AE0B9599CF6348B0EAC781225457
3069711394 377 29343 B16030DBD85BE7BD35A99A32C20C56A72B23565ACE14EBAE465492F5F4D36644
3067935560 1772 13694 7C20F6CF1A09EEE4F40FE6F70B0F070213E4AE0B9599CF6348B0EAC781225457
3061353548 28300 63209 7C20F6CF1A09EEE4F40FE6F70B0F070213E4AE0B9599CF6348B0EAC781225457
3071030952 3956 29677 7C20F6CF1A09EEE4F40FE6F70B0F070213E4AE0B9599CF6348B0EAC781225457
3067309378 63425 40539 90397F8014A3A1D877F4C90297C12BC02713C5DE169D1EF0F8A2CCCB33893D68
3064350845 32113 2432 222736098CF5CFF696DE00EE1FF828BE7044A0C7983ED6CEA785E567C251ADD2
3065689347 5534 37485 7C20F6CF1A09EEE4F40FE6F70B0F070213E4AE0B9599CF6348B0EAC781225457
3060924900 31394 29176 7C20F6CF1A09EEE4F40FE6F70B0F070213E4AE0B9599CF6348B0EAC781225457
3066086096 14400 62773 7C20F6CF1A09EEE4F40FE6F70B0F070213E4AE0B9599CF6348B0EAC781225457
3061775795 29982 58856 7C20F6CF1A09EEE4F40FE6F70B0F070213E4AE0B9599CF6348B0EAC781225457
3061119179 22014 62692 7C20F6CF1A09EEE4F40FE6F70B0F070213E4AE0B9599CF6348B0EAC781225457
3063949986 64117 44198 FB989F46D7EA273B90EFB9CCEE59F9E8CB1815052229CBE019352A1891C2E713
3063177923 54380 11352 7C20F6CF1A09EEE4F40FE6F70B0F070213E4AE0B9599CF6348B0EAC781225457
3063341657 8806 29728 7C20F6CF1A09EEE4F40FE6F70B0F070213E4AE0B9599CF6348B0EAC781225457
3061837526 21199 59718 1E815890B23EBF73B28685EAA4429233D89E3E39BAE7518115C783C3B6E6BA3E
3064677935 31789 38730 F3A2ACEC914E00D22EC839C9D13AA3C17E46FC860910643D07DB603D118E7D14
3063016135 59715 28356 11ACC0DC61E427E3DCC356AAEC614030C168589D7B6D975D7A1214287362FCA4
3063606390 14036 62732 7C20F6CF1A09EEE4F40FE6F70B0F070213E4AE0B9599CF6348B0EAC781225457
3071213750 28151 3210 EE168538F2B1B9C38BCABDC01B5E61700C341556FC808368097B138909744EE3
3063938677 39755 57831 324CF7FC53D233CF631C405B4DDE7E53176EDEF28EB68737B695C3C2015974BC
3062920922 5692 18050 7C20F6CF1A09EEE4F40FE6F70B0F070213E4AE0B9599CF6348B0EAC781225457
3060670358 59081 39740 64D0B69D977741AA9390A76AE67E2BB3CD117FD2EC5525BF70FDB5647CD526E9
3069686748 46256 34710 7C20F6CF1A09EEE4F40FE6F70B0F070213E4AE0B9599CF6348B0EAC781225457
3062714405 35450 22750 7C20F6CF1A09EEE4F40FE6F70B0F070213E4AE0B9599CF6348B0EAC781225457
3069969324 22893 6842 D74B20A5D49DBF8B77353B901F0FF1018B23CC4A72649E31FD2E65067A376B8A
3067159071 4652 24121 7C20F6CF1A09EEE4F40FE6F70B0F070213E4AE0B9599CF6348B0EAC781225457
3070547920 9074 25751 7C20F6CF1A09EEE4F40FE6F70B0F070213E4AE0B9599CF6348B0EAC781225457
3063035520 59030 51722 7C20F6CF1A09EEE4F40FE6F70B0F070213E4AE0B9599CF6348B0EAC781225457
3068445074 54397 52993 93D27C1022CEB6DD38D0DB782F426901271F806DEF5B735DCE4AEB7F9F4F2004
3068564799 142 725 7C20F6CF1A09EEE4F40FE6F70B0F070213E4AE0B9599CF6348B0EAC781225457
3065386477 17358 43455 7C20F6CF1A09EEE4F40FE6F70B0F070213E4AE0B9599CF6348B0EAC781225457
3062755563 18787 734 2B5337169270DEF70F0271CEE7251D26C49A3897736FCCC2B8D798F7CE3973E8
3065166696 55778 46826 7C20F6CF1A09EEE4F40FE6F70B0F070213E4AE0B9599CF6348B0EAC781225457
3065434387 32384 6276 7C20F6CF1A09EEE4F40FE6F70B0F070213E4AE0B9599CF6348B0EAC781225457
3066479482 10781 8374 062558A6E81E824FE2544A5B5FFF8FC3053E7839A49F2DD80AFFBA2FE1739E0B
3066602855 55733 16468 4A417EDFE1E921D0C80292A32C687D4F53ABDD5C2CE4A52B06D1015DFDA52338
3060889377 63681 54318 7C0692D416F33603ACA8E81ACD628CBD63C1F2B986A9A5620E31D2BEBCF08124
3065000402 48870 34204 7C20F6CF1A09EEE4F40FE6F70B0F070213E4AE0B9599CF6348B0EAC781225457
3062009992 3398 36218 7C20F6CF1A09EEE4F40FE6F70B0F070213E4AE0B9599CF6348B0EAC781225457
3063897552 49460 54982 7C20F6CF1A09EEE4F40FE6F70B0F070213E4AE0B9599CF6348B0EAC781225457
3064589552 4284 60718 7C20F6CF1A09EEE4F40FE6F70B0F070213E4AE0B9599CF6348B0EAC781225457
3065689764 51263 61508 67C2D4511922190A6B354E0618097760D6DE55AF68FAF8F2795F7EC7AA342862
3064169758 713 26433 6581264D792EE2196E68148872323A093C5103865E1229689D04B43A7E4BBE52
3065669643 59088 56376 7C20F6CF1A09EEE4F40FE6F70B0F070213E4AE0B9599CF6348B0EAC781225457
3065908826 39213 38924 CB8A9387FD02DE3E1C3F208CAD4D090D4689BC1945E8CDB3207F5B9A760982DD
3068749889 26291 22528 11C15817A0BDA25FB5D1692B58404A6103DA8EEC3C520F4759711283A7877D98
3071011659 10317 59939 9B385768B88BF13C66FAA813A7C5EF16D20F48496C833673496C530381D892B2
3064687137 61960 58376 7C20F6CF1A09EEE4F40FE6F70B0F070213E4AE0B9599CF6348B0EAC781225457
3070328939 6668 47883 7C20F6CF1A09EEE4F40FE6F70B0F070213E4AE0B9599CF6348B0EAC781225457
3068313579 45001 44924 7892222AE146DD22713A5B3C8C64EF940EB9128CFE1DD70A8691121F807077EF
3068309666 23194 39384 7C20F6CF1A09EEE4F40FE6F70B0F070213E4AE0B9599CF6348B0EAC781225457
3065493213 3357 24936 D38B70B052AC304697D853E4994A5C2D8DBFAA53222938DAB97498E360BC25B3
3064920742 26805 50541 9F0353EE3FC09683CE4081E4BCE3F5A70BFD9640081BCC139AAEA0893C93B6B2
3064307922 33109 12852 BB347252080D866F65A5F2EA834AE1B2144CE6ADCA89F6E1BE34AFA651F8E6B2
3063706805 62609 22469 CFB192890E7942162A26445C9627C3FA7D937128BA367BC3841CE3860C800968
3066646202 19518 894 7C20F6CF1A09EEE4F40FE6F70B0F070213E4AE0B9599CF6348B0EAC781225457
3069712227 63198 6492 7C20F6CF1A09EEE4F40FE6F70B0F070213E4AE0B9599CF6348B0EAC781225457
3063620566 5382 18023 7C20F6CF1A09EEE4F40FE6F70B0F070213E4AE0B9599CF6348B0EAC781225457
3065370140 58318 51160 7C20F6CF1A09EEE4F40FE6F70B0F070213E4AE0B9599CF6348B0EAC781225457
3062757029 31177 9062 6DD6444EA3AB4FC9B89EBB742169B09E9EEE4FA479CF05753152AD54896ABE93
3065303576 21494 45898 7C20F6CF1A09EEE4F40FE6F70B0F070213E4AE0B9599CF6348B0EAC781225457
3061159041 3739 33822 12B21E6B9B921126669C5165CBD3854E712C9594224C8CDDAFDCADA9E3441507
3063917199 9698 43108 7C20F6CF1A09EEE4F40FE6F70B0F070213E4AE0B9599CF6348B0EAC781225457
3071191270 54943 14032 33C34C1F5B3B4E44AD44B835BCA6A9F06FBF1FDD26C59B2216D59825282C2E85
3063026830 26177 43849 FC4F42EE3D8E9A761D4C743070870219298E16A3781B03073FEFFE0517A8F168
3070698996 3369 62032 FAB6020B8EC434B406985495887A24F63915089B5B713B949C8A4FBA204350E5
3067501669 42614 18319 7C20F6CF1A09EEE4F40FE6F70B0F070213E4AE0B9599CF6348B0EAC781225457
3070701482 37679 9109 F6B9781E836D7C149CD23A846B5574D3B76A1CF7CE8A6D83E5415059B1B64AA3
3065189759 32332 16758 7C20F6CF1A09EEE4F40FE6F70B0F070213E4AE0B9599CF6348B0EAC781225457
3063836460 48800 61869 7C20F6CF1A09EEE4F40FE6F70B0F070213E4AE0B9599CF6348B0EAC781225457
3072023154 27630 22616 7C20F6CF1A09EEE4F40FE6F70B0F070213E4AE0B9599CF6348B0EAC781225457
3071778627 40878 37614 7C20F6CF1A09EEE4F40FE6F70B0F070213E4AE0B9599CF6348B0EAC781225457
3065846937 51513 3979 A08DD0C36FA0CCF7618981C8331980A3F672806DE4003F8F4054C5A8711137B3
3064896398 60548 39532 7C20F6CF1A09EEE4F40FE6F70B0F070213E4AE0B9599CF6348B0EAC781225457
3060969189 52522 16721 7C20F6CF1A09EEE4F40FE6F70B0F070213E4AE0B9599CF6348B0EAC781225457

Total of 0 tasks calculated error.
