Total of 100 tasks calculated correctly, accuracy 100.00% 
3074932713 54151 55835 3F4B977EAA13ED92EC9C32836A3970D16CD3651C800BF0BBE5CD2C1A76FC321D
3073037993 16218 11417 7C20F6CF1A09EEE4F40FE6F70B0F070213E4AE0B9599CF6348B0EAC781225457
3076610303 35808 42008 7C20F6CF1A09EEE4F40FE6F70B0F070213E4AE0B9599CF6348B0EAC781225457
3077673903 54495 10278 109D27209286E1F20BDF075CC9893D8E56410C03D97AD4F8379751C2E7F6B06E
3080235156 39578 6570 7C20F6CF1A09EEE4F40FE6F70B0F070213E4AE0B9599CF6348B0EAC781225457
3084317117 58314 25749 7C20F6CF1A09EEE4F40FE6F70B0F070213E4AE0B9599CF6348B0EAC781225457
3075830072 64552 17793 7C20F6CF1A09EEE4F40FE6F70B0F070213E4AE0B9599CF6348B0EAC781225457
3075080026 6156 12961 7C20F6CF1A09EEE4F40FE6F70B0F070213E4AE0B9599CF6348B0EAC781225457
3074303356 48401 37051 10ECF34BCFBAD5A9F04A1F5179FD1E7239DCACD85E9B9DC92EBF69E5CA27E24A
3073302765 54904 2855 7C20F6CF1A09EEE4F40FE6F70B0F070213E4AE0B9599CF6348B0EAC781225457
3074146724 2102 34707 7C20F6CF1A09EEE4F40FE6F70B0F070213E4AE0B9599CF6348B0EAC781225457
3082223331 40564 47884 7C20F6CF1A09EEE4F40FE6F70B0F070213E4AE0B9599CF6348B0EAC781225457
3081421963 6678 21722 7C20F6CF1A09EEE4F40FE6F70B0F070213E4AE0B9599CF6348B0EAC781225457
3077859768 30379 43971 8261547375178457547A75B5D8637920EFE796373111CD03C89DF532342CA7DA
3072738825 639 42541 F32FF2DA1B37757C7D90FE8EF89E3C6B0B65B7750B06731D204EE33F9E2AC328
3079615325 47044 2724 7C20F6CF1A09EEE4F40FE6F70B0F070213E4AE0B9599CF6348B0EAC781225457
3080867899 14931 367 62E4CB30C3F805C536AE26319068D65A5B85D1084DBB165DBD42FCCFC30CAB45
3076799988 30176 44729 7C20F6CF1A09EEE4F40FE6F70B0F070213E4AE0B9599CF6348B0EAC781225457
3074654481 35468 10273 7C20F6CF1A09EEE4F40FE6F70B0F070213E4AE0B9599CF6348B0EAC781225457
3077787486 61292 2312 7C20F6CF1A09EEE4F40FE6F70B0F070213E4AE0B9599CF6348B0EAC781225457
3076254927 12129 19068 9B74B8509FFBD2BC665E491765EDBC66051C50C5232AC798CA4B0D492075F483
3076750911 39379 15439 1D813344C4C4BEAAE8363772621A368B4E01BC7F6D8262068C12F14C4CA51EB1
3075074839 46438 17668 7C20F6CF1A09EEE4F40FE6F70B0F070213E4AE0B9599CF6348B0EAC781225457
3073371156 61821 26634 5936384F09D15579629496BAF86DE9DE30D1ED7AE35D503A163F6FDB1AB62090
3084083273 5298 26297 7C20F6CF1A09EEE4F40FE6F70B0F070213E4AE0B9599CF6348B0EAC781225457
3078953497 10171 51711 C0B5308E5F48A31FE1877DF62E2711FC5C3C55C67937D763F69BBF9829F96C0C
3084338919 26107 10462 E295AD2ECB831589C974BA473180C05E076839109590B488E6D4AC394B845ACF
3078407294 25196 62932 7C20F6CF1A09EEE4F40FE6F70B0F070213E4AE0B9599CF6348B0EAC781225457
3078492129 20992 27948 7C20F6CF1A09EEE4F40FE6F70B0F070213E4AE0B9599CF6348B0EAC781225457
3084143199 58260 25482 7C20F6CF1A09EEE4F40FE6F70B0F070213E4AE0B9599CF6348B0EAC781225457
3078121906 48649 3011 37657D71CB7EF8F23D7EF77A14EC6282DABAE877FF3A15B8F027F9E9FB412725
3080508237 13791 32696 FE4DE8A519FADC988FD467F46F8AD8C49DB4CA5D236EB72D6729CC26F718C1EB
3081267377 36789 1056 2415E44894C7715DB788DA48C92983B0E5FFA2B0B70E9E088ECD957847D78E7D
3081488626 16273 31521 ED32CB6E2F825FF31B0816F289FB75A5309724A4CDEECB970A9ACE48D9DD7C41
3075108036 39791 59053 847408E0E698BDD5434530F36384EBDB0DF9DA23365E4DC551BE3406DCA7055F
3079375066 3576 7584 7C20F6CF1A09EEE4F40FE6F70B0F070213E4AE0B9599CF6348B0EAC781225457
3079469274 30720 47447 7C20F6CF1A09EEE4F40FE6F70B0F070213E4AE0B9599CF6348B0EAC781225457
3084343208 43126 16284 7C20F6CF1A09EEE4F40FE6F70B0F070213E4AE0B9599CF6348B0EAC781225457
3081720647 19732 51279 7C20F6CF1A09EEE4F40FE6F70B0F070213E4AE0B9599CF6348B0EAC781225457
3081503041 2908 21881 7C20F6CF1A09EEE4F40FE6F70B0F070213E4AE0B9599CF6348B0EAC781225457
3073675881 15682 43283 7C20F6CF1A09EEE4F40FE6F70B0F070213E4AE0B9599CF6348B0EAC781225457
3082314937 45915 59898 010E88115C1FA0345D433D052B35A98463DFB1DC7942AD4632178FB57E78534B
3077801364 29191 39328 04545B1FD22FBEDE1AD22DADAC416E3C30C09E8550480DA3D7182CC2A5A2B1EE
3083399373 27194 42593 7C20F6CF1A09EEE4F40FE6F70B0F070213E4AE0B9599CF6348B0EAC781225457
3080742595 1636 3014 7C20F6CF1A09EEE4F40FE6F70B0F070213E4AE0B9599CF6348B0EAC781225457
3076238958 21749 47807 0FC1EF4802B78C3DE33909509B0E4AE60FCFCF96493202289BB3F5823DDFA795
3081043816 8932 33183 7C20F6CF1A09EEE4F40FE6F70B0F070213E4AE0B9599CF6348B0EAC781225457
3075579705 18339 64332 627E8443C3BEE8A9D7C6BB419B2C260C3EF862684301F567162250508A8F211F
3083099476 6993 60105 9CEDE38A813F0D7E6EE297BD55F4007FD460DCB780F89D3C6C609BD94883B5D3
3076053852 52185 35820 4046513B3955813C96EE1C7E9A352490FF6BE7430B30BC3778B49D490DE4EDEA
3074918740 35126 48724 7C20F6CF1A09EEE4F40FE6F70B0F070213E4AE0B9599CF6348B0EAC781225457
3082213932 51123 52366 4E038B9FEA74EF0EBCC8635A30690C0E21E87455A4E90760A897E747329D989A
3078521477 7102 48163 7C20F6CF1A09EEE4F40FE6F70B0F070213E4AE0B9599CF6348B0EAC781225457
3074483280 13546 36530 7C20F6CF1A09EEE4F40FE6F70B0F070213E4AE0B9599CF6348B0EAC781225457
3073852364 21039 41552 126CA16CED1190E66E5B1EB6B79DD887076F15BB958FD17869388D38B4385DD6
3080134911 43580 53035 7C20F6CF1A09EEE4F40FE6F70B0F070213E4AE0B9599CF6348B0EAC781225457
3073253615 752 63082 7C20F6CF1A09EEE4F40FE6F70B0F070213E4AE0B9599CF6348B0EAC781225457
3080222206 1409 39013 EC60D92D746FB1D8CAFA92CBC70EE81B2314BCC340B7A9369095CAB19CA17BBB
3072902164 45413 58551 08CF8406409F00AB50421721BEB2BEF91BECA47FCC83E818CB6D4AFBB2F53131
3084136333 22714 61772 7C20F6CF1A09EEE4F40FE6F70B0F070213E4AE0B9599CF6348B0EAC781225457
3074684989 53326 48191 7C20F6CF1A09EEE4F40FE6F70B0F070213E4AE0B9599CF6348B0EAC781225457
3078294488 2908 39625 7C20F6CF1A09EEE4F40FE6F70B0F070213E4AE0B9599CF6348B0EAC781225457
3072478314 57308 58228 7C20F6CF1A09EEE4F40FE6F70B0F070213E4AE0B9599CF6348B0EAC781225457
3081095017 37761 56615 E59D58C8C1FB2F323CE0C4650F22D83B65CC1D330B5B764551BA6238D20BF67B
3079831522 60675 54699 FACC3874D05982A3B00E27131D2222C587744B143C4F968F4BC688665F90EBC4
3079590710 26732 45181 7C20F6CF1A09EEE4F40FE6F70B0F070213E4AE0B9599CF6348B0EAC781225457
3079035404 44084 63493 7C20F6CF1A09EEE4F40FE6F70B0F070213E4AE0B9599CF6348B0EAC781225457
3079278093 54337 64389 A8CDE4F0771B45ED903ECEBA1439EA3DA000EA0EBA7828C27C7E45380DFB5126
3082763426 41424 17801 7C20F6CF1A09EEE4F40FE6F70B0F070213E4AE0B9599CF6348B0EAC781225457
3080897418 8701 19814 A71D61EEFEB411551B45CD20EFE960A6DBD23C73C62105D199DAD32CC9B41FC1
3076774593 4693 48403 8E45FE44140F7EC2076D74E45F8A743694684D688CA7326F2A682892A0138FE5
3083029882 745 9593 037DA9B6EAC9E2147291C8C79C7900AA9E036E21228DCD8CD5404E754B25DC07
3081387433 31435 48122 F3836D603A9BB31CA0A9B2AA9CCD2E6860D3CBD7C6BC1A8368B63AF429968FF8
3077018526 31109 28283 2A82CEC21D9F8B043B68529D0D5013D5994CD6BDE8A722011FCD933BB5064488
3078114420 8287 5333 EAEE249860F874BDDB85D54798B460E93DD136FEE4B34BA09D772412B779D75F
3079545430 5270 30666 7C20F6CF1A09EEE4F40FE6F70B0F070213E4AE0B9599CF6348B0EAC781225457
3077779881 46514 12120 7C20F6CF1A09EEE4F40FE6F70B0F070213E4AE0B9599CF6348B0EAC781225457
3076429232 47037 62994 D4B991DB12EEF51549EB8D9DA0063DC4672AD41EE6FA07C3635C81F6F2AEA07A
3072617205 39339 10132 DCA9704E4954BF68CEE7575140DB6845D5891CD3D1C78BD4E076E629B4FBBA92
3073903881 13592 39112 7C20F6CF1A09EEE4F40FE6F70B0F070213E4AE0B9599CF6348B0EAC781225457
3079337493 55709 37982 7125084CBB1F6045677CC6B1CAC3B0AD690BCC814BB956D9C61F6DA4AC623275
3072801766 20187 20112 308BF5AB844209A1E8581BC66B2ED981F065F6648FEB7D50D4D30CA572F68FE1
3079032662 39288 15455 7C20F6CF1A09EEE4F40FE6F70B0F070213E4AE0B9599CF6348B0EAC781225457
3078190995 45803 36076 10C0DA59D086BE5E713188D6A12E1D5B1EBB0E86D287C7A445BACEAB23FDE3C9
3077864398 23277 175 9586F1E8B0ACED36D8621A0648A3D821F510C00591B43AA9B23059CE963DAEC7
3076773020 30083 60386 EFFCAE12619C413ED67E86915DED3420A271CB2220DF2CF3297AE7DCEE9AED76
3080100665 3658 34059 7C20F6CF1A09EEE4F40FE6F70B0F070213E4AE0B9599CF6348B0EAC781225457
3084313955 7747 2901 B81799BC49B6B882955949C7D688B06F12412A001A0A59A05C0D1A100F814F58
3078801577 42650 34142 7C20F6CF1A09EEE4F40FE6F70B0F070213E4AE0B9599CF6348B0EAC781225457
3078647696 17862 45285 7C20F6CF1A09EEE4F40FE6F70B0F070213E4AE0B9599CF6348B0EAC781225457
3080071167 39632 21435 7C20F6CF1A09EEE4F40FE6F70B0F070213E4AE0B9599CF6348B0EAC781225457
3081708321 25260 53069 7C20F6CF1A09EEE4F40FE6F70B0F070213E4AE0B9599CF6348B0EAC781225457
3079889480 22433 17471 6832C93130AEA67C882E2500ADA5D4574619B2A0580062B62F8CDC67C92C7F6F
3082387382 9767 20856 37B9794F365B883F5F0772C79614F84B33AF45F075CA2CE96068309D9F02DBCF
3074783661 27676 27551 7C20F6CF1A09EEE4F40FE6F70B0F070213E4AE0B9599CF6348B0EAC781225457
3078103721 58548 45771 7C20F6CF1A09EEE4F40FE6F70B0F070213E4AE0B9599CF6348B0EAC781225457
3074540608 41695 44531 3189092D2F7B9D2F9A67C44D37A87C829FB504DF2A8E1379E32CDC252D3ED475
3077561584 15023 55835 4D377705A7597EE4D5BE10632C225A9E91D13A12A19B9878DC1770CECDC7EA62
3075399164 8634 32833 7C20F6CF1A09EEE4F40FE6F70B0F070213E4AE0B9599CF6348B0EAC781225457
3081897899 6432 8003 7C20F6CF1A09EEE4F40FE6F70B0F070213E4AE0B9599CF6348B0EAC781225457

Total of 0 tasks calculated error.
