Total of 100 tasks calculated correctly, accuracy 100.00% 
3086697966 11292 49754 7C20F6CF1A09EEE4F40FE6F70B0F070213E4AE0B9599CF6348B0EAC781225457
3091259320 28199 25753 E8667FFFF5ADA22D099261D4B51761902D9E5E7533587F66D7AE5001DD06F901
3090399889 23245 65184 799745B10AC22CB6E3380CB0AC4273324BF16D072F935AAFCD33B655A6139F31
3093273774 52413 31857 846AAB0D719F3D9AB2DD5B5AF420740AEFFC8E3B8DBEB00E84115397F5F492C1
3086372374 43732 62732 7C20F6CF1A09EEE4F40FE6F70B0F070213E4AE0B9599CF6348B0EAC781225457
3090809579 43985 59629 189028D597622665C2F4AD37A8DE374935B39E910DBF521E44C9FBA8B46A6BBD
3091094138 2335 21385 C4EC366F79C231A39F14E9E3886C88CC678E7B450A5CCE7ED868CB37C5992B89
3088280167 33020 58771 7C20F6CF1A09EEE4F40FE6F70B0F070213E4AE0B9599CF6348B0EAC781225457
3085946680 61624 43237 7C20F6CF1A09EEE4F40FE6F70B0F070213E4AE0B9599CF6348B0EAC781225457
3087018388 48065 2831 4C9127DD546E6AA847DA98126E30428D9B43FE2ABF37FFC6706C0F5B1B9E86B7
3084881294 7462 33388 7C20F6CF1A09EEE4F40FE6F70B0F070213E4AE0B9599CF6348B0EAC781225457
3086548017 5239 479 41F6EA26504F0F7EF237B148D1FDBA0BA5253C557C03B920CF8D584B8293090A
3092065115 8635 58100 57E01CE0FDCFBF56784DFBE7A97DA09D32EAFD3232E47859BE8D68F4299CED20
3093749938 35540 25777 7C20F6CF1A09EEE4F40FE6F70B0F070213E4AE0B9599CF6348B0EAC781225457
3090426265 20012 14776 7C20F6CF1A09EEE4F40FE6F70B0F070213E4AE0B9599CF6348B0EAC781225457
3093990191 42795 56947 D2C982FC09D17E18FEA7DCC1CD16CA88DE281997B02BE1F18FE2945070846745
3089374071 24438 49398 7C20F6CF1A09EEE4F40FE6F70B0F070213E4AE0B9599CF6348B0EAC781225457
3092541854 19969 24341 47E8B5B017FB54A53030448D266AB93C7B7D9E4593941F8FD90EF794D828AABD
3093097503 23719 61928 A8FC809FD787ADEAE621CA7396AB3A4B300C2F366909A9F1CD85C8A7DEA54DF5
3085429319 11336 12334 7C20F6CF1A09EEE4F40FE6F70B0F070213E4AE0B9599CF6348B0EAC781225457
3094319156 22878 42158 7C20F6CF1A09EEE4F40FE6F70B0F070213E4AE0B9599CF6348B0EAC781225457
3090134328 33881 57676 7BC3C34DAF74A5DD157A46A343D72BBD642671AC63597BC947594551A935C771
3086448128 3464 46267 7C20F6CF1A09EEE4F40FE6F70B0F070213E4AE0B9599CF6348B0EAC781225457
3091638611 22302 462 7C20F6CF1A09EEE4F40FE6F70B0F070213E4AE0B9599CF6348B0EAC781225457
3092500996 35487 43284 E83FBA2C2FB1913C5EF8C7D63044ACB90D61880DB794DBC7F204B929052E34F1
3096297212 40263 10966 85420FAEBFC4265A7BE21D77ADB762D1AF4CCCC47BED4D3CE2441B5B1CF4D31B
3085829424 11917 16484 F4A9D660BAE2A949A50A94A4A1E409D8A839D5684171D0943F31B089D7772BEC
3091203705 63492 42159 7C20F6CF1A09EEE4F40FE6F70B0F070213E4AE0B9599CF6348B0EAC781225457
3091519620 13692 62193 7C20F6CF1A09EEE4F40FE6F70B0F070213E4AE0B9599CF6348B0EAC781225457
3087824493 17668 36227 7C20F6CF1A09EEE4F40FE6F70B0F070213E4AE0B9599CF6348B0EAC781225457
3094784976 34447 61664 F4431CFC2E4F6B678BF3E8E78D97D02CE1337467F56F9B1A3D3B86878377CC4A
3086982699 57184 4701 7C20F6CF1A09EEE4F40FE6F70B0F070213E4AE0B9599CF6348B0EAC781225457
3087362889 2755 20958 AD28884261AAC664750D37ECC196F4FB2784215DD88272A0EF8B24C88F9BD354
3088374609 13928 45508 7C20F6CF1A09EEE4F40FE6F70B0F070213E4AE0B9599CF6348B0EAC781225457
3089020763 49189 46203 3E3DA1B0DB91599B470558E2EE5B2A4EB63C6A1494994C8D9D30298FE1465988
3089557320 21361 27070 340A7562B3CC7B5B7037D1BFF642C05B8A6C079A27E4386D8912230D03F19C31
3091008952 65224 38274 7C20F6CF1A09EEE4F40FE6F70B0F070213E4AE0B9599CF6348B0EAC781225457
3084588826 32268 59694 7C20F6CF1A09EEE4F40FE6F70B0F070213E4AE0B9599CF6348B0EAC781225457
3087082638 23290 45209 7C20F6CF1A09EEE4F40FE6F70B0F070213E4AE0B9599CF6348B0EAC781225457
3085986788 35522 617 7C20F6CF1A09EEE4F40FE6F70B0F070213E4AE0B9599CF6348B0EAC781225457
3094721975 65362 5278 7C20F6CF1A09EEE4F40FE6F70B0F070213E4AE0B9599CF6348B0EAC781225457
3095129415 47998 20763 7C20F6CF1A09EEE4F40FE6F70B0F070213E4AE0B9599CF6348B0EAC781225457
3094444067 48576 59498 7C20F6CF1A09EEE4F40FE6F70B0F070213E4AE0B9599CF6348B0EAC781225457
3095455348 37613 2281 1493EB726E659DC1DCF36966B7F88CBB11A33D76780B27486D5094D61200881F
3095049905 40605 48884 987CBEF5BBDD04B696DAFF9D9BB5C2F5122BD99A01391DFA2172A568F411E8C1
3089444451 6796 205 7C20F6CF1A09EEE4F40FE6F70B0F070213E4AE0B9599CF6348B0EAC781225457
3092954016 49078 61526 7C20F6CF1A09EEE4F40FE6F70B0F070213E4AE0B9599CF6348B0EAC781225457
3093030611 48029 9938 7E7B9C0B034BC2CE7F9C7F823F8FED2DB1FD8B1FD6833C44C0C519DB57B607BA
3086021270 25511 30604 9ACA402D67A4125C710AF7E4E07DC4C36835C8E01753F67FA545BD49D8FC6CE8
3091225913 32852 51366 7C20F6CF1A09EEE4F40FE6F70B0F070213E4AE0B9599CF6348B0EAC781225457
3092282133 50037 9956 7238546BBBA8B4D11A168003ADDA0622543CC23758446543A6BBA42BD556BFA0
3088202016 14535 15055 629EE9AE9AAD85131B1CBD4C981DB33EBCE8F1D8E6221CC2B20602FF24CAAE93
3087634352 36864 48215 7C20F6CF1A09EEE4F40FE6F70B0F070213E4AE0B9599CF6348B0EAC781225457
3089327677 6903 6899 9E7FEBF0362D687EB27D10F8AC48DF012DFBE732249BA86AFCCDC0CE78E98ACE
3084562492 57219 14911 5DE2B26E3E87DCDE96654536A89BFE0662967D41C2972154387CEEDDE6E4ED0F
3091849049 7215 49703 34C2967E37351BE64B720CBF2E9AFD4924008901B0AA362205469AE83917372D
3090186033 42143 55786 426F2DD0DF25861F0811BCBB10C69B1888A46A98B9E317DD51F1A9BE3D220F9E
3095132690 21955 3632 C587592D096D43BBD6E545F28F6B28A0668034D260E5A4DEAC78E2D39CAFBC3C
3096027131 8837 56281 CAB30DD098403AC94FAFDBA67FDBB9585D37D2889CC21A2B102FEA7E13421388
3085164453 46737 14822 1A9252AA35D1FC7DEB5356F32BE1CB70CE8A054C0516BD545A24C81FE10C0C71
3095406082 23946 52976 7C20F6CF1A09EEE4F40FE6F70B0F070213E4AE0B9599CF6348B0EAC781225457
3094934084 63252 30993 7C20F6CF1A09EEE4F40FE6F70B0F070213E4AE0B9599CF6348B0EAC781225457
3085639883 49861 9061 24ED44EBD484F87BCCC81186B8E2D721022F150602D2884AC0307C3ED2D54556
3094425248 43666 23254 7C20F6CF1A09EEE4F40FE6F70B0F070213E4AE0B9599CF6348B0EAC781225457
3085518279 21204 6799 7C20F6CF1A09EEE4F40FE6F70B0F070213E4AE0B9599CF6348B0EAC781225457
3092531940 18739 24542 371AFBC56E3DD5DDC6B9A079AF91D4807838B20E9894BE8D98942AF148540A78
3087432423 6444 36673 7C20F6CF1A09EEE4F40FE6F70B0F070213E4AE0B9599CF6348B0EAC781225457
3095669806 15202 52714 7C20F6CF1A09EEE4F40FE6F70B0F070213E4AE0B9599CF6348B0EAC781225457
3090048093 5927 35990 7D4DDEC56DD4477E9676FF81DE526EE589E12EED34F11BF89745CBF7B54D3A0F
3089789683 30299 19149 0DD3955345719A40DB584B188695F99CEFE09A730E8F0BFD0F600343702107C3
3091785765 7142 13190 7C20F6CF1A09EEE4F40FE6F70B0F070213E4AE0B9599CF6348B0EAC781225457
3093223641 15522 58698 7C20F6CF1A09EEE4F40FE6F70B0F070213E4AE0B9599CF6348B0EAC781225457
3091707467 54269 50542 3B48137E1B57051C571D595EB7234E3B588E6398DFAECAE9A1ABCA5D255736C7
3086323633 9825 25412 2FFB701D4F70754AB5D150B330AA4CD454A9E45F357B89ED9D85D33920A10F56
3084865850 23500 12363 7C20F6CF1A09EEE4F40FE6F70B0F070213E4AE0B9599CF6348B0EAC781225457
3091562573 55120 10827 7C20F6CF1A09EEE4F40FE6F70B0F070213E4AE0B9599CF6348B0EAC781225457
3089019372 59396 23303 7C20F6CF1A09EEE4F40FE6F70B0F070213E4AE0B9599CF6348B0EAC781225457
3088894168 44769 59481 67D9252F8714204299CC511B48EB9CDAD23E502959773B07AB7F127437B96DA8
3093010331 61375 41502 B1A003862D65597453AE7D839491315FB45FF687B52CE1501A868471D2E690BD
3094282313 6979 39348 B3E0966419D90D95B10EAAFE5DA16AC8236B1637ECB3C40D2F96DC76C92C4C2F
3094546769 39083 820 0808B246397D6EFEE825176E52315B998E53D74A50D52D9EB38F4D1498FBB45A
3095259444 40683 13872 1813FF437663B50F1F5CFD62A74B32DC7090470C043C52075C7450B6FA0B5778
3087016916 13539 32592 E19DE514AC00D98C6BC1FE9C7FDD5967DAE208202261379E181096625165433A
3087563528 29633 30890 4A93EC950A9C420CE004D8E4914A9DA831D1BD0331BBC785650271D40FF5B324
3090939065 17039 24759 0F985B3C9F063D32CC724738BDA61D3AD55579E7FD0B5436E6C339EA417216B0
3085530725 15536 46665 7C20F6CF1A09EEE4F40FE6F70B0F070213E4AE0B9599CF6348B0EAC781225457
3094998522 45834 41545 7C20F6CF1A09EEE4F40FE6F70B0F070213E4AE0B9599CF6348B0EAC781225457
3089577127 21292 56876 7C20F6CF1A09EEE4F40FE6F70B0F070213E4AE0B9599CF6348B0EAC781225457
3093008873 55829 13663 F8F9F7BFB8E7DB40A9BFEB09A48E2A8E7D980655861F1310560B87DF608ADA0F
3089125704 19233 5161 FAB453B36BAF435850B92DE22D0C66FF3DB1484032A731B8D06C260E2492F898
3087705157 56684 46353 7C20F6CF1A09EEE4F40FE6F70B0F070213E4AE0B9599CF6348B0EAC781225457
3086391103 23567 48641 C808DBD33F77FAFA604D09FAA9D6DD632348B07B3CBE534D1EB274EF917B5953
3093189903 35608 33350 7C20F6CF1A09EEE4F40FE6F70B0F070213E4AE0B9599CF6348B0EAC781225457
3091911848 7564 38111 7C20F6CF1A09EEE4F40FE6F70B0F070213E4AE0B9599CF6348B0EAC781225457
3088740982 1015 8737 353905C97728AF75330E5D5C60DED0F306FC809219C5701010556840809BCC8D
3088379560 55841 60106 B20CC459331B0246E974B1B2966D383AA4C1BE1E828534F4F9E8E8DCD90F5874
3088364789 16771 56233 948BD2325E3BA4992CB7C46237A602ADCD23E260CA3B8DA2AB1D070C216CC76C
3093119709 52718 38900 7C20F6CF1A09EEE4F40FE6F70B0F070213E4AE0B9599CF6348B0EAC781225457
3091791222 40028 20381 7C20F6CF1A09EEE4F40FE6F70B0F070213E4AE0B9599CF6348B0EAC781225457
3089705060 41320 49775 7C20F6CF1A09EEE4F40FE6F70B0F070213E4AE0B9599CF6348B0EAC781225457

Total of 0 tasks calculated error.
