Total of 100 tasks calculated correctly, accuracy 100.00% 
307354284 33408 50735 7C20F6CF1A09EEE4F40FE6F70B0F070213E4AE0B9599CF6348B0EAC781225457
306354907 2798 10217 7C20F6CF1A09EEE4F40FE6F70B0F070213E4AE0B9599CF6348B0EAC781225457
311695999 38493 14475 F7425B0FAFD1B93210C90C479952A525D11C587247F76C73E9E6191BEEA16DE9
307940135 43204 3585 7C20F6CF1A09EEE4F40FE6F70B0F070213E4AE0B9599CF6348B0EAC781225457
306035686 24851 34175 F97970EF1F3A27DC245DB91553015F4A99EBC96FF00F2E2B702319B40822B6C8
304754920 2342 26926 7C20F6CF1A09EEE4F40FE6F70B0F070213E4AE0B9599CF6348B0EAC781225457
303850867 63147 53481 D76A39D932DCCEFCD30792269B51DED31A2ED397D9C9430CF8746F991395ADB8
304895035 10910 978 7C20F6CF1A09EEE4F40FE6F70B0F070213E4AE0B9599CF6348B0EAC781225457
303974507 62196 48304 7C20F6CF1A09EEE4F40FE6F70B0F070213E4AE0B9599CF6348B0EAC781225457
301439859 9785 56496 5BBC171CCCE95BDBA7E62024185EFF402315CC18E1815BD7933855F517DE69F5
304785259 21452 2499 7C20F6CF1A09EEE4F40FE6F70B0F070213E4AE0B9599CF6348B0EAC781225457
302545280 57585 32883 BE34FE6BA09BC46EEB467600BE898BDFDB2E0090B630BD4B5F96CA1286888D44
305644129 12366 9117 7C20F6CF1A09EEE4F40FE6F70B0F070213E4AE0B9599CF6348B0EAC781225457
305486608 28289 13425 CBEDFFCEDD11AA7CDDE4EDAE8A4F47DAC0DAD536D6549F0E4839F1D440AAF6AE
303423353 65305 1076 99AF259AE2AE2C4296E6B6B4FABC20228B139039220E3BE9448D58C83EF08683
304569623 44944 30346 7C20F6CF1A09EEE4F40FE6F70B0F070213E4AE0B9599CF6348B0EAC781225457
301275312 15034 56105 7C20F6CF1A09EEE4F40FE6F70B0F070213E4AE0B9599CF6348B0EAC781225457
310496019 16760 61540 7C20F6CF1A09EEE4F40FE6F70B0F070213E4AE0B9599CF6348B0EAC781225457
309832182 59678 42992 7C20F6CF1A09EEE4F40FE6F70B0F070213E4AE0B9599CF6348B0EAC781225457
307169889 60181 49649 3B4F5751B3FB00E39FDA76EBB98E064FF72B00C78294FD1043043CA1887891C9
305941911 24380 30651 7C20F6CF1A09EEE4F40FE6F70B0F070213E4AE0B9599CF6348B0EAC781225457
303119708 19897 7001 93BA899ED94F4BF521F42928B88D2626E447FAE7A5E14CDF36E7F95BE4C4C798
301851627 38154 8377 7C20F6CF1A09EEE4F40FE6F70B0F070213E4AE0B9599CF6348B0EAC781225457
301412389 60379 42128 B0B120BE6F2FF242D260F1A2256034A701FECD48F612D426B7C6AF0396C5AB62
306556830 43700 47091 7C20F6CF1A09EEE4F40FE6F70B0F070213E4AE0B9599CF6348B0EAC781225457
305715702 41781 21153 265C999A2EBEAEA7E9DCEA55750BF039407D8A6ADD559E16B477E884A223684C
309322490 61281 7646 6341ABB9E0034637D8BEF7D30BF00686278D42DE0A10BDB0E8E0433DF84E1853
307232117 46275 15087 5468A9DF8E6390C587CDBEDA9491A9245B77A98B9951FF5BD4C28817A6DC01D3
304072572 41233 63165 DECB8229689E7F31EF963F6F7811B0F05625AF7B715C5DA837B64A19D8835020
300674491 25776 10467 7C20F6CF1A09EEE4F40FE6F70B0F070213E4AE0B9599CF6348B0EAC781225457
311206403 60572 3830 7C20F6CF1A09EEE4F40FE6F70B0F070213E4AE0B9599CF6348B0EAC781225457
300987570 5469 16242 26FB64F82ADC9B569AFE19FEE9FA56B82D065A7FCCB55776FC20CC9E3A78EB65
305102838 22407 57650 38F49013719E3FED787AE74662E8093C3E0622BB40FD5C37654945CD869AF554
312176692 19880 40204 7C20F6CF1A09EEE4F40FE6F70B0F070213E4AE0B9599CF6348B0EAC781225457
303779449 14637 19997 7913189698AD80EC2C9DF09E601D5D9184B9CB090A88E9ABCBC9A3400467AD31
306510251 1551 3523 6DA3C2B4023D0AA53AE652906B4DD81D0C27169053CFF5B9BFDA51C051F93F68
308703356 58197 32750 1CE2C4B5E6D03FA97EF58FAEBF82942C3EE2DDE089F2A8E1FDE9CC3A1D91EA0A
301905106 22173 50169 6FADDF00B20FD183E8E4DF544EA1EE1F78A2C05CAAF08996149901803610C82E
302200733 7413 1053 763D7A99B152C084F9E0A348D0E96B1CE5F675C006DE555DFF388762DE5B2E4D
305452935 63158 35367 7C20F6CF1A09EEE4F40FE6F70B0F070213E4AE0B9599CF6348B0EAC781225457
308548766 12940 27271 7C20F6CF1A09EEE4F40FE6F70B0F070213E4AE0B9599CF6348B0EAC781225457
310572191 38508 9197 7C20F6CF1A09EEE4F40FE6F70B0F070213E4AE0B9599CF6348B0EAC781225457
303483678 1883 39799 3EF67D195E62C84FF05232FCBB5834421CB1494C91490D69A42898D97A6EF390
306607665 51616 7163 7C20F6CF1A09EEE4F40FE6F70B0F070213E4AE0B9599CF6348B0EAC781225457
310031097 5035 37240 7BCCAABBD0D13704B1ADED5FF54D33EFFD9D973D09A980BA14962EDEF7DF7899
306270307 35088 33325 7C20F6CF1A09EEE4F40FE6F70B0F070213E4AE0B9599CF6348B0EAC781225457
305225524 52613 4646 788BE235009F81FAB17334E68E168E2CED5B5DD486D280CD2DF5CD222BC7F9F5
302505182 14334 32463 7C20F6CF1A09EEE4F40FE6F70B0F070213E4AE0B9599CF6348B0EAC781225457
303112989 33787 52743 CEF5D4A8F04B1AC765550AB33CA9A6C1F171F7F5449DBE67D9BB30703C6A4FD4
303323374 52697 39354 DC52BC4C81FE09D27FF64EA65C0480F8E113F6278B46CF05B868D0AA5E14DCFB
310677001 59341 10102 A4E8549D2C697A21ECAD71B201734271B66F6FEA514D898D8E389DA02EC75195
301920762 30381 32697 EDDE6605D89117A57E54B4B659EE237B6E1AE8CAAFFFFABCA56E1BE442C2BF85
303486955 58790 8990 7C20F6CF1A09EEE4F40FE6F70B0F070213E4AE0B9599CF6348B0EAC781225457
304824502 45601 42489 B722349CA07BFF953B99B402A835895A25D63BE8B86E5A3D0321B23B554F57A2
302204099 59725 38603 0BE1DD06E40057A1B1C1677625C00550CB47315042F748F1B8B60180B9B549F3
306149514 22630 47423 7C20F6CF1A09EEE4F40FE6F70B0F070213E4AE0B9599CF6348B0EAC781225457
300887849 19870 33866 7C20F6CF1A09EEE4F40FE6F70B0F070213E4AE0B9599CF6348B0EAC781225457
311057266 53652 13302 7C20F6CF1A09EEE4F40FE6F70B0F070213E4AE0B9599CF6348B0EAC781225457
301328465 5163 11576 05FFCDC83F00197ED25E495A0BBAA2BE6D83714237B78CED2C05E29E92446B5C
310442162 9236 45209 7C20F6CF1A09EEE4F40FE6F70B0F070213E4AE0B9599CF6348B0EAC781225457
309845753 39203 21833 0FE359FC5EA992EC619CDF1A35931978649EAB3AA2EEB75A52FA1977EF7F37B9
305502506 54503 11860 40230DC9627302EEAB7976819CFE88E92A1F8EEEE79C8E099D6366B5926F871D
304977087 29187 8380 3226344D86CC92614471F9B244E9EE08D0C3DBF20E3690CB653B985192D1D089
302239161 34469 38261 124E245F8FAC005ED8B6B1F654BAF155197BDFB389E2D6FD9649D8E64FA47029
305789492 61902 15807 7C20F6CF1A09EEE4F40FE6F70B0F070213E4AE0B9599CF6348B0EAC781225457
307102651 18070 46423 7C20F6CF1A09EEE4F40FE6F70B0F070213E4AE0B9599CF6348B0EAC781225457
306920059 19573 46297 B34DEE46F9C9117DBD368E18647D317E3E5A5E2018C68297A5C60AA8BE8C659E
308351556 5858 53462 7C20F6CF1A09EEE4F40FE6F70B0F070213E4AE0B9599CF6348B0EAC781225457
306706217 57807 40182 661BC81D690EB15DDEF18C2779A054CEF375064CFD356AADF9A87FE122E74C61
303931157 33950 25757 7C20F6CF1A09EEE4F40FE6F70B0F070213E4AE0B9599CF6348B0EAC781225457
304130446 37718 9283 7C20F6CF1A09EEE4F40FE6F70B0F070213E4AE0B9599CF6348B0EAC781225457
310785398 10292 1927 7C20F6CF1A09EEE4F40FE6F70B0F070213E4AE0B9599CF6348B0EAC781225457
302098422 57054 58186 7C20F6CF1A09EEE4F40FE6F70B0F070213E4AE0B9599CF6348B0EAC781225457
303542390 59505 36768 B7A1408EE6AEDB06B2E9AFEA6AF0E04252B7E023E7E3CE1777FD6C7EAC4EFB1C
302361033 28876 52567 7C20F6CF1A09EEE4F40FE6F70B0F070213E4AE0B9599CF6348B0EAC781225457
310018020 44029 47639 0308BA1AE6819DE7FD5B13122EF4672F04B9957BF823761E52E1085EE606B279
310794984 24600 58704 7C20F6CF1A09EEE4F40FE6F70B0F070213E4AE0B9599CF6348B0EAC781225457
309257087 40197 58074 9A53A9E3E4954DCAB5B18AA67364ED601E747DBDD0B07B0086131B47D5E86CAE
309575212 54701 38968 32D619D9553D2CD39E1A7EFD4510E429AA989FE6CB7B37B182439E3A2CF3555B
307662287 27255 54998 117335210E2A87D5820D666E21341C8B830188E75F95B21BD0A2EBB5A29178A5
311548644 39542 37803 7C20F6CF1A09EEE4F40FE6F70B0F070213E4AE0B9599CF6348B0EAC781225457
303329013 56315 58986 2137F8B6DBBAAD007979DDBF37EB09704EFA2B4DCD60846299272521880A4A78
306531862 9493 13360 6D1ECF2159756A82502A07D92C3DD13A74C69A3DC7357613A2BA02769DB3E218
308453292 33019 299 E2788D3FF097226C8798A5AB1408A92C7EF6E0C3A0D396A85785D5476337F78C
305077469 45122 7919 7C20F6CF1A09EEE4F40FE6F70B0F070213E4AE0B9599CF6348B0EAC781225457
304783811 63527 55503 5F858B16FB3FF2EC8C7C4EA790789C6F1D26E1F4907FBE092BAADD055166E8AA
308418471 47298 47658 7C20F6CF1A09EEE4F40FE6F70B0F070213E4AE0B9599CF6348B0EAC781225457
309403026 31719 47763 673695CA893C31C78FAD819BC3099639B9F16EE732378676BACCE5D1E4B4ED69
307734818 33197 22600 D1E0432E52C3EB33AB1B6DF3084F17FAE417D4CDDF143C75BA0AD9D2C946D41A
309394657 27640 5856 7C20F6CF1A09EEE4F40FE6F70B0F070213E4AE0B9599CF6348B0EAC781225457
308770538 43311 29389 912E41DD65A076381F4CB512FE60F84C1715D625E11820DBF8DBEB1AFBE46C13
307698584 25071 3411 66616C1A3320D19A268E985EAA45CBD0DFEA53844E68A81C4222F5C105960235
309669096 11578 27342 7C20F6CF1A09EEE4F40FE6F70B0F070213E4AE0B9599CF6348B0EAC781225457
310558984 40484 23567 7C20F6CF1A09EEE4F40FE6F70B0F070213E4AE0B9599CF6348B0EAC781225457
303638962 18329 32507 E4C8991F66171F5636F9E716585F5E46624CE1030AE2776A15A66042162AFC74
305736288 43092 19977 7C20F6CF1A09EEE4F40FE6F70B0F070213E4AE0B9599CF6348B0EAC781225457
310514698 39800 36688 7C20F6CF1A09EEE4F40FE6F70B0F070213E4AE0B9599CF6348B0EAC781225457
302531268 30717 37523 172651F0832781A953FB451E21FFA151ACDCAC90F9FAEC9D91B79DF84EB6927D
306467809 46831 29777 96DA1CB6275FE220D1B0A96898B224ED500B7036717BCFD557F56295EAC44A3F
302537716 15715 21035 F458A864C2D19253FD51B09C01554991451E820D112B096DF096F27ABADC4FB6

Total of 0 tasks calculated error.
