Total of 100 tasks calculated correctly, accuracy 100.00% 
3140820082 46389 25155 CD6A10423A5620AD49C2FCA69BDCA6291B6F0CBA5A323662123FB66416BE7D1A
3137113452 24346 59494 7C20F6CF1A09EEE4F40FE6F70B0F070213E4AE0B9599CF6348B0EAC781225457
3144143399 18041 11714 54CA394B76B676DFAB9FE86A1A4B78690F61C9A16937D6DC9B526A6B955F1EEC
3135577918 61186 46940 7C20F6CF1A09EEE4F40FE6F70B0F070213E4AE0B9599CF6348B0EAC781225457
3133879613 170 18847 7C20F6CF1A09EEE4F40FE6F70B0F070213E4AE0B9599CF6348B0EAC781225457
3143974889 10854 3614 7C20F6CF1A09EEE4F40FE6F70B0F070213E4AE0B9599CF6348B0EAC781225457
3141607420 5416 12021 7C20F6CF1A09EEE4F40FE6F70B0F070213E4AE0B9599CF6348B0EAC781225457
3137487084 29553 60683 1D1360CC5F254BF4E547A025DA59851DF48146C005C264C21821696490D753D6
3132700427 54938 64140 7C20F6CF1A09EEE4F40FE6F70B0F070213E4AE0B9599CF6348B0EAC781225457
3133087555 12376 35718 7C20F6CF1A09EEE4F40FE6F70B0F070213E4AE0B9599CF6348B0EAC781225457
3132796848 31631 43177 C45722C7C4FA598D74BD1E4EC517EE6C84D9FF3C37CD7999212EC1646020727A
3142336591 36491 45266 933DE53ACDDF903A9BA8878F11EB823D8A4534831C4CCC2D084AF70A54218629
3133822599 59060 37062 7C20F6CF1A09EEE4F40FE6F70B0F070213E4AE0B9599CF6348B0EAC781225457
3144311610 52708 34649 7C20F6CF1A09EEE4F40FE6F70B0F070213E4AE0B9599CF6348B0EAC781225457
3137297876 56489 26184 90690E2AF732ED2191897099A0CF8757DF1365098EC09F134C52FB444738774F
3136837801 39981 12710 EA19B70227F9D677378836B6790AD7AC647C942712D06BE3A76C66008D0CE4B9
3138484771 63196 39137 7C20F6CF1A09EEE4F40FE6F70B0F070213E4AE0B9599CF6348B0EAC781225457
3133128851 23282 22980 7C20F6CF1A09EEE4F40FE6F70B0F070213E4AE0B9599CF6348B0EAC781225457
3143734878 59275 29820 E6781B4AEEE809D49C45E02BE2A9411F9BE3173B0B8E42DB6C0AFD38A80247B4
3141542380 25549 15748 3873CC0F74992D3B76A5DF9897C72A40C7576C79C8B1AC4C30736B36B18C6401
3136468611 64000 60049 7C20F6CF1A09EEE4F40FE6F70B0F070213E4AE0B9599CF6348B0EAC781225457
3137469696 63237 42432 3D7DB35E6650144CC7916811A4C7ED29E4F8D81B7290424CD95F6D754223C5F8
3132858694 7026 3868 7C20F6CF1A09EEE4F40FE6F70B0F070213E4AE0B9599CF6348B0EAC781225457
3135756314 5255 29529 4AB272D73763FFBC6BF8713FE6E148705B8D02CC8D02DE54379E704D0161AF21
3137697464 35333 15383 CB5C3F4C0B3B7CF5A0025BD8AECA27705AE6F39A15B33304DA9B5494DC1006E8
3133691721 16457 52454 9D37DC0563C16984FB063E4E41FF5401A7706BF564378AE390D2FFB8AB96AC8B
3140568293 57208 7374 7C20F6CF1A09EEE4F40FE6F70B0F070213E4AE0B9599CF6348B0EAC781225457
3136173574 57774 17530 7C20F6CF1A09EEE4F40FE6F70B0F070213E4AE0B9599CF6348B0EAC781225457
3142277880 25301 236 F391486CDA6D33E2029CEC3F8D8CB3A4236D6D58077B967215C7EC843121EB5C
3137487282 51518 57759 7C20F6CF1A09EEE4F40FE6F70B0F070213E4AE0B9599CF6348B0EAC781225457
3138326146 55520 30130 7C20F6CF1A09EEE4F40FE6F70B0F070213E4AE0B9599CF6348B0EAC781225457
3138154524 6712 31129 7C20F6CF1A09EEE4F40FE6F70B0F070213E4AE0B9599CF6348B0EAC781225457
3133232748 58837 40077 F06E331B4D7C4BC6CDAE3B2E8F68CED83276538F84EFEA260A0E118A5D7CA4A9
3141771934 21763 9246 2DDBACF700FF8DC3B2BEC07E522B00550E7E6708D76EFF5ADCBFFE0F3065395D
3140130205 35824 39411 7C20F6CF1A09EEE4F40FE6F70B0F070213E4AE0B9599CF6348B0EAC781225457
3142541876 57050 3045 7C20F6CF1A09EEE4F40FE6F70B0F070213E4AE0B9599CF6348B0EAC781225457
3140937969 61542 5736 7C20F6CF1A09EEE4F40FE6F70B0F070213E4AE0B9599CF6348B0EAC781225457
3132901013 16120 59598 7C20F6CF1A09EEE4F40FE6F70B0F070213E4AE0B9599CF6348B0EAC781225457
3134887483 34759 23900 A04DDA37EE84F8DE2810E54DFB9F2CD0AAE6F64041EE1F649A2BC620C7949DA6
3144232699 58734 28705 7C20F6CF1A09EEE4F40FE6F70B0F070213E4AE0B9599CF6348B0EAC781225457
3136480990 25748 29247 7C20F6CF1A09EEE4F40FE6F70B0F070213E4AE0B9599CF6348B0EAC781225457
3138543756 47650 44797 7C20F6CF1A09EEE4F40FE6F70B0F070213E4AE0B9599CF6348B0EAC781225457
3136124498 18584 39565 7C20F6CF1A09EEE4F40FE6F70B0F070213E4AE0B9599CF6348B0EAC781225457
3134752633 42679 21926 5AF76BFBF1CB2721A2EF146F7AC94540A17740C6C2B4ECE6DE1286650EDF9D7B
3135143938 34871 61417 679061F8C6005333DB3A3EA3B6ADB254A0F3C0FF101A8241CF398EEFCC2344D1
3132650413 41991 61285 AAE6AF2257252EE0CE5F8D2CD64FD1037415A173B3E6AE0DB19F328D9005AE3B
3132536638 1240 42186 7C20F6CF1A09EEE4F40FE6F70B0F070213E4AE0B9599CF6348B0EAC781225457
3141572451 10398 791 7C20F6CF1A09EEE4F40FE6F70B0F070213E4AE0B9599CF6348B0EAC781225457
3135448079 1745 32607 493A278F181D843D52C0BD4245DC1DAF56943F19B0EBA1EBA8A1CD41B530E565
3138651573 33380 33698 7C20F6CF1A09EEE4F40FE6F70B0F070213E4AE0B9599CF6348B0EAC781225457
3139574750 38081 36047 4D83AA31BB9C59BD3E7DE9974D7BC469A10ED4D2A62AEA174DB372DF15EA2A8F
3141703894 64716 17474 7C20F6CF1A09EEE4F40FE6F70B0F070213E4AE0B9599CF6348B0EAC781225457
3135449678 35213 9965 C56F3BFD0DD4F0280EBB8A8FD51CF3C3E2F10ABD18CB8665A84110AAE64B38A8
3141111911 32083 18243 07ED007D84B5EDCDA188496460082B728018469D7FA6A20EFE48A821E0D15161
3133465012 49156 57912 7C20F6CF1A09EEE4F40FE6F70B0F070213E4AE0B9599CF6348B0EAC781225457
3135215700 58062 5553 7C20F6CF1A09EEE4F40FE6F70B0F070213E4AE0B9599CF6348B0EAC781225457
3132907148 24038 16544 7C20F6CF1A09EEE4F40FE6F70B0F070213E4AE0B9599CF6348B0EAC781225457
3136194306 16802 7037 7C20F6CF1A09EEE4F40FE6F70B0F070213E4AE0B9599CF6348B0EAC781225457
3134828284 44973 23296 C4BBED7FCD7050594D98AFA95F18387298C812A89A4A7F29A0584CE4DD285A5F
3142196151 5152 48259 7C20F6CF1A09EEE4F40FE6F70B0F070213E4AE0B9599CF6348B0EAC781225457
3141521538 7722 27960 7C20F6CF1A09EEE4F40FE6F70B0F070213E4AE0B9599CF6348B0EAC781225457
3141625519 57403 47495 36A4028EEA918E5EE5C6CFF8B5E355F18EF099837DEF85A3811F652CF6575B58
3144196148 4355 10103 8A05941B4818E3C73449D80471B42857663A4D162C5A557F28C360A31C4C9073
3143181766 18407 20160 A702996F2BD75CC2B6244299F60CCD9272F3508F84B386CF68C4DCAB89955156
3134612378 3494 52927 7C20F6CF1A09EEE4F40FE6F70B0F070213E4AE0B9599CF6348B0EAC781225457
3142093505 57406 3067 7C20F6CF1A09EEE4F40FE6F70B0F070213E4AE0B9599CF6348B0EAC781225457
3132597517 15508 2492 7C20F6CF1A09EEE4F40FE6F70B0F070213E4AE0B9599CF6348B0EAC781225457
3139407845 13829 55604 157EF35096F3E383CE768E880FB3B084E2E76C888D246FCAAFBE2F9876CBE644
3139267821 54770 50257 7C20F6CF1A09EEE4F40FE6F70B0F070213E4AE0B9599CF6348B0EAC781225457
3136339753 61824 19736 7C20F6CF1A09EEE4F40FE6F70B0F070213E4AE0B9599CF6348B0EAC781225457
3137877075 10109 1311 03049D088D95BE812FC1C625771B694020642CE379BD58EB6E8E7824C3220076
3135355862 13715 14 0A696564C1CF9B8ED0D27273C2AD858004042E57BF1B200A22AED587649D3F3B
3140896485 45034 30352 7C20F6CF1A09EEE4F40FE6F70B0F070213E4AE0B9599CF6348B0EAC781225457
3138325576 39100 13754 7C20F6CF1A09EEE4F40FE6F70B0F070213E4AE0B9599CF6348B0EAC781225457
3139779419 23229 34783 0F20784E789EA119AB36C224A276CBC6905D0903949FAA6CA3D4AC6A4BECA49E
3133791588 63276 61734 7C20F6CF1A09EEE4F40FE6F70B0F070213E4AE0B9599CF6348B0EAC781225457
3141012226 51186 50396 7C20F6CF1A09EEE4F40FE6F70B0F070213E4AE0B9599CF6348B0EAC781225457
3136284998 26581 10257 535E6971C7A19CEB2BB1089085AC64E594165B5F467152DFD782E79AE98B90A7
3140182629 16402 5709 7C20F6CF1A09EEE4F40FE6F70B0F070213E4AE0B9599CF6348B0EAC781225457
3136337529 47357 27887 E8AC2EFBFA1071E1DAB803ABFEC72399EB32B1427D4708115817A7CD866BD174
3133031137 58952 53418 7C20F6CF1A09EEE4F40FE6F70B0F070213E4AE0B9599CF6348B0EAC781225457
3133567481 57515 25033 960A77645C2E770112E9F6D3A1EAA7C006E5AE63E8DCD9F39D88D9A604F24F1F
3143345407 35191 48937 AEDBAB44A0EE8CEDAFD685FBCA06E9AE85D1327E5002BC202E48B1FF7C01CBEA
3133904575 33853 21522 3DDFD51413C9B88406A3CFD631E2D46FC8AC570A49211298C28EAD4009D52085
3140918730 55956 58054 7C20F6CF1A09EEE4F40FE6F70B0F070213E4AE0B9599CF6348B0EAC781225457
3140275434 56603 289 B09A237D2B2CC81ACCE9FC2BEE84375F2F6435AA15867D7CBD9F22AA5B028CB2
3137335887 37226 3810 7C20F6CF1A09EEE4F40FE6F70B0F070213E4AE0B9599CF6348B0EAC781225457
3139992451 24908 29091 7C20F6CF1A09EEE4F40FE6F70B0F070213E4AE0B9599CF6348B0EAC781225457
3139911894 25185 35588 C88CF4CC3B37BDCB0CFD83F6729371C698C05C1BEADF91ADD70D2BFAE03F6599
3135204734 17181 15297 D0539BFA65ADCAB5EF2ED736A1A52B7E8353F398854949A0404E4613EB97E432
3133667672 6316 53421 7C20F6CF1A09EEE4F40FE6F70B0F070213E4AE0B9599CF6348B0EAC781225457
3134020903 5975 11494 FAFA466F39A547F1AECCA7B170BEB6A885803403B7188D8CCAC0046D38DF5E4A
3138560048 21228 52205 7C20F6CF1A09EEE4F40FE6F70B0F070213E4AE0B9599CF6348B0EAC781225457
3141233013 15238 9400 7C20F6CF1A09EEE4F40FE6F70B0F070213E4AE0B9599CF6348B0EAC781225457
3138448498 22132 2857 7C20F6CF1A09EEE4F40FE6F70B0F070213E4AE0B9599CF6348B0EAC781225457
3138472357 22177 18579 4F2FC4CD4AF7EEB472FC83D07A31756FA5F318837738788A8FD8A9E9F9387AB6
3143091713 17738 34569 7C20F6CF1A09EEE4F40FE6F70B0F070213E4AE0B9599CF6348B0EAC781225457
3133119557 42536 3092 7C20F6CF1A09EEE4F40FE6F70B0F070213E4AE0B9599CF6348B0EAC781225457
3132850423 8316 6272 7C20F6CF1A09EEE4F40FE6F70B0F070213E4AE0B9599CF6348B0EAC781225457
3137297033 22597 65246 BE12F3823AEEDB6E16FE0D16721851FA1761CD6AA5756AA6499039F75F39B433

Total of 0 tasks calculated error.
