Total of 100 tasks calculated correctly, accuracy 100.00% 
3156605426 25604 60328 7C20F6CF1A09EEE4F40FE6F70B0F070213E4AE0B9599CF6348B0EAC781225457
3163847620 56165 45175 47B5B62DD00E405A52412212837ED47D8AA91210F8AE008AE0C11DC1A5C50D06
3164542333 48859 24750 C503499598EAA3EE26953674960E96B228BC841127D28044000BB8423535FBCE
3165428363 37181 5887 E2DE273E3D047E1000EFD5AB90C3FC69FDE62A55B309D76A422F4091E5818D3F
3159013584 54245 51003 7E0400F4DD50FDE1934D645F50CB50ECEE82D302A4F0B6D008D51FEBF3D4CF99
3162493719 6775 40472 A77FCED936AF61D267DF8A6D5D8D3048964C0AB06D88E9939B1DE5DABC07B142
3160818702 41012 53971 7C20F6CF1A09EEE4F40FE6F70B0F070213E4AE0B9599CF6348B0EAC781225457
3164485069 52367 20153 C02C88C736456BC71CCD5567A666C999D20FFC4B8186E9EE2ED2350C83CFCC9F
3161879571 45997 54978 0C0D22926FB7601A4DAA66CB6D3E7E054F7A913E313A09F8414A5D5F15807446
3164475048 45623 43560 754C3EA8B95AABA9D3B4DCA0601D7BA5B0A178817BA75AF4898630BA87E9D021
3161201446 45810 31469 7C20F6CF1A09EEE4F40FE6F70B0F070213E4AE0B9599CF6348B0EAC781225457
3163289924 59457 42073 BE0DA808FB4C9F1BC677AE30E1C9E8B9C2D00CEFAB07E42C43B71F47399F1AC0
3157368721 44240 37571 7C20F6CF1A09EEE4F40FE6F70B0F070213E4AE0B9599CF6348B0EAC781225457
3161020384 19331 15093 F7521E92D6D2B35E3D8F94C3DC9C6D92B72087E2E546FF5F003F31DA034712EB
3162096315 32224 32240 7C20F6CF1A09EEE4F40FE6F70B0F070213E4AE0B9599CF6348B0EAC781225457
3159129662 2170 28492 7C20F6CF1A09EEE4F40FE6F70B0F070213E4AE0B9599CF6348B0EAC781225457
3167379173 19637 7523 7473BFEA3924873B341B7C1E8F1AF59E28DF4BDBA3D6DD8104BF971D6BC9BC73
3159210967 32186 48235 7C20F6CF1A09EEE4F40FE6F70B0F070213E4AE0B9599CF6348B0EAC781225457
3164885404 39008 59386 7C20F6CF1A09EEE4F40FE6F70B0F070213E4AE0B9599CF6348B0EAC781225457
3159294242 13347 51350 64F66A3675A71BE4F661684FF3F8BD3E1878F9CE04E6582E3C3691B528987097
3158790393 62555 64799 3D792D2170B9116D4BD3DA25E2A6BF5AFCB4F2AE19142B6DAAB61EBD80CC5413
3156836969 4810 59855 7C20F6CF1A09EEE4F40FE6F70B0F070213E4AE0B9599CF6348B0EAC781225457
3161585500 55708 20359 7C20F6CF1A09EEE4F40FE6F70B0F070213E4AE0B9599CF6348B0EAC781225457
3165045719 37803 2195 E1A212521D60A92911DA03ABC9D9D601D00E91993DCAE72708F43D4261C1F626
3159232422 10262 62559 7C20F6CF1A09EEE4F40FE6F70B0F070213E4AE0B9599CF6348B0EAC781225457
3165409126 63565 40627 9A814B59C2224739EA80012139BB02B3AABE3968067E05F9B757E14A0F51222F
3166765821 58422 2137 7C20F6CF1A09EEE4F40FE6F70B0F070213E4AE0B9599CF6348B0EAC781225457
3166833603 39472 64859 7C20F6CF1A09EEE4F40FE6F70B0F070213E4AE0B9599CF6348B0EAC781225457
3168276427 9465 1000 C77956ACC7C495807A8C261127BA0CFE9273C71EEE23E3050ECAF60849F71D9A
3162510924 36649 24726 C30B0DCFE99CF376062E1C7A9CAB43548486E7A1656058FCC7FABB69F6283AEE
3159123707 9620 3422 7C20F6CF1A09EEE4F40FE6F70B0F070213E4AE0B9599CF6348B0EAC781225457
3165555181 25088 61056 7C20F6CF1A09EEE4F40FE6F70B0F070213E4AE0B9599CF6348B0EAC781225457
3166005397 53798 41264 7C20F6CF1A09EEE4F40FE6F70B0F070213E4AE0B9599CF6348B0EAC781225457
3163302461 43462 62576 7C20F6CF1A09EEE4F40FE6F70B0F070213E4AE0B9599CF6348B0EAC781225457
3163235528 59055 19596 12F517E1E9A4BAF8E9C49F97847B54B9DFB92D64D4B4D2735370517A45EA9A34
3158172864 63389 35039 BACA1EE2B9116BF1433C7D93CFF0E9861F0A0D5EDE4D0F898A9E456D99EAF4D6
3162868572 43976 10005 7C20F6CF1A09EEE4F40FE6F70B0F070213E4AE0B9599CF6348B0EAC781225457
3164699298 58297 42836 A6E3BC5906F49759A9CBE9F0D893E762AE7D9C2E253B75B22BC8995CB27E3316
3157726285 2287 7524 B70AFEE44735F836F8F6711C4B5EC53059F6724C6A73D09E4E9C4A0A86B43F5B
3163637192 56891 45780 D0ABF6A9D722E42FEF03343D6F94AB0044D3800128BFA57FE090A8205FE5613B
3157706199 18087 28929 BBC7B13A271477040CBC6D2149885BA1BBF0BE0A302D0169346AB13A7367945A
3165420547 25509 39766 9C37D6AEE30DAFE2773822604E512DBF1D4387C2A1ABB8B5444C7133F341F07E
3164260848 47243 13342 065FA515ABEA525B3499CB1616B59098998CD787082B823A3587D0FD0B58E5B5
3162046828 64661 58510 D9130DD4E74C53A84D7A81242F1280EE043C228A3C97637D00287AA5801D5360
3161072227 13001 65074 06D975934927D4CC5E5C20ABFB8AFF84E736DE1DE3AE312958B4531494FCCED8
3158081250 24474 31237 7C20F6CF1A09EEE4F40FE6F70B0F070213E4AE0B9599CF6348B0EAC781225457
3159378059 55040 3685 7C20F6CF1A09EEE4F40FE6F70B0F070213E4AE0B9599CF6348B0EAC781225457
3167087130 32834 45096 7C20F6CF1A09EEE4F40FE6F70B0F070213E4AE0B9599CF6348B0EAC781225457
3163156379 58553 48718 459F290A455AF13110F56CDE67710E97E6813C6BEDB46A2FCD34250C154948CB
3163595762 25758 32587 7C20F6CF1A09EEE4F40FE6F70B0F070213E4AE0B9599CF6348B0EAC781225457
3160247665 51816 54817 7C20F6CF1A09EEE4F40FE6F70B0F070213E4AE0B9599CF6348B0EAC781225457
3163498582 20849 64901 AE6D9EF7CCE431BFE491D9301124D9C257AB4FA58AE442EB9D1595637D41CB6D
3162393195 6242 27987 7C20F6CF1A09EEE4F40FE6F70B0F070213E4AE0B9599CF6348B0EAC781225457
3164458305 8189 26822 3C63D814637F935CD384652FD1056A254056CF90A935E1203F4AF4A58E533561
3162945856 54786 56322 7C20F6CF1A09EEE4F40FE6F70B0F070213E4AE0B9599CF6348B0EAC781225457
3159151877 38444 32986 7C20F6CF1A09EEE4F40FE6F70B0F070213E4AE0B9599CF6348B0EAC781225457
3160460265 53365 26190 D3FCEC6E197FAAD5EF2DF04DC9E85671F8A74AF601141BEAB910816DBDE6F1B0
3160119363 8627 45558 268F5966676986D5989E96ADABC2DC907E6F80D5CC7B38F9A8D39210FE5A2E91
3163590239 53328 39032 7C20F6CF1A09EEE4F40FE6F70B0F070213E4AE0B9599CF6348B0EAC781225457
3159747588 18913 52110 0D6FCEBABA4AB31F000264488A9667DA4C5805F1EA894C3BC4632A4C4F362B8B
3166950953 13283 45989 AE64CF87B30C9F365C435E03907240AE117FAF65A4EF0A354CFA579021B83C3C
3160618545 36398 51258 7C20F6CF1A09EEE4F40FE6F70B0F070213E4AE0B9599CF6348B0EAC781225457
3159984868 44276 22311 7C20F6CF1A09EEE4F40FE6F70B0F070213E4AE0B9599CF6348B0EAC781225457
3166661849 34222 10393 7C20F6CF1A09EEE4F40FE6F70B0F070213E4AE0B9599CF6348B0EAC781225457
3166531456 51806 41599 7C20F6CF1A09EEE4F40FE6F70B0F070213E4AE0B9599CF6348B0EAC781225457
3162589100 60721 37869 77D69368DF44C0C6D1C2E67D3366412771016F3AE855D773D6CB019621C799B8
3163117493 2047 7046 9B3EE7DA8FD7F08FFE86657AD5EEA80B1197A4FC57277C1CD8F44427CD8204FC
3163274765 21593 62817 61D3BE44A09FECD961CA3026AAF41E64D0EDEDFAE3F087D5A325E9FC3C600B0B
3162741944 8128 52740 7C20F6CF1A09EEE4F40FE6F70B0F070213E4AE0B9599CF6348B0EAC781225457
3160577229 48096 29636 7C20F6CF1A09EEE4F40FE6F70B0F070213E4AE0B9599CF6348B0EAC781225457
3161858156 43707 62865 0CEF0F475E2B2060AA4A4E4ED8056EBFB194F254CC5C3635DFB5BADE22D42FD4
3165714428 17401 25224 9286F33BC19F2FC06ABD719FE146AC5E3ADC097204002550A5C02827A45D8108
3164122321 46295 47291 869725D6782E90C16D30A81636DE785B01999C78EC97D4EF8FD25EE1E152146E
3162653816 1883 33825 623C37E8AFFE070B784F9815ECEC9DCEEA0C10CDE346D2B91443583C884B0086
3163515461 16916 44858 7C20F6CF1A09EEE4F40FE6F70B0F070213E4AE0B9599CF6348B0EAC781225457
3162986239 48775 28779 964C95FEABDF54BC2B651975863D1FFDDD0794C410F3D6D039F85F4F2FA571CF
3162759827 64786 25817 7C20F6CF1A09EEE4F40FE6F70B0F070213E4AE0B9599CF6348B0EAC781225457
3168287993 21726 22789 7C20F6CF1A09EEE4F40FE6F70B0F070213E4AE0B9599CF6348B0EAC781225457
3165080211 49888 17444 7C20F6CF1A09EEE4F40FE6F70B0F070213E4AE0B9599CF6348B0EAC781225457
3162613047 38656 38470 7C20F6CF1A09EEE4F40FE6F70B0F070213E4AE0B9599CF6348B0EAC781225457
3161783485 47412 27505 7C20F6CF1A09EEE4F40FE6F70B0F070213E4AE0B9599CF6348B0EAC781225457
3165953113 5522 49713 7C20F6CF1A09EEE4F40FE6F70B0F070213E4AE0B9599CF6348B0EAC781225457
3168088262 38590 63895 7C20F6CF1A09EEE4F40FE6F70B0F070213E4AE0B9599CF6348B0EAC781225457
3166959330 56823 63253 0133CFE9E13C40642284282F88387D97FDFC3A99B921EFB6E0C45D59E4FA6DB5
3160738836 11249 32140 AA65D018365236810684AE0F5539E2C4008CB2A5CA6E7B1FC325D589EDA37926
3166851800 59578 17041 7C20F6CF1A09EEE4F40FE6F70B0F070213E4AE0B9599CF6348B0EAC781225457
3160879713 40073 19861 B607D29543BB22302C5318A8887DA2C5F7E9F50C3E6E1EEF9321C44029309070
3164701537 30701 32517 9737353EFC7F2B7C5A8578F7BCA912F4F0C03C87CF4A5E3C0D633A8E713C0A17
3160693544 60594 61413 7C20F6CF1A09EEE4F40FE6F70B0F070213E4AE0B9599CF6348B0EAC781225457
3167071828 6528 47325 7C20F6CF1A09EEE4F40FE6F70B0F070213E4AE0B9599CF6348B0EAC781225457
3166851217 29177 13919 EAC941A6ED7A63FB2C22A67AA63145878626A3121E739449BEE490AB5A101A31
3166720668 62538 49412 7C20F6CF1A09EEE4F40FE6F70B0F070213E4AE0B9599CF6348B0EAC781225457
3166186893 52248 13965 7C20F6CF1A09EEE4F40FE6F70B0F070213E4AE0B9599CF6348B0EAC781225457
3164796837 61781 17117 0FFB55335027367A7C024657D60CB4382ED01A9BD58C4BC46BC4B9027371CB7D
3165369624 18709 64980 A4882B599AF91C27FE5219BEBBCF051DE5055B4DCE8AB5297CDEC67F58F62AB2
3168241064 64978 16683 7C20F6CF1A09EEE4F40FE6F70B0F070213E4AE0B9599CF6348B0EAC781225457
3156752435 6174 47129 7C20F6CF1A09EEE4F40FE6F70B0F070213E4AE0B9599CF6348B0EAC781225457
3165085230 11095 13241 CB5B8E38118FB7F6DA1D9F9769930000AB774AEA7BD470E48D29A3CDD45A8F3A
3160061636 55437 40647 F193837D47E4A2FA806B33426834009BD4CF2FC31F14DCAF15E974C84F6A0D06
3161848707 8189 29548 56E5AA8985FFE4ECCB9EEA1E64791F449C6DF835AE70FACF17A69063C958ED61

Total of 0 tasks calculated error.
