Total of 100 tasks calculated correctly, accuracy 100.00% 
3261333017 17204 9543 7C20F6CF1A09EEE4F40FE6F70B0F070213E4AE0B9599CF6348B0EAC781225457
3264185033 45028 30803 7C20F6CF1A09EEE4F40FE6F70B0F070213E4AE0B9599CF6348B0EAC781225457
3252921706 31275 3632 C99F749C3C52DD8DEDFABCF5967A0CCE1FF8763AC104754B08FA393AF7294138
3264177461 2601 24361 F8295DAA0A0CC2552245CD9CA90978AD9D28030A30D1A3B91BE3D0AA869CC463
3261574824 26392 54156 7C20F6CF1A09EEE4F40FE6F70B0F070213E4AE0B9599CF6348B0EAC781225457
3258578137 63070 52355 7C20F6CF1A09EEE4F40FE6F70B0F070213E4AE0B9599CF6348B0EAC781225457
3262476918 207 20548 1305A44B9E77BBD429D9B9CF5DB1E9E3475B2C7772D22C9803B0037E210F4F00
3253062682 34777 4291 6A16434EA5BBEDBCBFD96E346B7D98F4047CBA731FFFD0DE5ED5A3DBDE2701C4
3261745766 6858 59024 7C20F6CF1A09EEE4F40FE6F70B0F070213E4AE0B9599CF6348B0EAC781225457
3253346218 22802 181 7C20F6CF1A09EEE4F40FE6F70B0F070213E4AE0B9599CF6348B0EAC781225457
3255937499 34994 37895 7C20F6CF1A09EEE4F40FE6F70B0F070213E4AE0B9599CF6348B0EAC781225457
3254487015 42236 24848 7C20F6CF1A09EEE4F40FE6F70B0F070213E4AE0B9599CF6348B0EAC781225457
3260652769 13236 29023 7C20F6CF1A09EEE4F40FE6F70B0F070213E4AE0B9599CF6348B0EAC781225457
3255960100 11353 22913 A6AE72F2B66DDF51FED53CB9080DC61AACC0E7AA0483B393682E1A858762B6DC
3259102833 79 51108 046810FB982D1F1C1A354208B9250945EEE0500E8CA19AA318A21A199AECD08C
3258482054 44792 59830 7C20F6CF1A09EEE4F40FE6F70B0F070213E4AE0B9599CF6348B0EAC781225457
3256650482 56380 52650 7C20F6CF1A09EEE4F40FE6F70B0F070213E4AE0B9599CF6348B0EAC781225457
3257402611 51229 64361 F9328270348239684DA417356918D436DA3DE9EDD4C7DA5BEF02A96914A3E057
3262644714 15868 42732 7C20F6CF1A09EEE4F40FE6F70B0F070213E4AE0B9599CF6348B0EAC781225457
3260557731 49467 33393 05435D7A2441D70D36AFBC0F820C9A4DE3072A7165DEA9CDB04B4806084D2C2B
3263320137 8036 32566 7C20F6CF1A09EEE4F40FE6F70B0F070213E4AE0B9599CF6348B0EAC781225457
3253569392 65488 61473 7C20F6CF1A09EEE4F40FE6F70B0F070213E4AE0B9599CF6348B0EAC781225457
3254620456 48651 60876 49F049E7C0599D66EEE54B185C95268089B8B4DB5AEB118F7C9DE12B031B5020
3258992632 59123 31672 EF58B9AF806ADC71FBC6749387A3BB996E7985F6397C175A7CA7FA1A4D0A2C9E
3262960439 4977 24727 6E796F78619AE8195DB385389A121FDCC85532DFC278CF9D238B2F6A31045736
3255043582 63588 44161 7C20F6CF1A09EEE4F40FE6F70B0F070213E4AE0B9599CF6348B0EAC781225457
3258728607 29220 62486 7C20F6CF1A09EEE4F40FE6F70B0F070213E4AE0B9599CF6348B0EAC781225457
3264063252 28204 37183 7C20F6CF1A09EEE4F40FE6F70B0F070213E4AE0B9599CF6348B0EAC781225457
3256049355 17792 20880 7C20F6CF1A09EEE4F40FE6F70B0F070213E4AE0B9599CF6348B0EAC781225457
3253476061 5394 680 7C20F6CF1A09EEE4F40FE6F70B0F070213E4AE0B9599CF6348B0EAC781225457
3252997179 24391 7519 269656F00ABDA37D016DC9F255166694B7FA366C2E01729C5114540ED9985990
3253341280 51428 64532 7C20F6CF1A09EEE4F40FE6F70B0F070213E4AE0B9599CF6348B0EAC781225457
3262895046 56686 29523 7C20F6CF1A09EEE4F40FE6F70B0F070213E4AE0B9599CF6348B0EAC781225457
3253838938 64079 32970 767472FEEABF47467B668419C63B296B45A453FCAF91EA3276387A0D136436B6
3258422796 5066 62637 7C20F6CF1A09EEE4F40FE6F70B0F070213E4AE0B9599CF6348B0EAC781225457
3263565797 10173 63735 D8C83407EC77BA7F2BCFFD81512C4B229598090D0B6F4CE9435C3D658C2DA240
3253947552 35274 63011 7C20F6CF1A09EEE4F40FE6F70B0F070213E4AE0B9599CF6348B0EAC781225457
3263687063 54254 7589 7C20F6CF1A09EEE4F40FE6F70B0F070213E4AE0B9599CF6348B0EAC781225457
3258566796 18439 37241 EC073210052637A9D3DAB8C6A54E5BE36E42520C86B769E3FFBF19A14C5E73F5
3254372165 26933 21408 5044A26571189AC2F48E044BCD9258B6CCAF47B9B5C762D99D4A19C7C45FD6D6
3255573813 58490 7808 7C20F6CF1A09EEE4F40FE6F70B0F070213E4AE0B9599CF6348B0EAC781225457
3253737743 35817 9704 54C5816950FBF000D69DCB8F4EA097510314E174A3AEA8753B5AECAE7CB713AA
3256025980 22986 5871 7C20F6CF1A09EEE4F40FE6F70B0F070213E4AE0B9599CF6348B0EAC781225457
3257504570 55804 46971 7C20F6CF1A09EEE4F40FE6F70B0F070213E4AE0B9599CF6348B0EAC781225457
3256123261 46223 40508 0A3D7E420BE8136D4BDFEBE66797F00BC0ECD248270123ABC4C57D9D20E8F70F
3257418712 52411 11046 7FBC7DCB739603DFFEBD792EFDD5A4CD2CEDC05143386C3FD70714D3BA1F46E6
3260751202 38221 2632 735194E22121900E373FD11863742D9FFE4D21EE0539F1415899C37208198F27
3253078292 7973 12569 D8084510E61747B81F4F5889F635F43C67D48D58C550EE97098F2C1B7E010EAD
3259775165 40227 56320 4A89F6CC80F0BE5F89736939BAB8C7C59DC5CA3A7C30F07AF48FED653A21F691
3258781802 15265 42970 D9B51A7A35EE0AE997622E8432A7FA88B0B034DCE4F8526F3B559B78AEC3EF70
3259703092 54134 20391 7C20F6CF1A09EEE4F40FE6F70B0F070213E4AE0B9599CF6348B0EAC781225457
3256120607 3401 33969 E7DD4D6498D5C09284F7D30A387E633DD7B0066794E70762223339B7462E28BD
3263252734 12354 15270 7C20F6CF1A09EEE4F40FE6F70B0F070213E4AE0B9599CF6348B0EAC781225457
3261577448 2002 7309 7C20F6CF1A09EEE4F40FE6F70B0F070213E4AE0B9599CF6348B0EAC781225457
3256954474 43026 19361 7C20F6CF1A09EEE4F40FE6F70B0F070213E4AE0B9599CF6348B0EAC781225457
3258910786 8080 48779 7C20F6CF1A09EEE4F40FE6F70B0F070213E4AE0B9599CF6348B0EAC781225457
3261600829 13161 59855 D2EB39894BEF34B3156E87FB0068B7B235592C6EF8889E244F43F1B11CCC308A
3262849260 27399 7511 7CFC3E9CE4C35743A6FBB9B2E0BE2D94F424902AAA80878AB8E19DD4EA789BDF
3253282217 18639 26666 4EB42A5EC9CC7DD948F9ADC944A5D5748506106E7153236FE7E116BD38FE7985
3255537225 40740 22081 7C20F6CF1A09EEE4F40FE6F70B0F070213E4AE0B9599CF6348B0EAC781225457
3264068740 39594 1485 7C20F6CF1A09EEE4F40FE6F70B0F070213E4AE0B9599CF6348B0EAC781225457
3263805479 10692 15892 7C20F6CF1A09EEE4F40FE6F70B0F070213E4AE0B9599CF6348B0EAC781225457
3262379598 50300 57052 7C20F6CF1A09EEE4F40FE6F70B0F070213E4AE0B9599CF6348B0EAC781225457
3253449415 55099 43736 4536F335F2457A643FD1B081E0FF3131EAFD2F20612F48BC218D96BA792BC75F
3258983880 55564 40698 7C20F6CF1A09EEE4F40FE6F70B0F070213E4AE0B9599CF6348B0EAC781225457
3260941369 54072 37007 7C20F6CF1A09EEE4F40FE6F70B0F070213E4AE0B9599CF6348B0EAC781225457
3259845077 11249 23027 D661543F7B61EA864D4550127480F95335A1120D3C8AF845FEE29BD5163045D8
3257124817 4521 3229 E2E5EBC6E3F179A2DD534D9D422AC42C18D3DDD6A5BDCD52AFC6C8854717FFAB
3260783588 41449 3344 94D8FC2303ED9E3AF99770F21DBDFF1B213B50591915AEA9BC39C65CFF70556B
3256193438 3973 50075 9B4E9174CE3BCA99E09C5BE97DB973A03D6881BB58049D1F48D59AB15366625F
3259797424 36444 65044 7C20F6CF1A09EEE4F40FE6F70B0F070213E4AE0B9599CF6348B0EAC781225457
3256427805 39121 47284 43E32187A8528BFDEDBBEE569B5DC9F79556732F54DFC3A39C532740A2BF780C
3260491372 5770 8424 7C20F6CF1A09EEE4F40FE6F70B0F070213E4AE0B9599CF6348B0EAC781225457
3261353941 5545 14880 C80C6218E43365341ACBDD1551900D676774DD5E53669ADD935B8B31A047B919
3253472279 59646 51083 7C20F6CF1A09EEE4F40FE6F70B0F070213E4AE0B9599CF6348B0EAC781225457
3255491575 16619 20431 4DB5041E199ACC5717D5BA690FFCD659DCBD33203BEF30BCCB05137BF0ECF46B
3257069723 53495 12814 D893FA84895AF2228E3E8AA69E180849AC3CF90F3BBAD6993BE0F2799DDD1345
3259968278 16764 27463 7C20F6CF1A09EEE4F40FE6F70B0F070213E4AE0B9599CF6348B0EAC781225457
3263522837 33147 12538 30F80E66B62BF31B89454DE7664BFD9FBEC88DD9FFC64CC49C078AA679163BDB
3254998050 6005 45564 FF61FF4E33F0FE7C10D03AE98FB276E991D089AF25222DDEC2F1EAAB8F20F709
3262826102 25483 27007 7F102ED6FDBFC7599387E76886F1CA7ECB52D41252E9041A1729380C4F747BD7
3253057225 1376 36144 7C20F6CF1A09EEE4F40FE6F70B0F070213E4AE0B9599CF6348B0EAC781225457
3257238568 54320 14185 7C20F6CF1A09EEE4F40FE6F70B0F070213E4AE0B9599CF6348B0EAC781225457
3258729642 19769 15467 72A5ED3FA538F9A75C01CB520C86714D67E3D3146C1F68F333069B52F0E3DC92
3260922122 31112 51529 7C20F6CF1A09EEE4F40FE6F70B0F070213E4AE0B9599CF6348B0EAC781225457
3258234612 33556 48869 7C20F6CF1A09EEE4F40FE6F70B0F070213E4AE0B9599CF6348B0EAC781225457
3252526471 5449 18442 5EF4D1C0D25C3C8CAEEA567196D4D70497923F7B42B71618820593AFE31E071A
3260969513 11175 61089 7BB8545160542605BA46F6458E81B141EE7FF706C78498A965A5785BFA2A4D5E
3257159289 13506 19398 7C20F6CF1A09EEE4F40FE6F70B0F070213E4AE0B9599CF6348B0EAC781225457
3258661985 8038 56483 7C20F6CF1A09EEE4F40FE6F70B0F070213E4AE0B9599CF6348B0EAC781225457
3263022368 50934 38729 7C20F6CF1A09EEE4F40FE6F70B0F070213E4AE0B9599CF6348B0EAC781225457
3257334399 19221 20577 FA1F6D884C8FE0486220B1DBDB21AC6B2CED7D702FA014CEC232F6906EEFE925
3264058172 43595 56088 6858FEB828066A389E7BDA56B71B07B761C7E7E709F736A13E7DB7B097F2C6C3
3257078861 62911 45613 ADAE2870E909E35E47AA34CCDEBB7F42A4460E0BD566BE14B1C7D0345F635BE6
3260939420 29863 23415 55B9A6F7872F5C7CE98A1D0729ED6177B5FF0CBD9828EE90BDD48444AE2E1411
3255852429 63211 18084 A8D4AA86CE137C934DA476D82E5C2342CB488CEF9E3D52299AFD514F2EC61872
3262798553 52813 44469 398CDA7DE888704BBA93B5374527D6AB109E84FA71FD29ACEC90B21787CB5692
3256488592 38180 46315 7C20F6CF1A09EEE4F40FE6F70B0F070213E4AE0B9599CF6348B0EAC781225457
3260807164 37475 24059 DBA9F21C191CB3735268753C8723D36449243D9C51666E1080835EBE0AB9E804
3258466518 2984 985 7C20F6CF1A09EEE4F40FE6F70B0F070213E4AE0B9599CF6348B0EAC781225457

Total of 0 tasks calculated error.
