Total of 100 tasks calculated correctly, accuracy 100.00% 
3264789555 56417 60594 07D8818EDEBC5CB30C2148F0A05BD29F4EBB26238FC214523FBA4734E24027D4
3265779079 14757 64040 20EFE8CF267B75ED121D3D5DA5B878728462AE272E87ED1B7BC436A0C331F1AD
3270211896 24373 22747 B682D7AEE63E2D249ECAB9C54DC50D536716D4015036C01BC2000B2290048E16
3270074893 30113 62375 1C28DACD064D6A7FB084DDD504DA21624EF0E7C187117C0CF10591B58B37BA0F
3273179740 33163 34086 96903B63A924C4F2CCC6F990E9E0E363FFE4C045C730AF8BB4534D0373BD9C50
3270780193 23671 61707 1B6716AFD59A3A721990153514AF650D4CC45F681889BB6A0D36458B98A8163C
3269857759 5773 43658 7976D71F1931FDDBD7D68CE8076660F4819BED05516C6CE02AACE9ACE40AAA08
3274842131 23419 44683 B89EB892737B5EF0D62E058AA86E67759CBD254E2199888A170535891E0FDD36
3269726390 14428 62807 7C20F6CF1A09EEE4F40FE6F70B0F070213E4AE0B9599CF6348B0EAC781225457
3269777870 61692 42113 7C20F6CF1A09EEE4F40FE6F70B0F070213E4AE0B9599CF6348B0EAC781225457
3270160241 33208 50166 7C20F6CF1A09EEE4F40FE6F70B0F070213E4AE0B9599CF6348B0EAC781225457
3268647217 61080 30420 7C20F6CF1A09EEE4F40FE6F70B0F070213E4AE0B9599CF6348B0EAC781225457
3266793572 11224 25894 7C20F6CF1A09EEE4F40FE6F70B0F070213E4AE0B9599CF6348B0EAC781225457
3271524893 62930 15071 7C20F6CF1A09EEE4F40FE6F70B0F070213E4AE0B9599CF6348B0EAC781225457
3265794858 22943 33479 71A09782F98608E339774B1E595B28CB89C8E7BAFE45B10AAA5CD0940A5845F4
3264529753 39447 13876 9ED85C6EC46D93BCD0269AEDC6D32BF5242BE75DB16D001610BCEB498BA153B9
3266311070 6822 28416 7C20F6CF1A09EEE4F40FE6F70B0F070213E4AE0B9599CF6348B0EAC781225457
3269904686 50125 1734 D0FB8F5775D7029FE077BFED5042F9155D4EE0D3C066D4236724ED8F2EC43645
3267937868 2404 5608 7C20F6CF1A09EEE4F40FE6F70B0F070213E4AE0B9599CF6348B0EAC781225457
3273769096 39933 43147 DE8E379B513F4FFEE2B9333E88C5C9C8BE3A1F548CF96F8950F90DD4D7CEB802
3266568908 2607 25602 BDDF1C6AA6560CF0360644CFC997487600A00DD7E64AC6E21BEA2CD03EC588D3
3267393548 12265 42386 09EA78841B4126EEED9E52E976CB5516C85C6C5F16761AFD2F897F6E277CF187
3266257303 30198 2872 7C20F6CF1A09EEE4F40FE6F70B0F070213E4AE0B9599CF6348B0EAC781225457
3274145806 21639 3867 6196A8CEF5DD1A0266EF8474E408A1CFA8B9D31E3632BB110F99A62A53718F47
3270325903 10316 39220 7C20F6CF1A09EEE4F40FE6F70B0F070213E4AE0B9599CF6348B0EAC781225457
3273351602 10133 60293 C3574C74467701257C1CD6C12C6EB8840C4976C25874FE9D4FCB3229448ECC90
3268307301 29424 17884 7C20F6CF1A09EEE4F40FE6F70B0F070213E4AE0B9599CF6348B0EAC781225457
3266696925 46930 23625 7C20F6CF1A09EEE4F40FE6F70B0F070213E4AE0B9599CF6348B0EAC781225457
3272162770 54978 59940 7C20F6CF1A09EEE4F40FE6F70B0F070213E4AE0B9599CF6348B0EAC781225457
3270612658 222 37406 7C20F6CF1A09EEE4F40FE6F70B0F070213E4AE0B9599CF6348B0EAC781225457
3272854805 50606 7224 7C20F6CF1A09EEE4F40FE6F70B0F070213E4AE0B9599CF6348B0EAC781225457
3272877026 46472 56636 7C20F6CF1A09EEE4F40FE6F70B0F070213E4AE0B9599CF6348B0EAC781225457
3270449357 13466 38629 7C20F6CF1A09EEE4F40FE6F70B0F070213E4AE0B9599CF6348B0EAC781225457
3275536825 50875 53984 CF37B9F8C1320AFEBC2B3CC9A3578BA7E2C81954029414D57BB0893B10F5CF68
3267165305 37647 2317 24EBC1605898936B64B24A99758DC5714A4CF207E8528F567C5B4E686EC6FC7A
3268246904 32002 26555 7C20F6CF1A09EEE4F40FE6F70B0F070213E4AE0B9599CF6348B0EAC781225457
3268838816 41705 60158 F4B828132BE1F9B109166CABADDE052ED8FF3215DEDDFFDB2B119ADCAEFC86A7
3268511063 174 13645 7C20F6CF1A09EEE4F40FE6F70B0F070213E4AE0B9599CF6348B0EAC781225457
3275152700 62844 40816 7C20F6CF1A09EEE4F40FE6F70B0F070213E4AE0B9599CF6348B0EAC781225457
3267087408 50782 10114 7C20F6CF1A09EEE4F40FE6F70B0F070213E4AE0B9599CF6348B0EAC781225457
3276259636 48983 27677 389FCF79C91CE3026D2969DAC4AC54E694E7A4C4E536469EFC20F87E072EE184
3267234115 47696 34593 7C20F6CF1A09EEE4F40FE6F70B0F070213E4AE0B9599CF6348B0EAC781225457
3268855714 11985 4754 552E2B51DD67F50A10526C84096C862E7BEF3DE6390214FF65BC8AFE2A386979
3271913037 29345 45628 7840349F801C5AFE9FB689B2FE1F5D972498B3602500E750347B9816756F03C9
3266723636 29174 38760 7C20F6CF1A09EEE4F40FE6F70B0F070213E4AE0B9599CF6348B0EAC781225457
3269792730 19184 12634 7C20F6CF1A09EEE4F40FE6F70B0F070213E4AE0B9599CF6348B0EAC781225457
3274208987 63497 22114 C02754D290DDD54715357A2042D58331052E873DA4A086D656E813CD799992C5
3268184960 8708 26269 7C20F6CF1A09EEE4F40FE6F70B0F070213E4AE0B9599CF6348B0EAC781225457
3267102053 30441 7001 7A60C6EC3482D59065C0B34E9BB378078DC84CF007DFB18B6C8A9EBD1769E265
3268085431 54739 56649 9B1B8DE4DD037229458B4693E65D5420129ECD018BAA8D5F3C8031C324BC511E
3276216503 51298 14689 7C20F6CF1A09EEE4F40FE6F70B0F070213E4AE0B9599CF6348B0EAC781225457
3270565430 21359 29619 C93BEF415F4311CD0F37304C2958B931F5498F42EEBC471A81DFF5F174E3CFB3
3273743850 13856 36602 7C20F6CF1A09EEE4F40FE6F70B0F070213E4AE0B9599CF6348B0EAC781225457
3268521592 63725 32479 6EA4F3899AD77F4BAE9AEBAEC88805A5123C01C1C07D7B036086E49B8D6571A9
3267326930 64999 54787 36F519623A3EBBFC9CC749AC9F7DFA805363D89BB6A51CC82A02EFF042813050
3270289888 61324 38878 7C20F6CF1A09EEE4F40FE6F70B0F070213E4AE0B9599CF6348B0EAC781225457
3266307068 55089 37347 673A23BBB2B96ED3824B7E941EDAC9AECE9494DB0F350782ABEDF0F7C598B693
3272212181 26615 27959 0D24F2652F260B0601104796A1241081545F65212B6716430B4BB70A789A311B
3274856927 32986 22581 7C20F6CF1A09EEE4F40FE6F70B0F070213E4AE0B9599CF6348B0EAC781225457
3272077187 22988 8219 7C20F6CF1A09EEE4F40FE6F70B0F070213E4AE0B9599CF6348B0EAC781225457
3268148324 26790 50337 7C20F6CF1A09EEE4F40FE6F70B0F070213E4AE0B9599CF6348B0EAC781225457
3268602410 2766 36068 7C20F6CF1A09EEE4F40FE6F70B0F070213E4AE0B9599CF6348B0EAC781225457
3266836466 29481 57595 B05BBAEE02706B72F2599C1D341E19E412CBB921A698F8A9FB6D98259B88A6A9
3274885488 56905 32797 A51F5A8112D59452ECB87EAD220D7B681535CCD29EB393013B13AFB708BBDF13
3272567054 14622 28039 7C20F6CF1A09EEE4F40FE6F70B0F070213E4AE0B9599CF6348B0EAC781225457
3274871349 23669 46973 1A4F41CF1CA700B3ED01F08B8F7139F95AD3C3685E41563ABAAE0C533BCC8661
3268267138 50145 6041 44AFB9C96622D8B0889CBF0AB9F764792C721405E68C917FA0E766A8B1852973
3271332500 12331 61847 D62B1D9E29C27DCA36B0670A92CECD99BF8F0706881907774AE5358C2738BB46
3275907401 8152 10505 7C20F6CF1A09EEE4F40FE6F70B0F070213E4AE0B9599CF6348B0EAC781225457
3270885279 42345 4443 BC3C88C56D2B3CAC34EA127506A124713423F8335D9C5F03886389D8F25D7B4B
3273371165 62272 23675 7C20F6CF1A09EEE4F40FE6F70B0F070213E4AE0B9599CF6348B0EAC781225457
3273718749 12249 40013 FC24983CE7AD860EE537E19F5AA32A075A9801952A23E111E58787E39255BD95
3268653887 36591 65299 D23A5526C2ACCBE95C2F07F49C1935FFC25FB8A471D7A797C6DFE0383E50E067
3272616123 39638 22500 7C20F6CF1A09EEE4F40FE6F70B0F070213E4AE0B9599CF6348B0EAC781225457
3269800395 48306 26864 7C20F6CF1A09EEE4F40FE6F70B0F070213E4AE0B9599CF6348B0EAC781225457
3271464283 51476 20378 7C20F6CF1A09EEE4F40FE6F70B0F070213E4AE0B9599CF6348B0EAC781225457
3265454939 43049 62822 5850041EF959875BBEC23F4F40A3AC310BEB78BE9E90AE1ED6BCB94CA1F1E596
3275979624 3718 29584 7C20F6CF1A09EEE4F40FE6F70B0F070213E4AE0B9599CF6348B0EAC781225457
3272906993 53520 57137 7C20F6CF1A09EEE4F40FE6F70B0F070213E4AE0B9599CF6348B0EAC781225457
3264616634 59451 54837 B6562A601EB275333E417EF821BD56DA5AAF687519BB75BFE77EF593CCC9F04F
3272060480 56180 52074 7C20F6CF1A09EEE4F40FE6F70B0F070213E4AE0B9599CF6348B0EAC781225457
3265361055 16577 57241 64D9B4FAF64CDBDC302D3EFD2D49757D45A26C2BE82A16FE959ACB450D1985FF
3273754827 7561 50341 E350F96CC7BDAC0A4693404FBDC473FA955E122584ED8326AD3D93AE5CFED130
3267989417 35039 54588 1568DD5EB5A1AA3F9A104846A26ABBCECE5A4E59AB5AC4774CAEDA37BF5B1BF4
3271562589 62262 26337 7C20F6CF1A09EEE4F40FE6F70B0F070213E4AE0B9599CF6348B0EAC781225457
3266543469 26053 47279 21F65AB6D98FAE6C9579007770584654853E8697AE998F58398B849330E92922
3265505280 3209 31515 19CA8878FB39BFF7FEC0956C821641178663F644832C0F0990BE3238B59C22BC
3265576078 25488 20942 7C20F6CF1A09EEE4F40FE6F70B0F070213E4AE0B9599CF6348B0EAC781225457
3272173601 13431 56825 63F408CAACF362610F95789299751DBE3198C7D2A37CAB4CC92EEA76B8D145C4
3266286997 41607 61794 5350008599AB1334C9A8901CDB5F3EC860F8602D4FA70D11DA4490847B37A575
3272197892 4556 51271 7C20F6CF1A09EEE4F40FE6F70B0F070213E4AE0B9599CF6348B0EAC781225457
3267632837 15347 56025 3811FFBCB4547DBB9A2F3B824A74AF66D4736F7D1A42DE99AA7AA65885DA81CF
3275491271 55795 47170 8C62E5DFB9C1616C84E62DDAD0EC62BD1FC341FAAA3D6A65A6081F8ACEA16394
3267785066 8512 31388 7C20F6CF1A09EEE4F40FE6F70B0F070213E4AE0B9599CF6348B0EAC781225457
3271295737 24154 16919 7C20F6CF1A09EEE4F40FE6F70B0F070213E4AE0B9599CF6348B0EAC781225457
3265889479 44845 63945 CCE2BC21A119C07736CE782DBA68ACC6C27FEBE3209447DB32DAA06D7CC0DFBE
3272606674 44478 24574 7C20F6CF1A09EEE4F40FE6F70B0F070213E4AE0B9599CF6348B0EAC781225457
3266519252 25760 54267 7C20F6CF1A09EEE4F40FE6F70B0F070213E4AE0B9599CF6348B0EAC781225457
3271325840 8989 28895 F7AF5223DCE0931EE18FB87D9B3BCEC057B58DFDF9228DFE90ADE0963C8003A8
3267525423 1835 38454 C98E1402F00B70664A8D2E26B38EECF9B792D0503FA57745898174DD9A023BF9

Total of 0 tasks calculated error.
