Total of 100 tasks calculated correctly, accuracy 100.00% 
3277372258 16688 19172 7C20F6CF1A09EEE4F40FE6F70B0F070213E4AE0B9599CF6348B0EAC781225457
3286816257 45595 8102 9AFC413A14E7CD2CCFF4054925CFEEBCC533BA940F6EDBABE6F3C83B303AE5DF
3278288356 3141 61999 EC1FFBC1A8B79223614ED83B8E9B8A97603438C1962A729FC2FE131B29E0A783
3282246043 26374 10884 7C20F6CF1A09EEE4F40FE6F70B0F070213E4AE0B9599CF6348B0EAC781225457
3285252650 62230 15926 7C20F6CF1A09EEE4F40FE6F70B0F070213E4AE0B9599CF6348B0EAC781225457
3287465213 42011 34571 D972980FAB4A335C7A93F144E64CCF5A0F55D900F268D2C018FAE7EE76DC4BC2
3283564863 3794 782 7C20F6CF1A09EEE4F40FE6F70B0F070213E4AE0B9599CF6348B0EAC781225457
3282584188 57242 60731 7C20F6CF1A09EEE4F40FE6F70B0F070213E4AE0B9599CF6348B0EAC781225457
3277762786 22823 34299 BD4070F1A88A3F275256DC6AA09E6FAD2AC551304EE8FE5AAA7B01CC540A9D10
3277140062 54815 40855 FAC90749B022E3C4DC1578DF2DCF7A9D7FC353E8AAB235AD3A2780F179DB5986
3279688729 28327 21938 C50F4022E51609C0B080F00D9348F30BFD4F4F561EF74BD791DF614EF81953E2
3286098975 17948 30625 7C20F6CF1A09EEE4F40FE6F70B0F070213E4AE0B9599CF6348B0EAC781225457
3281915492 37634 62528 7C20F6CF1A09EEE4F40FE6F70B0F070213E4AE0B9599CF6348B0EAC781225457
3284767447 61696 50052 7C20F6CF1A09EEE4F40FE6F70B0F070213E4AE0B9599CF6348B0EAC781225457
3280441177 24938 54197 7C20F6CF1A09EEE4F40FE6F70B0F070213E4AE0B9599CF6348B0EAC781225457
3283445378 18594 51416 7C20F6CF1A09EEE4F40FE6F70B0F070213E4AE0B9599CF6348B0EAC781225457
3285293554 9340 49270 7C20F6CF1A09EEE4F40FE6F70B0F070213E4AE0B9599CF6348B0EAC781225457
3285090741 11764 49774 7C20F6CF1A09EEE4F40FE6F70B0F070213E4AE0B9599CF6348B0EAC781225457
3280782871 37214 33531 7C20F6CF1A09EEE4F40FE6F70B0F070213E4AE0B9599CF6348B0EAC781225457
3284377432 41445 31672 669FD047BA0E878822627269185468C7161A9EA2C5293607E4175429A159158A
3281582478 61340 56349 7C20F6CF1A09EEE4F40FE6F70B0F070213E4AE0B9599CF6348B0EAC781225457
3284816150 30869 24661 633B06955B5B4207DA0538FD538C9A57DCDE542B92E21952BDEF26B5179F4D16
3284556184 23646 20854 7C20F6CF1A09EEE4F40FE6F70B0F070213E4AE0B9599CF6348B0EAC781225457
3276904832 26496 12698 7C20F6CF1A09EEE4F40FE6F70B0F070213E4AE0B9599CF6348B0EAC781225457
3279537564 5054 28069 7C20F6CF1A09EEE4F40FE6F70B0F070213E4AE0B9599CF6348B0EAC781225457
3279771221 4248 64198 7C20F6CF1A09EEE4F40FE6F70B0F070213E4AE0B9599CF6348B0EAC781225457
3277051632 21684 59862 7C20F6CF1A09EEE4F40FE6F70B0F070213E4AE0B9599CF6348B0EAC781225457
3286766136 21732 27641 7C20F6CF1A09EEE4F40FE6F70B0F070213E4AE0B9599CF6348B0EAC781225457
3281524192 32645 59266 E92A675E6FD654FA40154BA76CC6178B12AA347C384D787814A06FE2ADE768B4
3281942595 61745 31243 B61191CB08120A65CB066A3AE0593C626B85C5D8F7D71A4AA3D97915E173F62F
3276773894 36292 26795 7C20F6CF1A09EEE4F40FE6F70B0F070213E4AE0B9599CF6348B0EAC781225457
3279981626 3333 51027 0926EC35EF5B175F6782B3E044E244264B9D070095D9322B617B87A0B517637C
3281037820 32876 12188 7C20F6CF1A09EEE4F40FE6F70B0F070213E4AE0B9599CF6348B0EAC781225457
3281921727 6053 52623 AC45EE08F6F34CB4A1B50869BFC721E4A91FCA65B344DF46C9D9720CCB890E9C
3278917977 21738 60450 7C20F6CF1A09EEE4F40FE6F70B0F070213E4AE0B9599CF6348B0EAC781225457
3285827621 52962 61059 7C20F6CF1A09EEE4F40FE6F70B0F070213E4AE0B9599CF6348B0EAC781225457
3282701552 14978 62491 7C20F6CF1A09EEE4F40FE6F70B0F070213E4AE0B9599CF6348B0EAC781225457
3285387696 110 64945 7C20F6CF1A09EEE4F40FE6F70B0F070213E4AE0B9599CF6348B0EAC781225457
3279119020 4758 41506 7C20F6CF1A09EEE4F40FE6F70B0F070213E4AE0B9599CF6348B0EAC781225457
3276948672 37378 64779 7C20F6CF1A09EEE4F40FE6F70B0F070213E4AE0B9599CF6348B0EAC781225457
3283980301 43657 20602 33A8D6773BA13544E4271E7A97D2326EAA8A4610E719C1C3BB0E8FF3709201A4
3282568679 8059 44618 96F7A9C48175EC9709C31C9B0246F1EBCB9E507B90797A80E27CEFAC6DC43B81
3285697844 12395 37862 3C3AD614D11F4DAAA38F963F2FC69B1B53E3788C2289FD2B595F701CD1D41420
3284697605 9200 23587 7C20F6CF1A09EEE4F40FE6F70B0F070213E4AE0B9599CF6348B0EAC781225457
3284184270 12169 15824 E5B81ED7A40068F8C8132CB59E8E190FD9C1E4E86CE4F4A5785A84A1C473090A
3283367815 45392 60843 7C20F6CF1A09EEE4F40FE6F70B0F070213E4AE0B9599CF6348B0EAC781225457
3279708794 4278 17525 7C20F6CF1A09EEE4F40FE6F70B0F070213E4AE0B9599CF6348B0EAC781225457
3280182524 33096 6239 7C20F6CF1A09EEE4F40FE6F70B0F070213E4AE0B9599CF6348B0EAC781225457
3278052331 37068 8293 7C20F6CF1A09EEE4F40FE6F70B0F070213E4AE0B9599CF6348B0EAC781225457
3277654792 8054 43076 7C20F6CF1A09EEE4F40FE6F70B0F070213E4AE0B9599CF6348B0EAC781225457
3282485970 20294 41897 7C20F6CF1A09EEE4F40FE6F70B0F070213E4AE0B9599CF6348B0EAC781225457
3281893741 3401 13135 1FEFD75FE786F641E4A27A8B13D746698D75A68B144B8BDBDFBCCA21CCBF2ED3
3278352480 59863 34136 09B5320304AEF2848EC4586BFF4E153FADF73419BAFCBC0DF8DBCC5A8BE69534
3286891876 26661 59446 EADC75509A2AB4CBD1847BCCDDB03FD45CE5FE5EB0FE84D948398267718CCC2C
3284569008 22076 14396 7C20F6CF1A09EEE4F40FE6F70B0F070213E4AE0B9599CF6348B0EAC781225457
3278430364 52851 15307 5F5212D46D77B1B45E8F2EB00E5EEA4D3ECC99D049BF07282BCEF0010D621089
3281780846 49111 38352 780F4460CDB45F8E2745223811826A79E5470A132389A831D60DCCE6CA1502ED
3280313254 63646 61078 7C20F6CF1A09EEE4F40FE6F70B0F070213E4AE0B9599CF6348B0EAC781225457
3287319657 51199 63784 874505CDBC6B4CEF0937CBCCA33FBE2BC5E18D2D5F92607CBA1A05EEB34A499D
3277413361 56352 59522 7C20F6CF1A09EEE4F40FE6F70B0F070213E4AE0B9599CF6348B0EAC781225457
3281254963 51623 47189 D980FA2055345087212F1BC2E887835C4E010F100C15DF99A724CFCE0BB2F685
3287655642 20056 54374 7C20F6CF1A09EEE4F40FE6F70B0F070213E4AE0B9599CF6348B0EAC781225457
3276975949 35749 37282 E683AD46F8E0B0CA8601DC68DBA73D8B3C125F1E522FA5A068410DA421118C76
3287147853 55163 17478 C55B966FD9E1A37B96FADF01C7B927E98CCB00925D2863AC945A3CA9FF98F314
3282483217 31322 60972 7C20F6CF1A09EEE4F40FE6F70B0F070213E4AE0B9599CF6348B0EAC781225457
3284028361 45521 46542 70D117A0EBEEDCDB5C58D9BC0D1060A544652274C381B444FC90EC606403AF14
3282647309 58457 39756 16120D23BBD7FE75135D7B9EFF17D69C02EC12FF544C4DF81BC581224C0EF3EA
3287794921 14549 23792 3B639612377ECC14EAF23F36DA0BC160F05F6920E12E2734F7C33F8F1670AFE9
3283288317 33523 45281 E0B49EE7510A6E58204B5D8FE0278AE2DE71C451BA8D61076A4D61E757CC3308
3277164986 48664 63127 7C20F6CF1A09EEE4F40FE6F70B0F070213E4AE0B9599CF6348B0EAC781225457
3279160646 35277 39201 C60DC358CF383472D98A45FB16ADD9CDD2ACD32963C23266BAB40FDC12DE4D8F
3279227169 37936 50239 7C20F6CF1A09EEE4F40FE6F70B0F070213E4AE0B9599CF6348B0EAC781225457
3282682300 11683 29777 F3093A11586E2876B4B11891C05FD76C018B6E03B13F41B51B307DABA67124E2
3276502352 28470 49438 7C20F6CF1A09EEE4F40FE6F70B0F070213E4AE0B9599CF6348B0EAC781225457
3287034595 16799 7212 064D380FA0EC5D7E92FD98D4EFDC64CF95A407EE1F93F0B680578E98FE1522E7
3284474763 7244 12599 7C20F6CF1A09EEE4F40FE6F70B0F070213E4AE0B9599CF6348B0EAC781225457
3286108404 24272 36198 7C20F6CF1A09EEE4F40FE6F70B0F070213E4AE0B9599CF6348B0EAC781225457
3284316316 49485 27536 7849730F14849400D719EBA8AA8010259B64595ACC17BE03380B91A3574BB976
3280233285 56673 19761 35798A235682B2D9899804D26119E3676DE28A2902256791993B7C3AF07883CB
3282824779 45096 48244 7C20F6CF1A09EEE4F40FE6F70B0F070213E4AE0B9599CF6348B0EAC781225457
3285911737 58824 2063 7C20F6CF1A09EEE4F40FE6F70B0F070213E4AE0B9599CF6348B0EAC781225457
3276521892 52320 32973 7C20F6CF1A09EEE4F40FE6F70B0F070213E4AE0B9599CF6348B0EAC781225457
3287436873 29179 51782 57B577E6DA238E59DAC8B9CE6A1454640D3EECA65C7AA2281393138E9C26D2E5
3286453918 38536 53958 7C20F6CF1A09EEE4F40FE6F70B0F070213E4AE0B9599CF6348B0EAC781225457
3278028452 26353 61186 6440FB9742080DD41CF49BD37123F7476259D767C876FDBAC9D7E393A76877C0
3285904919 54778 51205 7C20F6CF1A09EEE4F40FE6F70B0F070213E4AE0B9599CF6348B0EAC781225457
3288229191 24586 36808 7C20F6CF1A09EEE4F40FE6F70B0F070213E4AE0B9599CF6348B0EAC781225457
3284940287 46555 52374 AB0EE944C6BB427434A4ABC9753A4CB5E6D2BAF97FD8265FA4E99196928D77A7
3278987978 53296 60677 7C20F6CF1A09EEE4F40FE6F70B0F070213E4AE0B9599CF6348B0EAC781225457
3282705122 31188 22520 7C20F6CF1A09EEE4F40FE6F70B0F070213E4AE0B9599CF6348B0EAC781225457
3282765040 56648 49659 7C20F6CF1A09EEE4F40FE6F70B0F070213E4AE0B9599CF6348B0EAC781225457
3285126098 3701 44819 71DAA99726D04C93C677D48064B5238C4C87022B010D1D50A1AADECA5D019F5B
3283084163 49028 28172 7C20F6CF1A09EEE4F40FE6F70B0F070213E4AE0B9599CF6348B0EAC781225457
3286402843 64531 63650 4B1E202AC223512D537CB32B0ADEA36A97B78BEA6EC88C058CC9F4F5CA17A1AA
3283778155 15186 11524 7C20F6CF1A09EEE4F40FE6F70B0F070213E4AE0B9599CF6348B0EAC781225457
3277075060 37456 31220 7C20F6CF1A09EEE4F40FE6F70B0F070213E4AE0B9599CF6348B0EAC781225457
3278616181 9509 23170 D958C161594FB370FD75648CE8B33FB96761DB2C34B3C75F7A78FB7F649F3F3B
3278156686 21739 17496 0EF6DAC72814A6E2B4B708B5EBC2E65B3C105CE521B361DDB7DFA046FB101D52
3286051332 51913 37776 CEE5FFBEF3332639CBAC6E5AA9A0EE3D7FD598EB5DBED5C90F0A75FBC98517EB
3286279078 8853 51618 0750D32A69496111E5F3D012E7A3B9599D85EED0F99BA9E3E7B97F315CAF84A9

Total of 0 tasks calculated error.
