Total of 100 tasks calculated correctly, accuracy 100.00% 
3298891718 63071 45916 1272A52593C7264361D02706C1A1526DB83766F2096024D1AFF87D470E0DBEA5
3290471986 37657 30204 53CE0C19664A0CA6655DDB5922A5CC315F62AFE828BBF6B3CE9B5937135C391B
3293973372 43835 54310 E88F2239F040195EADF02375ED32BD4925CF29490D10CBE8023F111810FDC616
3293446102 22594 51213 7C20F6CF1A09EEE4F40FE6F70B0F070213E4AE0B9599CF6348B0EAC781225457
3297884445 61711 28066 C305FE1079B2131A5A686F11D585AEE7D33ADD8BFA22FF63BFC9849AF4C85C31
3295518886 21911 46236 6E4DA551DE11537A3A0330CC90BA4BECBE3BF66207239D3B8571D209993A504B
3291421575 16518 35262 7C20F6CF1A09EEE4F40FE6F70B0F070213E4AE0B9599CF6348B0EAC781225457
3299812767 4890 38960 7C20F6CF1A09EEE4F40FE6F70B0F070213E4AE0B9599CF6348B0EAC781225457
3293529790 39192 19806 7C20F6CF1A09EEE4F40FE6F70B0F070213E4AE0B9599CF6348B0EAC781225457
3296495184 18943 33486 D3C2723CD9FDA1F3DA53A6DB01B35FB03C00E90DB08997560DBF6840B83105C3
3296310881 45617 14538 AB2995B8E75B1BFF20D45AC1643F666AD1B754CC53188906AF537B6A8C79C24D
3294333384 28906 48601 7C20F6CF1A09EEE4F40FE6F70B0F070213E4AE0B9599CF6348B0EAC781225457
3293184956 59925 33083 98759150A069E100B02ED1489CDCC4496395BD79D3E57F75751767CAC361FE43
3296843292 55454 54906 7C20F6CF1A09EEE4F40FE6F70B0F070213E4AE0B9599CF6348B0EAC781225457
3293030814 37101 13416 A4F31F3854A126703155557B6285388470BDF8FC7FA78FCECE1F1CCFC50CFA23
3297439825 9810 61797 7C20F6CF1A09EEE4F40FE6F70B0F070213E4AE0B9599CF6348B0EAC781225457
3291416599 27707 27625 9FE3D41E4F05A2FB67942EFCFC6A9CD54A0E76DE1DBEFF54AD5658FA0BD23203
3297685210 38112 56684 7C20F6CF1A09EEE4F40FE6F70B0F070213E4AE0B9599CF6348B0EAC781225457
3296180658 27231 13876 E872E861CA24356A0D68EE5818BFF6CFC9EEA310189CC795F9D10B7A25DE586B
3290442368 4023 24496 D19DD891E830ED474792CE236C1F8CB25A3C3D5A915AD16B8A734FFDF93E6E19
3292998489 15160 17094 7C20F6CF1A09EEE4F40FE6F70B0F070213E4AE0B9599CF6348B0EAC781225457
3299612236 956 35696 7C20F6CF1A09EEE4F40FE6F70B0F070213E4AE0B9599CF6348B0EAC781225457
3297656597 65113 58791 1FE3CE90E3D1C3F9E3BCB4383E976A2CF5E9E2071AF8E3DB162229D3242E2328
3291176885 37311 16480 3BC0C47367AE936D3AE8094C37379752F73A17A0BCF9F98A8EAB72CAA503D0DE
3298259530 32586 48122 7C20F6CF1A09EEE4F40FE6F70B0F070213E4AE0B9599CF6348B0EAC781225457
3291485571 62466 8969 7C20F6CF1A09EEE4F40FE6F70B0F070213E4AE0B9599CF6348B0EAC781225457
3297330661 47732 54328 7C20F6CF1A09EEE4F40FE6F70B0F070213E4AE0B9599CF6348B0EAC781225457
3293722214 55482 44272 7C20F6CF1A09EEE4F40FE6F70B0F070213E4AE0B9599CF6348B0EAC781225457
3297291458 8113 6667 EAC0C6371ED7AE98BA247D26E4C005BB9BB35AEC60E2A3BF75EDDCA4A45CC667
3295378518 58944 44747 7C20F6CF1A09EEE4F40FE6F70B0F070213E4AE0B9599CF6348B0EAC781225457
3298493921 45780 48105 7C20F6CF1A09EEE4F40FE6F70B0F070213E4AE0B9599CF6348B0EAC781225457
3293996703 58803 36844 D4EA26C797999D721F686171E0575C5F8989B62B83156ED04A2A724266861049
3289381582 62112 62613 7C20F6CF1A09EEE4F40FE6F70B0F070213E4AE0B9599CF6348B0EAC781225457
3296397942 13362 45754 7C20F6CF1A09EEE4F40FE6F70B0F070213E4AE0B9599CF6348B0EAC781225457
3292433648 17088 40619 7C20F6CF1A09EEE4F40FE6F70B0F070213E4AE0B9599CF6348B0EAC781225457
3293929467 29001 14957 F05BE6203F56FF72438BAFC99DCCFF0BEA31725BBA2E8D95C16E0835751AFCF2
3291891219 44123 9887 5F603003A5A6711C8349814839ABF9515873C9B81DDDA7C5320CD1EA57E4A4B5
3290313472 10396 50647 7C20F6CF1A09EEE4F40FE6F70B0F070213E4AE0B9599CF6348B0EAC781225457
3295227139 47593 28902 58FA46DAAD3B3A6530B908DE50EAD38597AE17AFB1BE2A845F02557041A4BE3A
3294372779 49135 57609 700C62F826A97D54D53CA7FF47A801787ADB3EA3F50E4D81EBC2D761D324AF52
3298334317 14256 27882 7C20F6CF1A09EEE4F40FE6F70B0F070213E4AE0B9599CF6348B0EAC781225457
3298064858 40781 17448 D5265916C4B7DD1F07E792812CCB240E061D2C50DC417E134B7D9BFDDDE59861
3299895035 44273 20449 C71FCC7A5FCE971E2343C69006179306F95F2A992B017148E21C2FF43967CDFD
3297050471 4197 44702 341A29E58F01BD593B9195568F22D03FA49D64EBD4E369F00726B43FF9B29EF0
3289152170 9124 48802 7C20F6CF1A09EEE4F40FE6F70B0F070213E4AE0B9599CF6348B0EAC781225457
3290456387 17988 36600 7C20F6CF1A09EEE4F40FE6F70B0F070213E4AE0B9599CF6348B0EAC781225457
3290295453 33536 7577 7C20F6CF1A09EEE4F40FE6F70B0F070213E4AE0B9599CF6348B0EAC781225457
3295240744 4346 63094 7C20F6CF1A09EEE4F40FE6F70B0F070213E4AE0B9599CF6348B0EAC781225457
3288715299 55353 622 ECC5C0B94128A0EA631A45FBF05D7DD2FA51AC32878488956369CBC69D9DC062
3297686651 33618 50473 7C20F6CF1A09EEE4F40FE6F70B0F070213E4AE0B9599CF6348B0EAC781225457
3294759578 41504 22780 7C20F6CF1A09EEE4F40FE6F70B0F070213E4AE0B9599CF6348B0EAC781225457
3293464760 41521 17509 B1CE3336706BA13EAC925CB3BA2C0D2015B6FCA8D8EF9E7DC0EC4D29B96462BC
3289379727 10170 45206 7C20F6CF1A09EEE4F40FE6F70B0F070213E4AE0B9599CF6348B0EAC781225457
3288645543 1255 23479 26C5E1A35B2284105F4F3D3F8253CCE193CE90868311DFDCE495E6F011FC8E71
3298317125 46932 39432 7C20F6CF1A09EEE4F40FE6F70B0F070213E4AE0B9599CF6348B0EAC781225457
3291066605 57220 5022 7C20F6CF1A09EEE4F40FE6F70B0F070213E4AE0B9599CF6348B0EAC781225457
3290738454 17166 14419 7C20F6CF1A09EEE4F40FE6F70B0F070213E4AE0B9599CF6348B0EAC781225457
3296578539 6287 14414 1640210C81C6ABBD0668CCCD6E29DF84136A0B723931F7F057113A785FC63048
3296993886 63198 18118 7C20F6CF1A09EEE4F40FE6F70B0F070213E4AE0B9599CF6348B0EAC781225457
3292164699 19642 37447 7C20F6CF1A09EEE4F40FE6F70B0F070213E4AE0B9599CF6348B0EAC781225457
3295071438 43778 13349 7C20F6CF1A09EEE4F40FE6F70B0F070213E4AE0B9599CF6348B0EAC781225457
3292606597 9813 28393 E0AA6914BE8DA4FF92151EF8A93A413AFBA77E0BB3175B6D1B909191AC25EA2C
3295538871 41877 25721 9A9761A916DCF66E9CC54B5DA2AFB46608C908994EE1D24027D8B7CF9533EEF4
3290830439 7821 7083 01B11D94F3E0D43C816CBC9E784DEA70F61215BD9F61F9440C2C59B5B086C25E
3292653024 6961 17868 FC1D58EDB3A109C58EF0F1C1E44E849A24815B0AB118660FAA8BE1831375E307
3297487109 39260 42968 7C20F6CF1A09EEE4F40FE6F70B0F070213E4AE0B9599CF6348B0EAC781225457
3294393443 42908 46401 7C20F6CF1A09EEE4F40FE6F70B0F070213E4AE0B9599CF6348B0EAC781225457
3288882954 6338 12832 7C20F6CF1A09EEE4F40FE6F70B0F070213E4AE0B9599CF6348B0EAC781225457
3291279701 26146 51025 7C20F6CF1A09EEE4F40FE6F70B0F070213E4AE0B9599CF6348B0EAC781225457
3291496512 30744 35856 7C20F6CF1A09EEE4F40FE6F70B0F070213E4AE0B9599CF6348B0EAC781225457
3296352138 42744 58470 7C20F6CF1A09EEE4F40FE6F70B0F070213E4AE0B9599CF6348B0EAC781225457
3298822221 20550 46294 7C20F6CF1A09EEE4F40FE6F70B0F070213E4AE0B9599CF6348B0EAC781225457
3293296966 38610 6773 7C20F6CF1A09EEE4F40FE6F70B0F070213E4AE0B9599CF6348B0EAC781225457
3297395196 25973 12120 8BA713B87F66EFED6AB9B662BBF77041B40E46367D4A579A48D89A49DB527735
3290347677 12710 28695 7C20F6CF1A09EEE4F40FE6F70B0F070213E4AE0B9599CF6348B0EAC781225457
3292421702 35947 19819 E1E311D96F689F54B2B4FF2C777C87673B0B86D9E09721BEBE7E26E879B43F1E
3294884422 60982 53901 7C20F6CF1A09EEE4F40FE6F70B0F070213E4AE0B9599CF6348B0EAC781225457
3298396226 15204 60487 7C20F6CF1A09EEE4F40FE6F70B0F070213E4AE0B9599CF6348B0EAC781225457
3298251410 47491 54342 92920A242F068D14FA9001AA06A409AE5C279889B29496691603112891669A4C
3293920927 41679 5373 0957F60AC7F1E40EE52C5717E7881C7B5EE3843518223B03111DDC3EBE345FC1
3294655304 13190 892 7C20F6CF1A09EEE4F40FE6F70B0F070213E4AE0B9599CF6348B0EAC781225457
3292716368 49485 9511 4159DBF8B751C2E2C293FACD93827A8B9364E669CAD1809800C9BA8B5CE4E506
3288714230 46356 58195 7C20F6CF1A09EEE4F40FE6F70B0F070213E4AE0B9599CF6348B0EAC781225457
3294440655 45410 6928 7C20F6CF1A09EEE4F40FE6F70B0F070213E4AE0B9599CF6348B0EAC781225457
3298066269 6613 51391 FB7BEEDDD407AD7BA295084C3485EEA6ABFAAEC101919A9BE57421F9AE74447C
3296236745 27704 46874 7C20F6CF1A09EEE4F40FE6F70B0F070213E4AE0B9599CF6348B0EAC781225457
3299880483 5350 28393 7C20F6CF1A09EEE4F40FE6F70B0F070213E4AE0B9599CF6348B0EAC781225457
3298788790 24061 21128 A0B2BCCEB3B0182262A1C992C5410C929A8ECCA8B68310979A04D55AD4835E9A
3297522914 39775 9862 6186A5807B86FD3DEE700FFBAEB60898B6E34B7DFC9FFC7308DED5029A46CA08
3298725181 60482 15762 7C20F6CF1A09EEE4F40FE6F70B0F070213E4AE0B9599CF6348B0EAC781225457
3289727040 11929 22814 4246EB7DE351E96A231E7ED593710CFDEE2E1D0BCEE722D074359008ADFAB0C7
3289979346 35314 60938 7C20F6CF1A09EEE4F40FE6F70B0F070213E4AE0B9599CF6348B0EAC781225457
3296519658 47955 60036 D388F4163B811C65C0B4C6457669FA85E824614A818359C72D0F1835C884DC99
3295094935 38917 55369 37E035211DC19B9EDCB0C7EA5FB890A9E436B725461ACCA0496CA343321C882C
3296190434 9016 28276 7C20F6CF1A09EEE4F40FE6F70B0F070213E4AE0B9599CF6348B0EAC781225457
3296381315 63593 26836 F7579F8F0922621147C54B05827754C0D1267318FD95E7AEF401A066B0DEB07C
3297712398 59376 8117 7C20F6CF1A09EEE4F40FE6F70B0F070213E4AE0B9599CF6348B0EAC781225457
3295278417 40409 28755 2FFFD50E10A7BC774C540E3914FB319791568E7EDD9BD019C2E438E7D5F12866
3297106942 64765 15689 577B2D936A4690893E738F7E3F7242D9625CDEFCBCE5E237F73BB0432C5FC91E
3290709642 25256 46810 7C20F6CF1A09EEE4F40FE6F70B0F070213E4AE0B9599CF6348B0EAC781225457

Total of 0 tasks calculated error.
