Total of 100 tasks calculated correctly, accuracy 100.00% 
329658816 9767 62772 B883D12EA9D677F95ACD4E4690ED571F3879B162B3C65A59227213FB56D1144F
324666162 34373 50959 3D7FFE5A4E60BFD8EF3FE9B7B9EF68AF407343025BC5BAC7867004ED6E313161
333824816 15271 10561 310BF73BA168898AB5F021A3F20C03697BE4FC1D2973D175CAC72C378CD01B6F
332784088 10151 37201 C0862CE204DF514E352D60B12322C75B5C121157DA5560A6BCEFA3F2C3272CF9
332094839 42787 8638 DC88DBF6AD944537B17E574BC9D8A40A16852AF318C6D2C93E05103736117377
333985229 25993 15748 592E4683556DC62A0BA86A72DD02C15AEC81411313AEAFB53F58A731E73C498E
333470226 37542 26549 7C20F6CF1A09EEE4F40FE6F70B0F070213E4AE0B9599CF6348B0EAC781225457
324552046 34297 11772 81DC0B3CDB9F9F911DBEF85C70BC00EB51EA0DB2326AC7E96F1DFD5AB8E95770
327194390 37003 12997 015DB32FF01B4973DB10DDCFB3586156BBB9C8F300F157B29E4E1E44E20BB6CA
331704596 58651 54039 27BC0AC2278305CACBB1353188D2C5679E7627F4C41C608697F0F339FE7DA69C
334948203 64634 36955 7C20F6CF1A09EEE4F40FE6F70B0F070213E4AE0B9599CF6348B0EAC781225457
330498245 62756 32116 7C20F6CF1A09EEE4F40FE6F70B0F070213E4AE0B9599CF6348B0EAC781225457
332858923 61226 9925 7C20F6CF1A09EEE4F40FE6F70B0F070213E4AE0B9599CF6348B0EAC781225457
326072579 24816 61386 7C20F6CF1A09EEE4F40FE6F70B0F070213E4AE0B9599CF6348B0EAC781225457
329732381 61486 31804 7C20F6CF1A09EEE4F40FE6F70B0F070213E4AE0B9599CF6348B0EAC781225457
327471591 36721 10532 8EA35C335E1877311AB32293892231764756455F3CCFAA022F6C54BBEF12F805
336097970 29925 60835 E7A69A7A7B91200FB58CC05FE403877255B659B732E8085AD32A46302AA96837
330811563 41257 53818 F7417EFD1DDFF5BF8D99E2298E79805C8186BDBB5E024E40B6FD9A585D113E63
328716064 32006 50489 7C20F6CF1A09EEE4F40FE6F70B0F070213E4AE0B9599CF6348B0EAC781225457
327456424 31727 14201 074331A7E564417AE2B95825BA716EE7C7F55BC940FAD7A3FF4E23CB80E51BFC
325318778 54074 19681 7C20F6CF1A09EEE4F40FE6F70B0F070213E4AE0B9599CF6348B0EAC781225457
329549008 11776 53673 7C20F6CF1A09EEE4F40FE6F70B0F070213E4AE0B9599CF6348B0EAC781225457
333449165 8249 18730 28C745AAF66BDD5E46C8845DF576CBE31D814078E2B8D6A3087912B5D0305E90
328763885 30410 54372 7C20F6CF1A09EEE4F40FE6F70B0F070213E4AE0B9599CF6348B0EAC781225457
324660001 39401 48278 089E2D06642A607C98BBF69CC5EA10B94F8631D9DAD47FFB32EE4B5EEC3ED641
331495034 60805 21997 E43212B9DE74F47207DA2DDDB58AE7687046D67BF6F6C0F7451A15E644B4A39C
327501638 64119 3061 98B9DD7967E9414331159EA785F75077E025F771C6F44FE4600E4657A3EAFC88
333994731 38635 15139 DD08C2058AD182659842AD3DB540F81EE3CA91DD5B2C01AB64EA9CBF6089CFF7
332749667 42020 48734 7C20F6CF1A09EEE4F40FE6F70B0F070213E4AE0B9599CF6348B0EAC781225457
335786955 28610 18304 7C20F6CF1A09EEE4F40FE6F70B0F070213E4AE0B9599CF6348B0EAC781225457
335814002 51041 2782 68FA603A8DD6AEF01A5A5D7D59FB2ABD9A8A889E795E7F0EE4753D4A7E8A5028
324609014 266 12148 7C20F6CF1A09EEE4F40FE6F70B0F070213E4AE0B9599CF6348B0EAC781225457
336138993 22981 48097 AED2B9DC06D7B1B99ED540176EE603ADAB6E6E3454C5490298B86F6A2F858530
324573139 13907 65398 532BB1952D8F28CA1889991B499D86309EEFEE47A1A4A83947BB13B674BE9003
324584942 49162 7567 7C20F6CF1A09EEE4F40FE6F70B0F070213E4AE0B9599CF6348B0EAC781225457
329689894 53140 52895 7C20F6CF1A09EEE4F40FE6F70B0F070213E4AE0B9599CF6348B0EAC781225457
333790256 6860 6938 7C20F6CF1A09EEE4F40FE6F70B0F070213E4AE0B9599CF6348B0EAC781225457
334530113 10858 1704 7C20F6CF1A09EEE4F40FE6F70B0F070213E4AE0B9599CF6348B0EAC781225457
332260717 31109 58731 E479B4E7F13C3DBB546EF6FEDB6C47BE5D6AC5D728A5413367E32E8B42D15B8C
334017629 61096 21318 7C20F6CF1A09EEE4F40FE6F70B0F070213E4AE0B9599CF6348B0EAC781225457
334463794 42257 7468 82F511342F02A26841382B328D09A51662392C01C9B67B2DB46BDE332F061053
334369745 33246 52278 7C20F6CF1A09EEE4F40FE6F70B0F070213E4AE0B9599CF6348B0EAC781225457
327033539 48312 55437 7C20F6CF1A09EEE4F40FE6F70B0F070213E4AE0B9599CF6348B0EAC781225457
334737106 56409 44967 03D7CF986AF4D55A431F89B686431A9304F0A882466A1E9FA59CF1EE787733E1
332139328 19649 34357 D885104095E847BE876814783442CBB78D65C83CE378CAB843630A057D890C84
329213604 43199 7643 BF53A25B0A29879102D411C6F1F7EC631DB57F0F20A58011AB7BE1F6991321DB
328939697 35072 55858 7C20F6CF1A09EEE4F40FE6F70B0F070213E4AE0B9599CF6348B0EAC781225457
335839834 62856 9705 7C20F6CF1A09EEE4F40FE6F70B0F070213E4AE0B9599CF6348B0EAC781225457
326573749 134 47085 7C20F6CF1A09EEE4F40FE6F70B0F070213E4AE0B9599CF6348B0EAC781225457
325222294 18890 55612 7C20F6CF1A09EEE4F40FE6F70B0F070213E4AE0B9599CF6348B0EAC781225457
327147995 10903 2384 E0D546209C341790A21E5B438F0D5E9D044DFF26BDC92E2BFA3878F3FC3BE69A
330334254 27487 30008 08EF22E9577A9149B7EB0A94AAA69A4C44775C076E75733ED9053D60B8C81838
327386055 13068 1372 7C20F6CF1A09EEE4F40FE6F70B0F070213E4AE0B9599CF6348B0EAC781225457
335462193 23391 59438 04373EAB072D0EA22C10610473263E6409F20DFE38365EFAB15D95C74988DD94
328328282 37108 26722 7C20F6CF1A09EEE4F40FE6F70B0F070213E4AE0B9599CF6348B0EAC781225457
334874967 63832 53438 7C20F6CF1A09EEE4F40FE6F70B0F070213E4AE0B9599CF6348B0EAC781225457
328250528 33868 44089 7C20F6CF1A09EEE4F40FE6F70B0F070213E4AE0B9599CF6348B0EAC781225457
333390347 58844 34697 7C20F6CF1A09EEE4F40FE6F70B0F070213E4AE0B9599CF6348B0EAC781225457
326651425 55607 2778 1334A05C313223F004E0A0C32F56E59598076383B8562C35F81ACAA392D9895F
325167132 29481 25184 BD6C5DE9BBECE20BD05AEC8B38A5D75B81CCD4F879774CDFDC3907FFBA8B4183
329357985 35689 64729 8AC79805D60B36E0C7FF11DD8EA9A970C76AB8E062CF1513AC8680B2D0EBF3D0
331008825 61951 38914 52E5D7DEB60D323C85C1EBD8668E7B3FAA9F742FB20A0E16453E3A100EF299DD
333362958 25232 9504 7C20F6CF1A09EEE4F40FE6F70B0F070213E4AE0B9599CF6348B0EAC781225457
336264540 6125 18570 210949E646E3292255DE6A8EE11B921C34B5448FC3777DD74AF709716FCCB645
335827158 9356 59687 7C20F6CF1A09EEE4F40FE6F70B0F070213E4AE0B9599CF6348B0EAC781225457
324637693 38651 39610 9B6FEA3A0CEB1AC1F1078B24D67FACCBEDB960EE200E86FAAB470CC0CF366C4B
327615462 29587 60570 B04A0A5827712FAFA5A3052C3AE22D3BDE513E94B0E4BBA2C66F2006DC6B57FF
325393596 55082 14994 7C20F6CF1A09EEE4F40FE6F70B0F070213E4AE0B9599CF6348B0EAC781225457
325566243 61936 18726 7C20F6CF1A09EEE4F40FE6F70B0F070213E4AE0B9599CF6348B0EAC781225457
331766648 48643 61452 900D4FDFAF3A612654F0B610EC89386A06FD347504F793756968CA463C30D044
329052920 23376 52786 7C20F6CF1A09EEE4F40FE6F70B0F070213E4AE0B9599CF6348B0EAC781225457
334235127 48264 41429 7C20F6CF1A09EEE4F40FE6F70B0F070213E4AE0B9599CF6348B0EAC781225457
331499078 28319 21916 7D717D6441AFCAE77D56933A7C715C339103F6A4D4A2BA08255BC4C8ED5F1C6F
334443563 17349 7197 D81223ACA832E984F7E0AD9530A20EBAEC2FC2C1551A966FBA8ADD819B302942
333151593 9671 2187 8BA369DEE75B8718099D9FBFB1673FD499D507A2CD8925F887457D70829A5BF0
333384303 36838 57912 7C20F6CF1A09EEE4F40FE6F70B0F070213E4AE0B9599CF6348B0EAC781225457
325517505 20799 50653 6F9555A527A6CF03565794AF65FB02A29DB3FD7F0B1B9718E489066B7CC55557
335941404 56393 56277 90253A5D751F0A54C43E3BA8DEEE4A2F4FA6A610EC36C222FFB7A09EB1CC036C
327589746 36099 3104 0C6988DCE4AB21785DF36FC6A8980DD0BA5D237185F9AC887980CC1B4B08EFF3
325202353 12881 35874 921576A30A5FECD3A32AC8F48336006BDCC9397FE09F5B6E5DD0D028E4276803
335047148 63771 11083 B49C5DD3C50C3D861A31AE0EE10A7AB45040D9B505D5F0BE57F225C91E2D6840
332783054 51793 57238 11B9D078DA62B9E30A2FF8048FC4C27BFEBD92DFAD9CB283ABF3A3C17882F27D
332286781 19423 24594 B22B30ADA0970B532B70BBB7E4D64ABA78F938F17A20ED2FCE003BB5EAA29534
325550597 22436 17287 7C20F6CF1A09EEE4F40FE6F70B0F070213E4AE0B9599CF6348B0EAC781225457
331299202 21733 12763 3D1746C1D22111AA6067D0B2907F79F9763200F248550AB0C57D2117334C0CA1
334136982 21157 17535 8F63B5B38F2DD02BEDE980693C9AE1A6C147CBEF9A5522F9B476C29DFFD53E9C
329575887 23978 60155 7C20F6CF1A09EEE4F40FE6F70B0F070213E4AE0B9599CF6348B0EAC781225457
324863300 18209 40585 4D03548351833A64F9A5C2832BB90D6F9C82070663EBA24867E2501BABC9577F
330044887 12840 9772 7C20F6CF1A09EEE4F40FE6F70B0F070213E4AE0B9599CF6348B0EAC781225457
333937172 48334 56575 7C20F6CF1A09EEE4F40FE6F70B0F070213E4AE0B9599CF6348B0EAC781225457
329467692 29996 44496 7C20F6CF1A09EEE4F40FE6F70B0F070213E4AE0B9599CF6348B0EAC781225457
330494299 49046 47041 7C20F6CF1A09EEE4F40FE6F70B0F070213E4AE0B9599CF6348B0EAC781225457
334804180 59826 1020 7C20F6CF1A09EEE4F40FE6F70B0F070213E4AE0B9599CF6348B0EAC781225457
329658915 20423 63491 2C812681E6ED1D502AF27D3519211A87F02D1F712C4439DA1E962732BF13C2AF
325861659 10222 59020 7C20F6CF1A09EEE4F40FE6F70B0F070213E4AE0B9599CF6348B0EAC781225457
331855042 26286 62388 7C20F6CF1A09EEE4F40FE6F70B0F070213E4AE0B9599CF6348B0EAC781225457
327758798 57971 21531 47B7B9972F53CD5AAA163545A8889D693D2ECE811AC549546CCC10B4BB5D2EF4
328403899 8842 39454 7C20F6CF1A09EEE4F40FE6F70B0F070213E4AE0B9599CF6348B0EAC781225457
333120396 35630 27286 7C20F6CF1A09EEE4F40FE6F70B0F070213E4AE0B9599CF6348B0EAC781225457
329975431 57637 41764 55BFC207E257995A4A702BB4C9C3FC17EF01C64DE78976897AC4FF04FD412AE7

Total of 0 tasks calculated error.
