Total of 100 tasks calculated correctly, accuracy 100.00% 
3360066715 23859 36791 E7C81104CF725EA97B860D0A2F77951CF89CFFC5CB088D86926051784927F3D2
3351926498 16689 6542 74D52E123203869F08BF836F455FDBEBF5B8DBDFC7837BB2ADA95AFD4171919C
3350634738 2927 25469 B03B15155C6F18A506C73B626E975B877B15A79EC84561FAE3CAC1131C00BEC8
3357352025 5778 59086 7C20F6CF1A09EEE4F40FE6F70B0F070213E4AE0B9599CF6348B0EAC781225457
3351114810 59682 52434 7C20F6CF1A09EEE4F40FE6F70B0F070213E4AE0B9599CF6348B0EAC781225457
3349459448 53274 40018 7C20F6CF1A09EEE4F40FE6F70B0F070213E4AE0B9599CF6348B0EAC781225457
3356613982 12109 38363 E178E08AB94293DB04C4463FC189C5858DFF65C89ADD8358879215EE61F513E0
3357917436 5923 32296 4F76E5024F683A9C2C1BADAF22515BAD868323B91BEC05025D4C1E3ED58F7AFD
3348498691 2795 62870 545B2DE92D84A6EB0D01D311C82696279F60FFD288F63B6A82522CE2951F69ED
3356991531 50451 5081 F55F508D68C52F1391EEB694C33A02B693EAD119C67250B909BE35C1F683EE0F
3358415828 29954 33447 7C20F6CF1A09EEE4F40FE6F70B0F070213E4AE0B9599CF6348B0EAC781225457
3354606089 42138 17557 7C20F6CF1A09EEE4F40FE6F70B0F070213E4AE0B9599CF6348B0EAC781225457
3358906280 51926 53949 7C20F6CF1A09EEE4F40FE6F70B0F070213E4AE0B9599CF6348B0EAC781225457
3359934272 41788 14560 7C20F6CF1A09EEE4F40FE6F70B0F070213E4AE0B9599CF6348B0EAC781225457
3352968763 45622 42067 7C20F6CF1A09EEE4F40FE6F70B0F070213E4AE0B9599CF6348B0EAC781225457
3355504760 34102 8568 7C20F6CF1A09EEE4F40FE6F70B0F070213E4AE0B9599CF6348B0EAC781225457
3351060349 11647 33915 8B8C03E87FC2E8D2088FF28ADD9C4E66E6FC1A1C45B7B054CF192C999ABC5387
3349801610 45563 61593 61F712266B65BB404E630F0194D7526E0AC09AA65A3E645B15B3FADE6110F0D2
3353187960 2605 8089 DB2A8809DFA0099DA3F13CBAB55BF9F0705AFFFA9C1D5BBED465CB96092261CE
3359956317 7044 20843 7C20F6CF1A09EEE4F40FE6F70B0F070213E4AE0B9599CF6348B0EAC781225457
3348760396 19304 26240 7C20F6CF1A09EEE4F40FE6F70B0F070213E4AE0B9599CF6348B0EAC781225457
3350289772 8849 21486 F4DCF78CC821FD94A006A529CF4862B039E61A95F8B4EB02162EBD30F688A432
3351073096 44003 33441 B247FB3A4D774905F26CC99546C32033669A1419E69099EA7E6023CB491D63F8
3354128672 1103 2326 C1B5BDD7819DF6FA837C71B5BD6F1989AB0FA844D873077FA876A3E31B1CF3D7
3350426216 50035 50882 B4B36426A5DBDB39CECF3CA5C7A71D235608317F375E4F77DE27B4208D7DA28B
3355563838 56427 25868 A1CE95A9B2EA16A6E6674CDC21522E431339872041F0CC1E4370DA7042860054
3353295820 25706 22786 7C20F6CF1A09EEE4F40FE6F70B0F070213E4AE0B9599CF6348B0EAC781225457
3357023312 48420 53481 7C20F6CF1A09EEE4F40FE6F70B0F070213E4AE0B9599CF6348B0EAC781225457
3350424290 15072 53296 7C20F6CF1A09EEE4F40FE6F70B0F070213E4AE0B9599CF6348B0EAC781225457
3356941060 45335 62323 97BB1E1E1A730E725F64961BBEC7E8F6480E86939673DA4F61749A931F4C8DBC
3349354030 36602 8225 7C20F6CF1A09EEE4F40FE6F70B0F070213E4AE0B9599CF6348B0EAC781225457
3351593851 19929 12916 383CDCC3DCF517939FBF05C6B043AC881E55C54102EEF650754543641A32F709
3357312609 40380 3176 7C20F6CF1A09EEE4F40FE6F70B0F070213E4AE0B9599CF6348B0EAC781225457
3354633733 52889 32574 86BABE52FA57D0723D4ACDA41881DE52559B7CAAAC8E792AE3B9DADAE1C8736F
3359386494 17924 4645 7C20F6CF1A09EEE4F40FE6F70B0F070213E4AE0B9599CF6348B0EAC781225457
3354630474 16405 42333 F8ED7E04627F38BC5EBB9FC7ED1B39E2E61484412FFC548504DE7BF4FE040D8A
3357221403 1465 54810 B14BA448BF1EBD29DFE5D3026AFE44734744A5AC517A0160C450A4D402930805
3351203695 19567 3565 AEF987EB1D72A2139508FD0F687615F976E9DE2EF746CA1EE4D92B7838D81C40
3355843803 25135 1027 A85CA9C2EA768DD9F2183DAEFD6FD2E29F1534B952C870CEF1643525BA93118F
3351633159 14161 59838 02E7313D46D811C6FFDFC8825CA9CA53E7DA76F85946CF96C518BF3A5E88C286
3360152164 15467 4235 ABF0D0E446B131202C59ECA3CEA62A7ED39AFFF147095FCA115F4C896351D100
3352335782 15205 48172 F308165159BA19F1026FF8E0F758A4697277A8A23DA83FF121C7998AF65B1D7C
3349639075 13992 16566 7C20F6CF1A09EEE4F40FE6F70B0F070213E4AE0B9599CF6348B0EAC781225457
3358589169 54962 48985 7C20F6CF1A09EEE4F40FE6F70B0F070213E4AE0B9599CF6348B0EAC781225457
3355656409 25474 13999 7C20F6CF1A09EEE4F40FE6F70B0F070213E4AE0B9599CF6348B0EAC781225457
3358727127 49620 51175 7C20F6CF1A09EEE4F40FE6F70B0F070213E4AE0B9599CF6348B0EAC781225457
3351060650 20332 11363 7C20F6CF1A09EEE4F40FE6F70B0F070213E4AE0B9599CF6348B0EAC781225457
3355261457 37312 2833 7C20F6CF1A09EEE4F40FE6F70B0F070213E4AE0B9599CF6348B0EAC781225457
3348620537 62210 45443 7C20F6CF1A09EEE4F40FE6F70B0F070213E4AE0B9599CF6348B0EAC781225457
3350879247 39613 32868 713B0EC5429621F6E1B6595C614B67CE7AF88583558D604079E30BE3A1F2D358
3348676593 31738 19026 7C20F6CF1A09EEE4F40FE6F70B0F070213E4AE0B9599CF6348B0EAC781225457
3354528245 13115 37169 F92D6288221AC77EC96585BB6962F8D60AB45CD07B0F67DF7F9E65A0ECBA2B6F
3354193408 1579 44551 3F4343927CC53B9EDE3A5D36508798E36E21BD8E034D10FC7E0C178D1FA6AB5C
3353175825 64092 49630 7C20F6CF1A09EEE4F40FE6F70B0F070213E4AE0B9599CF6348B0EAC781225457
3354496346 40641 63949 27A55BAC3C833E9DABE28CC099FF93CDFD2FC6E90A5B8A2932C310722D37008F
3355852069 61206 45122 7C20F6CF1A09EEE4F40FE6F70B0F070213E4AE0B9599CF6348B0EAC781225457
3348567036 20783 31195 34627F605FB1E328B07C620CEB6F2B3355C1931766D4D77AE609B0DD0C28EC6B
3357672335 43526 38654 7C20F6CF1A09EEE4F40FE6F70B0F070213E4AE0B9599CF6348B0EAC781225457
3350526378 27438 7304 7C20F6CF1A09EEE4F40FE6F70B0F070213E4AE0B9599CF6348B0EAC781225457
3351510192 35604 44269 7C20F6CF1A09EEE4F40FE6F70B0F070213E4AE0B9599CF6348B0EAC781225457
3348454065 45979 33894 091A980F8847CE4D281FA267DB69D68BE116427A3D6C397BB6689D6573F5793E
3354147124 48535 10258 C43B8DEDB491BAF2C1526F55791FCB4BC5A7DD5BE821B3EC50D61347E342C846
3350087627 54582 63136 7C20F6CF1A09EEE4F40FE6F70B0F070213E4AE0B9599CF6348B0EAC781225457
3352199453 17598 60974 7C20F6CF1A09EEE4F40FE6F70B0F070213E4AE0B9599CF6348B0EAC781225457
3350131275 28417 21637 13EC9E6DAD9FD2548B6062F19A5C80EE616B489EECF2659C95F263F638EEE31F
3349810594 62752 59632 7C20F6CF1A09EEE4F40FE6F70B0F070213E4AE0B9599CF6348B0EAC781225457
3352958837 64052 62534 7C20F6CF1A09EEE4F40FE6F70B0F070213E4AE0B9599CF6348B0EAC781225457
3359088961 18244 25831 7C20F6CF1A09EEE4F40FE6F70B0F070213E4AE0B9599CF6348B0EAC781225457
3352084799 35637 11759 5B1473C9C7E7AC889265D7246DB28492D20BE18DFA71EFF401A03370249A54B1
3355624968 56340 14505 7C20F6CF1A09EEE4F40FE6F70B0F070213E4AE0B9599CF6348B0EAC781225457
3358697677 64896 63951 7C20F6CF1A09EEE4F40FE6F70B0F070213E4AE0B9599CF6348B0EAC781225457
3355869830 13100 64687 7C20F6CF1A09EEE4F40FE6F70B0F070213E4AE0B9599CF6348B0EAC781225457
3356825596 50785 36285 AB473E262078B9B5F9FFBBC46B0FB580DB8CDE2616BC02D79ABF18B78EF9F4B1
3356485913 32225 33469 D1033FDEE8C8C21FD70ABA1365006286AFD761B9F1E62A61275EF62863CB90BD
3349555344 48620 46437 7C20F6CF1A09EEE4F40FE6F70B0F070213E4AE0B9599CF6348B0EAC781225457
3354056340 65166 61908 7C20F6CF1A09EEE4F40FE6F70B0F070213E4AE0B9599CF6348B0EAC781225457
3352446743 19042 41865 7C20F6CF1A09EEE4F40FE6F70B0F070213E4AE0B9599CF6348B0EAC781225457
3357027874 15250 37970 7C20F6CF1A09EEE4F40FE6F70B0F070213E4AE0B9599CF6348B0EAC781225457
3358266949 31050 41896 7C20F6CF1A09EEE4F40FE6F70B0F070213E4AE0B9599CF6348B0EAC781225457
3355998181 19290 15362 7C20F6CF1A09EEE4F40FE6F70B0F070213E4AE0B9599CF6348B0EAC781225457
3353008935 21861 60582 9E2F619E58445495176EBD40EE41AA56E39E09D48DA30763858DA54C6B229CC1
3352887822 25931 18548 DF173586069F1E5FB6DAC799C0BB84572383334F69C24ACE7F063E66FEE417A9
3349142586 43269 45681 1396A1E2DA7971152B7D9F0146A6860BB769B4AB6AA59BDB17378B1A2A9206CC
3348498636 32046 48471 7C20F6CF1A09EEE4F40FE6F70B0F070213E4AE0B9599CF6348B0EAC781225457
3359356200 53960 42211 7C20F6CF1A09EEE4F40FE6F70B0F070213E4AE0B9599CF6348B0EAC781225457
3359080339 14383 49604 3CE7CF2F73A97750D6589681090555A58E07809AF86642A3174293E99C6E83BE
3357610147 39978 790 7C20F6CF1A09EEE4F40FE6F70B0F070213E4AE0B9599CF6348B0EAC781225457
3354829799 2088 27306 7C20F6CF1A09EEE4F40FE6F70B0F070213E4AE0B9599CF6348B0EAC781225457
3354889656 2261 51492 1FCD119D59BF1F7C7FB7EC121AC4ED81993B0808E9D5FA9E368E41950157F843
3351706173 45513 8562 DD3644A6C3D3E9355F09D7F4F04797E1E7434048D7A5ACBBCD2F8A0CE7B663A9
3356201848 56483 60597 CD2C8B8D5BB5D36535BA2C471BCA4D1D4FF37B98AA7D35598E94D99D067A0000
3349340576 34598 6911 7C20F6CF1A09EEE4F40FE6F70B0F070213E4AE0B9599CF6348B0EAC781225457
3348416730 32438 42707 7C20F6CF1A09EEE4F40FE6F70B0F070213E4AE0B9599CF6348B0EAC781225457
3353599111 3345 9886 E04A4DF1434C1BD8B62A551B4BB90B7ECEDC8D4769261D4E34E1D2B831490D56
3354429580 46023 49212 E385C332D47E815A57C269F42577FA72999464A618B456064DEBAC31A6828FA5
3354916893 40506 61111 7C20F6CF1A09EEE4F40FE6F70B0F070213E4AE0B9599CF6348B0EAC781225457
3360163698 60520 8184 7C20F6CF1A09EEE4F40FE6F70B0F070213E4AE0B9599CF6348B0EAC781225457
3354667031 10514 34529 7C20F6CF1A09EEE4F40FE6F70B0F070213E4AE0B9599CF6348B0EAC781225457
3349283675 16000 35892 7C20F6CF1A09EEE4F40FE6F70B0F070213E4AE0B9599CF6348B0EAC781225457
3349387614 53591 8820 ECD754291BC3D62D1E0CD002D66B01C99E9CDB8A39E6418C4EBC578B8E12073E

Total of 0 tasks calculated error.
