Total of 100 tasks calculated correctly, accuracy 100.00% 
3370152616 8753 1533 AE2B33ADBEC7C9A85C426D38D96518E4F2CB9F7510DF2B08D3831AC0583156BD
3364071891 49852 38949 7C20F6CF1A09EEE4F40FE6F70B0F070213E4AE0B9599CF6348B0EAC781225457
3369412287 20092 12794 7C20F6CF1A09EEE4F40FE6F70B0F070213E4AE0B9599CF6348B0EAC781225457
3370617513 22595 4232 81F98774E061801C16D9EBC5DDB5AD1AA576A21E00E8D1501951FD3291CF7CF3
3367348589 57331 42209 184C70DC1B40E03B197E16A2181A51450967ACD2FA0CC764A37DA974666B9FE2
3363608109 50224 53121 7C20F6CF1A09EEE4F40FE6F70B0F070213E4AE0B9599CF6348B0EAC781225457
3366037037 57811 56454 C9F436ED5044A8ABB2C7DE3A7AC81C9CC1D13AD86ABA731E366B2D2AA7D4C29F
3367958694 5078 45687 7C20F6CF1A09EEE4F40FE6F70B0F070213E4AE0B9599CF6348B0EAC781225457
3369725522 29733 50841 DB1FD1CC271C00D0E3AA0A98736399080D1566C2BF732989CEA2CCDBF597F1E0
3368724690 49385 15021 390CCB9FCF3493B898F13B4B39C4B1560A01160A0E1857B9797DB4F3EBF70E7E
3368678845 52910 28586 7C20F6CF1A09EEE4F40FE6F70B0F070213E4AE0B9599CF6348B0EAC781225457
3366597958 46480 38609 7C20F6CF1A09EEE4F40FE6F70B0F070213E4AE0B9599CF6348B0EAC781225457
3360748321 51794 59126 7C20F6CF1A09EEE4F40FE6F70B0F070213E4AE0B9599CF6348B0EAC781225457
3361940582 17540 27391 7C20F6CF1A09EEE4F40FE6F70B0F070213E4AE0B9599CF6348B0EAC781225457
3363193859 5676 53300 7C20F6CF1A09EEE4F40FE6F70B0F070213E4AE0B9599CF6348B0EAC781225457
3361743743 53990 6583 7C20F6CF1A09EEE4F40FE6F70B0F070213E4AE0B9599CF6348B0EAC781225457
3362189913 51178 34790 7C20F6CF1A09EEE4F40FE6F70B0F070213E4AE0B9599CF6348B0EAC781225457
3371919167 61570 27414 7C20F6CF1A09EEE4F40FE6F70B0F070213E4AE0B9599CF6348B0EAC781225457
3363192390 28940 5083 7C20F6CF1A09EEE4F40FE6F70B0F070213E4AE0B9599CF6348B0EAC781225457
3362061783 17883 20307 CB0CAD94C25ABA21BC30EFD0F5209388457CD65D3887CA8540BC80F6BD7F0752
3361776836 51388 53720 7C20F6CF1A09EEE4F40FE6F70B0F070213E4AE0B9599CF6348B0EAC781225457
3366575904 41477 13024 C3E6CA71721F8FDF197CAF124C20DFDA307374832239DC87900BA0BA42F56CFF
3362444576 60243 55700 0B846FA2D03A9348370FE5C3FE6E2EFF7DB102D292A4447559F9DAD441D37DFF
3367064468 4342 54643 7C20F6CF1A09EEE4F40FE6F70B0F070213E4AE0B9599CF6348B0EAC781225457
3361742895 64429 35792 11B346E0106844501A3AE6981D4C4DCEEED0D0345272FD434B0508749D0030A0
3363198106 25738 34469 7C20F6CF1A09EEE4F40FE6F70B0F070213E4AE0B9599CF6348B0EAC781225457
3360911025 54161 19106 CF04B92EB5C5A77807B1CD79E33C0AF211D2574C2BE53BB9EF3A7A561687C497
3362013999 32849 64868 AE6CBB95BFA299BA55CC237E6A5B65E08D3AF49A624C3279A4BB6AF20858D86B
3370593031 20347 19426 D7EE1F57C190CDB0A473BEAAE7BA5C6226E2FE1A3EDB1FA9C356E74D19FFED27
3368630932 40921 36912 798E2520B09ED81B5BEC99F4FE087D1645215F49230AB8D0F992374E36723829
3363885477 61805 36230 9AB79D45C42DACB48889F30C603149A385023FE0AA83130C7F784DBDBA603E01
3368055215 19748 7762 7C20F6CF1A09EEE4F40FE6F70B0F070213E4AE0B9599CF6348B0EAC781225457
3366496376 23125 61931 C17F329720B20B81C3F7E573FA410F5EA1530229477F7F53B6D73B08AC7AD7E3
3362853820 3096 43553 7C20F6CF1A09EEE4F40FE6F70B0F070213E4AE0B9599CF6348B0EAC781225457
3362854093 7489 52203 65F51FA4649D44F13649446E4BF1C8F450204D7CEA98C522E2020D25C171EC3B
3366935255 22293 27403 A164FE36900592FE0E595DCBB4A91A5379CFFA72486E7656EED5B5888E9D2C23
3369347933 58303 20192 DD14D253C062AAED8F3DA8895C673F89F9B233F4CF874CA2A710251056C7FAEA
3365309975 16530 8581 7C20F6CF1A09EEE4F40FE6F70B0F070213E4AE0B9599CF6348B0EAC781225457
3361405729 28033 60026 00157E8C5DA7C632870BC4F1D0C8C921BB55DA353384439241AEC05BA79C63E8
3360671989 64458 19017 7C20F6CF1A09EEE4F40FE6F70B0F070213E4AE0B9599CF6348B0EAC781225457
3362988581 12788 52027 7C20F6CF1A09EEE4F40FE6F70B0F070213E4AE0B9599CF6348B0EAC781225457
3364153038 8433 38251 D9DEF08E97DB09073B0CAD1E1063EC30A1AA84F103543BCEE05F22D885E9E583
3361227022 9020 50616 7C20F6CF1A09EEE4F40FE6F70B0F070213E4AE0B9599CF6348B0EAC781225457
3365586697 30420 4620 7C20F6CF1A09EEE4F40FE6F70B0F070213E4AE0B9599CF6348B0EAC781225457
3360851747 23232 26034 7C20F6CF1A09EEE4F40FE6F70B0F070213E4AE0B9599CF6348B0EAC781225457
3366311300 64240 43735 7C20F6CF1A09EEE4F40FE6F70B0F070213E4AE0B9599CF6348B0EAC781225457
3361160224 59772 11796 7C20F6CF1A09EEE4F40FE6F70B0F070213E4AE0B9599CF6348B0EAC781225457
3363609221 64101 2767 2E808D64F30017B14202F880373E598523A6D662E7AB352E4658962110DE6CAE
3367483438 15507 51076 B6053866B88C6425B44515E2A7550A16D6076F757ABEBFE22D3D4890E638972A
3360915490 40079 62606 6C08F3DEDB3951E79FD8AD8A64C71AD6C9CBC5639C1A1865D5EAAC2AB041DA6A
3371033479 6100 48680 7C20F6CF1A09EEE4F40FE6F70B0F070213E4AE0B9599CF6348B0EAC781225457
3372100088 32452 45970 7C20F6CF1A09EEE4F40FE6F70B0F070213E4AE0B9599CF6348B0EAC781225457
3372200184 17921 41709 83BC61E9BAF4AA6137415D3797E331752C4EB9A7ED9B294BB2081CD8BE7A59FD
3361420225 59483 54088 36750D7BE749905D82C8BEE8270541CE79B3B67B77FBE36092B0E95C18981D3A
3362414244 960 63333 7C20F6CF1A09EEE4F40FE6F70B0F070213E4AE0B9599CF6348B0EAC781225457
3362955739 53581 9593 1FAC2BF9A5B8E55118B062C45EC05A9CCCC0BA027FF82855E1B6EA55622F371A
3361285356 53308 24184 7C20F6CF1A09EEE4F40FE6F70B0F070213E4AE0B9599CF6348B0EAC781225457
3370351047 45683 17768 92ECAFE6BFA3BE8BC785ABB47CB66655C0A954A70D3F4857714CC59C9CD039AD
3372138807 7651 30302 C6B7627B0BA1145CF08C3342E0569576C31769BA84E40D5065318342F592C43D
3369329798 50 26580 7C20F6CF1A09EEE4F40FE6F70B0F070213E4AE0B9599CF6348B0EAC781225457
3365964514 19837 33902 2E8D1A6AF96C883F4B66BE8DD4688D189C5225C342210666757AECCAD51EC69A
3361473165 21176 20205 7C20F6CF1A09EEE4F40FE6F70B0F070213E4AE0B9599CF6348B0EAC781225457
3364158458 63079 7174 E9AB3F5F6B8FFADD65B5C9B628376F23301618C770D89860864276B9B5D344D6
3362769794 30549 23573 A129FEDA6CE71ADB27B5D91311CB416DEA00BCB184EB65FB3EA8D954CC478B34
3368876474 31862 44979 7C20F6CF1A09EEE4F40FE6F70B0F070213E4AE0B9599CF6348B0EAC781225457
3363772823 62316 39714 7C20F6CF1A09EEE4F40FE6F70B0F070213E4AE0B9599CF6348B0EAC781225457
3370782666 22217 58440 50FA2EF4D887C4677B4F7EEAD478282F82D6C13C981848E363AC98AB2F4881D3
3362018779 15697 33485 09258BE5DC73A3495C38758FF6E0D161B6AE36F5B66C9EC377EF7FB83D892EBC
3365323620 23063 57745 251A34E27591F70F04205B60B8312FB1BF4C4EC70539B0553B7D30717AE6145D
3364166543 63801 5864 FB80B1F1B087C37906D12C7B74FF1F5EAE44287B667A7C66B94E73D662334C0B
3366495519 47540 59451 7C20F6CF1A09EEE4F40FE6F70B0F070213E4AE0B9599CF6348B0EAC781225457
3369692196 42972 5362 7C20F6CF1A09EEE4F40FE6F70B0F070213E4AE0B9599CF6348B0EAC781225457
3364215594 43509 62607 5181529AC5BB80F4D0C82EA78C43A97286A652F91B6EA82CE9454D2C6A5EC342
3368012356 64286 16602 7C20F6CF1A09EEE4F40FE6F70B0F070213E4AE0B9599CF6348B0EAC781225457
3363530049 34990 59069 7C20F6CF1A09EEE4F40FE6F70B0F070213E4AE0B9599CF6348B0EAC781225457
3369283076 63634 15410 7C20F6CF1A09EEE4F40FE6F70B0F070213E4AE0B9599CF6348B0EAC781225457
3365849812 24911 62322 55F2E66B0272A77F1D133BAC373AECAB7E7F64DA5C63AFCF9E25E7F6D0B3BAFC
3361603986 53617 23221 F5A880742F313A07FBC86FEA76D341EB7349C76493A255DB1F391636F8B9D25F
3361647234 729 10331 48455D8D6EB88FC72D5BCD85AE92BC3EA6B4BA71B71A18DAA8DD3D82FFC08FE3
3361516719 50273 64552 52B49FE4D7FC1B732D552B40E3D28A9B5DEDD4E6C9F41BF3967B49E971484E2C
3367901605 54991 55088 3DEDDA4EE24E9DFC7FA756248A24152C084EC020F59B764572A27019A8399520
3366183428 24982 62685 7C20F6CF1A09EEE4F40FE6F70B0F070213E4AE0B9599CF6348B0EAC781225457
3370128805 1809 50385 0CB70040B7FFB354FD531691E4F82F1916ACE21FDC31898BE6DFBC539DEDDD26
3366811616 1123 12358 BE0111C9123A1168953C9E553941D4BF07F44131E0A835C6A15A754424A35183
3363670199 21426 34369 7C20F6CF1A09EEE4F40FE6F70B0F070213E4AE0B9599CF6348B0EAC781225457
3370275695 14482 11799 7C20F6CF1A09EEE4F40FE6F70B0F070213E4AE0B9599CF6348B0EAC781225457
3369727003 9349 63848 021237D9E57CEA020ABFE8B4ABB8A095FC95EAA00E0297C2F3C2ADC211B52BAF
3367041199 43143 50851 1F1490997B4FEEE56E9E5067B37A1746BC55DA748752778BCE93F4E6CA8EB467
3365673474 52783 34367 B4E4928D007E3772FDD86015F5E423721A17969E4E182BC23837A04BECA253A6
3360388621 54397 38550 D41D5557F393B0077ACAEB34FAC649DF18F0091EC87A0921F62EE0E738B731BC
3364534798 30310 55127 7C20F6CF1A09EEE4F40FE6F70B0F070213E4AE0B9599CF6348B0EAC781225457
3363735952 24913 5726 B9A6262A53C27CDF56B470392E0C84A18CA95F51CFB7FFD08C84D92277778FBB
3364378836 25676 18692 7C20F6CF1A09EEE4F40FE6F70B0F070213E4AE0B9599CF6348B0EAC781225457
3367089831 8721 527 911F5CEF750020E2508835435C3414E8FC99EAABA6BEDE5B9D91B2741CE2D609
3364641757 23065 46229 58B5E741C5FA6E97BCAC3270279B2FD1E8C22B24B5B836BDA661F2CBDB3C1952
3368073137 25630 50964 7C20F6CF1A09EEE4F40FE6F70B0F070213E4AE0B9599CF6348B0EAC781225457
3362711063 55729 5194 BC26AA830B3A98D1A67E65FDA442F55F5E7AB42526AD25B7702D821A03743CE7
3365168637 22409 29851 3117C95672DE38502B85CAD9DF893F24D38A4B3DDF5C6E4632F4BF1A86CC1D48
3361575053 31702 16865 7C20F6CF1A09EEE4F40FE6F70B0F070213E4AE0B9599CF6348B0EAC781225457
3362280338 61879 20019 49FB4DDA7CD5A6C69EBD4DDB3B5E588B7D2B0A282F4BE1898A062E11CFD331EE

Total of 0 tasks calculated error.
