Total of 100 tasks calculated correctly, accuracy 100.00% 
3381666747 23844 8023 7C20F6CF1A09EEE4F40FE6F70B0F070213E4AE0B9599CF6348B0EAC781225457
3376232644 63436 42359 7C20F6CF1A09EEE4F40FE6F70B0F070213E4AE0B9599CF6348B0EAC781225457
3380033020 23416 14120 7C20F6CF1A09EEE4F40FE6F70B0F070213E4AE0B9599CF6348B0EAC781225457
3377399907 28950 12835 7C20F6CF1A09EEE4F40FE6F70B0F070213E4AE0B9599CF6348B0EAC781225457
3379991116 48280 23069 7C20F6CF1A09EEE4F40FE6F70B0F070213E4AE0B9599CF6348B0EAC781225457
3380769623 9983 36635 3E140BC4B25F211CAF15E93566B892BBF94828BEFFC9534D65059B6168AEBC48
3373014326 8505 1953 A78095E4F496347CDDB97B0AFF9021D00DBA7AC460917B01C4B0C58ADEABC1AA
3375958429 55530 38567 7C20F6CF1A09EEE4F40FE6F70B0F070213E4AE0B9599CF6348B0EAC781225457
3376834580 3815 62883 F01C679D76E36D908FCE8E7ADC05DD49BBA3A811A6D9C99816F7D4BF4F94C685
3383216017 43535 46672 AAB057D2A1DF1635F4C7D02FE6CF405155FCCC08B1F44674B3A2711DF49BFB6C
3376283233 45612 10240 7C20F6CF1A09EEE4F40FE6F70B0F070213E4AE0B9599CF6348B0EAC781225457
3378812740 3761 18137 42CD5534BF3710D73CF31A015D0F3CE336714B82E30CCD8B52068A8CF6506770
3375103722 20973 43461 BDB19B242B362ECD81DC5B96F1988D1F4ECF2A0F5EECA4953355D85F3AD1145C
3376343185 62701 43313 0CB7708579898A5418048A7CFEF32425A7A9EF290B88B8BD32C585365E327030
3375224685 10212 63237 7C20F6CF1A09EEE4F40FE6F70B0F070213E4AE0B9599CF6348B0EAC781225457
3379241311 61996 56039 7C20F6CF1A09EEE4F40FE6F70B0F070213E4AE0B9599CF6348B0EAC781225457
3375464292 32081 59731 4F74675CEB83845BFF3D97EEFC84F91C5601DD74D9A7B6F71898F8223870A550
3376472954 1911 4851 37709665EAC15D5ABC45F67A2290A8A771B4788C3D51A85742029BA6DFB74403
3374435364 4014 43236 7C20F6CF1A09EEE4F40FE6F70B0F070213E4AE0B9599CF6348B0EAC781225457
3381166413 8218 45986 7C20F6CF1A09EEE4F40FE6F70B0F070213E4AE0B9599CF6348B0EAC781225457
3377312454 32388 20100 7C20F6CF1A09EEE4F40FE6F70B0F070213E4AE0B9599CF6348B0EAC781225457
3382805164 64803 19616 EDCB5B923D36B595AF8556A6E4FF52C8DBD995A03D4F68DE7D4156ED2BE717E6
3383065679 38788 27476 7C20F6CF1A09EEE4F40FE6F70B0F070213E4AE0B9599CF6348B0EAC781225457
3377396645 54659 29364 A28E8AF3F2B854DFC0B2AA99A795609E55E4E046073C4FB37ACB406E95AA3EEB
3373792712 835 65413 3F60B795F7D6D314C22832C5B98A26E55062D730969FBD13AC757C99651FAD5E
3374846081 33893 29444 35407CD856A22E91FC9A5F8E012DBD9F615E1DF03C553E2157B423F37314D9C6
3379618350 42612 46465 7C20F6CF1A09EEE4F40FE6F70B0F070213E4AE0B9599CF6348B0EAC781225457
3384028930 30914 49530 7C20F6CF1A09EEE4F40FE6F70B0F070213E4AE0B9599CF6348B0EAC781225457
3376771812 2918 61336 7C20F6CF1A09EEE4F40FE6F70B0F070213E4AE0B9599CF6348B0EAC781225457
3376674029 32583 19771 51533CF9DB88E6D37946EF573E2B506CE76595396EBADFF55DA8231D198545F2
3380683938 60701 36569 1A5E5D39FB7E9C31E82248046BD5D27DE86C16FBC1658B142C1485327094777F
3376241335 40495 22414 116557C5ACC05F3611B75705BA204F1A6A9A6F89464185A99387423C13F91771
3374056330 27973 59903 63F54F5AFEB877240ECBA83EEB7B7EC0D562D47907A555D1BB8F76916A406917
3382470543 58435 41605 C4DEF7382D558E8D615F8E3EB955AE278E975148B0BFD8D50F2356C345FD94D2
3379304860 18545 20983 5E9CB32C6A7DA332F992D24C821F027C2FF370AEE3E1988882A07CCCDEC9B46B
3382144299 48927 43268 CC03DAD183887EF9C284911FFF2EB6E52050D8DCBF68FF22DC8DDAFBF23AD480
3374050707 12427 15577 CB45C1444A2055595D11B763831E06C990EA97DDB4099D6B1613827B7FC889FC
3382011733 37686 30087 7C20F6CF1A09EEE4F40FE6F70B0F070213E4AE0B9599CF6348B0EAC781225457
3379821615 18502 58369 7C20F6CF1A09EEE4F40FE6F70B0F070213E4AE0B9599CF6348B0EAC781225457
3379531876 23242 11303 7C20F6CF1A09EEE4F40FE6F70B0F070213E4AE0B9599CF6348B0EAC781225457
3377793735 23536 21471 7C20F6CF1A09EEE4F40FE6F70B0F070213E4AE0B9599CF6348B0EAC781225457
3375739359 17177 35130 0B74BA079C819554E2630E58CE30F5783E52FBB4062DE6A5F69FC398CCD3AB1D
3374453378 39486 27173 7C20F6CF1A09EEE4F40FE6F70B0F070213E4AE0B9599CF6348B0EAC781225457
3380665354 64765 45252 450EE0792AE829218E6EED871DFD40EEE4B97BD43FA9C8EED6AD2931DEE343CE
3382197742 3886 18533 7C20F6CF1A09EEE4F40FE6F70B0F070213E4AE0B9599CF6348B0EAC781225457
3376246588 11180 28100 7C20F6CF1A09EEE4F40FE6F70B0F070213E4AE0B9599CF6348B0EAC781225457
3382997535 40424 41729 7C20F6CF1A09EEE4F40FE6F70B0F070213E4AE0B9599CF6348B0EAC781225457
3381740728 6529 4921 D45ECC6FC5D8F760C601EDD8E07E15346D8BE3F1A61FC8948491DE07DD7C1CFA
3374195617 33086 4629 7C20F6CF1A09EEE4F40FE6F70B0F070213E4AE0B9599CF6348B0EAC781225457
3377258515 46914 38066 7C20F6CF1A09EEE4F40FE6F70B0F070213E4AE0B9599CF6348B0EAC781225457
3374193692 37430 16809 7C20F6CF1A09EEE4F40FE6F70B0F070213E4AE0B9599CF6348B0EAC781225457
3378363397 45661 30964 12EDFD60CFEF0F8B360ADCE89DA15DE9ED379D2AC3F7771C0944297DFC3926CF
3382295607 37448 13901 7C20F6CF1A09EEE4F40FE6F70B0F070213E4AE0B9599CF6348B0EAC781225457
3383118178 48861 48541 4933BE12771465BF6FC3B30BD23226E2ADF5A2980740C5ACF2F66BC98D702355
3378715152 16558 60380 7C20F6CF1A09EEE4F40FE6F70B0F070213E4AE0B9599CF6348B0EAC781225457
3381747105 33409 4374 C163D3CE2251FF16D6C134ACF49F6D330FAF33D74B15F0AACB7BFEA44F68CA68
3384039972 53990 22999 7C20F6CF1A09EEE4F40FE6F70B0F070213E4AE0B9599CF6348B0EAC781225457
3381189381 22874 32945 7C20F6CF1A09EEE4F40FE6F70B0F070213E4AE0B9599CF6348B0EAC781225457
3373539222 39472 11760 7C20F6CF1A09EEE4F40FE6F70B0F070213E4AE0B9599CF6348B0EAC781225457
3382517064 62198 56619 7C20F6CF1A09EEE4F40FE6F70B0F070213E4AE0B9599CF6348B0EAC781225457
3378057113 59102 48594 7C20F6CF1A09EEE4F40FE6F70B0F070213E4AE0B9599CF6348B0EAC781225457
3378032967 10049 46665 64000F6BF56BDB74DF64A32542DA2A45DD199C766CFAFCFEE5AFD2D666B1FEB8
3372861223 52745 990 5D5D2D6C50F61DC5948EA92AF3D98B9D7A39F8943D5863C845267878DADC9D68
3373833957 38124 56230 7C20F6CF1A09EEE4F40FE6F70B0F070213E4AE0B9599CF6348B0EAC781225457
3382101437 39559 37351 19021B62F2E7FEA39F17DBC7F6CE47AD6B617CAB3B42DB771AB5764E92CF11B6
3375229217 30850 27541 7C20F6CF1A09EEE4F40FE6F70B0F070213E4AE0B9599CF6348B0EAC781225457
3374000073 49330 3317 7C20F6CF1A09EEE4F40FE6F70B0F070213E4AE0B9599CF6348B0EAC781225457
3376965322 40591 23412 950B0BB982E1A9BE85771FBF599403F091967B9842C2B86658A79AC8E345B125
3381337270 64349 13005 65590396D53768D32C95B4292B2CEBB51E57F131EEB895C4288BD9710D4678F7
3379308971 16623 5461 827C04C16539DF817004C3637DD11B38ECD2CD38E367CA78A3E1B53D7473503F
3380749294 9428 16567 7C20F6CF1A09EEE4F40FE6F70B0F070213E4AE0B9599CF6348B0EAC781225457
3378796011 31776 6930 7C20F6CF1A09EEE4F40FE6F70B0F070213E4AE0B9599CF6348B0EAC781225457
3378215598 23737 47198 DBC5D5472C04C470A114CFDD2A9BCCD212D2A3B713D4406D3918E634468AD551
3382391202 44947 54104 0768D746180E360494A67B2BC638D012874B99546FD781C618055A9641DDCFF8
3379202583 27534 25442 7C20F6CF1A09EEE4F40FE6F70B0F070213E4AE0B9599CF6348B0EAC781225457
3375388493 14758 57357 7C20F6CF1A09EEE4F40FE6F70B0F070213E4AE0B9599CF6348B0EAC781225457
3376123577 52787 31672 40C86AA2F10DA11D24FB426D76F82F8A0E20CD702BE4C97F96C119487D223410
3379988644 64149 47176 503EC54E32C33AFDDF7B0C12FAF52991AEB0B02A3106DB3D0E3A97AB99A4AE12
3384352032 58338 60344 7C20F6CF1A09EEE4F40FE6F70B0F070213E4AE0B9599CF6348B0EAC781225457
3380483873 33528 7015 7C20F6CF1A09EEE4F40FE6F70B0F070213E4AE0B9599CF6348B0EAC781225457
3374690605 21998 46420 7C20F6CF1A09EEE4F40FE6F70B0F070213E4AE0B9599CF6348B0EAC781225457
3376430122 1142 45598 7C20F6CF1A09EEE4F40FE6F70B0F070213E4AE0B9599CF6348B0EAC781225457
3372710786 62169 18495 B3382005FE9216D3479BE06642014B70ACD8F794277270CA30CEE90DCC731D28
3377098521 15172 35885 7C20F6CF1A09EEE4F40FE6F70B0F070213E4AE0B9599CF6348B0EAC781225457
3378751081 15987 46152 6FA9C874288D35E2FE2AF567A09F183F10AA5B2C7B7F23FA6CED69D2CCCCAF9C
3377450415 18171 21149 40950D55589A8A324374C10D0256B83E52718AECB651AD4A557AA955D6314379
3372946638 5026 34459 7C20F6CF1A09EEE4F40FE6F70B0F070213E4AE0B9599CF6348B0EAC781225457
3377009445 59241 46217 ADA643C6D036F2EE9D1CAF8DB5E1F34B45A52AA55D68BEE7D70C33DD46EC46BF
3378595565 25298 33998 7C20F6CF1A09EEE4F40FE6F70B0F070213E4AE0B9599CF6348B0EAC781225457
3378905746 49905 61561 18DF68D02E45C52B98B4B36692D3A0789CDD078CD4966B99ECC909DF2E5E49E8
3372997873 65041 62511 B564CEBBC177144530EA868EA8C6E3E2BE12C42536B916FC2C014A71B6CFDB5B
3377646126 22294 48916 7C20F6CF1A09EEE4F40FE6F70B0F070213E4AE0B9599CF6348B0EAC781225457
3373376091 62634 20829 7C20F6CF1A09EEE4F40FE6F70B0F070213E4AE0B9599CF6348B0EAC781225457
3375526731 37787 54130 52650AB0ADEE4C9BFB9E6A5796E843BF7FD92A78EFC72F47B906AD35F5582693
3375030726 54746 20264 7C20F6CF1A09EEE4F40FE6F70B0F070213E4AE0B9599CF6348B0EAC781225457
3377255629 30744 13778 7C20F6CF1A09EEE4F40FE6F70B0F070213E4AE0B9599CF6348B0EAC781225457
3374491964 19941 38316 11A25D40FFEBC88E0822403E5C0483A7E77EC1C8714A022BC0D4B1411CC62445
3376184074 10253 61578 5DCEFF2E1933B750A51AF5B633E09BF7F405B1DB704BD5FAEEE9FB5EADC1FFFE
3379760156 41543 26434 3B7BF2DD8490E12CA19A8790F469A2581546F7B1A2DAC174644DB6DC0C391397
3379788727 44645 10348 09FAFB7A06D838CFD8BC3BD9781B2AB47ECC3F5D0C88AE78C9F378DDB6DF47FC

Total of 0 tasks calculated error.
