Total of 100 tasks calculated correctly, accuracy 100.00% 
3431857090 14669 598 E45FAB1CAA4D51F2CA97B8E554C76B06A851A82CD4955ECAF778FB28C695348D
3429958395 47132 43637 7C20F6CF1A09EEE4F40FE6F70B0F070213E4AE0B9599CF6348B0EAC781225457
3422963020 21230 13686 7C20F6CF1A09EEE4F40FE6F70B0F070213E4AE0B9599CF6348B0EAC781225457
3424485965 62387 19554 A7F79CD354607255A1C02226D8717690B60E1F08A25F3FFD25523646E77E4601
3423587896 16818 31547 7C20F6CF1A09EEE4F40FE6F70B0F070213E4AE0B9599CF6348B0EAC781225457
3422238442 17071 40285 CB19DCA5C50EB93CD17D4F597187DDEDE210D385E21188BEB301BEFE70CBFE37
3428927305 43138 28243 7C20F6CF1A09EEE4F40FE6F70B0F070213E4AE0B9599CF6348B0EAC781225457
3427628594 65465 19583 80F55E0D75E2D7C3950CD50F804F0307EE0B9FEFA98EDE3563CCA1987D8F6A38
3422415382 42289 43530 F464ABC68A763C230D08ECD428964367E751FDCB528A1B5FF9F934B077127429
3422245490 3135 47974 1877A67DD02B4D4400A7DB4CDBBBDA2A50D0411F2629644DA61E54507D034A5D
3423668277 52127 9763 C1FC34BFEEFBE5F66652461D50F1469B998015B58C56B8AACA3CEEE07CF47FEF
3423026409 16462 16911 7C20F6CF1A09EEE4F40FE6F70B0F070213E4AE0B9599CF6348B0EAC781225457
3421386798 30866 15044 7C20F6CF1A09EEE4F40FE6F70B0F070213E4AE0B9599CF6348B0EAC781225457
3421537320 43531 39034 38ECACB83A46E806062179B624174408FAC0778EEE90A13B401FCE1C33DF5EDE
3430586956 43012 30528 7C20F6CF1A09EEE4F40FE6F70B0F070213E4AE0B9599CF6348B0EAC781225457
3423544009 13311 3483 E3EFCDEFFCC94978D651FF7718EB509CDB1C932ACC663A9B0E7C6386A7699000
3427428280 58369 3729 1D2F63B33BD3EC22C5223E968D683F01F5D6080BB6CD49EB13DFFED455DD29CD
3422006345 61637 53402 C658DA9E100FCD974693470DA27BE5F98CC2121DA890BEA4EDC86150A1974D82
3426720404 11967 5680 10DB8A0DF870BBF5242763A0EE7C11B6154477075366C6EAB5EE74FFD1E5679C
3420676939 50316 15683 7C20F6CF1A09EEE4F40FE6F70B0F070213E4AE0B9599CF6348B0EAC781225457
3423266162 47865 34814 E8F873E0F662DB97633B91D137137E8CA2181C8A51FD888FAD0A35A61D948BCC
3424478669 56372 45070 7C20F6CF1A09EEE4F40FE6F70B0F070213E4AE0B9599CF6348B0EAC781225457
3426406386 62194 60726 7C20F6CF1A09EEE4F40FE6F70B0F070213E4AE0B9599CF6348B0EAC781225457
3430949805 306 44055 7C20F6CF1A09EEE4F40FE6F70B0F070213E4AE0B9599CF6348B0EAC781225457
3422748128 39690 37663 7C20F6CF1A09EEE4F40FE6F70B0F070213E4AE0B9599CF6348B0EAC781225457
3425384654 53327 56261 13ECF8228AB389FDE564F10D04EDC46162E05ACA453767D4F91D3B0573BD4708
3429726965 26856 43225 7C20F6CF1A09EEE4F40FE6F70B0F070213E4AE0B9599CF6348B0EAC781225457
3422403767 52568 61824 7C20F6CF1A09EEE4F40FE6F70B0F070213E4AE0B9599CF6348B0EAC781225457
3425494104 59663 33268 5B687C77AC88160897C33E8BCD27449F8A8EDE03BE41A226AFCB38495599B192
3429976252 46171 8582 ABC44A2F57CB8764000EDFE09972D31BA235DD90410BCE98531500600F596471
3430588622 43605 65328 286CEA9C927FFCB9BB53507BECB20736595B8FB31E296882E77658587F3FE85B
3427774467 10171 21588 9F2E6AE29A6358078308997AA9CCDE7A0653044773EFB8CBD9E96088075E5FC3
3425521221 40461 62302 0C9AAEF6069FBEDF96FBA9EB7627173B894F425B2B2CB72F2040FEEF551033B1
3425058978 63383 25705 D0EA7619E22F8366900A7854F83D015DA9A35EF12099810422E8E3B9C0700100
3427898229 2718 32981 7C20F6CF1A09EEE4F40FE6F70B0F070213E4AE0B9599CF6348B0EAC781225457
3421417217 3784 46891 7C20F6CF1A09EEE4F40FE6F70B0F070213E4AE0B9599CF6348B0EAC781225457
3432269191 3107 61051 4B16C22A9FC90B0D2EA9E4AFCDE04C0C95013A801213EBC00FBF4D3B8FD438AC
3424472587 9382 7394 7C20F6CF1A09EEE4F40FE6F70B0F070213E4AE0B9599CF6348B0EAC781225457
3428136577 48934 60811 7C20F6CF1A09EEE4F40FE6F70B0F070213E4AE0B9599CF6348B0EAC781225457
3427778526 22343 20332 8C4EDFD4A68803F87509AFCB57F63F9B2D291C8939E43FAEAA28CEFAEE0470E5
3423710440 7462 5749 7C20F6CF1A09EEE4F40FE6F70B0F070213E4AE0B9599CF6348B0EAC781225457
3423779933 55901 21502 FECB6E8C02628394A541A85E616B1FC556AF2B8C903E07BEDE85987729E4F8BA
3426448912 64237 3880 0B8567C17658F04E7D21902BB7AB986D7D42DDF238E4D93DD51C53B6EB897C90
3423435684 16309 59399 92B99198EC6A00C6C92EB539B3EBDFF76BE45F6834C3CB0FA4B95A22B263442B
3430324106 52919 406 E1459BBF059293293B485EBDA260BA06179FCEB18AB1AC63BA3480E22B62CB7E
3430404836 9144 42929 7C20F6CF1A09EEE4F40FE6F70B0F070213E4AE0B9599CF6348B0EAC781225457
3426747074 41751 40129 701B2CC461032BDC2985EBC29B82763BA3379859E18187E9C1E3B23C1F18FE35
3423739269 30487 4841 1321B5785C77BA75A09DD3FA833F16D6CCD592C04C57D6EC69D3BD487565B07D
3423705138 54925 63445 DBA837EC1CF1FD0D73434170CB09A2044A60D977A357AF7A2C43A90F07BCEA78
3427681623 12802 38032 7C20F6CF1A09EEE4F40FE6F70B0F070213E4AE0B9599CF6348B0EAC781225457
3424338305 27843 25355 213F7C18D1D6DF069DDCC8BE59614647530D5B3DE37814A675C4C0379AC8FA1B
3421996355 55353 23204 F510028A83F103C9DA5980DC70F99FA6123C212B16F77D02AD8A9056D5DD4C80
3428992064 29408 2744 7C20F6CF1A09EEE4F40FE6F70B0F070213E4AE0B9599CF6348B0EAC781225457
3430796639 40227 12937 EE543B580754E03CC980D1E899C3B48AE56FAE1F51BC93B9FC2A1730A7142B64
3423730642 42894 53470 7C20F6CF1A09EEE4F40FE6F70B0F070213E4AE0B9599CF6348B0EAC781225457
3426600982 40565 5526 730AA8318A24879A264BFDBF24C70D3856274B2A6584F9B7FD45F5F95612826E
3422482987 7535 27284 9CCFD74FD0E0CC63BB89BD1DF77D60486324EA0315DB7C611378F6175F1C09A6
3429189873 30430 32315 7C20F6CF1A09EEE4F40FE6F70B0F070213E4AE0B9599CF6348B0EAC781225457
3421131279 23804 42798 7C20F6CF1A09EEE4F40FE6F70B0F070213E4AE0B9599CF6348B0EAC781225457
3424184515 58453 9487 6EAB5769BF7E9D3CFEF9FA42959C5B958891459DA670F64040B24DFE5A6EE521
3422740436 7663 17510 62F4D373E2290E70DBC1A32F62896EBACD0F72E20B71711712A24DF37A950CB3
3429364578 50702 49654 7C20F6CF1A09EEE4F40FE6F70B0F070213E4AE0B9599CF6348B0EAC781225457
3428642694 44517 798 20F01260A532F6CCE814E00F0370B0178258647FFC8D9905D25168BE4447420C
3424124832 58256 46926 7C20F6CF1A09EEE4F40FE6F70B0F070213E4AE0B9599CF6348B0EAC781225457
3420900703 44578 16033 7C20F6CF1A09EEE4F40FE6F70B0F070213E4AE0B9599CF6348B0EAC781225457
3425635906 61277 41719 72E292766764191D9E7AD80AC38BA8B2F4DF0A12D08285488BC3530CAF747CE5
3429134239 38043 41151 934FF88DF6D59FAED3F77A779623CE4F53D627D6170C46B7A05ED48A8FCDE812
3421242627 47637 21687 59FFCA98DD63AC8B9D44A5360D1132E297E319D00F2F5B72E82507AAE0DC1EEB
3424243993 61693 35333 3B2C3F966E1ECE57056E950BDAA04E7199FE05226E4FF5BEA4AD148546EEB317
3429959187 31352 45917 7C20F6CF1A09EEE4F40FE6F70B0F070213E4AE0B9599CF6348B0EAC781225457
3430410302 46728 40580 7C20F6CF1A09EEE4F40FE6F70B0F070213E4AE0B9599CF6348B0EAC781225457
3420866477 43340 223 7C20F6CF1A09EEE4F40FE6F70B0F070213E4AE0B9599CF6348B0EAC781225457
3423303406 54390 27199 7C20F6CF1A09EEE4F40FE6F70B0F070213E4AE0B9599CF6348B0EAC781225457
3431121608 47844 43451 7C20F6CF1A09EEE4F40FE6F70B0F070213E4AE0B9599CF6348B0EAC781225457
3420660414 24916 34019 7C20F6CF1A09EEE4F40FE6F70B0F070213E4AE0B9599CF6348B0EAC781225457
3424220592 44859 42914 868879D2C703A1FE9E83199DF04F587C72F5BC3253969D999BD85A00748F1752
3421917264 6503 35444 246E9ED474B96442FA1F8C6BC6CA9E36BDA88AE964E003A44EEF13319E8B43C1
3430023889 63726 44193 7C20F6CF1A09EEE4F40FE6F70B0F070213E4AE0B9599CF6348B0EAC781225457
3422203096 28988 60765 7C20F6CF1A09EEE4F40FE6F70B0F070213E4AE0B9599CF6348B0EAC781225457
3429053803 63343 3978 101DFCE18A6E1FB86D8E74BCA64F15852B202EC627E9A32B66F2A44C1B28C8AD
3424242029 11313 3703 91BBB9C2DDDFD7EFD5604A7CDF1A8B3C58116A32D69F5571F8AE58430A3AAF22
3425067159 42223 29338 CBFB5160AA2B184387E1DB0B59E39EE3DD393235FF8DEDCBACAF93FB7FF6841A
3430348860 65207 24962 846AEAF3A227CC127147424DB9BE7140B3B19736606100088DE772A373E127F9
3427249235 11924 36387 7C20F6CF1A09EEE4F40FE6F70B0F070213E4AE0B9599CF6348B0EAC781225457
3424966767 19850 27590 7C20F6CF1A09EEE4F40FE6F70B0F070213E4AE0B9599CF6348B0EAC781225457
3422810909 38101 13382 99258B12505890B3612A1DCC6E5AA73C0C5670EE346F3503B1F7DA22CEE61AD6
3423945507 58204 27316 7C20F6CF1A09EEE4F40FE6F70B0F070213E4AE0B9599CF6348B0EAC781225457
3422606606 43705 10289 25E4FDB0CF2D2F01EBB4B84B94133A7B9EEC88AC8A27D0C56C30625BCF7A0049
3426929053 37879 65050 D43B809FB458F3ABA3D4ACCB7D71F8502B83C2BD8746498ACB9322873969D3E4
3422108795 36017 31474 0AC041494D6A8C3672B67B8242270AB21800D5E729485E39446B467A5B1FC077
3424670038 25569 9871 0455C303F9D7F508916308DF4170E173F3F63A6CD77071216AEE50AC35C91428
3428091921 35415 50028 C9E7BC208D19206A3E3FE3359F6931F8BAA9E7F073443D62EC7AF250D28FACAA
3429383299 40255 59714 E9A27DF3837A40B97E09232125D9B681208EFCFC686A084FD6B2FB39CDF44DEF
3427692316 6389 59663 3D97D6ECB729153D43A9AD722A8ED518E44B1A4688DF2D11911DFD36FEAC5C81
3432164600 40783 20492 49D47788F2D8B56CE64368B0C3520B8949635BD045DD95B8C81E8DE223C1D420
3429466872 33242 48974 7C20F6CF1A09EEE4F40FE6F70B0F070213E4AE0B9599CF6348B0EAC781225457
3431499887 6999 45954 0E1299E594C23E74824F78EE1CB4BFCECC4A195F01F4EC1F703DEA169368F94B
3421401426 48336 36452 7C20F6CF1A09EEE4F40FE6F70B0F070213E4AE0B9599CF6348B0EAC781225457
3427347191 12107 51734 2E3AA44427215F82B829E08C4BE305C02B35B91815E4AC93E42C713E40E9A2A3
3429413119 53506 11662 7C20F6CF1A09EEE4F40FE6F70B0F070213E4AE0B9599CF6348B0EAC781225457

Total of 0 tasks calculated error.
