Total of 100 tasks calculated correctly, accuracy 100.00% 
3435947322 63767 10607 7135B780631821529470B9DC8A88A097F5D6B5908E625FB3DBA16EBF9FB3D554
3441702480 9204 48435 7C20F6CF1A09EEE4F40FE6F70B0F070213E4AE0B9599CF6348B0EAC781225457
3433743042 23563 57615 70F3AA98998357CDDB2FB14002A939FDA88DE206758EFE88580A84222D5D9795
3434564007 49639 54764 4A19B1A50AF1F3A1AF4695D6A580106D01897174E807CE7DD652ED7568374088
3436961580 5144 5213 7C20F6CF1A09EEE4F40FE6F70B0F070213E4AE0B9599CF6348B0EAC781225457
3441614284 32482 18504 7C20F6CF1A09EEE4F40FE6F70B0F070213E4AE0B9599CF6348B0EAC781225457
3439289987 3775 3396 3B95BCCD4EE273332FB604A476203794E54EED7F1B6AA8648663C1EAE2867643
3437520820 31707 12951 08C83DD50694D9457536CEF16716FDB6FFC21874776A33FDC77E8FF1542DFA31
3443557317 30609 61776 C688CEC86A61B3E05FEAB27640C8D1491DAEF8254EBB42931E965C561BD3D2F8
3439943413 28494 55984 7C20F6CF1A09EEE4F40FE6F70B0F070213E4AE0B9599CF6348B0EAC781225457
3440875439 11617 49006 932BE164918B60DDF3EC3A6C4B6F59A944263A81A3479D6C80A7ED402B7FEDE0
3435877607 10889 6221 2CD82CBF8D74D70AD7D3E53870CE824AC82243D54C185E87B1FB42C2C32F8EB9
3440081517 32908 18969 7C20F6CF1A09EEE4F40FE6F70B0F070213E4AE0B9599CF6348B0EAC781225457
3438549792 60498 64965 7C20F6CF1A09EEE4F40FE6F70B0F070213E4AE0B9599CF6348B0EAC781225457
3437481533 53926 6720 7C20F6CF1A09EEE4F40FE6F70B0F070213E4AE0B9599CF6348B0EAC781225457
3443577925 58606 38223 7C20F6CF1A09EEE4F40FE6F70B0F070213E4AE0B9599CF6348B0EAC781225457
3443437187 35706 41876 7C20F6CF1A09EEE4F40FE6F70B0F070213E4AE0B9599CF6348B0EAC781225457
3438347823 55857 40597 F34973A3D21506513B1A12877634122AA9D45F08D6723BD197723A3A2B50A256
3435865931 9321 3238 4F5016C5C240E922E037CD074BFE906AA57FDBE8BB09F687ACEF6461691CAB84
3440729404 15221 1224 50047DFE202E92E3002BF3168041EBBA01FF15C6158D2A4902DF7AB92B342BA5
3440009707 59677 53476 0D735AB43798034EE5AA15A5EE03EA1AF149C2D9C944AC28F35C73ACF7FC587F
3441844386 56079 601 5C55FF6B1795583A222F78379A3094DA273E9BC4CDFE649FD53AD6137C54D127
3436091422 5993 57584 031568D414D19837C83893FBE962EDCCD25574C5CA157F269FCC496DAB5DA173
3434375620 58847 16272 64D1CB95CD7B8B0AC90BE951947343C5D5776256C1724BF9A98F5A56FFDE60D5
3438382543 9658 40196 7C20F6CF1A09EEE4F40FE6F70B0F070213E4AE0B9599CF6348B0EAC781225457
3433266589 30088 51788 7C20F6CF1A09EEE4F40FE6F70B0F070213E4AE0B9599CF6348B0EAC781225457
3443542530 46495 42291 A71CAC230D234DA28937655EDC21D1F7AB977DD5186E8BC482E39C29FFC254F0
3438723011 62530 38124 7C20F6CF1A09EEE4F40FE6F70B0F070213E4AE0B9599CF6348B0EAC781225457
3441299617 5206 8100 7C20F6CF1A09EEE4F40FE6F70B0F070213E4AE0B9599CF6348B0EAC781225457
3444353974 50379 65248 ED4FA9B89BB2A06D08A52E9BA4C538A88D00197632011922958329935362F4EA
3439758997 4299 20676 417A4A7C16E585A6744F67CF5CF6519157252F66CA9A74988E86EBAE02C830B5
3440525177 7434 43545 7C20F6CF1A09EEE4F40FE6F70B0F070213E4AE0B9599CF6348B0EAC781225457
3436624878 30927 3432 6CE62AD3AD4AC9B2638E6CDBD387BBD9849A07EE13D5ED540946B836CC2A58D1
3442332717 16779 9061 35C10F160FDDDFF2ADE066A9DFE8AAAA3BDBA8859B048A08444FE08316EEE107
3434908346 10658 37981 7C20F6CF1A09EEE4F40FE6F70B0F070213E4AE0B9599CF6348B0EAC781225457
3443481468 53448 19078 7C20F6CF1A09EEE4F40FE6F70B0F070213E4AE0B9599CF6348B0EAC781225457
3439063730 55048 44546 7C20F6CF1A09EEE4F40FE6F70B0F070213E4AE0B9599CF6348B0EAC781225457
3433158311 42387 25546 F36A7AC8D7E5A6058D3CE68548BD64EAE1E709E929D4821E9C6063720B2A63FD
3433148998 43287 38118 DD0E79C6FA526FA6183266056FD07122FB7E013FB49A74E86AE95019731C9BEB
3443043498 41480 18117 7C20F6CF1A09EEE4F40FE6F70B0F070213E4AE0B9599CF6348B0EAC781225457
3436653159 28344 4943 7C20F6CF1A09EEE4F40FE6F70B0F070213E4AE0B9599CF6348B0EAC781225457
3433311972 7026 4525 7C20F6CF1A09EEE4F40FE6F70B0F070213E4AE0B9599CF6348B0EAC781225457
3441702082 32908 21519 7C20F6CF1A09EEE4F40FE6F70B0F070213E4AE0B9599CF6348B0EAC781225457
3438078599 36095 11384 31C1968A708FDA77ED4B3E025D7685CE91ED04C6F4361AA604C1EC6DA7514E50
3438230295 14728 46531 7C20F6CF1A09EEE4F40FE6F70B0F070213E4AE0B9599CF6348B0EAC781225457
3442716275 16984 44276 7C20F6CF1A09EEE4F40FE6F70B0F070213E4AE0B9599CF6348B0EAC781225457
3434760159 54212 27749 7C20F6CF1A09EEE4F40FE6F70B0F070213E4AE0B9599CF6348B0EAC781225457
3442696681 59464 26364 7C20F6CF1A09EEE4F40FE6F70B0F070213E4AE0B9599CF6348B0EAC781225457
3443452534 17692 60436 7C20F6CF1A09EEE4F40FE6F70B0F070213E4AE0B9599CF6348B0EAC781225457
3436554125 15601 52345 9ABB8698E4769B3638C82B29C2EB1987AC86B73005401D101D83564E1EE07D6F
3440717945 54574 55132 7C20F6CF1A09EEE4F40FE6F70B0F070213E4AE0B9599CF6348B0EAC781225457
3440263982 43971 42320 44976798570C36E0C42626A739D621D534760D0DAC92B1D0791B4EE98D4E9BF4
3437757943 65227 47963 5B5B57C086F2ACAD78BFBCD8815EACE5848DEBA2D62A186722FDA73509FD5769
3436777968 4286 3808 7C20F6CF1A09EEE4F40FE6F70B0F070213E4AE0B9599CF6348B0EAC781225457
3433794150 8670 6431 7C20F6CF1A09EEE4F40FE6F70B0F070213E4AE0B9599CF6348B0EAC781225457
3442860633 24195 4146 D86C8E5A37AA3535B7AA8FC57639CCC463C520208361837C95D5E89044CBD080
3442369063 51738 45496 7C20F6CF1A09EEE4F40FE6F70B0F070213E4AE0B9599CF6348B0EAC781225457
3439069945 62823 35334 5F38B832DBB31BF22ED0B81436318D33570D7919C41052E7489E56D4A6D3E7C1
3441047181 33424 4839 7C20F6CF1A09EEE4F40FE6F70B0F070213E4AE0B9599CF6348B0EAC781225457
3442149163 25369 21889 BBF1B9FF75EECFAD034CF885D4C9817D47A03C1B1C5CC23C6CF3D6646BE55EA7
3435719984 4206 15230 7C20F6CF1A09EEE4F40FE6F70B0F070213E4AE0B9599CF6348B0EAC781225457
3434104885 35790 13729 7C20F6CF1A09EEE4F40FE6F70B0F070213E4AE0B9599CF6348B0EAC781225457
3444391219 50607 37545 1951D0CE23DE8CECC3EA2519C4DC7DCEC9F6A61389040082079F92706DF85F47
3437009879 22987 46135 65D7EFEC89E95810FBE6685C6D1F4753A06884456D6B5AC7FC3749777E69C818
3438637238 59668 24279 7C20F6CF1A09EEE4F40FE6F70B0F070213E4AE0B9599CF6348B0EAC781225457
3432634400 21167 43055 FC9EA2D63815E2294D7DF8EA9554A9F8C1430E0F7642A5A66D095EF303A62E93
3437498799 5326 58886 7C20F6CF1A09EEE4F40FE6F70B0F070213E4AE0B9599CF6348B0EAC781225457
3434988504 23956 27758 7C20F6CF1A09EEE4F40FE6F70B0F070213E4AE0B9599CF6348B0EAC781225457
3442321823 52936 17342 7C20F6CF1A09EEE4F40FE6F70B0F070213E4AE0B9599CF6348B0EAC781225457
3437844233 55015 41569 13705BE10839EFBB000F1EF7139D25B0CF22D1ADACF4B1B79DAF206E3DFB1DF5
3435010108 26803 6422 BA6E9F9849C0641BDC254FCCDCDB2478247D749C729C2608ACE60EC5C74CF526
3439132047 54075 2115 B4030E2500566DBA206C5898113B3CE4D70C6835E4D97E0AE021B0ECFED68D83
3439964646 52070 62869 7C20F6CF1A09EEE4F40FE6F70B0F070213E4AE0B9599CF6348B0EAC781225457
3434965267 37603 10016 25195FEEFDBA6AEA2BBAEB3B76284CF881C0DEE0A8AACF8B1D8411D9FD4E60A6
3443012846 13223 63451 D3D52ECB7BDD4A8B7FBE0D0DA2EE95B632B0035C3E72F622453EDA92B233B892
3439768087 36432 61665 7C20F6CF1A09EEE4F40FE6F70B0F070213E4AE0B9599CF6348B0EAC781225457
3434105553 54139 17830 F614C4B5596195D2310D89C7217A54FC0F78D9B80D6F32F4C0A2C9946BBEE843
3438141138 42612 17749 7C20F6CF1A09EEE4F40FE6F70B0F070213E4AE0B9599CF6348B0EAC781225457
3437653491 53317 26160 47CABC85821530609DAB4623EDD6581530A85F997D1894B2AC24B1CF4F02C639
3442039283 19963 58927 1D912807C0425AD58E9A60098A72668CDDCC4C39AA69EC469F331CD0D83C2F88
3443435886 29472 50006 7C20F6CF1A09EEE4F40FE6F70B0F070213E4AE0B9599CF6348B0EAC781225457
3443193470 18049 1604 5894B9F1D5FB9F5D1D95D2C69E4C8486682F0566AA99E8C15E82A7B25FC86705
3438674316 23718 37086 7C20F6CF1A09EEE4F40FE6F70B0F070213E4AE0B9599CF6348B0EAC781225457
3433540499 3557 46540 2F3CE84B2A8A75AC2D3E2465FB043803FD39888ADFABD544F49D77785548898C
3436604400 8257 5482 0CECF6C478801FB704A6169B0BCB752C373664E73A57206C3EE6D705A57EF4C5
3435224637 64402 44484 7C20F6CF1A09EEE4F40FE6F70B0F070213E4AE0B9599CF6348B0EAC781225457
3436868156 37769 15860 CC8CA1ED853632EAB6132A1EFBF034EA1F6F14CE6224B80E8453B372F622C3A5
3434770179 45187 62320 831A368D91CC943D6477DF969AEFB0740CFBEA4E8AD85540DA24C273CCDC1751
3437814216 5075 50916 FB73C7F64311372B26FC108D6BE2D2C5B6BF6A75B60210007D105BB6ADA7AD97
3442701995 21363 12953 1AA53434FF786F3802C0A582078B1AB07D81D3F52ABDC7486536DF5A89C26186
3441602499 17568 14103 7C20F6CF1A09EEE4F40FE6F70B0F070213E4AE0B9599CF6348B0EAC781225457
3436100792 26076 3820 7C20F6CF1A09EEE4F40FE6F70B0F070213E4AE0B9599CF6348B0EAC781225457
3437816171 11442 27265 7C20F6CF1A09EEE4F40FE6F70B0F070213E4AE0B9599CF6348B0EAC781225457
3440655366 57004 59790 7C20F6CF1A09EEE4F40FE6F70B0F070213E4AE0B9599CF6348B0EAC781225457
3436988796 39348 62991 7C20F6CF1A09EEE4F40FE6F70B0F070213E4AE0B9599CF6348B0EAC781225457
3436563733 15986 12972 7C20F6CF1A09EEE4F40FE6F70B0F070213E4AE0B9599CF6348B0EAC781225457
3438375559 12439 8737 09017273C4736373DEBE2431A894BB69AEA855DC5A3E776D240B293DFFBFD8CF
3438989033 58539 63469 8B7EF6B6658648866C9B93518045D082BB2FE390DEDF58ED0CC75C8E42755943
3435249023 52554 50438 7C20F6CF1A09EEE4F40FE6F70B0F070213E4AE0B9599CF6348B0EAC781225457
3443858787 21846 78 7C20F6CF1A09EEE4F40FE6F70B0F070213E4AE0B9599CF6348B0EAC781225457

Total of 0 tasks calculated error.
