Total of 100 tasks calculated correctly, accuracy 100.00% 
3449348402 44044 34934 7C20F6CF1A09EEE4F40FE6F70B0F070213E4AE0B9599CF6348B0EAC781225457
3445944232 12192 32211 7C20F6CF1A09EEE4F40FE6F70B0F070213E4AE0B9599CF6348B0EAC781225457
3448297299 22176 20901 7C20F6CF1A09EEE4F40FE6F70B0F070213E4AE0B9599CF6348B0EAC781225457
3452776169 36349 52653 DAD9008A07FA6D3AE0BFA22A46F2F23F8455AD83EB3A0876DD356ECA0F78FC76
3447554416 40979 20651 64A57128F17F9EDDB90F8CE9FF1104D0CBD321800625DB68DC5AAB885FB7932E
3452207282 44170 2965 7C20F6CF1A09EEE4F40FE6F70B0F070213E4AE0B9599CF6348B0EAC781225457
3451825608 18084 37339 7C20F6CF1A09EEE4F40FE6F70B0F070213E4AE0B9599CF6348B0EAC781225457
3446532917 49937 23348 7F2974116E0B696647FE7850F3D09DF08455B95A27C6302EC5659DF999732C7E
3448681676 3761 13402 41631CEB71F4E45E5BD64F2F2B5E26C4A94D067C554CDE52803AA7FBB4991FF6
3452467484 20760 60351 7C20F6CF1A09EEE4F40FE6F70B0F070213E4AE0B9599CF6348B0EAC781225457
3448207326 34587 4903 B8C2F46541CDC1CBE71679C8915E475E446C1E34A682C1B00EFD7D7B0785C047
3454092141 56191 148 2BD7959E5AC9E8B2C46C75089CBA261479CDF29741C54C7491C831DA7A23BF3D
3451100330 58763 41732 9FFB729C126211BA1FE8AAED8044623A523E1E2CD2AC277EFAC865FBE3F1BF4A
3453387328 25428 10356 7C20F6CF1A09EEE4F40FE6F70B0F070213E4AE0B9599CF6348B0EAC781225457
3446067254 29368 37598 7C20F6CF1A09EEE4F40FE6F70B0F070213E4AE0B9599CF6348B0EAC781225457
3446929719 26641 11501 D194E1F7B4E75ACBA24B211FC2C86A3DC69945058B28F8A4A59AB0CCDD77E399
3454949384 19071 35413 8B7B1CE019CADC7A75947EE78C9865BC976CF8FACF3447D9C0D7A14B798935BD
3449103826 28442 35726 7C20F6CF1A09EEE4F40FE6F70B0F070213E4AE0B9599CF6348B0EAC781225457
3449154167 53285 56279 1E0A32B888286F2A26E0CBE3B35F2AE091422E216470990E8EBC8C757333F6ED
3452506001 3574 61578 7C20F6CF1A09EEE4F40FE6F70B0F070213E4AE0B9599CF6348B0EAC781225457
3455062063 50871 7590 C761292E7F2028CA983B24C5831E5D6E86E88E9B6A7C68E6E454A2854FC9F1BB
3453086006 28405 39947 2AC3224F8A331DDA992B4DA0C8EAB0DF919579D085C991ECB72866BF350486FE
3452641771 64067 14029 23D9210C254EB8F4D1EB662805237A0B15FB9C2CC6E7B441B69E886A21297DFD
3445515266 31233 23534 C1A87DDD99DFA43C209BBB7627210AB17ACB73056C3FE90E1A9AFDE1886B764C
3450991422 10541 2515 F57D0EDFBE8BF52E431BF869FFD87BE2C4D4E1FD0B9ED901EC3258F1B3BEDE00
3446705902 1233 47281 F281FD5E1ABA4DE72AFC3854574C24BCCAE7B0D7E00474AB8BBB20C78D68410A
3450657994 3118 3883 7C20F6CF1A09EEE4F40FE6F70B0F070213E4AE0B9599CF6348B0EAC781225457
3451634922 17500 41130 7C20F6CF1A09EEE4F40FE6F70B0F070213E4AE0B9599CF6348B0EAC781225457
3454326818 12510 23067 7C20F6CF1A09EEE4F40FE6F70B0F070213E4AE0B9599CF6348B0EAC781225457
3454524884 39539 15064 34D645B48B2677C466E238950A4222B1BCEA9BD389241282D86C7318DF3EF477
3452142947 12599 21055 246B43B50D1F4346F6B0149EA8210943EA742E5F485D73D5CE37F6B76C65B520
3449699124 1176 5645 7C20F6CF1A09EEE4F40FE6F70B0F070213E4AE0B9599CF6348B0EAC781225457
3446054783 63469 63223 D1C88058C030A79A7F168B1180653829AFC48BC881E45EE6FEFF781A1CF5E6F9
3446677347 31709 47772 51D3ECCECA933EDE1810B3C7E703A951264C7D37A17DD8068C987E2BF0A8F0E5
3445008552 60056 13128 7C20F6CF1A09EEE4F40FE6F70B0F070213E4AE0B9599CF6348B0EAC781225457
3452109580 32921 21174 7EACF72C733089259BC0C24AE8E7014EFFF6DB8B42CE0C136924C263E60C9E69
3447272161 35849 28726 CD4E3208200AC32352A7B83E09F0ACAD620693FC0483F425B1B071107DF7B282
3446710345 7473 57236 B6C60BEFDC1AACDEE16D5FDC10FC8029C7132E3C446C7FC95023CD795B182C5F
3446630861 40260 17540 7C20F6CF1A09EEE4F40FE6F70B0F070213E4AE0B9599CF6348B0EAC781225457
3449552602 54206 22611 7C20F6CF1A09EEE4F40FE6F70B0F070213E4AE0B9599CF6348B0EAC781225457
3449115617 16629 39377 5113BC1E3E38756314A41D457E68F1770D4E54E24509C7F4728556E0CFA84847
3445979098 22808 45244 7C20F6CF1A09EEE4F40FE6F70B0F070213E4AE0B9599CF6348B0EAC781225457
3451309340 47730 45161 7C20F6CF1A09EEE4F40FE6F70B0F070213E4AE0B9599CF6348B0EAC781225457
3451542618 42105 2855 A59E91D880893A6C9C892E92D4C792A896E622B116CC395A36241B489EE68626
3444834926 60931 14142 A528636451E354798842AE298F24CC5D2F63B7135B5B12B43B215040D0E2E342
3447063251 54636 31035 7C20F6CF1A09EEE4F40FE6F70B0F070213E4AE0B9599CF6348B0EAC781225457
3455597424 47878 13677 7C20F6CF1A09EEE4F40FE6F70B0F070213E4AE0B9599CF6348B0EAC781225457
3448960643 13963 3609 A567113EE6BA883A57A47667F5BBC0E41BF6F1C4ABD014767A256BC539BBC7C3
3448029562 7836 32856 7C20F6CF1A09EEE4F40FE6F70B0F070213E4AE0B9599CF6348B0EAC781225457
3451390873 21823 15836 F69905C69AB182C17DA9D3867FC64970C11E2DCA85406C519627A4BEB59A0CA6
3455281164 60639 30680 7850418127F782E53691A7730F891697220558DE25C935A801DFDB7F58AFD5A7
3455750393 29730 9074 7C20F6CF1A09EEE4F40FE6F70B0F070213E4AE0B9599CF6348B0EAC781225457
3447739184 23255 30023 851F6496C6B94F90E90FB19A0F80D8A420CE8991090B22AB05E9B26E68D96643
3447133897 14166 13787 7C20F6CF1A09EEE4F40FE6F70B0F070213E4AE0B9599CF6348B0EAC781225457
3450701000 9651 35087 FF40D0A015A8160AE5AA10935F546EFE63324EAD36AE07615A4095D627C17A29
3451952518 42972 52222 7C20F6CF1A09EEE4F40FE6F70B0F070213E4AE0B9599CF6348B0EAC781225457
3454117737 28613 31038 4DA1B0C7598977998DA5DDE65C3FDCB460F379C2C4716D3E7C952C7C91F6AB31
3452458598 54369 49261 E6D6D75355819A19227F01D09D21521B367D3FECDC80ABCBD046DC27735B6011
3447421253 54014 2367 7C20F6CF1A09EEE4F40FE6F70B0F070213E4AE0B9599CF6348B0EAC781225457
3449984264 19054 61693 7C20F6CF1A09EEE4F40FE6F70B0F070213E4AE0B9599CF6348B0EAC781225457
3446274059 40282 15643 7C20F6CF1A09EEE4F40FE6F70B0F070213E4AE0B9599CF6348B0EAC781225457
3449334350 40387 54860 4B28C33A8AE7AF36D288B50214A1502C946D37E9D0660C3BA576030C8D06C788
3452084896 52986 41573 7C20F6CF1A09EEE4F40FE6F70B0F070213E4AE0B9599CF6348B0EAC781225457
3447396702 64118 26505 7C20F6CF1A09EEE4F40FE6F70B0F070213E4AE0B9599CF6348B0EAC781225457
3454659017 37661 1924 4FD50ABE0149FE1006FD007F80F996D6CDDCEE60E806755E8BCF52B8F405478A
3447135588 33228 20412 7C20F6CF1A09EEE4F40FE6F70B0F070213E4AE0B9599CF6348B0EAC781225457
3445138939 48707 63225 2330A52B212409D59CB9C9BCD4043D60D5B8165035FD27FFD3B5B0713CC36632
3453093674 18563 49301 C5C0382C746274C0F893C57D6CCD80A35A0F64DC2E0505795ECE5F458E31AD23
3453599973 19546 23894 7C20F6CF1A09EEE4F40FE6F70B0F070213E4AE0B9599CF6348B0EAC781225457
3455622808 40150 21290 7C20F6CF1A09EEE4F40FE6F70B0F070213E4AE0B9599CF6348B0EAC781225457
3449017299 35660 60091 7C20F6CF1A09EEE4F40FE6F70B0F070213E4AE0B9599CF6348B0EAC781225457
3444573096 39842 17418 7C20F6CF1A09EEE4F40FE6F70B0F070213E4AE0B9599CF6348B0EAC781225457
3454759133 60906 12847 7C20F6CF1A09EEE4F40FE6F70B0F070213E4AE0B9599CF6348B0EAC781225457
3445846995 45833 37321 36B3CF60143098D81DCE1E62FF73FAE3A71C481772212E92415203AA0C3CFF89
3451465786 44858 32516 7C20F6CF1A09EEE4F40FE6F70B0F070213E4AE0B9599CF6348B0EAC781225457
3452176384 50306 18116 7C20F6CF1A09EEE4F40FE6F70B0F070213E4AE0B9599CF6348B0EAC781225457
3445694402 15695 21174 B11790F4AAA900D52E80ACAD49D50532274AD94E6BD6342A68506732CD2C4378
3450005346 24631 17545 4B69C7B80AD1071C77A382B24BC5C59BDEC2FCD0850318EB723FDC25F7D6974C
3455450710 3557 46612 E2873058C6292812E5B594702BEE7E16DBBF8E0DFC20381C893A40F9B4E9044B
3444668370 11638 29947 7C20F6CF1A09EEE4F40FE6F70B0F070213E4AE0B9599CF6348B0EAC781225457
3445420368 15268 49605 7C20F6CF1A09EEE4F40FE6F70B0F070213E4AE0B9599CF6348B0EAC781225457
3456231427 47475 21379 D19B0813B453A81FB2BD061E8D81D1803AAA427E7CA683E8F56843A196ACBBC2
3446094569 29208 4227 7C20F6CF1A09EEE4F40FE6F70B0F070213E4AE0B9599CF6348B0EAC781225457
3444638007 37103 64193 C285198ED59C0F2CDF02DFEA2A6D85F4C8136F1EE94ADCFE377F65EC3A5E91A0
3450455814 54643 1671 123DECAE0AB18FAB00FC14E877A6AF3C67D578D32018885848EA00CC7AC3E88F
3447640729 1919 20485 1CFCFF7B9F296416E497765F0A240AA34FD3FECA837C776DD3592DE9051B8E9C
3446529746 56866 23675 7C20F6CF1A09EEE4F40FE6F70B0F070213E4AE0B9599CF6348B0EAC781225457
3452923671 13673 8328 40E14CF04D45E6242A312DA57F1CAA91E02BD3FCB2E6B9338C3D3570F961A79A
3454632240 3786 18099 7C20F6CF1A09EEE4F40FE6F70B0F070213E4AE0B9599CF6348B0EAC781225457
3448103243 60663 15903 B2179C8CC36ADBE2C3FC1F4C2DBE5EEFB33CB30147452B567F48ED1B449873C5
3446822776 53663 35045 CEB7A03E1FF6180DCAB53B2C4E51A70D53F831B0AAF04506C3CA465D1E25915A
3446264594 35642 53028 7C20F6CF1A09EEE4F40FE6F70B0F070213E4AE0B9599CF6348B0EAC781225457
3450949321 48432 4986 7C20F6CF1A09EEE4F40FE6F70B0F070213E4AE0B9599CF6348B0EAC781225457
3454649935 21243 58382 8562FF9CE4DB33CDF56D8404E05E14DF84F40C8C0AD2FE075C47D46F868646D4
3451167782 52110 17874 7C20F6CF1A09EEE4F40FE6F70B0F070213E4AE0B9599CF6348B0EAC781225457
3446639321 48583 49912 5BEE45EF83A548820AC4C45E67CA326552FB9BE654DF3A99554D6814FED79883
3453583437 23738 20629 7C20F6CF1A09EEE4F40FE6F70B0F070213E4AE0B9599CF6348B0EAC781225457
3445735127 56725 41184 D28FC679F23CEB3F67F8B0898773D4B0953FE1958D07EEC66AFDDD720447313F
3447989277 34078 3792 7C20F6CF1A09EEE4F40FE6F70B0F070213E4AE0B9599CF6348B0EAC781225457
3452485243 11077 8857 F0A2A7AC939CACEA3FC64461C46307D09DE4D5A44422B788FE0EF69CE8B65755

Total of 0 tasks calculated error.
