Total of 100 tasks calculated correctly, accuracy 100.00% 
3478771937 43268 6428 7C20F6CF1A09EEE4F40FE6F70B0F070213E4AE0B9599CF6348B0EAC781225457
3479654612 29157 20519 C8AF877F5D5FC909509D5BB0AB7DF3EB3B210EEA8FCB50867986729A2C335D71
3471892124 54379 18300 0F84085B7B6A8E099AB4C7110B5A9CC918CD45F5EF75E72DE5D2F41EFA39D909
3474118627 48956 43779 7C20F6CF1A09EEE4F40FE6F70B0F070213E4AE0B9599CF6348B0EAC781225457
3469513829 41247 14200 F2A42101A7C1CDB1BBFD513D2D9D4C2E77A0CDD7B764917E4D52EE3D8901706E
3471088397 16899 25502 04786095A2A375A3358D771B0D0467330A8D079AAAEE240A035C33B3C4E82BC9
3471236211 13301 59016 FCB3D43117911E1BB0990324D1C00AE0DB4E2A0F091ED9DC87A3C22C1117B1BF
3475335109 63324 24155 7C20F6CF1A09EEE4F40FE6F70B0F070213E4AE0B9599CF6348B0EAC781225457
3476364905 10418 21086 7C20F6CF1A09EEE4F40FE6F70B0F070213E4AE0B9599CF6348B0EAC781225457
3475310807 55247 30815 342AB7F46962814360CE9FE285E7A1E8141D2835F8E238E76BF969ED3EA54EC8
3476757952 61722 35278 7C20F6CF1A09EEE4F40FE6F70B0F070213E4AE0B9599CF6348B0EAC781225457
3475577008 55472 52072 7C20F6CF1A09EEE4F40FE6F70B0F070213E4AE0B9599CF6348B0EAC781225457
3469071888 18528 26786 7C20F6CF1A09EEE4F40FE6F70B0F070213E4AE0B9599CF6348B0EAC781225457
3474160651 17253 11276 F03D0124BCA8742311B119BF1BBDDF7ADE0A913831108B2AF4DDAB6C76320C59
3476715293 17618 53035 7C20F6CF1A09EEE4F40FE6F70B0F070213E4AE0B9599CF6348B0EAC781225457
3470953603 8353 22020 D0D9D748912BAB57919D88C741C2FDF8A684B54362C9B07912738603EB501481
3473965893 22763 14798 F19EF1997A9CDB848794BAFBFDB95FDD91EFC731F4802819E0BB6B4388BBFDC7
3480281928 12937 22139 6A72F1C26674AEA0A35FEF6AA3DB81C63C8CFF006943714C6E669E1ADF00A302
3473965590 6101 23293 162F32AC45F30A3046F0E3E2A41425C242046A0BA0BE5A0485DC4FE72BB65DC5
3472723322 31473 35447 79A9B5804F4244DA0FDC7FDF70AC1D86141E7EC95CDB7F4064D68E79813E6DC1
3477469333 51753 27001 1BB3F2DE62C846D9F171D0F267286F37309FCED6C857002F8A7C25A807BC6F00
3472735111 10216 58018 7C20F6CF1A09EEE4F40FE6F70B0F070213E4AE0B9599CF6348B0EAC781225457
3478696535 9305 35856 2799239E2A1377A91A9DDE3AE27678C6F9D345685015A28A6E444EE860C8C088
3475019744 18436 47438 7C20F6CF1A09EEE4F40FE6F70B0F070213E4AE0B9599CF6348B0EAC781225457
3470248739 17893 17478 CE6A305F65E70D6AC1E155A6A3E80196B295701D9C1FC48A37C49CAAC08626D8
3471310894 5206 35014 7C20F6CF1A09EEE4F40FE6F70B0F070213E4AE0B9599CF6348B0EAC781225457
3479411974 52610 3469 7C20F6CF1A09EEE4F40FE6F70B0F070213E4AE0B9599CF6348B0EAC781225457
3475806340 38719 13517 2BA2B2268BF2E7D5146D70475126A2B4B62909D437AD8FE961C3CF39E4D598E9
3472656054 19462 63778 7C20F6CF1A09EEE4F40FE6F70B0F070213E4AE0B9599CF6348B0EAC781225457
3474837694 7622 22763 7C20F6CF1A09EEE4F40FE6F70B0F070213E4AE0B9599CF6348B0EAC781225457
3478127922 4219 22941 CE90C31FB045C776774EF44A675FA6ABFB1B0E8E87351BB7D9B256839C7D4AD2
3477304697 21329 49330 F883BB49E5825FA1EC31FD36C4484AE12A6BDB64379508079FE34CBDC65A8C84
3475752642 17438 6573 7C20F6CF1A09EEE4F40FE6F70B0F070213E4AE0B9599CF6348B0EAC781225457
3477727033 10858 39539 7C20F6CF1A09EEE4F40FE6F70B0F070213E4AE0B9599CF6348B0EAC781225457
3476148016 50140 16813 7C20F6CF1A09EEE4F40FE6F70B0F070213E4AE0B9599CF6348B0EAC781225457
3470160855 49073 33309 487ED9E9238CB59E15AC97D0D757A66E8730082B151638D2873A886D11EFA786
3473169230 24719 2832 277FB1F02DBF0BC9F3CBE141CB0C72D7F6C02CEBCC36142658B95A739730348D
3473948196 7470 63470 7C20F6CF1A09EEE4F40FE6F70B0F070213E4AE0B9599CF6348B0EAC781225457
3471934333 59442 60300 7C20F6CF1A09EEE4F40FE6F70B0F070213E4AE0B9599CF6348B0EAC781225457
3475143363 51230 54961 7C20F6CF1A09EEE4F40FE6F70B0F070213E4AE0B9599CF6348B0EAC781225457
3479005077 52564 49410 7C20F6CF1A09EEE4F40FE6F70B0F070213E4AE0B9599CF6348B0EAC781225457
3478089684 44671 54927 1757CEC7ECF750A1D79F70E889A76B0344A60EA60F8DFEE0F9F624AC41DB30A1
3473960617 16251 35564 68B0D672EAE1DB3FF73B1FFB10EC2683D80ABE7731C1893A7BC790EB00E037F0
3477336849 26261 18966 E7B940768A424DB9AA343B2C37742C8827AB710F9B5FDC53FAFB4D7579AF0CD2
3478614313 63077 33325 3EEDAA5039B136CD4C80599447D6CF70D96B1BDDABF83388189D237CD97D97E6
3469057446 13792 54611 7C20F6CF1A09EEE4F40FE6F70B0F070213E4AE0B9599CF6348B0EAC781225457
3478550158 41337 55554 7CE56B70C75579125EE454B9F48FCE30C94530CDCC63D602955DF922477D5AFF
3476165251 54399 58410 5204E13CE03352A3FBF9DF91F9FCBB064363755645E9E2575CDAC4F019D3E6AB
3476354452 14515 18791 866FB8268BD7A3E193FC7B283A74296DDB58DE9CAEE20768CE7DABDE6A673E00
3478016789 44846 22597 7C20F6CF1A09EEE4F40FE6F70B0F070213E4AE0B9599CF6348B0EAC781225457
3476379203 43927 17261 1E8DE39A18AEF5A4EC57CA955D8A418B4C321CA0C0CB4546B46FDCE67E3E285B
3472066453 301 32032 60BEFA5FF911DAA8694BE6BDB8D9171F52D490642339C2C620CC52531AA440C9
3470376595 19445 64181 CA47E3FEDB4DA67958ABCDD373D776EC4CD76915FBDE9535F99D8EFF5D157BB1
3478760954 6278 61796 7C20F6CF1A09EEE4F40FE6F70B0F070213E4AE0B9599CF6348B0EAC781225457
3469624596 13181 12251 818E0A51A8AA758080A17830A1436B86E82CCF818446B37C4D41E614471E9C57
3476704882 44744 56122 7C20F6CF1A09EEE4F40FE6F70B0F070213E4AE0B9599CF6348B0EAC781225457
3476574134 27306 52830 7C20F6CF1A09EEE4F40FE6F70B0F070213E4AE0B9599CF6348B0EAC781225457
3478807175 55663 36188 A69D9E2EBE2151B7364969C5FFD69479BFAC4423FF055BCC0FDEC53F62100372
3474131014 60871 40094 B767AEA201C1ADED7C503939D507B559B332F7482D303537D959DFD88142A227
3473527570 62941 8547 08D0CCEE130C27377F39C6D4D6BAD873AD6296DB7C042B559C6F332E12772086
3478978024 33102 14053 7C20F6CF1A09EEE4F40FE6F70B0F070213E4AE0B9599CF6348B0EAC781225457
3470856513 28232 19226 7C20F6CF1A09EEE4F40FE6F70B0F070213E4AE0B9599CF6348B0EAC781225457
3468627973 60483 17928 CA18BA9423458AAE39A5D881D0518010986780EBE301D5DF79ECCFBF182CDADF
3476312761 44854 49022 7C20F6CF1A09EEE4F40FE6F70B0F070213E4AE0B9599CF6348B0EAC781225457
3473797537 60890 49890 7C20F6CF1A09EEE4F40FE6F70B0F070213E4AE0B9599CF6348B0EAC781225457
3473576966 50501 29293 4F392ADEA22CC5ED31A71F7E4C40BAA64027B01DF0280C0710BEA623FAFC7287
3471238880 2159 19504 880826C52C803B0A0178CAA1C6B9BC6BF8009B11A4FFDD3B2B71692A2B5C778C
3475891024 46786 60283 7C20F6CF1A09EEE4F40FE6F70B0F070213E4AE0B9599CF6348B0EAC781225457
3471518940 48072 37606 7C20F6CF1A09EEE4F40FE6F70B0F070213E4AE0B9599CF6348B0EAC781225457
3480143931 24793 25060 8C56AD6D616701C0C2754169C57643F35F74A818C6E1601EE8C584D87D493A12
3475842208 25697 38084 6215543BCDCF15CD6BD00178A42A027856A8A8C02BF6CBA7C6B599EE0770CBA0
3475531265 37640 3212 7C20F6CF1A09EEE4F40FE6F70B0F070213E4AE0B9599CF6348B0EAC781225457
3475765569 39850 10567 7C20F6CF1A09EEE4F40FE6F70B0F070213E4AE0B9599CF6348B0EAC781225457
3478367770 59534 32918 7C20F6CF1A09EEE4F40FE6F70B0F070213E4AE0B9599CF6348B0EAC781225457
3470172708 40312 13537 7C20F6CF1A09EEE4F40FE6F70B0F070213E4AE0B9599CF6348B0EAC781225457
3476830850 58019 28942 F5249AA93826082E32CDA4E01034C3DCB1E4F1DA00A5BBF74574CA105FA1C35B
3469150559 23407 57686 8E097649FDC1111DD1061FDF12F5C8B98C6024E165854CDA0D0A6DAF348444C6
3473301287 15956 22027 7C20F6CF1A09EEE4F40FE6F70B0F070213E4AE0B9599CF6348B0EAC781225457
3469093160 43283 48294 B9996DA8080FBE85D5442E4444603ECAA050A3B7D4F19B92CB75F9B3025CC559
3476239122 56237 20303 2B099254C204C018F4AA25D1786FF7A398C9E7DBC83DE7D664FDBDF3C748DD38
3474867680 36494 45854 7C20F6CF1A09EEE4F40FE6F70B0F070213E4AE0B9599CF6348B0EAC781225457
3474931606 54855 65392 A1F45E05F1BD06AA9520D751B310FB7242BBD75B7CEB4CEAC5AFDA5DD30F38C3
3468533423 1191 1998 C974C0F0CF627ADB78422489E13C4E4DC07539D9B5E8E9AAB72117578A626D11
3478873433 49975 27141 100B53209429836A0404696B6EE51B73F2C25F5DEECFB5BBD95E3CFF10514607
3470579246 54996 37168 7C20F6CF1A09EEE4F40FE6F70B0F070213E4AE0B9599CF6348B0EAC781225457
3473823307 44016 29729 7C20F6CF1A09EEE4F40FE6F70B0F070213E4AE0B9599CF6348B0EAC781225457
3469986346 20338 12497 7C20F6CF1A09EEE4F40FE6F70B0F070213E4AE0B9599CF6348B0EAC781225457
3472029734 30089 58859 34907D9CD30E82D2AC60D13240536E915AD6DBAF7F794BC66C650FA56ADC91E9
3470064484 2250 22215 7C20F6CF1A09EEE4F40FE6F70B0F070213E4AE0B9599CF6348B0EAC781225457
3477186722 49201 31623 99487D0B1A7D4765E1E1AD400CFD4E1F2CAD3C520596100B96672C0A95985015
3471189404 25048 64340 7C20F6CF1A09EEE4F40FE6F70B0F070213E4AE0B9599CF6348B0EAC781225457
3472549756 13077 61959 8D216A87E726593E70FCC5A2091C4452BBCD84336D93F67A0EB5989051469B49
3470585517 22750 32217 7C20F6CF1A09EEE4F40FE6F70B0F070213E4AE0B9599CF6348B0EAC781225457
3480005219 32997 12429 AEEE25EB4F1FFA84B91F15BDB262B5F9D1A6EC92332A4AA7C2D415E16132DAE0
3469370177 35433 18730 04407507CF849B8EFE41B490997AB66D40C3C4AA799DDB7AF105E66A7D64FC9E
3472523871 61796 23737 7C20F6CF1A09EEE4F40FE6F70B0F070213E4AE0B9599CF6348B0EAC781225457
3474201060 18638 61523 7C20F6CF1A09EEE4F40FE6F70B0F070213E4AE0B9599CF6348B0EAC781225457
3474454204 3882 62847 7C20F6CF1A09EEE4F40FE6F70B0F070213E4AE0B9599CF6348B0EAC781225457
3469411276 17151 45306 000735B4E59B9199A0AF0526A9F27D5CDFA8DA7597ABD112EDCF18D7700DDE12
3475113617 10661 62514 B98F1A1990C5C98F7DB2760143CD899358F59FF26D85EF13ABB8EF32CCF35E79

Total of 0 tasks calculated error.
