Total of 100 tasks calculated correctly, accuracy 100.00% 
3534717232 48693 37039 6B1344532F7E3142C246E2429D65DA5D4F2F7ADC86AB1F58E4255E43ECC15E22
3538729301 17773 61913 E9AA5724BE3AEE2FA81FC31C31A43413090C04E49560D02BE8152C1CC093452F
3537525450 7413 43437 4528BC3FC847E432CA21356966D8CE5BE8DF1165A2FB38B72095CA217DDDBDA8
3532392285 64897 27536 404446B072101C3062CA57E9622F9363FD3E5A4B11C81ADE640CE3E7D8257481
3537328452 33867 1185 40C4844D469E0777B6B8FB8DE3553662C17464D84FBCBF3DEE6ECADE15A56771
3529014439 38489 3510 F39787E59B7C4513EFDC44329BF21D054911BADF0AF267B68F71838AE57CFCB7
3533823754 7177 22324 0A23B93701820EFDE1A7B4AF5C0F7F61ED0CFBEBEA33144276B0C390E3FC14AF
3534846532 680 49091 7C20F6CF1A09EEE4F40FE6F70B0F070213E4AE0B9599CF6348B0EAC781225457
3539043083 5201 60139 BFF6104C6639904B66F6D3EA58E16E1427732E0B2B035160A8F55B14D94D1A12
3538926192 7494 711 7C20F6CF1A09EEE4F40FE6F70B0F070213E4AE0B9599CF6348B0EAC781225457
3534089073 28803 31168 56118700DE4D59B774A450A41105AE4C2DAD861D4785C98494149E8F9AA6324C
3528584580 24957 15367 C9E1B3575E999EC63EF9D7CBCFED9F762822ED6FE8955537B3E4E23A25F4A0B6
3530766038 8270 53804 7C20F6CF1A09EEE4F40FE6F70B0F070213E4AE0B9599CF6348B0EAC781225457
3538127760 55719 31320 13118F1381AC6E3CF4C07DC9F66FAB9FC471E861874EFC35426647FE74079AAB
3539161766 7351 51085 35B8A4A9D9B5BE265B2279ED0900B0E6EFFC05065E2D1BFADC6EA7B76188421C
3531756663 62972 43555 7C20F6CF1A09EEE4F40FE6F70B0F070213E4AE0B9599CF6348B0EAC781225457
3532374904 14249 33541 A5503146B317916DC3509AD3A2FC8D170BAE53835A31EFBC21B1864E46E66703
3528757007 34548 64482 7C20F6CF1A09EEE4F40FE6F70B0F070213E4AE0B9599CF6348B0EAC781225457
3529224878 53622 51880 7C20F6CF1A09EEE4F40FE6F70B0F070213E4AE0B9599CF6348B0EAC781225457
3533666130 63058 63945 7C20F6CF1A09EEE4F40FE6F70B0F070213E4AE0B9599CF6348B0EAC781225457
3529240377 20915 13376 88B7616C142343907314ED1805E9DFB1EEB63120DC0DD7B2A412CA670E3E5B4B
3532944328 49321 16680 4E760237F3BFBE0FA0B48C241BCFA69DBD1603F98748C475898D4A2C2E77690F
3529385226 49678 24198 7C20F6CF1A09EEE4F40FE6F70B0F070213E4AE0B9599CF6348B0EAC781225457
3530466972 61534 60283 7C20F6CF1A09EEE4F40FE6F70B0F070213E4AE0B9599CF6348B0EAC781225457
3538398395 64146 54343 7C20F6CF1A09EEE4F40FE6F70B0F070213E4AE0B9599CF6348B0EAC781225457
3535345055 10313 39226 A42E5C1E60023F7F468016500000D976923A03012B4D7EBB727C8396918CA1AB
3537429298 16464 35810 7C20F6CF1A09EEE4F40FE6F70B0F070213E4AE0B9599CF6348B0EAC781225457
3530405980 49041 40148 86581AFC47FDC85E7024527FABB9039BF5C2105CB4151CCA4EADC316D68C182A
3535083919 10887 47394 54C71F4136873B9C94206EEC5C24E3385F182732218DA85A0BE5613465886848
3532358430 11778 42869 7C20F6CF1A09EEE4F40FE6F70B0F070213E4AE0B9599CF6348B0EAC781225457
3530563271 16354 54746 7C20F6CF1A09EEE4F40FE6F70B0F070213E4AE0B9599CF6348B0EAC781225457
3531799220 65011 17576 86DF2ED8BD9F5AAB860D643D799654F7EA2F7CB77BDF882ED84C245DDD7642C4
3535076383 61639 17064 44C9D83A73DD0B6444F5E868E29DF6C292BFF987E57BD3389B29BC6525E1ED73
3538944782 51725 22565 5F5AD435DC1228B963C3E3C888D2B9D66CEFD1EFB68C4F26C7216E37BCC5E2F9
3538534039 38611 57281 979116DA157585B263296F17DB3CAE703C422852EEA85CBBE84BF3E2626579F4
3532763574 12626 4796 7C20F6CF1A09EEE4F40FE6F70B0F070213E4AE0B9599CF6348B0EAC781225457
3528844674 65275 35162 84C551D4F3DF34B2CF094F9D0D08CA42C33B3BB76C59ABA48DF8FF85E1569FBC
3535102806 11591 31869 CA065D2BDABE54D84971A08DB5C353FD972CE3721F7A84FD9D3C8BE8D3C1D99C
3535075402 29957 7022 4DD0920232B6DD6706888D86DC6E41E80E8A4B91B44A73C28A48B74796488064
3540004698 4679 26435 B6C90E37949C589FCDB661CA63017CAEB4595458341C1FEA95B80692FD70106F
3535785668 56590 34771 7C20F6CF1A09EEE4F40FE6F70B0F070213E4AE0B9599CF6348B0EAC781225457
3531061226 53065 24073 0E9EC83FFE6136CBDE9BEA88CAADD66883BF47536BC641D8871B909578F3BD86
3536454838 17883 16633 19EC791154D761AD05F7CFE2B4FEE3CED252F0848D3076E307B056694F732F6A
3538337314 15736 28561 7C20F6CF1A09EEE4F40FE6F70B0F070213E4AE0B9599CF6348B0EAC781225457
3532115047 31212 860 7C20F6CF1A09EEE4F40FE6F70B0F070213E4AE0B9599CF6348B0EAC781225457
3537657013 60782 31155 7C20F6CF1A09EEE4F40FE6F70B0F070213E4AE0B9599CF6348B0EAC781225457
3535023524 22446 46546 7C20F6CF1A09EEE4F40FE6F70B0F070213E4AE0B9599CF6348B0EAC781225457
3531570268 61491 51157 0EBF33D74153931B3BD223EA94B59FCB1018DC9B9191DF7EAB058AC287E10B4F
3529655228 17445 29654 179C4A5F0D82EC2834FF2D4BEAEE9596C261AB01E2C1A297EBC2A9BE2C7FB9C9
3534350903 59349 55679 6086E6A1D54C0D899919B215105651E0A8685B2DD70572F852C2BCF0DEC1770A
3531919679 12234 26770 7C20F6CF1A09EEE4F40FE6F70B0F070213E4AE0B9599CF6348B0EAC781225457
3532842051 22647 33620 BDBC89EC4722BED19AB8161A6411B36787D1C1AF0EB9C69E6D2C07ECB0B475B3
3538295467 51475 27000 D2BC73FAA95A375C8F67431F337F465762F25D0868C34FC11B4A59264E723EC2
3531804660 12913 22882 5AE26F4B8F0EC30BEB1CF865F8E9DBFC88AA5FDD3D91CE067D0985435FF27688
3530114144 39072 29242 7C20F6CF1A09EEE4F40FE6F70B0F070213E4AE0B9599CF6348B0EAC781225457
3538640625 9747 16654 E1972040E72019C0787CD8EE5D7A6693C9ED457B37E118C48E66DCB8579C1B47
3536662162 28427 38155 EDBCA5570F71B2C3299416CD581CCF91BDBB41069CFC0EC67DEC41B3E5F8EA1D
3531176239 46998 46209 7C20F6CF1A09EEE4F40FE6F70B0F070213E4AE0B9599CF6348B0EAC781225457
3531041003 39901 34602 EF9A254069376F499F9E77172BCF9FD574BD26F6E06E09491FD9A701B960F9D4
3535926939 22237 31596 6D3958132554C2FBD20D093730A8BA3C8087F19AD8139224EB891612F1F15110
3535261616 22199 13444 1A80CBF4944FEF2E92AB0D00875BFB8D44F0FF4782D0C16D851939F07E8724F2
3530741747 24787 18900 2762A7F5D1CC57122C10E7C70B64892D7A620D57203999A9FEA0D6EAFFB68F6C
3535822842 22677 32212 28C5D5DCCB911752578B8E9D57958F9CABE49570AB8C9BCD9CA89301BB579C05
3533228082 52459 9041 3EFE52BB6CD4DE1D1E5C19F8369FB4702644C227381A655EA8A602DD8561B08D
3539362267 25302 44135 7C20F6CF1A09EEE4F40FE6F70B0F070213E4AE0B9599CF6348B0EAC781225457
3534739154 56330 19428 7C20F6CF1A09EEE4F40FE6F70B0F070213E4AE0B9599CF6348B0EAC781225457
3532461721 38491 30431 78E4B939B18B042A255995A1DA958E02A6CEAFBF1352743CED0CCC1752CA7465
3531606916 40809 30157 EBB66E0F1327C45379F561CDD6D3CF1B349279D98819CBB56ECC51BE19BB225D
3535489294 59989 33750 6DFE895FCAAB7551DD8770C1E40EF8D9BB2BC97F87A3359AF9686E0A17CCEC82
3536587947 28587 30910 8C9DF8A0868857ACC62552724B6D071B8058186EB456C1F919EEF185FD1CB8ED
3533610798 56807 92 B3A3359CD0AEB59A8B55547C8FA22B73868E222DF1632124876D3AE347C8B940
3530951424 45175 18761 207A7B15E112AA6D9842D11115C6C286FD64B7A8D5A9C80AA697582EA4627E3F
3535512274 41464 39810 7C20F6CF1A09EEE4F40FE6F70B0F070213E4AE0B9599CF6348B0EAC781225457
3534547463 19519 6787 3E9D6480E76E1916804FBDCA0D24BB3FB4051B02A668C3E92223E749F46569A5
3534086997 12436 12910 7C20F6CF1A09EEE4F40FE6F70B0F070213E4AE0B9599CF6348B0EAC781225457
3529389386 13656 27888 7C20F6CF1A09EEE4F40FE6F70B0F070213E4AE0B9599CF6348B0EAC781225457
3538965566 19192 49906 7C20F6CF1A09EEE4F40FE6F70B0F070213E4AE0B9599CF6348B0EAC781225457
3537607318 38679 57956 3F4F852678A96A2D92BD8430D64A4154E15354139FD48188EB53F0BB46527964
3539908356 46252 21412 7C20F6CF1A09EEE4F40FE6F70B0F070213E4AE0B9599CF6348B0EAC781225457
3530308286 49749 48333 7DA54AE796177677EEA7726DC3B465E154F41728CD669BFEC923E815280A89DA
3537295327 23964 42316 7C20F6CF1A09EEE4F40FE6F70B0F070213E4AE0B9599CF6348B0EAC781225457
3537852767 49887 58594 4C8D0F782A2A1A877E0B369FAC3BEA05734199C3784C4C353C7156CEC3E007A9
3539461415 27616 6044 7C20F6CF1A09EEE4F40FE6F70B0F070213E4AE0B9599CF6348B0EAC781225457
3532418501 61238 61362 7C20F6CF1A09EEE4F40FE6F70B0F070213E4AE0B9599CF6348B0EAC781225457
3528665639 2244 47901 7C20F6CF1A09EEE4F40FE6F70B0F070213E4AE0B9599CF6348B0EAC781225457
3537044534 59156 10680 7C20F6CF1A09EEE4F40FE6F70B0F070213E4AE0B9599CF6348B0EAC781225457
3540318766 23861 878 A4D4F482EE2C81A5DD7929B146710144130EC8BD0A15E0EBCD9AE0E0771C2A4B
3533643639 9218 21257 7C20F6CF1A09EEE4F40FE6F70B0F070213E4AE0B9599CF6348B0EAC781225457
3531986982 55077 63451 29CDFB7BA5FA993C5BF29E3F8B5C254674FFE7EA4EBEBCA0786B57A85030B7BC
3529922206 49334 29101 7C20F6CF1A09EEE4F40FE6F70B0F070213E4AE0B9599CF6348B0EAC781225457
3529370789 29340 37451 7C20F6CF1A09EEE4F40FE6F70B0F070213E4AE0B9599CF6348B0EAC781225457
3529446021 57204 24141 7C20F6CF1A09EEE4F40FE6F70B0F070213E4AE0B9599CF6348B0EAC781225457
3530722271 40998 3090 7C20F6CF1A09EEE4F40FE6F70B0F070213E4AE0B9599CF6348B0EAC781225457
3529678256 30921 7526 44B4253FBA2CF6A5441850AA4A48C715BAFF5AB6AF4FC35FB3405A4B2AE26A6C
3531090016 35145 46234 7D9CB5857A9D79369C8A1980B4E13D194EE120BBC6936F97A0FC4371231DA408
3535944247 40435 952 2A748238E002E7B75210FA9776DA15F901E463554F45D5CDE514BA0B85D58572
3536904611 952 4412 7C20F6CF1A09EEE4F40FE6F70B0F070213E4AE0B9599CF6348B0EAC781225457
3531620367 36721 47613 EB82C620F96C66025DEB6B21F68466228F8ABD4389273EA837BB4199105C4D67
3538945521 64150 10069 7C20F6CF1A09EEE4F40FE6F70B0F070213E4AE0B9599CF6348B0EAC781225457
3529221470 26165 26960 EBE1CE85A4A79A101D5008CE37FA05774C8123B9FEE4F7F2D90E562121602137

Total of 0 tasks calculated error.
