Total of 100 tasks calculated correctly, accuracy 100.00% 
3575178394 49795 45267 BB4DDA7BA72D68ED81758180F38ACE0E489CAF4B7DA414C271C918343AF34172
3569912216 50883 15770 0CC4C085A2A1E035DD34EC2C2608440734FCBA8E79D623A1862773E25ACD028F
3565962648 61101 10640 33AF927EA724FFE27E028C5109DEE28FEBFFBFAB0A7E1D8EC4DA528C44B7C496
3571333961 58769 13328 8D178DFD2067B68706194AC99DFEE5E724FD655A7E1AC4F1697C371B935FDEBB
3566824860 54008 46839 7C20F6CF1A09EEE4F40FE6F70B0F070213E4AE0B9599CF6348B0EAC781225457
3570039025 9844 39776 7C20F6CF1A09EEE4F40FE6F70B0F070213E4AE0B9599CF6348B0EAC781225457
3566983125 24277 48365 3E2618691BC77061EDF3CF4741D12B094A70E545B57B8606122ECDFE47CF15FE
3575396195 52378 25637 7C20F6CF1A09EEE4F40FE6F70B0F070213E4AE0B9599CF6348B0EAC781225457
3573417243 41375 28422 1B911F0D01190339546FCDFAD6BF5E6B2B2FA76D41FB746163961202D2CD3E8E
3576253294 39068 33353 7C20F6CF1A09EEE4F40FE6F70B0F070213E4AE0B9599CF6348B0EAC781225457
3568451639 12126 26902 7C20F6CF1A09EEE4F40FE6F70B0F070213E4AE0B9599CF6348B0EAC781225457
3567265786 44828 33897 7C20F6CF1A09EEE4F40FE6F70B0F070213E4AE0B9599CF6348B0EAC781225457
3573784966 26636 36747 7C20F6CF1A09EEE4F40FE6F70B0F070213E4AE0B9599CF6348B0EAC781225457
3573023192 31184 461 7C20F6CF1A09EEE4F40FE6F70B0F070213E4AE0B9599CF6348B0EAC781225457
3564856584 20990 40524 7C20F6CF1A09EEE4F40FE6F70B0F070213E4AE0B9599CF6348B0EAC781225457
3574907418 23341 20851 6024747F16124F3897403D9C507C9F55958D9F0B556BDBC795CECA3C6A4458EA
3569328093 53003 28396 2AF907086A71E8A4D433A2AB3C84BF4C5F96FF4B1620689B19969DFBCA377A49
3567210515 5015 61993 E3991082EEABEADD1B254B7999948470CB1F796DCF5E8BE82D264B7BB9C088C2
3566344348 33550 28165 7C20F6CF1A09EEE4F40FE6F70B0F070213E4AE0B9599CF6348B0EAC781225457
3573917554 9339 26689 98E494EE556CE6797417547D8343A344A3CB4BB5FA3B7A0630E038FBB3459F2D
3565077758 16218 29405 7C20F6CF1A09EEE4F40FE6F70B0F070213E4AE0B9599CF6348B0EAC781225457
3572949167 30547 45394 E9319D09D078DE24149EF861AE3C660A3D70C06119382527A6FC567937527FA4
3570748066 24468 34735 7C20F6CF1A09EEE4F40FE6F70B0F070213E4AE0B9599CF6348B0EAC781225457
3569867247 41630 56996 7C20F6CF1A09EEE4F40FE6F70B0F070213E4AE0B9599CF6348B0EAC781225457
3573744886 4867 57622 125C3B113B1E85CCCE0957DD73D59191ADC70A13526E4D6E8423902BB3B2853C
3571084476 30372 31094 7C20F6CF1A09EEE4F40FE6F70B0F070213E4AE0B9599CF6348B0EAC781225457
3566422196 31189 56219 16C9ED2CFB61F7BCDDEBB8E8B70AC7C1A5EBA664712CAB5DDED97311E2093FB4
3570854171 45999 91 F2C44513243DC5AAACEA3C5F92ED55F8AE368D53418223E997640E5E7BBF48F6
3572136648 47981 33983 616C549A4E83A3466A9C68975F48BD6D4C95A6DF65F2C3A95A4552B60EC8E7B4
3573282325 59661 38494 2D5872AEFE47D374E8427A96BE02FBE44B753125CBBF5F5C089050340034424F
3573512083 43360 11640 7C20F6CF1A09EEE4F40FE6F70B0F070213E4AE0B9599CF6348B0EAC781225457
3565463063 64652 59769 7C20F6CF1A09EEE4F40FE6F70B0F070213E4AE0B9599CF6348B0EAC781225457
3568447075 12936 38489 7C20F6CF1A09EEE4F40FE6F70B0F070213E4AE0B9599CF6348B0EAC781225457
3565530673 8360 49244 7C20F6CF1A09EEE4F40FE6F70B0F070213E4AE0B9599CF6348B0EAC781225457
3568674552 60225 38117 D2E5CD2244595EE7BAAB291003A91377BF031922D575E2B671F125260BD85C32
3572918696 36453 23703 BA2D8D47EDC9B611297C935F4D22546122BFDEF789A515218F9B640FDBB2127F
3574421489 326 52755 7C20F6CF1A09EEE4F40FE6F70B0F070213E4AE0B9599CF6348B0EAC781225457
3569463950 13049 10611 C7F1E55CA2E2C4473A043CFBECECDD6B7CBE1750CC446156A9A10EA4ED8C1D9F
3570809109 48104 18291 7C20F6CF1A09EEE4F40FE6F70B0F070213E4AE0B9599CF6348B0EAC781225457
3566070085 48106 64961 7C20F6CF1A09EEE4F40FE6F70B0F070213E4AE0B9599CF6348B0EAC781225457
3570550738 41369 61425 BC639E0DAA2F7815443E42D26D60A2C0993FFA7EDBD11BB321D6A3ED6C0F2FB9
3575390359 64164 52789 7C20F6CF1A09EEE4F40FE6F70B0F070213E4AE0B9599CF6348B0EAC781225457
3564759070 29395 41918 06A7401E57A2571C0F790506121770F35009C3A415DD4D61FCFB39F7253E1C59
3569813648 49235 35181 191A4BBDE118415E6BC19239B4D64F9B6A7B295FC97AF6C7DF964B5D8B875CA7
3574353011 57109 10411 79095A5B96FBF3990E502E7AF9892AFC441DD8308F9D60498D3BC43F91B460EA
3565527153 45973 30664 B230FA65A03837E108C6683DFD01F5E7B15CBB1BFFDEFAC8DFF23CBE0173B52A
3570695107 7167 56206 5BC6497FDA99D4BF56B635A5B4F7922B10676C3D730E6EE9EEC811A7472FC83C
3571915972 12711 40340 8F4A127F9AB17257787CBAC986E5DCBD8AC3EFB87CC9805323525AE4F325F442
3565374184 48773 51509 EF3E047B45A9C865F4694A77776DAF31067FF5C171FCAD9DA8EC3D9DDE87BAF6
3574023914 12607 64121 5276CC72CB5D1DD39E0EAB97B47A81262D4B9B05CD79B9FE9C5E1F4C3D97BA53
3576132159 41616 849 7C20F6CF1A09EEE4F40FE6F70B0F070213E4AE0B9599CF6348B0EAC781225457
3574617209 39736 64648 7C20F6CF1A09EEE4F40FE6F70B0F070213E4AE0B9599CF6348B0EAC781225457
3564967546 49685 48978 CD2EA49D931B6DC54AF43A75104692ADC87618DA8C83C4C741D19F9C277DDB0A
3572451254 55307 3654 435F5D675F6EE13EA9F7794C102B7F7467117D371C0205A015C0B0440188B59D
3570879751 31998 42117 7C20F6CF1A09EEE4F40FE6F70B0F070213E4AE0B9599CF6348B0EAC781225457
3566767922 16656 8939 7C20F6CF1A09EEE4F40FE6F70B0F070213E4AE0B9599CF6348B0EAC781225457
3565122517 32463 58487 9FC9D234353264ABF0341C28334F27908F0261CBD403E8AC08F71075ED7725F9
3570492229 34322 21756 7C20F6CF1A09EEE4F40FE6F70B0F070213E4AE0B9599CF6348B0EAC781225457
3564572417 9878 65468 7C20F6CF1A09EEE4F40FE6F70B0F070213E4AE0B9599CF6348B0EAC781225457
3570366585 47993 16892 6146C0992E8534E277650A19A6CEFD3B62D08740791641F040CBB3E14DFD340C
3575252390 21409 40926 C7748F66C08037DBDC6E1DFE57E6B18A7C243E42A5623365626D7485343E152D
3567595470 28314 25412 7C20F6CF1A09EEE4F40FE6F70B0F070213E4AE0B9599CF6348B0EAC781225457
3575584549 37839 32686 4200DD7B167E076BCE7121BBB00CDEB4370307666CDAC95E3BFB6A454683303F
3571547682 47817 53494 9FA1E76A4737DB913075537059DCDBF1AAC2439CB32075F05ED74190EBAE081B
3567408315 9848 55008 7C20F6CF1A09EEE4F40FE6F70B0F070213E4AE0B9599CF6348B0EAC781225457
3572340966 36776 11223 7C20F6CF1A09EEE4F40FE6F70B0F070213E4AE0B9599CF6348B0EAC781225457
3566032388 56266 5354 7C20F6CF1A09EEE4F40FE6F70B0F070213E4AE0B9599CF6348B0EAC781225457
3570437539 58846 54096 7C20F6CF1A09EEE4F40FE6F70B0F070213E4AE0B9599CF6348B0EAC781225457
3570196439 8108 13249 7C20F6CF1A09EEE4F40FE6F70B0F070213E4AE0B9599CF6348B0EAC781225457
3574922383 41945 52164 610B3489DF1FFE60E0FDAEE4BEA14B91AF6D6CF8678AC57420DEF37CDF9FF7B4
3565678027 37980 9342 7C20F6CF1A09EEE4F40FE6F70B0F070213E4AE0B9599CF6348B0EAC781225457
3570461430 45995 9459 67837C6C5E22A952B8CF88DD9B548E918D13CCFE9E506DA9FFB6C6802B4FE0F4
3574858530 26508 9511 7C20F6CF1A09EEE4F40FE6F70B0F070213E4AE0B9599CF6348B0EAC781225457
3575121561 640 17238 7C20F6CF1A09EEE4F40FE6F70B0F070213E4AE0B9599CF6348B0EAC781225457
3565771447 48784 7696 7C20F6CF1A09EEE4F40FE6F70B0F070213E4AE0B9599CF6348B0EAC781225457
3573487616 9340 26768 7C20F6CF1A09EEE4F40FE6F70B0F070213E4AE0B9599CF6348B0EAC781225457
3568607046 44708 46640 7C20F6CF1A09EEE4F40FE6F70B0F070213E4AE0B9599CF6348B0EAC781225457
3568380454 17142 63165 7C20F6CF1A09EEE4F40FE6F70B0F070213E4AE0B9599CF6348B0EAC781225457
3572029660 57160 13640 7C20F6CF1A09EEE4F40FE6F70B0F070213E4AE0B9599CF6348B0EAC781225457
3569565493 30336 22248 7C20F6CF1A09EEE4F40FE6F70B0F070213E4AE0B9599CF6348B0EAC781225457
3574003158 16945 43964 AFA18C864513DF555C8479838E2F64DD30E04B150730CC86783FA464ED22F299
3572197081 54507 27885 F3039F2B9518A7FBAD0F9D8E06C5779F90A3E9D46AD4F076867B53C6C8A85D58
3571295737 12179 47670 46424108863FB9A8362AB4E22D89AF97E0CFD8AFB720B105704F1C84C470B2CF
3567340763 32420 48574 7C20F6CF1A09EEE4F40FE6F70B0F070213E4AE0B9599CF6348B0EAC781225457
3574940311 8591 33831 8B0396FA61C2EE8590F6888A3E125C3D2032F644CC7C0F2BD72473D4DB92F1F2
3576161907 16345 51524 DBE8614C2490B67CEDC93A6EAEB4135F6BDD4AD574914CC1BBBEF4BCCCA4118C
3566675235 47689 53478 31FFA7370E7F0A0CB6DBA033023BECB8EFCE0416B5F8AB74D244F766E02200FB
3573650693 34652 37313 7C20F6CF1A09EEE4F40FE6F70B0F070213E4AE0B9599CF6348B0EAC781225457
3569809717 21835 45068 2802DF8854B1F4A6778E6B72B601E2D40F785B70503FA15F477546094A120874
3568746525 24077 15293 2E1C5B7105E6B373CAEA5A6A78BCC31E09372D0E61531858628536F09D78E037
3564902973 26332 63247 7C20F6CF1A09EEE4F40FE6F70B0F070213E4AE0B9599CF6348B0EAC781225457
3569244048 36235 33388 CF59558A4D202D4E020BC5BA57AACB2E46A12D6C3CF26584EC3DFE72AC176243
3576055386 47502 50122 7C20F6CF1A09EEE4F40FE6F70B0F070213E4AE0B9599CF6348B0EAC781225457
3573254605 34479 44587 D8D144F19BBAECAD0960A19980599668CA9F16DC5719535E5BAB6E0132620D79
3567919109 9437 65216 8024AABACEB3B59E4D957F4050A0BDA734C981127B3C4FAF4B250D5C479D0F47
3569179135 1356 57964 7C20F6CF1A09EEE4F40FE6F70B0F070213E4AE0B9599CF6348B0EAC781225457
3569192246 27969 43142 59A4817AF453EDC8B443C28CFD88C9D704A24EADB3C8B876447A17BD9B4D4D7E
3567259213 1410 55422 7C20F6CF1A09EEE4F40FE6F70B0F070213E4AE0B9599CF6348B0EAC781225457
3574730231 51167 40184 5EF6563CE1D5A632AB271C6CA9C850AF1AB2AEBC0D822A11C3670109A7026827
3567091421 22951 12917 D9FF06FC32E394E374956262115AD01856826A8500E0230BE0038451E7804433

Total of 0 tasks calculated error.
