Total of 100 tasks calculated correctly, accuracy 100.00% 
359772604 5889 19763 1FA103A6DE05ABF28A4463079B8A896E1A306287596BC9462E842A8FAC728005
350944985 50695 15267 74DDAA7A303038F5F619B20E64635FE11F455FF92A09F3B70A79EF32BE23FD01
357706394 772 36750 7C20F6CF1A09EEE4F40FE6F70B0F070213E4AE0B9599CF6348B0EAC781225457
360030796 10328 40562 7C20F6CF1A09EEE4F40FE6F70B0F070213E4AE0B9599CF6348B0EAC781225457
357981918 29027 26469 96ACC2D53ADC2B2F3A57D0B77A45A24ECC9276716CBA14EF0AFE17F7ECEEBEA4
358428111 57510 819 7C20F6CF1A09EEE4F40FE6F70B0F070213E4AE0B9599CF6348B0EAC781225457
352730520 53434 65104 7C20F6CF1A09EEE4F40FE6F70B0F070213E4AE0B9599CF6348B0EAC781225457
353796302 35099 40032 3E932235A436B5DCDDD7368D3F3627FCC45DF279A20818061981BF72217C57D7
352086664 12540 54348 7C20F6CF1A09EEE4F40FE6F70B0F070213E4AE0B9599CF6348B0EAC781225457
356077194 36922 40573 7C20F6CF1A09EEE4F40FE6F70B0F070213E4AE0B9599CF6348B0EAC781225457
351602885 31471 61673 CF6402FA34EB7A510A258C9AB2D3CD3B4082C64B35677F01D77A6E86A284650D
348632715 26937 37664 25C698E4D16ADF4094364750320A890B7BDB918684F0AD10904F800506192CDA
354706055 30692 44354 7C20F6CF1A09EEE4F40FE6F70B0F070213E4AE0B9599CF6348B0EAC781225457
353734023 15782 44130 7C20F6CF1A09EEE4F40FE6F70B0F070213E4AE0B9599CF6348B0EAC781225457
351659336 24936 16344 7C20F6CF1A09EEE4F40FE6F70B0F070213E4AE0B9599CF6348B0EAC781225457
359456307 12468 4459 7C20F6CF1A09EEE4F40FE6F70B0F070213E4AE0B9599CF6348B0EAC781225457
351499608 8342 24861 7C20F6CF1A09EEE4F40FE6F70B0F070213E4AE0B9599CF6348B0EAC781225457
357026787 58297 911 560D4CD732349A175F0BD1D1716CDC6AC6909CBCACAB6FC37279B98ED7F2F0B6
357518733 19939 61212 A526B4D4249D693C51F8B99B00D13DCF80E02220B73CFDD82A4A96E542A3F802
352441428 38128 17530 7C20F6CF1A09EEE4F40FE6F70B0F070213E4AE0B9599CF6348B0EAC781225457
351440533 17689 61578 F56616717B3E1EB5E7F1025BDA94950629D0F5B2A99CA6F09DB2D38A3BA04264
356327029 49073 23364 7C80C6126B453B0A7E3947B1C2DE6CE0CA9D6FD489C21E70B00CDEECDD57A8BD
357828843 4610 4438 7C20F6CF1A09EEE4F40FE6F70B0F070213E4AE0B9599CF6348B0EAC781225457
352982615 1014 51212 7C20F6CF1A09EEE4F40FE6F70B0F070213E4AE0B9599CF6348B0EAC781225457
349658975 23696 65112 7C20F6CF1A09EEE4F40FE6F70B0F070213E4AE0B9599CF6348B0EAC781225457
357898682 7742 58852 7C20F6CF1A09EEE4F40FE6F70B0F070213E4AE0B9599CF6348B0EAC781225457
360032899 31354 20299 7C20F6CF1A09EEE4F40FE6F70B0F070213E4AE0B9599CF6348B0EAC781225457
353655116 30458 54470 7C20F6CF1A09EEE4F40FE6F70B0F070213E4AE0B9599CF6348B0EAC781225457
354234272 44154 49070 7C20F6CF1A09EEE4F40FE6F70B0F070213E4AE0B9599CF6348B0EAC781225457
355183356 62884 13585 7C20F6CF1A09EEE4F40FE6F70B0F070213E4AE0B9599CF6348B0EAC781225457
350994028 58847 49971 8D7A43A28109F40056974E191858AF3E065018D52E9885D34FB6B56108589318
359302653 21456 48143 7C20F6CF1A09EEE4F40FE6F70B0F070213E4AE0B9599CF6348B0EAC781225457
353160898 50939 43068 5340CA97785208E3026131AC678C839C90B9170D8979562C2EBDA65179316579
357877019 20448 44010 7C20F6CF1A09EEE4F40FE6F70B0F070213E4AE0B9599CF6348B0EAC781225457
357955066 52928 7051 7C20F6CF1A09EEE4F40FE6F70B0F070213E4AE0B9599CF6348B0EAC781225457
358822955 42315 63753 92FB7714CB9298AF6367890EAC9C37EFF2A1C156E07D0CAF96A1C92DB529CE63
354157193 56752 48472 7C20F6CF1A09EEE4F40FE6F70B0F070213E4AE0B9599CF6348B0EAC781225457
354258992 15120 59203 7C20F6CF1A09EEE4F40FE6F70B0F070213E4AE0B9599CF6348B0EAC781225457
358053261 47875 57965 780343E9D6A49B7EDD25DF284A0986123C760CC7A66C493DE13B29ED29D3FB30
354725770 48961 2081 E92FC28692EBA9D81A431C51E50DC2BA4E71317364EE7256FBFC656C1B86FF1F
358701342 22523 2381 B56D9FF1CC5E39048E5FF157ED489B022B8ECCB6A4663E5713DE8B884E4C6722
353215216 20867 21606 6636653E84A571D44A8A77243C8C04F19A4537AC6B5913C6130A415543EAFE5F
348979885 42755 57630 4146A169E5E61CC9387309B136E1CE784447A409F19F43B32118846787751FC0
357368306 52790 32066 7C20F6CF1A09EEE4F40FE6F70B0F070213E4AE0B9599CF6348B0EAC781225457
353976399 32672 45195 7C20F6CF1A09EEE4F40FE6F70B0F070213E4AE0B9599CF6348B0EAC781225457
353320850 23153 25847 2EBBAA7021093F29A0E8033EF9ADA17814FA23B18EC04E8108D5F1C9632BC446
353427584 25641 61544 6105507604E7E02B33D692D1C82C47071820EC04BEC45E0BFEC32B38581E1F2F
353992037 48469 12891 42A1B21C206703A39915C8473B230CDA1F675ECE4E74335A57A322600FB7CF70
356627667 58241 42372 6838A8833DF4B34A6BD3E45F03BEE39A3B53AA116D55EACE4CE470A4E3BAFF55
349784628 45703 62456 051DF26195A2B529E7566BB7D47BA0831FF5D94F16A61FB7F3E47C1CBB163826
350786283 64231 18790 F572C62E148B03DA25D654F1F2AA6C8796F9B1BFD5F06403F4B3C30D563722BF
359218158 50248 42795 7C20F6CF1A09EEE4F40FE6F70B0F070213E4AE0B9599CF6348B0EAC781225457
355441361 43071 58609 164B287DA19324F160B6271C17165C92D5464D1C2B1FF1F906DA98E58FF52631
354402813 45245 5939 04E93816AD07EBB657406C37DF618F377134740465A96C7CF129A9821D55C827
354075355 47676 60979 7C20F6CF1A09EEE4F40FE6F70B0F070213E4AE0B9599CF6348B0EAC781225457
356215820 21454 60267 7C20F6CF1A09EEE4F40FE6F70B0F070213E4AE0B9599CF6348B0EAC781225457
349550519 27730 19738 7C20F6CF1A09EEE4F40FE6F70B0F070213E4AE0B9599CF6348B0EAC781225457
354672842 56697 23761 03F50F6DD1467FA02D04666162AC32E43611D4A66031054A395C0E6FA17C39EF
359364069 13673 5784 12064EEE5C37C0C788DE3180C7E0F8837AED58433C4CB61962F6826FB30E4C17
358626467 29271 5170 40C1ADE4FE4F52E7AE6E65D28335AE4CBB2333EE37B63063F9457AD25FC850D7
359344081 15745 15358 9F4895147D1F70C102019CEC2611A82EF6EA3D5112DD52AAB50DC209895E5355
357042043 54795 35374 0658460333BFFA97928BE610D9E2C629C5C26163C9078CB0F6FAC6FAD78BB9A5
356752323 56045 1630 F3E2E5020DAFFA858183050EEF8786A832E1A57E0A5C36C90DBFFFBC8569CC29
359267322 10392 43580 7C20F6CF1A09EEE4F40FE6F70B0F070213E4AE0B9599CF6348B0EAC781225457
357679535 11543 49962 C42008F5D41ACBDFD00658FADF332A9527FC950E57E15E934DF7A25F9BC4DE5B
353529160 35072 20048 7C20F6CF1A09EEE4F40FE6F70B0F070213E4AE0B9599CF6348B0EAC781225457
356685121 36995 27535 A8E9CCE5794C38D2E208600D13F4CE9B6E799FBFF9D6399A6D8A8CA21465E9AE
355173443 56564 29484 7C20F6CF1A09EEE4F40FE6F70B0F070213E4AE0B9599CF6348B0EAC781225457
358391364 24387 64480 3FFA5D572E6D990AD717107869D205CE3BB992D5268135C1771E1A6C5A59F8B2
359167263 15715 58880 C95F7F1BF71A20E63236395F181E9342A4145888C1597467FCE5315ED7CC114B
351214849 62986 60238 7C20F6CF1A09EEE4F40FE6F70B0F070213E4AE0B9599CF6348B0EAC781225457
353847405 55735 3609 08EE9031F512005C98860EE51FD538697BFD4F1525AC3C269D57DA4E8DBB0E0C
351548972 59154 28608 7C20F6CF1A09EEE4F40FE6F70B0F070213E4AE0B9599CF6348B0EAC781225457
355346139 9039 29947 CD13D7D0221E5819AA469A9AE4A16B890EF5A20BC2521826B0C7A6658522CA73
349431299 32427 55807 BDD4A7FC5F9CA77612177F914841999F27D43AA49B0D8C949E5442AA3B2A36F4
357093775 26808 43650 7C20F6CF1A09EEE4F40FE6F70B0F070213E4AE0B9599CF6348B0EAC781225457
351193500 64322 63796 7C20F6CF1A09EEE4F40FE6F70B0F070213E4AE0B9599CF6348B0EAC781225457
352443316 14304 36907 7C20F6CF1A09EEE4F40FE6F70B0F070213E4AE0B9599CF6348B0EAC781225457
359829111 51503 7337 24F8E5E428087CF63AF505B7CB5514B2483EDD363ACFAFF86B7B7795A11B17AD
358973391 50064 8768 7C20F6CF1A09EEE4F40FE6F70B0F070213E4AE0B9599CF6348B0EAC781225457
359343915 22552 8863 7C20F6CF1A09EEE4F40FE6F70B0F070213E4AE0B9599CF6348B0EAC781225457
350548654 8547 21813 7CB28B65FB194AD0724D61A77091A646654843FCADABC4AF7A59968E39D8CE9E
356046464 52219 23236 E2456608DDD3837D4BFA14A5AE126B6BA57D6625D323B08F98DEC0E3BF96E62B
351762310 1904 55795 7C20F6CF1A09EEE4F40FE6F70B0F070213E4AE0B9599CF6348B0EAC781225457
353327856 63267 49747 6AE11BA5E78DCCF96C6D0834A7DF935175F222E94B59B2F9EEEB66AFE52A9958
349610528 20482 15393 7C20F6CF1A09EEE4F40FE6F70B0F070213E4AE0B9599CF6348B0EAC781225457
358367667 16169 50008 F1C9002EDCEE494131442E088C2AD1E42EF7FE32A22B72BDC7CDD59AFFD7B816
353339307 63044 63968 7C20F6CF1A09EEE4F40FE6F70B0F070213E4AE0B9599CF6348B0EAC781225457
352898023 43135 16949 17C8CED6B3AA266DD7955D096AB4787E1199F95563DBD0AFD0DD4189736F6F95
350986764 50886 26388 7C20F6CF1A09EEE4F40FE6F70B0F070213E4AE0B9599CF6348B0EAC781225457
354391240 8460 11556 7C20F6CF1A09EEE4F40FE6F70B0F070213E4AE0B9599CF6348B0EAC781225457
353485867 19165 16958 A30BBE9B6BFCDB34F183206442840AC84EFB9B34CF9155A38A9FE116B9548DDA
350953033 20228 34605 7C20F6CF1A09EEE4F40FE6F70B0F070213E4AE0B9599CF6348B0EAC781225457
358739721 47664 44762 7C20F6CF1A09EEE4F40FE6F70B0F070213E4AE0B9599CF6348B0EAC781225457
358841099 15769 60555 E5F99AD5181522EA6ED2F57ED30AECAB20312F2E99807D872D78D5BC1FA7CBA3
350212664 19627 22048 F14EFBB372751A9C04946D4AB393599C1A9310C9A83157B09E7BC41F5144040F
350682464 14227 19393 FE3062B6AA2D2C853785062CE03223CC8CDB168164CD9B4F0B3390A785D375F6
349737750 46293 44084 D043A24D2898A1935D836C22255EF1C33250AB676007893765E547CA03014F74
351326045 48345 37696 28E8115E12710768D07D50048FF1D4A8DC75E93D4773FAD7EB398A8092E4AD8B
353478279 53621 48381 51175343739B969003355B9AAF297B4454AC44605087396DAB3D2232FEC9AD32

Total of 0 tasks calculated error.
