Total of 100 tasks calculated correctly, accuracy 100.00% 
3620717808 12171 19865 F60E7AC7C5A44658A7237623BCB43DE1303602BAF3C8F4BCF4A91928CC7528A1
3614621374 26057 26203 70D2220E233D93546E9DE618D27E82C3400786B5BA6E011FA0A9AAEB71B35443
3619636461 25143 29503 54E26714FCD4B4C73E456C336294E4635A737535709687F7E527AFCDA343C794
3614211485 47884 18211 7C20F6CF1A09EEE4F40FE6F70B0F070213E4AE0B9599CF6348B0EAC781225457
3620684053 31746 58189 7C20F6CF1A09EEE4F40FE6F70B0F070213E4AE0B9599CF6348B0EAC781225457
3614087215 59293 31517 38A6E1D41BC8F3977A67C61A295EAA6E89EBB9C5BB0452EF46DEADA7F9625BCE
3613807280 46119 20491 42C614692E59EB64DF4830F429AF09B4DA0671A6995AFBE6A4AD9D5012E69938
3620954686 24390 20568 7C20F6CF1A09EEE4F40FE6F70B0F070213E4AE0B9599CF6348B0EAC781225457
3612882357 14504 10451 7C20F6CF1A09EEE4F40FE6F70B0F070213E4AE0B9599CF6348B0EAC781225457
3617467099 60542 59072 7C20F6CF1A09EEE4F40FE6F70B0F070213E4AE0B9599CF6348B0EAC781225457
3621691753 894 20354 7C20F6CF1A09EEE4F40FE6F70B0F070213E4AE0B9599CF6348B0EAC781225457
3618532698 46217 23386 6D87F8F06A19FE7051891787490B73CE130EDEA798EB976F248133D6EB8D0E8C
3616136939 27856 64932 7C20F6CF1A09EEE4F40FE6F70B0F070213E4AE0B9599CF6348B0EAC781225457
3614848718 3361 33363 214D9707509B0218A2E6B0B4548BA0310764D67D3A785A7F969CC5BF8F92D5E7
3621382160 54849 40131 1DCE5CD664C0411BB166F50F34B26DB03A411F5103F2001243EF69A69D37F87C
3623935089 27515 53977 027791E81220BE4C17BD51AC4DE8297F9FEF538B3F2BFBAE3E1300511A81DBF3
3614151839 60 32504 7C20F6CF1A09EEE4F40FE6F70B0F070213E4AE0B9599CF6348B0EAC781225457
3624028032 24121 18980 9F8B040B2C3C55FCE371FB25F1A4BB00907709F0D22032AF47BB093961EE89C0
3614625917 28293 41332 62064DED737804CE7FAA5DE4E14B0F8352A8E1420933D07923EEECD44BDD3060
3616803412 60713 9592 87C4DB4943170EC6E52A0EB10B4A924E2CF8CB5BCCDC63E3B481E71BA60ED9D6
3613812497 6126 48649 7C20F6CF1A09EEE4F40FE6F70B0F070213E4AE0B9599CF6348B0EAC781225457
3614574742 53520 49789 7C20F6CF1A09EEE4F40FE6F70B0F070213E4AE0B9599CF6348B0EAC781225457
3614496220 41508 44449 7C20F6CF1A09EEE4F40FE6F70B0F070213E4AE0B9599CF6348B0EAC781225457
3613798053 3704 40634 7C20F6CF1A09EEE4F40FE6F70B0F070213E4AE0B9599CF6348B0EAC781225457
3613168981 903 11518 BF495D1D2D42B96780D8E39D6518EFB562EBBDC16C84BB008364D402A721974A
3620902727 31374 63610 7C20F6CF1A09EEE4F40FE6F70B0F070213E4AE0B9599CF6348B0EAC781225457
3618720689 39246 55029 7C20F6CF1A09EEE4F40FE6F70B0F070213E4AE0B9599CF6348B0EAC781225457
3612674159 18115 28534 501F5A2EC99841D5B6B9F0550DD52A4CB3058FCEB06DA9060C4D1F2DAE0B7EA2
3617367569 45176 62548 7C20F6CF1A09EEE4F40FE6F70B0F070213E4AE0B9599CF6348B0EAC781225457
3617982316 59217 4521 B890E1C486159BE3DD8C2DDD9FE1359CB8F82063CAF0C4AAC0523C68D3D82E98
3617714376 30903 5421 53C824FECA5CCC28CCA80041C37AF9BDD0AFCBC80E4CB9B93AAC7BF5140EFC07
3620935101 1569 13379 09D01029E27ECBB3A7DDC9109036648E455137BA0D9F638A5959D2A6DB71E5DB
3616350396 4457 23731 C39201679730E6615ED634F6D19FAB114C2A629E5D7D2033D1186DD3AA4D6435
3616640785 19170 21868 7C20F6CF1A09EEE4F40FE6F70B0F070213E4AE0B9599CF6348B0EAC781225457
3619288389 36539 33032 CC339C0AAFC1D5F20763B8B301242D1538791D6A285433384160B9322A02DBDF
3612948564 10998 8621 7C20F6CF1A09EEE4F40FE6F70B0F070213E4AE0B9599CF6348B0EAC781225457
3619757791 60778 11582 7C20F6CF1A09EEE4F40FE6F70B0F070213E4AE0B9599CF6348B0EAC781225457
3614067227 42406 16900 7C20F6CF1A09EEE4F40FE6F70B0F070213E4AE0B9599CF6348B0EAC781225457
3621668935 13016 28594 7C20F6CF1A09EEE4F40FE6F70B0F070213E4AE0B9599CF6348B0EAC781225457
3622252602 40877 29842 93D956E17C79766A0FF5F346E5B992A5EFA0F6C58C46D5594D81FE67BEABA9AA
3623880040 54033 17240 018CC3D51526AC1BD8CFAEE9B60A0B43B625E9E7C69B01A9BBF13F89825CC1AB
3613263504 18501 50769 EAC0EB0611ABA40E55CEB7E96EA568796E7FB394A87AB69F4765B2B0C0871B85
3613155325 3603 25349 992AC65236D05A06BF4ED19C5D4053140C07A2FD9603F938B6F3759EB8C35EA6
3614345120 22199 4608 26741FDC5E0EDA5D8094A876B51EDD2B9EADE2CC91D9356384ABA37B9BA1E051
3615297982 60165 37132 606B954578934D90306F5991E4EB818FF87E410890BE300B28A90521FD993E12
3617577338 43715 45186 132D6082881713A5F4D4DFB4D07D143AD3D315AB3EC76131474D079C4D4B7269
3620010484 2021 2824 4A0B708586C196F3D8EE95B47A089A95A3DC69CC1794654AC64974E7660FDD27
3615391935 40875 30044 FCD764B45236D6E6E022078344043E63F991371E5DC3005A8DD833FF8B4AFA18
3612872460 33931 44462 4160407EB972299C52AB7630350C1106915E8935D0F2227470E70B40CB1166BA
3613984058 24459 23818 E1DEAA99E96B264DF7DE8A290B8EB0658DD6B20E51C2D48328139F73F07225E0
3613248762 64221 7053 D3DCE63CD4B6E488F1A385860152BAB83BF9BA03EC6D1E43FEC08FA63C7EE120
3617219627 49013 24156 267999E543480F69D97E4537015322699CEB379FF552D394A30C58DBFDA51AE6
3613307944 34044 22855 7C20F6CF1A09EEE4F40FE6F70B0F070213E4AE0B9599CF6348B0EAC781225457
3615455866 8883 24799 FAD548D9BAFD24EC2E9C21BD2E39DB9BE9771E3A2750A0080A04E5AFA6D43B8B
3617589962 22655 37110 FA6834ED3799441BB780846C0A9FC888B4FF7525D5C4075C5181AB013FD29E29
3615591776 57707 57638 D7114061FEE7C926161FFC77441200403F1B054C38001B8EAEE4BD0391153174
3613796141 8190 54255 7C20F6CF1A09EEE4F40FE6F70B0F070213E4AE0B9599CF6348B0EAC781225457
3622166255 30812 55549 7C20F6CF1A09EEE4F40FE6F70B0F070213E4AE0B9599CF6348B0EAC781225457
3613941817 35672 7808 7C20F6CF1A09EEE4F40FE6F70B0F070213E4AE0B9599CF6348B0EAC781225457
3616615653 26768 22029 7C20F6CF1A09EEE4F40FE6F70B0F070213E4AE0B9599CF6348B0EAC781225457
3614504618 21538 7770 7C20F6CF1A09EEE4F40FE6F70B0F070213E4AE0B9599CF6348B0EAC781225457
3615856570 54733 16666 6B58FD571C9E0B48653184729BB55F694391E82643C5C5D908DD0C7DC27FC388
3614959101 40480 41609 7C20F6CF1A09EEE4F40FE6F70B0F070213E4AE0B9599CF6348B0EAC781225457
3613712434 21189 57060 E90D3D4BDC0A6EC74DAAC9C17E12641B89A29ACA0FC8D24C4D7C711F1E8853CE
3615835041 53674 17973 7C20F6CF1A09EEE4F40FE6F70B0F070213E4AE0B9599CF6348B0EAC781225457
3615511097 30596 63077 7C20F6CF1A09EEE4F40FE6F70B0F070213E4AE0B9599CF6348B0EAC781225457
3622452215 2498 23813 7C20F6CF1A09EEE4F40FE6F70B0F070213E4AE0B9599CF6348B0EAC781225457
3621585538 56940 18262 7C20F6CF1A09EEE4F40FE6F70B0F070213E4AE0B9599CF6348B0EAC781225457
3614773790 6314 12606 7C20F6CF1A09EEE4F40FE6F70B0F070213E4AE0B9599CF6348B0EAC781225457
3623315905 15387 60399 DBF0638B388C0704B9DCAE35D2D998D34B922EBFE3F0F65A5717C528936C1453
3622575575 4668 18601 7C20F6CF1A09EEE4F40FE6F70B0F070213E4AE0B9599CF6348B0EAC781225457
3615783358 51519 36973 DEBE183F802874AAFBBC5218A1E5910D8ED785E507606ACBE6B1A46D6C25B1CA
3615571549 13435 41997 13AADB5C0FEF4634B556374839D57F72958441D99784575397EA3F4264C3BC22
3623936874 41161 23034 CFEEBF6A4BC2028F2035C0FC406EA3B30B60E53C2D7B2E85DF54B679155BFD31
3620694857 13356 54409 7C20F6CF1A09EEE4F40FE6F70B0F070213E4AE0B9599CF6348B0EAC781225457
3617584090 54462 25174 7C20F6CF1A09EEE4F40FE6F70B0F070213E4AE0B9599CF6348B0EAC781225457
3620820551 36364 56715 7C20F6CF1A09EEE4F40FE6F70B0F070213E4AE0B9599CF6348B0EAC781225457
3618925191 47488 60714 7C20F6CF1A09EEE4F40FE6F70B0F070213E4AE0B9599CF6348B0EAC781225457
3615531099 40622 42647 7C20F6CF1A09EEE4F40FE6F70B0F070213E4AE0B9599CF6348B0EAC781225457
3624034790 26868 65181 7C20F6CF1A09EEE4F40FE6F70B0F070213E4AE0B9599CF6348B0EAC781225457
3620747606 39560 52602 7C20F6CF1A09EEE4F40FE6F70B0F070213E4AE0B9599CF6348B0EAC781225457
3620929857 11416 21446 7C20F6CF1A09EEE4F40FE6F70B0F070213E4AE0B9599CF6348B0EAC781225457
3614243806 28789 37208 924AF2961D580AD15B34CA4D492F631A6C62004F4C1DAFD16A46E86DE3442B0F
3621512114 28602 12264 7C20F6CF1A09EEE4F40FE6F70B0F070213E4AE0B9599CF6348B0EAC781225457
3621867376 54919 18555 3C3CEF08F5D5013768C8CADB0D0FE3DFB829F42632F08B72EA30DC79D472BF45
3616439339 23995 35444 FCF4CF4634A448D4F51AD048650919B48D50886F7CFF41DEFD4EB70381C3D867
3613510221 46165 2897 59F557A1B06DEBE73F0EA6E61373D0A5C550ECD7B35E27924AA8A17B5AAB6F60
3616624454 1132 38744 7C20F6CF1A09EEE4F40FE6F70B0F070213E4AE0B9599CF6348B0EAC781225457
3620969276 40690 55141 7C20F6CF1A09EEE4F40FE6F70B0F070213E4AE0B9599CF6348B0EAC781225457
3616904916 42224 44795 7C20F6CF1A09EEE4F40FE6F70B0F070213E4AE0B9599CF6348B0EAC781225457
3620103524 26825 43851 CB528A08964F164A027C1D8DB880B4D7C3749B6E58B5E3D335A2D5B5EE746083
3624079389 1771 33770 D32C877D506A1246F95EFB22E168797BCE18123D9F1B5DB9BC1E8CB3FE02E4CC
3615368621 28374 36036 7C20F6CF1A09EEE4F40FE6F70B0F070213E4AE0B9599CF6348B0EAC781225457
3616774373 27337 28405 A78F60AF9A7116391207E73B018686C4326AF3EA1A78A5A4FC871B9D37EEE52C
3614957337 5906 7220 7C20F6CF1A09EEE4F40FE6F70B0F070213E4AE0B9599CF6348B0EAC781225457
3619587697 50741 58375 2E620904EEF6EB8F9760E9CEF1954782EFDBE02E5C7C31E80BEBBDDE11B5F931
3621556625 37617 35772 736C3F355342D47B1497C9B550DD52F3273D5135537DAD1AF266AA4198106154
3619894858 47156 23044 7C20F6CF1A09EEE4F40FE6F70B0F070213E4AE0B9599CF6348B0EAC781225457
3613684189 60433 61147 2CCE57166377A8F24E41B794BF276BB7FC9C979F90223F328D7DC05DC3204C79
3616793074 24762 51497 7C20F6CF1A09EEE4F40FE6F70B0F070213E4AE0B9599CF6348B0EAC781225457

Total of 0 tasks calculated error.
