Total of 100 tasks calculated correctly, accuracy 100.00% 
3636150148 64451 41424 2DE7615FACFC7DFFC097DD0315A9AA3BCB1C06AD4E13CD5FD91C6B44BFE7295C
3626582453 59355 35433 49B344E3CDC0B56BF5951F99037C63770B5A15DEC2F5EA2AE6E5272DF9C85DD1
3633028100 41088 24880 7C20F6CF1A09EEE4F40FE6F70B0F070213E4AE0B9599CF6348B0EAC781225457
3630658831 36922 54975 7C20F6CF1A09EEE4F40FE6F70B0F070213E4AE0B9599CF6348B0EAC781225457
3633938031 62868 39360 7C20F6CF1A09EEE4F40FE6F70B0F070213E4AE0B9599CF6348B0EAC781225457
3625779823 37103 8867 9CCBC84F3399AB0C8A2570BDDE16D357DF24E39F32438BA28ED5B3DA009880F1
3632939727 8805 4568 8C3CAB20F6B7A22A1AED965D2189A6B8EEBB4C0FC81134195C701DEB26DD802B
3629426089 6487 1733 58695CD6D9791FDE0B4F35989986B776C43B3EDA31E0E3841C4C4AD6096F0071
3631434950 37756 28414 7C20F6CF1A09EEE4F40FE6F70B0F070213E4AE0B9599CF6348B0EAC781225457
3632491745 41496 15126 7C20F6CF1A09EEE4F40FE6F70B0F070213E4AE0B9599CF6348B0EAC781225457
3631644333 41688 15682 7C20F6CF1A09EEE4F40FE6F70B0F070213E4AE0B9599CF6348B0EAC781225457
3627099483 38551 43606 B17C3BCB5E7577C7311ACE29CF72512C87FB3E9D7062DE71B5DCE233199C59BF
3627521836 54568 19454 7C20F6CF1A09EEE4F40FE6F70B0F070213E4AE0B9599CF6348B0EAC781225457
3626384279 1216 14971 7C20F6CF1A09EEE4F40FE6F70B0F070213E4AE0B9599CF6348B0EAC781225457
3627883073 33253 49460 1590FFAF61DF2CC646CBED5D9B4563A4FD561A908BF1ED6D7D2911C2B6D84D95
3628835635 17233 38212 31EE61274390F7D6A6FE8B906AAE30062DBE0B240A20395961FD399CD3D5CC17
3632010455 645 36284 ADE2F15234C9757DFC02EC51048800780ABF60B0D46D01D7E7EC3F44DFC865D9
3632212077 25153 22733 A2391D050BA5895E90143FE8F7BE6760EBCE9EB8850212E29E238445973B3119
3625105032 2477 42942 F8B8816023C426D2F2FA21C9596FF43A01BE3AD4894681241D871FACF424D924
3627023006 21890 52404 7C20F6CF1A09EEE4F40FE6F70B0F070213E4AE0B9599CF6348B0EAC781225457
3633007455 38870 22050 7C20F6CF1A09EEE4F40FE6F70B0F070213E4AE0B9599CF6348B0EAC781225457
3625258674 63603 61668 D470D49B4D8DBD84D22A27110C993604D6F3F126F57F8FAF1270DA3A355618FA
3633716240 33959 36695 86D0B5A951FFA098C16F3042F6FEA5717F9483C16BE1FC820242DFB241A68BDB
3631123569 11747 18523 81DFE4B3633288B48778E520C3BF481BFD475AB3EC7F6236B3AB909159579EB5
3630876242 52106 60478 7C20F6CF1A09EEE4F40FE6F70B0F070213E4AE0B9599CF6348B0EAC781225457
3626908253 49899 30896 B75CA22B4CEB63A2D2E1AB064CD5035A8BEAF40DEC18D0330AB8E3CDEBDFBCCC
3634237278 48337 32455 A9309F778B4DB00F2FB0532D2DF59929D6F3C66339BA1FEFE222CF753AE23238
3632301514 317 1938 96F65EFCAF8D555C4FDF3F281814CB8176859E07FB7D78B5F26DAAC92B138098
3630367908 47210 27405 7C20F6CF1A09EEE4F40FE6F70B0F070213E4AE0B9599CF6348B0EAC781225457
3630597846 9664 19758 7C20F6CF1A09EEE4F40FE6F70B0F070213E4AE0B9599CF6348B0EAC781225457
3627499508 15636 27943 7C20F6CF1A09EEE4F40FE6F70B0F070213E4AE0B9599CF6348B0EAC781225457
3626221699 38112 6034 7C20F6CF1A09EEE4F40FE6F70B0F070213E4AE0B9599CF6348B0EAC781225457
3630697751 1521 11745 A0D601C7E6CFBBE601764D6CBCE5F31E5AB1647C178C4E17B7BA1FB083223D3B
3625677800 49706 49820 7C20F6CF1A09EEE4F40FE6F70B0F070213E4AE0B9599CF6348B0EAC781225457
3625079623 26529 49268 69E61CA2B7F55EE23DAE772FF0DE929EE834E43F8C9BED6FC3060AF9C3D7DD99
3626109400 41689 3341 C95B6B4BF5385EFD99125539DC0C570064AD91B5EB4F218903C2872D49D1E0C5
3630523066 52421 48269 A330A543A8582EF070FC5AA7A1902722EBF3B395C332D9222BE670FC7BF00649
3634671025 11942 62127 7C20F6CF1A09EEE4F40FE6F70B0F070213E4AE0B9599CF6348B0EAC781225457
3625181604 3128 23969 7C20F6CF1A09EEE4F40FE6F70B0F070213E4AE0B9599CF6348B0EAC781225457
3626053321 58634 5350 7C20F6CF1A09EEE4F40FE6F70B0F070213E4AE0B9599CF6348B0EAC781225457
3628523857 27357 43306 4A67BED896DBFC98030E43DDE12B4DD4BAD33A9106BDAAA72A0D7A9701CBF742
3625632946 12734 53353 7C20F6CF1A09EEE4F40FE6F70B0F070213E4AE0B9599CF6348B0EAC781225457
3628399040 21439 37748 BD87EA9970162F706FB37FAB58803EDC28EF242597D14DE055C7E89C2F2DDC24
3633486710 94 25682 7C20F6CF1A09EEE4F40FE6F70B0F070213E4AE0B9599CF6348B0EAC781225457
3634036184 40116 36796 7C20F6CF1A09EEE4F40FE6F70B0F070213E4AE0B9599CF6348B0EAC781225457
3628828439 44760 56031 7C20F6CF1A09EEE4F40FE6F70B0F070213E4AE0B9599CF6348B0EAC781225457
3625469088 62168 34650 7C20F6CF1A09EEE4F40FE6F70B0F070213E4AE0B9599CF6348B0EAC781225457
3631981499 56255 43825 91F0BD69998932080484914763624EEFCFE7AB3E81FCE0C91B6F7FA525B78D00
3631828000 13050 11778 7C20F6CF1A09EEE4F40FE6F70B0F070213E4AE0B9599CF6348B0EAC781225457
3632687752 32329 2195 4C46ED16F656D5369DD9DEB8EF275D0CC51ABDD0BD6E16EF62A2572098F6CC6A
3627163237 1740 10538 7C20F6CF1A09EEE4F40FE6F70B0F070213E4AE0B9599CF6348B0EAC781225457
3634391435 43657 34526 F5861849A495610D9ABF8E8D65B5B6BC2151680013F374150EC15F8B0F173548
3635776227 12341 46576 7B90C1FE5135685E6CDE7AD39F0F41FE5C447299B3745FE7E932B003A637FC32
3626527874 28405 56942 A0F5170835587F061FE8DB81084A25C3824531929BA657EE2F4B774171252573
3628469472 13288 795 7C20F6CF1A09EEE4F40FE6F70B0F070213E4AE0B9599CF6348B0EAC781225457
3630282849 51332 61029 7C20F6CF1A09EEE4F40FE6F70B0F070213E4AE0B9599CF6348B0EAC781225457
3628863052 22646 5377 7C20F6CF1A09EEE4F40FE6F70B0F070213E4AE0B9599CF6348B0EAC781225457
3632329242 64341 33965 46A5756B91E7331D66D645D2ECC8D653AD50EFEF415E591FE91CA5DF7EC87C9E
3627879326 1750 15078 7C20F6CF1A09EEE4F40FE6F70B0F070213E4AE0B9599CF6348B0EAC781225457
3635626245 26583 44434 041C57FB89115A44EFD4DA07967D0B2EE242317DD4A5EB5D194C69A0C7975A88
3631630982 45675 23327 6AAC03ECDE2A0DE97D393283854B692C20D4698F1495FA0C33621569A2976900
3633834808 12671 48561 3E3A0F549FE3A5B670CD3EA4DB854EA21C3FE05EF0D8B56BE2421D01C6AC467D
3634206118 43815 52651 70FD3F2AC967313B89B929D1B98CDC08B1B4E4977E184430869070602D046B91
3630730850 33255 21658 33AA81963D13153EF5822E1E6C63D436F87964D59BADC2EF1DAFB793661972CF
3629893073 46541 62467 D04160F0229F058A7EFB9CF2C5E0C00DB9B162C40D6564EBF07CEB2082227BC8
3625857877 54943 12075 FEDB9E1FA439E1841778B95EB11635671C3B1FB2B244207568E568E8D691E950
3629160440 4739 52774 B72A3B41753EB56F6801AA9C41E18901D215DCB351824D35525C96B688A1B27C
3627815963 52749 36753 F0F96EB9B3217122CB596D6C42E3DD012459F262CC43D8339AE8035482EDA934
3626609409 33044 62024 7C20F6CF1A09EEE4F40FE6F70B0F070213E4AE0B9599CF6348B0EAC781225457
3633981676 39493 39307 6E917909288EE0F35E8B81BD0EEC36AC392ACC5CD1E63478FC8D6B5E10BCB340
3629800364 13579 30708 F425892AA225773E3097B53540D3C6258314443F469BDFE9B3B294915173A160
3628478101 49614 63606 7C20F6CF1A09EEE4F40FE6F70B0F070213E4AE0B9599CF6348B0EAC781225457
3634192181 13284 18867 7C20F6CF1A09EEE4F40FE6F70B0F070213E4AE0B9599CF6348B0EAC781225457
3634498153 43502 43531 7C20F6CF1A09EEE4F40FE6F70B0F070213E4AE0B9599CF6348B0EAC781225457
3632554382 64878 21583 7C20F6CF1A09EEE4F40FE6F70B0F070213E4AE0B9599CF6348B0EAC781225457
3630137472 19054 18154 7C20F6CF1A09EEE4F40FE6F70B0F070213E4AE0B9599CF6348B0EAC781225457
3625098715 17050 17652 7C20F6CF1A09EEE4F40FE6F70B0F070213E4AE0B9599CF6348B0EAC781225457
3626789204 5755 44742 763C3D0895E6FCB77875A4AC368DA2249D254838CDDA0722831472AC93E8FA8D
3636321498 17473 30356 D45FCC61C690EB7BD7FE487D872A5503D93CF10A7DB1368AC2098FC695079169
3627212175 32213 11163 5635333A759C820373A9BD2F45DC23FFB866E26FFB9603F8BD9C07E184089461
3627431935 50435 65511 9BEA9960E08F0650ADBCC21F6769206706B9CAB3424BD307C5C9E1202CF566F3
3629855177 55037 5124 A580BEA1DE623F2FE5DC903D9BB314A7B24375B5B25A71B84E5BE5BB039492C3
3633845903 5303 16808 0994653DBC725262E717B42C0E13153ECE2BD28761A9980DCB2150E20142B3DC
3628866211 27337 40102 FED765783A78C4659983920A921B6F90FBC0A36C620AA707F103D64EAD91B8ED
3635030605 44165 17604 D3DE8A9EC3DE5513959790C84A3C4CEEB77E64E1385D22172A8EB71D8A5D17B6
3634138792 29147 18350 605942773370316D82634E33C032580FC4B66AA200829E6A9880F2C57DA88CE1
3631968092 20829 11576 952A81423D05110D17D3DF0F236C28990B2ECD6A31DFB69655EB0E7307767D00
3632336223 22936 6526 7C20F6CF1A09EEE4F40FE6F70B0F070213E4AE0B9599CF6348B0EAC781225457
3629037285 64991 46338 83AAB59C56CF6A51F67126DB67807273BA715120437392BAC9FCB6BDDA60C0AF
3631310562 27313 680 D0957EC2B76EAE94AE0FFF764D8D4504E55D3CC47FA71EEF6E4168D9B12F24CC
3633512000 47267 16263 F95918B85D15C8F0E54DFCACF118570D7950067134D9890B6165E4EA3C8C3407
3626728710 24126 33846 7C20F6CF1A09EEE4F40FE6F70B0F070213E4AE0B9599CF6348B0EAC781225457
3630502269 49286 53545 7C20F6CF1A09EEE4F40FE6F70B0F070213E4AE0B9599CF6348B0EAC781225457
3635456708 41645 35852 24919B5D61C6D025F4B77944BC86BFF2FA4CB5095559C6C3E4315FD748AFE928
3631087971 24821 44258 0344A3CC02B5A032395B52395CD742B1400B7D65A700EF1A9879FB1BDC08C7DC
3636318490 2372 17852 7C20F6CF1A09EEE4F40FE6F70B0F070213E4AE0B9599CF6348B0EAC781225457
3632027127 47094 5315 7C20F6CF1A09EEE4F40FE6F70B0F070213E4AE0B9599CF6348B0EAC781225457
3629312580 52726 8107 7C20F6CF1A09EEE4F40FE6F70B0F070213E4AE0B9599CF6348B0EAC781225457
3629800639 59865 64650 0CCF0EF16D55C1F901016855101D77536A24C0B0089B0FBEAE7CEB207CC3219F
3625193382 52422 19835 7C20F6CF1A09EEE4F40FE6F70B0F070213E4AE0B9599CF6348B0EAC781225457

Total of 0 tasks calculated error.
