Total of 100 tasks calculated correctly, accuracy 100.00% 
3651462873 4306 44643 7C20F6CF1A09EEE4F40FE6F70B0F070213E4AE0B9599CF6348B0EAC781225457
3659799468 44433 30404 6876506B8A3D75C897B862B0C1BE10B55F70D25376CBAA52CBCF799042B5AFA6
3650677491 45668 49657 7C20F6CF1A09EEE4F40FE6F70B0F070213E4AE0B9599CF6348B0EAC781225457
3655140865 38095 58601 7B0112CF07142321A1E89C19A6B56C820FD226888D1A8A761EE08E64D89B5C98
3657646993 38285 17778 D90127AEAF06C6F2F58FDBA925598A5B4CF8BAD834B6699FB16337CBA00FE06A
3651610282 37047 63152 13BB40294C054968CD65C7B0BDF776E4259482A4167EE97C5B431EFC9131047F
3655441294 17652 13074 7C20F6CF1A09EEE4F40FE6F70B0F070213E4AE0B9599CF6348B0EAC781225457
3653416071 33229 35049 133E5889284DA05A07644E11D582C63BABDF4CA65647EBD86E09D05600C5780A
3652996712 58407 53321 D241152B9EA8385A53EDAC06AEA6160216ADF8F625C50C9E7D0EA30D421A5C48
3648695543 42129 56647 50B394CB6AE6A29A860EA2C1708ED8E2195073B7AC4B47DB9AD90ED9DAF45F9F
3654166982 10875 2592 35C9D208A443CACD4D4B1BE04BE4D5EC81DFB9CF704049595C968762CBCF231F
3648838089 33728 23436 7C20F6CF1A09EEE4F40FE6F70B0F070213E4AE0B9599CF6348B0EAC781225457
3658365289 36715 15818 C97D8F3BE3B698B18C8E460F384C7D56E8BB4E09A3C153FFFF9C4E96C0DB7175
3657558115 8656 19661 7C20F6CF1A09EEE4F40FE6F70B0F070213E4AE0B9599CF6348B0EAC781225457
3655961140 50053 47896 06469F2736ECF29E2473328474F9EE3B148BB1CB3C3B56C8A0D38F70B60D617B
3657387851 41018 15244 7C20F6CF1A09EEE4F40FE6F70B0F070213E4AE0B9599CF6348B0EAC781225457
3657729573 20609 63918 C7C81CEF02FD6AD5B4256CD0D3AE76C69D8D027264B50C7F66E7518C158B3077
3654783159 14127 21664 C905F6F75BD66C31AA691F3BC4B11399E6EF326070BC05D0E76BC22A9AE5AF92
3656576434 32210 45550 7C20F6CF1A09EEE4F40FE6F70B0F070213E4AE0B9599CF6348B0EAC781225457
3654076171 23112 5313 7C20F6CF1A09EEE4F40FE6F70B0F070213E4AE0B9599CF6348B0EAC781225457
3651929108 57699 62689 E766CEBDA8935F81A87CAE5F22857F58E125679B9E17C4CC716C56E9BC5355E1
3652118784 281 23884 BD18F21A9E74A5011E570D7311EC377EF79EC249F5D66E8F142FF76AE784D20B
3654863932 43556 41157 7C20F6CF1A09EEE4F40FE6F70B0F070213E4AE0B9599CF6348B0EAC781225457
3656294872 21354 38333 7C20F6CF1A09EEE4F40FE6F70B0F070213E4AE0B9599CF6348B0EAC781225457
3655969397 30273 61788 5983071BB5638F1D68EBB7DB4BFA86D700C49A522E97F3092EA6E1D280916F8E
3650103057 12397 52859 9F9BB846F3D72E8B7B15B103754B4E7E9CC8A80F725D5722370FE5344CA20FAE
3656512169 21924 5832 7C20F6CF1A09EEE4F40FE6F70B0F070213E4AE0B9599CF6348B0EAC781225457
3653523653 31527 54700 5D54DC609489F0CA581FB5AF311B5108939C81944ABECA27288CF633944F7E4C
3650984929 55278 23613 7C20F6CF1A09EEE4F40FE6F70B0F070213E4AE0B9599CF6348B0EAC781225457
3658943049 10551 6306 211F18745B893383830A8828CED9F0CBBEEFE23126A0E8183B4C3DE0BFB28ACE
3651036098 20009 60202 E9D415901C2D12620C45FB2EAE378A8FB4587718BA4821AA31C7D098DA2DBCD9
3656217315 56908 65224 7C20F6CF1A09EEE4F40FE6F70B0F070213E4AE0B9599CF6348B0EAC781225457
3653380105 6561 64542 CC60E64B35214C8190ECD1662643F5F7EDED3CBAAEBEF8E4190619EBF8B8FB97
3657324416 37648 64927 7C20F6CF1A09EEE4F40FE6F70B0F070213E4AE0B9599CF6348B0EAC781225457
3652455886 58686 27820 7C20F6CF1A09EEE4F40FE6F70B0F070213E4AE0B9599CF6348B0EAC781225457
3656140315 32917 36390 136BA5880A4370DAF51686E861AFA8A6F43AF66424F8E7187BB749C9A3944AC3
3658757146 24608 35078 7C20F6CF1A09EEE4F40FE6F70B0F070213E4AE0B9599CF6348B0EAC781225457
3654085699 10018 32227 7C20F6CF1A09EEE4F40FE6F70B0F070213E4AE0B9599CF6348B0EAC781225457
3654991053 38635 40119 929A2D5A82F712B50823923A34A77B2D90095B7EA712B788343F108F9005D4A6
3654116688 48629 49400 9323BFFFF7AA6F6565389C3AC4612CAEC18E305CF003223E9243FB711F61D7CE
3658633285 65153 35599 9B35432D3A5F40BFC30EA9F96E81D818358B90A55A588CCBA035BD66760A9FD9
3654822307 38259 20688 A4931F4B1D9072EC4F152BC7E200EAD54A282BFF9008EEF66F14863623BE572A
3650235001 6394 54559 7C20F6CF1A09EEE4F40FE6F70B0F070213E4AE0B9599CF6348B0EAC781225457
3649473933 49566 58949 7C20F6CF1A09EEE4F40FE6F70B0F070213E4AE0B9599CF6348B0EAC781225457
3655032857 25271 12162 2914F90BB7E55000D34995EDDC181BA3D914226751636734E31FD188E39A8FFA
3657323545 16653 21353 E1C3C01761D4995C2F6E9A385AA37D460F406F92BD719544CB7D2DCB9FA200C1
3653066168 35460 6988 7C20F6CF1A09EEE4F40FE6F70B0F070213E4AE0B9599CF6348B0EAC781225457
3658897548 15356 47017 7C20F6CF1A09EEE4F40FE6F70B0F070213E4AE0B9599CF6348B0EAC781225457
3658202629 11889 15696 021263AC8079741D0163B9FEEED7624119A343DBDC1909F7547320FB4F048C7D
3648992300 2714 7258 7C20F6CF1A09EEE4F40FE6F70B0F070213E4AE0B9599CF6348B0EAC781225457
3654138428 43978 24563 7C20F6CF1A09EEE4F40FE6F70B0F070213E4AE0B9599CF6348B0EAC781225457
3655579654 3503 5322 5DE1FA44EA797739FA917869B50D7468AD3DF9D5FE3CBF20C5CFCEE3AFCC7297
3655446099 53543 13974 399455D3DC6E9473D1C1C8BD0CBDA064B00C393ABF620151A06AF26865D6E742
3652632912 2208 37730 7C20F6CF1A09EEE4F40FE6F70B0F070213E4AE0B9599CF6348B0EAC781225457
3654156908 8076 17191 7C20F6CF1A09EEE4F40FE6F70B0F070213E4AE0B9599CF6348B0EAC781225457
3654084899 52158 40661 7C20F6CF1A09EEE4F40FE6F70B0F070213E4AE0B9599CF6348B0EAC781225457
3649977909 2698 52087 7C20F6CF1A09EEE4F40FE6F70B0F070213E4AE0B9599CF6348B0EAC781225457
3653979698 45621 45825 079F1A43C2B0F150C305E88295B250B72E28B4FF030E4FDF0E44290671A3FED0
3649845908 63257 44078 1A3E01AAF66E2EF2F3CB22A25A497C51881CDD55DE2ECEEC96BE4D2DA44ABE66
3659934258 38933 41735 F293E44A30291264712046282743BCC189038622030D9F5D259A95EC7D029264
3659451994 3645 53767 CA490FB114FEA4A323DE1C7562EC1F6D460B2D1322AC59AE80293E38D8188F40
3655139793 52802 15641 7C20F6CF1A09EEE4F40FE6F70B0F070213E4AE0B9599CF6348B0EAC781225457
3650994973 5839 56984 C69AC8975AC6BC83446F130765DC4CC991B679BAC9E1921E6B5A867D585A8466
3659780381 57071 4422 138E668006B1938CA26FFDFA1B7C87BD729CAED9A8BA1102D30889BE1A0ED7B2
3650987176 19589 58870 4F8E654F23DF4755F6DA153111AADB2523E48BE0D781EE728BA5B0A26B348E97
3650797462 61273 49271 3F71B3115AA8D405B183C011E70EFD6587D9ACAF5F75A6268886A7356E0FADFE
3654396492 50466 36958 7C20F6CF1A09EEE4F40FE6F70B0F070213E4AE0B9599CF6348B0EAC781225457
3652321808 65508 28674 7C20F6CF1A09EEE4F40FE6F70B0F070213E4AE0B9599CF6348B0EAC781225457
3654574552 38533 48618 ECEC961D35DD2629363DC669941E10714F972C76464D864B5EDE9A1F93BCFA5E
3657396750 33700 42629 7C20F6CF1A09EEE4F40FE6F70B0F070213E4AE0B9599CF6348B0EAC781225457
3649759401 17462 25846 7C20F6CF1A09EEE4F40FE6F70B0F070213E4AE0B9599CF6348B0EAC781225457
3654757023 12004 60328 7C20F6CF1A09EEE4F40FE6F70B0F070213E4AE0B9599CF6348B0EAC781225457
3655437332 31827 32086 4593A16B04AD17EDFD5D89F07122F69113ED1AAD515A7D38C8B1966B769B21D1
3651277073 13538 33922 7C20F6CF1A09EEE4F40FE6F70B0F070213E4AE0B9599CF6348B0EAC781225457
3651540716 37315 22322 7096867B24CE03F55450A0A37C4F4F0D6DBFBE04CF5A0B2B9D26B0665945EFAC
3651696149 5668 58114 7C20F6CF1A09EEE4F40FE6F70B0F070213E4AE0B9599CF6348B0EAC781225457
3658064331 47335 35439 8A16833DF06D522D1995575CF65601A42461376AF1BD5717FC2DDFA4610F0CC9
3655660983 34887 56681 991E74CCDF6B934B1604F4F894DD6B87797779E327A5289A75965F585B35F858
3648946388 783 20191 98178A8E131FCA4A6B9F8062BC587E3FE4C5D7E2DB30FA9D2B50E1C7458F23D4
3657622411 48891 39486 F9D256D673DAF2EB59033929CE2887D3C3A817F34598D3AB8C1E0DA8C46F8B45
3650057922 35008 10169 7C20F6CF1A09EEE4F40FE6F70B0F070213E4AE0B9599CF6348B0EAC781225457
3658328971 12112 51742 7C20F6CF1A09EEE4F40FE6F70B0F070213E4AE0B9599CF6348B0EAC781225457
3655472680 41728 56586 7C20F6CF1A09EEE4F40FE6F70B0F070213E4AE0B9599CF6348B0EAC781225457
3658396948 45602 10985 7C20F6CF1A09EEE4F40FE6F70B0F070213E4AE0B9599CF6348B0EAC781225457
3649369810 30345 47791 A7716AB0222D1FB286A3E2EC63BD84F9987557A1539761C93CA5A3F59B91B320
3660295272 42068 40850 7C20F6CF1A09EEE4F40FE6F70B0F070213E4AE0B9599CF6348B0EAC781225457
3649491894 16060 12454 7C20F6CF1A09EEE4F40FE6F70B0F070213E4AE0B9599CF6348B0EAC781225457
3660234715 40251 46255 3C14B8D7AEED2B773D8F932389149BF5178B8A3C098E192619BE31447344040A
3651623040 49652 27316 7C20F6CF1A09EEE4F40FE6F70B0F070213E4AE0B9599CF6348B0EAC781225457
3658159374 31337 42410 DA4F7880D4A24BD7802137776ECBB4649231E5E3CE1BBE2E6F3DDD06CDF683DA
3654140959 42180 61027 7C20F6CF1A09EEE4F40FE6F70B0F070213E4AE0B9599CF6348B0EAC781225457
3658317154 13427 27020 C44332AE08C9B82D0C73852F37BEA531CB1FA84FE58B5F956B40A56B5EF83AEA
3655779969 2291 25804 74E6B85DD92C733BCA28BD18AF258D2DF831D075BBBF28BA656109850016ECC3
3656785252 50586 25984 7C20F6CF1A09EEE4F40FE6F70B0F070213E4AE0B9599CF6348B0EAC781225457
3658265362 47426 40408 7C20F6CF1A09EEE4F40FE6F70B0F070213E4AE0B9599CF6348B0EAC781225457
3652121071 12711 42548 872B2F4D70DE1349FDDBD5DE35BC264A141953123D0FF0270B8027EA3533E41A
3653121826 19743 13820 70A34D322FFD14A4F55456860CAB2B36DF16DAE673FAD6169349D362CF73A122
3649126443 39272 47568 7C20F6CF1A09EEE4F40FE6F70B0F070213E4AE0B9599CF6348B0EAC781225457
3660154633 54351 43080 0B223D128129D3EBEF8ABAD7A2CD3697CA9D14FA990F2BC15371F30266BA44A9
3654928187 1513 12641 52A7B49976EA59B81D82030700966E4E8BEAF3BDC75FA50D85242AD4AE92BB09

Total of 0 tasks calculated error.
