Total of 100 tasks calculated correctly, accuracy 100.00% 
3706570212 36012 36690 7C20F6CF1A09EEE4F40FE6F70B0F070213E4AE0B9599CF6348B0EAC781225457
3705095484 4144 49310 7C20F6CF1A09EEE4F40FE6F70B0F070213E4AE0B9599CF6348B0EAC781225457
3697390063 752 24544 7C20F6CF1A09EEE4F40FE6F70B0F070213E4AE0B9599CF6348B0EAC781225457
3706128284 31598 22966 7C20F6CF1A09EEE4F40FE6F70B0F070213E4AE0B9599CF6348B0EAC781225457
3697992289 46034 50109 7C20F6CF1A09EEE4F40FE6F70B0F070213E4AE0B9599CF6348B0EAC781225457
3703892564 19834 28192 7C20F6CF1A09EEE4F40FE6F70B0F070213E4AE0B9599CF6348B0EAC781225457
3701981072 62840 35895 7C20F6CF1A09EEE4F40FE6F70B0F070213E4AE0B9599CF6348B0EAC781225457
3696870273 59999 4388 A2E028A9F9AD2E1FE626584D5447EB4030597279036FDEE04A9FEA7259CBD34B
3698287242 30544 12952 7C20F6CF1A09EEE4F40FE6F70B0F070213E4AE0B9599CF6348B0EAC781225457
3698898656 52800 35410 7C20F6CF1A09EEE4F40FE6F70B0F070213E4AE0B9599CF6348B0EAC781225457
3704700530 17950 28834 7C20F6CF1A09EEE4F40FE6F70B0F070213E4AE0B9599CF6348B0EAC781225457
3704089584 20924 20358 7C20F6CF1A09EEE4F40FE6F70B0F070213E4AE0B9599CF6348B0EAC781225457
3701286762 19179 37083 585662AB1589E0DA842DD43B9801E3C10EEEBAFFF69B0B691A6B424507E57B33
3699289530 44301 4493 6E481BA4E0C8643251D3998E389465A4D731F8CA6C4F163B36D5FC7A57652933
3700711212 46942 259 7C20F6CF1A09EEE4F40FE6F70B0F070213E4AE0B9599CF6348B0EAC781225457
3701701825 61381 39544 A4D1F68BDAA2930B17EE08A4F9CB9D1435B0B4941987475B470348F3050AA8BE
3698882113 36630 14403 7C20F6CF1A09EEE4F40FE6F70B0F070213E4AE0B9599CF6348B0EAC781225457
3700054113 45824 19007 7C20F6CF1A09EEE4F40FE6F70B0F070213E4AE0B9599CF6348B0EAC781225457
3702325988 59490 25534 7C20F6CF1A09EEE4F40FE6F70B0F070213E4AE0B9599CF6348B0EAC781225457
3698087179 22019 12834 4DEA2E6BF0DCDBCADB0E9B89CFBC615D6C9BF2C0B71CBD2602B7AD3C41E3CFE0
3697670581 53529 12603 9242746B645FA76A6696ACF7757DF86566020E49C3C1F65039B71FAA1190EB39
3703748473 15927 55448 9DA4281C4F81AFF8718FACA6C5076C1338E3AF53F5D2FCAA68365E9F7700FA40
3696896036 14530 48529 7C20F6CF1A09EEE4F40FE6F70B0F070213E4AE0B9599CF6348B0EAC781225457
3703976244 20037 28063 EA6A760D6713550CC712F773B9194F046D5EC0308DC91898809FA59982213359
3701975263 24037 51412 6CE4D48400F91040D1209431E50B753B4FD562B29124FBEDD5AE74A24F5CDA57
3708018889 26679 32636 E1863A9DDEA65FAAD96B420B054FFD1BC8FD44AB65F140E26333CF36593EA3E0
3705331542 18460 36910 7C20F6CF1A09EEE4F40FE6F70B0F070213E4AE0B9599CF6348B0EAC781225457
3698967450 1755 9969 FE0DC0426E9A32C50E38D0CCFDA6EF25F5073A74E707092403CE779EECDD8D99
3704845041 125 15976 055A340DC9ECA1D693AB23144526ACDCE04EE1604CF9A0E606F96792A500B839
3704315153 10836 4310 7C20F6CF1A09EEE4F40FE6F70B0F070213E4AE0B9599CF6348B0EAC781225457
3703931956 48154 18822 7C20F6CF1A09EEE4F40FE6F70B0F070213E4AE0B9599CF6348B0EAC781225457
3702719904 31180 23887 7C20F6CF1A09EEE4F40FE6F70B0F070213E4AE0B9599CF6348B0EAC781225457
3706488715 45932 20379 7C20F6CF1A09EEE4F40FE6F70B0F070213E4AE0B9599CF6348B0EAC781225457
3706775103 12089 34925 AE53D78604A1476D9094B00B9C64E380CE0B92EA6BB8A7F8738A036D14C29030
3702339154 63708 14798 7C20F6CF1A09EEE4F40FE6F70B0F070213E4AE0B9599CF6348B0EAC781225457
3703529591 56838 56016 7C20F6CF1A09EEE4F40FE6F70B0F070213E4AE0B9599CF6348B0EAC781225457
3699171067 58330 223 7C20F6CF1A09EEE4F40FE6F70B0F070213E4AE0B9599CF6348B0EAC781225457
3698551727 1375 40564 87DAE32D69A6156931EA56476EBDA4971BE884240288003FAC6A10D8B1ABBEA4
3705607334 11587 4142 414100036FDC6CC995A8FD82251BF76F5183910B5269B2627830736474F6F070
3702258891 59079 42275 B33458A08EC92DC8B6B5B6AC5CA8AF20799246E700792C3922E53170732A809A
3700301008 17239 13548 73FA8BB65722CCEBFFCB5A68443049C8654DCEFEEE72033A599553060A2D4744
3701541325 7911 31675 0C9462C06AD4A1409102F37E239B13B11D4930B7FAA9819B0C9377F879FE9C5B
3704737118 14835 11332 9EF9C23E5B4674A2CE613E855A00601EB05627D647F2232F22DAAE749CAB8A4C
3705622262 54118 1370 7C20F6CF1A09EEE4F40FE6F70B0F070213E4AE0B9599CF6348B0EAC781225457
3701529385 49847 51224 40E51E09F4C98BA4419B6171D057C43CCB623D8DFA3886D9130535F38CBE5E67
3704159481 55291 13404 B5C5A48F075FADC6D571BA31A2A6A496ED343C82747436D00B29C1C629964014
3708208962 24398 3160 7C20F6CF1A09EEE4F40FE6F70B0F070213E4AE0B9599CF6348B0EAC781225457
3705265189 35840 39582 7C20F6CF1A09EEE4F40FE6F70B0F070213E4AE0B9599CF6348B0EAC781225457
3705263714 21701 3675 960C77B2E510FA766ACF33ABDBAEEA2EF587C862FE80F8BD7E34D885DEBA8205
3697336232 38588 2916 7C20F6CF1A09EEE4F40FE6F70B0F070213E4AE0B9599CF6348B0EAC781225457
3702703895 42026 4246 7C20F6CF1A09EEE4F40FE6F70B0F070213E4AE0B9599CF6348B0EAC781225457
3707892072 13763 22703 6D4C84133772625DA139E162F0364D0383A75976499AE72CF2918755C70FA7D8
3702196417 51811 53456 C2B69642B1DD184B72A50733FB2597B173E2CEFE8FC5D78C98B99C8DCAAFF7A0
3706779839 2 42544 7C20F6CF1A09EEE4F40FE6F70B0F070213E4AE0B9599CF6348B0EAC781225457
3701368188 23675 43236 FEE11F54E0510DBC20D570A550F013F424321A01A42390C36EB83078F0B334B5
3699317986 1346 45886 7C20F6CF1A09EEE4F40FE6F70B0F070213E4AE0B9599CF6348B0EAC781225457
3701860976 29546 26774 7C20F6CF1A09EEE4F40FE6F70B0F070213E4AE0B9599CF6348B0EAC781225457
3698603620 40848 18517 7C20F6CF1A09EEE4F40FE6F70B0F070213E4AE0B9599CF6348B0EAC781225457
3702006400 30305 63632 8842D20ED30FD27AB15C3E3F2ECC0FF4384C6FC053820C5E65CAA9955AC2B508
3703371028 48712 3635 7C20F6CF1A09EEE4F40FE6F70B0F070213E4AE0B9599CF6348B0EAC781225457
3703061670 9538 30457 7C20F6CF1A09EEE4F40FE6F70B0F070213E4AE0B9599CF6348B0EAC781225457
3697944265 31396 23052 7C20F6CF1A09EEE4F40FE6F70B0F070213E4AE0B9599CF6348B0EAC781225457
3707714801 14712 38366 7C20F6CF1A09EEE4F40FE6F70B0F070213E4AE0B9599CF6348B0EAC781225457
3700531877 34165 49549 E053F7DE39760D64EFB3389D2EBF6C6975F269B770468059C10B92430674E564
3703605337 54461 56561 791B69FEDB3CCF6860DD6036342E49419F49304D9115E08352C2667D1228C643
3700872294 9669 51852 73E27250A601CEB6DBA99456B0B04090CC0C440916A559B8E876400602D55483
3703875264 39474 53507 7C20F6CF1A09EEE4F40FE6F70B0F070213E4AE0B9599CF6348B0EAC781225457
3699914440 22951 36158 8920B7CD763E10641CF5A64D9005376090A7F061F8F749C81B94FFFB3688A2D1
3704805013 50693 42832 433D5E240C9169376E2E508D80F4F4774E720514BF5B9C6595A8AB459D5CEE81
3704520124 2599 34376 02D39DC7B3EB95746D58917D66628BD26DA4574C8BFF6BAEF8B6ECFA79091C82
3697509165 34899 28960 EE81ECC7A1DFD83D230C767A1748E56877BE3CA7874AB4BCE37BBCCCBD2F4934
3707732975 46535 45769 87650A34ABAB9D1380353310D583530DA8CB5162DA2754BC6735D73AC8DF67AD
3705563293 20578 41923 7C20F6CF1A09EEE4F40FE6F70B0F070213E4AE0B9599CF6348B0EAC781225457
3697232012 17147 16329 25E443FE9891D9C2BC6B5D23586075C8A060E9CA51B309ED73FD5F7815C94243
3697784167 64812 21138 7C20F6CF1A09EEE4F40FE6F70B0F070213E4AE0B9599CF6348B0EAC781225457
3706223402 43819 45283 3EB5A1AAB47B01271856E3DABD1A4BEB0C2DA98AD067EEA960828CA7B9C846E9
3698827802 25000 51529 7C20F6CF1A09EEE4F40FE6F70B0F070213E4AE0B9599CF6348B0EAC781225457
3706685912 16870 5344 7C20F6CF1A09EEE4F40FE6F70B0F070213E4AE0B9599CF6348B0EAC781225457
3701214019 54399 33400 D730A5FA231B930F7FBA36DFF4BE608D163E7182824EE1590A95D7790A070407
3700047267 15984 21417 7C20F6CF1A09EEE4F40FE6F70B0F070213E4AE0B9599CF6348B0EAC781225457
3704682394 17427 18381 C77ED8425CE25177A604A4806E505346AF2B734F94BF15E063C0FB6B773502D7
3707671378 37712 35131 7C20F6CF1A09EEE4F40FE6F70B0F070213E4AE0B9599CF6348B0EAC781225457
3703668385 785 18492 859F38D83CE423BCF2057B30A4A1546278138CA1914BAE7DB173470BF8A2A1E7
3697490539 48934 4963 7C20F6CF1A09EEE4F40FE6F70B0F070213E4AE0B9599CF6348B0EAC781225457
3698623904 25576 886 7C20F6CF1A09EEE4F40FE6F70B0F070213E4AE0B9599CF6348B0EAC781225457
3707029027 23312 52384 7C20F6CF1A09EEE4F40FE6F70B0F070213E4AE0B9599CF6348B0EAC781225457
3705549407 30648 10707 7C20F6CF1A09EEE4F40FE6F70B0F070213E4AE0B9599CF6348B0EAC781225457
3696939379 20952 31020 7C20F6CF1A09EEE4F40FE6F70B0F070213E4AE0B9599CF6348B0EAC781225457
3707247449 57929 49747 F099DD8FC198E0D9DC6DABE190267B805E4E6F7025F89ECD136804272DDC1EAC
3708047833 63612 17898 7C20F6CF1A09EEE4F40FE6F70B0F070213E4AE0B9599CF6348B0EAC781225457
3704971764 22200 17687 7C20F6CF1A09EEE4F40FE6F70B0F070213E4AE0B9599CF6348B0EAC781225457
3700204256 17443 43038 3AF8AC73AB1D67572A045B42102D31DEBF114758DFA3912F7DE5DB4B83E3F80D
3696970454 37580 60111 7C20F6CF1A09EEE4F40FE6F70B0F070213E4AE0B9599CF6348B0EAC781225457
3697493014 57019 7932 91063C915B5B9635BE5BBB005114486258CED39040B9C33349FE1D9D4CE7B61C
3696865530 36288 6868 7C20F6CF1A09EEE4F40FE6F70B0F070213E4AE0B9599CF6348B0EAC781225457
3705051484 17510 34604 7C20F6CF1A09EEE4F40FE6F70B0F070213E4AE0B9599CF6348B0EAC781225457
3699162652 35887 5037 98AA7690EA1FD137657C5301CBCBE3C7F18320A8A184269CF795605C03389B2F
3698058541 43336 31367 7C20F6CF1A09EEE4F40FE6F70B0F070213E4AE0B9599CF6348B0EAC781225457
3704936019 23060 12233 7C20F6CF1A09EEE4F40FE6F70B0F070213E4AE0B9599CF6348B0EAC781225457
3702886701 63845 38719 48561D953997BFCC163557BAA20EAF421187D3D88D50932E4BF2805D4705AFAA

Total of 0 tasks calculated error.
