Total of 100 tasks calculated correctly, accuracy 100.00% 
3709923401 40035 5284 0CF2091DB2DEA55F776DFE5A8223AEA500AF5CC82753C079543AE25D29615508
3712335813 56171 44688 F63335BA162ECC4362CE15E6D1CDB23116A536E42ACAD178982BA16CF1DA0930
3720052947 55251 44264 E6B00680C351FC7B7FFA00528219AB63A3E33C9C29AC856D814301E10DD1BDD3
3711304984 48372 52569 7C20F6CF1A09EEE4F40FE6F70B0F070213E4AE0B9599CF6348B0EAC781225457
3714012389 4066 30753 7C20F6CF1A09EEE4F40FE6F70B0F070213E4AE0B9599CF6348B0EAC781225457
3709765152 62548 39039 7C20F6CF1A09EEE4F40FE6F70B0F070213E4AE0B9599CF6348B0EAC781225457
3718388416 44014 1526 7C20F6CF1A09EEE4F40FE6F70B0F070213E4AE0B9599CF6348B0EAC781225457
3710064317 1125 18622 D4CD391909B3FB8374842661E30C14E80FBB07AFFDB69DF8E55CBF9CF65B42ED
3710884940 45915 20915 D497C1B41BE3FBBF5ADD941A1F2161ED00964345FC67AD233EABBD6C015A29CB
3717004514 26061 8527 D4FC2E50F7C88C530D7BBA4ECA7F676CE0592052C46248EB46DDF4DFD344E7DC
3715098250 57476 4164 7C20F6CF1A09EEE4F40FE6F70B0F070213E4AE0B9599CF6348B0EAC781225457
3715418501 31482 51399 7C20F6CF1A09EEE4F40FE6F70B0F070213E4AE0B9599CF6348B0EAC781225457
3712669282 5196 57031 7C20F6CF1A09EEE4F40FE6F70B0F070213E4AE0B9599CF6348B0EAC781225457
3720045850 6529 53220 5CE220859785AEC09D5B7D5C08FF0993ADB19B796F1340651B2F3FCC89D5A9ED
3709461490 51137 60587 61F644F35C48DDB1FE929F6E79A8AB72A94DE8812ACEC52D4322B4EE031A5A8A
3718385744 37497 51938 2AC80CF800282E5E261D8A4672935C53BCE7347A4649C107D88F2DF5DE915D2A
3709657777 38211 57937 AAB48270E89DB8212B167D1FCB263AEC59C9381C71B605BE4A100793D95EBE7F
3717968475 22411 49284 074BBEC868ED7DB32B701A5E1E61609649A622B87FC963D422F137FE3D3134E0
3718646723 4076 27115 7C20F6CF1A09EEE4F40FE6F70B0F070213E4AE0B9599CF6348B0EAC781225457
3712898638 36010 49090 7C20F6CF1A09EEE4F40FE6F70B0F070213E4AE0B9599CF6348B0EAC781225457
3716271881 19039 62870 FAF0A117A4DE6C4BECC03CA5FA25B628AD5D0AD674592F8438E0479FF024721F
3719043985 15116 36213 7C20F6CF1A09EEE4F40FE6F70B0F070213E4AE0B9599CF6348B0EAC781225457
3716068839 26617 12427 E52459425BBB54651632E8CA9F2202CCA63B0A2B1A02136CEC9C504621F63681
3715467350 12171 62332 5A260C085FC4EA8097D43F1E4FB40326E9AF9A3DD4A6115C702FAC9F2268E7B6
3711886411 22020 1317 7C20F6CF1A09EEE4F40FE6F70B0F070213E4AE0B9599CF6348B0EAC781225457
3718634880 1143 10950 1E2E221DF2C6A62DF444B7193B2F1EDE21A18A6810A47CFE022CA12DE723281D
3712706152 59286 37685 7C20F6CF1A09EEE4F40FE6F70B0F070213E4AE0B9599CF6348B0EAC781225457
3714016307 22458 18066 7C20F6CF1A09EEE4F40FE6F70B0F070213E4AE0B9599CF6348B0EAC781225457
3720089610 58716 43054 7C20F6CF1A09EEE4F40FE6F70B0F070213E4AE0B9599CF6348B0EAC781225457
3713143788 14747 40356 83C1BDF2F552F7AD18BDAEBA9307B563EA3A48D8FAA2A13082554ED323245F9C
3714870196 12168 45002 7C20F6CF1A09EEE4F40FE6F70B0F070213E4AE0B9599CF6348B0EAC781225457
3717441320 16309 55527 9F304C9ADAD593AA91A988DA76FE8D3F3108910311EAE175166126E766193072
3718243293 35507 27932 78B864DAA724B566CF3AD3A63A2C3025D3CB435A1A6D0167157EC1BE12DB5221
3710684433 32757 35481 F4476F5804C067D7C5793D2FF62998CFD5F43A6F5B678404307DD5A628E0677F
3716966104 19636 9275 7C20F6CF1A09EEE4F40FE6F70B0F070213E4AE0B9599CF6348B0EAC781225457
3718540832 13006 38343 7C20F6CF1A09EEE4F40FE6F70B0F070213E4AE0B9599CF6348B0EAC781225457
3712887129 8385 25778 08707E6005C37EF616870CCC3385A70935BDFD238A0CEFFF79990358AAC1D082
3713928626 63002 10235 7C20F6CF1A09EEE4F40FE6F70B0F070213E4AE0B9599CF6348B0EAC781225457
3711595421 52298 26930 7C20F6CF1A09EEE4F40FE6F70B0F070213E4AE0B9599CF6348B0EAC781225457
3718095460 48181 9769 66941FAD511D5B4E495248DB27E5C1BEFBFFCF923070BCA7606402463F7F1EA1
3709251361 22254 37532 7C20F6CF1A09EEE4F40FE6F70B0F070213E4AE0B9599CF6348B0EAC781225457
3710328867 947 18831 6D35C495E5253E6F3B325DB489C140B2D7403E1003A370F9A4788B10D17E3E4C
3709712156 14989 15250 5D4436DB681F3D9767949F110C55E8F913707F1E2DDEA1D6543F664E681CED68
3718696484 22128 36896 7C20F6CF1A09EEE4F40FE6F70B0F070213E4AE0B9599CF6348B0EAC781225457
3712884507 50209 33695 2001197AA05E3EAD1B0F8DA7208974665C5DD532B9AF18547CCBB7A372C4136E
3712666921 3623 8302 05C3F4F3AB2F59FBF7BDDE8355C776B50A635D2F857AED0DFEADA9F43B91146F
3716423507 51228 6662 7C20F6CF1A09EEE4F40FE6F70B0F070213E4AE0B9599CF6348B0EAC781225457
3710983971 64448 38424 7C20F6CF1A09EEE4F40FE6F70B0F070213E4AE0B9599CF6348B0EAC781225457
3712550449 33455 15840 DA002F3BCEF0955C75E95F8D9BBDB86D0010E50159635C237FE652ADFAC2AC7F
3710858471 23278 39429 7C20F6CF1A09EEE4F40FE6F70B0F070213E4AE0B9599CF6348B0EAC781225457
3712187483 52224 46971 7C20F6CF1A09EEE4F40FE6F70B0F070213E4AE0B9599CF6348B0EAC781225457
3717853299 28954 59562 7C20F6CF1A09EEE4F40FE6F70B0F070213E4AE0B9599CF6348B0EAC781225457
3712068067 39641 63868 D4D0E116A4777C9033A9C07CB9A31F80A6DB33E7390E6CF8FD6161FDE271802E
3717388339 40352 40358 7C20F6CF1A09EEE4F40FE6F70B0F070213E4AE0B9599CF6348B0EAC781225457
3711387354 24660 46398 7C20F6CF1A09EEE4F40FE6F70B0F070213E4AE0B9599CF6348B0EAC781225457
3717793365 32599 16827 3696557858D1034DCFAD749F40426AA3B32A43B2E7192E1CD93FCBF4F807E14A
3712649329 25812 44782 7C20F6CF1A09EEE4F40FE6F70B0F070213E4AE0B9599CF6348B0EAC781225457
3717254454 9682 6854 7C20F6CF1A09EEE4F40FE6F70B0F070213E4AE0B9599CF6348B0EAC781225457
3710788462 12991 44767 7E0096EC8E74C03E3AAEEC4C957810DDCA91B053B3E76185C2CA2BF439D395CC
3710671761 23109 49997 548AFE3244B1C0571F0BA892B758DF885B54A0342907120C339D5D9D4A7B272A
3713028924 10360 25871 7C20F6CF1A09EEE4F40FE6F70B0F070213E4AE0B9599CF6348B0EAC781225457
3717910603 38988 21710 7C20F6CF1A09EEE4F40FE6F70B0F070213E4AE0B9599CF6348B0EAC781225457
3709368249 41896 62317 7C20F6CF1A09EEE4F40FE6F70B0F070213E4AE0B9599CF6348B0EAC781225457
3712709397 35646 56228 7C20F6CF1A09EEE4F40FE6F70B0F070213E4AE0B9599CF6348B0EAC781225457
3713708206 35889 49222 0F8B2DE0D2A3BA5DB7D4872A4303584A26399991CAC6F4038B1AF7090D98FEEE
3712110218 59217 17547 ED48061E5667DBC40F6733C6279EACA52228BB16FDBD39EBF8A8050C2A370616
3708975231 38 41036 7C20F6CF1A09EEE4F40FE6F70B0F070213E4AE0B9599CF6348B0EAC781225457
3709588475 3022 37111 7C20F6CF1A09EEE4F40FE6F70B0F070213E4AE0B9599CF6348B0EAC781225457
3711048865 17974 20940 7C20F6CF1A09EEE4F40FE6F70B0F070213E4AE0B9599CF6348B0EAC781225457
3712372745 14126 41037 7C20F6CF1A09EEE4F40FE6F70B0F070213E4AE0B9599CF6348B0EAC781225457
3718186316 33480 3932 7C20F6CF1A09EEE4F40FE6F70B0F070213E4AE0B9599CF6348B0EAC781225457
3710043385 37461 42704 AF9B394DA9980B71C2415E9592FD469F0B6286FF4B7A76BEB8FCD57580CF6235
3717213838 28631 38733 C4CE055C04C5EBD9CDF6E205BEDC7AA5626091B471D36E41FA78125EFBD3022D
3715017680 57154 40627 7C20F6CF1A09EEE4F40FE6F70B0F070213E4AE0B9599CF6348B0EAC781225457
3708927216 29970 30600 7C20F6CF1A09EEE4F40FE6F70B0F070213E4AE0B9599CF6348B0EAC781225457
3718337990 30909 3621 4BD308FDC80C4EB6B06DDCBB6ABC6720861441997C8A02D6479DAE5569C816DB
3715727064 25322 41450 7C20F6CF1A09EEE4F40FE6F70B0F070213E4AE0B9599CF6348B0EAC781225457
3710369645 47996 60230 7C20F6CF1A09EEE4F40FE6F70B0F070213E4AE0B9599CF6348B0EAC781225457
3709256117 15561 45559 A0B8A4C76D6A53446AC8936719499C4B97192836C783E047C4DDF9A808AAD5B8
3711747930 51661 37949 CA5E006DBB6F812C76747B565F460416B7EBA624433DAB8C621C7322ED688BCB
3712311353 43773 54751 6AC853CCEC277A1688120D331F84C963A88DBD8268E9560F76116B2C387F74D4
3712235467 2742 33325 7C20F6CF1A09EEE4F40FE6F70B0F070213E4AE0B9599CF6348B0EAC781225457
3718159936 22282 47600 7C20F6CF1A09EEE4F40FE6F70B0F070213E4AE0B9599CF6348B0EAC781225457
3710143415 31481 54914 752CC9B17EEEB3B71E086DC4A4A5364CA543692AF7881104715FCE63F440D587
3717504816 43645 55656 CB0A192789C82DA0E985837520B6ADDDA39619E5C050759FB06DA236E2FA9E5D
3709967935 5467 59709 FB32CCD094C9D0FC9BFD2C2DD73934104FD5C1FF512F09BEFEBCD5B448F53558
3709731859 1944 55669 7C20F6CF1A09EEE4F40FE6F70B0F070213E4AE0B9599CF6348B0EAC781225457
3712135661 64054 21891 7C20F6CF1A09EEE4F40FE6F70B0F070213E4AE0B9599CF6348B0EAC781225457
3716325376 64061 39512 8252D3925901F764DCE372D7BEAAE64CA3373C5CAC8A86F2156E4B63044F670B
3720022608 37600 64886 7C20F6CF1A09EEE4F40FE6F70B0F070213E4AE0B9599CF6348B0EAC781225457
3714662064 31598 14374 7C20F6CF1A09EEE4F40FE6F70B0F070213E4AE0B9599CF6348B0EAC781225457
3718320580 27459 9163 FE477DA8A3CFE09705E38E9684C91FB1A0552D01213F2878E4E4E051440C8589
3710123851 7850 34527 7C20F6CF1A09EEE4F40FE6F70B0F070213E4AE0B9599CF6348B0EAC781225457
3719565326 17743 65229 70518A407296F7624341B1B7C5B72973B4B6F9C94BE620BCE5D6D387A42EF363
3717797387 47162 44675 7C20F6CF1A09EEE4F40FE6F70B0F070213E4AE0B9599CF6348B0EAC781225457
3719166826 25579 31630 1045D8F1C9128596D1D14DDF5296235F62766BF982E76E4EE6F76C74423D78CC
3712514579 32427 6701 0EEA674DF343474A02BFB0A9735E5DFF23BAB8D80FD521FD59570F3CE9C2CD16
3715353208 42144 9237 7C20F6CF1A09EEE4F40FE6F70B0F070213E4AE0B9599CF6348B0EAC781225457
3717812714 46768 35707 7C20F6CF1A09EEE4F40FE6F70B0F070213E4AE0B9599CF6348B0EAC781225457
3717567949 6918 38199 7C20F6CF1A09EEE4F40FE6F70B0F070213E4AE0B9599CF6348B0EAC781225457

Total of 0 tasks calculated error.
