Total of 100 tasks calculated correctly, accuracy 100.00% 
3791415230 35311 29720 CBA283790BCC2C84405B8A6488AAA315B1ED0CE510F5073E19E70C74383466D8
3790143306 45609 17952 0F8F6A2B9810872708BA9B42CCBF268F5E7BAC8674BF407981E9F552156DC32C
3792255105 51448 24180 7C20F6CF1A09EEE4F40FE6F70B0F070213E4AE0B9599CF6348B0EAC781225457
3790803176 21706 5001 7C20F6CF1A09EEE4F40FE6F70B0F070213E4AE0B9599CF6348B0EAC781225457
3786219613 7533 26274 4260E8B5488353391C7D190ABE23ADD89A851FE8CB472D51613FFC9BE48095AC
3784971240 8978 29988 7C20F6CF1A09EEE4F40FE6F70B0F070213E4AE0B9599CF6348B0EAC781225457
3792323562 17146 31674 7C20F6CF1A09EEE4F40FE6F70B0F070213E4AE0B9599CF6348B0EAC781225457
3783495240 51162 2476 7C20F6CF1A09EEE4F40FE6F70B0F070213E4AE0B9599CF6348B0EAC781225457
3783204263 32942 16750 7C20F6CF1A09EEE4F40FE6F70B0F070213E4AE0B9599CF6348B0EAC781225457
3781205025 20192 57542 7C20F6CF1A09EEE4F40FE6F70B0F070213E4AE0B9599CF6348B0EAC781225457
3791596236 45710 45607 7C20F6CF1A09EEE4F40FE6F70B0F070213E4AE0B9599CF6348B0EAC781225457
3782908543 20131 237 4A7A2BE13A2DC9E83380E5D70A9AE30A2D3E5A4C10F58A381D6BE0F9D1C99098
3782923323 1182 18132 7C20F6CF1A09EEE4F40FE6F70B0F070213E4AE0B9599CF6348B0EAC781225457
3790211233 27962 34375 7C20F6CF1A09EEE4F40FE6F70B0F070213E4AE0B9599CF6348B0EAC781225457
3783431200 20473 30104 4BDC9A303C5C41EC7008CABDB931D9D90DA87B5940BADAB18763F9D3607783B8
3785220568 15129 19447 CD923DB2A47124353E208F8DC7AAAD97D2968544EE34D08AB6AE7A5FCD245F81
3780617668 18064 31785 7C20F6CF1A09EEE4F40FE6F70B0F070213E4AE0B9599CF6348B0EAC781225457
3790228765 44348 49088 7C20F6CF1A09EEE4F40FE6F70B0F070213E4AE0B9599CF6348B0EAC781225457
3789643019 50639 26293 89D8ED7C5496C68034C906EB24C4A400021EEB08486213A326C24B8915AA725C
3787334039 21301 41264 AF84695EC37EEE628D6C1FFBBA70F0A35A5C84A0B10FD66DF69E4752B9FB034C
3783845209 27111 22444 A834117929D92EBD75075FD7EFAC0CBE7EBEFE65EE9C8D091959022EE0A8D37A
3780670958 43795 27476 967A906E19E44018BAFD1FE38B79ACE1CE6BD30BB43ABD121ACC275AA80B7DE8
3781137626 57556 47152 7C20F6CF1A09EEE4F40FE6F70B0F070213E4AE0B9599CF6348B0EAC781225457
3789398580 7110 1878 7C20F6CF1A09EEE4F40FE6F70B0F070213E4AE0B9599CF6348B0EAC781225457
3792216164 50946 17514 7C20F6CF1A09EEE4F40FE6F70B0F070213E4AE0B9599CF6348B0EAC781225457
3782124942 48668 16320 7C20F6CF1A09EEE4F40FE6F70B0F070213E4AE0B9599CF6348B0EAC781225457
3786091449 65015 50338 876133B41A7715297421F56AE1FDB6B00CEC01120678B2924D5BC9DAC122D1DC
3781445001 12349 3589 706B8BD8CA2E962232603DA0C6382C1A355E6FE1278DF36A3051FE774BD45EF5
3781432525 6581 24412 931F187631BB3CB86FA8E03748FC8DD22DA982190DE1D27310D0EDACBFFC7DB3
3785710754 34720 21914 7C20F6CF1A09EEE4F40FE6F70B0F070213E4AE0B9599CF6348B0EAC781225457
3786143400 58301 55700 90398F7B28368AC3B348FB318D98ADE11C26F378A553F71A7427CF59BD33109C
3792088664 62917 9508 F5375E438F812E6FBA2CC29B7C68E724DE0680F5094C8E4C70D927F8643A543B
3789105834 50043 30090 5D6D7E17415DBF3A9B276BCED5FEC88ABF48A0DCD6635B33D61FCC5CC66C2783
3789213282 64590 9211 7C20F6CF1A09EEE4F40FE6F70B0F070213E4AE0B9599CF6348B0EAC781225457
3780911244 32437 49868 325F23ED8EDBAF272A983D19B564DD9D08BCCE70101925A32B3FDE8BAD9B1412
3783024900 18231 15465 C808AC081E55B2619A914CFC742A5631CC4EC4CB739268FE66F85DAB0B897101
3792079617 30362 63953 7C20F6CF1A09EEE4F40FE6F70B0F070213E4AE0B9599CF6348B0EAC781225457
3789239286 3847 40130 592C669CBE6F75B06715A1FB90AAFE2E138FDCA76C775FA8D9B95AEC1F6DE8AF
3791234151 9103 56104 62C1A0F5AE8C4C21B38B238395BBD033AA86076A1E0E11436C1380FE13972151
3785887005 45760 62708 7C20F6CF1A09EEE4F40FE6F70B0F070213E4AE0B9599CF6348B0EAC781225457
3784830916 50582 29854 7C20F6CF1A09EEE4F40FE6F70B0F070213E4AE0B9599CF6348B0EAC781225457
3782803790 35525 9674 9F18947FB1885C0AC409B518D7913EF0C684D8E9DDF0F5554B18B46D8F7ABF23
3782979916 13396 42594 7C20F6CF1A09EEE4F40FE6F70B0F070213E4AE0B9599CF6348B0EAC781225457
3786422400 34393 7011 BB6FF85F5368D94AF7C4C78409FCEDB75A4A785D5C6CB070437A2B88C61AAB52
3790459676 5808 22183 7C20F6CF1A09EEE4F40FE6F70B0F070213E4AE0B9599CF6348B0EAC781225457
3789774891 48590 5759 7C20F6CF1A09EEE4F40FE6F70B0F070213E4AE0B9599CF6348B0EAC781225457
3786391659 3232 48387 7C20F6CF1A09EEE4F40FE6F70B0F070213E4AE0B9599CF6348B0EAC781225457
3785401654 51253 1424 E7973D02E5F7E37CF65AE8A133A43891AFC291C885E8945B6DF32FF60381592D
3788218195 39367 57646 18D5EB21A3B9A06C92C8B8B5D370C3499B86790C6103BC7B527F71B1AAEE98E5
3785047387 3440 37331 7C20F6CF1A09EEE4F40FE6F70B0F070213E4AE0B9599CF6348B0EAC781225457
3788383508 42894 7584 7C20F6CF1A09EEE4F40FE6F70B0F070213E4AE0B9599CF6348B0EAC781225457
3788280802 44370 51060 7C20F6CF1A09EEE4F40FE6F70B0F070213E4AE0B9599CF6348B0EAC781225457
3781651194 25707 46453 2A8712632FE4EAA7B679D01A279986DA5D43A1660C11185F5937CD04D711A85F
3790028920 16981 6520 19D4E71A76D18295B56E889FB84C341005A3BF7FCD42BD94488A06A1F2C261D4
3784850223 58289 16210 F2F37AD6E44A52D42D492EAB68B1FD92509B4DAA6692CD3F25B2EC4035B9B3E1
3785433909 14840 17543 7C20F6CF1A09EEE4F40FE6F70B0F070213E4AE0B9599CF6348B0EAC781225457
3783710800 60012 29378 7C20F6CF1A09EEE4F40FE6F70B0F070213E4AE0B9599CF6348B0EAC781225457
3790440342 61120 52012 7C20F6CF1A09EEE4F40FE6F70B0F070213E4AE0B9599CF6348B0EAC781225457
3783251073 27656 39321 7C20F6CF1A09EEE4F40FE6F70B0F070213E4AE0B9599CF6348B0EAC781225457
3792119351 16917 16274 099D1A9E0439A5C0A1228B19DD3F8CD611FACAC251B94CC60FDE14C4846A864F
3783215579 44289 5650 70227633CD738501A9851D512755A8A6902A1AE9C6DD61E21EDC7A44E872B2DC
3789594913 7701 6341 3EB715E1D43A0A63C67FCE8176D7B0F77BA3158F1FC01C1FDBEF04C7E90EB423
3781656280 11929 29359 2415FD28860742DED362BBDF3AE4847DC811E4D2EE8110FC0BE1F66C1E5F94AF
3782589033 57696 64664 7C20F6CF1A09EEE4F40FE6F70B0F070213E4AE0B9599CF6348B0EAC781225457
3790518067 24683 50125 E25E67DB82B7625903E093A8532D385A9B5B78AC9E264B755726A0F2589D45E8
3787139564 6443 60479 1D3DC844D703D96A6392E03A7DB53008E422C96156BCDBED6146A6B4672A8256
3782884600 12488 8797 7C20F6CF1A09EEE4F40FE6F70B0F070213E4AE0B9599CF6348B0EAC781225457
3784057617 26168 47721 7C20F6CF1A09EEE4F40FE6F70B0F070213E4AE0B9599CF6348B0EAC781225457
3789661954 16565 38721 4CEA08318C890FA397D2A127BF1974F49D5E11F47087C08F0945F75854487C35
3789694600 12368 27829 7C20F6CF1A09EEE4F40FE6F70B0F070213E4AE0B9599CF6348B0EAC781225457
3791713159 52454 626 7C20F6CF1A09EEE4F40FE6F70B0F070213E4AE0B9599CF6348B0EAC781225457
3782185507 63672 31037 7C20F6CF1A09EEE4F40FE6F70B0F070213E4AE0B9599CF6348B0EAC781225457
3788415569 19097 23662 FEB7F7583A9D82430BF51B9373EDC3876E7B5D73771EF5CA4E5853822E6AAA93
3781402354 36167 50690 ECA01049DB37298C1B6B09A11EC3875DE07D72610F8D94C4455DAF0E27816B05
3785863591 49885 883 8312033A1D3C4180EB91CCA4FECCE0B1FDEC9B313542D9BA59DCB922F010A751
3791492660 41332 60897 7C20F6CF1A09EEE4F40FE6F70B0F070213E4AE0B9599CF6348B0EAC781225457
3789492515 31659 62634 DC14547625C054C6113C00FD469C5EF517ACB4C81EA5D290A8E8B68E9E45847E
3790313003 36847 9070 4E75CF1190742B31C101E318D23EB4794BAF0FAEAF1EDAC57106E26A3F2BC6A8
3782046495 19815 32866 0FD62DB38176157D8C20489E44DF3295EA4531D3BF0B2BC6C67B95007A4CF408
3785248754 33295 38705 3BB62AFC0103C46A85C6BA24C12E0DD275483D865F46C10A501A908D64E35C5F
3792190616 50182 40780 7C20F6CF1A09EEE4F40FE6F70B0F070213E4AE0B9599CF6348B0EAC781225457
3780820314 1404 46173 7C20F6CF1A09EEE4F40FE6F70B0F070213E4AE0B9599CF6348B0EAC781225457
3783046749 22408 38816 7C20F6CF1A09EEE4F40FE6F70B0F070213E4AE0B9599CF6348B0EAC781225457
3783312464 38909 63477 2C0B1B331F6C416BBF6C3F6C0C08943A30DD9C565F50C964FCC251F05109B005
3787661199 63345 11133 7008AFBF524EA7208C96D5005D45AFFAEA67B9F35D10F85227303A63E5377E99
3789907659 43247 36045 782C9CADAE88320999D591A4FE90D2C1D5063920B97A650EDE339A14CEC75CB5
3782882088 34958 42432 7C20F6CF1A09EEE4F40FE6F70B0F070213E4AE0B9599CF6348B0EAC781225457
3783582814 61534 53161 7C20F6CF1A09EEE4F40FE6F70B0F070213E4AE0B9599CF6348B0EAC781225457
3781869415 38503 49633 B4CC62C20FA14F7C5B02DF857C1D57ED5077B989B01C77CC349CB1EF5AF81447
3788786031 54239 7263 A3670D8A2EE441FE4A9BE003C4BEF8BDC79BCD3F265ABB77562E78A628D2624A
3782954890 51334 53716 7C20F6CF1A09EEE4F40FE6F70B0F070213E4AE0B9599CF6348B0EAC781225457
3781284419 6594 48805 7C20F6CF1A09EEE4F40FE6F70B0F070213E4AE0B9599CF6348B0EAC781225457
3790678294 16704 53452 7C20F6CF1A09EEE4F40FE6F70B0F070213E4AE0B9599CF6348B0EAC781225457
3781933034 62486 12819 7C20F6CF1A09EEE4F40FE6F70B0F070213E4AE0B9599CF6348B0EAC781225457
3786766827 25930 57886 7C20F6CF1A09EEE4F40FE6F70B0F070213E4AE0B9599CF6348B0EAC781225457
3792185659 42188 60274 7C20F6CF1A09EEE4F40FE6F70B0F070213E4AE0B9599CF6348B0EAC781225457
3785401396 35844 1162 7C20F6CF1A09EEE4F40FE6F70B0F070213E4AE0B9599CF6348B0EAC781225457
3788789152 59366 12645 7C20F6CF1A09EEE4F40FE6F70B0F070213E4AE0B9599CF6348B0EAC781225457
3786801871 41528 23002 7C20F6CF1A09EEE4F40FE6F70B0F070213E4AE0B9599CF6348B0EAC781225457
3790065552 26772 14458 7C20F6CF1A09EEE4F40FE6F70B0F070213E4AE0B9599CF6348B0EAC781225457

Total of 0 tasks calculated error.
