Total of 100 tasks calculated correctly, accuracy 100.00% 
3844666280 15121 43199 8A0FE7A189215E88F7E173D096EAB878565AB6B0B4EEA77EE35AD3D8A8044060
3842740649 44137 64409 13D2756B4BE61409DB9BD0622C24A4A528C48D6ACFD6752C1582F99A87C2DA84
3843654041 1663 47698 245BA59948794564212AF2E5C74A65BFB06C4E27C8EBE07CD49FC4804753DD80
3848096455 22756 1282 7C20F6CF1A09EEE4F40FE6F70B0F070213E4AE0B9599CF6348B0EAC781225457
3844932404 59179 36769 29335A689C82AB3EF73A9761921A6516D45E56E3DEA793470359650E543A5734
3846028371 51462 34892 7C20F6CF1A09EEE4F40FE6F70B0F070213E4AE0B9599CF6348B0EAC781225457
3849787032 51037 34081 CD309D7F61D36D6B9E3B31E9D1D2567004DE8B4F32F6294F989E32109B28226F
3844863194 52872 42184 7C20F6CF1A09EEE4F40FE6F70B0F070213E4AE0B9599CF6348B0EAC781225457
3842089186 26354 4572 7C20F6CF1A09EEE4F40FE6F70B0F070213E4AE0B9599CF6348B0EAC781225457
3840912272 58682 45358 7C20F6CF1A09EEE4F40FE6F70B0F070213E4AE0B9599CF6348B0EAC781225457
3843925878 51188 3818 7C20F6CF1A09EEE4F40FE6F70B0F070213E4AE0B9599CF6348B0EAC781225457
3846033043 27710 16540 7C20F6CF1A09EEE4F40FE6F70B0F070213E4AE0B9599CF6348B0EAC781225457
3842154024 35227 17438 C5DE5A000B2977EB43F7C76660C9011C748F24E14FA172644080844B33CDE2AA
3851003628 48648 28953 7C20F6CF1A09EEE4F40FE6F70B0F070213E4AE0B9599CF6348B0EAC781225457
3846798951 328 23490 7C20F6CF1A09EEE4F40FE6F70B0F070213E4AE0B9599CF6348B0EAC781225457
3845250855 2942 41046 7C20F6CF1A09EEE4F40FE6F70B0F070213E4AE0B9599CF6348B0EAC781225457
3844726483 58139 42506 1848BC26953C8DD5FD1FCF79D99B9FCC115F2CA13AF247DE12C96C885930A785
3848885165 21354 33279 7C20F6CF1A09EEE4F40FE6F70B0F070213E4AE0B9599CF6348B0EAC781225457
3847134853 8529 65269 2A295B3CC3371D3EAFE649F0B5B93DE9C6DBC518AD1A92B131851288CBC990DA
3843808852 3489 48586 D843FB8E7CC59F64B5851FC75168FD156FF1CAB598C23153863515693FDEDC65
3846760002 3411 25009 29F42F8F47B3C6EE557CC7B0AFB3E4CBDCAD68DA1B19CD152A11126A7E6D0680
3844786053 10895 29929 C563F9E2AB3A320D3B45944B5FA5AD796DCDFF144FBEBE9D32BC9BADD0488900
3847115068 10812 35538 7C20F6CF1A09EEE4F40FE6F70B0F070213E4AE0B9599CF6348B0EAC781225457
3840604496 8541 26834 1AB2BAE0625FF33AD9CF7B3E3160AB20FCD4D7B77EEDFBE0CCD48F4E7BC77268
3848174703 51861 52933 9C5BC6AE3BEB3DA9B285CCA8FB6E1976D2348E4CD59BE447798D4EC054D3CADF
3844280374 7792 20910 7C20F6CF1A09EEE4F40FE6F70B0F070213E4AE0B9599CF6348B0EAC781225457
3846290188 675 39437 2B6AC772A50327F4C0997C6920773C483D4502CA31642FF8CD078F7B1C88A9B2
3852062292 8152 39336 7C20F6CF1A09EEE4F40FE6F70B0F070213E4AE0B9599CF6348B0EAC781225457
3842671352 14010 55354 7C20F6CF1A09EEE4F40FE6F70B0F070213E4AE0B9599CF6348B0EAC781225457
3845566903 49693 13251 10324C9BE335C0C3EA9F1DE3BCF93575018D9457DD1FD5B67CBFDE59C92E2927
3845284667 10148 58850 7C20F6CF1A09EEE4F40FE6F70B0F070213E4AE0B9599CF6348B0EAC781225457
3843572862 3456 28393 7C20F6CF1A09EEE4F40FE6F70B0F070213E4AE0B9599CF6348B0EAC781225457
3848232482 33202 24558 7C20F6CF1A09EEE4F40FE6F70B0F070213E4AE0B9599CF6348B0EAC781225457
3851762072 50841 22489 7DDEA0E42DC7AFAF0A5264DA9770813E5D9659E0FF1D9986D949CFA0F6180EA8
3846222683 48294 22408 7C20F6CF1A09EEE4F40FE6F70B0F070213E4AE0B9599CF6348B0EAC781225457
3845200004 16870 48741 7C20F6CF1A09EEE4F40FE6F70B0F070213E4AE0B9599CF6348B0EAC781225457
3843844824 24911 27164 6D78C22D2041EDC605590DE4F4D6B84C689D7851C158024FF1013701C58700CF
3851853739 13422 39969 7C20F6CF1A09EEE4F40FE6F70B0F070213E4AE0B9599CF6348B0EAC781225457
3850525155 35303 17497 ACB0B43DA5F0B0A9A483C582C5CC00CC90C435D2539DED3448AC4B71EB5173BF
3843983700 64777 18500 A63541DFA1091DFCDB9696653ADC1A3664BE2F640151522E40E6BEFE86ECF67F
3845141414 30026 45910 7C20F6CF1A09EEE4F40FE6F70B0F070213E4AE0B9599CF6348B0EAC781225457
3846970142 50621 11812 D14519CA3BAAB31D32AFC554FB90469614EE9E7692B4CF474B6966BB0AF24EC2
3845146867 31206 5619 7C20F6CF1A09EEE4F40FE6F70B0F070213E4AE0B9599CF6348B0EAC781225457
3847935365 61326 63991 7C20F6CF1A09EEE4F40FE6F70B0F070213E4AE0B9599CF6348B0EAC781225457
3849829211 30922 15152 7C20F6CF1A09EEE4F40FE6F70B0F070213E4AE0B9599CF6348B0EAC781225457
3847231721 60589 65498 1627D5BC46A289A15230B773FC8497AFB4AD547705ACF73392687DD7CD0F2722
3845889177 21703 44241 D3B253442684FE8C2A4A57F97F64B8FE72008B2DC1985CF683CA3C4454050DE8
3847132723 53817 61725 4ED916C99B0CDF6880DF3437BE0B110EF8C76C906CE4C9842318CBFA97C8605E
3843049250 41900 53872 7C20F6CF1A09EEE4F40FE6F70B0F070213E4AE0B9599CF6348B0EAC781225457
3844465391 58059 40876 222502E260BB3FA02DFB410929F4102184B81835A45BE81A18E1F34132229119
3840673390 43143 50335 957D21A6E39358BC5357019B62C25D4B609A3729FBC1A2D71FA58EE7AE51BFFD
3845858682 12859 35447 4ABCFC82089881A849D2BCE45668969F454E25C27276C7AE33BA47D85D8E6DC4
3846991305 4180 16643 7C20F6CF1A09EEE4F40FE6F70B0F070213E4AE0B9599CF6348B0EAC781225457
3844897834 59860 6641 7C20F6CF1A09EEE4F40FE6F70B0F070213E4AE0B9599CF6348B0EAC781225457
3842226587 26821 2985 FE74770A98F5E7143C8497AEF90C15645B903EF27F6EE95ACB829FD0D0790E1F
3843736607 58799 35277 4402803127F1B85195AB1961B19FCE996A65568DDF2F1542CF751C3C41A29BFE
3849322353 31148 2589 7C20F6CF1A09EEE4F40FE6F70B0F070213E4AE0B9599CF6348B0EAC781225457
3842285007 15900 65425 7C20F6CF1A09EEE4F40FE6F70B0F070213E4AE0B9599CF6348B0EAC781225457
3841831453 17959 10190 BB185DABB6335E21637AC00B299D64CF03EAE3D2F13ADF2C965827DB498E92F2
3846009553 27324 44773 7C20F6CF1A09EEE4F40FE6F70B0F070213E4AE0B9599CF6348B0EAC781225457
3844859208 33700 45893 7C20F6CF1A09EEE4F40FE6F70B0F070213E4AE0B9599CF6348B0EAC781225457
3850995050 27756 5391 7C20F6CF1A09EEE4F40FE6F70B0F070213E4AE0B9599CF6348B0EAC781225457
3846832543 59568 45928 7C20F6CF1A09EEE4F40FE6F70B0F070213E4AE0B9599CF6348B0EAC781225457
3847092032 39151 6484 12A1FC4D261BC17818AF75338DA2E1FFFF83874D6D1044E1AF508C24E2C1DA86
3847096361 28731 10859 2DD6679EB315D346C8F1CF41F49CB2EC7594D8FB902634B46DF713F1ED9CC797
3842582544 62888 650 7C20F6CF1A09EEE4F40FE6F70B0F070213E4AE0B9599CF6348B0EAC781225457
3848556618 49657 42538 0E43B26749A5AE7AF19CF3E295BE7D98CF43B06FBCC79C19B68A13E2E4AC9187
3844750622 48343 28511 FE7D4E724E30E2E7608A858AFC6301E791E61055AFAB17B2AA221CFBCA36FAA5
3845831639 41709 19781 31601AF3B80DFBA25D6C51EEBAF883A26A5EF7FFD7621A22B43B418EA88FE196
3842934170 14500 39545 7C20F6CF1A09EEE4F40FE6F70B0F070213E4AE0B9599CF6348B0EAC781225457
3846779860 29833 10842 5B62D475941260759415A458CF80333EAFE0C258409BDC8240570C63E1C0AE15
3845758260 54898 34675 7C20F6CF1A09EEE4F40FE6F70B0F070213E4AE0B9599CF6348B0EAC781225457
3851861913 51202 61529 7C20F6CF1A09EEE4F40FE6F70B0F070213E4AE0B9599CF6348B0EAC781225457
3844920385 27957 63263 202E840DD497A1E27392F3AEA0DE33BD02179F07FE0C80EFEB30319FE9EB426E
3840694702 34936 39505 7C20F6CF1A09EEE4F40FE6F70B0F070213E4AE0B9599CF6348B0EAC781225457
3850224178 48149 9527 DA2D074C2AC50BC5CF56B50B855052FBDBDD42260C6BA3D0DE2B623D4316D494
3843776750 30448 38025 7C20F6CF1A09EEE4F40FE6F70B0F070213E4AE0B9599CF6348B0EAC781225457
3848236257 8626 54768 7C20F6CF1A09EEE4F40FE6F70B0F070213E4AE0B9599CF6348B0EAC781225457
3847211892 40688 39204 7C20F6CF1A09EEE4F40FE6F70B0F070213E4AE0B9599CF6348B0EAC781225457
3843597382 6328 28586 7C20F6CF1A09EEE4F40FE6F70B0F070213E4AE0B9599CF6348B0EAC781225457
3851256486 49793 60780 AF50BE67AA24A43E82C9E3FA9407F8A9B324B8249200F4DA3D7B5F537C289E85
3849849807 31805 53819 3AAE1639DAAFCC6E497518D4DBB147138108F6F963FCAD2FF2C95B1AAA37D69F
3841677834 10507 43038 1CC30CEE51B16C998AD8E039E8CDDB1358571BBB25D3197DFA921F5F3A81F945
3851434081 53222 44871 7C20F6CF1A09EEE4F40FE6F70B0F070213E4AE0B9599CF6348B0EAC781225457
3845478509 29590 40215 7C20F6CF1A09EEE4F40FE6F70B0F070213E4AE0B9599CF6348B0EAC781225457
3848434149 54523 35222 B24F63D9145A711B246836C826CFAFE89C6A57E86CDBA6FB8F6A50A8A323F678
3841700414 58878 10761 7C20F6CF1A09EEE4F40FE6F70B0F070213E4AE0B9599CF6348B0EAC781225457
3849571180 31302 47072 7C20F6CF1A09EEE4F40FE6F70B0F070213E4AE0B9599CF6348B0EAC781225457
3848022918 55419 47141 F59B5B1B3971B188B25134ADC6907DD0F5D8297F7A615FA4D700B3E4F8215D23
3846417883 58892 21062 7C20F6CF1A09EEE4F40FE6F70B0F070213E4AE0B9599CF6348B0EAC781225457
3849722822 17456 13637 7C20F6CF1A09EEE4F40FE6F70B0F070213E4AE0B9599CF6348B0EAC781225457
3842266532 30054 22480 7C20F6CF1A09EEE4F40FE6F70B0F070213E4AE0B9599CF6348B0EAC781225457
3850058140 13652 57825 7C20F6CF1A09EEE4F40FE6F70B0F070213E4AE0B9599CF6348B0EAC781225457
3840654779 33782 46597 7C20F6CF1A09EEE4F40FE6F70B0F070213E4AE0B9599CF6348B0EAC781225457
3840688589 2663 3849 42422619E19F772A75B6091930011DE6A6F5FF39738D9DB58AACC884583DC0FC
3847981148 31848 31211 7C20F6CF1A09EEE4F40FE6F70B0F070213E4AE0B9599CF6348B0EAC781225457
3841389060 48619 5064 3164A77AF0FE3FE9FA5ADA3E0ADCAB1E729F6367BE7F495DAE8BC91BCDBFB2CD
3847832583 55597 38418 F3434E77FAAD53512D48DA6C3DFD8596B57E4EBC752CC5BE175FBE1ED7DD991B
3843401733 20235 61136 1A27BB6159EEE162F716632E160F2A098DCAC9CA11BDC8D58DACA42482E5F82D
3844293651 49503 25143 AE0FA94025B64107324150D28DF95C4591EFD1AB5D4CD3C2C30206E4F993A9E0

Total of 0 tasks calculated error.
