Total of 100 tasks calculated correctly, accuracy 100.00% 
3864191614 13288 55680 7C20F6CF1A09EEE4F40FE6F70B0F070213E4AE0B9599CF6348B0EAC781225457
3856501207 21768 44276 7C20F6CF1A09EEE4F40FE6F70B0F070213E4AE0B9599CF6348B0EAC781225457
3854488046 8861 24778 99716A8AA80BE2BBFE597972F154393B9B2698BDA1012F1536D2B5F6D1619166
3853960816 58535 9111 262679C83961CE5BEC4332E9C0D9B2F5A1CA8597FACF79D6DB47C43A44F5EC18
3859168113 42347 13923 32A9B90EFF4A89D59D152BA80B7FAE632CE91E86D4755A271761D85444929F91
3854191414 6977 65008 D9711E2D7F7163A3688699DEA4B0B1E4F0DD250B5248D4377DC5F81ED44DB069
3857321817 49717 18317 71A7E2436E0B414595267E9B58A8A90D0063EADEDFD4E9FE44DF2C0E6CFF53CB
3854195147 22585 31718 6F6076AF6234C03FC9B7EE6CC674A67C06DA7291BD03BE127FB352BEAAC9E1C8
3852627800 10806 59368 7C20F6CF1A09EEE4F40FE6F70B0F070213E4AE0B9599CF6348B0EAC781225457
3855881320 33209 32717 97731D93990534D0A20C6970BBE31DCB42AB224DBBD592EF5B7794EFBE3BA83A
3856261123 401 63279 05ED4963DB60A914D49E5F087E95B9F3A91DE6B2C10F2884360026D192433C17
3855476456 983 12492 32CD2FD665EBB037F43747A9AC2596783DAB88E9BD8F680BAC1C01C5A6085DE9
3858283692 4397 16885 3EEDF334E336AD3B50E5F5F9F452D5E92D03974B423D2C83A5A4285E8311A69B
3858311512 17819 33663 D9DF336754FC89E9A0294E9CEB04A33912915F5B3549DD6FFBC04F27ED69FD12
3854275009 60170 47501 7C20F6CF1A09EEE4F40FE6F70B0F070213E4AE0B9599CF6348B0EAC781225457
3856921498 36921 21157 D362D2E4A8025BD5A43669AF7D29B0A32D3FDE834B109B5F7EA60A753D32EB18
3858550072 42308 2545 7C20F6CF1A09EEE4F40FE6F70B0F070213E4AE0B9599CF6348B0EAC781225457
3859414073 61488 37516 7C20F6CF1A09EEE4F40FE6F70B0F070213E4AE0B9599CF6348B0EAC781225457
3862240956 42811 8855 E7FE089ECCE74A93E99A7E24C45A6D03CDF6C5C530DD79197ADF246C343B7611
3858779618 36075 27771 8A7ABE55F1D344C2C971FCACEE0CCEBC6B4F9203AEB76A75DD07725398B3EEA3
3862908267 10539 58184 EE275BD143A88248AEC491EEF27DC1E1A64C509ADAB78F0D45A26390B4176888
3861066084 54045 58279 417212751121D8031B9FBCA1C429028FB3DDA520038ECB3C91C6B7DBE8D30501
3862532343 48567 16182 9DEF5492CC02EEC42DEE1A68760570BD0E94F909AA8C5BD31F21B3186EEBDACE
3862109056 54413 58698 00B250B5BEB86239CF71B4414155B16BE0950CD495148FB8ADB04900AE59512F
3854294465 4938 3511 7C20F6CF1A09EEE4F40FE6F70B0F070213E4AE0B9599CF6348B0EAC781225457
3864283582 25801 10484 EC2230CEB37AB2A82D98CB896EC00346825253A7F012DA428882BB9DEA779031
3863086712 31020 12824 7C20F6CF1A09EEE4F40FE6F70B0F070213E4AE0B9599CF6348B0EAC781225457
3863792074 26549 34784 D00040CEB56590F3DDBAEC4424061FBAADBB1D99F52F9BAE0CCA498D80ECBBE1
3863523259 21711 5456 218AB871DC19854187446E0B0F29BEE5EB822D0B8FDCE76548C0ECE5D4BEF8FB
3853878576 36774 48147 7C20F6CF1A09EEE4F40FE6F70B0F070213E4AE0B9599CF6348B0EAC781225457
3852770859 44782 60067 7C20F6CF1A09EEE4F40FE6F70B0F070213E4AE0B9599CF6348B0EAC781225457
3853880872 7652 41681 7C20F6CF1A09EEE4F40FE6F70B0F070213E4AE0B9599CF6348B0EAC781225457
3853613564 17728 54335 7C20F6CF1A09EEE4F40FE6F70B0F070213E4AE0B9599CF6348B0EAC781225457
3858255953 13649 59542 5EF2EA97E38E9052EEAE829C549A686058F6D86131C6C805B83CCF837CCB1DF4
3858850664 11547 35332 75EF40EA6A929402068CEF307D5E626FCA212A9F2552CE406D05EFF5F92BA198
3862689682 48777 54366 61B5FB70308C7CB8AE805ED065654EA0E31293E419D0E82597A6D712288CD227
3856938692 10297 25451 304BD2DCBC775CBB42C9F541BF4C77D6AFED77ABC82680E0B712EF1E36367D63
3857169439 12212 26411 7C20F6CF1A09EEE4F40FE6F70B0F070213E4AE0B9599CF6348B0EAC781225457
3858836274 45794 22950 7C20F6CF1A09EEE4F40FE6F70B0F070213E4AE0B9599CF6348B0EAC781225457
3862471641 53917 23007 AC49E9A567A83CDEF63DEAAC88DE1C0C9BB724235AF243DA2FC99FA6DCCDD944
3862432907 21072 38653 7C20F6CF1A09EEE4F40FE6F70B0F070213E4AE0B9599CF6348B0EAC781225457
3863318621 10095 450 002D0249F11E6F13C401089496D8215C8101885F15AC18E6E04E879F8C23D4EB
3854278387 62024 51378 7C20F6CF1A09EEE4F40FE6F70B0F070213E4AE0B9599CF6348B0EAC781225457
3863744886 29939 21981 2835B3DBFD57D22289F4FD721EE585634B5340B76E04C3DBFB340399F2B7BDDF
3864278528 4911 11837 418DDE9DC450DAB8DB168C8DF126C70C7844DA2F5FD14D610992AE96E5024BAD
3854317105 36202 26060 7C20F6CF1A09EEE4F40FE6F70B0F070213E4AE0B9599CF6348B0EAC781225457
3861569707 28437 43793 64D47CF11E06DDFC01B6CCE485E67F43E139642ADBD412C6A65C9F0E394C61C3
3856265001 25361 52385 1109E4D07F85E9B0063825135C9ECE0AE6194FD015C7536D6CF457028149D140
3857751292 49564 5135 7C20F6CF1A09EEE4F40FE6F70B0F070213E4AE0B9599CF6348B0EAC781225457
3863194994 29141 18330 7D6878AE5D4FFBC541377C6F014D61EC4CE0F97975D9DDDCF08D5134496C1315
3860190851 50905 59192 A97BA654C977822F39CC0CB9FE41F07EBA98189161465FDFDC12818C15963CBB
3857947619 54419 44785 9CE9B9C289272EA4DE47BA1FF662F6DB25E22BC6373F229C55697F27F36376E0
3862562144 23510 32056 7C20F6CF1A09EEE4F40FE6F70B0F070213E4AE0B9599CF6348B0EAC781225457
3860128315 39263 12195 BA1D14D79327FBE42B1B967C2801C16A4EC792E6E3D3EA2C18ABEFA608094A20
3855033215 44812 6533 7C20F6CF1A09EEE4F40FE6F70B0F070213E4AE0B9599CF6348B0EAC781225457
3853835092 46461 47134 14A192B50EB7D223EFA9BFAB85E9A605D6080A164109EBDA06189121E141F7E8
3864053633 55708 3709 7C20F6CF1A09EEE4F40FE6F70B0F070213E4AE0B9599CF6348B0EAC781225457
3859109340 21393 11120 82CEF3B092FE4C1EE35471BB31419114CB88D033A44E472AB09F69C7E6816B11
3861584482 50734 40062 7C20F6CF1A09EEE4F40FE6F70B0F070213E4AE0B9599CF6348B0EAC781225457
3863068634 14151 18464 626A09E1E5A44B17E22734DDEA79E80D4D1F3E850B68AF7681606CE1A1B9C421
3853838546 3963 50118 5A8E9CD81AE4FA310A28ED81C108DD3438CE2708F270566EA199DF492F302C15
3857441742 61762 33187 7C20F6CF1A09EEE4F40FE6F70B0F070213E4AE0B9599CF6348B0EAC781225457
3855332537 23888 59463 7C20F6CF1A09EEE4F40FE6F70B0F070213E4AE0B9599CF6348B0EAC781225457
3864223528 31738 35245 7C20F6CF1A09EEE4F40FE6F70B0F070213E4AE0B9599CF6348B0EAC781225457
3854442492 4943 63000 C54E852D014E7644C559510FEFBE9427F48CE32C113B1B6D2874B45A593E287A
3855863535 30013 40609 804FAF3F6A23BA429C4CD294BF9F944A7454A79A31A9287F23AA58341A3CF311
3859039387 39317 17351 45E040F8FE970D772E6E2163BBDF2BA7295C3797B52FBDF389B8087B2A21EBA0
3862246518 20694 60488 7C20F6CF1A09EEE4F40FE6F70B0F070213E4AE0B9599CF6348B0EAC781225457
3862166045 51290 3356 7C20F6CF1A09EEE4F40FE6F70B0F070213E4AE0B9599CF6348B0EAC781225457
3859853691 46068 11143 7C20F6CF1A09EEE4F40FE6F70B0F070213E4AE0B9599CF6348B0EAC781225457
3858775645 11232 52513 7C20F6CF1A09EEE4F40FE6F70B0F070213E4AE0B9599CF6348B0EAC781225457
3853892180 60547 51720 A403E698BC8F7BD6E7C49441CD28321EDEC64D453D9025DC0763BB5112878CA3
3853275039 10256 19379 7C20F6CF1A09EEE4F40FE6F70B0F070213E4AE0B9599CF6348B0EAC781225457
3857812053 5953 22025 F3BA2B9B118A9BD0B148DC1F0ACB327FF116632473B702E2C1E05BCEDDEBE201
3860773104 13492 1171 7C20F6CF1A09EEE4F40FE6F70B0F070213E4AE0B9599CF6348B0EAC781225457
3856358749 56218 41786 7C20F6CF1A09EEE4F40FE6F70B0F070213E4AE0B9599CF6348B0EAC781225457
3854331989 961 42367 CB928BCD39BC573DD6C945352ADB7F19296ABF630371EB14BEF9FA0E89656A3A
3859776521 32684 53673 7C20F6CF1A09EEE4F40FE6F70B0F070213E4AE0B9599CF6348B0EAC781225457
3862619095 1235 61782 70EFBB46258AB3068E1195505696D445067979DABAACFCFECAEEE90D7F335CFA
3860564909 53873 48380 5C5A106BC4F583CC2D91673562D1C22A2F4552CBB54DF17CCB7B884CDBA24300
3853822014 63018 25665 7C20F6CF1A09EEE4F40FE6F70B0F070213E4AE0B9599CF6348B0EAC781225457
3856297735 12209 56703 27FB6DDA30F371FD6392F2C03C3D23362F4AD73F8D0B2A68ED611A36FD341265
3858248992 57204 55071 7C20F6CF1A09EEE4F40FE6F70B0F070213E4AE0B9599CF6348B0EAC781225457
3854758474 64643 60329 48F67714CD93BF7DCE739B9B5C7016595CD7BF2514EA9D32E346D030500EB651
3858983005 39950 2858 7C20F6CF1A09EEE4F40FE6F70B0F070213E4AE0B9599CF6348B0EAC781225457
3854341758 17759 22892 641FAB4EB5F47F0B64A78DFAAE76A7E9EB6731373A58280ED23FB2FEC6D1FAF4
3863365905 49475 8226 5C7C5664B6797216957DEF303642A7EEBB6D5AB9548922B43963B28180442837
3860956824 35042 11056 7C20F6CF1A09EEE4F40FE6F70B0F070213E4AE0B9599CF6348B0EAC781225457
3862565183 1229 56381 C471D57C95E361C4531EF8915F70D72F048129E4287842403C30029FFB08737E
3855148526 43323 32305 B939F6007DF7DEC629AD6C89D478A1F02364E4430919346FB2F83D0C98A0BE25
3860740099 64651 13887 D1D098D915AFDF7707AEDD078CFC9DA305AB3E9032A3C4E6E7D2EF6193C0A09E
3856355161 42855 52738 BF4BB96D2357C4FD63FA1A369A4147A6926726B9E14B4DBDBD70EC84AB5C992F
3862655226 17519 54421 ACB45F3492BDD09D71B72B961E432F5B7BB2A3311C9A59C5F4F3E2BA4BD2418F
3859148508 60158 49866 7C20F6CF1A09EEE4F40FE6F70B0F070213E4AE0B9599CF6348B0EAC781225457
3862063904 37670 13422 7C20F6CF1A09EEE4F40FE6F70B0F070213E4AE0B9599CF6348B0EAC781225457
3859635977 29507 9568 325B9A6807108B373CB82DCA3255C1970CC1FB03F95216612772E5FDBF7118AD
3857228994 14902 11087 7C20F6CF1A09EEE4F40FE6F70B0F070213E4AE0B9599CF6348B0EAC781225457
3859147711 58968 59322 7C20F6CF1A09EEE4F40FE6F70B0F070213E4AE0B9599CF6348B0EAC781225457
3853138894 37462 38395 7C20F6CF1A09EEE4F40FE6F70B0F070213E4AE0B9599CF6348B0EAC781225457
3860931057 21175 2228 6F646CA0DB33CEA348EFF94F59E659A1639557605A1F70D248120D99D0B5A815

Total of 0 tasks calculated error.
