Total of 100 tasks calculated correctly, accuracy 100.00% 
3875003840 46211 32122 3D92D7F33E2BB4543187641CFEF1E5369B2CA744B2332DC6576FAF024A748AA4
3871460125 57163 26667 97844E50D781A0FAD4F50833A9E50C6C02186075311438956C896A37BE378FD0
3868454921 20961 41807 A48A1872E43DED950799463A1110A865F7889DA5B8E58AFEC66BE2BD7E790619
3866152308 65191 49488 946604C0035DE8384A9FF1FEECB0498793FB987E12C48759296C85784665E8CA
3868159215 55957 32948 59018EF7C501AF565D8D50ABF384FD1B2DE6D77958B496A0E4A7E3E56242482B
3869023199 12556 2976 7C20F6CF1A09EEE4F40FE6F70B0F070213E4AE0B9599CF6348B0EAC781225457
3869680806 31163 9563 4B409ECA64D812830EA4E9829D2ECC90997916522E1ADEB15B4192B6694F42DE
3866622377 17035 34008 1B09DC00BBC236759F6927F25B0C9AD010B3C1E54C55125840051110C70F3A05
3875744233 44033 15374 E77D07DBBCFA2EEA6CF286EFAA593F09860C674A5A9E2622740730E6EA741194
3871976077 63732 55012 7C20F6CF1A09EEE4F40FE6F70B0F070213E4AE0B9599CF6348B0EAC781225457
3866832165 38334 27839 7C20F6CF1A09EEE4F40FE6F70B0F070213E4AE0B9599CF6348B0EAC781225457
3871997719 38591 6291 298A83D8B57A9502DE1D06DA148D2892BF2AF7F15103FBBB4D2FBD4D322B5E56
3876262599 51259 36563 D2110319857BA868FA39A870BB90A4FBFF1922409A843677BBEA63A26E7645C2
3867698508 61284 52321 7C20F6CF1A09EEE4F40FE6F70B0F070213E4AE0B9599CF6348B0EAC781225457
3864905393 52138 5473 7C20F6CF1A09EEE4F40FE6F70B0F070213E4AE0B9599CF6348B0EAC781225457
3869090077 27231 53481 21DEE77D744BE00469C85DE59F8F43D5E51FD3E8DC078D98CD9C882DADB7AF85
3874804664 2351 62022 1CCE013E247F8B1E343880DA20566C6A773E2D3FAB7EB648ED03B2D33C8B55BD
3865980926 22231 54843 5374289EBAC905C6F7442999A861C0E7D689DAA0931555BD40118B8475DD3874
3866030748 127 41196 A615D97D0A5829E4D26A73DEC4C5A725E16E1C538B3494552818785E3D9D2401
3871169733 10994 52130 7C20F6CF1A09EEE4F40FE6F70B0F070213E4AE0B9599CF6348B0EAC781225457
3874973648 48624 58873 7C20F6CF1A09EEE4F40FE6F70B0F070213E4AE0B9599CF6348B0EAC781225457
3869480853 15813 1676 57BF827FF6C44DA2A7E01F5F043505AC24D5E03984BB84DC3087598908FD0755
3867125245 45001 7104 92BF56D7E53C6335FF01B749F912401759C6C3B6874BCB34E1CB67CF30855032
3866263027 9670 30422 7C20F6CF1A09EEE4F40FE6F70B0F070213E4AE0B9599CF6348B0EAC781225457
3872995965 6909 55151 4C4FF89AAF7CD0B25A8830B9A29A03EA7AE021DDA3966FE0202ED11310D06835
3870221856 48854 15088 7C20F6CF1A09EEE4F40FE6F70B0F070213E4AE0B9599CF6348B0EAC781225457
3874441391 12579 41427 6AF45DEA22FF20D9C7DE09D9366BE097BFE6FC3CB045019AC1F8419409D79379
3871405594 55759 61742 C512713DB4A66BF5A195CA1BA4455F3FDC6F10DA57336E80EC29216941895CD8
3867865044 40005 47056 3D3A5FCE016BEF312ED4C73E27CC3C605908C71C1480594EE0712A83E5CC90E4
3871426486 6569 44278 943CC9D74B7D5CAF99421ED5143E5F0DBFEA6F837D87D8E48E74FB73B2D879B8
3874891644 55690 44586 7C20F6CF1A09EEE4F40FE6F70B0F070213E4AE0B9599CF6348B0EAC781225457
3867798900 44091 60096 D05F6B2BC9F2A836D947AEE33F636C78AE31896EE97844ED7BC5F95E1BD3CE6E
3867549950 8648 44681 7C20F6CF1A09EEE4F40FE6F70B0F070213E4AE0B9599CF6348B0EAC781225457
3870697018 21256 63971 7C20F6CF1A09EEE4F40FE6F70B0F070213E4AE0B9599CF6348B0EAC781225457
3867001038 33363 22987 3B2F1ABFCF8CE5BCF3B8558925A642CEE068D115AF189D0D623A64999B1E8AA0
3866556449 27433 10079 3377E49FB3D623901B3E8E597C48718D8CC380B307E91E8FC4FBF85212B49878
3873528076 24113 29540 282DD8528B5C9F5FCB52DA20E6296A4E067B608A08FF04A6D7ED1DCF69C14459
3868106224 39345 56121 B7D0B5595800C6956CB061CFFC57797DCD0CD475D80D54BFE0DADAA1145FE691
3870837075 57989 34416 AA96F65BFFCE15975C3D339E45630F32987F32BD82A23EADD0C60677E212D84B
3876023641 55303 41091 777D6E46345B700322AF5D52CBAC3B93CCA7D5E271933471FB5B2C7A77BE1465
3870151907 20780 33971 7C20F6CF1A09EEE4F40FE6F70B0F070213E4AE0B9599CF6348B0EAC781225457
3871398172 63876 2367 7C20F6CF1A09EEE4F40FE6F70B0F070213E4AE0B9599CF6348B0EAC781225457
3870259184 25153 34204 CF9E2CABA2C210130D2CCAA8F24FEB4FD2A4699E2C86B05D724A26C36BBCBEBA
3866892430 19344 9725 7C20F6CF1A09EEE4F40FE6F70B0F070213E4AE0B9599CF6348B0EAC781225457
3871773446 54185 19039 42B5CCC1E09C4C8F62D8F2A894578EB58E75F0B7A25F246665B7AE39F1DDD661
3871434013 59113 12626 F3FFB3712DBFEC2E7BBD16868163A63C0E2D6B6F6C471C22C4E946E6E37A0F1F
3870393381 62410 44945 7C20F6CF1A09EEE4F40FE6F70B0F070213E4AE0B9599CF6348B0EAC781225457
3872801522 14551 60097 38D1105151BB84B329FAC2DD1F3E482E4A4444992F40618B849D2212B721ED98
3872396270 60633 52736 ACA0F432525C71390C884E9FF36345C36DF43BC984B78D626C5DED640F53016C
3874284967 53170 16475 7C20F6CF1A09EEE4F40FE6F70B0F070213E4AE0B9599CF6348B0EAC781225457
3868008492 20605 61530 B0E9DC824AE16D8CA9BB6259CCFC8C7A27D175DF7932CBB4DCFF33CCCA920371
3865843182 37122 46745 7C20F6CF1A09EEE4F40FE6F70B0F070213E4AE0B9599CF6348B0EAC781225457
3868258382 20369 19913 605C1F40608D74D3C4A68D70F496F2A07D22C0C1B0E696520C20ABEE2B3EA642
3873566774 51344 32539 7C20F6CF1A09EEE4F40FE6F70B0F070213E4AE0B9599CF6348B0EAC781225457
3870603508 39081 8736 F7903FC949F5D2706E843E35C4023BA5F59C1A65C8E850084756CE2724D7ADA9
3867056248 27945 52456 16473CFED3C483539F85908337FD7D3490FE4CB4A7E096DA588C6814000607E0
3868825370 27474 41684 7C20F6CF1A09EEE4F40FE6F70B0F070213E4AE0B9599CF6348B0EAC781225457
3874734960 25283 30411 2B35C549DDB23FC3FEB0DE7D981E6C42EDBA3A582022B5F795165A0D515F094C
3866477800 12776 23387 7C20F6CF1A09EEE4F40FE6F70B0F070213E4AE0B9599CF6348B0EAC781225457
3868081475 55074 2006 7C20F6CF1A09EEE4F40FE6F70B0F070213E4AE0B9599CF6348B0EAC781225457
3866794677 12731 48867 BDF25247D5A926B4C6FC0BE2948B6C7C3D9E0FCE0B577F9447D87A46FE09C40F
3865712872 29410 59576 7C20F6CF1A09EEE4F40FE6F70B0F070213E4AE0B9599CF6348B0EAC781225457
3872107401 50308 10025 7C20F6CF1A09EEE4F40FE6F70B0F070213E4AE0B9599CF6348B0EAC781225457
3868128214 24923 38379 9724CAB49945CE5C9C10168F6FB2E5FCCF51B9ED96EB4A22EE6BA8E3DD82F679
3874121805 44096 44044 7C20F6CF1A09EEE4F40FE6F70B0F070213E4AE0B9599CF6348B0EAC781225457
3870367607 20023 26697 4803ED85833ECAE8348AC52C67CFED4781539AD590FFCD120392AF5836ABAC95
3874084357 35129 45740 039C35A9678AFDCDFA268E59178D71D99CDAA17A28314EA554CD69E1AE4ABDBE
3871903250 16525 35595 B2A244817BD7CA8E45143D86BAD2D984AED01D7FB8996C5325116F04AC7DDA10
3867588060 41808 28231 7C20F6CF1A09EEE4F40FE6F70B0F070213E4AE0B9599CF6348B0EAC781225457
3875304567 27236 4968 7C20F6CF1A09EEE4F40FE6F70B0F070213E4AE0B9599CF6348B0EAC781225457
3874474010 63351 63680 B934D093A5C98A7D87C7D96228C506890A093ECD658003A45AF72915EC289723
3869574540 24674 12941 7C20F6CF1A09EEE4F40FE6F70B0F070213E4AE0B9599CF6348B0EAC781225457
3870361314 15651 47533 E4779098EEF310BB6A677F3522C10A787EE9BB2428445C19C17243378A315168
3870163440 59448 321 7C20F6CF1A09EEE4F40FE6F70B0F070213E4AE0B9599CF6348B0EAC781225457
3875406405 31077 32374 167A480998FF70D20F4A4D3F48B1C279EBBE43A1E0CB985638CDF404701C4AFE
3868188986 42563 58922 3FC0EC988D7734E1B03FD0339C0249F8A050F705041C2D41336544C268DF0AF9
3874637521 20153 41777 9F8B0EE11AE98871D06878BAEF9CB29FCA5FB61010807E691D6CF15E011783F9
3874695008 3544 35456 7C20F6CF1A09EEE4F40FE6F70B0F070213E4AE0B9599CF6348B0EAC781225457
3865257777 34330 44236 7C20F6CF1A09EEE4F40FE6F70B0F070213E4AE0B9599CF6348B0EAC781225457
3868751613 38606 4045 7C20F6CF1A09EEE4F40FE6F70B0F070213E4AE0B9599CF6348B0EAC781225457
3868578787 34546 21909 7C20F6CF1A09EEE4F40FE6F70B0F070213E4AE0B9599CF6348B0EAC781225457
3876316042 41328 28417 7C20F6CF1A09EEE4F40FE6F70B0F070213E4AE0B9599CF6348B0EAC781225457
3868828055 144 44741 7C20F6CF1A09EEE4F40FE6F70B0F070213E4AE0B9599CF6348B0EAC781225457
3870882764 31738 55404 7C20F6CF1A09EEE4F40FE6F70B0F070213E4AE0B9599CF6348B0EAC781225457
3868189211 40174 18821 7C20F6CF1A09EEE4F40FE6F70B0F070213E4AE0B9599CF6348B0EAC781225457
3868812499 21221 33625 D1D9B75B8BFFBBD4AA442F412F74CF3EADF91DDFBB65997941ED7BB87DFC89A8
3876059396 27126 35158 7C20F6CF1A09EEE4F40FE6F70B0F070213E4AE0B9599CF6348B0EAC781225457
3873893051 7797 33404 D4670CF0A6ECEC7839C66F47E68D3B1A2755A971754CC4EF86B7AF55F7395242
3875562090 64876 3811 7C20F6CF1A09EEE4F40FE6F70B0F070213E4AE0B9599CF6348B0EAC781225457
3871603467 13648 14738 7C20F6CF1A09EEE4F40FE6F70B0F070213E4AE0B9599CF6348B0EAC781225457
3872123871 35891 3642 CCC7536BE6545C45FD7F8DC1B2AA43AE0CED003F9174F52490ACC9822A20EF1B
3865706854 11482 61468 7C20F6CF1A09EEE4F40FE6F70B0F070213E4AE0B9599CF6348B0EAC781225457
3874725219 51270 52636 7C20F6CF1A09EEE4F40FE6F70B0F070213E4AE0B9599CF6348B0EAC781225457
3872488259 11066 59974 7C20F6CF1A09EEE4F40FE6F70B0F070213E4AE0B9599CF6348B0EAC781225457
3873304938 61299 37103 0EBBFF8C495B7D37067CDC29A0F37B14B9F67E328B2B8E553DB9A5DEE8C8CA5C
3871028656 10107 39960 86D8947546D3BE672BB6317EB31E25EBD47AFA51D5812DDA86F21A210D7E5AD1
3874356752 12874 19786 7C20F6CF1A09EEE4F40FE6F70B0F070213E4AE0B9599CF6348B0EAC781225457
3873595934 36277 23203 17C79A81911EA44A46B93005D80646076E20C2902842E6D6CB9EA5C8FAE48E42
3870907124 6623 41028 5B8C64634764114C79FD69B06CED182ADA7F501A4CBCA301A220BF3E4C70A24E
3867481942 11244 2365 7C20F6CF1A09EEE4F40FE6F70B0F070213E4AE0B9599CF6348B0EAC781225457

Total of 0 tasks calculated error.
