Total of 100 tasks calculated correctly, accuracy 100.00% 
3917069132 43524 11903 7C20F6CF1A09EEE4F40FE6F70B0F070213E4AE0B9599CF6348B0EAC781225457
3913223850 46132 22276 7C20F6CF1A09EEE4F40FE6F70B0F070213E4AE0B9599CF6348B0EAC781225457
3920563296 49421 21861 1FDC615EE22A47FDD67EB49640262F1A36C785B129D6239FF9B4D66690076883
3913741516 9138 31880 7C20F6CF1A09EEE4F40FE6F70B0F070213E4AE0B9599CF6348B0EAC781225457
3920486143 26865 64800 DB3A7BA161395E22F1649375C18654A175C36026BC89CD5DDD4F1F9DAB838DFF
3916118966 11743 57557 842BC2C0D098967B69A9F391BA809E1510F4F0B88674654436F12A19DA8712C4
3924328973 19259 25727 92B1C4A08233A2333444E8E47D98C74C1D2C00202B61B505FA6CA74F66C4C04C
3919585488 59553 65098 99D8E37273A06918683A13B1BE1267027553F298E2DFEEC3C41850038A1E9C34
3920757648 13410 62295 7C20F6CF1A09EEE4F40FE6F70B0F070213E4AE0B9599CF6348B0EAC781225457
3915421918 18118 54940 7C20F6CF1A09EEE4F40FE6F70B0F070213E4AE0B9599CF6348B0EAC781225457
3919349411 42128 59246 7C20F6CF1A09EEE4F40FE6F70B0F070213E4AE0B9599CF6348B0EAC781225457
3920699827 44018 63888 7C20F6CF1A09EEE4F40FE6F70B0F070213E4AE0B9599CF6348B0EAC781225457
3923323272 41066 15412 7C20F6CF1A09EEE4F40FE6F70B0F070213E4AE0B9599CF6348B0EAC781225457
3912626010 61187 30988 38D35EAFE2A8622BEEAA40D484F0F5B59F6E7B38E9BB489289A549B6CFB92CE0
3916433314 46747 26889 B5A377CD4E4B8810F5F16C8CFFF4F33372C3A0BFDD7B91F0DAB1493FF0B15EB6
3914315582 58833 1954 0C6862B74A7E969861BF8F7D838B452010C9CD690498C4AEDCB973D1D23E8EF9
3921763693 51042 64191 7C20F6CF1A09EEE4F40FE6F70B0F070213E4AE0B9599CF6348B0EAC781225457
3924022579 41384 36358 7C20F6CF1A09EEE4F40FE6F70B0F070213E4AE0B9599CF6348B0EAC781225457
3913505187 65469 59334 D243EEFA67F9179FEE573CECFAF734F12C3F7DBB872F27C2927618CCACDC46C1
3916761318 27205 37590 4239FED701E5DD2948FCA4B7DA3E2DF77B407A86EA1188C62E3939C89A6EF04E
3913032963 37654 7288 7C20F6CF1A09EEE4F40FE6F70B0F070213E4AE0B9599CF6348B0EAC781225457
3922571932 12667 23681 CF8A20A7FB6E961585D2370206D7ADAD7754C8F4CA06FA69A97A2BE343032DF2
3917081258 11258 2825 7C20F6CF1A09EEE4F40FE6F70B0F070213E4AE0B9599CF6348B0EAC781225457
3918015459 29049 46494 69D9698B3A9FF2ED35CE5DDF31C9E945FF1D26F789344E4831D27C65EA01BBA9
3918846911 60996 12804 7C20F6CF1A09EEE4F40FE6F70B0F070213E4AE0B9599CF6348B0EAC781225457
3919905593 26172 55099 7C20F6CF1A09EEE4F40FE6F70B0F070213E4AE0B9599CF6348B0EAC781225457
3918875629 27879 30719 770738694F9E8770391BED96BA087DA7EC671C91B889338853B05066F1FEF43C
3922178282 41584 34641 7C20F6CF1A09EEE4F40FE6F70B0F070213E4AE0B9599CF6348B0EAC781225457
3916403766 45286 63123 7C20F6CF1A09EEE4F40FE6F70B0F070213E4AE0B9599CF6348B0EAC781225457
3917180072 44992 59960 7C20F6CF1A09EEE4F40FE6F70B0F070213E4AE0B9599CF6348B0EAC781225457
3920580410 13450 45805 7C20F6CF1A09EEE4F40FE6F70B0F070213E4AE0B9599CF6348B0EAC781225457
3916544276 31176 25928 7C20F6CF1A09EEE4F40FE6F70B0F070213E4AE0B9599CF6348B0EAC781225457
3916982165 50498 43521 7C20F6CF1A09EEE4F40FE6F70B0F070213E4AE0B9599CF6348B0EAC781225457
3913356262 58242 58801 7C20F6CF1A09EEE4F40FE6F70B0F070213E4AE0B9599CF6348B0EAC781225457
3923007860 40998 27183 7C20F6CF1A09EEE4F40FE6F70B0F070213E4AE0B9599CF6348B0EAC781225457
3918388186 9492 4255 7C20F6CF1A09EEE4F40FE6F70B0F070213E4AE0B9599CF6348B0EAC781225457
3916228758 21378 11705 7C20F6CF1A09EEE4F40FE6F70B0F070213E4AE0B9599CF6348B0EAC781225457
3919550771 28425 35333 8C1AA25B5BAA0FE05D1F228C66DA48834731B9EFAE23818CAEB862FB3C269C13
3915634455 36285 1792 12240415D33E67A2193F949A43DAEFA1F3C282DF064EDFD294181116F6F0D0F1
3921009918 6706 58198 7C20F6CF1A09EEE4F40FE6F70B0F070213E4AE0B9599CF6348B0EAC781225457
3919037447 37023 19110 1A7D3B22CEFB9F2168AE6A9A95C12D9984E6BF41899001223B74F637821E5134
3920032558 47008 18305 7C20F6CF1A09EEE4F40FE6F70B0F070213E4AE0B9599CF6348B0EAC781225457
3913588281 35854 20181 7C20F6CF1A09EEE4F40FE6F70B0F070213E4AE0B9599CF6348B0EAC781225457
3913365691 52083 32960 C970C462722129EC2BF696455C4E38B6701106E427C9F3F0124108D36B89432B
3922423565 29592 50464 7C20F6CF1A09EEE4F40FE6F70B0F070213E4AE0B9599CF6348B0EAC781225457
3919655006 13089 9273 FF40BD4BA92B8E9FB6BA51CCFEDAD7E94C0BF67EA72E12C198FD346FA22DFC0B
3912651578 5839 37352 49E9F273A45E9522F7E4F46857D99AA0230DBE2D11EA9EE3B2831F4E21D872AF
3913509014 62152 28117 7C20F6CF1A09EEE4F40FE6F70B0F070213E4AE0B9599CF6348B0EAC781225457
3914156115 44333 63639 C45E6776A19EF0D7C5312280B6CA15F0498918D78068F6F7B13BB63F79E9EBD8
3920732168 51720 51516 7C20F6CF1A09EEE4F40FE6F70B0F070213E4AE0B9599CF6348B0EAC781225457
3915289909 53356 16601 7C20F6CF1A09EEE4F40FE6F70B0F070213E4AE0B9599CF6348B0EAC781225457
3916309674 15032 1047 7C20F6CF1A09EEE4F40FE6F70B0F070213E4AE0B9599CF6348B0EAC781225457
3915714533 41523 33549 36850426BA2E2EDF592C7B9E6B1E1E7C8110DE2890E7104B7294EB10836D3914
3922787223 38198 50361 7C20F6CF1A09EEE4F40FE6F70B0F070213E4AE0B9599CF6348B0EAC781225457
3920667329 13803 6416 D112E95AA521739333E0836BCD3BAF48EE33D484B998E3D1C43231E93962DBAB
3919121952 51824 822 7C20F6CF1A09EEE4F40FE6F70B0F070213E4AE0B9599CF6348B0EAC781225457
3920642256 38119 23276 5DC24EE87CE504B6167A9696386ACAB1CA325D5D8F5B9116D4D4DAD8BB94DFB7
3912504073 38450 39364 7C20F6CF1A09EEE4F40FE6F70B0F070213E4AE0B9599CF6348B0EAC781225457
3921606881 27306 25353 7C20F6CF1A09EEE4F40FE6F70B0F070213E4AE0B9599CF6348B0EAC781225457
3920429930 40426 65087 7C20F6CF1A09EEE4F40FE6F70B0F070213E4AE0B9599CF6348B0EAC781225457
3915732493 6509 21379 07B15213D9549881B891DA42852205CC74F2358D03594496BA7CC0456FE83186
3915858201 54945 59715 FF1A0464003312BC2774417FEE122CBCD4D86477A8523F91BA2BB8D67793413E
3913863087 47501 28437 CAE6ABB335A9A79107F925908076B3A2FE1B12C23C7A1B94D11FB89C740F5EFF
3915227626 19304 32929 7C20F6CF1A09EEE4F40FE6F70B0F070213E4AE0B9599CF6348B0EAC781225457
3920383942 34493 30742 3C899599D09B5E5860A4C6CA658BBFDE9E5770D9A928D3B33E2CD97D5893085F
3920316325 8354 26159 7C20F6CF1A09EEE4F40FE6F70B0F070213E4AE0B9599CF6348B0EAC781225457
3919646361 29921 64294 F6D61E9E2AFB9B608733BE234168A3F0112FFEA0F98386568C07FC423F925F42
3913138696 51717 29325 E5E954B9D552A4F07B5039929B9E21F80DE918E722ED474320CF19043AEC6A48
3923660401 27647 14534 A6D382901D887F77955927EAC43315331A974CEFEBBF9BE20DD6B7A00305FCBC
3917467286 38536 19774 7C20F6CF1A09EEE4F40FE6F70B0F070213E4AE0B9599CF6348B0EAC781225457
3912567903 21208 19714 7C20F6CF1A09EEE4F40FE6F70B0F070213E4AE0B9599CF6348B0EAC781225457
3916542936 1278 61721 7C20F6CF1A09EEE4F40FE6F70B0F070213E4AE0B9599CF6348B0EAC781225457
3922938914 57555 15479 31D36B6F289EA574CE36DEDBCA7CE7C5B5EFD433B1CDC0BE8CB57D0D9CF14BCF
3914867333 28453 27795 EDEF54CC11E78A51232A8C6B451F98BDBB2829FE4D726268B1AACE4D45FDB167
3923966625 59625 54762 3B3CF8A28444B0A5B61CE35080EA732D7ED92100CAEFAD514A778C3996D65B7C
3917317365 60852 49856 7C20F6CF1A09EEE4F40FE6F70B0F070213E4AE0B9599CF6348B0EAC781225457
3919650091 4397 23841 58E69A4A54F54DD19CD4AB9C56CA27C64D80A1890F6AEA7574219BFCD68E619A
3914429351 2173 41413 E1CDA0DEF6AB743DE042FC5B765A1CA24B18B6C8CD7DC541A156731D1FE70BA0
3914091716 58647 3300 0AE126A79BFBCC459F838F63DFFD27289B3B5E1D8A381A1C46488A43220525F2
3919393719 52630 44604 7C20F6CF1A09EEE4F40FE6F70B0F070213E4AE0B9599CF6348B0EAC781225457
3920653155 38934 14520 7C20F6CF1A09EEE4F40FE6F70B0F070213E4AE0B9599CF6348B0EAC781225457
3921298531 43056 15070 7C20F6CF1A09EEE4F40FE6F70B0F070213E4AE0B9599CF6348B0EAC781225457
3913940693 25732 507 7C20F6CF1A09EEE4F40FE6F70B0F070213E4AE0B9599CF6348B0EAC781225457
3922961622 11573 7834 980D2DC2FB7586C178DDF28830A2AE568CCFF71371F455238C10E70324E199C2
3920947326 49111 38548 72DA196B203DACBD3F29AD0654B90948F699033F4D1A5800016F1433B17F354C
3919531202 62456 57221 7C20F6CF1A09EEE4F40FE6F70B0F070213E4AE0B9599CF6348B0EAC781225457
3921963718 9293 16797 0089CC687AFF8C3BC6A5ECF6832F355F38B2D3C108B5D9475E178D1BC3626BCA
3918689919 21412 62171 7C20F6CF1A09EEE4F40FE6F70B0F070213E4AE0B9599CF6348B0EAC781225457
3917311210 6947 49728 D35AD24FAAC5632378F2FF1B0BC5EA7518250526620DD0564BFF7ADC37C75FA0
3914547714 47564 7869 7C20F6CF1A09EEE4F40FE6F70B0F070213E4AE0B9599CF6348B0EAC781225457
3917966903 60313 49490 124B082CC144D13FD2DF21EE53B934B694D01BC3A07C5131722C16422B7D9835
3922853395 42991 54956 84706DFA430AF0550DD13AE51D9043002052D64B911B6E5F863B6F7272C7BA62
3917612738 64484 52903 7C20F6CF1A09EEE4F40FE6F70B0F070213E4AE0B9599CF6348B0EAC781225457
3919876274 8574 5435 7C20F6CF1A09EEE4F40FE6F70B0F070213E4AE0B9599CF6348B0EAC781225457
3913033931 1921 53513 355D932099103396AD9ACA63597F33D381C6FAFF0788D78D9F4351E4CC2CC3D4
3920089534 61113 52531 5A5AFAD23E48C7D20C64990B1115888A7620BD7123DC3461007444218DE79FF7
3917652390 46625 60889 25AA31B8DD2D48EE450A2AF73CD0E571BAA739B0BA30A3931F9B729032603D6B
3921118250 35139 21945 2A11845BDA8AFDABF7987108948BFE0CCCAB260481C148961C9EF6896DD8A3E9
3918210439 14895 22538 134AB58A7D689168FF5689B1C60960DB461986047C2A74C0A52422EF6489DD7F
3915987484 14944 11556 7C20F6CF1A09EEE4F40FE6F70B0F070213E4AE0B9599CF6348B0EAC781225457

Total of 0 tasks calculated error.
