Total of 100 tasks calculated correctly, accuracy 100.00% 
3933573324 57871 57704 D29FF8144FC6E78B9A3EDC2293C2B5D420EEBA8105B0B87FFE048B3341B2DBA1
3932895296 33946 22874 7C20F6CF1A09EEE4F40FE6F70B0F070213E4AE0B9599CF6348B0EAC781225457
3928760692 48885 9536 1D71C09D30DAF8225F75A4F5C3B5178CA6413D18C51FF768978C10739A12B743
3928408106 38978 52608 7C20F6CF1A09EEE4F40FE6F70B0F070213E4AE0B9599CF6348B0EAC781225457
3926497461 62487 42443 5E2F4A7A02E33708975341DE56269E63B78DD994ACAD5898B0C386ADE8F74079
3924919438 6191 34287 BB1E0E14A4593683B07DDDFE291E440F40F4ABDC791E89CAF4BA64012E29D9F9
3927085395 29800 24511 7C20F6CF1A09EEE4F40FE6F70B0F070213E4AE0B9599CF6348B0EAC781225457
3927428094 20058 10964 7C20F6CF1A09EEE4F40FE6F70B0F070213E4AE0B9599CF6348B0EAC781225457
3926202068 11260 45863 7C20F6CF1A09EEE4F40FE6F70B0F070213E4AE0B9599CF6348B0EAC781225457
3925572942 34591 35625 372658278866FC2D8DF64FE6771D2A1B80E80352C49D605C8104C898E5FAE0F5
3931395391 5111 56469 FDD116819D67E3CA6A343905A603EBEBEDB9A575204443A739C46089B096ED88
3929960540 7628 20036 7C20F6CF1A09EEE4F40FE6F70B0F070213E4AE0B9599CF6348B0EAC781225457
3928106869 49934 40230 7C20F6CF1A09EEE4F40FE6F70B0F070213E4AE0B9599CF6348B0EAC781225457
3931986176 7718 17052 7C20F6CF1A09EEE4F40FE6F70B0F070213E4AE0B9599CF6348B0EAC781225457
3930798176 25548 46627 7C20F6CF1A09EEE4F40FE6F70B0F070213E4AE0B9599CF6348B0EAC781225457
3930782253 3372 50194 7C20F6CF1A09EEE4F40FE6F70B0F070213E4AE0B9599CF6348B0EAC781225457
3929725938 33091 4589 DB5D6257EF5E306A59B3E67BF400E5F386F9AD91E982694932E57550147EF71F
3926539269 55196 60544 7C20F6CF1A09EEE4F40FE6F70B0F070213E4AE0B9599CF6348B0EAC781225457
3933660207 23660 40386 7C20F6CF1A09EEE4F40FE6F70B0F070213E4AE0B9599CF6348B0EAC781225457
3924629456 14581 9437 8FF384D1D1231037E25F0235924C3CF6EF34F2E7274FB8944FAE3C452D3FFEF0
3925709025 1753 51452 867874A8DCE757E91C01DA8174772D212BBA8C3C19242768B22A7BEFBA933FB7
3933252479 3838 63758 7C20F6CF1A09EEE4F40FE6F70B0F070213E4AE0B9599CF6348B0EAC781225457
3926174082 57681 36299 77BBBBAFD0F755A70EE66973C17D3A67F6552EED49505A450BB2975BBD377F39
3931747759 21300 61875 7C20F6CF1A09EEE4F40FE6F70B0F070213E4AE0B9599CF6348B0EAC781225457
3927502951 42859 40130 14E1EAAEEC83887B75A0C4AA9B2BA1B4F8EEB529A38FDB0825C46137432CADB1
3931546122 55182 50419 7C20F6CF1A09EEE4F40FE6F70B0F070213E4AE0B9599CF6348B0EAC781225457
3933158750 39372 30101 7C20F6CF1A09EEE4F40FE6F70B0F070213E4AE0B9599CF6348B0EAC781225457
3930777268 56822 12358 7C20F6CF1A09EEE4F40FE6F70B0F070213E4AE0B9599CF6348B0EAC781225457
3931448770 14476 62744 7C20F6CF1A09EEE4F40FE6F70B0F070213E4AE0B9599CF6348B0EAC781225457
3925178787 24543 29884 7DACAE1BA7594810D947ACEEAC83AC6EF4D5B89B5D83D0B457A7D319E8B83977
3936019857 34935 4714 75A74B62EFB966547CD074220E4294F8998AAF8F417713EABD5CF9C122FF1B01
3933033679 6425 19670 EA9CCE5AE25FD791F8BCAE41A60D5E70F458B2228DE833274D7F4F30320BAD34
3932415282 52658 36669 7C20F6CF1A09EEE4F40FE6F70B0F070213E4AE0B9599CF6348B0EAC781225457
3932538685 2121 35356 5EE07B3CE2DFA48C313C23774611236020B6015B9660C94D4E36D37AB2748409
3927278285 32842 7553 7C20F6CF1A09EEE4F40FE6F70B0F070213E4AE0B9599CF6348B0EAC781225457
3936299445 10597 44733 E90DCFF01CDDA1D9829D066BC672B031856B4D7FB38C12AF82C1A020C6302B13
3925419881 24347 44743 DD3664ABC16CB52143DC28724BB7A40571EAFB6E17C176BA53BE154455E014A1
3929779234 4459 17688 4239B02596436BB14A1C57DBE9176F9C3D2DF4194690A198725AD3F6789F7F73
3932582883 40978 13747 7C20F6CF1A09EEE4F40FE6F70B0F070213E4AE0B9599CF6348B0EAC781225457
3928044950 54283 58555 82A539BC2A8AD1E576E87D71206EE5AD68FD48D8EE3D8C81FB47C8AC277495D7
3927724945 63476 34053 7C20F6CF1A09EEE4F40FE6F70B0F070213E4AE0B9599CF6348B0EAC781225457
3930028031 59987 1645 A059882F5431126110517AD0499F2E3941CAA15C874254112D06372CB8AF3D65
3927130003 56051 34440 DC93529390DAE523D065D7A8E9EDF079D337C23B9C4CF884D5977D34395DBAF2
3932508902 27147 64477 962753CF1478A5B5E2D8EC7AC25E650E8879E08D3CFACE010B042CE211FFDF0A
3929418955 15024 5140 7C20F6CF1A09EEE4F40FE6F70B0F070213E4AE0B9599CF6348B0EAC781225457
3929720135 3431 23297 32E13C9E91C4273AF41B2FAE2F7F78FFF01B9F4E5728309CF1167211FFF045F1
3931512268 51466 49480 7C20F6CF1A09EEE4F40FE6F70B0F070213E4AE0B9599CF6348B0EAC781225457
3924703219 47133 46508 211E613723EC5E68F137FC8436EDFA332522C2420BEFC691D38B64747F471456
3936091741 54307 27058 6870DDA4B49CC0EBAF05EF4F5EEB187B5C7164AF6524EEE257415E92FBE194D6
3928868867 31761 199 840683EDB8AF62A80B9545E7772E6DE12B84F42114B8D6D4D4F22217B67E7E5F
3935572589 42741 53252 DE83C4B960F9CE066E06A513DA4871EA1C72C7AC09B63B8C2ABF6EEB0BA31C3A
3931423922 50760 46318 7C20F6CF1A09EEE4F40FE6F70B0F070213E4AE0B9599CF6348B0EAC781225457
3934435024 21823 52443 13F33C18D81874E0964AC10A4ACD23BCD2404D036656F242762C473539961DC7
3935376942 61087 55407 A5368B0C7261015D6EF710157AF9A67FC25290C6ED397EDE4CE0138A20F5079A
3936050001 212 12399 7C20F6CF1A09EEE4F40FE6F70B0F070213E4AE0B9599CF6348B0EAC781225457
3933594539 50853 38629 2EAF26FBDCE33C37A300906E3F2F3A11C2E97493E4767F1BA46AB9E91F527A1F
3935821033 64107 47559 0716868CF5BD2FE2A0A7AE5A92D290A44808BB1920C45B4EB53A838A274580BC
3926307529 40989 62621 4B32F11B331429C97E3B5B4C3B0E0B522FC511330C4E349A696747211060C90F
3928600368 40397 33593 9921CDF654D4A3874011BC7BB2FF5174DAD9E2FE04EC51F8002A4445C3F7AF4F
3927195035 47450 22550 7C20F6CF1A09EEE4F40FE6F70B0F070213E4AE0B9599CF6348B0EAC781225457
3936044195 11511 99 1A7D4A45316DE78809657F7D13B3A8D8C43B3267278BBA0788E14BCC45926970
3925581084 44551 17948 B4948D4304730817878B1C58F056210720597A553884635FB776D50A53B1BF07
3932454460 10556 17531 7C20F6CF1A09EEE4F40FE6F70B0F070213E4AE0B9599CF6348B0EAC781225457
3925169733 29124 55521 7C20F6CF1A09EEE4F40FE6F70B0F070213E4AE0B9599CF6348B0EAC781225457
3929456231 40549 19232 56C7A0D8DADCA8B7BD685BC222774CB8B68315BBC777539FE574DACEA1D305EF
3929520795 65319 54764 8843BB5CF4D88D884742E83AED7C4AE3A968BAF2C6C4720B1B670F91CABBC680
3924949478 24728 12184 7C20F6CF1A09EEE4F40FE6F70B0F070213E4AE0B9599CF6348B0EAC781225457
3924712358 32009 51338 DC7CA6DB07F33F3B2F09E82DF1ADBB7C2FA4D249B18E7E89283513EE9DEAB7F7
3930239701 12952 8590 7C20F6CF1A09EEE4F40FE6F70B0F070213E4AE0B9599CF6348B0EAC781225457
3934036013 16855 48393 E43283FDAC72870DEAC5E445CAAAC05511A693AEB2214DD5A33BD76A89CECCEF
3925038143 13596 55147 7C20F6CF1A09EEE4F40FE6F70B0F070213E4AE0B9599CF6348B0EAC781225457
3925913360 2389 58821 6790478B4D98C576A37A86424D2B6C767965773712A22DD4BD2C33B7BDD5A386
3925814503 58099 19582 FAF372D357D934E5F99CDC989D72C99DCA0EFC414B938CE242DBAC606092FDDB
3925068481 49779 33660 D18B1E8FF4E22C48225A949E3680F496C98F5E8E91F64A8F4CE3DB1057E0BB33
3926080600 27546 22792 7C20F6CF1A09EEE4F40FE6F70B0F070213E4AE0B9599CF6348B0EAC781225457
3932455644 1020 12913 7C20F6CF1A09EEE4F40FE6F70B0F070213E4AE0B9599CF6348B0EAC781225457
3928050139 23001 9941 03C21937DAF661E259BA0D4B2B37146737785A43039EB91802AEECD2D3FDF18D
3933283687 9447 4454 F578281D5685C5DC5252373FE432C52746F7B77891CD1FB4C95AD073ED7D41E0
3929737051 43257 28226 4F0DBF9B3AD4FA05AACC0547DD366B27EAECB216D3EEC8C685A3521C4A6B6BF6
3933161855 34591 24691 E3490862B905144F4D8D91F07F2098F7AE37D87E3BBFB4D5866AD7160A1A0827
3932664807 38132 35303 7C20F6CF1A09EEE4F40FE6F70B0F070213E4AE0B9599CF6348B0EAC781225457
3933684271 44795 33426 5753164A3CE7D51F0A4B8E94EE7C529229C1A9AB7B910C4C01769E28E58BC63E
3932421764 35298 53230 7C20F6CF1A09EEE4F40FE6F70B0F070213E4AE0B9599CF6348B0EAC781225457
3929083122 29222 63665 7C20F6CF1A09EEE4F40FE6F70B0F070213E4AE0B9599CF6348B0EAC781225457
3928307229 3008 6843 7C20F6CF1A09EEE4F40FE6F70B0F070213E4AE0B9599CF6348B0EAC781225457
3932377463 55290 15829 7C20F6CF1A09EEE4F40FE6F70B0F070213E4AE0B9599CF6348B0EAC781225457
3928360116 58887 21021 33DA74D9E3A1D33462D5EFB52353C662AE998F443D5031E548C564550A9B8392
3935304729 26803 20837 3490B522E49DC695EA41D0D927FBDAB83B6052F9CEC6A1603586627DC2C281BF
3932369603 45087 47237 07A48882007750DB991FDC2E372FA64B32FEB28553CB3A3038B44A442AEF7E77
3924559954 28828 57557 7C20F6CF1A09EEE4F40FE6F70B0F070213E4AE0B9599CF6348B0EAC781225457
3933424332 43994 20885 7C20F6CF1A09EEE4F40FE6F70B0F070213E4AE0B9599CF6348B0EAC781225457
3932470527 43859 2195 8686F0DE6C72A115C513956FA3A8F55C2AC2BB2E16624E029A90F9C106815C31
3929444800 44131 61645 4FE7A472DC4DBBE0D28ED816DA6C484EE561574302889FAE953F06C215A2FC90
3932786202 34436 15354 7C20F6CF1A09EEE4F40FE6F70B0F070213E4AE0B9599CF6348B0EAC781225457
3931769500 45275 27189 B3C42635E39BB01DE954960ABCD315E93A5F867BE4EBFD3D268A45B8A34F0DAD
3925129582 13265 57213 CFCD4AE1E737D619A2DAF01D0F020673E02781AD38CBD4D0D5FBFC92BE352DF8
3926322601 35557 20418 3DD3E8DEDBCC703200ED97B2633B1548F2B9F8633BE3034AA98ECEE6C9958528
3929436104 25212 50539 7C20F6CF1A09EEE4F40FE6F70B0F070213E4AE0B9599CF6348B0EAC781225457
3934223335 56505 1910 42E30AEC7C6CDA6DBE854299675EEDAEDCA84EAEDFEEAAC9503678FEAEA15397
3927838216 4288 2728 7C20F6CF1A09EEE4F40FE6F70B0F070213E4AE0B9599CF6348B0EAC781225457

Total of 0 tasks calculated error.
