Total of 100 tasks calculated correctly, accuracy 100.00% 
3946670077 20289 36111 1D3E0C6085218CE0918A60747ED868378C40CF149CFD8AD3B2EC2B10DCC49653
3942707238 57488 41487 7C20F6CF1A09EEE4F40FE6F70B0F070213E4AE0B9599CF6348B0EAC781225457
3937256115 8686 45368 7C20F6CF1A09EEE4F40FE6F70B0F070213E4AE0B9599CF6348B0EAC781225457
3941970812 44077 29376 4D6E351336821C86E74A25E391BAF0B25FB9464BCA0129520A43156015B89CD4
3936973586 30416 48532 7C20F6CF1A09EEE4F40FE6F70B0F070213E4AE0B9599CF6348B0EAC781225457
3939109284 24224 64904 7C20F6CF1A09EEE4F40FE6F70B0F070213E4AE0B9599CF6348B0EAC781225457
3939258983 34531 30720 D50EA6F2609755538C57F00A360B4D2CBDB6E12AE046F3A285ABB405569F3260
3946692284 48804 35903 7C20F6CF1A09EEE4F40FE6F70B0F070213E4AE0B9599CF6348B0EAC781225457
3943830563 56930 15301 7C20F6CF1A09EEE4F40FE6F70B0F070213E4AE0B9599CF6348B0EAC781225457
3943646576 38277 26874 F68B8F1E0620E3B075A9C080EF1D723B6A845058AD41ACFB8E4AC3C2863C2A8E
3938103665 31337 65433 BB7EEC52A8D12D01E67F35EDA98ED063000886B99A97D5EB4451C9578C6DC4BA
3943912480 50008 15731 7C20F6CF1A09EEE4F40FE6F70B0F070213E4AE0B9599CF6348B0EAC781225457
3936770935 55089 1036 69C75855858B99D6EE90E83AA5295984E97EDBF281B6CB0C03D72AFB6D976FC3
3938197535 4768 5532 7C20F6CF1A09EEE4F40FE6F70B0F070213E4AE0B9599CF6348B0EAC781225457
3945265793 19140 35129 7C20F6CF1A09EEE4F40FE6F70B0F070213E4AE0B9599CF6348B0EAC781225457
3941791572 12529 58668 FB1B81BA6EB3D06CB2CC6196B0863244443DBF7335C43D83D7110E8CDD3221A2
3938889288 14419 49117 47492CBF1CDAFD13ED43738AD1B50AD2428DFB4C79FF05039A08BA59959ABCF3
3944505332 29116 15507 7C20F6CF1A09EEE4F40FE6F70B0F070213E4AE0B9599CF6348B0EAC781225457
3943994532 35770 29066 7C20F6CF1A09EEE4F40FE6F70B0F070213E4AE0B9599CF6348B0EAC781225457
3939805936 25241 61224 1817C573559C6DA948497BBA89E10E7937A171E6DF2B2915C47C204B14EEABCF
3946776915 53373 5881 5992C8AA8686BA134B5DF8CFD4F1B445265DA3D817D0DB76AD3EEE40B0D25CC6
3939108994 17684 18114 7C20F6CF1A09EEE4F40FE6F70B0F070213E4AE0B9599CF6348B0EAC781225457
3944369227 7285 3550 902951785534CC1FBF60737C652C5EBC15B3C179AA54FA11E642287BE5DF886A
3941891062 12636 59441 7C20F6CF1A09EEE4F40FE6F70B0F070213E4AE0B9599CF6348B0EAC781225457
3947251769 27931 2184 124247A0ACE162E82C2064B0EBD761E36B16C8837174D2D25EDCB1AA19C37FF3
3946701624 39241 26567 0F9B1FC056226B0A9CD2BCEE8B17F27BA66DC3E422B225F53728C2C97148A5DA
3939678172 8078 26394 7C20F6CF1A09EEE4F40FE6F70B0F070213E4AE0B9599CF6348B0EAC781225457
3938585725 51674 26603 7C20F6CF1A09EEE4F40FE6F70B0F070213E4AE0B9599CF6348B0EAC781225457
3947648255 52736 24947 7C20F6CF1A09EEE4F40FE6F70B0F070213E4AE0B9599CF6348B0EAC781225457
3947000863 12075 11689 476EA2A1B83B3934C5A09A82B2789FB3D88CEE7B8994E05E0C64A52F7873386D
3942921607 5513 5606 754D54CCD446819D2F9805229DA66C8B5766925FCF922EF408D9B117F6D51938
3941805380 35209 22872 3AE6F4AAC30120CA90191431991858B2DA782088C85D60626A3CA9ED163E4B61
3945126900 23717 53480 3BF82E4CBDA9966F88F00939100F00BE45F26FECE4CB6B8644C42369324AE29A
3943366395 36579 45037 B8D3BAFB480D5F8209C1A133819C0A0738D242B9665D4AB82AC4229AB8F175F8
3939786922 45151 45016 3B91D24C47CAD6DBAF9D43786BC1F78D332F0F55D79DBD6CA5035B59284AC00D
3945551901 34314 3097 7C20F6CF1A09EEE4F40FE6F70B0F070213E4AE0B9599CF6348B0EAC781225457
3947946103 60872 57544 7C20F6CF1A09EEE4F40FE6F70B0F070213E4AE0B9599CF6348B0EAC781225457
3936671376 42649 2574 E76A13CC4F262DFC54807DD22BF0CD0ECD70FDB9280D161F7ECEE2B2C965A663
3940479755 44012 54130 7C20F6CF1A09EEE4F40FE6F70B0F070213E4AE0B9599CF6348B0EAC781225457
3941073922 59618 52012 7C20F6CF1A09EEE4F40FE6F70B0F070213E4AE0B9599CF6348B0EAC781225457
3942698078 23870 41319 7C20F6CF1A09EEE4F40FE6F70B0F070213E4AE0B9599CF6348B0EAC781225457
3943765783 14828 5297 7C20F6CF1A09EEE4F40FE6F70B0F070213E4AE0B9599CF6348B0EAC781225457
3941380001 28458 43368 7C20F6CF1A09EEE4F40FE6F70B0F070213E4AE0B9599CF6348B0EAC781225457
3948104996 43582 57583 7C20F6CF1A09EEE4F40FE6F70B0F070213E4AE0B9599CF6348B0EAC781225457
3941262531 55018 34729 7C20F6CF1A09EEE4F40FE6F70B0F070213E4AE0B9599CF6348B0EAC781225457
3939801089 34834 57300 7C20F6CF1A09EEE4F40FE6F70B0F070213E4AE0B9599CF6348B0EAC781225457
3947583983 43150 46543 7C20F6CF1A09EEE4F40FE6F70B0F070213E4AE0B9599CF6348B0EAC781225457
3944548647 16917 2905 08D56700797C839CAEFE37F45BCB43B7A81FBD129EB3A1503A846EF417412BFD
3947968887 21714 5332 7C20F6CF1A09EEE4F40FE6F70B0F070213E4AE0B9599CF6348B0EAC781225457
3942388051 3310 64641 7C20F6CF1A09EEE4F40FE6F70B0F070213E4AE0B9599CF6348B0EAC781225457
3943641132 52836 1784 7C20F6CF1A09EEE4F40FE6F70B0F070213E4AE0B9599CF6348B0EAC781225457
3937303939 16515 53571 6641433D6BB472AE40117BD24A4450F746FE622FF71E57A62F301A8B2E561B2F
3945744060 14953 20087 93076A574FD2FFCA67AC1C14757F3FBA2E410F2EE3C1C5687F096DD5152BE3B1
3945860752 9982 18911 7C20F6CF1A09EEE4F40FE6F70B0F070213E4AE0B9599CF6348B0EAC781225457
3946404982 11402 56247 7C20F6CF1A09EEE4F40FE6F70B0F070213E4AE0B9599CF6348B0EAC781225457
3943627770 1025 10127 AA6A7286DF62BB788CAEAF6F8BCD063B8232E2510F5165241E691C294208F4E4
3948013525 45029 4729 CBFB5D7CB744A29FB3E1AD964B9438AFA6E1A4307200B8762B0DB78E3F6554C9
3948037921 57796 42917 7C20F6CF1A09EEE4F40FE6F70B0F070213E4AE0B9599CF6348B0EAC781225457
3944982370 25529 58862 3AEF0CE096388CBA86B4846AF1582A81D9A4D995F98F19FF3A190E16F3135ECF
3936717537 18052 29952 7C20F6CF1A09EEE4F40FE6F70B0F070213E4AE0B9599CF6348B0EAC781225457
3937609790 40172 6275 7C20F6CF1A09EEE4F40FE6F70B0F070213E4AE0B9599CF6348B0EAC781225457
3941258775 53081 18996 9C458278B437DF401EAF7A8E0B8327993636073799961784B8A0D30620551D44
3937123116 2723 33556 A86259F90C47B67B773D72118560DEC79B33ACD138B25026A66A887AE19A1ECA
3937665105 5195 14453 5C034C7FD48B44B823A57D039140FEA4C03252800F78319DF8349B7F5FE2715A
3942170418 3983 17660 51A9917F3A66864ED465012C659632F186EEC3F13629B845BF6F1E816AD9EE9D
3942305419 42668 6416 7C20F6CF1A09EEE4F40FE6F70B0F070213E4AE0B9599CF6348B0EAC781225457
3942340202 16300 20330 7C20F6CF1A09EEE4F40FE6F70B0F070213E4AE0B9599CF6348B0EAC781225457
3940055807 52216 58404 7C20F6CF1A09EEE4F40FE6F70B0F070213E4AE0B9599CF6348B0EAC781225457
3937687522 40218 57177 7C20F6CF1A09EEE4F40FE6F70B0F070213E4AE0B9599CF6348B0EAC781225457
3946206594 45317 33427 38DA91794237BAEB001A5FD1714728E4DF4BC47FB63C77D5E243C3B37AD5C49C
3940682856 29895 34271 D1BAE507ADE1AF2051B93A77B7FE84C51F572680571FBE9D35AE3E3F6BDA2722
3945158815 22898 60595 7C20F6CF1A09EEE4F40FE6F70B0F070213E4AE0B9599CF6348B0EAC781225457
3941346436 58534 30204 7C20F6CF1A09EEE4F40FE6F70B0F070213E4AE0B9599CF6348B0EAC781225457
3943529086 34491 22176 505F21BA86997F11259F25B8DF0928D215ADDD49D257815C4F25664D7487503D
3938780082 53010 34578 7C20F6CF1A09EEE4F40FE6F70B0F070213E4AE0B9599CF6348B0EAC781225457
3946291466 40280 56008 7C20F6CF1A09EEE4F40FE6F70B0F070213E4AE0B9599CF6348B0EAC781225457
3941216130 7548 58794 7C20F6CF1A09EEE4F40FE6F70B0F070213E4AE0B9599CF6348B0EAC781225457
3936650621 42746 38023 7C20F6CF1A09EEE4F40FE6F70B0F070213E4AE0B9599CF6348B0EAC781225457
3937335556 44080 10815 7C20F6CF1A09EEE4F40FE6F70B0F070213E4AE0B9599CF6348B0EAC781225457
3946341354 17807 7936 EAD937B3A14C65D5401FD73A78413AB225529DBC0BFBB65C4E57B924AB45030D
3941615789 25745 51890 89C6343C5716E7E4066DB0C96C32997067B3B730E6E050EB0110B6872AB36559
3940755417 62029 24551 59CBA429DB3664DFDC811329ADC225222970BCB5D3E1938B5748056452A0DDB0
3944443172 59494 23374 7C20F6CF1A09EEE4F40FE6F70B0F070213E4AE0B9599CF6348B0EAC781225457
3942887499 22082 26014 7C20F6CF1A09EEE4F40FE6F70B0F070213E4AE0B9599CF6348B0EAC781225457
3946380992 4096 65327 7C20F6CF1A09EEE4F40FE6F70B0F070213E4AE0B9599CF6348B0EAC781225457
3941738564 50270 14690 7C20F6CF1A09EEE4F40FE6F70B0F070213E4AE0B9599CF6348B0EAC781225457
3940147413 50258 36875 7C20F6CF1A09EEE4F40FE6F70B0F070213E4AE0B9599CF6348B0EAC781225457
3937867032 59120 38042 7C20F6CF1A09EEE4F40FE6F70B0F070213E4AE0B9599CF6348B0EAC781225457
3937173039 55546 58887 7C20F6CF1A09EEE4F40FE6F70B0F070213E4AE0B9599CF6348B0EAC781225457
3943800257 51935 41515 2B434DF89DD15EC6273EF5007979B84410544C0E96026A5F8C4C36EC9C34CCBB
3945947255 24559 12035 4347ED34C1D8C23396807E59E47EB72C8D6649278DF24A3D996AE0DA5515E8B3
3936768804 53993 18225 0352AFAB8134A474DB5CE5CA0F1A0B7393C640B51E163C607AB901903DE5EC2E
3944580935 52046 58834 7C20F6CF1A09EEE4F40FE6F70B0F070213E4AE0B9599CF6348B0EAC781225457
3940804803 19253 58419 41C08AE0F7F18F2F5FA30404149C9EF78A4B751C83EB7AD9AC75E2507ECB524F
3940373375 39947 41966 52235E4BE8525E584EC3CC46EF2D7C27A460725979FA87C2FFB50F2211B03EAF
3942744163 36835 61727 6D2A8471FD5BA1D7BF9A55053986186CB7E9BA796BC2AA75F4196A37EAD47EE6
3937977256 35386 43976 7C20F6CF1A09EEE4F40FE6F70B0F070213E4AE0B9599CF6348B0EAC781225457
3942052675 51251 21972 A42D17B17487AEB7B07D7AFC28A91AB41060D454EA381E7BD76AE1202E1DB310
3938460998 16584 26075 7C20F6CF1A09EEE4F40FE6F70B0F070213E4AE0B9599CF6348B0EAC781225457
3945337243 32779 34440 CFAEB5A8E8C067B18F4842481CF4DBCC637119C48126A56E600DC1E46725C77E

Total of 0 tasks calculated error.
