Total of 100 tasks calculated correctly, accuracy 100.00% 
3973836143 45450 7642 7C20F6CF1A09EEE4F40FE6F70B0F070213E4AE0B9599CF6348B0EAC781225457
3977451412 5229 3853 D61A4A30EE98866D3EB4D1B910BA99FB9C5A10EAFAF41D5FDF82CBBFDF4F8C25
3973247874 28054 16019 7C20F6CF1A09EEE4F40FE6F70B0F070213E4AE0B9599CF6348B0EAC781225457
3976837694 7905 30325 1F12C75D61DB3B3B3E0C09422CF171966C9F6B1427E47F99069EE093A8DF14A2
3982919202 2960 30885 7C20F6CF1A09EEE4F40FE6F70B0F070213E4AE0B9599CF6348B0EAC781225457
3977267768 48296 41257 7C20F6CF1A09EEE4F40FE6F70B0F070213E4AE0B9599CF6348B0EAC781225457
3975696279 12186 30629 7C20F6CF1A09EEE4F40FE6F70B0F070213E4AE0B9599CF6348B0EAC781225457
3981516433 35051 28199 3A6DED1548557D86396EF7249CECF279F4099CCA7AACFC57A2C5228D599D868F
3974971340 129 454 732F1CA63D39B360C3DB238446980093D8CE50DDEAB163DD5D127AF4CACDA107
3980107182 49164 51767 7C20F6CF1A09EEE4F40FE6F70B0F070213E4AE0B9599CF6348B0EAC781225457
3981898059 49270 1777 7C20F6CF1A09EEE4F40FE6F70B0F070213E4AE0B9599CF6348B0EAC781225457
3973875118 13166 7938 7C20F6CF1A09EEE4F40FE6F70B0F070213E4AE0B9599CF6348B0EAC781225457
3977888576 65109 55872 A96A1CAC0FE30714CFC31E43CF64E439826D22E61534BF968EF2AC7CF6424BCB
3976441978 50927 59233 1282D72EA56FCFC5108E96AC34F265F76AF094FB23125C59391513A4C1BB4B7A
3983414828 52271 20715 80417236D02F6373A5F7A42630DB617C4AA5D0E9381DCA209564E4A2F7B104E9
3972613141 63308 41796 7C20F6CF1A09EEE4F40FE6F70B0F070213E4AE0B9599CF6348B0EAC781225457
3973964271 46166 56820 7C20F6CF1A09EEE4F40FE6F70B0F070213E4AE0B9599CF6348B0EAC781225457
3975267289 65129 54567 56F2E9FAC0AE6367B96EC4FBE2BA78FF5766389E42A1C79B6CC357F98DF442C2
3975663745 50473 16739 34750118A69E7C8C61899A90A474361799FD1D23261C808101C7115C122F20B1
3982177039 17407 51374 D846A7DE192B00DE1CFC410822743A2255A0791FF1A313028A9D173B2EA3C57C
3981915863 31961 42412 C85C8065FB5C6753B1155A1D51636213057EA615425788820DCB70E9F9C30841
3975261824 32480 1142 7C20F6CF1A09EEE4F40FE6F70B0F070213E4AE0B9599CF6348B0EAC781225457
3972835551 28188 5468 7C20F6CF1A09EEE4F40FE6F70B0F070213E4AE0B9599CF6348B0EAC781225457
3976682576 35160 38406 7C20F6CF1A09EEE4F40FE6F70B0F070213E4AE0B9599CF6348B0EAC781225457
3979883314 59180 44957 7C20F6CF1A09EEE4F40FE6F70B0F070213E4AE0B9599CF6348B0EAC781225457
3976670197 57779 10403 76A8E171742F4F2AE04F45A0693F1D8286E66256878F6571B727E9B487072DCD
3981266623 14433 46345 817E4D1BD7AFFD20031D3B6F5F0A2D7BBC13E441AC8C0184199BDB697C7BF241
3976196377 405 16212 4C627B55413B41AE5904DC0A0699BF0644D057F8535D9CC6B2CBE8B25C431B63
3983882018 28814 7174 7C20F6CF1A09EEE4F40FE6F70B0F070213E4AE0B9599CF6348B0EAC781225457
3975981399 47676 63098 7C20F6CF1A09EEE4F40FE6F70B0F070213E4AE0B9599CF6348B0EAC781225457
3976562345 3332 33440 7C20F6CF1A09EEE4F40FE6F70B0F070213E4AE0B9599CF6348B0EAC781225457
3983409723 37438 39525 7C20F6CF1A09EEE4F40FE6F70B0F070213E4AE0B9599CF6348B0EAC781225457
3981134802 8820 48463 7C20F6CF1A09EEE4F40FE6F70B0F070213E4AE0B9599CF6348B0EAC781225457
3981092655 12506 23000 7C20F6CF1A09EEE4F40FE6F70B0F070213E4AE0B9599CF6348B0EAC781225457
3981512860 8055 11134 CFECA0A51BB12B83243EB8C35FBE482521E3F4132A49EA2EAF11CDEE8A0CBF4F
3980685931 43155 51320 36EB05BB4E4BA32F4389FB656D351564770916A0BDD01E0DD5E165246200E0C7
3974357999 13790 43758 7C20F6CF1A09EEE4F40FE6F70B0F070213E4AE0B9599CF6348B0EAC781225457
3980026958 24424 48052 7C20F6CF1A09EEE4F40FE6F70B0F070213E4AE0B9599CF6348B0EAC781225457
3972844999 31261 31899 330DCD9EB1D645DC83FF483909D4043B5D6255B7D9D9E7E576EF4365FC9ECD8C
3982941357 25693 43414 7C97AED27BE1F1B8F37BC98EAD4E04466431D8FB73F3B05327EF3364582F52CF
3972924984 47745 10665 103A5EB28F918543110F507BEBD992CDADA5E0C97812DFE504C64D979A6D9093
3976739677 13745 31636 DDA000F715589F2B6846646349EA8E9F810B2C58FEDE5225F4B991C1E5E4FF1A
3980970074 63192 50865 7C20F6CF1A09EEE4F40FE6F70B0F070213E4AE0B9599CF6348B0EAC781225457
3975938073 6141 9359 CC6DB6FD384944B5B79CF7C04EB156B016A3A5DAD062059B733D62A9DBCD1729
3980243096 57132 12705 7C20F6CF1A09EEE4F40FE6F70B0F070213E4AE0B9599CF6348B0EAC781225457
3977268189 13607 9337 6FE4164CDE14F6376D6AEC1546E24E4F763E2EF9CBEBD1C51D03CAD074473203
3983861792 43831 16552 F3E322DA33C818BCAFC7A5232CC7237933DF53694E11BCA33C923382DAF09B54
3981420728 38387 52045 3FA5D15916DDE2E77A7903FE27CE4262F5FD0C5F3546A9BA4509BA60D51A7393
3978365879 63588 5228 7C20F6CF1A09EEE4F40FE6F70B0F070213E4AE0B9599CF6348B0EAC781225457
3976841348 16830 30984 7C20F6CF1A09EEE4F40FE6F70B0F070213E4AE0B9599CF6348B0EAC781225457
3974316828 55920 21850 7C20F6CF1A09EEE4F40FE6F70B0F070213E4AE0B9599CF6348B0EAC781225457
3983928520 236 25530 7C20F6CF1A09EEE4F40FE6F70B0F070213E4AE0B9599CF6348B0EAC781225457
3980420428 48763 10961 EED097AC5DED6667BF82A2D5B7F3311F74F5E7C53CA04764EA70FCB6BCFB0D6B
3980054578 64197 8163 39DB5818F4723010CD6B64F4B7E47BC36229ACC8B9F546699772CEA249C069AE
3980085403 7244 55350 7C20F6CF1A09EEE4F40FE6F70B0F070213E4AE0B9599CF6348B0EAC781225457
3984072568 16834 26098 7C20F6CF1A09EEE4F40FE6F70B0F070213E4AE0B9599CF6348B0EAC781225457
3974390637 58460 53751 7C20F6CF1A09EEE4F40FE6F70B0F070213E4AE0B9599CF6348B0EAC781225457
3973748776 1077 42841 1B679CD85763C517D0821D1763243A3DF0AB044D73034157277076C84824C4BF
3979741978 27669 25617 51DFBDD182C652B16E6FF602B01B217501E1E22C79F053196435B70DD697E758
3982432213 56498 17349 7C20F6CF1A09EEE4F40FE6F70B0F070213E4AE0B9599CF6348B0EAC781225457
3975738182 24379 16324 478CD8886D88A69E9900D0641D1A25F5D0002EE18B0E9EDE9EC5A79EC9108F79
3975510330 9517 21193 457EF518BF4B8DECC5A2790F8EB4A1D31E36EFD38A341F4F5E1FD5137A5578C7
3975629479 23241 15633 1A10530732EB0E9BCF88EDFA15C96088EA59B2609017A85153F4236BCAFF7C5F
3978521365 54774 10228 7C20F6CF1A09EEE4F40FE6F70B0F070213E4AE0B9599CF6348B0EAC781225457
3983274302 18088 6017 7C20F6CF1A09EEE4F40FE6F70B0F070213E4AE0B9599CF6348B0EAC781225457
3981055276 19555 38426 5D41E8124D91C554A1D8DF9C2D84B205D50B4973A18968B5C09BBB0412315871
3973773022 57911 44300 0CEC95C26D63351C949E728AD1C7856604FC35553159471DEB74B52B498E8F3F
3972663943 56501 46611 72D7C52DCDE5730333AF3EC4C31C3E1A42F729349267B5D0F27DDD6CBA3CA3ED
3982943680 40049 60779 F698FFFDC0C2CF45F15BEA3197B524DB684C122A297615888274286062FAF9BF
3976184860 25252 45505 7C20F6CF1A09EEE4F40FE6F70B0F070213E4AE0B9599CF6348B0EAC781225457
3978297259 7225 51172 016C57C62091EABC0222F55C569BF9A55926761D64C5A2E103A3F7EDD9A0E6EC
3980892155 44268 55086 7C20F6CF1A09EEE4F40FE6F70B0F070213E4AE0B9599CF6348B0EAC781225457
3982896350 15889 45526 47F4AEC93912B2115731D8C2D84E519BE75D7CFB13D96E92C8461582EC44A351
3980537702 18098 4816 7C20F6CF1A09EEE4F40FE6F70B0F070213E4AE0B9599CF6348B0EAC781225457
3980251172 10305 39501 B0CB3AE4C30712DBB46391514AEA8AABD81FB5D4D776BCD0C2ACF56FCB4DC48C
3972621962 59734 31752 7C20F6CF1A09EEE4F40FE6F70B0F070213E4AE0B9599CF6348B0EAC781225457
3980469255 44195 36705 3BCF11C1FBD8F22E2EC0F7B36A4E1A929ECF9AAF3FB3F95FA6AB54E9442D179E
3980768894 35452 64063 7C20F6CF1A09EEE4F40FE6F70B0F070213E4AE0B9599CF6348B0EAC781225457
3975954181 52057 27759 17694F14204A86D21A49DBE9E01C902EC452DAE60A4C8FFECF5335721722F246
3979570861 17815 29791 6C1E4BE71D9D95E94F0F1447B9795AE94915B7916FCEF8D98B45ED01379BA842
3979289245 12203 10548 61C0AC8CE890D12FEDC28C7D5BA0D18B881C70FFC4FD2B5C2ED68FCBE32D50E4
3983845565 55659 48176 CA1DD0B3BD0A0E4BC702E229E092E832A4E5AD9B78D52D43FF0C62270340204C
3983849075 921 5953 013404DDB8BBE3FD913D09BB77B98675A34FA9A2A046774C073383A2EE8FA06C
3974243939 16031 3712 A0E16EAD1F395E6A6CC701BB4C44AF3AD17226E2339AC5A0C915D3A7EE6D7C7A
3983543862 27261 23768 D9142E2180DFA17625A3AA733EAED2DFAA6FB54E1B48464B75A0CFFB6A56713D
3973457057 16808 20044 7C20F6CF1A09EEE4F40FE6F70B0F070213E4AE0B9599CF6348B0EAC781225457
3978198488 8614 55945 7C20F6CF1A09EEE4F40FE6F70B0F070213E4AE0B9599CF6348B0EAC781225457
3979483308 45715 23379 E0A48A63CA5020EEBCD7E9CA867B38E043FE349714577F2CAF7BCC6566DB9826
3980395308 46218 22480 7C20F6CF1A09EEE4F40FE6F70B0F070213E4AE0B9599CF6348B0EAC781225457
3973352575 30245 62107 2DA996BF860459A1A2A7B502DFCD0E4FC651431D32114DEAC8C7B5B34C8FEFD8
3981835911 16533 46464 C8DB4DF1B09B6D69A73060953A90089C99EFCD92A168EC4482B677A37DB0EFAC
3978889934 15899 21417 40DA55B1FC0C812F1DBA46AB2EE28E2DAB13114B2CEE47CA48FC78787C11CE70
3982276853 31252 46345 7C20F6CF1A09EEE4F40FE6F70B0F070213E4AE0B9599CF6348B0EAC781225457
3976526440 53375 55619 E82CA040FACB11CE241D229CB625E20D5D45FC5723469E30EC8FDE01C53AE388
3982924695 35557 1745 CBA5582BC99C70579E90A26DB9F8AFDCB6A09CE9A1B0CCBF197665DA22334BB5
3976698582 34430 5340 7C20F6CF1A09EEE4F40FE6F70B0F070213E4AE0B9599CF6348B0EAC781225457
3983056390 18358 58891 7C20F6CF1A09EEE4F40FE6F70B0F070213E4AE0B9599CF6348B0EAC781225457
3977025431 35362 16621 7C20F6CF1A09EEE4F40FE6F70B0F070213E4AE0B9599CF6348B0EAC781225457
3981808862 42196 28644 7C20F6CF1A09EEE4F40FE6F70B0F070213E4AE0B9599CF6348B0EAC781225457
3974494609 19539 1692 77C114F6E57E81A6176845793A968E05909590D2847C365AE71EE699D5C360B2

Total of 0 tasks calculated error.
