Total of 100 tasks calculated correctly, accuracy 100.00% 
3991798249 13948 53425 7C20F6CF1A09EEE4F40FE6F70B0F070213E4AE0B9599CF6348B0EAC781225457
3986200733 54544 9344 7C20F6CF1A09EEE4F40FE6F70B0F070213E4AE0B9599CF6348B0EAC781225457
3992106630 44496 53108 7C20F6CF1A09EEE4F40FE6F70B0F070213E4AE0B9599CF6348B0EAC781225457
3992575185 37768 59880 7C20F6CF1A09EEE4F40FE6F70B0F070213E4AE0B9599CF6348B0EAC781225457
3986389844 37453 36985 02A4B93A895B5DD50C2D46CA6A561921CB60680C03091A0AE5252C92EDD441A6
3994236315 23339 11959 F4A1CA09A8FA62110EDFD4E824F69A1C739215EF6BF80A0937A5F3E17C81C0C0
3987637657 49573 1744 8202F93B70DC3E93FF70994AFA4E29DE06997B895FEC1A6D2F28E8AEC2AB4967
3991843637 57515 18558 290C1BBF17C919332D9EA0D8473C091789B53D49BB145D7DAFBD46292E953C8B
3986179542 14854 22997 7C20F6CF1A09EEE4F40FE6F70B0F070213E4AE0B9599CF6348B0EAC781225457
3994544355 1012 14626 7C20F6CF1A09EEE4F40FE6F70B0F070213E4AE0B9599CF6348B0EAC781225457
3994890958 42731 2860 94A3FF8F0BF5281C5F3DDB66989B68CDC7C3FBF70099DA4011DB61DF919A26C6
3993697266 48190 57670 7C20F6CF1A09EEE4F40FE6F70B0F070213E4AE0B9599CF6348B0EAC781225457
3985529001 55732 12513 7C20F6CF1A09EEE4F40FE6F70B0F070213E4AE0B9599CF6348B0EAC781225457
3993330448 6528 29595 7C20F6CF1A09EEE4F40FE6F70B0F070213E4AE0B9599CF6348B0EAC781225457
3988981739 23588 10672 7C20F6CF1A09EEE4F40FE6F70B0F070213E4AE0B9599CF6348B0EAC781225457
3989336448 18232 2201 7C20F6CF1A09EEE4F40FE6F70B0F070213E4AE0B9599CF6348B0EAC781225457
3991924684 37932 37984 7C20F6CF1A09EEE4F40FE6F70B0F070213E4AE0B9599CF6348B0EAC781225457
3995466426 21138 8584 7C20F6CF1A09EEE4F40FE6F70B0F070213E4AE0B9599CF6348B0EAC781225457
3986259223 30761 12024 06CAA67A45F058D00F158627A9D43A9AE96FE2E0FDC6BBC72348D15F2E9276DB
3991516275 53019 27629 A40DBA9B90890AA35141A02E9A88A8442FA4863FC45BED0248E78F17668CCCF7
3995687767 54041 63047 61AB138E33531590819C0B06713806323C727326753624E9D334B4819A522889
3990014585 54323 31177 B9777F59849FE11AB98A61BC5F5D1B4B1ABC1D916CEFB99EFB8A791116AD17E3
3996271278 16495 50246 B3457CA3BBA691EDA90132A0549914A4DF74B4C3E70F92BB753864738BFFF64D
3985997515 52632 46644 7C20F6CF1A09EEE4F40FE6F70B0F070213E4AE0B9599CF6348B0EAC781225457
3996019008 51607 45490 6BCB22034CCC966FAB3A0A55E8E5722F344B260C194F3C1D326305ABA9943F1E
3995946160 37927 43037 0268CB187C42B72DABA7F1169CCFB2FE75A1FD1F9BEA7D25F0369DB302006C6D
3988362617 26153 47750 6EB9A072D7649D89B5672974CE19C3AB7B74CD83CACCBB44A7ED34833FAE2001
3990865816 58422 22908 7C20F6CF1A09EEE4F40FE6F70B0F070213E4AE0B9599CF6348B0EAC781225457
3985996128 64471 11786 A69DF11C6E00C661A85C46ACAB45C3B8E73C0F33A78D2B578AD719F0C63F24EF
3984916319 30747 25071 8E09A4151347E565F8CEE584D6AB73ACE67CA1B62255F0B44DBC55035A1005FE
3989536035 54621 63347 0A736940B85C3ABF978D09524BBD0D2A08D111F648328DED0AA8460DC0FBE1FF
3985053337 51843 55455 7B82085C5A00F5F7700616A3B25EA020B910C8F346161DACE1107CECE501E5FA
3994141086 49108 20481 7C20F6CF1A09EEE4F40FE6F70B0F070213E4AE0B9599CF6348B0EAC781225457
3996148994 47039 48464 7B5AF3EEF64039AEE2A759C168750B7D00140322794E16C7C76C1162B149D686
3990953667 20214 43705 7C20F6CF1A09EEE4F40FE6F70B0F070213E4AE0B9599CF6348B0EAC781225457
3991489338 65143 16810 5DE6EC67B2B320FDFB4375A75952E63D6CEFE92EDFB2B764940862D9D38C01E2
3991434189 34276 25049 7C20F6CF1A09EEE4F40FE6F70B0F070213E4AE0B9599CF6348B0EAC781225457
3991811553 45313 29724 E70C77C81A8B5BCFAE6FE56BB4584E8B4D5256BBC0C7F1F247C35FDC664A9E73
3987195040 47398 55656 7C20F6CF1A09EEE4F40FE6F70B0F070213E4AE0B9599CF6348B0EAC781225457
3988627452 20353 2069 066DD575EC5BE06D908A22633F3A3C2730B16632A6CDF00F19E6B760B2228FD6
3992955735 31252 63605 7C20F6CF1A09EEE4F40FE6F70B0F070213E4AE0B9599CF6348B0EAC781225457
3990426700 48424 11627 7C20F6CF1A09EEE4F40FE6F70B0F070213E4AE0B9599CF6348B0EAC781225457
3993109840 63563 2778 7D1550830D57A6B126F37EB42A13266A2F7213B80F24896124FEFCC5CE88B83E
3985120593 45319 65334 485AA3A193FE3A1381EB3D5DB50FB906BB8679C7ED1E393ECE349182BEA2A18B
3994995027 45698 25406 7C20F6CF1A09EEE4F40FE6F70B0F070213E4AE0B9599CF6348B0EAC781225457
3990556747 50299 54966 AC378F6FD12075EB14B307C6AF93E566B88CBD6B1139038CFF643D80D291E17A
3989674523 18049 15103 A85419B25EE0F0C2EDF7505A1D6A4AEF1B6AB87BF8BF9DEC23452355C9AE39D0
3987054325 25750 59309 7C20F6CF1A09EEE4F40FE6F70B0F070213E4AE0B9599CF6348B0EAC781225457
3987147255 1589 38069 1F0565C01F368608C2B46E2C45FF55FA4BD39FC95A0D869E65FBDC3A0C92131A
3989010287 35607 21108 1401622F4F53C6B65B0CCA847B0D905A884E118E6047A67C81B9B90AAEA5A7F5
3990367339 37624 26552 7C20F6CF1A09EEE4F40FE6F70B0F070213E4AE0B9599CF6348B0EAC781225457
3993587679 16410 48854 7C20F6CF1A09EEE4F40FE6F70B0F070213E4AE0B9599CF6348B0EAC781225457
3988308326 12407 59223 D463E11D696A051EAA127AD92591767C556EEE878298DD4576B0A6620C240F1F
3993633648 62159 7142 F86ABE0E55A7DEF0D54B2FA4CC8DF1AA9C27812258BB2CA18624A94C3507D5DE
3987190158 26601 15701 7259F6A87DB02401401330DCB8BF98A5EC3926AE4EE6784A10B17F87B16AC954
3991992279 41049 53545 1D4B0E750D33B59D8C8F9086A3CC55680087E36D4C44DD94E6F9CA9DF97CA95B
3987596103 58464 62344 7C20F6CF1A09EEE4F40FE6F70B0F070213E4AE0B9599CF6348B0EAC781225457
3993994417 28278 31456 7C20F6CF1A09EEE4F40FE6F70B0F070213E4AE0B9599CF6348B0EAC781225457
3984854805 23302 56150 7C20F6CF1A09EEE4F40FE6F70B0F070213E4AE0B9599CF6348B0EAC781225457
3987823658 17723 46479 CF86E7763CEABF6DCE6C507F771E0756EF94D9BFE1E1409834FFC44E225FD045
3986214924 46105 60018 30562CFB2AB97B07A66EE683C187F6D8B56C5CD83D3F40459A9560CE6F4A0CFF
3987927640 26624 39801 7C20F6CF1A09EEE4F40FE6F70B0F070213E4AE0B9599CF6348B0EAC781225457
3986994511 923 48416 42F1D7E664421EB5D085C6ABE480E1E5065164304F4AEA4B6D79283611A56E03
3993802208 54319 13438 4DDC36337AC4D1ADA4159558E18229DC86CEF788811CCD47BC76C77A23F7B2AC
3989155151 17662 65254 7C20F6CF1A09EEE4F40FE6F70B0F070213E4AE0B9599CF6348B0EAC781225457
3989506106 38290 59222 7C20F6CF1A09EEE4F40FE6F70B0F070213E4AE0B9599CF6348B0EAC781225457
3994772872 51791 31476 04F47478833EF3DAFF615E2179BA8FD67EE4EDDE41BD3C1B629E308D9E72EC67
3988391411 37513 7388 CEC51482925939E99A0006D745CC6182B27172359EC74D17A597CB64C5122B95
3987077824 31304 47793 7C20F6CF1A09EEE4F40FE6F70B0F070213E4AE0B9599CF6348B0EAC781225457
3986467259 32659 64440 18596ED01F1E998268499E632EB4B434FDDD2B5A033991452CBEF9BD6C491854
3987560040 27856 49918 7C20F6CF1A09EEE4F40FE6F70B0F070213E4AE0B9599CF6348B0EAC781225457
3988057099 50946 26996 7C20F6CF1A09EEE4F40FE6F70B0F070213E4AE0B9599CF6348B0EAC781225457
3987566992 19356 48849 7C20F6CF1A09EEE4F40FE6F70B0F070213E4AE0B9599CF6348B0EAC781225457
3990471530 34438 64669 7C20F6CF1A09EEE4F40FE6F70B0F070213E4AE0B9599CF6348B0EAC781225457
3984831927 9005 34724 A299AB168528F78DBC186E081211E8F793D3450FDA73B1ACD550900E66514E4E
3995840847 22733 25105 3EACAC1D20B8EB0A523FF7737E7311AC1D523410F28BC092EFEC273D588C6ECB
3994920260 53557 59 0239197D39D778B0260D502A025EED2FA669AB36CD513BBC6237B4677D0AE5AC
3993986140 36724 26380 7C20F6CF1A09EEE4F40FE6F70B0F070213E4AE0B9599CF6348B0EAC781225457
3993947574 40065 44276 09098A142BF39B0A10B9159B08F63A9E7DF8DD52669FE87DF1DAF7B9FF60A866
3989799116 5805 13093 1BC9C72757324026BDCA217EB140D6BDE9326D1D54AF816E34DD8DD6C7AD2DD8
3986882742 26759 46236 C91F49C74A4189F4A3432AF21B0A5DA9809C51E7F5462A5C8B86EAE328644ACA
3991483692 29838 57552 7C20F6CF1A09EEE4F40FE6F70B0F070213E4AE0B9599CF6348B0EAC781225457
3986937340 34800 16568 7C20F6CF1A09EEE4F40FE6F70B0F070213E4AE0B9599CF6348B0EAC781225457
3985737910 7440 10792 7C20F6CF1A09EEE4F40FE6F70B0F070213E4AE0B9599CF6348B0EAC781225457
3993749459 62436 20060 7C20F6CF1A09EEE4F40FE6F70B0F070213E4AE0B9599CF6348B0EAC781225457
3985565802 33481 54048 01C4E6A95CC0F58F3C822740D4F7322923492C1A6E6CFFB9FB272BEB5C2E464C
3989060098 27853 28857 218BC04327F95F9D14A37946F63FDF2331460DE0251EF9E806C511378FF82569
3993898871 37005 35949 2F3127124A15EEAA823CFD08936F83F81E61D7CE3E9534C4047F9C9EA9667BAF
3994020713 9779 19553 317D5AD0E1CF47294477A012278213490B8383B84C1ED108DDF210A2E477A994
3991397775 63334 56589 7C20F6CF1A09EEE4F40FE6F70B0F070213E4AE0B9599CF6348B0EAC781225457
3992185975 43298 18716 7C20F6CF1A09EEE4F40FE6F70B0F070213E4AE0B9599CF6348B0EAC781225457
3994170037 61193 20375 12B99787D7C72C6A7E80C5552F4110799DABA6951D0FB19F3329D2D2C81C9E6D
3992191567 52832 11705 7C20F6CF1A09EEE4F40FE6F70B0F070213E4AE0B9599CF6348B0EAC781225457
3988986505 39204 34329 7C20F6CF1A09EEE4F40FE6F70B0F070213E4AE0B9599CF6348B0EAC781225457
3987221330 42731 39610 A8A5CF0DEB1C217F242B6A5C6FEF2F97C45C6229A06F83525DCEFDF921C55DD9
3986258952 64333 31457 A219D67CDB13AAB6E9C4148902F90429DA7FC23F79384C7720840B0FCD8F4536
3992451031 49185 12454 7653C8A6AE162B67B9807A078EF72DDE2A60CF9066EB35C5C85E90F6A53BC6C8
3984910382 33422 51189 7C20F6CF1A09EEE4F40FE6F70B0F070213E4AE0B9599CF6348B0EAC781225457
3992399904 56609 58474 234BF590C31D2F3024E5656E9AB4ADE4B719BE165DD1844690A8D63E69419DED
3996220380 28101 45201 D8D46A9849F62585C51201546778349F4FF68B21FC005D5A3BF4675E541DA2D8

Total of 0 tasks calculated error.
