Total of 100 tasks calculated correctly, accuracy 100.00% 
4021486907 33499 54548 E319F5877B20B4D891B944EB9809EE4264B69E2D5196E1E32F57F6E14031174B
4020655077 13506 5849 7C20F6CF1A09EEE4F40FE6F70B0F070213E4AE0B9599CF6348B0EAC781225457
4028685070 7510 55269 7C20F6CF1A09EEE4F40FE6F70B0F070213E4AE0B9599CF6348B0EAC781225457
4025686655 60014 42075 7C20F6CF1A09EEE4F40FE6F70B0F070213E4AE0B9599CF6348B0EAC781225457
4021232489 53172 20496 7C20F6CF1A09EEE4F40FE6F70B0F070213E4AE0B9599CF6348B0EAC781225457
4021080439 24852 44022 7C20F6CF1A09EEE4F40FE6F70B0F070213E4AE0B9599CF6348B0EAC781225457
4022259053 37661 163 A81193123C9F0DE29E2774E9D9A80BE23927BEA3FBF5B87851E154249FE49FED
4025374944 42926 12488 7C20F6CF1A09EEE4F40FE6F70B0F070213E4AE0B9599CF6348B0EAC781225457
4023870756 47753 25556 3AC99CC2D318E34DC2BFE4D297DAD2FB36338859CF453447CBCABEDD10D490E5
4023898031 51588 34114 7C20F6CF1A09EEE4F40FE6F70B0F070213E4AE0B9599CF6348B0EAC781225457
4020802667 25105 6847 A704A93201F04061E1EB170551D5F2A75427BA3B75D653D31CBD1EAA4875C4DB
4030608556 41149 39291 2145C87059482B8A646E7AE9EF23EBFA6DC2D89333248E9B2BFAD5F5B871E3ED
4025249551 46174 57664 7C20F6CF1A09EEE4F40FE6F70B0F070213E4AE0B9599CF6348B0EAC781225457
4022770034 3910 54937 7C20F6CF1A09EEE4F40FE6F70B0F070213E4AE0B9599CF6348B0EAC781225457
4027685557 32373 7089 8A80A87CA82695B523C590748F5D511B6BBC21BDD92AC9B4FEA894C3CB953428
4030177323 28001 26982 02E66888F686DEED15D3906E2E325AA22DE5DC3A4C90D3174B2C1D84EA162E74
4030581462 598 16870 7C20F6CF1A09EEE4F40FE6F70B0F070213E4AE0B9599CF6348B0EAC781225457
4031166764 42077 1256 B2B5AD96CEBF079ECFC6DDBD057DE5776DB017B1D9F35384AD491CD584CF6E38
4026421982 61519 31334 6FF0B7DC1E795612151FF6473503167C96CF141C2B12CF32074DE24501D4BCBC
4023341737 469 46944 357939A3C6D0CC6307717B04C40831D7BD8743E52060AF5EE8F210F40CCBBD21
4025769557 43714 24250 7C20F6CF1A09EEE4F40FE6F70B0F070213E4AE0B9599CF6348B0EAC781225457
4030626006 32317 62371 332D90E365C3F6992C98F166756B491C983164919DFBC1519BBB241A4A64DFF5
4024857667 16310 1569 7C20F6CF1A09EEE4F40FE6F70B0F070213E4AE0B9599CF6348B0EAC781225457
4029300334 6538 65017 7C20F6CF1A09EEE4F40FE6F70B0F070213E4AE0B9599CF6348B0EAC781225457
4021427866 22286 16303 7C20F6CF1A09EEE4F40FE6F70B0F070213E4AE0B9599CF6348B0EAC781225457
4030765458 50461 13707 E7A8622EA2E39AD5DA6C79B053DBA03659C30687184695C586CD3DC6B2D83B3C
4023236511 11566 18535 7C20F6CF1A09EEE4F40FE6F70B0F070213E4AE0B9599CF6348B0EAC781225457
4023644071 13665 57312 634DF69FD6A386E7BF2FEC9F5D124CD0F402DBD1D03BCBE9057F5E504BA8BF0A
4028434154 45196 55748 7C20F6CF1A09EEE4F40FE6F70B0F070213E4AE0B9599CF6348B0EAC781225457
4025507637 50351 59642 886BD949D20AE8B62D3EE15E8FC727D50ADFED878F7773759B6F3811A5737EC5
4029920602 59441 51919 9E86CEDCB1D1FD8E2FDF138819593F14307946D95DBC5D5EDB9253135366EB67
4031494833 56102 60180 7C20F6CF1A09EEE4F40FE6F70B0F070213E4AE0B9599CF6348B0EAC781225457
4023476619 48185 20466 D0E3B19D9FFC3A1D21C98250CC9FE8939AC650CC3546E2B729FF47E301B59EC1
4022786903 10876 20982 7C20F6CF1A09EEE4F40FE6F70B0F070213E4AE0B9599CF6348B0EAC781225457
4030780113 17790 24125 7C20F6CF1A09EEE4F40FE6F70B0F070213E4AE0B9599CF6348B0EAC781225457
4027949305 22220 17555 7C20F6CF1A09EEE4F40FE6F70B0F070213E4AE0B9599CF6348B0EAC781225457
4025192771 6868 27467 7C20F6CF1A09EEE4F40FE6F70B0F070213E4AE0B9599CF6348B0EAC781225457
4025431598 45983 26455 5754086254F98A09FAB7EE6FD48F3650A10D4C0627A1823270075E1BEB8F9156
4020535586 64978 9457 7C20F6CF1A09EEE4F40FE6F70B0F070213E4AE0B9599CF6348B0EAC781225457
4027346119 38352 50898 7C20F6CF1A09EEE4F40FE6F70B0F070213E4AE0B9599CF6348B0EAC781225457
4026781172 42652 42245 7C20F6CF1A09EEE4F40FE6F70B0F070213E4AE0B9599CF6348B0EAC781225457
4021315251 12391 56238 E64F8FC4637C69CC1DB60A280EF0B213A28CACC0D19F017EDEEE9C2D611246D3
4026006778 32468 47295 7C20F6CF1A09EEE4F40FE6F70B0F070213E4AE0B9599CF6348B0EAC781225457
4031093162 39769 51114 2FA46C9099B51FAE55D2BB751A626A3A1D6B370E60F792B8538177622367ED31
4026268458 1442 36728 7C20F6CF1A09EEE4F40FE6F70B0F070213E4AE0B9599CF6348B0EAC781225457
4023904240 7583 26473 44DD6D6E5743795CF0975C69CE88D9C082007E98BEC6B43E8CD8161D1A5D5FE4
4023411304 31313 50165 AE1352A6C203FE11CDCEDC731CD85987B5CEEFB3DB53A87BAA323D0B22FEA121
4025488295 62599 683 0EFBD0DD31FD416413074CD895E4A2A05FD9BB06347C565084D7FFC8A0A229C3
4026911371 59315 39776 74057389D87CE2BCE03AF70DD476431331DC84F2A62F67C6DCF37A6C04885A33
4021807234 28378 27314 7C20F6CF1A09EEE4F40FE6F70B0F070213E4AE0B9599CF6348B0EAC781225457
4027804408 38695 35395 C4CEB66DEB655EDD54DD1937CD99EB88A1DFBDD779D2CD2793DB6B91C27C8610
4022591080 25883 23623 559E748972263AA7ABA10F01E79A68FA49E03406505B9DE926108E6C927E5525
4020499819 50588 23202 7C20F6CF1A09EEE4F40FE6F70B0F070213E4AE0B9599CF6348B0EAC781225457
4030457671 37717 48638 6642A99AEFC059678462521C4AE458F61380B7CE0A2F8A648741DFF4CEE47859
4027873128 18590 41705 7C20F6CF1A09EEE4F40FE6F70B0F070213E4AE0B9599CF6348B0EAC781225457
4032186342 36150 55333 7C20F6CF1A09EEE4F40FE6F70B0F070213E4AE0B9599CF6348B0EAC781225457
4028012035 57479 15248 DE10426D1782759D33B13306EAC3D3CF1CF942D9E4875F00A42A1349E93696B1
4030955838 20129 29496 90C82734D7085F36EB398F2B28A665D3602C2BA32066E61FFDC27E4E14BD3F6A
4025647224 10394 54881 7C20F6CF1A09EEE4F40FE6F70B0F070213E4AE0B9599CF6348B0EAC781225457
4028520177 5030 11594 7C20F6CF1A09EEE4F40FE6F70B0F070213E4AE0B9599CF6348B0EAC781225457
4022745695 5961 56027 85CC23296B420900178E5B6B2ABC0671E1CD39F4EC49C7F7985B1B55FF4D057F
4024352253 36911 42612 8A2B8B7D3D58E250F7245B760838DBA2FCFE652D51F30640E93B2115A275AB96
4023736175 52343 30759 55E82225CD08874CB83EDA2905957C6003A3271926C7B6BEDBDFE0B2FC64B991
4023434163 36905 53756 6AFAEBD680D65B20A623EEF5E2015C37D78861753CF3B15A4808E529D222A06B
4027928967 46146 11040 7C20F6CF1A09EEE4F40FE6F70B0F070213E4AE0B9599CF6348B0EAC781225457
4024758880 4365 53048 0527AA5CCB673D854155B9D60C1C4CA760646B77CDB173B83DF48C94A9A41B61
4026664774 40955 17994 D65CD2DA6246C2A5804A6D33F085C0E5110A13AFF69CB0E67F6B4BB9BE1F5965
4021381851 41341 61225 AE83B504651749751BCF539CCC91DB5F8FCCED05FD15E7398F5A61FCD6141F5F
4031820887 47858 61798 7C20F6CF1A09EEE4F40FE6F70B0F070213E4AE0B9599CF6348B0EAC781225457
4026532619 33385 62972 47EDFE452F54342D96A01E610109366535479BE659F9064A6F515951E0A626B7
4023261754 47952 54794 7C20F6CF1A09EEE4F40FE6F70B0F070213E4AE0B9599CF6348B0EAC781225457
4021974764 21982 24356 7C20F6CF1A09EEE4F40FE6F70B0F070213E4AE0B9599CF6348B0EAC781225457
4024681544 45088 45134 7C20F6CF1A09EEE4F40FE6F70B0F070213E4AE0B9599CF6348B0EAC781225457
4026013226 43122 64974 7C20F6CF1A09EEE4F40FE6F70B0F070213E4AE0B9599CF6348B0EAC781225457
4028826990 20313 38871 A30C73648FDC2D72B147A4AF5645BA44E9713C0FD8F4FC8CD789050C3706B3DC
4022414174 42293 9477 D6EADC76FDF9C0E0E384F0C7A7EEB8A342D9D09FE50561538C5E4BC0FE7DCDA4
4024003859 22218 61836 7C20F6CF1A09EEE4F40FE6F70B0F070213E4AE0B9599CF6348B0EAC781225457
4022755821 64283 13482 2F37B0A018E72E56D9D7FB2FDC979C139AD6D6F0EAFFCF58288D22EFCAA23EC9
4020554006 53962 17613 7C20F6CF1A09EEE4F40FE6F70B0F070213E4AE0B9599CF6348B0EAC781225457
4021245062 12336 46117 7C20F6CF1A09EEE4F40FE6F70B0F070213E4AE0B9599CF6348B0EAC781225457
4027105795 4088 49459 7C20F6CF1A09EEE4F40FE6F70B0F070213E4AE0B9599CF6348B0EAC781225457
4021709805 24833 34846 1598CA8D7D3AB74E5613EF24021D28C9FB2D1E0AEE8CBEDB11ED856D165A796A
4023920673 63729 5930 0E701F3DACDF3C52150E52FBB7D9030FDF81C3D54E993D6155990EA71FD20F51
4026778338 14805 27098 51022CA1B92E2AF5B974F0E3A2C3AFBA1FF407A1939D6B2A5CF83E930868DDDA
4025325699 46542 6758 7C20F6CF1A09EEE4F40FE6F70B0F070213E4AE0B9599CF6348B0EAC781225457
4028901231 34456 30197 7C20F6CF1A09EEE4F40FE6F70B0F070213E4AE0B9599CF6348B0EAC781225457
4022150808 50632 34210 7C20F6CF1A09EEE4F40FE6F70B0F070213E4AE0B9599CF6348B0EAC781225457
4024093443 42068 56046 7C20F6CF1A09EEE4F40FE6F70B0F070213E4AE0B9599CF6348B0EAC781225457
4020605239 31589 6322 7ADC510E3EB01A4FE53B67B275F2E7915F5D42DC086C15618A86D86685027964
4021747023 9304 31295 7C20F6CF1A09EEE4F40FE6F70B0F070213E4AE0B9599CF6348B0EAC781225457
4025890861 43403 31148 A51A4DD93925D8826D47F2BB697D4887557C4AFE5D6A09BCFDD1F4636E35C90D
4026705625 17083 2634 A4C9D36C0B9834AFA7A81625E520B30D1D7212B0488D1F10479058E38BEF210C
4031408942 25212 8487 7C20F6CF1A09EEE4F40FE6F70B0F070213E4AE0B9599CF6348B0EAC781225457
4030853431 28090 1224 7C20F6CF1A09EEE4F40FE6F70B0F070213E4AE0B9599CF6348B0EAC781225457
4031990746 43160 47537 7C20F6CF1A09EEE4F40FE6F70B0F070213E4AE0B9599CF6348B0EAC781225457
4026979559 56771 394 72D853A422102F4389A5696BDD975040760248316A963537B1B7C9E537A3E390
4032379266 20989 14520 6624BC13BD1671573860482533D193EC7227B52C7CF970C47960D3B656908270
4024895189 4040 28412 7C20F6CF1A09EEE4F40FE6F70B0F070213E4AE0B9599CF6348B0EAC781225457
4029286167 35159 5907 3D3D2ECB37543E0FA765E4B740FE3CAE5C94A6FCEF7DAF0A778DB269E0A2CD08
4026123559 61255 30185 30C58E21828BB13139B7A53A8823EA36A9687A60ABCA6EED3A3A3E9F45A7B57B

Total of 0 tasks calculated error.
