Total of 100 tasks calculated correctly, accuracy 100.00% 
4046522576 33677 30325 23F334305AF8F8887A1C96369EBE7CC7F9007DC245716C895D38A6C996A44EFD
4048262193 22289 57172 FFF0D774BDFCFBE65689BC6029958C88A1BA0E1B98506090D35EE9B2D80B334A
4056164823 13787 43316 4CC09B7E5936F1212D40CE5804274276AFA139CF908A7EAEF306D9999AC93EAF
4047299564 3676 40162 7C20F6CF1A09EEE4F40FE6F70B0F070213E4AE0B9599CF6348B0EAC781225457
4054304460 1334 2656 7C20F6CF1A09EEE4F40FE6F70B0F070213E4AE0B9599CF6348B0EAC781225457
4049671408 24073 35419 E929A39623CFEA1808B50499D0BD1BDC00235D7023166F723323DDA118406D4D
4051642147 9289 17317 3BA344947229775129E1EC84592946350C6A41452A01F5AA88BEF4AB61864F86
4051875734 51214 54315 7C20F6CF1A09EEE4F40FE6F70B0F070213E4AE0B9599CF6348B0EAC781225457
4047626385 56547 9430 F166CF5DDC973D764D587827EA783D5DCF439DD4B503BEE809E4667AA90B7376
4046093521 32047 48435 6F5F153F5416DAF19B399C77735E1622AA94970554AC30D9A8BDAEF3D44D4F3E
4051494088 67 17583 E32168FF7CD49A2A903B90433EA1F368C3C3D19C5F4BA9A71ED0555912C6D70E
4053531677 42311 29431 C8EF82CA09C3663EECE483BC3DB766CC8EB01D69A5A938E12D4B102DBC81248A
4046037465 5742 51182 7C20F6CF1A09EEE4F40FE6F70B0F070213E4AE0B9599CF6348B0EAC781225457
4047252844 11329 33474 451F2BE9B3848F243E94C2BC4ED8628122BF44667E9825FBE130C63D23303799
4045239210 30427 23710 328570CACE1E26349D6C6770957B698B9D5974468F84DB5DA2EEF8E2FAC4DE0C
4047536371 60599 62158 1936D4332EE92F5B13CD5E67848ED36B04E55B9EBBB547D77D12B4456B035F67
4053005034 53588 45623 7C20F6CF1A09EEE4F40FE6F70B0F070213E4AE0B9599CF6348B0EAC781225457
4045924037 58980 29898 7C20F6CF1A09EEE4F40FE6F70B0F070213E4AE0B9599CF6348B0EAC781225457
4050909495 6808 39200 7C20F6CF1A09EEE4F40FE6F70B0F070213E4AE0B9599CF6348B0EAC781225457
4048052339 64559 42287 94DECC7BDBDE3C43E90D9C5D5E4693D07DA6EC68EA5EFEFB1F55CC7374DB5110
4050801375 28185 51778 031E6AA6DCCC16587353A16B89144D6483376AC1F5E15727866CBD8C5CA18D2E
4052298282 26130 48573 7C20F6CF1A09EEE4F40FE6F70B0F070213E4AE0B9599CF6348B0EAC781225457
4045904661 20956 744 7C20F6CF1A09EEE4F40FE6F70B0F070213E4AE0B9599CF6348B0EAC781225457
4051439715 37268 57116 7C20F6CF1A09EEE4F40FE6F70B0F070213E4AE0B9599CF6348B0EAC781225457
4054514800 63778 59 2AC413BE6A48E8EAD4974AF27D2BBE84A822D4794D525A603C7108BDCEFA67C9
4046139977 7638 46662 7C20F6CF1A09EEE4F40FE6F70B0F070213E4AE0B9599CF6348B0EAC781225457
4056200667 49882 5553 7C20F6CF1A09EEE4F40FE6F70B0F070213E4AE0B9599CF6348B0EAC781225457
4052271047 56008 33209 7C20F6CF1A09EEE4F40FE6F70B0F070213E4AE0B9599CF6348B0EAC781225457
4050442632 40460 29134 7C20F6CF1A09EEE4F40FE6F70B0F070213E4AE0B9599CF6348B0EAC781225457
4054459789 630 52217 7C20F6CF1A09EEE4F40FE6F70B0F070213E4AE0B9599CF6348B0EAC781225457
4045700540 9936 5422 7C20F6CF1A09EEE4F40FE6F70B0F070213E4AE0B9599CF6348B0EAC781225457
4048484149 38517 17084 8F7E77AF5FF207BC134C43DBD863EA71D3D9A05B8F65C58D0F9164DF8F2E39B3
4047160684 60778 20194 7C20F6CF1A09EEE4F40FE6F70B0F070213E4AE0B9599CF6348B0EAC781225457
4050567351 61851 63458 60783D5CE988CA29C99167572273AA601322B146AB86695E3ED77C5E092AAC3A
4047022985 35131 60969 E8F836DD077DC70DFB4429148C57483219C07607FFB0C881E040F159BE081F94
4050137519 48743 17386 C13F0F5416F6D2E37D245B6413B21C0D194C5EE32194DA3D81B2AC289290D46A
4053259027 1304 32308 7C20F6CF1A09EEE4F40FE6F70B0F070213E4AE0B9599CF6348B0EAC781225457
4046313290 34058 63618 7C20F6CF1A09EEE4F40FE6F70B0F070213E4AE0B9599CF6348B0EAC781225457
4049577086 22189 36807 DC0006D6077B0F7426A2C44121ADDE1E9BED7415D19E730D1D7078AB4E7727FE
4052914821 42146 6491 7C20F6CF1A09EEE4F40FE6F70B0F070213E4AE0B9599CF6348B0EAC781225457
4054296197 39686 4542 7C20F6CF1A09EEE4F40FE6F70B0F070213E4AE0B9599CF6348B0EAC781225457
4056052218 46404 44357 7C20F6CF1A09EEE4F40FE6F70B0F070213E4AE0B9599CF6348B0EAC781225457
4053039397 60361 4522 2487B32B2671031191C10AB755E5A8D0B38E382AA94A8900CDC5FF73B94872AA
4053978472 64792 47833 7C20F6CF1A09EEE4F40FE6F70B0F070213E4AE0B9599CF6348B0EAC781225457
4049161093 27467 29076 45A32C40ADF62CC4F4C408435F260E1CCB912F5734817724F8FAEABDC94A0F27
4052452604 42605 25391 AB1D67E582AC3238495014199598EAFC54F6368647D1C6098C79EA79A174B928
4047715291 637 41180 5136903CA671C32A466EE41419096AE84000A0CB39BAF7253841ABAE0AF04E72
4054127519 9422 22812 7C20F6CF1A09EEE4F40FE6F70B0F070213E4AE0B9599CF6348B0EAC781225457
4048752316 41836 57072 7C20F6CF1A09EEE4F40FE6F70B0F070213E4AE0B9599CF6348B0EAC781225457
4048928287 23960 14957 7C20F6CF1A09EEE4F40FE6F70B0F070213E4AE0B9599CF6348B0EAC781225457
4046921146 57588 54594 7C20F6CF1A09EEE4F40FE6F70B0F070213E4AE0B9599CF6348B0EAC781225457
4049509487 23609 35024 EF6BD2F753E5447C61E43F866A74525FAEF71E0D4EEFE1DF899DC546F1B141C5
4053142281 15718 5783 7C20F6CF1A09EEE4F40FE6F70B0F070213E4AE0B9599CF6348B0EAC781225457
4045627728 31962 52062 7C20F6CF1A09EEE4F40FE6F70B0F070213E4AE0B9599CF6348B0EAC781225457
4045720990 52220 457 7C20F6CF1A09EEE4F40FE6F70B0F070213E4AE0B9599CF6348B0EAC781225457
4051189886 26255 44613 04D4A9E0F4189649D61125B94F81CB1B5D4D35CE52C3149A39B8EDFAFDA09146
4046873632 14657 22736 FB2169506DFE4A915171EE21D8DA6047815BDDD358310780499EDD581E69FCF0
4051349638 53690 56524 7C20F6CF1A09EEE4F40FE6F70B0F070213E4AE0B9599CF6348B0EAC781225457
4048910267 33078 26689 7C20F6CF1A09EEE4F40FE6F70B0F070213E4AE0B9599CF6348B0EAC781225457
4053703806 35424 38603 7C20F6CF1A09EEE4F40FE6F70B0F070213E4AE0B9599CF6348B0EAC781225457
4046867632 16597 22657 AB9AF6BE4F850A1C3AB4C5AF1C5307A84EA07E28D1EBA011864C7EA0074AB73E
4055547850 20658 3142 7C20F6CF1A09EEE4F40FE6F70B0F070213E4AE0B9599CF6348B0EAC781225457
4055747335 1805 60029 782B76435BCA85F310F51FCC7D096AA16CF75FAF4EB4DD3029D465C25734AEA0
4052477424 13245 28501 A00B7F110E030098C7F2D1BDDCF0E9955F7481768E4E78A6D27CE109CCDFDED0
4045185102 37451 39994 B257F003D050B8A05871E12C4CE58C05BDB08D86BD59BD80DD3D75EC286C97CC
4053194337 19642 65110 7C20F6CF1A09EEE4F40FE6F70B0F070213E4AE0B9599CF6348B0EAC781225457
4053269840 36174 22527 7C20F6CF1A09EEE4F40FE6F70B0F070213E4AE0B9599CF6348B0EAC781225457
4053109650 42307 46862 529F5F4005D85E430C8C0E8A5B8E46ECB6E021BAE97B22EE0E37D4CD4640E17E
4053501010 22540 48562 7C20F6CF1A09EEE4F40FE6F70B0F070213E4AE0B9599CF6348B0EAC781225457
4051916446 28769 28120 BB4936CB353AB5FD0A9F0A0D0282B7504A176DE52BD49EB03C94B79B7A7E9420
4046597264 6403 20434 43F95B874E4BA10C92D6C785575B9EFF58536168108AF22BD44923BAC6A435C9
4047583388 42643 48427 CFC0B90D7C2335E838DE497CA86D61A1D65BD506127DF2742BEA9918670A0440
4048789402 5410 7390 7C20F6CF1A09EEE4F40FE6F70B0F070213E4AE0B9599CF6348B0EAC781225457
4053275388 42847 11277 0353F1950940665B2B0B1C1219D04561F19812E176484E31CEE77F0D1EAF4FE8
4050913190 11309 35257 914903634C3A27F482CF66676380AEB38FD43B02B0700C3A2699B442F73EF7A6
4051780149 60933 3972 928D95BE8AAC26208FEB77B285C8EA81694BDD24C5EA6B58E4E0E57DB388A7D6
4047742882 42761 3881 CA82D104A7D5CE1F9DEC9CD28ADC5E403DBE20310E36820F8B549063F0DD14BD
4049233398 39681 23320 A6BC65B8449D155130B6598656069B7926A261D2FC0F598EC751B688E9FE7CA3
4054365445 54784 54602 7C20F6CF1A09EEE4F40FE6F70B0F070213E4AE0B9599CF6348B0EAC781225457
4048988720 28481 49635 9AC7A99BF6AC0E445CA62E85B7CDD61BDD2492B0DBB94E0504990CAD79B30EED
4046423530 33997 62975 10A7D972C72FD66ECF574938EFEB60895E725218F9D7877778F2D3DA07E446B8
4044789859 30822 9490 7C20F6CF1A09EEE4F40FE6F70B0F070213E4AE0B9599CF6348B0EAC781225457
4045106630 45483 29437 3D2EC8DDCC2FAD71E2764A05EF3459C05712E63E0EF8CADE85EBEC96CB243353
4052712668 14412 33241 7C20F6CF1A09EEE4F40FE6F70B0F070213E4AE0B9599CF6348B0EAC781225457
4053585132 58080 20482 7C20F6CF1A09EEE4F40FE6F70B0F070213E4AE0B9599CF6348B0EAC781225457
4051683237 2454 11541 7C20F6CF1A09EEE4F40FE6F70B0F070213E4AE0B9599CF6348B0EAC781225457
4048753807 49930 28685 7C20F6CF1A09EEE4F40FE6F70B0F070213E4AE0B9599CF6348B0EAC781225457
4051349762 43655 34190 A945E8173D6F48E2A877A4C9A9FD4B062951C927280DCEEA94247BAA4E55376A
4050218235 37361 45908 8C3D9E1EDA63BB666877ECB9B6B75A07DCA2FD7933216B5A7D08CD49245C128D
4051121057 31577 62627 B32BC319EB2BE45F721C992DF3E9E58E05A5734739B1F3459C7A7E9A93520C0C
4045622196 25779 21348 AF481FA38B5656E962A28100E4161DD45954BEE51EC1D9E68F706F5CA19A4532
4056070584 48507 28783 76DE223D63D10AFBDCBC787CC0E29137E8B13627F1D1C05BB65E3D33104EA852
4048971909 43685 63048 BBE686159BC50565CC7F7B0AD16AA160EAAB19C87BCAB388EC21FE142AFD2427
4052994939 44481 58640 A34C308FBC6A26DD053821826F17A472ABA41F4DECD7106FBC76C69FD4489D87
4046201260 27796 6011 7C20F6CF1A09EEE4F40FE6F70B0F070213E4AE0B9599CF6348B0EAC781225457
4047021161 4075 2225 A254DE3A95BD6595B740C8E0DBA19FD37D44D6CA414A25319EC478BE48BB2558
4048530760 23673 16424 A436E19FD524198DFACB127F7693BCDBF874DDEA6EB263CD7F61CF2F8EEF7183
4046955853 5839 48281 89F09C878BB757F02B059FDEC03F4DD50CE2D1CD2750F1CDDAC90055B80C870C
4048595370 43444 24438 7C20F6CF1A09EEE4F40FE6F70B0F070213E4AE0B9599CF6348B0EAC781225457
4046886711 35632 30836 7C20F6CF1A09EEE4F40FE6F70B0F070213E4AE0B9599CF6348B0EAC781225457

Total of 0 tasks calculated error.
