Total of 100 tasks calculated correctly, accuracy 100.00% 
4081804746 109 32838 75AC8DEBB295ADC2562A2909FEF4F7477438A7AEE4A0C47504790581D89883D6
4082473072 7657 52066 4FD9618A8A7B0E6C87B46715E584328733A9499F6A37B7CC194ED44AFEFEF3FE
4087220366 6442 16078 7C20F6CF1A09EEE4F40FE6F70B0F070213E4AE0B9599CF6348B0EAC781225457
4092121379 19356 63574 7C20F6CF1A09EEE4F40FE6F70B0F070213E4AE0B9599CF6348B0EAC781225457
4088480821 16242 22986 7C20F6CF1A09EEE4F40FE6F70B0F070213E4AE0B9599CF6348B0EAC781225457
4082862102 47536 5186 7C20F6CF1A09EEE4F40FE6F70B0F070213E4AE0B9599CF6348B0EAC781225457
4090749672 8096 20159 7C20F6CF1A09EEE4F40FE6F70B0F070213E4AE0B9599CF6348B0EAC781225457
4088501913 36205 3036 38B6C56089AA41EDCD6AA62B06EBFA4585A80FCB92CC92F032A13F96521697E3
4089444369 52568 29579 7C20F6CF1A09EEE4F40FE6F70B0F070213E4AE0B9599CF6348B0EAC781225457
4089193743 27075 26199 75CC7ACBEA6EA03EB9E7C109EA9824D0CEB7D928500AFB625FB9169E7A332875
4087222715 38209 32056 6BF3ABCA9B25B79137D5ACF84E7FD1E2ECFC2E752F361A5179A3C647761ED239
4086904046 20542 31793 7C20F6CF1A09EEE4F40FE6F70B0F070213E4AE0B9599CF6348B0EAC781225457
4087664390 17078 38930 7C20F6CF1A09EEE4F40FE6F70B0F070213E4AE0B9599CF6348B0EAC781225457
4085922557 36068 62253 7C20F6CF1A09EEE4F40FE6F70B0F070213E4AE0B9599CF6348B0EAC781225457
4085740807 62314 55809 7C20F6CF1A09EEE4F40FE6F70B0F070213E4AE0B9599CF6348B0EAC781225457
4084562314 35635 50524 E164699EA68233F47F273713373A39D7C43C29195C6F847F95CCA57A0B444FC2
4085659412 23627 39176 E2592D9E7FE82FDC6D06476C37263DEDACF677F6A72601FC6D572BAEB6451844
4081353486 9980 26986 7C20F6CF1A09EEE4F40FE6F70B0F070213E4AE0B9599CF6348B0EAC781225457
4089379462 9192 35965 7C20F6CF1A09EEE4F40FE6F70B0F070213E4AE0B9599CF6348B0EAC781225457
4082509197 8695 62670 F84DC90D2208EBD873A9BC002EA9D14BABC380D308B93195F2882D4FEE6D7AD0
4086487065 38301 5209 654050CDCE8D5DF23FF7C8F47FEED40039D31275696E2B05889E3A2BD64BBA64
4083703181 24897 31119 7EBF83174133C46F101AC67668A92EC48D621AF66971CBA4C104DC0FCD3C0674
4082569213 35516 48143 7C20F6CF1A09EEE4F40FE6F70B0F070213E4AE0B9599CF6348B0EAC781225457
4090017189 44522 58928 7C20F6CF1A09EEE4F40FE6F70B0F070213E4AE0B9599CF6348B0EAC781225457
4091025757 37627 2209 37AFEB5B4B6B50AF5430A66E363B0FFE6A8C22ADC68475A2DE8D7056A07BFD1A
4089913174 47873 14956 592EED3E7F938D76634847AFB0B9EA5BD8F976951F37EE8E245C56CF126A5AA2
4081276960 26397 10743 18819DB5A909BA0616D2AF9411EB77605C6DED437B8DC1FBF612E2C232E35A54
4085859691 43898 49715 7C20F6CF1A09EEE4F40FE6F70B0F070213E4AE0B9599CF6348B0EAC781225457
4090229497 19676 59359 7C20F6CF1A09EEE4F40FE6F70B0F070213E4AE0B9599CF6348B0EAC781225457
4085473271 30055 59704 8B6C1A0F34FED47E55213CA970592ADC9E48FE2D751C32A485318ECBE84DA122
4090354286 21422 54934 7C20F6CF1A09EEE4F40FE6F70B0F070213E4AE0B9599CF6348B0EAC781225457
4091699617 35753 52779 7128327AEF6385C79A25B3E078019817389E8C83896D2A09A5CFE6EF7C2B79BB
4083303710 54512 37795 7C20F6CF1A09EEE4F40FE6F70B0F070213E4AE0B9599CF6348B0EAC781225457
4085978118 35259 9598 0F9B76F8C3657F820E6F427AA312F1A1B2FC8B6ABF540D8D7116F120E699B69C
4088334745 47806 34058 7C20F6CF1A09EEE4F40FE6F70B0F070213E4AE0B9599CF6348B0EAC781225457
4082638089 16287 10056 DF21F044D4DB994E00E709D41C48938902D982C628A6C7682D9261C1F69A0D50
4087321629 10026 53952 7C20F6CF1A09EEE4F40FE6F70B0F070213E4AE0B9599CF6348B0EAC781225457
4081408166 5921 32099 68BF36E5560ABADC57B62921CFB78E6FE4FAFF432D484E8DAECC9C40F81630E5
4083913215 61617 23594 9DB76EEB9A7E5A2C1E6B8E478E9C2D33BDD45D884AC76C53282169CD5EC10FF4
4086226211 38597 42401 4AF7D9F9E305521CDBDAA21A5F45C1283E4C693A4FBAD7D05BA666F53EA310DA
4090716450 6814 45032 7C20F6CF1A09EEE4F40FE6F70B0F070213E4AE0B9599CF6348B0EAC781225457
4085518829 14997 17326 D182A450D9AB261D90013AB2247B7E9B56CED56949DFC5643FAFFD088393B69D
4087394637 63913 17167 4E690B970B8ECC74C5FEC862E34167AF4B33DEEE43206A133EECE94D50439E2A
4089707774 19908 26700 7C20F6CF1A09EEE4F40FE6F70B0F070213E4AE0B9599CF6348B0EAC781225457
4086563175 17315 61739 93B2CB0978BDA3FF161CFED33D3264F4D3C41A1E27CDEE08D4705F221AE64AFF
4085060365 16506 40357 7C20F6CF1A09EEE4F40FE6F70B0F070213E4AE0B9599CF6348B0EAC781225457
4089341493 33194 12234 7C20F6CF1A09EEE4F40FE6F70B0F070213E4AE0B9599CF6348B0EAC781225457
4089060719 10111 47385 77D498B243E2EA9CD45894825F46543D1D1D773FBD709CCE9AFA7457085DB8C1
4083950863 31466 36830 7C20F6CF1A09EEE4F40FE6F70B0F070213E4AE0B9599CF6348B0EAC781225457
4080674088 53069 53136 316E46612505BA67A9B0A2C4A7ED8541C488D44359D1B2E9FCAD7EF134775A4F
4090180065 5217 54870 E052A56194D3CF99ABBDB7304219AE7754D0712BF2EC4407A086AD3CCDFB3F28
4091799940 5561 38506 927474C4F533739762D9675EEA9996386C377ED83E08F5F035783C2BAA15D76B
4092028436 30823 63079 97DD1FFF53302DB7B12DC57D763B63C40B3592F58D968C3EF54734B1C13307E9
4092152593 8582 55730 7C20F6CF1A09EEE4F40FE6F70B0F070213E4AE0B9599CF6348B0EAC781225457
4082392903 61438 33450 7C20F6CF1A09EEE4F40FE6F70B0F070213E4AE0B9599CF6348B0EAC781225457
4081731635 49867 46260 53406883FAC30D799DD41CAD15D3C5020628237AD152086CFA9577C2E1F69C8B
4085797475 52817 43573 3223743E770E4E8591DCE3F6973E3E9E2C3A488971590D090914AC4AB8E00574
4090861591 30195 42740 2F0E0256ADD0D55CCB0B624FDEC94F3068422220B2D0BC7127226173BFA1FD27
4089415487 41272 34673 7C20F6CF1A09EEE4F40FE6F70B0F070213E4AE0B9599CF6348B0EAC781225457
4084444973 64752 22305 7C20F6CF1A09EEE4F40FE6F70B0F070213E4AE0B9599CF6348B0EAC781225457
4087387902 41503 62967 E7AE97BC637DFE7D505D3968387044F10F7F672C519C181DD231C232B88E25CE
4092297636 4884 54674 7C20F6CF1A09EEE4F40FE6F70B0F070213E4AE0B9599CF6348B0EAC781225457
4081326915 24328 32486 7C20F6CF1A09EEE4F40FE6F70B0F070213E4AE0B9599CF6348B0EAC781225457
4085991017 18737 7432 3E9BBBAD1ACFACFD3AC3EA620EE4666E7FE598A98BDB15E290015A0A839B9D06
4086574504 16868 44724 7C20F6CF1A09EEE4F40FE6F70B0F070213E4AE0B9599CF6348B0EAC781225457
4083889075 52644 49490 7C20F6CF1A09EEE4F40FE6F70B0F070213E4AE0B9599CF6348B0EAC781225457
4080811836 61171 1442 335A3DF18FF3DBF804C7BB18217C6A9904FBB3B0C1D5586C0672E13B4835DF9F
4091015397 10126 14583 7C20F6CF1A09EEE4F40FE6F70B0F070213E4AE0B9599CF6348B0EAC781225457
4085398230 62574 29243 7C20F6CF1A09EEE4F40FE6F70B0F070213E4AE0B9599CF6348B0EAC781225457
4088230293 56764 64886 7C20F6CF1A09EEE4F40FE6F70B0F070213E4AE0B9599CF6348B0EAC781225457
4091576086 18736 5320 7C20F6CF1A09EEE4F40FE6F70B0F070213E4AE0B9599CF6348B0EAC781225457
4089400334 13528 10427 7C20F6CF1A09EEE4F40FE6F70B0F070213E4AE0B9599CF6348B0EAC781225457
4082494571 55885 21157 70A12B3FB3645CB483ADFE8A20FBE399F830D2D3B43FD40B17000946B7543DF7
4084163498 25123 37895 0974C35CBE4447E653ABEF9A2DDC31C3BEDF40BB74420C4B5329FFE74458B029
4086310828 37385 1875 FCB4B3AF9AD5AE6CAF852BD5E0B5A4319B6B2EEEDFFDAB1DC54C874D8D3C12CC
4085138768 57368 51611 7C20F6CF1A09EEE4F40FE6F70B0F070213E4AE0B9599CF6348B0EAC781225457
4082477691 39707 59164 077F162AB75940116693781A67528F472D04647015F47B81DD05E0D6EEB405ED
4084807360 10715 23828 E92FDF0E380DFA528A98DFB64334AAB78001AC8BF2A10046C18D3858B61E11FD
4091207486 65360 48220 7C20F6CF1A09EEE4F40FE6F70B0F070213E4AE0B9599CF6348B0EAC781225457
4089298157 2013 24396 5A6E44F3FA6FC053844990539BE5E9BECA8C6DB6C92B25F916EA82468252BCAD
4089742565 56875 38964 5B2BA7AEFA6EC2A6969DA9D5B907399ED5A32BAF29BD22BEEC4A974203889282
4087401314 10957 64743 7128771085E935C4C48F6EA89C7A6D9FF19DECFEAA85FB301B0FDCEED2592C2B
4087017351 8276 47838 7C20F6CF1A09EEE4F40FE6F70B0F070213E4AE0B9599CF6348B0EAC781225457
4084264705 10706 44119 7C20F6CF1A09EEE4F40FE6F70B0F070213E4AE0B9599CF6348B0EAC781225457
4081552180 38348 44986 7C20F6CF1A09EEE4F40FE6F70B0F070213E4AE0B9599CF6348B0EAC781225457
4091021351 40493 16759 CFAE83FBF76E693B59B4B744E1E628410AD06561CEFECF0A5060B03026FAE309
4083445730 11594 21140 7C20F6CF1A09EEE4F40FE6F70B0F070213E4AE0B9599CF6348B0EAC781225457
4082914233 47596 44907 7C20F6CF1A09EEE4F40FE6F70B0F070213E4AE0B9599CF6348B0EAC781225457
4091147581 6929 52192 BF6565181B53CE3E031AD5051A3F7A06110E359BCE1C558D330F86B0915ABAA3
4085174725 18291 23341 D316DC76FC7E91A078C43FBD0B72D7364430F8D4384824251CD274835F58DAD7
4084470672 39676 23778 7C20F6CF1A09EEE4F40FE6F70B0F070213E4AE0B9599CF6348B0EAC781225457
4083216166 14584 20805 7C20F6CF1A09EEE4F40FE6F70B0F070213E4AE0B9599CF6348B0EAC781225457
4082514027 15941 28475 69449560F89CF02000544087916200B90F609DEB8E8FF29E5B511BF18F63C671
4087118147 895 30005 1DFF46EDF6AF4544C411CBA36FEF5D16642D02F69599F7CF1DC4F810A559D20C
4080856314 9362 33585 7C20F6CF1A09EEE4F40FE6F70B0F070213E4AE0B9599CF6348B0EAC781225457
4087050814 32813 40862 FBD65611D2360DB5544D0BEA8C72CFA55A0F896E2534F0BC906A734CFC5B356C
4083304966 40023 51181 2B96ACFB34284FC708D1B11B04BAE6AA60665AB647BB1B2D4B01EF505EB3F8D2
4081032529 50472 35164 7C20F6CF1A09EEE4F40FE6F70B0F070213E4AE0B9599CF6348B0EAC781225457
4085878318 18309 34582 F60C71415FC4F4B0DBF6E5FA170378FEF310D43CDDE8BE24A8D892449A56D8CF
4088076637 31208 41684 7C20F6CF1A09EEE4F40FE6F70B0F070213E4AE0B9599CF6348B0EAC781225457

Total of 0 tasks calculated error.
