Total of 100 tasks calculated correctly, accuracy 100.00% 
4200013446 20040 33297 7C20F6CF1A09EEE4F40FE6F70B0F070213E4AE0B9599CF6348B0EAC781225457
4199990372 27860 30734 7C20F6CF1A09EEE4F40FE6F70B0F070213E4AE0B9599CF6348B0EAC781225457
4190561584 12445 54798 F69F3D2675F661782EFF7D5878833CFCED95F98DD532F22EB12E6DBE8D8CEC19
4196386455 45989 5547 4F75F8F129E624746996FB6140224ED6FACC15EFC4E5ABB423E5068925EFA64F
4190323678 30566 2647 7C20F6CF1A09EEE4F40FE6F70B0F070213E4AE0B9599CF6348B0EAC781225457
4198223658 54787 37311 C37BE9A893EF6B0B41FA0741DE015914DE9A20E89B2B71D134DD4C7F3C37B6A8
4198000202 20400 35175 7C20F6CF1A09EEE4F40FE6F70B0F070213E4AE0B9599CF6348B0EAC781225457
4188655646 6362 28307 7C20F6CF1A09EEE4F40FE6F70B0F070213E4AE0B9599CF6348B0EAC781225457
4190289166 60571 34398 3F1751D603F9A034DA56934BDCC2D799054AFF1C24F50E7EC529A32A01D985F4
4194234514 46718 24486 7C20F6CF1A09EEE4F40FE6F70B0F070213E4AE0B9599CF6348B0EAC781225457
4193304350 55293 44904 9A86853D254FF31ACD35B8A96307C651CBBFD765B314CD93A0C1D5EE54FEA11A
4188774279 41650 40512 7C20F6CF1A09EEE4F40FE6F70B0F070213E4AE0B9599CF6348B0EAC781225457
4191925353 1431 59382 6F96C17793611DB2F1AF2EB47DC68EB7318FD0EB1B5354C7BFC7D37B908B71B2
4193575964 63097 11587 0ED72DDFE9F0E0DFFA4A7FBA4D66BA1B88D296503E8616EFBE77D5EEC82E5D3F
4195572085 55723 28154 7D458AD076E8A100397B659DEB0D6FB9FA47E4DC38C8153140CA83BBAB753FD4
4189043744 22963 17276 21BA52591B5C57A18262FB437DD4839E2A8AC82DC58F1772A8FF4BF78776884B
4191772660 38959 30075 BCF69473AB1B158DAC6C4B4E78AFCCE2B613772C91A71812CC68548C244A5AC9
4194384031 2643 51351 CE51F61BEBAE8D9FBA9CC1F3C406BCB6E2F3CD78169604F00AF7B2C27CFBD7EE
4194056353 5629 38918 06A7187033C25246BDFF9E7B1B5FABC7B0F1EDDEC58318C321B9F860949CFD50
4199529949 22031 59692 B6704AD7F7CF4BF8867A088D69ACDDF0723F5FD0C6A269CDE642062E890EBFA6
4194924993 3213 22021 FE7BF8CC5BB370FFA2FB5A6742C7FAE77F7137C3CA2D0CBDD8F284EBF9923A66
4196925542 53924 40342 7C20F6CF1A09EEE4F40FE6F70B0F070213E4AE0B9599CF6348B0EAC781225457
4198797499 49485 44905 FB321BFD173A9068C420479968F6B2D349FC8F4A348C1FDBA5D16129AF18B8D2
4192232157 39982 29937 7C20F6CF1A09EEE4F40FE6F70B0F070213E4AE0B9599CF6348B0EAC781225457
4199655668 21391 55775 0AA7B85947E731E2FE2959D873B1C0AC5782CCBA804296CEB00D71D3F3B2E1AF
4193542201 48903 29215 BA3F806E540836FC231F1E35C077F649BB8273868AB776979CADA8810BE47181
4189457293 26754 59392 7C20F6CF1A09EEE4F40FE6F70B0F070213E4AE0B9599CF6348B0EAC781225457
4195955944 33246 39008 7C20F6CF1A09EEE4F40FE6F70B0F070213E4AE0B9599CF6348B0EAC781225457
4198827370 20502 47574 7C20F6CF1A09EEE4F40FE6F70B0F070213E4AE0B9599CF6348B0EAC781225457
4194461912 54942 37243 7C20F6CF1A09EEE4F40FE6F70B0F070213E4AE0B9599CF6348B0EAC781225457
4195592416 31909 9643 668B9B68846C864DDCB96DCC5A22B96B27F4587E322A79094C8B80AC93ABF5F6
4194943322 56201 64020 637A665FB0898FC8FC33301AF6E9B3CAE583E3670E2D22A56965903C52028875
4193724401 42123 3385 88629763C71442087E42584DBC1A25A6120FFC18EBFA2A755D4FF6A2D4AD812A
4200151621 52404 10080 7C20F6CF1A09EEE4F40FE6F70B0F070213E4AE0B9599CF6348B0EAC781225457
4199597430 46065 35866 757145B3157E3BB399817223988C6C68EEA51DDCEB4702AE4AAFA6C9E1E4A9A1
4193539885 44954 25955 7C20F6CF1A09EEE4F40FE6F70B0F070213E4AE0B9599CF6348B0EAC781225457
4200080549 28072 17499 7C20F6CF1A09EEE4F40FE6F70B0F070213E4AE0B9599CF6348B0EAC781225457
4199803900 10544 38240 7C20F6CF1A09EEE4F40FE6F70B0F070213E4AE0B9599CF6348B0EAC781225457
4195806683 64736 63161 7C20F6CF1A09EEE4F40FE6F70B0F070213E4AE0B9599CF6348B0EAC781225457
4196351903 23691 42304 05A27ACC26292F34406C764294F6B70D6F9AF35AC03CCD12ED45B67D1A58E98C
4193581005 4611 41534 D3267757C43B6E0EA67A65EB2DB39E383D721CFCEBC04C4D0CFC8D01A717D41A
4196067855 8980 4671 7C20F6CF1A09EEE4F40FE6F70B0F070213E4AE0B9599CF6348B0EAC781225457
4193601095 4633 33990 B572A0C009D06FA02A8C586D7EEBD4CCF5956663DA8ECE5D347B8D3A665A0B83
4199022811 23993 25785 32D5834F1170B34B6524F558CEF091989C280087A39788FE45FC82B6C664EFE0
4198937997 5507 580 2D17B2B34333892EA97EB04A549EF488D189AD66EF09B3E22CBF586E71D13179
4192049190 51207 51345 95E5A7D090824476C1D8CB2567672E44C12C4A427915514F5D2FB8903BB5A1EE
4188735104 3213 22033 3D96F80D476134DBADF80B4AF6CAF939600AB96B7C00D6125579FAD72F5438D2
4189966590 21968 1132 7C20F6CF1A09EEE4F40FE6F70B0F070213E4AE0B9599CF6348B0EAC781225457
4192447601 53961 9176 305C11A1B1E9850B2292802CD307F1A2BD35254C39EF268A07E7BB8C38FB40A2
4193994769 40206 25974 7C20F6CF1A09EEE4F40FE6F70B0F070213E4AE0B9599CF6348B0EAC781225457
4196415984 14114 35976 7C20F6CF1A09EEE4F40FE6F70B0F070213E4AE0B9599CF6348B0EAC781225457
4193866989 34426 1779 7C20F6CF1A09EEE4F40FE6F70B0F070213E4AE0B9599CF6348B0EAC781225457
4190792307 10348 62718 7C20F6CF1A09EEE4F40FE6F70B0F070213E4AE0B9599CF6348B0EAC781225457
4194144347 6288 28908 7C20F6CF1A09EEE4F40FE6F70B0F070213E4AE0B9599CF6348B0EAC781225457
4196247145 31346 27081 7C20F6CF1A09EEE4F40FE6F70B0F070213E4AE0B9599CF6348B0EAC781225457
4196285859 51951 60166 24D86DA479737C3726BB6FD1BDB71D68BC48FA5553A312943223B488D350F014
4194621775 52909 30820 3D52E626195924FA51A93B28D1BD5AFFEE4337465629A9DDD830BA0A0245A3EB
4197749443 50341 26784 7CE9ED88BE20FDDCBA5A197A36A138EF7B54BFF329490B1E5930B36779D4B497
4193286583 48608 16889 7C20F6CF1A09EEE4F40FE6F70B0F070213E4AE0B9599CF6348B0EAC781225457
4198498854 12208 10879 7C20F6CF1A09EEE4F40FE6F70B0F070213E4AE0B9599CF6348B0EAC781225457
4196996386 60407 42703 EBFAB7BE403434869243782236231E9F703C56B652BAA070DC5AF05D9CAD20AE
4195353622 15935 28441 B1EB49A20E158A311F40B436388CFD60B13349EBCEBFBD804035294F36B9821E
4199572771 11701 26080 D78C74E4CA367B29EB7C2FB32837C00536A893BA6B1874A77673EF9BDE8735DD
4188493868 10759 44767 7752E688B99635D52BDE825EEFBCC8E5CE4E2D9617C53EBC620E22DCFF70344D
4191819804 21143 64356 D0378EA7B24421630805339ED9EDA118F9F32421B93249D8294C1840DB8098F6
4198719191 55939 26066 B5E19655C7EB4756E29A5DF276C1016BC3F6B93BEB83E1A716CC9D5A621364DF
4190160745 56577 32230 2858E1FDD283F3D713C4254CC942201DD54D1263722821EF91278C93BD1E4CD9
4199380458 20729 46363 752C1D7E77D2C19067B9412B9722C317BF030FD696E087E888BD2E19478EBD59
4199600776 10430 61533 7C20F6CF1A09EEE4F40FE6F70B0F070213E4AE0B9599CF6348B0EAC781225457
4190293135 40196 33101 7C20F6CF1A09EEE4F40FE6F70B0F070213E4AE0B9599CF6348B0EAC781225457
4194469074 58394 2512 7C20F6CF1A09EEE4F40FE6F70B0F070213E4AE0B9599CF6348B0EAC781225457
4191278192 9722 33114 7C20F6CF1A09EEE4F40FE6F70B0F070213E4AE0B9599CF6348B0EAC781225457
4193218880 9095 36429 11777884C2F758D52FB249C51A8D868965DDF43B37F919011D8E5811C8A3015A
4191382088 38619 2240 380213E6B53FB6A1068BFA76D091B3CFAFBDF09EF793B0D2262B954CDD10CF36
4195000787 46972 21162 7C20F6CF1A09EEE4F40FE6F70B0F070213E4AE0B9599CF6348B0EAC781225457
4195887540 26190 61023 7C20F6CF1A09EEE4F40FE6F70B0F070213E4AE0B9599CF6348B0EAC781225457
4196577972 56245 17413 B2AEA4C1A6D7C85F61B8F8BA489BE77199BEF09302EEE0866226B055E75F09C0
4188715285 12534 27662 7C20F6CF1A09EEE4F40FE6F70B0F070213E4AE0B9599CF6348B0EAC781225457
4196340844 22625 2562 6CD6A2B6026CF7DF754698DF29A5D3A09AAD3387B94A88E73F990819E9B7F99F
4198703890 29395 1121 FFFBB581512A48925CC223632F065343165470718A937B92EE3B058B4C0E73A6
4197633183 25543 37879 0E5F0BC24F93E9F7D95AD3C26BCD7E5D59A894B666317434FCD5A2E9EB1C89EC
4196356405 38392 47834 7C20F6CF1A09EEE4F40FE6F70B0F070213E4AE0B9599CF6348B0EAC781225457
4193017214 32475 31267 CEFDD233C74349B2F4D3FFB0EDC96C41FEB81992F8812B0F0C8E3281564A4CDA
4198648412 43465 27405 2CE45AA2CD930D3CABFF54AF3EC0118202E71C5799977D105A1BE1F5EAC88667
4197338458 51405 32627 3F292A9771FEF92FE6F4F7FB9139BFBAA4C09EFA6841382AC4666839342E5E8C
4198153826 57459 42276 1A54E99599C9E24FD727FF07887955DC8D19B0DC0FA903FFF4428B00BBBEAB35
4193153339 33442 19641 7C20F6CF1A09EEE4F40FE6F70B0F070213E4AE0B9599CF6348B0EAC781225457
4190610628 41747 33547 3F0D0E76753D680185B07FD872D761AA7DD71D28A3989C0486291AC4FE31E35E
4193971181 35877 52465 ABF16ADD79CA50CDC5D3428CCA83F5D37F2A590F1927131934FC728B2903F111
4197371828 5277 9237 2D2AE04A2968CD9F5035C25568213477AE4BE14626C2F6D87DCD98BC7EBBD42E
4193818847 11264 41593 7C20F6CF1A09EEE4F40FE6F70B0F070213E4AE0B9599CF6348B0EAC781225457
4194655782 4501 28205 EF2597C2504EFE3FF038809180AF8F1D0AAB910144C8418BCED51B17BFE89734
4198527818 27415 8061 4B2922993F6CC3F58AEC41D532BBBEBF6E0334802D4D6E6A2E797E52E4D15894
4194905051 61718 4477 7C20F6CF1A09EEE4F40FE6F70B0F070213E4AE0B9599CF6348B0EAC781225457
4192283422 16440 34691 7C20F6CF1A09EEE4F40FE6F70B0F070213E4AE0B9599CF6348B0EAC781225457
4191651909 20757 49260 58031BA9D1D37D440D44EB3EC62F05E8B8C8D21E997F1C6CEB0EB8465B95AC9B
4191837156 52555 60837 E6910EBC02A18CE9F5750CDA5444DF5A04D98D9CF9538FE1945E6774EB5240CA
4188518505 30551 56321 E86128482A365673692E8C5AFE138BE9C5F90A9B6DEF66D956E64EF7B274D7AF
4195579620 40294 48199 7C20F6CF1A09EEE4F40FE6F70B0F070213E4AE0B9599CF6348B0EAC781225457
4198682087 53882 28220 7C20F6CF1A09EEE4F40FE6F70B0F070213E4AE0B9599CF6348B0EAC781225457

Total of 0 tasks calculated error.
