Total of 100 tasks calculated correctly, accuracy 100.00% 
4207835581 47079 33874 C230FBB75EB7B3E0977C38E6B2ACFA644E425E489E1D7151F7DD8CFD2387A0AE
4201645129 21981 4616 AE9016800D41CA617B07D581B18DD213C1951695777E58C56F877009EE9CC85B
4201839744 62409 33644 BCB33273CEC0ACB1C7F1E893C1B9213916E9E7DA5BD28B6EFA21BD12307D9A9C
4211594154 32511 43826 5AED7959952611E46BB6F9CB32CB21B80903509BA10CBC48001CF70A1E138320
4206885337 52101 62371 EE0A599A2569A8B43FAEDDC07F5F014D2F6A23D907363D2EEFF3AC1935321609
4209056095 62067 4187 79AB1BC78EE4A9E6EAD4417C6E4743565D712B7D8FE296E011BA45C6A6CFE44F
4206509142 22995 12541 DD1A9059ABF8B210155755FA05077108D997B30DC1CB2C9FC107483F41052ABC
4209039588 36115 26951 2A2A56EC76DF8E4A9067A478040DEAD3695CC7FB05D18B6C9B700C6BD64CF99F
4201851708 2286 44217 7C20F6CF1A09EEE4F40FE6F70B0F070213E4AE0B9599CF6348B0EAC781225457
4210792391 51759 45750 004CB40A0E3D5A8715094AD7BC02DF5F3C102F022F63023BD90CE635F4914367
4210777255 42602 1292 7C20F6CF1A09EEE4F40FE6F70B0F070213E4AE0B9599CF6348B0EAC781225457
4202389354 50644 51156 7C20F6CF1A09EEE4F40FE6F70B0F070213E4AE0B9599CF6348B0EAC781225457
4201188884 32050 65206 7C20F6CF1A09EEE4F40FE6F70B0F070213E4AE0B9599CF6348B0EAC781225457
4201330779 48743 18592 6A975FAC92B2122BC59683C7A757DA4DA3FB925E4F8D4C26E8317DB4D6789954
4206265592 63338 540 7C20F6CF1A09EEE4F40FE6F70B0F070213E4AE0B9599CF6348B0EAC781225457
4202095895 61488 36023 7C20F6CF1A09EEE4F40FE6F70B0F070213E4AE0B9599CF6348B0EAC781225457
4209317225 10543 14915 9211B70ACEDE7F0B06E484755C1B4579258BC2C708434F08B4F313FC1E0E6586
4205832779 61733 14004 5E014BF116BB5B3E430B11628DD48CD0E985292F3DF6786A0583392226CDE59E
4211764027 45997 18416 FF27D79BAE73FB242D380C6EE4BC077A8FD355881E57AA06505B5F59D80C5597
4200991375 11273 31791 16D298C3F64B7864F523EC7FB05E5F05756AC2B95B0271456E8E0A5133B968AE
4201124246 57987 47120 6B60FED9B945433C3F5288E7C41ACFC76171D955573F4EE8FDB6EE0245BBAB8B
4200862155 34994 37223 7C20F6CF1A09EEE4F40FE6F70B0F070213E4AE0B9599CF6348B0EAC781225457
4209756059 14198 17424 7C20F6CF1A09EEE4F40FE6F70B0F070213E4AE0B9599CF6348B0EAC781225457
4201035387 38280 21586 7C20F6CF1A09EEE4F40FE6F70B0F070213E4AE0B9599CF6348B0EAC781225457
4211845675 42938 48433 7C20F6CF1A09EEE4F40FE6F70B0F070213E4AE0B9599CF6348B0EAC781225457
4201583258 20570 28255 7C20F6CF1A09EEE4F40FE6F70B0F070213E4AE0B9599CF6348B0EAC781225457
4210678084 25103 8125 C3E051F9F4972341010E45CF213203D0BEBCB3B426EAD2391EDA47D9D63DA149
4203698902 22991 33617 9D95C827F138771E29E78D2D2D85D921BFD45F866DD93E6C7B0B61D6D5DE9F5D
4203972771 63936 12420 7C20F6CF1A09EEE4F40FE6F70B0F070213E4AE0B9599CF6348B0EAC781225457
4204515704 21557 5217 3E973EF393809B553BF7BAF78E94FDAFE67F187C1CED857AC349F7EBAC275710
4211127536 29636 15751 7C20F6CF1A09EEE4F40FE6F70B0F070213E4AE0B9599CF6348B0EAC781225457
4204192074 12036 55130 7C20F6CF1A09EEE4F40FE6F70B0F070213E4AE0B9599CF6348B0EAC781225457
4208485956 40474 52762 7C20F6CF1A09EEE4F40FE6F70B0F070213E4AE0B9599CF6348B0EAC781225457
4206049146 3152 3699 7C20F6CF1A09EEE4F40FE6F70B0F070213E4AE0B9599CF6348B0EAC781225457
4203421433 32572 62143 7C20F6CF1A09EEE4F40FE6F70B0F070213E4AE0B9599CF6348B0EAC781225457
4206373489 51801 6448 0CD5891FE01A80D231804B1E77DD38EE906C78AFB769FE2B25D30A7586EA15AD
4209721217 60307 44460 3C53F4511107C8240BB0F60543132B70AD91B632FFA154AF2BD071D1AD94C5F0
4205095885 53187 54960 35BB5475655ADE4C273A75B05C97921232329ABD169D27EC0C8477611CDE7D0E
4201169843 49209 9004 7CD552F0DDB6A01BE971F560A9C19C9D8015DAB0D08021DC2FAAA8D7B12232FF
4204787171 21126 37365 7C20F6CF1A09EEE4F40FE6F70B0F070213E4AE0B9599CF6348B0EAC781225457
4207403930 51208 53429 7C20F6CF1A09EEE4F40FE6F70B0F070213E4AE0B9599CF6348B0EAC781225457
4205401868 2524 61504 7C20F6CF1A09EEE4F40FE6F70B0F070213E4AE0B9599CF6348B0EAC781225457
4211476994 49835 993 859DBAD96FFCEDF0F9ECB825BE91D0EAA9FE1A9E33C9551D426A89D48C9D5B6A
4207929314 20503 7409 B1CC4A301E4861C86A0AD003726E59BD3F2EC803B84540C3AFD5C9FC98361446
4202497308 9659 24204 7FF879B74C06DE436C61E56230EB3B52CD5ECAEE3593771DFCB7C06AFE8D7A51
4202117950 58838 30549 7C20F6CF1A09EEE4F40FE6F70B0F070213E4AE0B9599CF6348B0EAC781225457
4203969223 36254 63165 7C20F6CF1A09EEE4F40FE6F70B0F070213E4AE0B9599CF6348B0EAC781225457
4209434125 13942 48823 7C20F6CF1A09EEE4F40FE6F70B0F070213E4AE0B9599CF6348B0EAC781225457
4212082677 24357 16070 DC96C3477F723FFD896D5AFD0B21B4B482C1218F42DC7154D8564BDA6173900A
4209324164 1534 49871 7C20F6CF1A09EEE4F40FE6F70B0F070213E4AE0B9599CF6348B0EAC781225457
4200744171 48015 44975 F8FD3B83658C2A868074D1233962BD43F99DCE06A7D4EF4500CB0874A7229B72
4211785288 39386 34024 7C20F6CF1A09EEE4F40FE6F70B0F070213E4AE0B9599CF6348B0EAC781225457
4201574709 14320 16095 7C20F6CF1A09EEE4F40FE6F70B0F070213E4AE0B9599CF6348B0EAC781225457
4202184425 18260 46268 7C20F6CF1A09EEE4F40FE6F70B0F070213E4AE0B9599CF6348B0EAC781225457
4207346111 52330 21082 7C20F6CF1A09EEE4F40FE6F70B0F070213E4AE0B9599CF6348B0EAC781225457
4206119873 9712 56397 7C20F6CF1A09EEE4F40FE6F70B0F070213E4AE0B9599CF6348B0EAC781225457
4211582568 17356 7495 7C20F6CF1A09EEE4F40FE6F70B0F070213E4AE0B9599CF6348B0EAC781225457
4207163726 50388 21539 7C20F6CF1A09EEE4F40FE6F70B0F070213E4AE0B9599CF6348B0EAC781225457
4207903227 12881 58052 415713B93F97F54E475224E40434AEED6E0E10CB93B3025D39F72535B60FD375
4206385696 48425 45017 50BBAA6FAD5E122A8FC42FFB5FF82D1B7A29B054C54850D9E513A827E1E28AE4
4203547199 53042 18220 7C20F6CF1A09EEE4F40FE6F70B0F070213E4AE0B9599CF6348B0EAC781225457
4209163922 22431 1999 FF81D35BCE1A8302AF7BF69E1BDD08E16859D9A985F6CD6BCAF187ED506D26E6
4203679374 48836 27599 7C20F6CF1A09EEE4F40FE6F70B0F070213E4AE0B9599CF6348B0EAC781225457
4202597822 9236 35748 7C20F6CF1A09EEE4F40FE6F70B0F070213E4AE0B9599CF6348B0EAC781225457
4205843824 64176 7459 7C20F6CF1A09EEE4F40FE6F70B0F070213E4AE0B9599CF6348B0EAC781225457
4210633684 15036 48961 7C20F6CF1A09EEE4F40FE6F70B0F070213E4AE0B9599CF6348B0EAC781225457
4207077633 49370 6344 7C20F6CF1A09EEE4F40FE6F70B0F070213E4AE0B9599CF6348B0EAC781225457
4204236919 63318 10966 7C20F6CF1A09EEE4F40FE6F70B0F070213E4AE0B9599CF6348B0EAC781225457
4208044862 3567 27835 277341C05770E9568B7C86055261A384AA28D8171E07E0EB2D790C454BDD9DF0
4206423006 20290 23152 7C20F6CF1A09EEE4F40FE6F70B0F070213E4AE0B9599CF6348B0EAC781225457
4207748080 39945 2379 81BB647681DDF1F4902BE2003FF543DABDA265D6F6F23668C9213F08B27A32D2
4203037111 14481 54216 F424B7D060844DAE21E6066772EEF1223AA2C8ADBA32DCADC453C73EDF205BF1
4206756808 58650 2438 7C20F6CF1A09EEE4F40FE6F70B0F070213E4AE0B9599CF6348B0EAC781225457
4209557858 1702 1249 7C20F6CF1A09EEE4F40FE6F70B0F070213E4AE0B9599CF6348B0EAC781225457
4206419048 51107 47640 A2E045603132D1DD2E7B6A0F40D3DCC0331A8A808B19584073FAA4820A74BF5E
4202100015 36059 5349 0F5EBBC5049EB7316DC4369F35FB3354BF111A5D6FFEC8AF61739312D7E7A53C
4204181147 45460 42128 7C20F6CF1A09EEE4F40FE6F70B0F070213E4AE0B9599CF6348B0EAC781225457
4211273472 64922 48151 7C20F6CF1A09EEE4F40FE6F70B0F070213E4AE0B9599CF6348B0EAC781225457
4202101875 43518 41230 7C20F6CF1A09EEE4F40FE6F70B0F070213E4AE0B9599CF6348B0EAC781225457
4209414870 50556 10607 7C20F6CF1A09EEE4F40FE6F70B0F070213E4AE0B9599CF6348B0EAC781225457
4202594764 38610 26175 7C20F6CF1A09EEE4F40FE6F70B0F070213E4AE0B9599CF6348B0EAC781225457
4205489424 803 15434 3E06F3791472C8B8E146C03CD3C453249F934BA77B52893D5CFBCD1F20FD5B68
4205833327 20279 23054 E8B24B8941CD3D8DB0F1178F1CF5422739FDCC52AE0119BED7F6F99C9047C4C5
4207519209 25052 52920 7C20F6CF1A09EEE4F40FE6F70B0F070213E4AE0B9599CF6348B0EAC781225457
4210878883 28850 43911 7C20F6CF1A09EEE4F40FE6F70B0F070213E4AE0B9599CF6348B0EAC781225457
4210796928 15659 36662 75D0B3F6085F644E166B6873FF4EDE83F181E8BD0CF7BAF79E6B5FD111A94524
4210915450 37577 14027 CBAE25EFA1A464B47185B5BACBC61FFD7C06F30E4D806F3BAEAE80AF9A44EEEB
4210149254 31671 61726 764BB8972A57A77399B8C3591403798B5D32B22163D69315912E2909E6159367
4208655211 48602 862 7C20F6CF1A09EEE4F40FE6F70B0F070213E4AE0B9599CF6348B0EAC781225457
4212365642 4696 17659 7C20F6CF1A09EEE4F40FE6F70B0F070213E4AE0B9599CF6348B0EAC781225457
4204784375 27603 55252 72DD2868C61C2157D0F3F4BBB281526C9B20EC91119F2FE62BC6D6DC1E7955D0
4207100424 42798 14332 7C20F6CF1A09EEE4F40FE6F70B0F070213E4AE0B9599CF6348B0EAC781225457
4210166729 29766 4543 7C20F6CF1A09EEE4F40FE6F70B0F070213E4AE0B9599CF6348B0EAC781225457
4205164359 44121 62710 4B13E232043DDA7AED983722E5D9E350A3FD7CB596C7D6982DCF3C6EE80AE11A
4203765406 26654 17429 7C20F6CF1A09EEE4F40FE6F70B0F070213E4AE0B9599CF6348B0EAC781225457
4210415328 60862 58495 7C20F6CF1A09EEE4F40FE6F70B0F070213E4AE0B9599CF6348B0EAC781225457
4207679771 12513 59386 84274B277903E6FE37213B8425D2D1A4CBBBFFEB4D66A66EC3A50D8E3DEEF085
4204393825 13721 28011 79AE635F645FC873A9D40A41FE2773ED1F47D87219D07D9B861E9F56EDD147E2
4208898747 53300 20119 7C20F6CF1A09EEE4F40FE6F70B0F070213E4AE0B9599CF6348B0EAC781225457
4210203954 33478 51850 7C20F6CF1A09EEE4F40FE6F70B0F070213E4AE0B9599CF6348B0EAC781225457

Total of 0 tasks calculated error.
