Total of 100 tasks calculated correctly, accuracy 100.00% 
4224753826 30193 7541 7138F4E25EF1AD25142BDE58E66D3E0700CCF4F9CF914256026B3D40E20CDDFB
4235724168 9202 9326 7C20F6CF1A09EEE4F40FE6F70B0F070213E4AE0B9599CF6348B0EAC781225457
4234272052 37138 8769 7C20F6CF1A09EEE4F40FE6F70B0F070213E4AE0B9599CF6348B0EAC781225457
4235230881 46295 45755 BAE05D2C23B604BE26ACA860EB43FD97886AAB98D4A283ACF293727BA74D8960
4231887526 25933 58160 F5F8876EBE11B0C88BDC8B30681FEC3D6BD218103191A2D6D551D13E0030569D
4234363090 16949 24892 7EF14B5323E0F89BFEF0B099EE065575305B87DB9D745D544DDC8B3106A01AFB
4224666825 50452 42358 7C20F6CF1A09EEE4F40FE6F70B0F070213E4AE0B9599CF6348B0EAC781225457
4233981071 10149 3744 8C5092F5343F793DDFE9DCB13EDDE888B4C115FE3D32220F467EFAA038D279FA
4230910679 21740 58421 7C20F6CF1A09EEE4F40FE6F70B0F070213E4AE0B9599CF6348B0EAC781225457
4236359741 53688 28269 7C20F6CF1A09EEE4F40FE6F70B0F070213E4AE0B9599CF6348B0EAC781225457
4230420161 19971 48523 0D2AB9E0AA1053133DA133A0A620507DC61C2C2FD593D9D8233B77228C73753B
4231181657 25326 44205 7C20F6CF1A09EEE4F40FE6F70B0F070213E4AE0B9599CF6348B0EAC781225457
4232585570 14516 16310 7C20F6CF1A09EEE4F40FE6F70B0F070213E4AE0B9599CF6348B0EAC781225457
4236177034 50705 23642 4DF71FB633BADB4EA18B986A77022BE881FB9551B307B5CED164E98388964EAB
4227372267 54879 19052 81640FB2DE7C9077E56D6F3E7C3DE3D3DE3E5AF0FDD7B25D98EBB1F445145091
4229218588 20552 47438 7C20F6CF1A09EEE4F40FE6F70B0F070213E4AE0B9599CF6348B0EAC781225457
4225087613 64939 42463 3E39717F27637DCFBDDA66B471BE3140D0000A91725677D01E1AEE64D9CD0E5C
4227675633 49916 9021 7C20F6CF1A09EEE4F40FE6F70B0F070213E4AE0B9599CF6348B0EAC781225457
4227403373 27112 62678 7C20F6CF1A09EEE4F40FE6F70B0F070213E4AE0B9599CF6348B0EAC781225457
4226628430 36829 43867 CAE7BA025FE8AFA875011C59F7A4829F89C904AF87DC5D78D2D4F10DF4650A7F
4225557332 26474 9004 7C20F6CF1A09EEE4F40FE6F70B0F070213E4AE0B9599CF6348B0EAC781225457
4229655345 60811 29793 906CA90E9F18E953648751C1F59BB6EE085C13138D61DE4E0E272CB14536E367
4235440986 3100 50725 7C20F6CF1A09EEE4F40FE6F70B0F070213E4AE0B9599CF6348B0EAC781225457
4225128427 54849 40905 D1C636E8EC93E8D84AC6E79E6F60ACE7C1BB015B7A01313C04907E3D8FA4D114
4233271723 48357 11198 B2DA3B8728E74208B00FC18BAAD946234357D4BF9F94058EEE8932D1D650B0F3
4225532930 54159 33877 EE95C858C39B9C40CF0804B72D67AC1C22C8D9D49E98FC08724EA81B9E1F943A
4230477912 48167 61772 A894DAADCA98745C453374354D9E3C51CCA9C40F12204054CA24CB5A3567B020
4228542757 38800 22139 7C20F6CF1A09EEE4F40FE6F70B0F070213E4AE0B9599CF6348B0EAC781225457
4234148955 52637 6229 3AD52A1371DA895580907CF1BFCD3A5840A017BB565401ADC9D371E4A46075A4
4230653242 63244 57568 7C20F6CF1A09EEE4F40FE6F70B0F070213E4AE0B9599CF6348B0EAC781225457
4229925681 41914 25498 7C20F6CF1A09EEE4F40FE6F70B0F070213E4AE0B9599CF6348B0EAC781225457
4227325202 10286 1836 7C20F6CF1A09EEE4F40FE6F70B0F070213E4AE0B9599CF6348B0EAC781225457
4227068603 14829 62498 9E6EFD3D8A2A8057AE87BEAB7D6ADE817124B537BAAD8F3DA6C068E206C37CF6
4231680934 60871 28963 3BA9712FA4D1367C420DDEF97A61745E202802E736B6B172EA3F193E59C0953C
4224943093 14691 31731 4AAF48C7C1DF75A4F44287A496F77FA3777D95AB27D55473150E198971CF6183
4224901672 27539 31104 B2109A2013C1EC6D7E0632412B4D27767FCCF51B3E43F160E89ED82313CF1845
4234583834 29281 8337 2C0CC98FF0E7624F3D6B8765CAFA515EEA91C499B68A25887A1F7662CDF9C243
4232731691 40507 14609 4D5CD469BEC6CD5E87DA9A757FDEB2C904899C3F48F9011E9DA2469EF731A913
4231277161 56 41503 7C20F6CF1A09EEE4F40FE6F70B0F070213E4AE0B9599CF6348B0EAC781225457
4228196869 52933 21971 D2D563A21E72E691F21782E35743E3C1AB7D0A9E969981E7D3FD63528A705FBF
4227624471 47188 32829 7C20F6CF1A09EEE4F40FE6F70B0F070213E4AE0B9599CF6348B0EAC781225457
4232506063 62463 29510 F17203AB936988277987816F241791A9919DD010E5A3FB19DB18CFBD89B944A9
4233481084 39837 55877 96724D6AED6ED582AFCF1C2D50A804EBC25478D671BA517B6AC02C2B8E0055FF
4229516721 52064 26173 7C20F6CF1A09EEE4F40FE6F70B0F070213E4AE0B9599CF6348B0EAC781225457
4230456865 44468 10602 7C20F6CF1A09EEE4F40FE6F70B0F070213E4AE0B9599CF6348B0EAC781225457
4224843659 6248 21234 7C20F6CF1A09EEE4F40FE6F70B0F070213E4AE0B9599CF6348B0EAC781225457
4232826994 17281 61455 BC1BC19742C9D9CBEE99BB851F497698CBBF109D613BC070162F637CBD91DDC6
4228283019 52058 45286 7C20F6CF1A09EEE4F40FE6F70B0F070213E4AE0B9599CF6348B0EAC781225457
4225090756 60789 1032 A90E8FCB00F3550CF4E0665683A6B9015100A73641080003605FCB2F692D3AFD
4230973898 15732 3028 7C20F6CF1A09EEE4F40FE6F70B0F070213E4AE0B9599CF6348B0EAC781225457
4230196503 11968 38803 7C20F6CF1A09EEE4F40FE6F70B0F070213E4AE0B9599CF6348B0EAC781225457
4235449030 30001 25816 4E370D6C826B5022E0C67A37224011B01B284E03028495B0EC64868DE4E0DA07
4236100758 14342 882 7C20F6CF1A09EEE4F40FE6F70B0F070213E4AE0B9599CF6348B0EAC781225457
4230218623 20895 36974 1E7D589D9666E65FA877800B64A12ED8786D50640FEA235800594AD9CBC3131A
4229327595 4513 63496 8B75A6EE0DD5E16A21201A297756F88E7B429A6AD30C70F32C439A4E299B2B95
4228907642 9517 4964 C9C08E58A67E68D9B42BAFB35004B3751468C8BCB4E789AE8665CFD00603A90D
4233227750 27980 56993 7C20F6CF1A09EEE4F40FE6F70B0F070213E4AE0B9599CF6348B0EAC781225457
4233485309 45974 60436 7C20F6CF1A09EEE4F40FE6F70B0F070213E4AE0B9599CF6348B0EAC781225457
4233823331 58067 4686 4773060E7F6C0760C9841A55681AB2D9FCB32644F0BA9B1E13873ED1608F4210
4234534123 19837 16336 D2BBF9342F0A0076D78C406EC5B2BD5BF29D302E74FE24D376E4FBC46994EBEC
4231829568 354 6843 7C20F6CF1A09EEE4F40FE6F70B0F070213E4AE0B9599CF6348B0EAC781225457
4230216925 6430 30100 7C20F6CF1A09EEE4F40FE6F70B0F070213E4AE0B9599CF6348B0EAC781225457
4233853552 27600 56431 7C20F6CF1A09EEE4F40FE6F70B0F070213E4AE0B9599CF6348B0EAC781225457
4234724788 13638 29820 7C20F6CF1A09EEE4F40FE6F70B0F070213E4AE0B9599CF6348B0EAC781225457
4225215942 2560 24237 7C20F6CF1A09EEE4F40FE6F70B0F070213E4AE0B9599CF6348B0EAC781225457
4230295133 20428 39385 7C20F6CF1A09EEE4F40FE6F70B0F070213E4AE0B9599CF6348B0EAC781225457
4225112550 15074 17387 7C20F6CF1A09EEE4F40FE6F70B0F070213E4AE0B9599CF6348B0EAC781225457
4225269269 35439 50408 D3763A2CB0207680984F6275BF0442E6FAF59B363E3136D51C7BA0443FD2E343
4228323619 2665 63827 33782265227D6C17DEE7FA7953F82B11D1EB6C5EBD93567C40CF937423D5F720
4232196009 6553 30729 6E391D0D14AFE47496F5EFD9F361F4D2C17E8C9F12B48D195B84E993548E84CD
4226834597 11547 62394 4E9DF1EB602E2E8E3A0316C4EA818E84A3F3F3C7AD76BD324E02EF47AD4329B9
4235168231 58697 59914 84A39F66DA421FF0304BA952DA9A225E8CCD1FDFEA0DB6B486C3B191F77350A7
4228659766 21428 46183 7C20F6CF1A09EEE4F40FE6F70B0F070213E4AE0B9599CF6348B0EAC781225457
4225559353 61144 24 7C20F6CF1A09EEE4F40FE6F70B0F070213E4AE0B9599CF6348B0EAC781225457
4226650153 2827 17382 98170A070CF3F0F06CDA006BDC3512A62D9FF690E6FB42B3EA3A7437F89AB8AC
4226508596 21952 37371 7C20F6CF1A09EEE4F40FE6F70B0F070213E4AE0B9599CF6348B0EAC781225457
4230278685 40210 43963 7C20F6CF1A09EEE4F40FE6F70B0F070213E4AE0B9599CF6348B0EAC781225457
4234614555 35465 36112 AB8FEAD58EA2C31734AF3AF2FF9370D1C551BAA1419AA4D19F529A3851BA39D1
4234698318 26528 27036 7C20F6CF1A09EEE4F40FE6F70B0F070213E4AE0B9599CF6348B0EAC781225457
4234313329 2185 13971 FE03611DB99D5ADDF856022E9B2B09402C1E6776E0240049BCCD7798B55D1312
4229675682 22118 30758 7C20F6CF1A09EEE4F40FE6F70B0F070213E4AE0B9599CF6348B0EAC781225457
4227096997 40892 51479 7C20F6CF1A09EEE4F40FE6F70B0F070213E4AE0B9599CF6348B0EAC781225457
4226161822 8441 25701 2047029B680BECB72CC808BC48ED1ADBB3F71404CC68553B6600D5DC138DFAE3
4225571229 38786 57399 7C20F6CF1A09EEE4F40FE6F70B0F070213E4AE0B9599CF6348B0EAC781225457
4227439905 59258 27905 7C20F6CF1A09EEE4F40FE6F70B0F070213E4AE0B9599CF6348B0EAC781225457
4226230432 20207 8131 280B1E37E341E7FE4A06715F3959C922258721A22FF682F2C6F3E8C080254C74
4234478983 54168 18349 7C20F6CF1A09EEE4F40FE6F70B0F070213E4AE0B9599CF6348B0EAC781225457
4232527471 28847 7992 9A93598B780EE4285AF3B24C8FB5D4832CB88A9A327CB0392D4D6BE25C08824D
4224431981 33795 12925 EA6E821A3590DAF9A67D3C5FC44E5094E7F55CE76E2C34CC8CA8703C9FF13122
4233559934 41656 28651 7C20F6CF1A09EEE4F40FE6F70B0F070213E4AE0B9599CF6348B0EAC781225457
4224596176 36275 47565 BD41E5154B4DBF6193A17DD59123632840AEC693A3BB50E2EF7208ADBCA43A08
4226281492 53230 45185 7C20F6CF1A09EEE4F40FE6F70B0F070213E4AE0B9599CF6348B0EAC781225457
4231285417 45009 23792 CE723517455C176D2EEC00C3462FD8CD91913BDC9D805D4E2B5B7231B51980D3
4233149259 2726 52920 7C20F6CF1A09EEE4F40FE6F70B0F070213E4AE0B9599CF6348B0EAC781225457
4234589243 36359 56656 7E81695EDAF957E0B8C0100C6397811F53C6B5CC676F83E8F98B0F1BBD9DF312
4234137996 13767 10846 C03DBA052E15020C8250BBAE9010CD52711D4A003645AA9D6078956190BA148C
4232517433 30339 29 71D574C5D8037B9A84A0E6C0EF0A15A4D063403E728A10E05AB707DAA86E98B6
4228891887 8677 11457 DDA9B62A7982873FBAF935F2F1D73F5996B428672EB4C9B2E67DFB3302E4A067
4227382378 39031 33122 4D8F080512CE0363DC11F8D7FDD1620B9E0FCEC09D87E546B413C7F4185209F0
4224498388 14009 44211 4596B1FB504CA84D47CB65099202368B060F3575ECFB579B2449AA98F65A64CF

Total of 0 tasks calculated error.
