Total of 100 tasks calculated correctly, accuracy 100.00% 
4247257577 3924 10040 7C20F6CF1A09EEE4F40FE6F70B0F070213E4AE0B9599CF6348B0EAC781225457
4242373493 25847 31923 C6AE1D28B111CFC0C60B6627AA7972547E285219ECBB189DEC570C985BCE50A2
4242265777 11215 49729 BE85556F8D7CD1ED0918E6D90988DFDB660C0777BF69B57F5C3CF1509A020EA0
4240348351 12757 16751 047E860B8640E1CA8A15A436319E4E2EE986D37A65674DD2E94DE8A57920F207
4246212326 48892 34736 7C20F6CF1A09EEE4F40FE6F70B0F070213E4AE0B9599CF6348B0EAC781225457
4246729967 45084 47685 7C20F6CF1A09EEE4F40FE6F70B0F070213E4AE0B9599CF6348B0EAC781225457
4239268433 19101 55162 354B79ECEF650BF4E4159B529AA4B63E95CF7CA4D0C8A006ECE932DDE3BFFE00
4243171482 47008 5925 7C20F6CF1A09EEE4F40FE6F70B0F070213E4AE0B9599CF6348B0EAC781225457
4240071500 14246 15638 7C20F6CF1A09EEE4F40FE6F70B0F070213E4AE0B9599CF6348B0EAC781225457
4241920034 38238 64428 7C20F6CF1A09EEE4F40FE6F70B0F070213E4AE0B9599CF6348B0EAC781225457
4238536312 15311 28543 DBDE49D9BA82A59F5B85B9EFEEE5B437D11208E283079E79B91126EA18085D4B
4237436329 31334 7597 7C20F6CF1A09EEE4F40FE6F70B0F070213E4AE0B9599CF6348B0EAC781225457
4240252142 60214 26312 7C20F6CF1A09EEE4F40FE6F70B0F070213E4AE0B9599CF6348B0EAC781225457
4239213730 44678 55630 7C20F6CF1A09EEE4F40FE6F70B0F070213E4AE0B9599CF6348B0EAC781225457
4241647225 13354 22032 7C20F6CF1A09EEE4F40FE6F70B0F070213E4AE0B9599CF6348B0EAC781225457
4240049277 47041 42895 635796B8E3E354DB1AFCA1007929E14DD3687AC08F6E6693E2C8F964E64D3643
4238668860 11549 17248 AD001CE19087DBA90746FDF91D88DCD0A2F97A99C1A9E1BF8F7031462AB51D8F
4236685041 17989 34277 A801B9129FD89129C85225EBFFEE85B56B5595BCFE8BDEE47138425405EBA716
4246040647 15667 47146 895EE6AB07FEE103137142B165279D7E952931070796CDD31E1B5E9EEAEC17B4
4245805373 7947 31671 CCCF572835B22AE3DF45AB3E254C3DE9DA66916B500CCE69D0508DC05577AAE3
4243797142 28501 30142 F36330F4642F8F3D28F2A8F2E3F05A6792F2FD0F59A090B29D311C7625C47D16
4244421758 3332 51482 7C20F6CF1A09EEE4F40FE6F70B0F070213E4AE0B9599CF6348B0EAC781225457
4239617714 40621 31039 680EAC00A92A14D7A7C61D6515DA2DCD027A0CEAB2695C2A274E0910C212A1EC
4245615192 5730 64034 7C20F6CF1A09EEE4F40FE6F70B0F070213E4AE0B9599CF6348B0EAC781225457
4246948299 39366 33941 7C20F6CF1A09EEE4F40FE6F70B0F070213E4AE0B9599CF6348B0EAC781225457
4244045671 12842 36190 7C20F6CF1A09EEE4F40FE6F70B0F070213E4AE0B9599CF6348B0EAC781225457
4244357526 56802 11381 7C20F6CF1A09EEE4F40FE6F70B0F070213E4AE0B9599CF6348B0EAC781225457
4246733605 56875 49179 1ECD682C4C230CC14658821CB6FD09B8421CF325684E61B9C6D67F0ECA61B2DD
4239613550 29554 41643 7C20F6CF1A09EEE4F40FE6F70B0F070213E4AE0B9599CF6348B0EAC781225457
4240228352 41580 28709 7C20F6CF1A09EEE4F40FE6F70B0F070213E4AE0B9599CF6348B0EAC781225457
4236661950 46578 12431 7C20F6CF1A09EEE4F40FE6F70B0F070213E4AE0B9599CF6348B0EAC781225457
4244638575 60792 23244 7C20F6CF1A09EEE4F40FE6F70B0F070213E4AE0B9599CF6348B0EAC781225457
4240627300 49922 13020 7C20F6CF1A09EEE4F40FE6F70B0F070213E4AE0B9599CF6348B0EAC781225457
4240427364 55316 62764 7C20F6CF1A09EEE4F40FE6F70B0F070213E4AE0B9599CF6348B0EAC781225457
4237434688 37184 14559 7C20F6CF1A09EEE4F40FE6F70B0F070213E4AE0B9599CF6348B0EAC781225457
4238420653 10366 44230 7C20F6CF1A09EEE4F40FE6F70B0F070213E4AE0B9599CF6348B0EAC781225457
4240622353 23685 49167 B15A49D16EA3405630E7A5E160C3300A3CDEC1EBE744A8D5914FA96E7B0733BE
4239183537 15915 10822 617B065B0FFECD511742ACA42EFE7267DBA443CC8D9041876A609F4BB1FDFCC3
4236996259 15680 18837 7C20F6CF1A09EEE4F40FE6F70B0F070213E4AE0B9599CF6348B0EAC781225457
4237453104 51675 61958 D7F4A12E4A4DEF15D98E2D66F2CE3C42A7C7991CD4D1A4D9900A2BCCE7F04B6C
4237933445 18053 12223 F9393A92EE1BED79EAED939DF8923160A466225A3222B08C35DADA9053D5A10F
4243967637 10392 9068 7C20F6CF1A09EEE4F40FE6F70B0F070213E4AE0B9599CF6348B0EAC781225457
4244941087 8321 7043 CDBEA452F5ED3303D32ED4BB50A370E9E1D38280948454D0F5F3D7D5EAFF355C
4239202901 21407 49542 6E5E6FD7AFFB0C5429E21D12A520F4CB8FEEAA874D120909E7ACE7E57D0A0C00
4247678995 39272 7645 7C20F6CF1A09EEE4F40FE6F70B0F070213E4AE0B9599CF6348B0EAC781225457
4246912873 22073 9476 2774E8DBA3AEB1287906E38CFFD29AABCA05A47339725A85EF6FE833F573D91C
4236527381 61602 12778 7C20F6CF1A09EEE4F40FE6F70B0F070213E4AE0B9599CF6348B0EAC781225457
4236777254 20961 6400 AB21F62415F85B2C38F27424AC3E867ACB8C1E6E904AC9FC797DE34B9200BDFF
4237892097 38747 42233 3B0F487FFD8049BD740E710916C69080151E6D3FDDD4C8E5D59BE1463B7B6E25
4246997581 10095 21008 EAAEBB68EE4C5F3FF9E8669AA0BB9C104C33075BD2B8BC5C3FE11CB4DA3000A0
4236646908 10000 14756 7C20F6CF1A09EEE4F40FE6F70B0F070213E4AE0B9599CF6348B0EAC781225457
4247209449 5732 26732 7C20F6CF1A09EEE4F40FE6F70B0F070213E4AE0B9599CF6348B0EAC781225457
4242131879 38662 20664 7C20F6CF1A09EEE4F40FE6F70B0F070213E4AE0B9599CF6348B0EAC781225457
4242661147 25889 46251 AD4B535172CC25319D465AB04C2A71BC83C5EADF07A8AD39CB014258705F83A5
4243107122 44299 4869 CDCB50EBCC7F400A63AE602A70151CFEBDB0ACD9B8D013F50906BE2FB70F2E20
4240954821 32469 39590 475E63F898DA97F28F60405BD81ECFC792B7D76809D8C6B6A483907AE9E615E4
4241877143 4059 23331 6DCE0BAC5826C4737FED40B567B5C3079218B7A069281D61FE809BE0F2F122E0
4243877351 39765 16354 5008C0539878A745DAD1BA0D1189BF52D53F18C24F75C04743B02D53BBE11F4D
4241538428 26677 2386 0CFE8D5881245890D06341E6FC46EDA9AE0B7AE86C149DA592C660C9CE9A1DCC
4237004830 50168 56099 7C20F6CF1A09EEE4F40FE6F70B0F070213E4AE0B9599CF6348B0EAC781225457
4247660151 34016 26383 7C20F6CF1A09EEE4F40FE6F70B0F070213E4AE0B9599CF6348B0EAC781225457
4246629077 22998 49237 7C20F6CF1A09EEE4F40FE6F70B0F070213E4AE0B9599CF6348B0EAC781225457
4241795125 33038 3687 7C20F6CF1A09EEE4F40FE6F70B0F070213E4AE0B9599CF6348B0EAC781225457
4247091909 51459 31040 C501DEAA757589A291FFE69D4CF7677F6CE661B573BC317E91C01CE4B3845091
4245467868 6134 11396 7C20F6CF1A09EEE4F40FE6F70B0F070213E4AE0B9599CF6348B0EAC781225457
4239730486 10457 54662 46F80286DE1FD699325805F855F6F4335BF60C334ECD36237571C736BEDDB156
4246600320 14105 54640 7585BB32A747E933914D86725882E9DCFDCF9E4CB171C73759AE13895C0DC17E
4239156222 64017 15343 20E88B572EFB93DEBB9AAC4F398B9E57F93BB252F5E924429676CE15FFE49289
4242660350 33370 39205 7C20F6CF1A09EEE4F40FE6F70B0F070213E4AE0B9599CF6348B0EAC781225457
4237845091 52759 42339 BBC9513D75EEDA74F7B606EBB29396ADE913DFD0A619C6B3D5999DA6C4567CB1
4242365212 4118 61396 7C20F6CF1A09EEE4F40FE6F70B0F070213E4AE0B9599CF6348B0EAC781225457
4237994040 7592 26056 7C20F6CF1A09EEE4F40FE6F70B0F070213E4AE0B9599CF6348B0EAC781225457
4239822020 16366 43350 7C20F6CF1A09EEE4F40FE6F70B0F070213E4AE0B9599CF6348B0EAC781225457
4237335343 11881 63863 EC16547B84C6C3807C21480B4F9FDC82FF1228F95DAE3DD4CD6EEA3785F22FAB
4242754339 20491 11978 F80B2995AB0D355B79B5573475E8E058005655CFFE3A0F473D802D6500886A5A
4241486668 47163 44180 02911B3883A801B8E58C8CF9D2A72A9B59AD27044EC845D73DA7950F798EA9FC
4240508105 370 2979 7C20F6CF1A09EEE4F40FE6F70B0F070213E4AE0B9599CF6348B0EAC781225457
4240248581 50544 24579 7C20F6CF1A09EEE4F40FE6F70B0F070213E4AE0B9599CF6348B0EAC781225457
4245744140 27339 61499 DBC683F744B5912D9C1760662C48033E25658C58E9F8BC058223F358421EEAF0
4242457018 2014 5547 7C20F6CF1A09EEE4F40FE6F70B0F070213E4AE0B9599CF6348B0EAC781225457
4240070598 42971 64792 171FCDACF8C567B0E8C769D9F4AFF2BC1B6A5560A9FA959C0037A44B6F80CBF6
4237275826 16218 28637 7C20F6CF1A09EEE4F40FE6F70B0F070213E4AE0B9599CF6348B0EAC781225457
4245529715 13263 11104 BF096D61745C1AE416145D99DE0B0591F8D6B40E913862D15EDB22854662D984
4244975244 41852 20948 7C20F6CF1A09EEE4F40FE6F70B0F070213E4AE0B9599CF6348B0EAC781225457
4237169100 18272 26326 7C20F6CF1A09EEE4F40FE6F70B0F070213E4AE0B9599CF6348B0EAC781225457
4243507514 43443 24977 60B006C9C01D88EBEA41DA85A2FAFC02D2C5CCFBB397EE97EC5FB3612B840FC8
4242015158 15997 61213 EDA24DACD8D408B0667F8EF82299CBFF3CB954198E2791A189A13205ADE42DB8
4238832936 37760 63664 7C20F6CF1A09EEE4F40FE6F70B0F070213E4AE0B9599CF6348B0EAC781225457
4245122842 10977 485 51DFCF35E2F594E05C7F6FD35C40DA11E4AFD268275E174AC1D549BF913D4FEE
4246062052 55297 8832 1CA133D3772670C3B7E0190F404A582E48E0A18413CDFA8688C971578FF355DB
4242629196 4948 63586 7C20F6CF1A09EEE4F40FE6F70B0F070213E4AE0B9599CF6348B0EAC781225457
4242307297 36856 28550 7C20F6CF1A09EEE4F40FE6F70B0F070213E4AE0B9599CF6348B0EAC781225457
4244681971 38527 20641 27EE19714CE787CC761BC537CCEC666555A1AB68262DFF940B27019CA93C77D6
4244234756 48366 43158 7C20F6CF1A09EEE4F40FE6F70B0F070213E4AE0B9599CF6348B0EAC781225457
4239123480 63535 18230 35581044608CDDA3699B3D534CFBDD6F0332CBFAE367D3D1A0A81650DBC0EB48
4240639626 17252 5043 7C20F6CF1A09EEE4F40FE6F70B0F070213E4AE0B9599CF6348B0EAC781225457
4239829482 42850 17007 7C20F6CF1A09EEE4F40FE6F70B0F070213E4AE0B9599CF6348B0EAC781225457
4246775588 55752 1570 7C20F6CF1A09EEE4F40FE6F70B0F070213E4AE0B9599CF6348B0EAC781225457
4241379590 1081 39307 8EA5C4ABB5A699632C08ACD12A82EB3D9372DF49CD17BBB281491CD656F73679
4242669269 14057 39849 028486BE8FCE705240C89FB579FB43F533B796539AD96575280AB6A1F63A438C

Total of 0 tasks calculated error.
