Total of 100 tasks calculated correctly, accuracy 100.00% 
4303788530 56989 59084 0B5D182EB5FBB4A00175D7954C77168BEDF45591D6D4E888FFB11880B3D436F4
4306551805 13289 13018 9B2677B6232D4C64E6E9E2831E944817B50E6AA9B0C0404B17E03278D5DF7F96
4301739532 49344 23919 7C20F6CF1A09EEE4F40FE6F70B0F070213E4AE0B9599CF6348B0EAC781225457
4300403955 12127 38820 D89ECD272B58F3B95F9EE1A0A8AA8075942593C2986B6B572A7633FCF4ED098D
4304300571 25822 23134 7C20F6CF1A09EEE4F40FE6F70B0F070213E4AE0B9599CF6348B0EAC781225457
4300977908 63978 47159 7C20F6CF1A09EEE4F40FE6F70B0F070213E4AE0B9599CF6348B0EAC781225457
4307350701 52251 55551 A14D88FBE3A4D01DD80FBB358A2594F5D42C53C78DEEB260BA8A64F3E2E970F2
4306483858 28154 45684 7C20F6CF1A09EEE4F40FE6F70B0F070213E4AE0B9599CF6348B0EAC781225457
4300020857 61997 31777 3C68B8A29EAAAF162742DFF69642295B2D446701B8B5376539291048A6DB990C
4297577667 35075 2680 8D479772EE3E7CECF9641813FEA4F4096405FC7F27C4A5B02CC95C3F21A845B2
4301348617 34923 19888 6C49E001DC6243177DAA23BA94CEAACAD5330DD606891AEFC7702C6A775BF30A
4303552217 987 39351 0E8B333D997D6399E51CE092429B51E04EACDA3DC16691C496792E86BDF56EA6
4300480352 22647 60254 F403708704FA45C259BA4FE1F3C62AB8F4DCC368CE4181E63136D5A73E3449BC
4301195468 24465 61863 07A4D7210EA4416CF049F064CCA5D78664978820901FE2185E39EC33AFB7A36E
4301204023 41267 34197 A0F80B1BD29CBEB34E86E98BCB64E212AAA6FD97BF6DB860FCE4652C647E7412
4305053650 4680 53769 7C20F6CF1A09EEE4F40FE6F70B0F070213E4AE0B9599CF6348B0EAC781225457
4301762310 50680 32331 7C20F6CF1A09EEE4F40FE6F70B0F070213E4AE0B9599CF6348B0EAC781225457
4304573700 32548 52574 7C20F6CF1A09EEE4F40FE6F70B0F070213E4AE0B9599CF6348B0EAC781225457
4299926020 54229 7573 3F6B58EBF4AFF2B50027C325EA9F35C8E9F22635898C733445BA648D39166A1B
4298752437 17932 49903 7C20F6CF1A09EEE4F40FE6F70B0F070213E4AE0B9599CF6348B0EAC781225457
4297165137 46666 8815 7C20F6CF1A09EEE4F40FE6F70B0F070213E4AE0B9599CF6348B0EAC781225457
4306079403 22951 5880 F4DD76AB3DA581D648B1B16A2EC1A4CD2FDE40453E19EB2021292C9C7B07FD19
4301638188 37246 43430 7C20F6CF1A09EEE4F40FE6F70B0F070213E4AE0B9599CF6348B0EAC781225457
4301841936 40429 35170 7D330190F2CE5D51D5D88B64DA31C83731D72C06BA88DA4EEBD962F2A6DA99A3
4304729344 59992 8465 7C20F6CF1A09EEE4F40FE6F70B0F070213E4AE0B9599CF6348B0EAC781225457
4303924888 12548 11365 7C20F6CF1A09EEE4F40FE6F70B0F070213E4AE0B9599CF6348B0EAC781225457
4300872766 42153 32196 79B15BF6A578F367545DCE115F7EE0EBFD506B89E35B17079A6B6CBC249A5E07
4305187300 24475 10170 CAA243327280F2698530458638CDF8C2B4D7A97C653297DE857777B22A95C30D
4298782057 4245 49683 C6B70B99863E3397F8901C701EA48D7ED9A8EE1F38C1AFC78EC9B2DCE17302E6
4305719132 9113 61285 1D6B9D98AB55C86FEFC6D7FA3EBBC1999E6A920870F0474F8401F85D230885DE
4306688426 43494 4682 7C20F6CF1A09EEE4F40FE6F70B0F070213E4AE0B9599CF6348B0EAC781225457
4306421219 34355 7041 DBC74BDA299260FF03F62A5A2D84BCED679BFEAFBFE4C9DEBCB4738541948F54
4303322349 56329 22346 439B5826E32B73B4719863CE36B29420C14FE6E977ECC924A9E93D4A41C3611E
4306395498 39444 21751 7C20F6CF1A09EEE4F40FE6F70B0F070213E4AE0B9599CF6348B0EAC781225457
4301050327 35505 64467 6D70D51572C031CCDD6E862DF12FDFD774D478587DD1C8EA0C768E9098A2D639
4306869994 55213 31193 55020B75CBE99B9A2E08955B931D4AF3A9BF29D02A5FAEC11080E8594292F0F2
4305322493 54862 49503 7C20F6CF1A09EEE4F40FE6F70B0F070213E4AE0B9599CF6348B0EAC781225457
4297709932 53446 30082 7C20F6CF1A09EEE4F40FE6F70B0F070213E4AE0B9599CF6348B0EAC781225457
4296782622 2603 29951 A9B0F892A2A18AF800CD45B5BB771F54E812D6B6667F7D2F5CB67C7DABE16D8F
4304062427 40460 28203 7C20F6CF1A09EEE4F40FE6F70B0F070213E4AE0B9599CF6348B0EAC781225457
4304968772 17994 21313 7C20F6CF1A09EEE4F40FE6F70B0F070213E4AE0B9599CF6348B0EAC781225457
4297227404 11131 14837 569F27BE3A5C3F0C3254974F18D0AE8968DCB4E45943BF5BDDE49E3E9FFA613B
4299662213 18941 61805 4FBCB9C45348D462D73F4FE0BBF71E7B4F245EDADAD1BF34F7EBCD6BB23186C8
4302493746 18567 5341 821FF86552CDEF6A942A5F185C7DAEC0ACE81E3FE9C0DBD5BAADCCB00F4839DE
4306335852 23661 5846 A49249D8AED76339610566269918A24F56C7DA4AFB53A7764D876182E69AC6E3
4298274660 51538 4166 7C20F6CF1A09EEE4F40FE6F70B0F070213E4AE0B9599CF6348B0EAC781225457
4299066435 64912 20253 7C20F6CF1A09EEE4F40FE6F70B0F070213E4AE0B9599CF6348B0EAC781225457
4306675687 48856 53058 7C20F6CF1A09EEE4F40FE6F70B0F070213E4AE0B9599CF6348B0EAC781225457
4307912923 62182 8496 7C20F6CF1A09EEE4F40FE6F70B0F070213E4AE0B9599CF6348B0EAC781225457
4299334633 15640 19519 7C20F6CF1A09EEE4F40FE6F70B0F070213E4AE0B9599CF6348B0EAC781225457
4301644954 59423 51307 2AB4F773EA69430DED03891C873E08EA604047F135A5DD1DCE3DBF5598C7EA23
4299119824 59216 63513 7C20F6CF1A09EEE4F40FE6F70B0F070213E4AE0B9599CF6348B0EAC781225457
4299840799 65492 7557 7C20F6CF1A09EEE4F40FE6F70B0F070213E4AE0B9599CF6348B0EAC781225457
4305118850 9287 31325 8CE99D2B5F5E50CD6D332C32417A5766FA87548247D4F4BAB05E3ACD82968622
4300324516 11751 38622 DE0188E8CE082DEA5C76B8F62D59EFAE9031ECBF206D28F9BC59FE73AA97670F
4299394065 51212 38924 7C20F6CF1A09EEE4F40FE6F70B0F070213E4AE0B9599CF6348B0EAC781225457
4298304009 9163 48805 638E28FD1F903E06F0C5249872C501092537EF1D792D85D3140C3D9AD335215A
4301602370 47713 25426 1C95DB05CCB107C1D3B62CEC3AB4D13732D94C5F7AA7265D6395367A20F9CBB7
4301370167 2968 41693 7C20F6CF1A09EEE4F40FE6F70B0F070213E4AE0B9599CF6348B0EAC781225457
4305107947 45205 49707 62B52311B4F986C970748367CAACB2EF25C69196967727B6CC5D096F580C1AF3
4297317606 36603 34037 3385922507332EACE11D62AA6B08D4C3BC74D6F4EBA43719C8D4F64B432F17B1
4300043811 39394 2134 7C20F6CF1A09EEE4F40FE6F70B0F070213E4AE0B9599CF6348B0EAC781225457
4302386021 560 18544 7C20F6CF1A09EEE4F40FE6F70B0F070213E4AE0B9599CF6348B0EAC781225457
4296921875 16267 20049 1F578D169E91C27DD2D7442EE2CD9CBA04B04333E7E847D262FDE16A8A0E03D9
4298898981 39384 10485 7C20F6CF1A09EEE4F40FE6F70B0F070213E4AE0B9599CF6348B0EAC781225457
4297631580 12267 49380 E9F7A2DE569964B1EAD3A6DD189BCC46B8495CC5719668F06242D63BDB17D6EC
4298372470 12930 22368 7C20F6CF1A09EEE4F40FE6F70B0F070213E4AE0B9599CF6348B0EAC781225457
4306389053 36355 1010 2E9F4D277408EA335C65945D63E0E300695784F46F191154655AD6C9C18D0D4A
4296716704 44403 11518 5D75B1A87585180E0DC00E51B275FC44D697D7F926F5F386215930E5C08DED6E
4298374417 57389 27037 C5DF4F637FD6D3E9333B7CB7FE2574C6A8A8F042E9AB08C944490A6C0F7B27C0
4297278889 3493 51422 013D624BFFB2D5A662301E1058B91F4AB771D4BA0CEA7C14296F97E46EA85961
4304242575 37794 52331 7C20F6CF1A09EEE4F40FE6F70B0F070213E4AE0B9599CF6348B0EAC781225457
4297814570 46005 15263 E8F32495A9A3D4B47B6397D91F2EB904584F7A5991DDDB5FA911E9F90F250AAA
4307028946 552 54945 7C20F6CF1A09EEE4F40FE6F70B0F070213E4AE0B9599CF6348B0EAC781225457
4299155884 61812 3249 7C20F6CF1A09EEE4F40FE6F70B0F070213E4AE0B9599CF6348B0EAC781225457
4300192119 1432 45510 7C20F6CF1A09EEE4F40FE6F70B0F070213E4AE0B9599CF6348B0EAC781225457
4303806589 6649 58359 329369AE90783C3D1DC93FB323E4A5DE2B357F32F3ECF41273038567D4654D38
4302836812 41706 16112 7C20F6CF1A09EEE4F40FE6F70B0F070213E4AE0B9599CF6348B0EAC781225457
4303617897 35125 34107 97654DA9DDE3EE3353635507425CFDAEF764E183ECD47C111B0488DE89052198
4302873241 25763 4920 E45BE0CB736C14AFB8C7DE8AD1C81D749D1B1ECF187B74538CE743842206C1BB
4299391588 60528 8122 7C20F6CF1A09EEE4F40FE6F70B0F070213E4AE0B9599CF6348B0EAC781225457
4306741101 4434 23448 7C20F6CF1A09EEE4F40FE6F70B0F070213E4AE0B9599CF6348B0EAC781225457
4303288048 29448 18120 7C20F6CF1A09EEE4F40FE6F70B0F070213E4AE0B9599CF6348B0EAC781225457
4302870755 51787 56045 B556597B3D126DDDFE16F18320045E4B1A793D58B49B5436B5C2F7CB966E3DD3
4304408866 52811 46254 E24968D0560341CEFFA93297B74165B67BDA142BCFE8BDBE0545E9F6E218D144
4305481333 43497 3946 4F214FDD44E7F8B4C1C7C649DF24B650D80B7FE00BED0AC29E23E224F4C2E1CF
4303844245 62993 25028 31B383E52BF736B7DAC8921D83C10FB3C02DD376CE3FDF3103F800AC183C7B6C
4306735813 6545 36079 555A4D999E5485E506578FBFD8962AC024D4CDBA2BBE7C91CE0312538FC08F38
4305311817 16461 4824 E1DF0C39E9965C8BF163B154E3C00D615785AE472DF4B47E184E06A034CD5953
4301371501 41003 962 4C70CAEA09417799767DD7F23E349A724777762C406B0FAAFC4F52B73508552D
4302944309 46043 13536 0CC7C0D942CDBE315AD7745C2DE9BBAAEDA3D2842ECFCC1C5F7248DE8EDFB26D
4301570833 34485 43444 EDA33F9B8057443E281BB373D03CBA48643A19AEA040FC2B6977E6289384AEBD
4302806784 29802 1662 7C20F6CF1A09EEE4F40FE6F70B0F070213E4AE0B9599CF6348B0EAC781225457
4304829248 59933 60585 0BF2047308FD3E882EA2E19FE7CF2AC5021C4D142A38E0C48F409B7FFA4686C8
4297246806 16170 32899 7C20F6CF1A09EEE4F40FE6F70B0F070213E4AE0B9599CF6348B0EAC781225457
4302221944 14164 5908 7C20F6CF1A09EEE4F40FE6F70B0F070213E4AE0B9599CF6348B0EAC781225457
4305080844 30718 33613 7C20F6CF1A09EEE4F40FE6F70B0F070213E4AE0B9599CF6348B0EAC781225457
4299022415 33385 61590 5A30986964F95B07B1460A334A56F82426963A887AEBD8A14F39780BA4866A16
4307064443 47726 12298 7C20F6CF1A09EEE4F40FE6F70B0F070213E4AE0B9599CF6348B0EAC781225457
4301891469 12756 19540 7C20F6CF1A09EEE4F40FE6F70B0F070213E4AE0B9599CF6348B0EAC781225457

Total of 0 tasks calculated error.
