Total of 100 tasks calculated correctly, accuracy 100.00% 
4312417268 59475 18547 B80EB8193FA368F43716CADCD72D26C6AD86FDB6728EC909CD5A66D337D3E619
4319499630 61617 4029 FC63D9B52AB2D78F41E08910AEA60419BC7A007CBBB4BF47D41B095EB7C228B0
4310079389 36655 3047 DFF4517026C21DD39A32E9D79D40587F3E39C89ED56ED1752CB14DD96C893615
4317113491 568 63811 7C20F6CF1A09EEE4F40FE6F70B0F070213E4AE0B9599CF6348B0EAC781225457
4317121859 14142 676 7C20F6CF1A09EEE4F40FE6F70B0F070213E4AE0B9599CF6348B0EAC781225457
4316994751 61494 62199 7C20F6CF1A09EEE4F40FE6F70B0F070213E4AE0B9599CF6348B0EAC781225457
4316216467 47350 11136 7C20F6CF1A09EEE4F40FE6F70B0F070213E4AE0B9599CF6348B0EAC781225457
4312277820 31486 35298 7C20F6CF1A09EEE4F40FE6F70B0F070213E4AE0B9599CF6348B0EAC781225457
4310509539 1892 20782 7C20F6CF1A09EEE4F40FE6F70B0F070213E4AE0B9599CF6348B0EAC781225457
4315823575 36502 49264 7C20F6CF1A09EEE4F40FE6F70B0F070213E4AE0B9599CF6348B0EAC781225457
4314546445 48454 31807 7C20F6CF1A09EEE4F40FE6F70B0F070213E4AE0B9599CF6348B0EAC781225457
4313664655 52793 11622 946ECF8FCB243D0204FE137D2CAD6668C837693A4684B5C3FEC9C53586C629AC
4310371039 39612 25492 7C20F6CF1A09EEE4F40FE6F70B0F070213E4AE0B9599CF6348B0EAC781225457
4310038753 28132 24434 7C20F6CF1A09EEE4F40FE6F70B0F070213E4AE0B9599CF6348B0EAC781225457
4310596455 8347 27705 DA3B836753596292AFF301617A443535BE811E9294748CA95E0CEEFE9C666B32
4315557613 16370 2113 7C20F6CF1A09EEE4F40FE6F70B0F070213E4AE0B9599CF6348B0EAC781225457
4315341668 43577 33570 1901653260077683E5622DF055F25B6A3C88CA86835B04B93E8DF807916A1AE4
4310954050 18354 11062 7C20F6CF1A09EEE4F40FE6F70B0F070213E4AE0B9599CF6348B0EAC781225457
4310392400 43004 25375 7C20F6CF1A09EEE4F40FE6F70B0F070213E4AE0B9599CF6348B0EAC781225457
4312467363 1307 54616 2CE41C12FA396BC487DFCA0E66EA7BA1E8FFA43F17AB08C6F8AA7586F5A40D38
4315196293 15594 22822 7C20F6CF1A09EEE4F40FE6F70B0F070213E4AE0B9599CF6348B0EAC781225457
4309741710 33253 16172 9C3E67FE27F9022A16627B343DEBB290828B15F73F1BF0E894EB350C2F313E53
4316778764 22461 12086 A3237416FE5B4EBD636BD57AE100758B3080E2F95791B871122DF3BFC16EEBC9
4314179776 15381 52965 53C33FE2F02598324F7573030101776E481324270035AD4E242F0D1D33E791EF
4312954035 33892 61348 7C20F6CF1A09EEE4F40FE6F70B0F070213E4AE0B9599CF6348B0EAC781225457
4315278771 26437 37257 2BC4D675B8334DEC8F1FCE211F4038522F3B80EF48BF1525DA5D6E4A8CA98786
4315094680 3677 49851 38A5F17A00247F17B066755B00356C286640BC4BC87724791401F46A8A0150C3
4314416061 41514 24433 7C20F6CF1A09EEE4F40FE6F70B0F070213E4AE0B9599CF6348B0EAC781225457
4311432700 31176 11780 7C20F6CF1A09EEE4F40FE6F70B0F070213E4AE0B9599CF6348B0EAC781225457
4314172788 38478 3232 7C20F6CF1A09EEE4F40FE6F70B0F070213E4AE0B9599CF6348B0EAC781225457
4308489187 6913 23475 AF2C053BEEA6AD6FA11F39F08AEB99479B9D52386D774290ED17D4F4D7F5C602
4311230860 37156 47258 7C20F6CF1A09EEE4F40FE6F70B0F070213E4AE0B9599CF6348B0EAC781225457
4312243743 22443 15694 2EE307506B77FC6444A511D4686970712C5462073D15F31131CC8F28EEF52168
4309255659 1289 53259 2F2AA8999228074DB814E10655B9F685D106BF79DCEFD3A7A63AD1F5B2658E5D
4312817636 63741 63193 7A2A7F3C76EE7E31DB2C180DF3F138C0625A789EEFF9F736786336FB43547BF5
4309506452 25213 27963 2E4F87BCFD3F8E073BBB39F18133AA79504EABAFB51CCDDA301D893EB162A4B4
4320001427 4858 15207 7C20F6CF1A09EEE4F40FE6F70B0F070213E4AE0B9599CF6348B0EAC781225457
4320010286 49523 32707 32B3EF4D5F4D689DC29773D7BCC6232282130082F616BD41B5AC421550206E1D
4315911302 13139 59356 F2F044F94757CA96CAF39B670C771F5D258938377301E22AB76990E5AB9A9D03
4311375275 63019 13630 0A4902CBAF1CC88B1B40A59855BF87EA2A8AC260A33B6ED323A695BDB58F62F1
4318144281 63285 54757 144C5B4F6B829A29042F211D9B997569A269C2946EB34CA8F7920748376540F2
4318962087 3185 491 E75AE60D0601B2A46D6814A15D152C17E2332B63CDC2D7695BE7FC69A01FF162
4312207711 32316 56659 7C20F6CF1A09EEE4F40FE6F70B0F070213E4AE0B9599CF6348B0EAC781225457
4316831439 38049 49131 5C2BE6630E03CD4F751E80584E647AA0DD6B4419CA14ABA8D26479D1D87C7EB0
4316289093 7767 3606 B44EB30A027672EE7D1C0016CC7B7122BDCC0F35A64DD89A536CAF2F0723315B
4317578920 61104 38494 7C20F6CF1A09EEE4F40FE6F70B0F070213E4AE0B9599CF6348B0EAC781225457
4316994844 58 51259 7C20F6CF1A09EEE4F40FE6F70B0F070213E4AE0B9599CF6348B0EAC781225457
4318179419 50421 19450 4356EC029CDB48A8AFC0654DB9B01058AF3D1777738DDAC1391BFAAF524CDB90
4309778097 28184 22349 7C20F6CF1A09EEE4F40FE6F70B0F070213E4AE0B9599CF6348B0EAC781225457
4311553447 25303 5816 B7D672ECD40283B431CD5E1C6346BDAAF2EE17D6F0F69F41585DF2AE42E18753
4308785171 4042 56908 7C20F6CF1A09EEE4F40FE6F70B0F070213E4AE0B9599CF6348B0EAC781225457
4310852279 24321 57562 8AE4F231EDA7F7E210B29D858E68C15C23761B91CF8DCC42A5AE98C30D0B7939
4319327691 30971 12377 0F68AAF3B316203DC3DD1C8D61A9664DC2671F348B9CD19A73C499DD054E0012
4310697736 29241 6722 77F9D67D94876171185A9B4B684D9BDD02130E8889BC7E9DCC4349BE1D2C4AD3
4313832792 50402 34052 7C20F6CF1A09EEE4F40FE6F70B0F070213E4AE0B9599CF6348B0EAC781225457
4313166326 31811 22699 A385F44BF4951D7DC03C59AD4FBE79A9D0A9797908673C6CD208E866C49D9DD7
4309096315 28408 55188 7C20F6CF1A09EEE4F40FE6F70B0F070213E4AE0B9599CF6348B0EAC781225457
4318244734 18417 36366 E0B70CB922A963AA57296A92347814BD7EF129E0E233BF8F97FD97172982B184
4310572419 15895 9320 060DCD7B94BCAEB8478A450E7A92A94A7529C4C09EB27696814F2E8CAD827037
4318223283 52356 47321 7C20F6CF1A09EEE4F40FE6F70B0F070213E4AE0B9599CF6348B0EAC781225457
4309242993 58501 37872 AF14167F203417EAE7187CE76AE2F28E7C5107F5ACBDD493A83B68D5D9DA0338
4317912713 39994 19217 7C20F6CF1A09EEE4F40FE6F70B0F070213E4AE0B9599CF6348B0EAC781225457
4316877709 50228 25881 7C20F6CF1A09EEE4F40FE6F70B0F070213E4AE0B9599CF6348B0EAC781225457
4308454993 34785 59023 0AB98514B265A11919DFE7EFC1947BF14B08017689A644E6A4B1A5F6A1831BA8
4318295724 30968 14069 7C20F6CF1A09EEE4F40FE6F70B0F070213E4AE0B9599CF6348B0EAC781225457
4317842346 17049 14229 74081C254680F780861E47A84BBEE84988874207182927C19718892027A1692F
4314287878 27296 13654 7C20F6CF1A09EEE4F40FE6F70B0F070213E4AE0B9599CF6348B0EAC781225457
4316182881 6950 60424 7C20F6CF1A09EEE4F40FE6F70B0F070213E4AE0B9599CF6348B0EAC781225457
4315654482 63446 6608 7C20F6CF1A09EEE4F40FE6F70B0F070213E4AE0B9599CF6348B0EAC781225457
4312108974 30123 9987 69E36F147A4C36CC62F5175C53D8DA05BFD41165442C8473AFAB3AF1C356B6E8
4312778861 5029 33643 340176464D652C9FBC9E60675D518EB41B6FC510BC45297D67B23A07A71AC87E
4315054318 59363 42458 27EF67A845A4325D77CA35C0CE8A6828B6887FE61F9C0B79B2CF62AC2234CD82
4317753449 34561 16652 FA91F3E3BD99597D4719918D6F60FD43082803BCC3921B8437A676B1E6D29ECA
4310912197 55316 49841 7C20F6CF1A09EEE4F40FE6F70B0F070213E4AE0B9599CF6348B0EAC781225457
4318601370 6088 65067 7C20F6CF1A09EEE4F40FE6F70B0F070213E4AE0B9599CF6348B0EAC781225457
4315332071 27982 22704 7C20F6CF1A09EEE4F40FE6F70B0F070213E4AE0B9599CF6348B0EAC781225457
4312718936 55749 23426 92A87F28C532196CDCFDD4C5FFB2AF7D918A6906690D3A0CBE25C0EE65DE2EC3
4312072844 5937 27409 3EF17F0054968465FABFE7A46EB670F26B961EE7A69DA931FCDA923C53BB65BE
4313974151 46575 157 2064EF2FF4C486DB7464700BB215D7FF6F17CD55E47ED5232F0AA207262465E0
4308816053 21084 30488 7C20F6CF1A09EEE4F40FE6F70B0F070213E4AE0B9599CF6348B0EAC781225457
4308506256 62093 48854 35D27FA86252A7819364EFA2056C4FEF7C3FEBEF17712D6792A16C5A57604E0F
4314363598 49897 36397 99161FF5D49D30076DED56BDA5EDF4C76A826BD488498691D69BC0108BD57B79
4312547766 28509 34391 B68B5A7E57DD2AF88A8E7658C5701730991B9BFB61783113F178303FF283BEE5
4308533804 20248 53794 7C20F6CF1A09EEE4F40FE6F70B0F070213E4AE0B9599CF6348B0EAC781225457
4310692324 15317 61308 09741AB250B2FDC6BB0507BAE06B9A03C81147BD317AD70CB3C5B2BF42517267
4315634223 5688 44140 7C20F6CF1A09EEE4F40FE6F70B0F070213E4AE0B9599CF6348B0EAC781225457
4313340267 15362 18107 7C20F6CF1A09EEE4F40FE6F70B0F070213E4AE0B9599CF6348B0EAC781225457
4315419084 25169 29612 ADC5737D29E2D59020C798B5C02143D6676615D8F4B4DFB705A0777427BB94D4
4310183649 63935 43588 22C21349C5306E796E1A8D81C90F854FC52A15175D543F8F44A623CBE16269D0
4311958726 38208 29139 7C20F6CF1A09EEE4F40FE6F70B0F070213E4AE0B9599CF6348B0EAC781225457
4318723349 15956 1442 7C20F6CF1A09EEE4F40FE6F70B0F070213E4AE0B9599CF6348B0EAC781225457
4312418034 15976 28683 7C20F6CF1A09EEE4F40FE6F70B0F070213E4AE0B9599CF6348B0EAC781225457
4319665099 3748 64045 7C20F6CF1A09EEE4F40FE6F70B0F070213E4AE0B9599CF6348B0EAC781225457
4310415486 21167 27138 109E862C9A03E5ACE26BC3026DBBBF0357D2E0A6220F2C871D93FE562EB6DF8D
4314921485 51816 38930 7C20F6CF1A09EEE4F40FE6F70B0F070213E4AE0B9599CF6348B0EAC781225457
4316189297 25941 51203 BAE26F8E7E10845D34817EB086140BB7B1B5B3EA4F8C05C7A75AF130B02EE077
4311859840 42409 1391 A4DA1C547F597F41DF1C9B9B35D924E72E1F35A043D48FF56A872AFE58C5EA5C
4308629017 18791 49127 88E4C09324CFF417D2FABA5F7CC0CE6408794B247D0E7706B8DCD6FA11D0142B
4309168752 10124 56338 7C20F6CF1A09EEE4F40FE6F70B0F070213E4AE0B9599CF6348B0EAC781225457
4310657413 58168 26636 7C20F6CF1A09EEE4F40FE6F70B0F070213E4AE0B9599CF6348B0EAC781225457

Total of 0 tasks calculated error.
