Total of 100 tasks calculated correctly, accuracy 100.00% 
4359555424 3208 11454 7C20F6CF1A09EEE4F40FE6F70B0F070213E4AE0B9599CF6348B0EAC781225457
4359325469 27407 4204 716E6494C16D6FEC1C5D097CEEDD6343504AFAAE35D596AD3874B3A8191B2D65
4366522684 41059 15765 091E60398D0E2A4338CC33D7808BC47F73B475B4DD2598E8F456209FA6FB3CAB
4358478357 22315 12714 CF414237DD09CE32443E707ABBE1C95765A4596610A44003AA47C3E954BD5ADA
4367388814 48263 10319 6640C11A989BF1058EAEB071B737CC3742EAAC42A853B640CEF0DD24CCEE01D4
4360925846 44888 3065 7C20F6CF1A09EEE4F40FE6F70B0F070213E4AE0B9599CF6348B0EAC781225457
4357196772 34240 36631 7C20F6CF1A09EEE4F40FE6F70B0F070213E4AE0B9599CF6348B0EAC781225457
4361312015 14698 62982 7C20F6CF1A09EEE4F40FE6F70B0F070213E4AE0B9599CF6348B0EAC781225457
4362044248 44808 858 7C20F6CF1A09EEE4F40FE6F70B0F070213E4AE0B9599CF6348B0EAC781225457
4364621205 31912 5551 7C20F6CF1A09EEE4F40FE6F70B0F070213E4AE0B9599CF6348B0EAC781225457
4361074187 59942 17656 7C20F6CF1A09EEE4F40FE6F70B0F070213E4AE0B9599CF6348B0EAC781225457
4365847872 28571 36537 9073B0F85EA0F0C0A1C12A6E907C1F9FF29CDC4F34F7C8F296A35D8FD1DC2E8A
4359673061 57318 21523 7C20F6CF1A09EEE4F40FE6F70B0F070213E4AE0B9599CF6348B0EAC781225457
4366723129 48864 6135 7C20F6CF1A09EEE4F40FE6F70B0F070213E4AE0B9599CF6348B0EAC781225457
4360567428 6381 22505 51FADEC125FFA0796CAD7AA4E9EA73A7A1E4DD8836E1D1E28167BB7262359222
4364656589 56482 33655 7C20F6CF1A09EEE4F40FE6F70B0F070213E4AE0B9599CF6348B0EAC781225457
4367763517 49029 34049 5C93771F4906E0CC818E8F3D9EC2D16F6474F239F147BAC5E9BDF2335FAFD6F3
4360066916 2522 7129 7C20F6CF1A09EEE4F40FE6F70B0F070213E4AE0B9599CF6348B0EAC781225457
4364201916 11354 8039 7C20F6CF1A09EEE4F40FE6F70B0F070213E4AE0B9599CF6348B0EAC781225457
4367827002 58920 52851 7C20F6CF1A09EEE4F40FE6F70B0F070213E4AE0B9599CF6348B0EAC781225457
4367499078 18451 27580 211564E4EDADFE4901A8EE37F05C3A69718B571E44E939CD3DB21A5373B69F6D
4357792022 26258 15839 7C20F6CF1A09EEE4F40FE6F70B0F070213E4AE0B9599CF6348B0EAC781225457
4361667065 57114 23370 7C20F6CF1A09EEE4F40FE6F70B0F070213E4AE0B9599CF6348B0EAC781225457
4367594211 41008 34218 7C20F6CF1A09EEE4F40FE6F70B0F070213E4AE0B9599CF6348B0EAC781225457
4362850354 39925 11348 33725650E801A9D0295A0658AF3ABF22E0CC76407FF48C52F2347D58B2E3428D
4357967017 4235 22260 D1ED5B4EE797CE45950001FF160D5A1CD0699C4513A9CBBE6862A46755942E43
4364434995 14782 54664 7C20F6CF1A09EEE4F40FE6F70B0F070213E4AE0B9599CF6348B0EAC781225457
4363073798 62230 60561 7C20F6CF1A09EEE4F40FE6F70B0F070213E4AE0B9599CF6348B0EAC781225457
4362989990 41161 9818 F48A734573797B70F39AAB42BFA9833295AA1882433FE217AC1F0757C1A32A1F
4362434570 14307 52362 8F93469D4CFFDEBCA66131869F65B1E02D966FF48F63959FD2D1CB6C924D7537
4362545200 48618 45502 7C20F6CF1A09EEE4F40FE6F70B0F070213E4AE0B9599CF6348B0EAC781225457
4360461831 39773 6358 9F25D031813C7B9E4964DE1EDB50441CF5A0293265A22C6DAE1ECA148F03DAC0
4358483540 8431 50342 5412359721BB7955F694577226133DD41C947D00D157E9367EEDE76AB0E3A419
4361542485 59750 63472 7C20F6CF1A09EEE4F40FE6F70B0F070213E4AE0B9599CF6348B0EAC781225457
4360330048 39719 30936 59D621FB98F13FEC891C301759BBC7094EEB8360FF31F8F653C2FE285B901E98
4367484891 45828 27415 7C20F6CF1A09EEE4F40FE6F70B0F070213E4AE0B9599CF6348B0EAC781225457
4356557380 62294 54299 7C20F6CF1A09EEE4F40FE6F70B0F070213E4AE0B9599CF6348B0EAC781225457
4362194939 2584 24898 7C20F6CF1A09EEE4F40FE6F70B0F070213E4AE0B9599CF6348B0EAC781225457
4363915405 55661 44595 37EEA63817C5F2B84B07F8E842560DF9A288333A7FD9925CC5FB39979858DB90
4359217642 61333 10777 5747E1BB77D207959B780D17E260A2356140EE82B45C540582E322B0774A7651
4360964517 21378 24164 7C20F6CF1A09EEE4F40FE6F70B0F070213E4AE0B9599CF6348B0EAC781225457
4367767198 14686 39695 7C20F6CF1A09EEE4F40FE6F70B0F070213E4AE0B9599CF6348B0EAC781225457
4365843811 11344 3203 7C20F6CF1A09EEE4F40FE6F70B0F070213E4AE0B9599CF6348B0EAC781225457
4361921333 55102 13851 7C20F6CF1A09EEE4F40FE6F70B0F070213E4AE0B9599CF6348B0EAC781225457
4368272862 16050 60438 7C20F6CF1A09EEE4F40FE6F70B0F070213E4AE0B9599CF6348B0EAC781225457
4361973082 52326 270 7C20F6CF1A09EEE4F40FE6F70B0F070213E4AE0B9599CF6348B0EAC781225457
4362348949 1002 53743 7C20F6CF1A09EEE4F40FE6F70B0F070213E4AE0B9599CF6348B0EAC781225457
4360880867 30645 43850 97FBF6CC4204B6D625BB198DBA5F68DA28187F683130B61F31EE00959AEAD526
4366216688 16328 17673 7C20F6CF1A09EEE4F40FE6F70B0F070213E4AE0B9599CF6348B0EAC781225457
4362442241 39800 4933 7C20F6CF1A09EEE4F40FE6F70B0F070213E4AE0B9599CF6348B0EAC781225457
4365372027 626 46002 7C20F6CF1A09EEE4F40FE6F70B0F070213E4AE0B9599CF6348B0EAC781225457
4360682718 4520 2144 7C20F6CF1A09EEE4F40FE6F70B0F070213E4AE0B9599CF6348B0EAC781225457
4357133703 12109 34106 2651B294AD7784344F9788EA3DB36E7DD4E577681085D2C9263E10AB87A871B9
4363147315 59106 51038 7C20F6CF1A09EEE4F40FE6F70B0F070213E4AE0B9599CF6348B0EAC781225457
4358994450 17057 61440 C547954F0AB41001A45DD97625611D0D9446D7A162FB61DE1436FB9D3D9E407A
4356916438 22945 21613 7AA00FAE0719EAC9A32F16703D09CBC06571430FC3034AFB15D4CA28380440A5
4365010354 41776 32066 7C20F6CF1A09EEE4F40FE6F70B0F070213E4AE0B9599CF6348B0EAC781225457
4358166037 45455 15823 D910672F31BAEE048B4911990702B978FE38C9D0156D4C0BB960627A67C0A9DA
4358347907 30545 64407 FB9D488E88AA6F9E93CA3350C65C5D88D7E65864E66A19CD5D335320F52DBF2E
4359844451 45691 6945 C4BF5A5B85A238BC72FDC9DEE93778126AE8CFA9EA2889426E3F7E3C73918DE3
4367319405 23364 51557 7C20F6CF1A09EEE4F40FE6F70B0F070213E4AE0B9599CF6348B0EAC781225457
4367643436 62096 3103 7C20F6CF1A09EEE4F40FE6F70B0F070213E4AE0B9599CF6348B0EAC781225457
4362586188 55291 25356 7B0142C49A79422875025445224D56C22CBD31F04E9E4DEFFC5D736B230C21DB
4366377687 49955 51814 6F7F0F9F43726371A3B4295ED301E9B48FC5AA59D6E37C6761B0B8168CC45739
4367677340 36318 61240 7C20F6CF1A09EEE4F40FE6F70B0F070213E4AE0B9599CF6348B0EAC781225457
4359939642 18268 48183 7C20F6CF1A09EEE4F40FE6F70B0F070213E4AE0B9599CF6348B0EAC781225457
4358796174 33849 52894 F37D8156291EE91A08F53656BCAB543477B51EA01E7FB485C50615178116981C
4361913268 23954 64092 7C20F6CF1A09EEE4F40FE6F70B0F070213E4AE0B9599CF6348B0EAC781225457
4361457099 11500 26396 7C20F6CF1A09EEE4F40FE6F70B0F070213E4AE0B9599CF6348B0EAC781225457
4356602723 40445 13471 0D2E3801514F8EAAE19D3E80CD3EC819EF2C722AB9ECFCBBB12CBD39BA32A244
4367202425 19024 64251 7C20F6CF1A09EEE4F40FE6F70B0F070213E4AE0B9599CF6348B0EAC781225457
4361087210 14784 29504 7C20F6CF1A09EEE4F40FE6F70B0F070213E4AE0B9599CF6348B0EAC781225457
4362319385 18685 32053 DCFC23607EA79D83CCB3A884FA3B2D2D489A1119120F0C3342899E123A6553AF
4367395519 43923 15016 42167FBCF297868A11B2226734219E631B48CE6DC49B93039F23553B02234445
4367170347 27656 25177 7C20F6CF1A09EEE4F40FE6F70B0F070213E4AE0B9599CF6348B0EAC781225457
4357430521 51345 28279 49E7835B5B2FBA0701DDDB2EE5D7FF4E536323803C0C67F61E63EA0712D33079
4365747723 7338 27789 7C20F6CF1A09EEE4F40FE6F70B0F070213E4AE0B9599CF6348B0EAC781225457
4362411393 23413 12343 49850FA2520C32E462A6196434DB80E868DE8F0708FD013D3DB52928FA553377
4364566687 24238 15720 7C20F6CF1A09EEE4F40FE6F70B0F070213E4AE0B9599CF6348B0EAC781225457
4360133293 17006 34626 7C20F6CF1A09EEE4F40FE6F70B0F070213E4AE0B9599CF6348B0EAC781225457
4367924639 11891 7039 4C39A0F8879E9A3C55776F15B0E2951945DB5F3E4492080D4933C22A5430C596
4357000717 10480 19490 7C20F6CF1A09EEE4F40FE6F70B0F070213E4AE0B9599CF6348B0EAC781225457
4366274348 22633 38868 655DFD5B9D1049B5BCA1E61149E9C781363158BC22737510ABB233B5BCF4EB28
4360728837 22555 38799 713EDEC4CE51C1B2974C185B156F20F13635B5E5258D0BDE7F26555F62D0E14F
4357433605 5131 42976 35B9641A1A619A510BA5D0B5DEE7D208E79FDA2D50915AE51E007B86CF542D8F
4362700439 28297 8879 6B461070D767E3606231003A9A2BBEE3B111DBFBD348DFB969B2B26E812D8E5A
4358821438 1979 50948 9C3037CC8955FEC7B10C9754790709B8E72DF10CA7ACFAC9F944F7D70DADAB92
4362307142 40457 20344 15131E0890D171C2ADC75C017A5667C6E4BB4876776FC6F211A414A94771DFAC
4366623590 49491 55592 CFC6650EF422FFED9C80344B816E47D5F16DC85CD12D0F2B7771A5745A1C3BFD
4361132274 50494 536 7C20F6CF1A09EEE4F40FE6F70B0F070213E4AE0B9599CF6348B0EAC781225457
4360516804 18319 6085 60F85B73467513E21D452D0AA9A1F2C9E91C103B1C8E5EAEBABE418776C0A75B
4365797897 2054 21677 7C20F6CF1A09EEE4F40FE6F70B0F070213E4AE0B9599CF6348B0EAC781225457
4365346311 64589 55869 27077D2C2B3E2783DD1AEAB998D4452807D513D0A2EAF965682F94D3A4079688
4362469081 38164 61673 7C20F6CF1A09EEE4F40FE6F70B0F070213E4AE0B9599CF6348B0EAC781225457
4364912240 41964 28295 7C20F6CF1A09EEE4F40FE6F70B0F070213E4AE0B9599CF6348B0EAC781225457
4357797374 30908 56917 7C20F6CF1A09EEE4F40FE6F70B0F070213E4AE0B9599CF6348B0EAC781225457
4358229941 36540 46640 7C20F6CF1A09EEE4F40FE6F70B0F070213E4AE0B9599CF6348B0EAC781225457
4360840085 26583 56178 25F27CB661EAD45EA56A15EB9A39C15434C9D8276873AD81322697DA23AD1D79
4359704099 32243 18990 227268BAB441BB46E4E56284BFC54F2BA06C0763B87F1542519F09AA1BE65834
4367188816 56948 9326 7C20F6CF1A09EEE4F40FE6F70B0F070213E4AE0B9599CF6348B0EAC781225457

Total of 0 tasks calculated error.
