Total of 100 tasks calculated correctly, accuracy 100.00% 
4371276449 30315 29374 2E54F4E36D8A3ADC09B7000AB46F979C2F78B6DA7C45CFAC786447CDA8DD4656
4374167406 33035 53098 1B56265536EAA91A53AB4E3AFD9648855AC73818C88296109281E1B17CB7745C
4369488437 21023 7352 A29B8C1828C4CBA532DB5F45F19D21105C2D2DDF10D2D9179AEB3BDA3C120E38
4369733744 12718 38977 7C20F6CF1A09EEE4F40FE6F70B0F070213E4AE0B9599CF6348B0EAC781225457
4379278812 12466 8380 7C20F6CF1A09EEE4F40FE6F70B0F070213E4AE0B9599CF6348B0EAC781225457
4373028585 49964 1860 7C20F6CF1A09EEE4F40FE6F70B0F070213E4AE0B9599CF6348B0EAC781225457
4380210092 24442 2276 7C20F6CF1A09EEE4F40FE6F70B0F070213E4AE0B9599CF6348B0EAC781225457
4375256435 17185 52348 45ACA0EE6A07E8358F51592FDC2A9BD00A7FD9A45AAB5313B13322550454C0E7
4380126636 51005 35531 3F5DBF21107A0B3AC905159FA454887F843289EAC2E2F946957FE8099D600C3B
4374911702 47100 19050 7C20F6CF1A09EEE4F40FE6F70B0F070213E4AE0B9599CF6348B0EAC781225457
4376830924 62155 8032 81E56945486F206ADC189B4F9808CBCF7059E32C541A490F7C541B10CF0721F5
4375383494 63571 6836 E3630289BE39E62CC11E1A8D464E49D42E37646F74D620A6B55BA636EA3ECAC8
4376406958 37206 12170 7C20F6CF1A09EEE4F40FE6F70B0F070213E4AE0B9599CF6348B0EAC781225457
4378188937 35616 7976 7C20F6CF1A09EEE4F40FE6F70B0F070213E4AE0B9599CF6348B0EAC781225457
4379604345 30186 31301 7C20F6CF1A09EEE4F40FE6F70B0F070213E4AE0B9599CF6348B0EAC781225457
4379473489 12504 31630 7C20F6CF1A09EEE4F40FE6F70B0F070213E4AE0B9599CF6348B0EAC781225457
4369935602 23679 26074 BED61FC61EAAC385F9D86917B27750322A43244183FEED3D71BB193FE8770ECA
4378148881 43641 65198 D43C8521FBBFF259709FD3D2FB07A7D1C3516CB148242F887F13115670FA3729
4370437313 46614 4858 7C20F6CF1A09EEE4F40FE6F70B0F070213E4AE0B9599CF6348B0EAC781225457
4370604328 47876 2255 7C20F6CF1A09EEE4F40FE6F70B0F070213E4AE0B9599CF6348B0EAC781225457
4379689249 65281 65082 C495AF65AC096FB3813561E63116C5AA67883919D00159C002C2F5DDB3CCFE44
4375382465 56224 51694 7C20F6CF1A09EEE4F40FE6F70B0F070213E4AE0B9599CF6348B0EAC781225457
4369831347 23266 14692 7C20F6CF1A09EEE4F40FE6F70B0F070213E4AE0B9599CF6348B0EAC781225457
4373400900 57523 47304 8CE803F24E7D877CA5BF47AF29C521F8C87D42BA4F51A8EEE4FF8C89BF74BEB7
4368566000 8626 5649 7C20F6CF1A09EEE4F40FE6F70B0F070213E4AE0B9599CF6348B0EAC781225457
4369843666 52243 31760 A3414647415AE576ECFE913A110935C441CF4CC611BE1E97CB0C7BCC48CEAD5D
4373779430 36445 37413 AAF7AACF93AC6CB2C774626884482E010AD2F6CD3B0DDE4B4497BCF23CACDFA7
4374279978 7268 33568 7C20F6CF1A09EEE4F40FE6F70B0F070213E4AE0B9599CF6348B0EAC781225457
4369328465 19000 57701 7C20F6CF1A09EEE4F40FE6F70B0F070213E4AE0B9599CF6348B0EAC781225457
4378168719 29583 42901 143C9D9546F1239F64D396D283823FD42D049DFF17D90DB7B8641FA304623BEF
4377678790 30000 8879 7C20F6CF1A09EEE4F40FE6F70B0F070213E4AE0B9599CF6348B0EAC781225457
4369272262 6209 10477 06C022FB7F636516915446E925CFB81684970B1E6B5D01B904ADF071A1F8A3A4
4370969412 25556 56879 7C20F6CF1A09EEE4F40FE6F70B0F070213E4AE0B9599CF6348B0EAC781225457
4368690467 7643 25455 91DB85194F6097E71104E02666C12F4885C8F86F727612114969361AC6061116
4372912445 32811 20153 1374D7E26A9235A08D6C0E128A16F6A81183830C0FC77ED3B38DC9C4136C19B3
4374373199 1769 20865 5C47FEF13CCDFEDE9477A9AF1AEB40F23D14C0A49B1A7BB12001EC9987292CAC
4368634195 59875 22150 CB54C2AAF85C07961A010DE13AD3EB607D02E3672FD61F1D1D635EE5FF71D0BE
4377587439 51085 59314 327D1A65D1C391BB78C5E5E125B64BFB4164C3895E319E2418CD3E728E98EAC3
4371043790 45443 40411 91006149F5CDE75262B8A94F42853D8036679D0335D7BE9A88BA61CF43E70852
4376368956 55882 23424 7C20F6CF1A09EEE4F40FE6F70B0F070213E4AE0B9599CF6348B0EAC781225457
4378281676 57219 45920 1C1712A5BB722E83FDB0FA09FA32DDE2EA1D6A1121AF3C701203CD143D824C23
4371215144 21244 19681 7C20F6CF1A09EEE4F40FE6F70B0F070213E4AE0B9599CF6348B0EAC781225457
4370354881 54834 15978 7C20F6CF1A09EEE4F40FE6F70B0F070213E4AE0B9599CF6348B0EAC781225457
4378985081 40499 12543 E9E91FA1CD9CD699883ACFDEC7FDE26439BD7968F8FF71A91EEAF54A92D1D083
4369737442 29259 2167 3B2F71A4B5C672DD56C5ACE2B6C333CD2428217C1E441D8C47AFEAD9BDA1BC22
4374807264 2314 51232 7C20F6CF1A09EEE4F40FE6F70B0F070213E4AE0B9599CF6348B0EAC781225457
4375230181 36508 29278 7C20F6CF1A09EEE4F40FE6F70B0F070213E4AE0B9599CF6348B0EAC781225457
4370540214 7857 82 B3C94AC5E8435BF774EEE3F158DDB4C3B13991FD47E05B17F37CBFA71DC644E9
4376281292 52038 62804 7C20F6CF1A09EEE4F40FE6F70B0F070213E4AE0B9599CF6348B0EAC781225457
4371981258 27280 48488 7C20F6CF1A09EEE4F40FE6F70B0F070213E4AE0B9599CF6348B0EAC781225457
4375067174 24419 13081 D10958BD9B76E15FCFA16D0F14E4F05CA1880AEF43D3B3C715DAF52257BEDD15
4379697652 35710 45459 7C20F6CF1A09EEE4F40FE6F70B0F070213E4AE0B9599CF6348B0EAC781225457
4374378428 49712 36326 7C20F6CF1A09EEE4F40FE6F70B0F070213E4AE0B9599CF6348B0EAC781225457
4372980165 57644 37878 7C20F6CF1A09EEE4F40FE6F70B0F070213E4AE0B9599CF6348B0EAC781225457
4378730072 35775 17462 66C3E16180D8B47BF00723302D7BB826CCFC7F5EABF7B20DFA11ED0105430334
4380197736 52917 45929 7DFD46D11D4B5070BA4A1E6369C49808D7639D5E49E06C8A5794F1FB5C8FAD99
4375543612 61794 7106 7C20F6CF1A09EEE4F40FE6F70B0F070213E4AE0B9599CF6348B0EAC781225457
4369152080 53304 52025 7C20F6CF1A09EEE4F40FE6F70B0F070213E4AE0B9599CF6348B0EAC781225457
4376674900 58679 47108 E07FC8C53C5FEE4912110045D1DE517966A02836F5CC30CA421385934B25A6EE
4376651980 14659 44483 CCD30FBA40BDA349442FF62705ADDCB29E4C9E5C01C9DBBBE0933E79B9611720
4376619266 30294 43669 7C20F6CF1A09EEE4F40FE6F70B0F070213E4AE0B9599CF6348B0EAC781225457
4377826866 16435 1756 8D9D29E2424922802A15C2FD50521D150FFA7E071A5B82494469F54A28A2E7E2
4375414398 7566 23074 7C20F6CF1A09EEE4F40FE6F70B0F070213E4AE0B9599CF6348B0EAC781225457
4369780174 61572 1129 7C20F6CF1A09EEE4F40FE6F70B0F070213E4AE0B9599CF6348B0EAC781225457
4376664224 29683 35976 0AE09DEF2F4652700DF95DCE835BA75CBA8187618E2EC005F165270FEBF6E237
4377260187 62765 50838 E32543982673D1C0AB0331FB0B6BB0117080B75EA4731B7A0A479C5025C192F1
4375008274 27330 19871 7C20F6CF1A09EEE4F40FE6F70B0F070213E4AE0B9599CF6348B0EAC781225457
4379532975 28855 60974 354704797EE30FDF5B6424BD25551E40C7C29FFB896A0717F8C51120F84EDBDD
4378463321 2857 6321 C313749DD382F76062049F975E5EC6ADD45A4839FAD1572A1F526344D8BBBA90
4379933764 20247 28238 A4EC8F4B18E0B464BB7D4A71812CB6005212F28E0D257A47F31352C3966A9CDE
4379393215 45517 17117 BACADCA8BB21EE8F9D9A13357007CF3F4CDB0E55DB86151B0B59E850341A2907
4376123512 64 26005 7C20F6CF1A09EEE4F40FE6F70B0F070213E4AE0B9599CF6348B0EAC781225457
4375717832 56588 22074 7C20F6CF1A09EEE4F40FE6F70B0F070213E4AE0B9599CF6348B0EAC781225457
4370106345 9105 5088 DBB21DB51D02463DB659EFEE09D04A599006ABA0C4B8DB19FE5AB6A2259370B3
4371268246 20113 42225 2DD3306ECE14D810A8E7A3F4AAB6E555179563723014A80A6C7B652AD483D4F3
4371341765 25372 40431 7C20F6CF1A09EEE4F40FE6F70B0F070213E4AE0B9599CF6348B0EAC781225457
4369101127 4853 9695 79241355C066137E4049F44FE4E06431B452592768E76E02F41A08DB84A8233F
4378194247 34148 33858 7C20F6CF1A09EEE4F40FE6F70B0F070213E4AE0B9599CF6348B0EAC781225457
4375099641 40014 37412 7C20F6CF1A09EEE4F40FE6F70B0F070213E4AE0B9599CF6348B0EAC781225457
4377680151 11897 31890 772250822EC204DDD8B38BE85B5AA3EFE949EDB8AE36C8E1038E505249E1C837
4371132330 23104 26549 7C20F6CF1A09EEE4F40FE6F70B0F070213E4AE0B9599CF6348B0EAC781225457
4368840636 14705 47130 489AC778A1BBC3FF08DBA5E753E2DA157F42B3A0596A5353A3B12BCC00C63936
4369766101 40093 46557 DE936C6D1841060F96C1C9CA16460FC98E087A963EEB40974100E59A18FFD9F0
4374373592 49605 43214 E73D8CF54D99590A4431A92BE1937FDD97F3D0F7AAD2E63C599F69A521D36D75
4377137689 16241 41736 F373A699A5175F2A021670387E7589A11437960DFADB34D1C8A51546CB2A38A7
4374597272 11707 33912 8C9018C0FD11F88200A1D98C10C207C12DB74AA021DFC96F69DA292966261982
4376530151 61200 18064 7C20F6CF1A09EEE4F40FE6F70B0F070213E4AE0B9599CF6348B0EAC781225457
4371161519 20833 64737 7255A994DEC200E0A4BEFB4A8E2703F16F8098B047BFE7191E2B9EFAABA2EE5A
4373432483 41277 35634 67595C110314BD826159E630936F4AED42A69401A1C05503094D96C7E05AF5A1
4377183197 21983 42138 B959A73AA4DE3E89BC40ADCB125282478D482BB816CD036F6191080564DA0E84
4369216102 9755 62332 FB7B7BC197EB165CF44B8AB5D417897EFADE34C9D4E4B3773D9B9E4ABC5FF06B
4375752781 2201 65311 0719D18CE33AD9DC66DF3DE70FF76C824511660E936BF9EB07629B9C53C0BC3A
4370484599 48701 49264 2C521A52C610A1177B5A9A5DBB9807F41970A3575145F6A286C355422F5209C1
4368647720 62428 30216 7C20F6CF1A09EEE4F40FE6F70B0F070213E4AE0B9599CF6348B0EAC781225457
4372820462 38573 26809 189ADA0B4B84ACA0BA43A0B31BFAF7D082D01B254F1F355D94C85B26C3ED7177
4376409690 61749 59140 0E1DFDE704A1BA879A7095E018EA97D8726DA84D1138AE647ECB9548EFC39621
4370054883 46438 21196 7C20F6CF1A09EEE4F40FE6F70B0F070213E4AE0B9599CF6348B0EAC781225457
4378676000 20936 40526 7C20F6CF1A09EEE4F40FE6F70B0F070213E4AE0B9599CF6348B0EAC781225457
4375465403 5954 10958 7C20F6CF1A09EEE4F40FE6F70B0F070213E4AE0B9599CF6348B0EAC781225457
4373926395 51692 60870 7C20F6CF1A09EEE4F40FE6F70B0F070213E4AE0B9599CF6348B0EAC781225457

Total of 0 tasks calculated error.
