Total of 100 tasks calculated correctly, accuracy 100.00% 
4386252496 38871 31979 5E7F02A439F92E439D3DEE1249050825C59FB9C54B7628BA58396EA9C5F919B8
4390128703 42759 831 F62BBDCFD28A00C3D24C5E0AC088706973FBCC21B6F8DC9FE3AB63BE01353B4C
4392052226 32605 27468 A50CB146F804B05112F47ADA1D9818E5907661D0D98664E2902F08BE04538DA2
4388678857 58633 64630 A1C5B17E58C917BCA163BCAB68056C9664BC25252CD3FF42DD5B209A38CFADDE
4391758363 40632 14186 7C20F6CF1A09EEE4F40FE6F70B0F070213E4AE0B9599CF6348B0EAC781225457
4388035822 16631 4814 5AB50CE141C1FA8300FF9A58AAC3352A467AF10BD410A82EE86B4E2C3EB503DA
4391592170 23364 38785 7C20F6CF1A09EEE4F40FE6F70B0F070213E4AE0B9599CF6348B0EAC781225457
4387250169 58689 10912 E3ECE91E47CEAB43D67D55D87EC7B61824069792022ED26324D193A2A03E11EA
4384753530 727 40176 9210B1B775EA27D042B3AC2C7B5333A7D2D6A6172D45919831516E148F2BC13B
4389276057 29389 55843 C77D4306A4CABF81F95D9E7A328CE73CCB59A8F071287C605CFDA29617F125BF
4385924389 62937 26224 BFB41BB421310BD742FBC1196BCD425473EB1557749174124D4B9DD0A99EDF91
4381229790 61827 19975 F9758D4D7E5309E6B8D620BAFC9A534FFD5DF7813CDEBA00958CE5602B317525
4390503221 17955 57921 2C260D93A40E4B6C95C484864B157C22490339E542FFB31C682C0877B3A83302
4388813656 23211 47645 384913681CB247ABCA14444E211F6157AA3DFC392F682A60FB5DAFA68E70CB10
4386618063 32510 7886 7C20F6CF1A09EEE4F40FE6F70B0F070213E4AE0B9599CF6348B0EAC781225457
4388158095 13719 39562 9613BB530AB93ABE5633349CC14DC144BA1838C73ECA2B99A141D81A02095882
4390912511 28571 51055 D59B6604246EEAFB0C50CE4D1BA10155B67CD16328DB6FAC64C6944980ACCB14
4391360448 20644 36594 7C20F6CF1A09EEE4F40FE6F70B0F070213E4AE0B9599CF6348B0EAC781225457
4381614199 44878 2644 7C20F6CF1A09EEE4F40FE6F70B0F070213E4AE0B9599CF6348B0EAC781225457
4387015145 35566 12550 7C20F6CF1A09EEE4F40FE6F70B0F070213E4AE0B9599CF6348B0EAC781225457
4389873396 58994 55581 7C20F6CF1A09EEE4F40FE6F70B0F070213E4AE0B9599CF6348B0EAC781225457
4380916893 51573 35222 FE551191182AEFBF5C054578BA20058ED2603C8D374F771B9C632229E01F2A4C
4392049448 12651 41374 FC0251080D997AC3161F94BC9738E40986956FFDC658F289C6FA30CA7BC13626
4384024870 45909 19649 A2990E97CC96C9DFE85B03B03205D4C896992903FDB7DB0D7850511C6703F17C
4383307472 39438 11591 7C20F6CF1A09EEE4F40FE6F70B0F070213E4AE0B9599CF6348B0EAC781225457
4384437382 34729 16379 EAC53069CFC90C3FBFA9DE644F99D3AF84E109AA6968F9CCEF3D4DDBC51DDFB7
4390291963 22563 61406 98509A84634E544CF9578C7F031E480C1BDD5E84B7345EC50B1F06C5894CAF81
4391241588 10159 62308 6BAC78CE09CC2B8948F223D98B75F0854191679645DA1253C3E9FEA4E2A2A57D
4390176651 53245 64533 740E926E85CE4F9652D2AC9B87BDF1A105E6890E13D30B06CAB461C56EF3C7FB
4385209848 9744 60805 7C20F6CF1A09EEE4F40FE6F70B0F070213E4AE0B9599CF6348B0EAC781225457
4388913351 56431 30420 6C7182C95EDFEAF7EB1D529ACB66CF3AF765E2F1A5ACBE3C6752C215481CF076
4384790619 52312 61541 7C20F6CF1A09EEE4F40FE6F70B0F070213E4AE0B9599CF6348B0EAC781225457
4386079419 60895 453 DAA5D8224EAFB2062E7375D48C8F261278F903D2ADC1025FB4AAB780324E2F30
4385816475 29950 1947 7C20F6CF1A09EEE4F40FE6F70B0F070213E4AE0B9599CF6348B0EAC781225457
4383887422 17853 53691 317981C948B3F9A139B49BED9422BF8B64C8AAD78A70AFB3A0FC883751572BE1
4384223600 20825 57529 DB0A40E1ABB60964E4DCE6C52A60323F3525662F398437DA51BA5EABAF51AB7E
4389400212 60214 24008 7C20F6CF1A09EEE4F40FE6F70B0F070213E4AE0B9599CF6348B0EAC781225457
4386037888 16820 24837 7C20F6CF1A09EEE4F40FE6F70B0F070213E4AE0B9599CF6348B0EAC781225457
4390608660 39988 30282 7C20F6CF1A09EEE4F40FE6F70B0F070213E4AE0B9599CF6348B0EAC781225457
4381846405 63001 1639 3A2071F88DD960E3CEDC18BB18339CA8C5CA203094F7FC1F0E5D3FF946EB2D8E
4387019288 34145 57771 E6DE48B9D33D31039FD09BCE6863AE8A252440EEF27F050FB03224CDCEB26D62
4391220537 3244 27715 7C20F6CF1A09EEE4F40FE6F70B0F070213E4AE0B9599CF6348B0EAC781225457
4388299227 8599 31107 0D009F05F795A8C868BAEDCE99076E1555D97A02F74132CDBCC06624C8F1DCE5
4392336043 7965 13151 D9A12E6B17A72B5F47C668B712FADD61DE7C26CC725CC1767B26A6A8FFE57D5E
4390072920 24398 46215 7C20F6CF1A09EEE4F40FE6F70B0F070213E4AE0B9599CF6348B0EAC781225457
4380779561 9137 61697 284BC2A5257BF789BE1E98944948AB56BD06AC13562492E95EAA2020BAE370B2
4386123730 64765 56147 9EA0764E6901E47ED8488C69DF5DFADE397E469B77FEED81E0E4A81475039DBB
4381863342 49572 34826 7C20F6CF1A09EEE4F40FE6F70B0F070213E4AE0B9599CF6348B0EAC781225457
4386175139 16774 63340 7C20F6CF1A09EEE4F40FE6F70B0F070213E4AE0B9599CF6348B0EAC781225457
4390319776 35153 18544 58B1933DC7583B9795C7B4FC74D25436B30D6FE215D2719E562F2E0E4E22942B
4388793014 55947 35614 CB3A4A8DA0C539D219417390DB059DD4CFCFC9A1BC7FCAFA6653197DF8DE6D3C
4383819821 62345 58078 F93C8D5D8840A452025190D3578A8988B009CA74FB7A71CBCC05350DA7E250E8
4383623213 16775 679 326FFAFC770339BEC5B6E5EBE56C0DDC7663F524BFD2B7C277A9246B7BBF3E38
4389648946 57871 36472 233133D0D81C832D03B3C8BE3EF225737566323DDE2CEF2E37A68B0FD67BFBEE
4391155253 39468 10531 7C20F6CF1A09EEE4F40FE6F70B0F070213E4AE0B9599CF6348B0EAC781225457
4390358492 22737 42035 6D7D764BDC98D63690F67FBEAAF1A0AFC32DEEA25C29D5F42CE4D5295ADFEB37
4381090747 53012 22855 7C20F6CF1A09EEE4F40FE6F70B0F070213E4AE0B9599CF6348B0EAC781225457
4382298096 36318 35893 7C20F6CF1A09EEE4F40FE6F70B0F070213E4AE0B9599CF6348B0EAC781225457
4386735452 61168 42530 7C20F6CF1A09EEE4F40FE6F70B0F070213E4AE0B9599CF6348B0EAC781225457
4385124754 36188 26073 7C20F6CF1A09EEE4F40FE6F70B0F070213E4AE0B9599CF6348B0EAC781225457
4386165111 3168 37883 7C20F6CF1A09EEE4F40FE6F70B0F070213E4AE0B9599CF6348B0EAC781225457
4384711580 43277 50221 392D6119E2AF9C573615926FC82266A4DD695F8EFFC8C7AD75585BFF9DAC2281
4386151071 25514 3348 7C20F6CF1A09EEE4F40FE6F70B0F070213E4AE0B9599CF6348B0EAC781225457
4384343197 42857 43945 671CACE54DB9D06A5D898EA74CAC4636433A55E9541BCF04AB8FCDC5CEEA7431
4381278772 41395 27456 9072BC0305D296EE54774A5EA208A2134653C60E8EB7DC4C5A0C654B40057416
4380554464 56282 38947 7C20F6CF1A09EEE4F40FE6F70B0F070213E4AE0B9599CF6348B0EAC781225457
4382373573 6856 30295 7C20F6CF1A09EEE4F40FE6F70B0F070213E4AE0B9599CF6348B0EAC781225457
4391412433 26662 65118 7C20F6CF1A09EEE4F40FE6F70B0F070213E4AE0B9599CF6348B0EAC781225457
4387932551 32362 34479 7C20F6CF1A09EEE4F40FE6F70B0F070213E4AE0B9599CF6348B0EAC781225457
4388913882 53484 47040 7C20F6CF1A09EEE4F40FE6F70B0F070213E4AE0B9599CF6348B0EAC781225457
4384441159 31419 22484 46BEA8CFC821E06EE5C3808B9D82E9623F225872561A3ED4B9EDC4E4CA11ACA4
4382537533 16161 37374 6FE46834D428019113BC7298A4CDA99A920D80AC9EC4F1D5C637D0AA6C8082C2
4389989020 24433 2825 B3987B295BAD8CDC7A9AA6E61D1270C122E85BED946DC78A28C6D4A6F91CFB0E
4382720764 54131 32199 73EE0ACBA7CB9CA67954EF2291C591872EBB5CC837F788AD22C8EE8045777AA3
4391783904 51036 9483 7C20F6CF1A09EEE4F40FE6F70B0F070213E4AE0B9599CF6348B0EAC781225457
4384112823 19651 52769 F5B213D1FE483787BFE6D37FFE7D22514750B24CA45D95649EE168E660C7D13D
4388286598 58802 63585 7C20F6CF1A09EEE4F40FE6F70B0F070213E4AE0B9599CF6348B0EAC781225457
4381255315 43475 30408 AB110FF91BDB6AABDDA77987DE1179E52DFF8F1B09A69312FA65A08F3D527E98
4390149483 19882 2604 7C20F6CF1A09EEE4F40FE6F70B0F070213E4AE0B9599CF6348B0EAC781225457
4387879263 34733 14408 5A889490B6457B94CA439746E2372B822FD4C287F9037FEF0A7DAB9F2A114053
4385809109 64081 51769 5BB54FB9C4F33368FBA61FA0B403BC76A9D1CFAC4452108E9E70E818119E7AF8
4387428081 49883 18957 C7B583FC3BADAE4FC8CBAF4A03DC39AE5AAEE88412F4B642CFB56C5116C9B8CB
4388313283 65476 7947 7C20F6CF1A09EEE4F40FE6F70B0F070213E4AE0B9599CF6348B0EAC781225457
4389067573 9373 37609 5D827A1536C16A5538413923FBE8734BA9399F30A9B4A91B3C3993DF839002BB
4388118704 53075 25769 EBB69C04EEFC458841A48D737C658ECE85FEF7735AF336AC4B98D54C76B03CC2
4385078081 22420 7006 7C20F6CF1A09EEE4F40FE6F70B0F070213E4AE0B9599CF6348B0EAC781225457
4386137124 22056 13725 7C20F6CF1A09EEE4F40FE6F70B0F070213E4AE0B9599CF6348B0EAC781225457
4385280804 29026 37231 7C20F6CF1A09EEE4F40FE6F70B0F070213E4AE0B9599CF6348B0EAC781225457
4385186582 14408 18 E469BC2003601D9E8538805DB43781BD8A45730F479B46EBB0F88C718C3BB5E4
4391093100 13280 33739 7C20F6CF1A09EEE4F40FE6F70B0F070213E4AE0B9599CF6348B0EAC781225457
4381746156 35398 4595 7C20F6CF1A09EEE4F40FE6F70B0F070213E4AE0B9599CF6348B0EAC781225457
4383536177 51013 6787 28B61BA6251F0AF77797061C89E67636854C821055008608B9B742B04DFAF47E
4389687048 17058 33019 7C20F6CF1A09EEE4F40FE6F70B0F070213E4AE0B9599CF6348B0EAC781225457
4389659032 40246 38585 7C20F6CF1A09EEE4F40FE6F70B0F070213E4AE0B9599CF6348B0EAC781225457
4388600509 43084 2543 7C20F6CF1A09EEE4F40FE6F70B0F070213E4AE0B9599CF6348B0EAC781225457
4390079333 28497 24137 000024282600968CAFA477DCE6F7E026ED764817B41B2DBD71AFABBEABEB132F
4391377501 17780 34654 7C20F6CF1A09EEE4F40FE6F70B0F070213E4AE0B9599CF6348B0EAC781225457
4390669177 27887 20202 59CF97EDB3BC7197AA4ECCB231A3F5D11830774F60DB4A87E624969FAF4C8765
4388591135 56025 54715 AB7E6559AAB5BA37E6D2A2CEDB2D6C10A3284E19C8B6645379A2CEA53D92FE42
4382521558 46436 60617 7C20F6CF1A09EEE4F40FE6F70B0F070213E4AE0B9599CF6348B0EAC781225457

Total of 0 tasks calculated error.
