Total of 100 tasks calculated correctly, accuracy 100.00% 
4399866708 45333 21378 F332B085BA96731C7CA52F574F783C623FE25E0C11E9FF1BFBE5918D52F3E4D2
4399452789 10103 58573 630D4692B0B55759346BB33C72024ECD1F54783B0811421396923C7BDBE966BE
4401692838 63591 40268 579B786231E4F9011601AACD12AFC06DF2D3F42E77CAEB3FF00BD584B1BDFF86
4401253434 43346 3660 7C20F6CF1A09EEE4F40FE6F70B0F070213E4AE0B9599CF6348B0EAC781225457
4404016110 54352 14778 7C20F6CF1A09EEE4F40FE6F70B0F070213E4AE0B9599CF6348B0EAC781225457
4402471340 15683 64654 745D7A776515A198D8C48317DD46DD99929A4EC84E8B2EC5B00993267B312B6A
4396481240 53075 14827 9B4E9668DF818FC88EEBBDFDF85B1C4F568D59610630206CDF74CA15FF2E92E7
4400661782 4461 36632 33DB383B1B1A9AC8E3AE3AC7D8C538AA17C34D2663A6300256056F92D0C4F8BB
4399960788 36692 3942 7C20F6CF1A09EEE4F40FE6F70B0F070213E4AE0B9599CF6348B0EAC781225457
4401962314 59564 61652 7C20F6CF1A09EEE4F40FE6F70B0F070213E4AE0B9599CF6348B0EAC781225457
4398029911 17542 1639 7C20F6CF1A09EEE4F40FE6F70B0F070213E4AE0B9599CF6348B0EAC781225457
4394947660 31458 63265 7C20F6CF1A09EEE4F40FE6F70B0F070213E4AE0B9599CF6348B0EAC781225457
4396844542 5610 60048 7C20F6CF1A09EEE4F40FE6F70B0F070213E4AE0B9599CF6348B0EAC781225457
4394156917 47256 7807 7C20F6CF1A09EEE4F40FE6F70B0F070213E4AE0B9599CF6348B0EAC781225457
4393055576 62634 5493 7C20F6CF1A09EEE4F40FE6F70B0F070213E4AE0B9599CF6348B0EAC781225457
4400815437 15677 13358 5D837E5A0997EC0207BE078192243CD455AEE272B6B000C5023440A318476C29
4402978895 26780 6848 7C20F6CF1A09EEE4F40FE6F70B0F070213E4AE0B9599CF6348B0EAC781225457
4398230875 3970 3085 7C20F6CF1A09EEE4F40FE6F70B0F070213E4AE0B9599CF6348B0EAC781225457
4399569539 2215 42853 E4D00893A5D43E80BFEA46F2C6951D8ED8DBCAEE3C152DA474220DDDE516A882
4398583063 732 53289 7C20F6CF1A09EEE4F40FE6F70B0F070213E4AE0B9599CF6348B0EAC781225457
4401207638 56120 25130 7C20F6CF1A09EEE4F40FE6F70B0F070213E4AE0B9599CF6348B0EAC781225457
4392619537 6030 11676 7C20F6CF1A09EEE4F40FE6F70B0F070213E4AE0B9599CF6348B0EAC781225457
4403110241 8497 8549 0985875DA14567E86CE713AE6A94FEE31E9F305C6003200216A57F289B7CAFAB
4393552209 9736 60782 7C20F6CF1A09EEE4F40FE6F70B0F070213E4AE0B9599CF6348B0EAC781225457
4396524186 46172 64589 7C20F6CF1A09EEE4F40FE6F70B0F070213E4AE0B9599CF6348B0EAC781225457
4392615542 51959 53040 3E61BAC6C9E2ECACED5CFA575FD74FF1F73AC5D6241ECA8EC3EC4AE63C31AF18
4396074359 10414 49279 7C20F6CF1A09EEE4F40FE6F70B0F070213E4AE0B9599CF6348B0EAC781225457
4402859903 32074 18022 7C20F6CF1A09EEE4F40FE6F70B0F070213E4AE0B9599CF6348B0EAC781225457
4397255658 46276 28751 7C20F6CF1A09EEE4F40FE6F70B0F070213E4AE0B9599CF6348B0EAC781225457
4401891940 24203 34945 981F9F1B490923B315F3607C7A485CAEC4A040F0746A1087BA155FC5B61F10AA
4396531727 51519 37082 ADE9074F00EEA1CEBD37722EF4190402FF08832BA8BAF0B7F92DD26F765FB799
4394759876 3243 29978 FCD98B99C87FDF5458A542E598C367E8F0722CC2412556251CDBA52CB23137F1
4402788788 11208 32929 7C20F6CF1A09EEE4F40FE6F70B0F070213E4AE0B9599CF6348B0EAC781225457
4395051189 35099 64221 EC2279A89229AB35AC65E66C5219105F98D0B738FF4BC2A3DFE87C2661BAED1D
4399353530 29237 56236 421D9F7BA641B701192167B129E21E846117ED18D5C0E69B25B899D04AF63613
4402936598 27118 48042 7C20F6CF1A09EEE4F40FE6F70B0F070213E4AE0B9599CF6348B0EAC781225457
4392812298 52183 48395 993B37F46531C94B56AC5FABA776187936C7C92BAAA5BF9C8455CA3AA15B5509
4395333748 61109 51011 B5CDEB3746F7DE21793056BB16E05B1C63998A28E824E8908FF8A07B2CB09BDC
4401872782 3388 65360 7C20F6CF1A09EEE4F40FE6F70B0F070213E4AE0B9599CF6348B0EAC781225457
4402997953 39021 28292 07C0A8B080F9BE8C7ED70DED449707DDA9101FC1DF8AB151CB964CBABD390DC5
4400191684 50387 47856 EE7E963E11E8E526B408BCD3DE84C7D56BBE9D200D7923D8AD2A1D376E8635A3
4393230243 4230 11089 7C20F6CF1A09EEE4F40FE6F70B0F070213E4AE0B9599CF6348B0EAC781225457
4393565791 28667 46894 32CCC40CD1CB031C826A57D20A4A9CB7382BDC6DAEFB7FD8A78E8C3F27808F09
4398627255 48992 40414 7C20F6CF1A09EEE4F40FE6F70B0F070213E4AE0B9599CF6348B0EAC781225457
4393924910 20093 54504 5F8E873D6F07F62937114A987085C8AC6376B306D45B88019FF278D65193909A
4393952439 32699 54088 28712253922EC8EB536FD8FBF77F2BE74489B7F1AECB049F2AB4958D32959BD5
4399177473 38373 8125 3F8F6E30DF466E5AC3A7E8380FD789E332AE207B94E318F56E33A612B350D3FB
4402642397 39335 54177 E4D58CE924D1D6DCFB7A277FF23FB93E7047A0BB4DC55D55C7814D1F3925A610
4402005911 29602 61704 7C20F6CF1A09EEE4F40FE6F70B0F070213E4AE0B9599CF6348B0EAC781225457
4395214006 11749 11994 CBC4FE5A93B30B200684A5F767BAFC412706C5578FFEAFA23B79BF691AA46097
4403065074 41009 34551 17DE20636906AD9434494BEA07E0D06741BC98D1088811BD176D757076DF0081
4393940587 4960 16979 7C20F6CF1A09EEE4F40FE6F70B0F070213E4AE0B9599CF6348B0EAC781225457
4394447309 14234 23498 7C20F6CF1A09EEE4F40FE6F70B0F070213E4AE0B9599CF6348B0EAC781225457
4398826423 16295 22667 BC59AFA453DB16C392CEE4C629662E3A54C3D76614030AB626637D68F73895A8
4399361699 11785 57657 995EC81029B8A04FB591ED64E151E17AD2DB4AC55004AB1773A9DB690EB0BB3C
4402196913 51243 33607 4ADD459816DB30DD56E859825F440CE4D96639460C995A271BD6F03853837FE0
4398950600 47122 39456 7C20F6CF1A09EEE4F40FE6F70B0F070213E4AE0B9599CF6348B0EAC781225457
4398827442 9103 33659 3C8F40E132947C112F24678A09327FEB69B19C6FD5FF81A685F25151936B6385
4403233255 26997 42183 B15D3E8BA2B62896BD4D9DF0045A6169FF4DB951EA0AB33B7E4454328869BF53
4395490590 64964 33207 7C20F6CF1A09EEE4F40FE6F70B0F070213E4AE0B9599CF6348B0EAC781225457
4402122222 29712 49639 7C20F6CF1A09EEE4F40FE6F70B0F070213E4AE0B9599CF6348B0EAC781225457
4393757030 62472 28577 7C20F6CF1A09EEE4F40FE6F70B0F070213E4AE0B9599CF6348B0EAC781225457
4395003426 34260 49131 7C20F6CF1A09EEE4F40FE6F70B0F070213E4AE0B9599CF6348B0EAC781225457
4403723658 1034 11054 7C20F6CF1A09EEE4F40FE6F70B0F070213E4AE0B9599CF6348B0EAC781225457
4403999811 55542 13639 7C20F6CF1A09EEE4F40FE6F70B0F070213E4AE0B9599CF6348B0EAC781225457
4395451927 9085 52254 93510A4787F2252E46ACA5188FE7694072E89C499872D9EAE60D1DC2C78ADFE0
4393992617 39657 23539 82B4D9E0571CF05B7D6221801C3C8729EF35F0C441E0430597A7467BB76E549B
4392790855 33652 11556 7C20F6CF1A09EEE4F40FE6F70B0F070213E4AE0B9599CF6348B0EAC781225457
4397388607 37103 44753 3B5576C9DF2069D3CBBC75F5F4363CCB888F36E61946AD446F1556BE36622418
4401875347 62083 3215 F30DC4E53033BB4F2CFCBBBFC5721C2F11ECB79A23271D9BF3C3EBD793919286
4397649432 53712 50793 7C20F6CF1A09EEE4F40FE6F70B0F070213E4AE0B9599CF6348B0EAC781225457
4398752212 29906 4560 7C20F6CF1A09EEE4F40FE6F70B0F070213E4AE0B9599CF6348B0EAC781225457
4400793960 50593 3968 F2C64C781F29AA209A7ECC56B59A940B229DA2F7D92D3D5F2D91B70D85A7C056
4392555331 20370 47338 7C20F6CF1A09EEE4F40FE6F70B0F070213E4AE0B9599CF6348B0EAC781225457
4401326462 64717 44269 7D770332DFB560074D80DC9C161608F4AC47FC035E9534745C42C6C36981CA32
4400988910 11758 31685 7C20F6CF1A09EEE4F40FE6F70B0F070213E4AE0B9599CF6348B0EAC781225457
4397486993 54318 769 7C20F6CF1A09EEE4F40FE6F70B0F070213E4AE0B9599CF6348B0EAC781225457
4393903182 60445 24625 5BBBA7EF097FE3861F3123BF536202C3D969DCA6848099BFAD3BB590BA69BB21
4393255409 40912 19100 7C20F6CF1A09EEE4F40FE6F70B0F070213E4AE0B9599CF6348B0EAC781225457
4396006478 12335 55639 519682E77A10A74AC2864032C2BC42E8DA82AF37E95D556D1C129D5C0159ECC3
4394200370 54933 53420 69B3AAE73271A48F2A052DE6E2C636B3ADCFDCDA46F148F5CDDE6046AD26E79C
4395450142 61670 17498 7C20F6CF1A09EEE4F40FE6F70B0F070213E4AE0B9599CF6348B0EAC781225457
4403635111 58967 45557 786FFD0BF6681D3F0182F4FE464EBDA29E036D22C008D23E4BDC35B251981DF7
4392929335 55599 37426 4908D44ED6FA66C2F8D30F7F04BBD8D3C4F2C02AF7AF59CCA4731629A4303666
4401266003 65465 33699 133663439E1BAC104D9E7BB141DD4E0C8BCBC38314FCDBD32C9B408713E768E6
4402348290 41662 10733 7C20F6CF1A09EEE4F40FE6F70B0F070213E4AE0B9599CF6348B0EAC781225457
4404237985 9952 3057 7C20F6CF1A09EEE4F40FE6F70B0F070213E4AE0B9599CF6348B0EAC781225457
4392972490 14970 53086 7C20F6CF1A09EEE4F40FE6F70B0F070213E4AE0B9599CF6348B0EAC781225457
4399797751 39590 60401 7C20F6CF1A09EEE4F40FE6F70B0F070213E4AE0B9599CF6348B0EAC781225457
4398618727 65133 9057 6FFC094DE91EE737FFA0C1C9898DE3ADC6B125DFDF05591CACBE404868E2D0E8
4398213082 22534 46992 7C20F6CF1A09EEE4F40FE6F70B0F070213E4AE0B9599CF6348B0EAC781225457
4400684547 28035 3890 AEC8C9E66B386C336B84925F9B18E19B044CC3565FCD9F98C294E7B0E0975BC5
4399468666 36677 16789 B2DF75675178BAE3AD3F8B2AA97418781A69294CDFBB67F62A8066C224ED3B27
4398720339 19160 17018 7C20F6CF1A09EEE4F40FE6F70B0F070213E4AE0B9599CF6348B0EAC781225457
4401514510 58759 42871 AAEB139725F511A2A66E5854285845EB387FC848F47CFCEAD51CBD619F0D7A00
4403790171 3942 17604 7C20F6CF1A09EEE4F40FE6F70B0F070213E4AE0B9599CF6348B0EAC781225457
4404338461 16256 10201 7C20F6CF1A09EEE4F40FE6F70B0F070213E4AE0B9599CF6348B0EAC781225457
4401100378 37574 63756 7C20F6CF1A09EEE4F40FE6F70B0F070213E4AE0B9599CF6348B0EAC781225457
4392694579 63883 45978 38B956339B2400300F2A5A95DA985892034778CC105ED67FF90EA9C2DCE261CE
4403788151 36234 1103 7C20F6CF1A09EEE4F40FE6F70B0F070213E4AE0B9599CF6348B0EAC781225457

Total of 0 tasks calculated error.
