Total of 100 tasks calculated correctly, accuracy 100.00% 
4426700353 41455 6853 78B6485605FF49E788DFE0F6076595380084AC3A25A4DD9620E6CC2BBE5691DC
4422566877 50690 39897 7C20F6CF1A09EEE4F40FE6F70B0F070213E4AE0B9599CF6348B0EAC781225457
4427888863 7805 30484 4B43C282C1E808FDCB361463B65848F9EA6272C6FFF53B721F9E45EA2E16EDDB
4426525066 35522 57558 7C20F6CF1A09EEE4F40FE6F70B0F070213E4AE0B9599CF6348B0EAC781225457
4423892061 53567 8989 B1DC9E108E0A8136320807DF2606E229E70390B69F90D2DCE50A7177BAB1B743
4418352649 35568 5273 7C20F6CF1A09EEE4F40FE6F70B0F070213E4AE0B9599CF6348B0EAC781225457
4421899186 22447 5261 0A8E762950AAEDCD86D5803FC5DD8E82BA2520BAA22F8D271BA4BD4D930A3C5B
4422485163 32891 45217 9CA08DD66EE2645967A48901B2A4FD9C99FF775AA374F3FDFE8865453FD1774B
4425738987 60559 63108 D43D102C2CCB3291223E6F45B940CC1C9D7DC7846230617E24B4250C940367BD
4418402618 59621 33270 73200AE4A6A2EF293B367EB4A90E9460A3CD3A3DD95B357A59261AF7A50A02CB
4423564411 29114 27301 7C20F6CF1A09EEE4F40FE6F70B0F070213E4AE0B9599CF6348B0EAC781225457
4426671717 18398 3438 7C20F6CF1A09EEE4F40FE6F70B0F070213E4AE0B9599CF6348B0EAC781225457
4420689436 11113 21668 1EE93E8A4BCD50FA82C78F0FC96ECB900CBF75C8B4C8C95A90BF9D05F3085948
4419411242 40184 49363 7C20F6CF1A09EEE4F40FE6F70B0F070213E4AE0B9599CF6348B0EAC781225457
4422596179 58091 30178 DB514900907CFD8FBA1FAF7E9FD81FF50EE9F4780CCAE0555E8CF0AB64846F67
4419441266 58966 58455 7C20F6CF1A09EEE4F40FE6F70B0F070213E4AE0B9599CF6348B0EAC781225457
4419758738 55141 56804 BE382DA4887DC9E951D6C52F1DAE48355D3F15D5BC704E222092796FA829015E
4417777535 13950 26371 7C20F6CF1A09EEE4F40FE6F70B0F070213E4AE0B9599CF6348B0EAC781225457
4423601191 36755 53031 85C1D0EA72887B99F69106F47E7B229DDC640E2589E5433D7FAF8C2A887670D9
4421491459 13104 24817 7C20F6CF1A09EEE4F40FE6F70B0F070213E4AE0B9599CF6348B0EAC781225457
4423235966 41498 25654 7C20F6CF1A09EEE4F40FE6F70B0F070213E4AE0B9599CF6348B0EAC781225457
4426581390 32129 109 AA2699C5C7F8C9A214029CE4A8C56DDA6FF2B753FC17ABD5B0B03BA9981EF02D
4427592486 19394 30914 7C20F6CF1A09EEE4F40FE6F70B0F070213E4AE0B9599CF6348B0EAC781225457
4423278054 62182 46738 7C20F6CF1A09EEE4F40FE6F70B0F070213E4AE0B9599CF6348B0EAC781225457
4424548660 7966 3800 7C20F6CF1A09EEE4F40FE6F70B0F070213E4AE0B9599CF6348B0EAC781225457
4420901541 29207 55929 6152CFF9E2CCC65E61367D9765C4AFDA70399F844BC120C4FEBCBCC5C2C89164
4418221488 24002 39271 7C20F6CF1A09EEE4F40FE6F70B0F070213E4AE0B9599CF6348B0EAC781225457
4424144969 26688 41143 7C20F6CF1A09EEE4F40FE6F70B0F070213E4AE0B9599CF6348B0EAC781225457
4422269002 3504 25210 7C20F6CF1A09EEE4F40FE6F70B0F070213E4AE0B9599CF6348B0EAC781225457
4422590127 35053 23922 31F64FA270390BCD9A3F88AC9202B80B63F4ECC09EF9395549196CD301557AD8
4417183346 28417 38385 4DCAA1DFE8DCB5595E46771F1D3CC180FD8C8EAE84DD5C41B3A3140146266588
4419873076 4272 2242 7C20F6CF1A09EEE4F40FE6F70B0F070213E4AE0B9599CF6348B0EAC781225457
4426463508 19058 33609 7C20F6CF1A09EEE4F40FE6F70B0F070213E4AE0B9599CF6348B0EAC781225457
4426313332 60975 64321 B8239AE19A271A7A833C26A5D066360A118DFE45D10541FA0D23F5D414F8297F
4423220289 31253 13181 B406C7CD27C40B0A5FB788D1E00D9AB09E653063EE5E1ABC62A7B3A4D6887B64
4416651396 32266 6814 7C20F6CF1A09EEE4F40FE6F70B0F070213E4AE0B9599CF6348B0EAC781225457
4422141373 27442 30753 7C20F6CF1A09EEE4F40FE6F70B0F070213E4AE0B9599CF6348B0EAC781225457
4424299093 56835 37325 6FA8926D289FBF0304D5A78DAB1556F215D862D376FE519BF8E973FE936A4324
4424630989 63286 60788 7C20F6CF1A09EEE4F40FE6F70B0F070213E4AE0B9599CF6348B0EAC781225457
4420241485 37213 57105 7B32C8271694C1589C1E48AEE2BB9DD225A3A2E60ED9FE3DCF3CC89DE3AE54EF
4418798320 16139 46051 1C058F0F6BF83A409A31631AEE05E1CFDC545C92AE2152E2077E9548600B1C49
4420010599 2244 61673 7C20F6CF1A09EEE4F40FE6F70B0F070213E4AE0B9599CF6348B0EAC781225457
4418902441 47128 13507 7C20F6CF1A09EEE4F40FE6F70B0F070213E4AE0B9599CF6348B0EAC781225457
4425941970 45875 18076 F4630BF8EA647F18A1069ED317CCBF2A98523A1AE35C978290C5CB757777180C
4417763198 31809 15359 475F38D07735E6A72E9F2167A61AD1D059DD9293306F2AD954A763DA41E114DB
4417119104 4380 5763 7C20F6CF1A09EEE4F40FE6F70B0F070213E4AE0B9599CF6348B0EAC781225457
4428294848 36004 45899 7C20F6CF1A09EEE4F40FE6F70B0F070213E4AE0B9599CF6348B0EAC781225457
4425877315 19899 22134 662CA5B32447FA51FDD302D77CE72454BDF217A81C74E9856A99A67389334C5D
4419994104 23448 563 7C20F6CF1A09EEE4F40FE6F70B0F070213E4AE0B9599CF6348B0EAC781225457
4420436186 18624 51569 7C20F6CF1A09EEE4F40FE6F70B0F070213E4AE0B9599CF6348B0EAC781225457
4419165119 39432 45787 7C20F6CF1A09EEE4F40FE6F70B0F070213E4AE0B9599CF6348B0EAC781225457
4426660700 10843 58938 1E801CB91D4EA14C054C506B4F57F9EEFBFFFED797E94E0DF1321CDCAD98DDEE
4423106499 45860 48426 7C20F6CF1A09EEE4F40FE6F70B0F070213E4AE0B9599CF6348B0EAC781225457
4417344694 56256 53868 7C20F6CF1A09EEE4F40FE6F70B0F070213E4AE0B9599CF6348B0EAC781225457
4422561008 26515 47501 C914AD24970075A119B7A92EE4464D78D056D87901ED2C7149BBCC8D895B5149
4424668578 10102 27540 7C20F6CF1A09EEE4F40FE6F70B0F070213E4AE0B9599CF6348B0EAC781225457
4419065625 21644 9008 7C20F6CF1A09EEE4F40FE6F70B0F070213E4AE0B9599CF6348B0EAC781225457
4417603498 19554 35168 7C20F6CF1A09EEE4F40FE6F70B0F070213E4AE0B9599CF6348B0EAC781225457
4425371133 51934 15779 7C20F6CF1A09EEE4F40FE6F70B0F070213E4AE0B9599CF6348B0EAC781225457
4420897344 27948 47613 7C20F6CF1A09EEE4F40FE6F70B0F070213E4AE0B9599CF6348B0EAC781225457
4423304866 45392 63322 7C20F6CF1A09EEE4F40FE6F70B0F070213E4AE0B9599CF6348B0EAC781225457
4424688373 60261 28043 B8D991605FDC70155CBB7194E6451ADEEBCA0270E035C76441B478CDA368B51F
4421409472 49566 35862 7C20F6CF1A09EEE4F40FE6F70B0F070213E4AE0B9599CF6348B0EAC781225457
4418578850 43190 40468 7C20F6CF1A09EEE4F40FE6F70B0F070213E4AE0B9599CF6348B0EAC781225457
4427804399 29006 64173 7C20F6CF1A09EEE4F40FE6F70B0F070213E4AE0B9599CF6348B0EAC781225457
4427404956 54618 41968 7C20F6CF1A09EEE4F40FE6F70B0F070213E4AE0B9599CF6348B0EAC781225457
4426224991 49537 2657 9DCA03C7A41CFC50DB9F2993357F2E2B1F2EB8954967BBA8C2879E89FFFF996C
4427114150 38221 62721 7767C684CC6F0DC95DCBD189A5E578D5632CE7C824C9E9F1B44810DC7A1A3A9F
4423044859 57957 37377 838CE7A3243D259B7A0BB4FA74B8D043A8AA3CC0831927422D2BF78040031F95
4418424404 1999 40797 1CE8B269D3D2529C6E317B68E71742FAEED42F2EBCA13237CFC0ED55A9C88EB0
4423192450 36492 14927 7C20F6CF1A09EEE4F40FE6F70B0F070213E4AE0B9599CF6348B0EAC781225457
4426731864 59104 61192 7C20F6CF1A09EEE4F40FE6F70B0F070213E4AE0B9599CF6348B0EAC781225457
4421439045 16160 14914 7C20F6CF1A09EEE4F40FE6F70B0F070213E4AE0B9599CF6348B0EAC781225457
4417881433 46565 22462 6B7F85B671072775CE1B530E5C4E22408178C9390F24D0AC07C597722DE43E70
4419310321 29540 53982 7C20F6CF1A09EEE4F40FE6F70B0F070213E4AE0B9599CF6348B0EAC781225457
4417209720 24230 14942 7C20F6CF1A09EEE4F40FE6F70B0F070213E4AE0B9599CF6348B0EAC781225457
4421975931 52719 36055 31F5B804FEB899526CFF4742DD3309E7B8600F69E318AFA27516B363B57A11A6
4420370007 44353 51057 ADEB070AF503EF32E414D2C7894E0A394DB212AFB2EB61B869EB0E6352A81D46
4420420876 34583 57724 2A6C1A9D757045AA01243E4199149C518474CAF5B42053B6E19CE972C2B53ECB
4426127419 18579 30120 40C482AEDBE48B904D4935723504DD02DC66A81C9996BBE1054047EBB0539D74
4416796908 32890 7741 7C20F6CF1A09EEE4F40FE6F70B0F070213E4AE0B9599CF6348B0EAC781225457
4419956662 33362 46749 7C20F6CF1A09EEE4F40FE6F70B0F070213E4AE0B9599CF6348B0EAC781225457
4416944919 20219 35396 A00177BD1BF8B9A28B875F84B83CCC91829D49A6E2A2EFAE32CEE8DD2A9FBE73
4422530725 64060 41957 7C20F6CF1A09EEE4F40FE6F70B0F070213E4AE0B9599CF6348B0EAC781225457
4422074564 27665 51901 753354031BEE60C82239B0A57BE27438440DED080FFA17ACF19707B2BC25BD69
4421821748 24597 13811 0FABED8257D9550C4211C62A21E0E3824F87E987F49E9BA77345BBAF797AACB1
4421608129 58558 15474 7C20F6CF1A09EEE4F40FE6F70B0F070213E4AE0B9599CF6348B0EAC781225457
4417084858 10782 46996 7C20F6CF1A09EEE4F40FE6F70B0F070213E4AE0B9599CF6348B0EAC781225457
4421996350 34242 8185 7C20F6CF1A09EEE4F40FE6F70B0F070213E4AE0B9599CF6348B0EAC781225457
4428258228 7348 48628 7C20F6CF1A09EEE4F40FE6F70B0F070213E4AE0B9599CF6348B0EAC781225457
4427834764 63153 44158 1AABEDBF2B07474ECF764A7CFB69C981541869FB4641A32692612CE18FD9D560
4420535574 59327 65441 8FE3E4642FA93ECB3B5C0AC3917AB495DE02A1754C252B0016EA4FEAB996C80E
4422404197 17686 22277 7C20F6CF1A09EEE4F40FE6F70B0F070213E4AE0B9599CF6348B0EAC781225457
4420755683 29893 54372 9A7D4BE814B8AC26468804F4507939FBFD7E0FDE1175FAFEAFB9343D9F1414ED
4419159090 57168 24450 7C20F6CF1A09EEE4F40FE6F70B0F070213E4AE0B9599CF6348B0EAC781225457
4416720425 1241 11148 281C8DB32F7C2392E115B5DDEF6BBA4EE19923E2F2DAAF64D55F08C09DF6F9C6
4419554892 28730 29173 7C20F6CF1A09EEE4F40FE6F70B0F070213E4AE0B9599CF6348B0EAC781225457
4426952437 33648 53672 7C20F6CF1A09EEE4F40FE6F70B0F070213E4AE0B9599CF6348B0EAC781225457
4417083144 14132 55546 7C20F6CF1A09EEE4F40FE6F70B0F070213E4AE0B9599CF6348B0EAC781225457
4424895272 18817 15906 4B14F9FC518AF0F20EE1FC972B9B47E2A30C99B007F457645A8875F7C693A8F3

Total of 0 tasks calculated error.
