Total of 100 tasks calculated correctly, accuracy 100.00% 
441199739 30415 24251 090E70753462CC950B0F64C4F84AB0C1E5B84771BF4C8A43CE172479B08A2EF6
435768226 51668 36162 7C20F6CF1A09EEE4F40FE6F70B0F070213E4AE0B9599CF6348B0EAC781225457
439744278 52871 29605 79C002D51EA58C9A21513E61C393DD803D7AB6FF1703598D50D03201425FFD81
440673916 57082 41482 7C20F6CF1A09EEE4F40FE6F70B0F070213E4AE0B9599CF6348B0EAC781225457
444296169 17648 17477 7C20F6CF1A09EEE4F40FE6F70B0F070213E4AE0B9599CF6348B0EAC781225457
433709894 47235 25630 47A0D2B96CC92513F6D1A224CB6D7EA29CF53E7407BF94EA7AA4B48E6D4C1612
437202154 44492 28345 7C20F6CF1A09EEE4F40FE6F70B0F070213E4AE0B9599CF6348B0EAC781225457
432893926 39887 10929 F901A9C33B1A2AFE2F8105035D9362E72F9F9C4D92D6D410B3DC3C6C989EFEAE
439017583 19546 15625 7C20F6CF1A09EEE4F40FE6F70B0F070213E4AE0B9599CF6348B0EAC781225457
437896486 37560 32348 7C20F6CF1A09EEE4F40FE6F70B0F070213E4AE0B9599CF6348B0EAC781225457
435616110 58816 17962 7C20F6CF1A09EEE4F40FE6F70B0F070213E4AE0B9599CF6348B0EAC781225457
440457115 54298 46139 7C20F6CF1A09EEE4F40FE6F70B0F070213E4AE0B9599CF6348B0EAC781225457
438078823 14784 30538 7C20F6CF1A09EEE4F40FE6F70B0F070213E4AE0B9599CF6348B0EAC781225457
437211200 63 54457 A8E900CC3E1C30F6B5FF4711E34082E21E6D6E6195845A75CDFB7C795A662A73
433881029 60334 30616 7C20F6CF1A09EEE4F40FE6F70B0F070213E4AE0B9599CF6348B0EAC781225457
436766105 51523 22914 FA4C956469BDE441CDC806B62F5E9E585FBFBBBFD14B13444DE1D8A7CDB9D6E1
434485482 32048 61908 7C20F6CF1A09EEE4F40FE6F70B0F070213E4AE0B9599CF6348B0EAC781225457
436288140 22170 14957 7C20F6CF1A09EEE4F40FE6F70B0F070213E4AE0B9599CF6348B0EAC781225457
437516971 23643 47893 451BD86EE732068DF3AA5BAF6884E32E942F2F0B8C399D00C06809E8188A071A
434038488 20655 14431 32389C837ED15BD3F74C9E2C121D0A6C5294E1A7B76D90E05BBEF0C1626A144D
441823542 57039 13985 4713EE7EF18951561A9754280D3714468795F64E91E1985E04F1F928A0E4FCEA
441228692 30346 63698 7C20F6CF1A09EEE4F40FE6F70B0F070213E4AE0B9599CF6348B0EAC781225457
443196291 9102 40372 7C20F6CF1A09EEE4F40FE6F70B0F070213E4AE0B9599CF6348B0EAC781225457
436405431 9732 8320 7C20F6CF1A09EEE4F40FE6F70B0F070213E4AE0B9599CF6348B0EAC781225457
437526153 4502 7133 7C20F6CF1A09EEE4F40FE6F70B0F070213E4AE0B9599CF6348B0EAC781225457
436285279 39464 39654 7C20F6CF1A09EEE4F40FE6F70B0F070213E4AE0B9599CF6348B0EAC781225457
438510615 23956 7090 7C20F6CF1A09EEE4F40FE6F70B0F070213E4AE0B9599CF6348B0EAC781225457
441198562 26828 54637 7C20F6CF1A09EEE4F40FE6F70B0F070213E4AE0B9599CF6348B0EAC781225457
442270697 26789 55061 F77C4A5FABB70657B4AE26E28A05BF3E883AF853BF2F9CEC12261569B226416B
438517985 32483 12854 3646D89A55290DD28071325ED4F45E241A5B177949FE823463FE72B3245120BA
442908985 1818 37502 7C20F6CF1A09EEE4F40FE6F70B0F070213E4AE0B9599CF6348B0EAC781225457
442992902 9671 7654 BE17594435B3EF764E51E134341600DF444513F6B69426407677B25725F1816F
438564231 35166 63400 7C20F6CF1A09EEE4F40FE6F70B0F070213E4AE0B9599CF6348B0EAC781225457
443540072 60906 39496 7C20F6CF1A09EEE4F40FE6F70B0F070213E4AE0B9599CF6348B0EAC781225457
444137731 50740 14050 7C20F6CF1A09EEE4F40FE6F70B0F070213E4AE0B9599CF6348B0EAC781225457
442471605 33421 6623 3A2CE04AFA961B394EF5953B9F1DC3FABC8ED239C7443CE0877F69ECCAB13695
441725731 18719 7729 7613C8109CA2B50AE6BCB6FC45968C76495F58BB3C3609F4D9CDA2A7D317AD02
435937018 29138 62146 7C20F6CF1A09EEE4F40FE6F70B0F070213E4AE0B9599CF6348B0EAC781225457
437183089 47645 52655 AAC88062343CC54D502DD533742D0CC028E03DFC27DDAC09FFCFCCC23551AC2E
439016923 13571 43345 870A4163CF400E71BBA5DA5D08D309411957CF2FB4D780178D1186A02655855B
434126172 60917 18057 4CEAA7984FFABCBC91FAF97CF9F17B4C6002CC3905EEC30ABE16D97C10CF880D
440669272 4684 26647 7C20F6CF1A09EEE4F40FE6F70B0F070213E4AE0B9599CF6348B0EAC781225457
433885309 52722 50573 7C20F6CF1A09EEE4F40FE6F70B0F070213E4AE0B9599CF6348B0EAC781225457
437986872 3501 31881 5563B573B558AD5914D6F6BE36CB971255C08F778B350C8A9E2C1D08201477E4
439758041 37040 13511 7C20F6CF1A09EEE4F40FE6F70B0F070213E4AE0B9599CF6348B0EAC781225457
435763372 17228 55843 7C20F6CF1A09EEE4F40FE6F70B0F070213E4AE0B9599CF6348B0EAC781225457
437546595 63766 6258 7C20F6CF1A09EEE4F40FE6F70B0F070213E4AE0B9599CF6348B0EAC781225457
442541986 64813 28359 5F3CDFC9C18A28B6AF961D21F4A416693670478DC48775F4EAB3364A1FD1D7A4
442841254 58028 37971 7C20F6CF1A09EEE4F40FE6F70B0F070213E4AE0B9599CF6348B0EAC781225457
435309824 62597 47207 0A9F41018191458BE8B92B99C2E0AA33140EC31C547879FADBBB40B514F379C7
435385465 54013 858 05B97745CF21B8F9E6F44D2397CB8D37A80E6F894BF098CE63BA8F19075B115F
438012001 33894 2624 7C20F6CF1A09EEE4F40FE6F70B0F070213E4AE0B9599CF6348B0EAC781225457
439439581 51143 23417 A0D08FCD2B7AFF65850B614B562F94A06580498485F44EE3C2B76005ABA90607
433992217 3132 45211 7C20F6CF1A09EEE4F40FE6F70B0F070213E4AE0B9599CF6348B0EAC781225457
436423762 57705 40037 9E3CBC3089BF19AD5FE6B2DC8A75A34E6B447C22BCABF1AB527D9B60891AF6B6
442136918 30088 21446 7C20F6CF1A09EEE4F40FE6F70B0F070213E4AE0B9599CF6348B0EAC781225457
437104085 44837 2344 430B8F76C516413C3FC2571A16F81577ECD34BA6A08CAE7F7E79583B93CB1E38
432673344 10950 19103 7C20F6CF1A09EEE4F40FE6F70B0F070213E4AE0B9599CF6348B0EAC781225457
442694670 47647 31822 9996A0FAE3AC952FB5FB6B3530D38DCA14217D4FB0E735547FF7EA80E4274C39
435833779 16457 55743 E9CC577BEC7057255756B77112D2A64910E95C17289E535EF07E19139E207C28
432593841 21380 9235 7C20F6CF1A09EEE4F40FE6F70B0F070213E4AE0B9599CF6348B0EAC781225457
432739391 12269 10670 CFE13FCF5AA829177CE94356597E251783C428630B32AFBC982AD14FFA341BC6
434189965 21421 14532 616ABB14DF00F12AA16873A3011B56D9EB1192ED0F371A21FCC388D640E00D11
442987874 37428 32516 7C20F6CF1A09EEE4F40FE6F70B0F070213E4AE0B9599CF6348B0EAC781225457
440830361 37205 24101 609E62AFD546E2AEFFF49AF7B04E11CCFFA68081B91D9E4447403DEE575363AA
440769906 31983 62985 DE2FE6B5A4604EAAA3114D32482B579E5D427A1BF2BAC424902995C7843A1830
441885568 6750 31131 7C20F6CF1A09EEE4F40FE6F70B0F070213E4AE0B9599CF6348B0EAC781225457
442278817 21765 11854 7C48BC823AD7CDB3672E7FA860B007931954ACC3BDE4DBB5DD6AA9E194939EFA
437069933 31034 11302 7C20F6CF1A09EEE4F40FE6F70B0F070213E4AE0B9599CF6348B0EAC781225457
432907479 43755 2477 0557769B74455ACA253567884290523CDAEBC6C6EE75D8315A72BE131DBB33ED
442335017 11726 2698 7C20F6CF1A09EEE4F40FE6F70B0F070213E4AE0B9599CF6348B0EAC781225457
435652238 24617 45729 4E75EC93CE6751D7DBF361AFCC41409691DD9A76C9EED2CCEE15D2AD79A5DE16
438535357 51720 638 7C20F6CF1A09EEE4F40FE6F70B0F070213E4AE0B9599CF6348B0EAC781225457
440525525 17415 55892 003F4CDC00C91882E6C7945FA6A9A6545F3AA48520E61FC3849D6425EF316AFF
442784048 56042 30221 7C20F6CF1A09EEE4F40FE6F70B0F070213E4AE0B9599CF6348B0EAC781225457
436826738 25303 12236 D329253417FFC4DB034FEA517751D3F4A2D6234A267A62A5D0C86B7F38072746
432910521 29790 57622 7C20F6CF1A09EEE4F40FE6F70B0F070213E4AE0B9599CF6348B0EAC781225457
438294493 54376 13235 7C20F6CF1A09EEE4F40FE6F70B0F070213E4AE0B9599CF6348B0EAC781225457
436919752 61385 18451 31E16B189786665B3CF74BCC21B86E7111C857FF21225874010B528370F226CC
442060992 23217 58735 544A09B1E2C90EEE813FFD9E961DEC7C7F33B75A87C44971661121BD31E826D7
440152259 58091 52333 9FFAA070AB60955CDC4D2A5C3741D2D9B97823F2F94802A383C6C0BAFBDEE187
437674307 28040 61572 7C20F6CF1A09EEE4F40FE6F70B0F070213E4AE0B9599CF6348B0EAC781225457
439225670 20067 31171 EEE72BA3A23DA34387AF42796B0C8A192CA960724E9CE5F26F00C896C2F9D349
437606783 29433 57717 BFDF36CFBB434BE65591C0DD54C2CFAD55D3AFD9877E130E8A3CEF901E15638A
435601680 35218 33179 7C20F6CF1A09EEE4F40FE6F70B0F070213E4AE0B9599CF6348B0EAC781225457
442678825 17012 62721 7C20F6CF1A09EEE4F40FE6F70B0F070213E4AE0B9599CF6348B0EAC781225457
444267686 46269 34282 57198E54C6C961EC3D957A7FD8560ED0FA0C8A867961084199A7CF6BAA01680C
434356701 26134 1667 7C20F6CF1A09EEE4F40FE6F70B0F070213E4AE0B9599CF6348B0EAC781225457
434698704 38149 3724 AA6E903BFA86E2B99DDD92BD6F30534C8102D65EA6CC040A5D2F302688084925
437682935 32313 59823 196B1D27C3D86745E5CE2CA1D7409E8013798053DE0BF107A5F7DB3D85041AA3
433794662 41921 36027 BD267BD8599834FC1408D36B3BB40BBF9CE87EA5CC08B2F2549A818FE08301C7
443073972 61031 36041 3ED737212682A23F9F5ED566DBFC60A847B5DB1625DA859C72B9D446A5356B33
434671103 13220 41766 7C20F6CF1A09EEE4F40FE6F70B0F070213E4AE0B9599CF6348B0EAC781225457
433943856 61727 31585 39C32D1BC6212BB81923001DC9DD3BED5335F4366362D1094ED25963E3D1AD7F
437671038 40413 17220 4019FE0150369980522C7E1B38B7DF143DAF512DFDAC2370387C962D96D8C741
435774125 31379 57290 A984A6EAE3D98F2DAF93A463A353B5F3280B1090DE4A7E17A8E2A81B0EB9718C
440481420 41466 59658 7C20F6CF1A09EEE4F40FE6F70B0F070213E4AE0B9599CF6348B0EAC781225457
439560707 44240 41623 7C20F6CF1A09EEE4F40FE6F70B0F070213E4AE0B9599CF6348B0EAC781225457
438791379 49147 13780 7FA8CB166D11AEA1E05CDB66DE0965962663DBBDF9F6FE98198349E1548646E1
433676266 46307 14544 5195DE5FA4627273A6F1AA44956BA16DA67F88C90B05A073EF0DBD24364A6827

Total of 0 tasks calculated error.
