Total of 100 tasks calculated correctly, accuracy 100.00% 
4446563245 49234 23541 7C20F6CF1A09EEE4F40FE6F70B0F070213E4AE0B9599CF6348B0EAC781225457
4448967065 9667 1205 42F4F890192FD0168BF9534B8D14A102227C16672971706A443DD519FA53B470
4447251191 55554 33231 7C20F6CF1A09EEE4F40FE6F70B0F070213E4AE0B9599CF6348B0EAC781225457
4445103285 26938 26584 7C20F6CF1A09EEE4F40FE6F70B0F070213E4AE0B9599CF6348B0EAC781225457
4445915445 63976 6350 7C20F6CF1A09EEE4F40FE6F70B0F070213E4AE0B9599CF6348B0EAC781225457
4450753800 57312 40682 7C20F6CF1A09EEE4F40FE6F70B0F070213E4AE0B9599CF6348B0EAC781225457
4447186500 37187 176 FDA631503082CDE266A5121ADB8C77EEFCC51B02EA42AA24D5925DA90F27B297
4443295294 45102 62323 7C20F6CF1A09EEE4F40FE6F70B0F070213E4AE0B9599CF6348B0EAC781225457
4447037719 6754 14623 7C20F6CF1A09EEE4F40FE6F70B0F070213E4AE0B9599CF6348B0EAC781225457
4446428565 13886 34208 7C20F6CF1A09EEE4F40FE6F70B0F070213E4AE0B9599CF6348B0EAC781225457
4452159585 42872 30419 7C20F6CF1A09EEE4F40FE6F70B0F070213E4AE0B9599CF6348B0EAC781225457
4442848682 33918 20810 7C20F6CF1A09EEE4F40FE6F70B0F070213E4AE0B9599CF6348B0EAC781225457
4441435276 32979 15169 854536CCCC1EEBB60010678D48F73C3A32077F0ADA7172402BA260FCBF6CEE74
4450333058 39293 29860 2C18DED61A4E2FF86FF00499CA4AC77246E1A5C2488E504A4A73B0B61162005C
4446533805 14313 54426 0B0DD91E922FFABFBE790EFAC3CCB243C06B381002DC35B95F1B774AED77DEF4
4441275724 59211 56049 70EB7849346350668601C8CEC003376749711CA81F8019B700BAB63475C16DF0
4446314154 25986 58436 7C20F6CF1A09EEE4F40FE6F70B0F070213E4AE0B9599CF6348B0EAC781225457
4440764543 2883 20851 E21FE542801A28DE7FD6BCA9ED954F08384A5060392914C5A85F549140BBD0AF
4446295922 46787 42463 B913F15CA1E8748D6C6117EC19AA3EABBB90BDC37F9D19A96FECF4F0CFB1BFA5
4446206640 62230 15515 7C20F6CF1A09EEE4F40FE6F70B0F070213E4AE0B9599CF6348B0EAC781225457
4443717024 62436 57750 7C20F6CF1A09EEE4F40FE6F70B0F070213E4AE0B9599CF6348B0EAC781225457
4441623485 56238 60114 7C20F6CF1A09EEE4F40FE6F70B0F070213E4AE0B9599CF6348B0EAC781225457
4444128128 15540 64291 7C20F6CF1A09EEE4F40FE6F70B0F070213E4AE0B9599CF6348B0EAC781225457
4442522456 11459 24133 F31AC0CF5356D240F3F8CAC8EA8BDB11F79464EB17ADEDF3B74CBBCD4ABA86E5
4447450379 7795 21644 14C2228DDE94723D2F99B4437411FA24AAB7C79B6CCE82571041BA495F08B9D8
4450699736 13792 8966 7C20F6CF1A09EEE4F40FE6F70B0F070213E4AE0B9599CF6348B0EAC781225457
4447535910 59226 21127 7C20F6CF1A09EEE4F40FE6F70B0F070213E4AE0B9599CF6348B0EAC781225457
4446674269 6204 29724 7C20F6CF1A09EEE4F40FE6F70B0F070213E4AE0B9599CF6348B0EAC781225457
4441214371 50639 22879 D32889201D9DC5498B1075363DA5C3AD797D7FA665FCCF7C7893E5E026C5DB5E
4445077979 61742 39958 7C20F6CF1A09EEE4F40FE6F70B0F070213E4AE0B9599CF6348B0EAC781225457
4443748450 11175 14678 A9502298F7C1FE04DC4CF01B9AC5E6EC5BCFE7AD4B9C4D09D08556A4D305709E
4449052423 40201 33144 86FE4F9A4425B704DD1D7E64B3C18A7F39D3A71132B176C2CDE8C705C44F1276
4448794781 5388 52551 7C20F6CF1A09EEE4F40FE6F70B0F070213E4AE0B9599CF6348B0EAC781225457
4451497245 61111 22324 913096F879155F84E88F833E43686117BF638E9CC02E4BAC34D678791D47699A
4441611705 4852 38869 7C20F6CF1A09EEE4F40FE6F70B0F070213E4AE0B9599CF6348B0EAC781225457
4443379034 24518 21475 7C20F6CF1A09EEE4F40FE6F70B0F070213E4AE0B9599CF6348B0EAC781225457
4446505416 36735 30977 6216BEADA69C35FC8D1E92FA7E92CE3FFBBC0B3E946135F36A639CFBF22F342B
4447059088 22859 46149 0BC99D3C7364BD5A711B66CA9B0B6FCF3BDE299BC1550BFEA4ABC7269A5205F5
4451169133 13815 17705 E4FFB92D5620158E0DB652083A3521A528EA297BC05D27EBD3C71AE5566B14F6
4448151561 49386 7847 7C20F6CF1A09EEE4F40FE6F70B0F070213E4AE0B9599CF6348B0EAC781225457
4450598912 22345 14766 693D06357D7890E908FC1B522FBB4D478FC22A8B754324F7B18D687548A2BFC5
4448936413 44734 13483 7C20F6CF1A09EEE4F40FE6F70B0F070213E4AE0B9599CF6348B0EAC781225457
4444492597 30162 26756 7C20F6CF1A09EEE4F40FE6F70B0F070213E4AE0B9599CF6348B0EAC781225457
4442220411 59470 20815 7C20F6CF1A09EEE4F40FE6F70B0F070213E4AE0B9599CF6348B0EAC781225457
4446110522 28501 47492 6765C9C6CB6E6E2582B8DB370919900358B7C20090FFD5FAF57E8BFB91408652
4441211188 34552 3938 7C20F6CF1A09EEE4F40FE6F70B0F070213E4AE0B9599CF6348B0EAC781225457
4450998451 56567 54216 80D3E5087A0B387F4131D616B1FABFBCE11937DA95DED29FB8426DFD457B82D7
4441918964 8921 52943 6552F3D4B262948DFD00B93CD90937F39DB4BE74F070C07B5DB5C6AE7A8DEB57
4442746148 14679 22156 591541FFB1894DA37BAAF93E451A6EEAC1679442B4C2A2C9D818A65F718CD704
4446045841 48363 51737 2EF32E784561075C0F0BDD7C4FAFC9E6A7E3AAD500284547566B34061C8AD895
4451482647 2654 1780 7C20F6CF1A09EEE4F40FE6F70B0F070213E4AE0B9599CF6348B0EAC781225457
4442907157 22980 18339 7C20F6CF1A09EEE4F40FE6F70B0F070213E4AE0B9599CF6348B0EAC781225457
4442227702 38298 27854 7C20F6CF1A09EEE4F40FE6F70B0F070213E4AE0B9599CF6348B0EAC781225457
4447452682 464 3806 7C20F6CF1A09EEE4F40FE6F70B0F070213E4AE0B9599CF6348B0EAC781225457
4443919370 40037 17944 5300A944BCF5838106C8B61C4313C335B38886F5B171DAE429E1A5407BCC5E10
4452205814 54196 64266 7C20F6CF1A09EEE4F40FE6F70B0F070213E4AE0B9599CF6348B0EAC781225457
4445670193 5962 40007 7C20F6CF1A09EEE4F40FE6F70B0F070213E4AE0B9599CF6348B0EAC781225457
4443729337 44834 53 5184A6CABC1D4335EFB98A658851ED1CD40E2A50E7752D747D0A06C6AC5DAA04
4446189807 17094 2241 7C20F6CF1A09EEE4F40FE6F70B0F070213E4AE0B9599CF6348B0EAC781225457
4442227775 27912 2581 7C20F6CF1A09EEE4F40FE6F70B0F070213E4AE0B9599CF6348B0EAC781225457
4441148420 13268 26446 7C20F6CF1A09EEE4F40FE6F70B0F070213E4AE0B9599CF6348B0EAC781225457
4444342212 7809 24923 A3959CA558C104208E379214A1D141F222D2CEA6E6DBAFA664909D32E49414FE
4447341998 38802 32689 7C20F6CF1A09EEE4F40FE6F70B0F070213E4AE0B9599CF6348B0EAC781225457
4444738639 36355 52288 A4AC62414DCD43E9B58FD3C85A040DE8E04323763C473C827FAA19934F3F83AB
4451654094 26045 20328 FCDBF3BED9A35AA13ACE8CD1AC1346BA62A0B432CA3FC4080D58FC0C3ACF4882
4449851195 656 58513 7C20F6CF1A09EEE4F40FE6F70B0F070213E4AE0B9599CF6348B0EAC781225457
4442356114 57781 57144 6668690D20CA7CA056A975C68D7A68DCB026046F5704BC202225A557E90D7103
4447846685 13441 16316 9AF61C5B4F7BBDCA320290069CF426C4626ED38D0A7018A2BC16FF850E53721F
4449538227 64727 16674 78BC39DC1E4BB50002B1ED0129A0897EE8FE8FFB2BD93AC9D9BB7FB7EC903CEB
4444482461 22369 32683 E44CCAD210D6507BBC21026736C1E82A2007914FD8F61869C3A261C41FF4B7DE
4447023237 44976 63760 7C20F6CF1A09EEE4F40FE6F70B0F070213E4AE0B9599CF6348B0EAC781225457
4446273990 19090 63359 7C20F6CF1A09EEE4F40FE6F70B0F070213E4AE0B9599CF6348B0EAC781225457
4446500305 15354 54195 7C20F6CF1A09EEE4F40FE6F70B0F070213E4AE0B9599CF6348B0EAC781225457
4448164766 65302 38273 7C20F6CF1A09EEE4F40FE6F70B0F070213E4AE0B9599CF6348B0EAC781225457
4451187061 53903 42465 06471D2288679338396F1B8323018DB195B7095B2469A5247C1DB35FC599F41A
4441429331 48543 19894 9C8D589CDB64CE01729C5C6421F838C561D6EA9385FD44C9817B49E78B522557
4446569430 48349 11012 A1688301920E2534B10C24FA51DDCE385A952DAD14342C1717C70A11DA72AB04
4443455550 30178 27531 7C20F6CF1A09EEE4F40FE6F70B0F070213E4AE0B9599CF6348B0EAC781225457
4446323522 3653 50350 1148C4199ADC43EF855D4A2B358AE05B1B704F7A78549BCB9F47FEB27A78864D
4441518260 60383 49845 23C055BD395E9B7F4A6D84CEC2A799CBBAC6BA1819311022CDFDF8AEA7F92FA4
4444050824 61791 19326 1E0095CF2D8D7E847AA2FEB5D0B7F473CEE0ABB2246CE331F4DF0C4673A4EEA1
4452240820 24985 63222 8007DCCEC54E37DEA9AB37D6C5A5DD76C3D4032EF7AF1937591C8EA32411074B
4448119340 39529 43384 F23146344ECE9A68186F45AEB69FF9CFB9758F0972889A9E2FF21083505D4F7E
4451695896 32289 58569 70CEC582D841EEF85A8A4D656F0DB355FC274DB594C1A46032E8E945778AE0F1
4446461526 3469 54829 50B82AFFFF8C7647EEA0DDB0B4F7A184554DDBBA72F0CE3FE8C2FCA1D84C6000
4451660467 42419 38258 164636B7AD2E32D4C6BD981153BCF23ECAEA7E43325A570BCE6194BF68D04679
4444083988 25007 17948 F0C3BD223F32D00ADBEA7C58DD3DCD8FF8A0CBAE246FEA5D39F8DB7200477975
4443252433 3132 33668 7C20F6CF1A09EEE4F40FE6F70B0F070213E4AE0B9599CF6348B0EAC781225457
4449993840 56816 45393 7C20F6CF1A09EEE4F40FE6F70B0F070213E4AE0B9599CF6348B0EAC781225457
4443137286 33425 50605 182AEEEE40A47721874F02343AC23B22E4E5BF5CA5A0DBDCB7687129943F5BE3
4449800305 11236 47391 7C20F6CF1A09EEE4F40FE6F70B0F070213E4AE0B9599CF6348B0EAC781225457
4450080336 18660 35610 7C20F6CF1A09EEE4F40FE6F70B0F070213E4AE0B9599CF6348B0EAC781225457
4440945622 61892 49412 7C20F6CF1A09EEE4F40FE6F70B0F070213E4AE0B9599CF6348B0EAC781225457
4451266310 15354 59310 7C20F6CF1A09EEE4F40FE6F70B0F070213E4AE0B9599CF6348B0EAC781225457
4448310022 42977 63815 C96CDB2A0FAC44DF9FB2F24F02DD2385EB0109ED9CB9BFCFFFD45720F7ED3CC3
4442324582 61827 9258 A3EACCA50042EAF43FA177BF0D5F5EB04A7B2A19766BE8CF9E54A683C4A4EB45
4443855425 36716 41662 7C20F6CF1A09EEE4F40FE6F70B0F070213E4AE0B9599CF6348B0EAC781225457
4451967317 18660 38204 7C20F6CF1A09EEE4F40FE6F70B0F070213E4AE0B9599CF6348B0EAC781225457
4442972249 1883 4166 24BB646DC8609BE40978080A992A093DA7948C98D7A0774356834B57FEFE97F1
4448858154 35472 21766 7C20F6CF1A09EEE4F40FE6F70B0F070213E4AE0B9599CF6348B0EAC781225457

Total of 0 tasks calculated error.
