Total of 100 tasks calculated correctly, accuracy 100.00% 
4510693552 27243 25087 C632462423AEECC4F683393D0C2F3FCF486B3B476ABDC810FAC201FD8E834427
4509020820 33488 57414 7C20F6CF1A09EEE4F40FE6F70B0F070213E4AE0B9599CF6348B0EAC781225457
4506562092 34754 26394 7C20F6CF1A09EEE4F40FE6F70B0F070213E4AE0B9599CF6348B0EAC781225457
4508277389 15569 29262 1DBCB8DC4969AD77BAEF86878B1482E045264ED407DE6913C3390D23A5889091
4501236879 2316 41209 7C20F6CF1A09EEE4F40FE6F70B0F070213E4AE0B9599CF6348B0EAC781225457
4510226134 49133 8790 93D65E5EA7B7ABCFA44C448C50258CAD6A448595FBFC461834A176CD829F1380
4512125374 58117 56667 707526874552419F084BF0E56D3860E8FBC74FC8666EC2B6916E9D97160ECC76
4509820644 55895 48167 2226B99D92E3FE32D3C5B02D2CEF23B6063E46DB9CBC997865CF3C4A7EE02AAB
4501262778 51411 27864 6AB4FCA99BF9A675390D60DC8BB8334EA5FEC8B8F79D9D3AFBBC587E2BB67933
4510358511 42644 60870 7C20F6CF1A09EEE4F40FE6F70B0F070213E4AE0B9599CF6348B0EAC781225457
4504044435 27305 6273 6DF77386FC45843157B4278F22D297D56E5D8882F0C0EC5A964687151190BE6E
4507162206 27448 62975 7C20F6CF1A09EEE4F40FE6F70B0F070213E4AE0B9599CF6348B0EAC781225457
4506989688 11263 45484 19B0298605EC39BD5E5E636595DE4E6623766C59615EAE34C5C6B61BF31D1FD2
4510573266 24741 15102 EF23B96376F73AEABAAC4EC926B3222083E592BFCA5B5DA5B78250F30900AB80
4505904245 61497 20034 FD9BE38E00F5387DE957A87AAD9D887DBBE085CB3A2515510386E56FB267A789
4507390076 3187 2494 67C8AC11C8493FD362D03DDD98B1044B11FCCFFC6735C8724788B712540DE230
4509653406 46317 50627 45E1A7DC38837FAEDFE73AACEB0401BD036C3C93DFF0978500ABE67AAE2E8FEE
4500941701 9048 36066 7C20F6CF1A09EEE4F40FE6F70B0F070213E4AE0B9599CF6348B0EAC781225457
4504719571 1591 35398 0A0790DAAA612BE81C3E66F9E70AF2A1A8A630825027EFFA82DB5EC5D5239931
4504292554 7344 58791 7C20F6CF1A09EEE4F40FE6F70B0F070213E4AE0B9599CF6348B0EAC781225457
4504714817 51628 35650 7C20F6CF1A09EEE4F40FE6F70B0F070213E4AE0B9599CF6348B0EAC781225457
4504913360 18533 39933 B67817A96DBACDB528D4C5E3DAEAA660CB52794F466AB4062CDF2A1B03093EC9
4509634550 65014 20733 7C20F6CF1A09EEE4F40FE6F70B0F070213E4AE0B9599CF6348B0EAC781225457
4510907587 30465 2185 F75AC5F4267AB2914BDAF68D03991C633182B366E7F84A942CF8FF6FFEE4BEAB
4507097227 45498 29889 7C20F6CF1A09EEE4F40FE6F70B0F070213E4AE0B9599CF6348B0EAC781225457
4501575602 20605 49084 7FAB1B8E5C242BD65A79A7D95CB79BA8E83000F9BC3CBD406D6864B50AD066B6
4510746393 38817 25529 26B969587DA64FF79A36420F1D71620CCC6CEAB0017F7912532763608B80BDD1
4501232275 29802 50449 7C20F6CF1A09EEE4F40FE6F70B0F070213E4AE0B9599CF6348B0EAC781225457
4504257256 32874 7245 7C20F6CF1A09EEE4F40FE6F70B0F070213E4AE0B9599CF6348B0EAC781225457
4504490066 2123 13157 7B8505DE4E8C0088A02E9F1ED59D00448DA52A484DA101029CB35066A4274E1F
4508781990 2918 6721 7C20F6CF1A09EEE4F40FE6F70B0F070213E4AE0B9599CF6348B0EAC781225457
4505077801 20191 14805 BAF09713A2EC333ADBF3AA88C009750E9BFC24314DF4F257E031ACB83AD94F39
4509834516 49589 61875 DBE2C9A639F14A4E0CA309C8B47F61D88EA088697DC01916B574794153A07777
4503015639 60847 123 9EB669D522A5D2C1A6DECDB1B3ACDCECD1A3F8D1CEBD323B6E714F9A29C317E7
4503170289 24622 7128 7C20F6CF1A09EEE4F40FE6F70B0F070213E4AE0B9599CF6348B0EAC781225457
4512033547 30393 18694 639F8EBCE01178B26B7AC7A4AB6664F61C29DC7CD896343089B352774A05DD40
4508880731 10767 11941 95B5EAFECB8C9CBFF4EE889ABCC3BD0EA27C5501D87548883ED27A591AF8DFD2
4511994931 65488 58352 7C20F6CF1A09EEE4F40FE6F70B0F070213E4AE0B9599CF6348B0EAC781225457
4510377504 35077 33937 5DEFD0EDF8C7C56AB385930B3ED580C2A5E8904D232E81520F95E0E3DA661057
4507536570 30945 45812 B78060EA1F3350376D77F5FEC9624F9CEC5C4A140E3E642AE9E5F173E112BB3C
4502362564 25572 8737 7C20F6CF1A09EEE4F40FE6F70B0F070213E4AE0B9599CF6348B0EAC781225457
4506128578 42367 33255 98962B593D5CD7B8E50E6248E1DA150E918EB4090E1AE44D28CA4DA7BEE5886C
4507550313 1619 15895 9E1E753D30F4C7BCD4BFB3CF7FB783711F71F89451CB2D0DEAD4DEAFEE29D15C
4507850518 19291 29346 D20F3A6BE4E92D8E16566BBE83586FF081262BBE72777DE37A70662A928E9E26
4502303908 20317 51004 5B5245A7C21A313D30C0396F5D01726D56D6B2A03E5B1956806A48709BDDE224
4501309278 18835 58648 D50392DC6C34007A0C1C3AD151EAD61E8A76B04B949F0412A2A4BCD638629A4D
4509042054 23654 15419 7C20F6CF1A09EEE4F40FE6F70B0F070213E4AE0B9599CF6348B0EAC781225457
4510267372 24948 51533 7C20F6CF1A09EEE4F40FE6F70B0F070213E4AE0B9599CF6348B0EAC781225457
4503199460 56311 45852 0620924208334D7FE78287B7893C243D2A51CF4E3F176AD81D45C1CA231031BF
4502660144 10971 57801 4EA565A291F18EC624E197A71838B52CB56557AFC4585512AF5FE6BCD2C39E24
4503314123 18442 45829 7C20F6CF1A09EEE4F40FE6F70B0F070213E4AE0B9599CF6348B0EAC781225457
4512088812 59727 36548 4E814D8D52D093FAADDA830632A4CA7C9BC061B5C0E551837FADD1BF11AF4119
4502593811 34490 36039 7C20F6CF1A09EEE4F40FE6F70B0F070213E4AE0B9599CF6348B0EAC781225457
4508199849 59065 19584 1C64595B56316E53F33E3162EFAFC39EACF8A59483E6C1A99D986EEB187A3F60
4504894065 7571 51737 760D4955B5984161E3780F64EA2C5121EE2050D994B578CBF6CF3235428BEA15
4500781779 60089 11204 341F157C0E7A23FE201C18D5168866E1A34B97BB1C29D31B451FA1178FD9CA0A
4503697469 62015 30272 EFCDB977C7E2216CF3CA70D8E8A07A34B7E9A025CF79D87D1C15F67A42C47B3B
4500731603 4541 48626 01EA79B8BC9E0723281F29A676EE308C12DC8B1DBE44402578ACEC8986CE701F
4508455034 54452 61449 7C20F6CF1A09EEE4F40FE6F70B0F070213E4AE0B9599CF6348B0EAC781225457
4508606982 23893 62082 5B7A1801A0A61E088A2CE9610C8BE84139B1AFBBB4B0E5564100A8B6A0367D0F
4505388116 53716 3560 7C20F6CF1A09EEE4F40FE6F70B0F070213E4AE0B9599CF6348B0EAC781225457
4506753425 62173 11087 8AD15ED255AF769AD915337DC144613C50F7EBBE3DF0BCAD1F50D73516BF9CED
4510158736 57752 13814 7C20F6CF1A09EEE4F40FE6F70B0F070213E4AE0B9599CF6348B0EAC781225457
4502421508 22258 35575 7C20F6CF1A09EEE4F40FE6F70B0F070213E4AE0B9599CF6348B0EAC781225457
4510664135 29140 34876 7C20F6CF1A09EEE4F40FE6F70B0F070213E4AE0B9599CF6348B0EAC781225457
4511146065 884 61331 7C20F6CF1A09EEE4F40FE6F70B0F070213E4AE0B9599CF6348B0EAC781225457
4507267557 30965 58959 9A12AA02AC399544CCF9BB079B57B997F276E6CA3F979BB67FB664F7285FFFD6
4511992542 2467 6032 C4FB3E91D2774F6D6D503BBD33D45F85498A51DCCE77A3BB2C78260EE66BDC3C
4504534265 46374 39820 7C20F6CF1A09EEE4F40FE6F70B0F070213E4AE0B9599CF6348B0EAC781225457
4503879217 64180 23787 7C20F6CF1A09EEE4F40FE6F70B0F070213E4AE0B9599CF6348B0EAC781225457
4501591151 22759 2477 F39F594108DB6C3A802B3D644AC570101687E0D85E093EE47DF621F0C2814252
4501337846 46938 20059 7C20F6CF1A09EEE4F40FE6F70B0F070213E4AE0B9599CF6348B0EAC781225457
4505592237 24865 56595 03EF783AE976969466B6C91DB5DA01D45BD928F3F60E63A8A0448A52C265F936
4510386538 48729 41374 DB4C466F3E35F87829CA9081537CBDD59690CFFCC14612B85D615C93C41F3BFC
4508068353 63718 5827 7C20F6CF1A09EEE4F40FE6F70B0F070213E4AE0B9599CF6348B0EAC781225457
4508340653 18005 13650 7A4652AF452EC2722C3AFD76BB8F14929965BEF89B800FC3D8BB5DD76B19155E
4507996712 20736 55186 7C20F6CF1A09EEE4F40FE6F70B0F070213E4AE0B9599CF6348B0EAC781225457
4504676443 22283 44299 75C5A612A1A6E76E22EC265E2EB8ECE7F1601AE2DA6629DF831C3E732A96F61A
4502346615 58377 64866 2C7B7B89861D5A98A5088BEB5F973AED5323146322079C05997C96F24D2A7DB3
4502547327 59116 1902 7C20F6CF1A09EEE4F40FE6F70B0F070213E4AE0B9599CF6348B0EAC781225457
4507199988 32464 63991 7C20F6CF1A09EEE4F40FE6F70B0F070213E4AE0B9599CF6348B0EAC781225457
4510921296 6310 65119 7C20F6CF1A09EEE4F40FE6F70B0F070213E4AE0B9599CF6348B0EAC781225457
4502736420 28022 53697 7C20F6CF1A09EEE4F40FE6F70B0F070213E4AE0B9599CF6348B0EAC781225457
4506444006 38936 24879 7C20F6CF1A09EEE4F40FE6F70B0F070213E4AE0B9599CF6348B0EAC781225457
4503246026 41811 58233 CD35370B5BC1C98F05D962997E893406BD3F775DDCA2BBDD1E017BD4586E3DAA
4504988422 39976 50069 7C20F6CF1A09EEE4F40FE6F70B0F070213E4AE0B9599CF6348B0EAC781225457
4508275953 5468 42491 7C20F6CF1A09EEE4F40FE6F70B0F070213E4AE0B9599CF6348B0EAC781225457
4505919806 7649 62385 6D9170D7D8B8A3B69842D19F305D6E8699F1A7387856B9C71D9B6319E5BFA9CC
4502876513 59421 54003 592FD82FB0399E198EC262CE13324128D161DD17CCFC1FC0D904385BA7E2BBE4
4508346005 21061 11228 AF85BC99C69C371BEE2DF94A8F20250013F2447391CA872FEAEA7F46F197F898
4502039494 44579 53067 07923401D1A6A24867E6D4232DCCCC66ED816504954F09F969B0C207D5117EAA
4512224993 20992 46959 7C20F6CF1A09EEE4F40FE6F70B0F070213E4AE0B9599CF6348B0EAC781225457
4505896986 13865 18444 29A6EB90E8A195F2D087404F8663ED348EDF99AC0E6A948138291698AEB4FF8A
4507639629 44809 47169 0D4B3F2F772EE4F8B251462DDAA543CA2C66151876CF575EC208916986A66263
4502749349 36782 35573 7C20F6CF1A09EEE4F40FE6F70B0F070213E4AE0B9599CF6348B0EAC781225457
4506278923 64239 40782 A91A8FB03D14371D1418684DB3381617B9606EC1FFDEA919EC242F7BBE7DB481
4500539539 47750 60211 7C20F6CF1A09EEE4F40FE6F70B0F070213E4AE0B9599CF6348B0EAC781225457
4509221368 47195 56051 D061611F9D5FB26B371CCE2343380B95179F9011E5F32985FDA7495941DB705E
4509536921 52395 62321 7DD5A3F8218B023F64FB6C6E4FBA7C0537AD785C151F6166C9237E70F7EC6EF6
4506252174 43572 41411 7C20F6CF1A09EEE4F40FE6F70B0F070213E4AE0B9599CF6348B0EAC781225457

Total of 0 tasks calculated error.
