Total of 100 tasks calculated correctly, accuracy 100.00% 
446978671 48176 4431 7C20F6CF1A09EEE4F40FE6F70B0F070213E4AE0B9599CF6348B0EAC781225457
453821183 50772 11837 7C20F6CF1A09EEE4F40FE6F70B0F070213E4AE0B9599CF6348B0EAC781225457
454597042 20121 48561 DE386D7C234571824E1FECB17EC6A6EC26FBCF65028A13CEB29F5C1B7F42809A
454451241 47869 63940 AEEF3334090EA22AE74FFD334CA6D721816D976BCDAC69F6C3101E86278C53AB
455156520 65447 17336 6F00C0BBD90D4A8AB1F5D33DD69EDB156BDCB1F452A3936A9C6C07661C662253
455336935 30514 32913 7C20F6CF1A09EEE4F40FE6F70B0F070213E4AE0B9599CF6348B0EAC781225457
449484060 38207 63792 AE056DD5C52B620E8A6E81D8CB6688BC77B83D3642CFB5CF11D593B043974B3D
453161155 4429 29701 1AAB87C1A5CB6C0249C3E1D3F7A2A2FC087655E40C87C1141249556EB8B4B262
449053793 19991 30712 A01024388E4934F24FFAE38E37A7600215EBE4CD4341BF24AD37EF89EAC3173B
446242939 32626 10031 7C20F6CF1A09EEE4F40FE6F70B0F070213E4AE0B9599CF6348B0EAC781225457
455135412 54124 17296 7C20F6CF1A09EEE4F40FE6F70B0F070213E4AE0B9599CF6348B0EAC781225457
446313026 24015 23261 EE469A871D46F56EBE5463CE8D4832E7067AD706BC9EA4990384BD0AABD93674
446912821 16624 51197 7C20F6CF1A09EEE4F40FE6F70B0F070213E4AE0B9599CF6348B0EAC781225457
448255363 21975 13654 68E903A1371C9F9EEAED580111208A4A5221B7F26AC98940A011A74FFF253C7B
445511429 13461 20825 575813F89AB172CA8757195C6CCBF41D64AC0BFAEDA1F02AE004793EAA85E3B7
452522507 5889 38207 F0C6BD1301E9F2C7EA34182336E9027D88F1B7B61368CE7B136957BAFF911B0D
453560266 17548 56672 7C20F6CF1A09EEE4F40FE6F70B0F070213E4AE0B9599CF6348B0EAC781225457
447126769 16313 31981 CB94B3727095A73CBBFDAE8ECF26D6BA70EB361869CEEF503CFA0D9A2AFD551D
453764343 44738 49248 7C20F6CF1A09EEE4F40FE6F70B0F070213E4AE0B9599CF6348B0EAC781225457
444773184 12122 37727 7C20F6CF1A09EEE4F40FE6F70B0F070213E4AE0B9599CF6348B0EAC781225457
454966629 35429 10134 19743BD722E98E233FF9D6FE7ADC4F1331B0CC34B8C1AFCEF6119CDBB258B35F
445882261 35292 31703 7C20F6CF1A09EEE4F40FE6F70B0F070213E4AE0B9599CF6348B0EAC781225457
453760450 44107 51691 110D7E512543F4EC589CC31B09529152A866FB99D6DD0C0844B039A1FC42981F
447574670 1026 28086 7C20F6CF1A09EEE4F40FE6F70B0F070213E4AE0B9599CF6348B0EAC781225457
448994068 41474 63919 7C20F6CF1A09EEE4F40FE6F70B0F070213E4AE0B9599CF6348B0EAC781225457
454997653 5933 62059 314AC8CD37270ADCA8007BE74202718482DA83ACFDB7BFF48EFC15681CAD3B7F
452835289 60047 26193 A1FE2C23506244ACF402E130908C78538BDFDA04471A8717064D90B39E66DAE1
450356971 64446 20808 7C20F6CF1A09EEE4F40FE6F70B0F070213E4AE0B9599CF6348B0EAC781225457
456225618 56711 25108 0B7B0FA07B54D514477D1875E9336F6238A89648CD3C8D3C4756390018F642B7
450111098 36987 40588 7C0ED0E6DFA3452A97191CDFAAB874856DEDAD5D74A7E9FDA7D0A09879DEFC5C
454002650 5965 60631 A7F5B3A6366879E2D1DB5777014904E64957A833F8C2B1D108710477C2BDA9F9
451999275 43586 22490 7C20F6CF1A09EEE4F40FE6F70B0F070213E4AE0B9599CF6348B0EAC781225457
452137636 60330 23208 7C20F6CF1A09EEE4F40FE6F70B0F070213E4AE0B9599CF6348B0EAC781225457
452008868 57028 58987 7C20F6CF1A09EEE4F40FE6F70B0F070213E4AE0B9599CF6348B0EAC781225457
453731729 45822 13598 7C20F6CF1A09EEE4F40FE6F70B0F070213E4AE0B9599CF6348B0EAC781225457
445370156 2770 17125 7C20F6CF1A09EEE4F40FE6F70B0F070213E4AE0B9599CF6348B0EAC781225457
450116318 10031 1564 9C507A540E4D40BD7F39420A0ABE84D2E399F3C361B469D5C51DC4CA6D077CCD
445520722 30421 39071 A3AE5C59DB82EA5CD29200C6A90BB19F06321B78B2DAC399B268E6C1F3A0E9D9
451635807 28054 52226 7C20F6CF1A09EEE4F40FE6F70B0F070213E4AE0B9599CF6348B0EAC781225457
450575079 47064 55307 7C20F6CF1A09EEE4F40FE6F70B0F070213E4AE0B9599CF6348B0EAC781225457
447050260 38033 18307 4B0B522F643448FBB594BED55F72EA134A1FBB2C38C401CFF39ECF0D0279E2BA
447810688 17823 19637 445389E9329F11F7782A0AD43446BD8F0222D37FECEDF6D78004BE8465488677
446813721 11046 33738 7C20F6CF1A09EEE4F40FE6F70B0F070213E4AE0B9599CF6348B0EAC781225457
455418434 22419 52799 8EB0D4B1EF13AC1AD14B2D5A28970C34624BD4A49EFAE7BA120098BF25F1FCBE
448370936 41525 32559 4413BBA4CF838ABFE59F84A644DD338197017E2A2A711FAC476D87175BBA472D
448758546 53927 7339 BA32DD41C82B39262D252CF329B2ABE4DBC5007A9DB5EEAB7AF15070732B96FE
450709996 59437 48058 A7FB90C6F951C9442BF623859BBF6230B86D93B3E02344485510A6C0A70B0369
445422589 26874 59658 7C20F6CF1A09EEE4F40FE6F70B0F070213E4AE0B9599CF6348B0EAC781225457
449356520 27741 45467 9254DDAFB295FCA0AC859BB9AB5103B999457A704BD618BCB0ECB14363A62031
445804200 55250 59357 7C20F6CF1A09EEE4F40FE6F70B0F070213E4AE0B9599CF6348B0EAC781225457
454482669 10029 30072 0FB82F504207AA8D81610F5DCDA8635F8CF414B0822344812C309A1EEBFE475E
452022787 53191 24911 C80303F6BC9F4BB279A3EA6874D2CF1D24962B596865ACDC15ECF2A88CBE7D43
447785681 29220 19397 7C20F6CF1A09EEE4F40FE6F70B0F070213E4AE0B9599CF6348B0EAC781225457
446978803 43 28424 EF98B4B7E2495EF6224AB3AC59AB20220EE9EAE217DDA0257A564A36E933CC31
446892070 55880 52539 7C20F6CF1A09EEE4F40FE6F70B0F070213E4AE0B9599CF6348B0EAC781225457
445873975 55779 56189 D2D539A0C71E903C2B6AFBCC14990914942EA6B386A0214BB08372D1F98F3477
453073762 16235 34915 FFEA2DF139FF3AD570415393A2692027164ACC416ACCAF0922E48C8C3D9149E0
448143187 63507 36197 45E828957C2FA39ED73E11142F7C9EBBC51F73707D9C2D500C68C00059E08130
454367506 42580 3125 7C20F6CF1A09EEE4F40FE6F70B0F070213E4AE0B9599CF6348B0EAC781225457
454483568 50834 3272 7C20F6CF1A09EEE4F40FE6F70B0F070213E4AE0B9599CF6348B0EAC781225457
452096020 34710 1642 7C20F6CF1A09EEE4F40FE6F70B0F070213E4AE0B9599CF6348B0EAC781225457
452190017 54676 30468 7C20F6CF1A09EEE4F40FE6F70B0F070213E4AE0B9599CF6348B0EAC781225457
455303620 50350 32062 7C20F6CF1A09EEE4F40FE6F70B0F070213E4AE0B9599CF6348B0EAC781225457
447523917 53973 40794 F8E7E4518E9E0FEF7AFE2B8668E3268BD5E297678850CD7C59F73B169F51206A
454055093 3441 59389 99850DE63689C9B326CAC930D3EB4572E84F008A42ABC582A360C9E75F2EF12F
447336533 45744 25370 7C20F6CF1A09EEE4F40FE6F70B0F070213E4AE0B9599CF6348B0EAC781225457
450664351 63652 42756 7C20F6CF1A09EEE4F40FE6F70B0F070213E4AE0B9599CF6348B0EAC781225457
448216190 21100 59024 7C20F6CF1A09EEE4F40FE6F70B0F070213E4AE0B9599CF6348B0EAC781225457
444548331 41689 2782 8F91AB4BA5A20AF7F14856042650E7165FFB52FEBDA891C329C4DC187C9D11A6
445615005 30547 340 2B3407C617476585128F6D5C19E9C02141B87F2D27E2DFB4E5F3B3E5B76FFFC8
453372169 29958 31861 7C20F6CF1A09EEE4F40FE6F70B0F070213E4AE0B9599CF6348B0EAC781225457
449015575 63192 28608 7C20F6CF1A09EEE4F40FE6F70B0F070213E4AE0B9599CF6348B0EAC781225457
450960954 8137 60540 113927A47B6355B72E48FB581B422EF74BB10D70D17DE168D69EF87869303951
454987537 31656 1021 7C20F6CF1A09EEE4F40FE6F70B0F070213E4AE0B9599CF6348B0EAC781225457
455178632 1776 16254 7C20F6CF1A09EEE4F40FE6F70B0F070213E4AE0B9599CF6348B0EAC781225457
452377973 2809 2456 8D63D9F8EBDCE6578884850B1FBEF7734A011E58781FC519CB8FD9B2E2F6D1ED
455208129 19453 23469 5F3194241C058E75BAC1C1D84FE71114D5A619F87C42AE03325139292FE7E13B
446059224 13940 10663 7C20F6CF1A09EEE4F40FE6F70B0F070213E4AE0B9599CF6348B0EAC781225457
455125438 49358 8569 7C20F6CF1A09EEE4F40FE6F70B0F070213E4AE0B9599CF6348B0EAC781225457
455002072 55943 15714 7845E5B28A8DEEA5A3DF8F9A8CC0289D38137F82DFCA73AFEBDD54D41849E503
453311589 1546 52446 7C20F6CF1A09EEE4F40FE6F70B0F070213E4AE0B9599CF6348B0EAC781225457
447991140 24889 25908 9A428FBAE65124691E8EE1375C87E2A17E71CAD9FF7AC213F60461CF2AE30D4A
445302097 35434 32940 7C20F6CF1A09EEE4F40FE6F70B0F070213E4AE0B9599CF6348B0EAC781225457
451414462 58733 16347 BD6DDD065380E2B24948F681B4F5160D4AFF918AEBCFDFEBAE81C3FDCAF5007D
453077219 57102 62758 7C20F6CF1A09EEE4F40FE6F70B0F070213E4AE0B9599CF6348B0EAC781225457
447331937 628 16676 7C20F6CF1A09EEE4F40FE6F70B0F070213E4AE0B9599CF6348B0EAC781225457
446630418 5319 24327 E28BBDB15C5C26E44B1DB50623D5655620B605D938F81CB82AF11B9BC5DBFD64
455949913 59165 30818 ABED178F7AF4E3985D840DACCC4975CCDE79D80C64DCB285FE919A085E2E4771
448779726 11672 47881 7C20F6CF1A09EEE4F40FE6F70B0F070213E4AE0B9599CF6348B0EAC781225457
451276795 4051 56048 65A0015529A3BB14B12FD68EF978A8943EDA46DE338C81C61450159E9A185338
454945395 6638 7831 7C20F6CF1A09EEE4F40FE6F70B0F070213E4AE0B9599CF6348B0EAC781225457
452580934 34854 29332 7C20F6CF1A09EEE4F40FE6F70B0F070213E4AE0B9599CF6348B0EAC781225457
448298702 14189 22526 04B4B05BF92B2151E1E59A57D1361C95CA400A829D5C4B8934327822BBA3AC04
448642955 51086 16454 7C20F6CF1A09EEE4F40FE6F70B0F070213E4AE0B9599CF6348B0EAC781225457
445961000 56522 44808 7C20F6CF1A09EEE4F40FE6F70B0F070213E4AE0B9599CF6348B0EAC781225457
454110059 5692 29978 7C20F6CF1A09EEE4F40FE6F70B0F070213E4AE0B9599CF6348B0EAC781225457
454427144 1547 9420 49A04E1934CD2D7DFD318EAFBF85A56B0ED24844E9FED2392B9B1DA1DA0AB33D
453078753 45336 21004 7C20F6CF1A09EEE4F40FE6F70B0F070213E4AE0B9599CF6348B0EAC781225457
445009230 14690 19758 7C20F6CF1A09EEE4F40FE6F70B0F070213E4AE0B9599CF6348B0EAC781225457
450530076 62144 44570 7C20F6CF1A09EEE4F40FE6F70B0F070213E4AE0B9599CF6348B0EAC781225457

Total of 0 tasks calculated error.
