Total of 100 tasks calculated correctly, accuracy 100.00% 
4562969032 49533 44227 6983C26578B8F6BC16A2F02F4F81E5060859F258B57473AAEF1303F299348B70
4567194771 38665 38660 71BA2B676F084C49CCC62878473D42D0F81F05E0A4FD08197F8078397BEA5D15
4569017807 53354 57968 7C20F6CF1A09EEE4F40FE6F70B0F070213E4AE0B9599CF6348B0EAC781225457
4562609401 22308 36222 7C20F6CF1A09EEE4F40FE6F70B0F070213E4AE0B9599CF6348B0EAC781225457
4563294964 41571 22461 6BBA138FB9B435359445D6B1F51B276D674617E80059756083FD7ECB3827A69C
4562055962 3888 18346 7C20F6CF1A09EEE4F40FE6F70B0F070213E4AE0B9599CF6348B0EAC781225457
4572376083 54792 14359 7C20F6CF1A09EEE4F40FE6F70B0F070213E4AE0B9599CF6348B0EAC781225457
4568573449 14097 23272 002CB6954FE8ED8104C15C25C42D2BC00DCBA867CE03797C16082CEDBF40F352
4563632622 18659 30466 9668F2B8907B2715A89502DC525112C8F3FCFF034F6A844762CFD2FEA25C1E1E
4565427549 4354 65113 7C20F6CF1A09EEE4F40FE6F70B0F070213E4AE0B9599CF6348B0EAC781225457
4569346248 44847 65379 58C04EF9C5DF1D02E4CF3BE1B5C9332505A72C82D83BBF3C38BEC194364E92D7
4567045557 14909 16323 4BF06DA06DA405E9298C377BC60AA335413679203381E3B4670B550AD1B614FE
4568268745 65310 571 7C20F6CF1A09EEE4F40FE6F70B0F070213E4AE0B9599CF6348B0EAC781225457
4566716619 30529 12109 0BC1D58D063384A9948DD516EAB50D5955BA5CD298C675B5E64FDC05B4428DB4
4571643322 58374 56737 7C20F6CF1A09EEE4F40FE6F70B0F070213E4AE0B9599CF6348B0EAC781225457
4561073781 17259 21062 0DF86CB35A6B78F992C610E814FF52C3C52C75E2E360A1A12AFAF1D3A8C867FA
4569753213 4243 41996 A64F94A91B8E6DC0927CFD6E51844606436912E548F16E754D18F03052952D7D
4564514651 21023 58389 441E1D00727DF41241192BC936ED7FD42C4135A1E5FE93727D81543ACF970EDD
4567495757 33792 49346 7C20F6CF1A09EEE4F40FE6F70B0F070213E4AE0B9599CF6348B0EAC781225457
4565957211 52651 14930 31AFB93AFB8EB27FA607137DE98285AEDB27A0A17DA1598CE412D7851FEE23D2
4566839874 65453 29660 BD50F61FE6AB678C564C018D888CCBEA710BF0C5E9C9916E01275909CA878F59
4569700214 52202 9288 7C20F6CF1A09EEE4F40FE6F70B0F070213E4AE0B9599CF6348B0EAC781225457
4566160771 58101 41780 49155C90153A97165609DF66530D9A94599654444AB2FC5CCB1CF83E4D6B5BB3
4564258107 57421 61680 CFEA6322584EB45CA98A70818BC0045F4589EFF12E0C860D8F9F4C9F52D3630E
4566172766 28125 56044 E2F0AA9C023CFB3B33F9316A1A97E8ED24863414E03FA5EF75A9F30AB7A076A4
4564238270 10822 57191 7C20F6CF1A09EEE4F40FE6F70B0F070213E4AE0B9599CF6348B0EAC781225457
4563099032 17732 34803 7C20F6CF1A09EEE4F40FE6F70B0F070213E4AE0B9599CF6348B0EAC781225457
4570924808 53847 44585 4A2B9FEA6BD8C55EC5F70406747A860B61E4EA19C89A07E9ACBE243FBE052415
4566202503 46375 8023 3E189C022C10DD6951AAE4FFF6F193CA52433C0595E3D2ABF0143813A7920FB3
4570666653 26567 48120 F9A4A0B6C182CFE805393FC04EE8B1459C5937409DF818A236DFD41129F2AA58
4560777455 29707 17250 B8F3867398678C259BF10284A91EA09C21155B7B66239D172DF841C434703D06
4564642912 40800 22242 7C20F6CF1A09EEE4F40FE6F70B0F070213E4AE0B9599CF6348B0EAC781225457
4560761729 20416 44820 7C20F6CF1A09EEE4F40FE6F70B0F070213E4AE0B9599CF6348B0EAC781225457
4564374804 48528 34299 7C20F6CF1A09EEE4F40FE6F70B0F070213E4AE0B9599CF6348B0EAC781225457
4562795294 3608 42655 7C20F6CF1A09EEE4F40FE6F70B0F070213E4AE0B9599CF6348B0EAC781225457
4569707295 39017 15557 58CB132F5319EA45D489B76E943C6766C55F9BBBC94AC5274FF1A87761828594
4572016470 14437 24559 AF2224323F4791CB3C5ECF0B821E3753EC2DA3860B9C0BBE47D239B4764CAAEE
4569247019 1589 27478 BAEB6BB6E509160000877A801B04E56AD93D79B0E28A770DAFAF254E51F1ED40
4562832905 39130 63919 7C20F6CF1A09EEE4F40FE6F70B0F070213E4AE0B9599CF6348B0EAC781225457
4560615301 10753 42843 06B5D97E672EA239A83416D15DD4F6B926F1A321A0B7D5CCAA528259691C63BF
4571126655 12019 15876 CCD9E65AF6DF2BF51099431C67489B819ADF07E22DBD5CBE7E00F038959723F3
4564460672 14920 48750 7C20F6CF1A09EEE4F40FE6F70B0F070213E4AE0B9599CF6348B0EAC781225457
4566053248 53876 28122 7C20F6CF1A09EEE4F40FE6F70B0F070213E4AE0B9599CF6348B0EAC781225457
4568712235 18481 23301 A8F3E5A9AB85A9A247CFE0AE350995CFA44741C5136B9F90D80802A752C91258
4562818233 43135 5840 DA1F81B2BE49BAA1009368B8DEEC168D5C341CC07438F188505134654E10B15D
4561406618 42512 57973 7C20F6CF1A09EEE4F40FE6F70B0F070213E4AE0B9599CF6348B0EAC781225457
4562406446 62043 31803 3DB03393489A346CABF87E4CD3B2C42CF6AB9715DEA0CE6FEFF34DED3BCC2AEA
4561620704 27119 5953 4849E11B0AEFDDFAA93C24E5E274CC0EF848D9980EC455FB6AE7EBDD32432150
4561157271 17936 58170 7C20F6CF1A09EEE4F40FE6F70B0F070213E4AE0B9599CF6348B0EAC781225457
4563012432 54675 15681 D2A24338ACE3687A6470C57A9C6013DB37F38C882FDF0571D690B5D30CAB02F4
4563788576 44379 34177 05E0E61FB88BEF036C85050B33AC3EF11D22E49029D8487D3B19015182FE27EB
4566472956 53544 39679 7C20F6CF1A09EEE4F40FE6F70B0F070213E4AE0B9599CF6348B0EAC781225457
4562328185 50894 32486 7C20F6CF1A09EEE4F40FE6F70B0F070213E4AE0B9599CF6348B0EAC781225457
4572193674 3315 32272 E543C4BB398BEAAD3A0E28A0F5D2C9B628CE033112D21362631A918C7DE81E6E
4564564976 35506 23549 7C20F6CF1A09EEE4F40FE6F70B0F070213E4AE0B9599CF6348B0EAC781225457
4564587828 53541 63613 427DE5C2989720AE5940242A25F1AFD4E122D6E7F075BDFE5A9D01C37202FDBE
4563168589 58656 14136 7C20F6CF1A09EEE4F40FE6F70B0F070213E4AE0B9599CF6348B0EAC781225457
4560686193 27556 14923 7C20F6CF1A09EEE4F40FE6F70B0F070213E4AE0B9599CF6348B0EAC781225457
4569477702 46024 34092 7C20F6CF1A09EEE4F40FE6F70B0F070213E4AE0B9599CF6348B0EAC781225457
4560830359 24136 58449 7C20F6CF1A09EEE4F40FE6F70B0F070213E4AE0B9599CF6348B0EAC781225457
4569239767 44922 63078 7C20F6CF1A09EEE4F40FE6F70B0F070213E4AE0B9599CF6348B0EAC781225457
4561167438 47394 18263 7C20F6CF1A09EEE4F40FE6F70B0F070213E4AE0B9599CF6348B0EAC781225457
4570608683 53285 52439 338C05B248483BC4ABFF63BA7814E3910E47C68EEA6A83906B6CF1B64FEB08E3
4564930927 29932 2171 7C20F6CF1A09EEE4F40FE6F70B0F070213E4AE0B9599CF6348B0EAC781225457
4567348178 13213 10436 E0B4F2339712A8E8CACFC87F2AC93C0248A75104577AFBB1D57D875A2944145C
4564460887 20643 63669 58456075D556A655CC0DD9EED6BACD6707518902B1B997767DCB4B6B96331384
4564551441 25213 23630 B76ED0E84ECF77162613FF11B355375ABE4052342C2AA708D949E7597D46B606
4561597984 52535 62947 55A6C843AA54B492E7A37F29AC290F7CE9BB43D3D572B3F3F44EB8C4FECD85C4
4563945382 20800 61477 7C20F6CF1A09EEE4F40FE6F70B0F070213E4AE0B9599CF6348B0EAC781225457
4565531831 4367 56772 07D9AD9061CED931BA6BB66A017935788509685F946D29714780B1291C1A8585
4563844740 16161 32549 56BCD03387CD87A17F500500AA6B3F68418563FA1F35CEC177D92B653C3C320C
4571126559 5798 27948 7C20F6CF1A09EEE4F40FE6F70B0F070213E4AE0B9599CF6348B0EAC781225457
4570826348 27120 43026 7C20F6CF1A09EEE4F40FE6F70B0F070213E4AE0B9599CF6348B0EAC781225457
4570297707 42954 12145 7C20F6CF1A09EEE4F40FE6F70B0F070213E4AE0B9599CF6348B0EAC781225457
4571322864 37573 60626 7C0D98B36019404B1FD5DB0B17ADAB086FD98BF63FE4FF5EE22E375B58260E6F
4566990278 23169 31535 F8018E2AF20D18B54751F74627A518FC5385E1746B4632319DA9AB57711383AC
4568287831 5685 36505 789C0A823301C6304C66EF8EAACC99059CB635EA435E1CFECF9548CCA62C3DD1
4561609137 31520 10544 7C20F6CF1A09EEE4F40FE6F70B0F070213E4AE0B9599CF6348B0EAC781225457
4571605225 59362 40250 7C20F6CF1A09EEE4F40FE6F70B0F070213E4AE0B9599CF6348B0EAC781225457
4567908428 44828 64920 7C20F6CF1A09EEE4F40FE6F70B0F070213E4AE0B9599CF6348B0EAC781225457
4560566081 2118 39517 7C20F6CF1A09EEE4F40FE6F70B0F070213E4AE0B9599CF6348B0EAC781225457
4563742140 21844 33549 7C20F6CF1A09EEE4F40FE6F70B0F070213E4AE0B9599CF6348B0EAC781225457
4561314472 27380 46732 7C20F6CF1A09EEE4F40FE6F70B0F070213E4AE0B9599CF6348B0EAC781225457
4566210144 45174 45767 7C20F6CF1A09EEE4F40FE6F70B0F070213E4AE0B9599CF6348B0EAC781225457
4561182665 3219 38727 A39821EA676EFEB59BF429E0E4C792B61A80D8435C9F3E6B34567F225EBB5817
4565905800 57404 5625 7C20F6CF1A09EEE4F40FE6F70B0F070213E4AE0B9599CF6348B0EAC781225457
4567438860 9377 44570 AFDF3DC1572CD286A0BBE2875A17196DD18E4ECD8F3434575CB2F81B892317E8
4563431972 37473 34433 BBDE27AA0C39D6B7E3F40BA85FECF35F40C32F69A08C1D115B85EAB82EB8BA7B
4568637516 25676 55035 7C20F6CF1A09EEE4F40FE6F70B0F070213E4AE0B9599CF6348B0EAC781225457
4565642382 9840 50166 7C20F6CF1A09EEE4F40FE6F70B0F070213E4AE0B9599CF6348B0EAC781225457
4569802088 39150 22408 7C20F6CF1A09EEE4F40FE6F70B0F070213E4AE0B9599CF6348B0EAC781225457
4561836715 20882 9791 7C20F6CF1A09EEE4F40FE6F70B0F070213E4AE0B9599CF6348B0EAC781225457
4569913478 29457 56349 6B1DD66B68AF6D0D3189BE8B718266C4C5B301B89D76F5506482BF86180D11C1
4568465993 33727 50582 0EE941686D35FE4D9E635C9F7F6296FC495EB03B0DFFDD560FFF1D6AD0D50CFF
4568803353 44424 32840 7C20F6CF1A09EEE4F40FE6F70B0F070213E4AE0B9599CF6348B0EAC781225457
4572071276 58166 47089 7C20F6CF1A09EEE4F40FE6F70B0F070213E4AE0B9599CF6348B0EAC781225457
4560797637 35281 47402 483A675AFF15354FFD2F77C4B405B25C5CA14929410F0490A64C5A8D83792D4E
4564108900 51129 5317 6166C9B0419CBDB0F7112E5F65BDDAA631EEBC1DE572BAF3899CD43635B2A1F5
4567926047 43670 13732 7C20F6CF1A09EEE4F40FE6F70B0F070213E4AE0B9599CF6348B0EAC781225457
4571423064 63050 13816 7C20F6CF1A09EEE4F40FE6F70B0F070213E4AE0B9599CF6348B0EAC781225457

Total of 0 tasks calculated error.
