Total of 100 tasks calculated correctly, accuracy 100.00% 
4572868123 51679 46612 4641AF0C294CF4E942387BCDEA219CF67827E8B19686529ADA6E4B1ED033A3A0
4573821157 65106 48338 7C20F6CF1A09EEE4F40FE6F70B0F070213E4AE0B9599CF6348B0EAC781225457
4583777384 36522 8457 7C20F6CF1A09EEE4F40FE6F70B0F070213E4AE0B9599CF6348B0EAC781225457
4574425007 15620 52766 7C20F6CF1A09EEE4F40FE6F70B0F070213E4AE0B9599CF6348B0EAC781225457
4580329361 48269 62668 7376F6A355472776746CE59C345D0247109B33548E20458CB0A918D60E4DFBE0
4579682172 42181 39594 91DD1841BD514603F4C730A1943174F27D4DD6B2F1B842BFD03A6299E7EEFAD1
4580685694 64237 16792 F0CFB1505F67482F2E810896E36CF820A435CB96ED2EC54588B7B53D17DD79A4
4582253899 58486 65510 7C20F6CF1A09EEE4F40FE6F70B0F070213E4AE0B9599CF6348B0EAC781225457
4579665432 19547 24581 42B59BA8B786BB3E5AC2EEFCDCE808819072A1DE5CE58E1A2B9D32D4CFDD7F73
4583955325 25623 24922 F589D401FEF19B1EE0BC13F2CC0DC75E6CC7F4D3AE552F6916B1E929675E2EB5
4576964580 45138 65303 7C20F6CF1A09EEE4F40FE6F70B0F070213E4AE0B9599CF6348B0EAC781225457
4574685358 17412 40981 7C20F6CF1A09EEE4F40FE6F70B0F070213E4AE0B9599CF6348B0EAC781225457
4577387288 9093 40986 6C8C67993C39700C72D4ED56C33AA5BC61B0D7FF997AA8A56690F2155D341F0A
4583308069 15074 13108 7C20F6CF1A09EEE4F40FE6F70B0F070213E4AE0B9599CF6348B0EAC781225457
4577388993 14304 19063 7C20F6CF1A09EEE4F40FE6F70B0F070213E4AE0B9599CF6348B0EAC781225457
4576882677 56870 60623 7C20F6CF1A09EEE4F40FE6F70B0F070213E4AE0B9599CF6348B0EAC781225457
4579169430 35343 64714 9644D32403EB785E6DE2F1A844D671254202C05766BB01FE2380D945CEA30D99
4581205815 41777 57821 58D6753C4DB343395715F4DC1BA42F4636F4895C5B2681EC07321DD68B20F045
4577014019 7036 20470 7C20F6CF1A09EEE4F40FE6F70B0F070213E4AE0B9599CF6348B0EAC781225457
4577428780 51169 34582 1E35AA6E75BB2A1BD7F9B6A05CCE01E9E80FDBF5417196326B92723E560FA0F3
4581154292 42957 62393 C73E03B3F1AAFC8EF93097D3D719839CEC0C2EA80AB457C5B05996E65D3B1F7B
4584265216 43139 44298 863FE9CA524797E82FE3C6C7D4D65BB364941BE45B5E0CCE0EF10EF31214819B
4575504609 30044 41270 7C20F6CF1A09EEE4F40FE6F70B0F070213E4AE0B9599CF6348B0EAC781225457
4574205154 28054 18337 7C20F6CF1A09EEE4F40FE6F70B0F070213E4AE0B9599CF6348B0EAC781225457
4573788186 20041 16024 A70D88D12CFE72AFD1ED7D40BEEA850427A1BDC7519F08D295BDE70FDF02315F
4575456446 57747 14136 E2DA2694D06B64EA8FDF466BC80A54F60553A8DFAFE197DBF9B55381467DF571
4582092280 60837 57928 9184CFD04184A4D85EC71EDB0B3BB60D597D0CA7DF081F957799582B6ECD9949
4575487755 50320 63083 7C20F6CF1A09EEE4F40FE6F70B0F070213E4AE0B9599CF6348B0EAC781225457
4583586789 61845 27330 7C75431FC17627B6F5ECDF72F401A17A95705A7AFBB7A382051EDDA74FA0A478
4579071111 49569 20765 6CD59CCBD3EE7665E213DF6620A52CDD53448942F3C22768D0ECB320C6D93E08
4575934687 29307 31117 12358A3849AE2DE1210873E1A57AD423336BF236797871A6FAAFC034F7504198
4581528280 62255 8688 0942EF136E52F0C71A3F8553DDE0F499609DCFF9D837D6150C498F8872EBCAB8
4578442548 61479 50068 84BE3E059F4EDCDF183EC5DDC0969BACD2FCF6D775401E3BA549F800ED85EFDF
4573090056 9081 2198 3DC536D9C3C755B7FFC220C047EF3EE994CD416F35746288E8D35D4BE11B7F7E
4572653662 60878 20163 7C20F6CF1A09EEE4F40FE6F70B0F070213E4AE0B9599CF6348B0EAC781225457
4583226423 60994 55635 7C20F6CF1A09EEE4F40FE6F70B0F070213E4AE0B9599CF6348B0EAC781225457
4574219048 47349 61704 7A9AC830758A3457238B8FABCE82ADA236167A1C1DC34AFAE295CF33DC14A2F9
4579106094 55464 2835 7C20F6CF1A09EEE4F40FE6F70B0F070213E4AE0B9599CF6348B0EAC781225457
4580525282 49402 18847 7C20F6CF1A09EEE4F40FE6F70B0F070213E4AE0B9599CF6348B0EAC781225457
4574714384 65327 13869 15E0FCCDF4E62B7A45E53C73A3F56D59D329C6E0C9F95CAC15CAEE75D14805E3
4582443229 7216 15539 7C20F6CF1A09EEE4F40FE6F70B0F070213E4AE0B9599CF6348B0EAC781225457
4579245961 40847 22130 75EA83DF24973104F7B22CCD7897350EB54B0814350BCEB9E2D2ACB0CA96F13E
4578369247 14307 19087 9B23DAFE319333BD6650EE5FA92BDAA47EC5E9BD5CAB0E04DD0784D3B78E51DF
4576976107 40221 26775 053C1712A00CF75C9505A7248B1F1235E246A237E0A90354B3C45ADC7E727D06
4579918978 59872 30819 7C20F6CF1A09EEE4F40FE6F70B0F070213E4AE0B9599CF6348B0EAC781225457
4575602815 54117 22677 A3782B3F6A8DA34A4710957E33DC84C64B27A913B43D637D2984E3DA003B1CC6
4578175997 4954 14980 7C20F6CF1A09EEE4F40FE6F70B0F070213E4AE0B9599CF6348B0EAC781225457
4582263046 60324 16305 7C20F6CF1A09EEE4F40FE6F70B0F070213E4AE0B9599CF6348B0EAC781225457
4582732985 46425 30636 5FB779EEFE7F02BB1697CEFEB4C5C32A292B40032A103C2EC7CDEC3CB3A141B3
4577876578 447 52557 D96C7DC540A0BAB1440612A6DC12A9CB7BE66F061CF1B8A357B4E644812036D9
4575329592 14551 12946 70015FB0493F6FDD58D3F9EA05E658094AD2AE6259FB0AE473ED36A874A9EEE0
4572928227 23241 34431 7FAA273893F9C6B21D599B256CEC4C096928211711F1D18553D2942B2B95E630
4578606818 11411 34823 F7A2230C99DBF8753D41F45BDAC3288CEFEEA6D64852445A0669071EF9B25222
4580229874 46159 56121 77B67A0430A3C588CBD677079B54268EA2F1D32802C527357060A5286E6C6393
4578712589 38488 27278 7C20F6CF1A09EEE4F40FE6F70B0F070213E4AE0B9599CF6348B0EAC781225457
4580894209 15896 19777 7C20F6CF1A09EEE4F40FE6F70B0F070213E4AE0B9599CF6348B0EAC781225457
4573022100 8122 61332 7C20F6CF1A09EEE4F40FE6F70B0F070213E4AE0B9599CF6348B0EAC781225457
4577091322 16445 61883 158E56F41515EC14AC54074B0577076F5BB824C162A01DF04A2E61350A5A2089
4581184027 9966 22543 7C20F6CF1A09EEE4F40FE6F70B0F070213E4AE0B9599CF6348B0EAC781225457
4580103456 37552 54564 7C20F6CF1A09EEE4F40FE6F70B0F070213E4AE0B9599CF6348B0EAC781225457
4578684703 63833 9124 135DCEC05A17CEECD4401C913E35D9F6485F311161DDEA2EC13F73F3A566C5EB
4577864552 28295 60568 D322C9FBB519A2072D1274BF0AB505F78362F9369F3BCC8EEEE9D707F944BE99
4574920303 32997 19719 667F0664A3FEF1FBE884F07E693B1A0AB7DD74EF9BB7E1C08369555897825E14
4582094662 35910 50569 7C20F6CF1A09EEE4F40FE6F70B0F070213E4AE0B9599CF6348B0EAC781225457
4576039568 13964 3700 7C20F6CF1A09EEE4F40FE6F70B0F070213E4AE0B9599CF6348B0EAC781225457
4575890472 35149 21578 48BD84D4B3D4AF0FCF5BF03638BE2505AD41A440D698352B2BD2990E62A5BE6F
4582611211 30150 16827 7C20F6CF1A09EEE4F40FE6F70B0F070213E4AE0B9599CF6348B0EAC781225457
4575607350 57804 39223 7C20F6CF1A09EEE4F40FE6F70B0F070213E4AE0B9599CF6348B0EAC781225457
4580292487 64876 43758 7C20F6CF1A09EEE4F40FE6F70B0F070213E4AE0B9599CF6348B0EAC781225457
4575745725 54812 56808 7C20F6CF1A09EEE4F40FE6F70B0F070213E4AE0B9599CF6348B0EAC781225457
4580675467 31239 64563 0D3B875A589FCD2917EE7E2139CD649B200DB2B7583B143B4C458F8CF52B1AFD
4580629842 60618 2755 7C20F6CF1A09EEE4F40FE6F70B0F070213E4AE0B9599CF6348B0EAC781225457
4575327105 55747 47145 61471F8083C6F727B097238E4F7CB515A2433F9FC47D49DF2C986010A922AD6A
4577018240 26398 29869 7C20F6CF1A09EEE4F40FE6F70B0F070213E4AE0B9599CF6348B0EAC781225457
4582322638 25214 63773 7C20F6CF1A09EEE4F40FE6F70B0F070213E4AE0B9599CF6348B0EAC781225457
4577561242 20319 38895 1C33CC0F506526E20EAADE8A73405BD8748C49E592E5B8746B7BE270373AA6B1
4577072221 8552 10437 7C20F6CF1A09EEE4F40FE6F70B0F070213E4AE0B9599CF6348B0EAC781225457
4573272890 38660 46301 7C20F6CF1A09EEE4F40FE6F70B0F070213E4AE0B9599CF6348B0EAC781225457
4578198741 23009 17481 69B2EB55DC4F6AF6595498E9524BEF88607F745632F4482D412A22CF44B40211
4572928651 34359 14845 7CF52228D7BA0A00B9347841F6ABAAA23DD4427711E5415206BA04B76DB68DEF
4580266188 44249 37010 CF73BCBEE3AFC9E9191F8309AA7E4DA51645F9CE43516C32E8CB34F720DC8895
4575710564 36265 12089 6439D3C1DC85AFFA7ED1C13CD0F93857276A66E6323E1745DB80BF68D4A4F9BC
4576797064 56388 45064 7C20F6CF1A09EEE4F40FE6F70B0F070213E4AE0B9599CF6348B0EAC781225457
4577146260 55658 63610 7C20F6CF1A09EEE4F40FE6F70B0F070213E4AE0B9599CF6348B0EAC781225457
4572869106 50136 38808 7C20F6CF1A09EEE4F40FE6F70B0F070213E4AE0B9599CF6348B0EAC781225457
4577724623 32483 37209 9BD2F2F2D478070B25DCEF493C37AB5B1F704100B75BEECE442D8637246866B6
4578241193 20251 46250 715F6AE41D9A96C39E89903BA5A11DFDFDDD7FACDF55DA74B4A2699F727D0B42
4582377759 1138 40173 7C20F6CF1A09EEE4F40FE6F70B0F070213E4AE0B9599CF6348B0EAC781225457
4576598886 7440 57448 7C20F6CF1A09EEE4F40FE6F70B0F070213E4AE0B9599CF6348B0EAC781225457
4577704945 59225 33972 0724D49D040C982FB1A2681F3A48D039FD16FAF8837AF840B319C7319D710A83
4580428479 29425 63666 ABF730C12492DFD6CA15675AF8885C6BD9708B7075F35D1392BF35E311BFE8BF
4583688666 50059 52162 3B7F21B58727F1A430F97B09AD0A55753517F8CE81410D5CA005B989555B9B97
4579723475 48749 36835 C92CF2CCE515FCBFBF44663EE8621CFCEFA5B32F36B692706036E40B8643E634
4579699464 1838 62953 7C20F6CF1A09EEE4F40FE6F70B0F070213E4AE0B9599CF6348B0EAC781225457
4577941773 19352 935 7C20F6CF1A09EEE4F40FE6F70B0F070213E4AE0B9599CF6348B0EAC781225457
4573480317 31232 37370 7C20F6CF1A09EEE4F40FE6F70B0F070213E4AE0B9599CF6348B0EAC781225457
4576564698 59134 36307 7C20F6CF1A09EEE4F40FE6F70B0F070213E4AE0B9599CF6348B0EAC781225457
4581768576 51803 38883 5D2FA719FFF4925FFDE4CB3A72995DC4655D8543F2FF154104DF175C026B3FA9
4578503430 44514 6750 7C20F6CF1A09EEE4F40FE6F70B0F070213E4AE0B9599CF6348B0EAC781225457
4572748177 51961 36013 5D0342A8C0DAA81B45C7C4FD7C2D1910A81433DC123D7EFA6973C77BCCE3CE17

Total of 0 tasks calculated error.
