Total of 100 tasks calculated correctly, accuracy 100.00% 
4596912506 26894 65150 7C20F6CF1A09EEE4F40FE6F70B0F070213E4AE0B9599CF6348B0EAC781225457
4605866771 35469 49735 EF725279C3933AC9852B0B612E135DAE0AF45A1AD4FF9BB31913165145A18E17
4602519642 33465 45089 ADB0D188911DBCD9E19EB3BD75284EC1533E3BA74D63F7ADA50CDAED862D51A4
4608111289 13908 31168 7C20F6CF1A09EEE4F40FE6F70B0F070213E4AE0B9599CF6348B0EAC781225457
4596853089 23800 9532 7C20F6CF1A09EEE4F40FE6F70B0F070213E4AE0B9599CF6348B0EAC781225457
4607908106 21637 39368 23EE88824757D9D7F0DC9AAA43A74FF0AF4EB7CA700F77D052964F3D0F218214
4599076910 30052 11910 7C20F6CF1A09EEE4F40FE6F70B0F070213E4AE0B9599CF6348B0EAC781225457
4604691920 5326 61966 7C20F6CF1A09EEE4F40FE6F70B0F070213E4AE0B9599CF6348B0EAC781225457
4606346613 46713 29804 53E42B035E8E7A8F7D9810E62BB7786CA0E25CEF704A325EAF3C04EF4B66E632
4600797399 53289 21599 AC108E62B4DB75BF7313DC033B8891A001AE5A386E61A0D1E5F755CC97406203
4603562197 30197 29308 3A9D606D34F1678BEC711767B34051AB9F09E35AF63210A33A76CA484478330D
4606592807 6737 54973 44EE72A6D48ED7851BFCF36B30E1B569CF8E8309EF9CEDB61AF8DCD1F52F9EE1
4597331410 38943 54992 BE2E8A38EE16BE78B76DE62F32565995A44BF1D255D6F7F72B58F886BD19B961
4600028656 27863 62451 52F4F58FBD15AD504BF7EC11236FAE5BD6390379EB8C24FA2F4C6E768236F188
4599392381 20757 4419 689B406C0A5CD132351236B399D2CDD687A03700644A8CDA541FEE87AACE1ADB
4606757185 50689 6318 37D4F8DD3997656C2C35BC406E22F172BCB53991090FB69E34ACD213849B9BCB
4599227393 15351 14816 6FCBB471315395E4EA94E146A533A2B3E40ACEBCACA1491E46B54F268A10B9D5
4606715322 54216 21968 7C20F6CF1A09EEE4F40FE6F70B0F070213E4AE0B9599CF6348B0EAC781225457
4599090500 33261 56595 EED2E2CA57F35772FEABEE712A20EEC82327F92F7A6D0BC4107043BF498C3F6C
4598681396 24826 22770 7C20F6CF1A09EEE4F40FE6F70B0F070213E4AE0B9599CF6348B0EAC781225457
4602579341 37960 17316 7C20F6CF1A09EEE4F40FE6F70B0F070213E4AE0B9599CF6348B0EAC781225457
4597640056 50939 33051 0EEAE3CE25C3248DA3268601B02B218E45E87B3FC6B0B4F17E64945EB39918F4
4600707173 7363 3277 B1C7956C2B16D4F47DB2F939851A1AADF2E21F5AD0CA118095CD10C97E3886D2
4606883897 55362 47991 7C20F6CF1A09EEE4F40FE6F70B0F070213E4AE0B9599CF6348B0EAC781225457
4596724277 14580 9559 7C20F6CF1A09EEE4F40FE6F70B0F070213E4AE0B9599CF6348B0EAC781225457
4598041949 50543 5176 DB2448362A74EC7CF5A584180F695C8274D2B8914159EFE0E78AE3DAC57CD08A
4602471910 53538 31005 7C20F6CF1A09EEE4F40FE6F70B0F070213E4AE0B9599CF6348B0EAC781225457
4602530314 17650 5098 7C20F6CF1A09EEE4F40FE6F70B0F070213E4AE0B9599CF6348B0EAC781225457
4599353694 8591 32160 4C256A9F6499C5CD41C4D58BF8EF59D8998E32289F467FB4DFF05171861AFD92
4597371322 35332 54860 7C20F6CF1A09EEE4F40FE6F70B0F070213E4AE0B9599CF6348B0EAC781225457
4602985920 33557 46360 744F64B6A8EE339D66F00DE8A97E8DA8CBD041CE7FABFA03C193D888521FA254
4596686010 16832 65408 7C20F6CF1A09EEE4F40FE6F70B0F070213E4AE0B9599CF6348B0EAC781225457
4597683666 11855 8308 F4079E34FF950CB479A5416256D1933E3DCDA9C2C2F9E7DA0203F48623385619
4600383963 39100 48316 7C20F6CF1A09EEE4F40FE6F70B0F070213E4AE0B9599CF6348B0EAC781225457
4606729646 7590 42815 7C20F6CF1A09EEE4F40FE6F70B0F070213E4AE0B9599CF6348B0EAC781225457
4598160950 51290 2212 7C20F6CF1A09EEE4F40FE6F70B0F070213E4AE0B9599CF6348B0EAC781225457
4606053543 6506 29449 7C20F6CF1A09EEE4F40FE6F70B0F070213E4AE0B9599CF6348B0EAC781225457
4600608723 7151 41073 8F5E9BC9360A8D6246E6201695FA00CAC4E585582D2A1669F1C6E870E2943AA4
4601336500 2967 695 5209EE2BAEE44C309A8A331305F1462EE049D123248F19C2A5922303155E01F7
4607749659 64667 6346 3704AFC9C96B5343E178764D805169FA634D8889C80BDE3E2A5F459ED06591D4
4599805824 17827 33257 18480BE0622600285E212F94F748B069A3E728C7B0E3DBA1E31EE97EAD22C076
4605756858 57236 3639 7C20F6CF1A09EEE4F40FE6F70B0F070213E4AE0B9599CF6348B0EAC781225457
4598845233 56554 11632 7C20F6CF1A09EEE4F40FE6F70B0F070213E4AE0B9599CF6348B0EAC781225457
4597167386 53072 7802 7C20F6CF1A09EEE4F40FE6F70B0F070213E4AE0B9599CF6348B0EAC781225457
4600046850 57978 14914 7C20F6CF1A09EEE4F40FE6F70B0F070213E4AE0B9599CF6348B0EAC781225457
4605492348 61182 58031 7C20F6CF1A09EEE4F40FE6F70B0F070213E4AE0B9599CF6348B0EAC781225457
4599516312 37785 31286 D117BFE85CDC1C7564DEBED911DD57E05AA88BDA9AB4C6484A2F29F8C4FF8B28
4597979908 2704 44104 7C20F6CF1A09EEE4F40FE6F70B0F070213E4AE0B9599CF6348B0EAC781225457
4598642902 10499 3210 9425A495E10E2A50F082A3B36D9AF8924D69BAEC2F011CA8383698184D4AD548
4596594073 30615 10133 E15CEC9BAE05A624DC119B28EECB58EC971310A14F39B80877199C94E04D6B18
4597105709 25601 6760 677D0FCB3911BBF8A301D2D6EC7C1847BC4C2AD8EA986CD027FF5142F563EA8E
4600416837 49552 41701 7C20F6CF1A09EEE4F40FE6F70B0F070213E4AE0B9599CF6348B0EAC781225457
4601309980 65180 13715 7C20F6CF1A09EEE4F40FE6F70B0F070213E4AE0B9599CF6348B0EAC781225457
4602192423 6469 19069 9EC985F49442D3B541246FFAAABC8D41CFE5DB8C7521F2B8B8A077C08BD4C4B2
4605224817 60201 6255 936272B07B8AD37208D9C6A89300C21E9DC8566AE7DE3217798C216FFE0D43DB
4606672059 25942 36050 7C20F6CF1A09EEE4F40FE6F70B0F070213E4AE0B9599CF6348B0EAC781225457
4596765977 10803 7925 598DE74C4AC8562C50C1F36908BB9EC1F8CE278CFBF6136325FBD6A42C1A1613
4599963695 42202 38935 7C20F6CF1A09EEE4F40FE6F70B0F070213E4AE0B9599CF6348B0EAC781225457
4598918801 34609 23728 4E0AEEA8B7A8242CF2B9E4CC764223CCA8A2AAB584B1EFE75F24425FE1262608
4598496478 56122 1130 7C20F6CF1A09EEE4F40FE6F70B0F070213E4AE0B9599CF6348B0EAC781225457
4596549016 26391 39823 9513D74FF8BC6CCD642FA8C9A0ED785B762E8F7A0E5B0492992BD66BA97DE522
4601076910 36365 19045 2DA64798E5F9317D437B0396E9CFBEFD9CE3E03E8B9720AF3E88E8E141FB0F87
4604674443 18042 11000 7C20F6CF1A09EEE4F40FE6F70B0F070213E4AE0B9599CF6348B0EAC781225457
4606536723 2111 35857 F383ABF8066F32F1BDB528D1EA3CCDE9F35AB756921162DE22937BC7296E488C
4603803023 27331 48026 9759E10867200DCA63D4B48D82BC9EC46BCB62D9F1E11BB742C4BFD6EBB6389D
4598209852 26727 5844 2D1EDEB0623718E74702E8543C92985620F43831A71DDE4522B51371B7449D1F
4603878579 40032 46882 7C20F6CF1A09EEE4F40FE6F70B0F070213E4AE0B9599CF6348B0EAC781225457
4601475881 326 49783 7C20F6CF1A09EEE4F40FE6F70B0F070213E4AE0B9599CF6348B0EAC781225457
4603352056 4958 53365 7C20F6CF1A09EEE4F40FE6F70B0F070213E4AE0B9599CF6348B0EAC781225457
4605745863 42940 24424 7C20F6CF1A09EEE4F40FE6F70B0F070213E4AE0B9599CF6348B0EAC781225457
4597205208 359 9282 186EE081F929CA97F3AE2DAFAC7680F60D9602B3FF2D052B1FFA3D632F76574F
4600955887 13736 45250 7C20F6CF1A09EEE4F40FE6F70B0F070213E4AE0B9599CF6348B0EAC781225457
4602416345 35673 321 83F85290C54E7552EF45198FDE72F9441EDA09A794CA293EC95055053E9778B9
4603342158 21730 51255 7C20F6CF1A09EEE4F40FE6F70B0F070213E4AE0B9599CF6348B0EAC781225457
4604266605 26973 24499 6E6E460D454D2497734CA173BB9816A55C6034B560508A14BC8D564C45A2581E
4600563197 58806 64599 7C20F6CF1A09EEE4F40FE6F70B0F070213E4AE0B9599CF6348B0EAC781225457
4603103177 42577 57447 44366FF385693EC55ACB0FD61A6594EFD38CBE3CD078E5FB2EDAA0272319544A
4597268425 4995 48184 44F861EB72E3888C4F70314FD5787303507CAC29B67588A4FA287619087D64FA
4598134219 2012 43738 7C20F6CF1A09EEE4F40FE6F70B0F070213E4AE0B9599CF6348B0EAC781225457
4598935310 13398 34083 7C20F6CF1A09EEE4F40FE6F70B0F070213E4AE0B9599CF6348B0EAC781225457
4603393932 48555 1874 58471DA1B66F348425765E404A912D1EBA6FD973866877D2591E83E11D084695
4597952991 20602 38649 7C20F6CF1A09EEE4F40FE6F70B0F070213E4AE0B9599CF6348B0EAC781225457
4603730712 9502 32268 7C20F6CF1A09EEE4F40FE6F70B0F070213E4AE0B9599CF6348B0EAC781225457
4597951892 48477 43162 E88DA270492C008B08E0A073A37135CE7D36539E07D223F7FEE8552A19BA0FAB
4598449636 7934 22139 7C20F6CF1A09EEE4F40FE6F70B0F070213E4AE0B9599CF6348B0EAC781225457
4597279469 30921 26355 539688084585652B1F303C9118D80CF8327A8ACEBE386E5EE16B9AB105886D13
4603806666 55948 20591 7C20F6CF1A09EEE4F40FE6F70B0F070213E4AE0B9599CF6348B0EAC781225457
4600233975 10646 31621 7C20F6CF1A09EEE4F40FE6F70B0F070213E4AE0B9599CF6348B0EAC781225457
4599340347 36586 58513 7C20F6CF1A09EEE4F40FE6F70B0F070213E4AE0B9599CF6348B0EAC781225457
4600563977 11248 50946 7C20F6CF1A09EEE4F40FE6F70B0F070213E4AE0B9599CF6348B0EAC781225457
4602640052 36103 62861 FE9E4360EC0410911242C6A5294D2B2F2B665B6ACDD8D41F11DB7689CFAF4114
4598415120 43759 51141 0D51D21233C510A83CA9CA907E6C98F8B89A0201049D4C404738DD4D251DC009
4607954054 20122 11847 7C20F6CF1A09EEE4F40FE6F70B0F070213E4AE0B9599CF6348B0EAC781225457
4596519801 5170 32164 7C20F6CF1A09EEE4F40FE6F70B0F070213E4AE0B9599CF6348B0EAC781225457
4598611495 26065 40537 681903DEE07E70A0DE58DE2A48ADDD14870C943DF014571D5D2CD2021BAF377B
4600982774 17469 16004 3EBBA1703DEB3D836E0A3AE2C4F77DEC53CEE315C77C1FEC2B29F578023AB606
4605213937 23136 14046 7C20F6CF1A09EEE4F40FE6F70B0F070213E4AE0B9599CF6348B0EAC781225457
4605852415 22524 63509 7C20F6CF1A09EEE4F40FE6F70B0F070213E4AE0B9599CF6348B0EAC781225457
4600989119 14293 28582 07AFF70C7BAD7EEAA9B37B4E69D27BA59879B7EF2256054FDCC44187AD1680F4
4598846540 48188 37865 7C20F6CF1A09EEE4F40FE6F70B0F070213E4AE0B9599CF6348B0EAC781225457

Total of 0 tasks calculated error.
