Total of 100 tasks calculated correctly, accuracy 100.00% 
4671322841 47055 36181 1F2467DB037763BB02378DBA019F65437401DB80FD6DD80072F0B394F40B7B87
4675285103 19630 35689 7C20F6CF1A09EEE4F40FE6F70B0F070213E4AE0B9599CF6348B0EAC781225457
4677172258 8367 2156 F22FADE8F08DC37615607F9B797520797FC20811F9C0D30B4228FD20CCB8DBDA
4676524893 28575 30435 D9C3210D6298808321A950EB9CD0AB394DECCA30B26A13CB895E0C972E5AD12D
4673083197 218 17009 7C20F6CF1A09EEE4F40FE6F70B0F070213E4AE0B9599CF6348B0EAC781225457
4677405284 37469 51824 55BB04A142508F27094B98A9AB5C26ACE8D87F61707F1A4035378EAAD9D68E36
4672769145 31847 4118 DD5D3971D7A71AA0E396ABC5500D7E21C19AA1239DB8634375A67E50FA5A7355
4674023741 7778 53034 7C20F6CF1A09EEE4F40FE6F70B0F070213E4AE0B9599CF6348B0EAC781225457
4672163042 34661 25731 726011227C04096AB126892DEB717CD218D980B80F33B33435FBF4881A673FBB
4675909300 27518 1855 7C20F6CF1A09EEE4F40FE6F70B0F070213E4AE0B9599CF6348B0EAC781225457
4671947257 65246 57022 7C20F6CF1A09EEE4F40FE6F70B0F070213E4AE0B9599CF6348B0EAC781225457
4671064211 26055 59919 438071F56EF6C57FD68471F0C1CA6899008BF89E73350C92BAC1DD434B57D357
4675982352 46703 4223 6CC45AF110124B726A2074E8ABDE9392450384E2360EC7F6700BF90C7606ED91
4677550077 23016 13979 7C20F6CF1A09EEE4F40FE6F70B0F070213E4AE0B9599CF6348B0EAC781225457
4672770691 36434 26629 7C20F6CF1A09EEE4F40FE6F70B0F070213E4AE0B9599CF6348B0EAC781225457
4676092992 2130 42138 7C20F6CF1A09EEE4F40FE6F70B0F070213E4AE0B9599CF6348B0EAC781225457
4679509221 57914 13421 7C20F6CF1A09EEE4F40FE6F70B0F070213E4AE0B9599CF6348B0EAC781225457
4674439017 7901 25794 ADAB125CD7F249834FF8B7AAF67EC651013F4DC0E8027AF493CB914B6B8661AD
4676024701 39745 39803 683AD5D42CC3609389F16C98C97E64C30728187758AA3E3311DC298E7A18E18E
4670719767 1756 46914 7C20F6CF1A09EEE4F40FE6F70B0F070213E4AE0B9599CF6348B0EAC781225457
4673519949 62435 42898 0119FB63DA89802251DC162C3F456511237964850F83018BDF29F5B28DEDA481
4671704239 28813 29566 2383669711EF7C75A46E4F1D61F992230B8E5E899FC8975BB55FDDC1F5E02EED
4674542257 48135 14270 4A858A33CB4129D4BEF2772D5B234ADEA51132B306A1FA38F8172002C6ECEA89
4671810211 53273 63023 75F011DC67593ECB328F2FE8EA9D41AB6C2988B1B6FC310D04E81C5B883C3DBD
4679416418 31100 35361 7C20F6CF1A09EEE4F40FE6F70B0F070213E4AE0B9599CF6348B0EAC781225457
4673709061 27606 65026 7C20F6CF1A09EEE4F40FE6F70B0F070213E4AE0B9599CF6348B0EAC781225457
4674999473 62757 19236 81EBFFF8397E45B500536BA1B094655E554E81B225F79022015256ACE4A21370
4673335922 28321 48353 11E3A32BB35C73D5D3C776B7E0B126154443C72CF1B7D13C1EAEA9EF27B7EA10
4671692888 4124 51795 7C20F6CF1A09EEE4F40FE6F70B0F070213E4AE0B9599CF6348B0EAC781225457
4672121685 20037 53685 26F0E163099053F928603CF04509F32A3B3CEA82C0EAF9F30CE98EB805CF7620
4676681370 35673 2373 3367EBDBF95B4CD009B0F29FF82694C656B865AEC9221E25E27284BAE7E0ADA6
4679265508 58587 16986 95A32A6CDB7551DFDC5EFD717E90EE90C111A60751C2E9A950E72A1C4F2F28CB
4669848388 23324 2237 7C20F6CF1A09EEE4F40FE6F70B0F070213E4AE0B9599CF6348B0EAC781225457
4673220070 18854 56212 7C20F6CF1A09EEE4F40FE6F70B0F070213E4AE0B9599CF6348B0EAC781225457
4672133280 41774 62989 7C20F6CF1A09EEE4F40FE6F70B0F070213E4AE0B9599CF6348B0EAC781225457
4672357683 15428 18084 7C20F6CF1A09EEE4F40FE6F70B0F070213E4AE0B9599CF6348B0EAC781225457
4673200763 30993 63793 BCA738B927790FBC9FF2C62B836C7DAF9C44E4BF40110012BDF34CA05252619B
4671171211 22488 51334 7C20F6CF1A09EEE4F40FE6F70B0F070213E4AE0B9599CF6348B0EAC781225457
4676562859 29445 60249 FA5B978100AA6B22F3F0775321DBDD5B89B7BD68EDE1C8636DF2D234DA8D6B04
4679271682 54263 33565 1EF30138F11EC87C9F8368E08870F5D29BC188F6B12CD3C1FC631A389D913941
4677574732 19660 2411 7C20F6CF1A09EEE4F40FE6F70B0F070213E4AE0B9599CF6348B0EAC781225457
4675426189 17676 34606 7C20F6CF1A09EEE4F40FE6F70B0F070213E4AE0B9599CF6348B0EAC781225457
4678067335 33563 40346 5EB0D45AB42C81466AED5B6AF4891CAC6F1A32ECC46CF5C7A966F7494E873E38
4670388543 4035 31869 3216C181B246B617C1A1A16EAC504B11A380C572C22439299C1D50121E8839A9
4669104230 23659 58682 FD0AFB3705C43ADB10BCBEE47C93253D407E413666843B9AA6B114CB961F6524
4671117279 45330 44590 7C20F6CF1A09EEE4F40FE6F70B0F070213E4AE0B9599CF6348B0EAC781225457
4674155381 60752 57004 7C20F6CF1A09EEE4F40FE6F70B0F070213E4AE0B9599CF6348B0EAC781225457
4669837267 42890 37893 7C20F6CF1A09EEE4F40FE6F70B0F070213E4AE0B9599CF6348B0EAC781225457
4673274950 27115 49172 C52BE4BD081E92533DEEE73699B9D85D4278A646CE877FEA0A0D8EA46CCAB13E
4671334008 47622 58318 7C20F6CF1A09EEE4F40FE6F70B0F070213E4AE0B9599CF6348B0EAC781225457
4673621156 61292 49579 7C20F6CF1A09EEE4F40FE6F70B0F070213E4AE0B9599CF6348B0EAC781225457
4678487891 47538 30030 7C20F6CF1A09EEE4F40FE6F70B0F070213E4AE0B9599CF6348B0EAC781225457
4676802120 34317 29200 6980E670855B4A1EB9F813935E3AD25A7551F9FC848A0C846344939281418282
4671427082 10719 43298 0E9BBA21E0CDAC8FE933BAEEFFF5842FBC33DEFDF3684345A39D47867B7201A8
4680102479 7265 10685 6F6616F473EA67F26BF5F1DC1ADC0B603239B259899F034778B08287DA5067AA
4669024372 45981 62786 AA6FEF6FEF1A43379ADAB99EE6C8DE38B141DC2B03ADC490D0566D376585526F
4669695398 53337 1622 F752ED696DBC99EBFB9545A8D87849F23EBA8B22623E03A7B7609A8F9BF717E3
4672120447 26597 42698 843F93D182E59ACC4472F246A400581104A8194723AED0EB454B109C1F2C7CCD
4680028342 46454 15015 7C20F6CF1A09EEE4F40FE6F70B0F070213E4AE0B9599CF6348B0EAC781225457
4675580767 56760 24448 7C20F6CF1A09EEE4F40FE6F70B0F070213E4AE0B9599CF6348B0EAC781225457
4675126612 10910 29199 7C20F6CF1A09EEE4F40FE6F70B0F070213E4AE0B9599CF6348B0EAC781225457
4678864592 40075 53839 937A67CC19EDDFA388147EDD03CC1D19E2CF3C6D39EE7B86B19D2D53F49CD7B5
4673672040 16708 13695 7C20F6CF1A09EEE4F40FE6F70B0F070213E4AE0B9599CF6348B0EAC781225457
4669534858 60883 51379 B74873DA1832FE2C32C81384CF027BFAC7C08A30CBD1B1F65D6640789F893607
4672171567 5537 52519 6C9AB9EC2777505C50A696FCBD44ACF0D2C12D7345BAC076738084B563316244
4679470930 61756 7870 7C20F6CF1A09EEE4F40FE6F70B0F070213E4AE0B9599CF6348B0EAC781225457
4679094160 19996 29323 7C20F6CF1A09EEE4F40FE6F70B0F070213E4AE0B9599CF6348B0EAC781225457
4678125492 53913 31845 3B6D58898C9900062785A0BAE2FDB31EE9030F80B6B119B23CCACA2DD147334D
4673936256 41727 29806 0DC9EB9B9FE4C82BA6926569550D0D4E8824514187AD67C702A8B57694AA5FB8
4673404609 10231 51199 D00B043F3A10BEF48AF06F452931E71CC9C0DAA231EF36A1F93FB03DC27BCFC2
4673309087 5339 55892 D5A5745905E7B3674BBCC11C892407CEA4D39392F28B03BE474C02EF58C3AF18
4674397780 37769 822 638071CFB715D9A5085989A2EEE23301AFD52EA54C1634E5ACBE22FD651B80A8
4675654660 5309 52866 DA7A62317F3F901F7B0E64BE334D1B4994ED11F298049D50BFC33D8882B7EE0A
4677346165 62319 13293 235419059186077922A75145ECE75F29E1ACD55CC5DD0ADC3DC6FD836A625630
4676505994 8660 63499 7C20F6CF1A09EEE4F40FE6F70B0F070213E4AE0B9599CF6348B0EAC781225457
4678756040 26554 58102 7C20F6CF1A09EEE4F40FE6F70B0F070213E4AE0B9599CF6348B0EAC781225457
4679434691 18082 64300 7C20F6CF1A09EEE4F40FE6F70B0F070213E4AE0B9599CF6348B0EAC781225457
4677555394 3779 9319 6A4227BA2B6AB16BD17A82FC815795A4E32B1F9FD18D1555C43B1C81064A0CDA
4670752542 65417 30309 0C03D07F2536FC9AC25AF79BADC2A7E81B929333A4F0F5C25B9416D539EB1CDE
4674825424 14910 42056 7C20F6CF1A09EEE4F40FE6F70B0F070213E4AE0B9599CF6348B0EAC781225457
4679029872 28585 11549 714B9EA45749C401124822F20274CB911F5197C2068D16B21758C03A433D3CA5
4673749988 10699 49391 CF22A8EF91E3B752B4FA8AC955A853744D839DDB7099644DC18D6D3041B2900A
4677431088 26699 38838 FBE8120DD8F6E02809E915DBB8BF1FD17C425767674DB1829AE08C20D3325CFD
4669197177 32697 17883 7FB9F6469FA53279E8DDC2F881333D102DC5D1D41DFC4317CE32C0F53A782192
4668893499 30472 26681 7C20F6CF1A09EEE4F40FE6F70B0F070213E4AE0B9599CF6348B0EAC781225457
4669207485 27534 61142 7C20F6CF1A09EEE4F40FE6F70B0F070213E4AE0B9599CF6348B0EAC781225457
4672759898 2332 50990 7C20F6CF1A09EEE4F40FE6F70B0F070213E4AE0B9599CF6348B0EAC781225457
4671080291 59481 59938 3A52B192D2A2115B04C5A39148C5B88AF62FC35CA609936D54DF104025117C8C
4669395425 64848 49011 7C20F6CF1A09EEE4F40FE6F70B0F070213E4AE0B9599CF6348B0EAC781225457
4677865841 52095 39463 49CA9A3B0F0989767827DD45B346D2623A46301ADBCEEC794B0478BFC074621E
4675878055 65217 39220 6E185A3BDE39702EE894B5DCBB8BAE44A1DFBA1EBD6DC1923BDE1B0F12C1145E
4672230427 50285 10932 689544D3C3CC5CB1745C7551DDC5F5BBE225B64603F1A08F8BEF26F1AD2EBCB8
4668677920 55518 41999 7C20F6CF1A09EEE4F40FE6F70B0F070213E4AE0B9599CF6348B0EAC781225457
4669035803 54941 48016 098342E1683FB6F55F50D0AF8B3F27253EE41788724B29A3633D646940D25A1C
4669047714 57441 41340 0C573D524A12BEC9970BB8E62D247C834BB8CD006D0A365FAF7CC37F3AC21D82
4678499535 18780 33023 7C20F6CF1A09EEE4F40FE6F70B0F070213E4AE0B9599CF6348B0EAC781225457
4680004715 31682 59821 7C20F6CF1A09EEE4F40FE6F70B0F070213E4AE0B9599CF6348B0EAC781225457
4670181620 7213 42401 30C34F1E258BE7580FC3814005892668DCB4D0B31179B8F73869A5739B4406F2
4670792467 31448 19847 7C20F6CF1A09EEE4F40FE6F70B0F070213E4AE0B9599CF6348B0EAC781225457
4673652206 4335 19124 CDA17B7E077FCBB9E29E447E652BB73B17746CC42DB8A0706FF48D21C70B97AD

Total of 0 tasks calculated error.
