Total of 100 tasks calculated correctly, accuracy 100.00% 
4723237416 41711 10055 F4A31AB77F7CEF449BCD898BFF4FD23157C00570F149D683D445B6A3D33AE4B4
4726183723 37854 32371 7C20F6CF1A09EEE4F40FE6F70B0F070213E4AE0B9599CF6348B0EAC781225457
4716785331 36542 38255 7C20F6CF1A09EEE4F40FE6F70B0F070213E4AE0B9599CF6348B0EAC781225457
4720727452 54227 26956 5932DB9718CA6F430FB996368E93BB82A987603D1E773E8A7A8059446941B5C6
4718367633 21051 40142 D871A5678C0125A8630B17F519E850775B01BC6A7940C1911754F61BC1851A5E
4727072909 47056 29253 7C20F6CF1A09EEE4F40FE6F70B0F070213E4AE0B9599CF6348B0EAC781225457
4719138766 7460 58187 7C20F6CF1A09EEE4F40FE6F70B0F070213E4AE0B9599CF6348B0EAC781225457
4725911953 43745 53249 C2D91BF8934864FC77DAD4FD2FCF1A57B9E812F0A5CA36D795A77E929B3AD357
4717583596 53674 48524 7C20F6CF1A09EEE4F40FE6F70B0F070213E4AE0B9599CF6348B0EAC781225457
4723012325 37421 4971 CD38570CE405133E786688F3935C278BD111D7837C958DC2149CC5CEB996442B
4724252005 48503 22809 2C47A205EA182DC60141B6DCDDD33C202033A854FD1432FF6CEEA488D8324740
4722471526 15344 34482 7C20F6CF1A09EEE4F40FE6F70B0F070213E4AE0B9599CF6348B0EAC781225457
4718592789 38812 22966 7C20F6CF1A09EEE4F40FE6F70B0F070213E4AE0B9599CF6348B0EAC781225457
4717641002 42932 39809 7C20F6CF1A09EEE4F40FE6F70B0F070213E4AE0B9599CF6348B0EAC781225457
4718114461 21613 47942 76607B311844471E6AE1D313BBFEDAC1DA663FA3414FA787F574116BA7128510
4718927003 51972 20915 7C20F6CF1A09EEE4F40FE6F70B0F070213E4AE0B9599CF6348B0EAC781225457
4722292162 9769 13306 054D8A73E972FDFC75690EF68F3CA0095F22C72E3F9D6BC53D27FEDD3601A2CC
4727780420 45557 2237 3D1F22F4855157BD8D427F81CB39D6BECA23A5AB13EEC1C87F397C53D9641AE6
4719933825 50157 49037 4C58C022B0F1A21BC1B713D5D2EEAD5F6EA541533705DAA0ADD11E49ECD5B677
4725698921 42599 24476 7886A689C7FA735448FCBFB47B4677C2D2F3B3C1D28626345B63E52BCF4AC6BC
4722060726 940 10661 7C20F6CF1A09EEE4F40FE6F70B0F070213E4AE0B9599CF6348B0EAC781225457
4722183254 9499 13342 8AC9331C58B44730D99098575ABF217968107F9BF716FB78A49FCC4FC7048BFF
4722002862 28269 355 2915AF6FEFBCA00BE25485AF57653DDCCF50E4A3954BE1A636444C003D795AC8
4727414502 3094 26657 7C20F6CF1A09EEE4F40FE6F70B0F070213E4AE0B9599CF6348B0EAC781225457
4724846887 50213 17190 D3F762AE2CF6766108D9BB2AD2A77572AAA22690BBF1F44B883199587E39FC95
4720881590 55465 9686 DDD2CED178A04AB61B87FCC4414BE25D9A0EF93699BD1788CF68E55213CF30F0
4727555285 36796 6490 7C20F6CF1A09EEE4F40FE6F70B0F070213E4AE0B9599CF6348B0EAC781225457
4723173481 34611 58904 8C02096728601E4379744A00CC44E06F01DC928544EE34A3C789A2B8124ED9D7
4723102463 43020 58822 7C20F6CF1A09EEE4F40FE6F70B0F070213E4AE0B9599CF6348B0EAC781225457
4716778929 21380 35530 7C20F6CF1A09EEE4F40FE6F70B0F070213E4AE0B9599CF6348B0EAC781225457
4725158766 6324 28456 7C20F6CF1A09EEE4F40FE6F70B0F070213E4AE0B9599CF6348B0EAC781225457
4728295209 17144 1424 7C20F6CF1A09EEE4F40FE6F70B0F070213E4AE0B9599CF6348B0EAC781225457
4720547964 14302 42646 7C20F6CF1A09EEE4F40FE6F70B0F070213E4AE0B9599CF6348B0EAC781225457
4724285602 44080 51245 7C20F6CF1A09EEE4F40FE6F70B0F070213E4AE0B9599CF6348B0EAC781225457
4722722316 31031 23116 7DD02D2299EEBD8EE584A11DD2EB6C84F790A83BF4DA83C6E3142D52361D1D73
4718418960 59744 10684 7C20F6CF1A09EEE4F40FE6F70B0F070213E4AE0B9599CF6348B0EAC781225457
4723019050 39839 17965 1BF749FFA7139BA861332252F301C83C8FE3C6BD7EA48472CC84A2371F93B100
4725980320 27341 10745 C080A25E1323ABC0AB2CF273FE5BF8B9CE29104BB986FCA06B79FE68B2BEE714
4716916145 59375 10794 09CA728529504AAC506457524CBCA7AE8BCC411940F57C7FC1BE8A7256ED22CE
4720139312 48128 21099 7C20F6CF1A09EEE4F40FE6F70B0F070213E4AE0B9599CF6348B0EAC781225457
4725419057 59931 52549 ADAA697C184978A3F0C3A8E1489A3C05D8011A74D93B2F3308CBE964F168194E
4722457002 7520 56461 7C20F6CF1A09EEE4F40FE6F70B0F070213E4AE0B9599CF6348B0EAC781225457
4717831485 59204 58902 7C20F6CF1A09EEE4F40FE6F70B0F070213E4AE0B9599CF6348B0EAC781225457
4726756114 40296 18291 7C20F6CF1A09EEE4F40FE6F70B0F070213E4AE0B9599CF6348B0EAC781225457
4727580792 30127 49464 62950F9EB579F9E6BEB37B2B4080FEB95026C5457A96DFEE04439D5763C11B55
4718046963 25551 40682 45B4FD1B6FDF239315C409C3AF4F803D93022BED751FD9CC12C4CCA0E11022F7
4720076145 51648 58090 7C20F6CF1A09EEE4F40FE6F70B0F070213E4AE0B9599CF6348B0EAC781225457
4727938739 16044 26257 7C20F6CF1A09EEE4F40FE6F70B0F070213E4AE0B9599CF6348B0EAC781225457
4726368689 10988 1159 7C20F6CF1A09EEE4F40FE6F70B0F070213E4AE0B9599CF6348B0EAC781225457
4723846003 40942 11442 7C20F6CF1A09EEE4F40FE6F70B0F070213E4AE0B9599CF6348B0EAC781225457
4718771356 4888 18939 7C20F6CF1A09EEE4F40FE6F70B0F070213E4AE0B9599CF6348B0EAC781225457
4720125694 31238 12378 7C20F6CF1A09EEE4F40FE6F70B0F070213E4AE0B9599CF6348B0EAC781225457
4718438688 30744 58454 7C20F6CF1A09EEE4F40FE6F70B0F070213E4AE0B9599CF6348B0EAC781225457
4726048041 36692 2363 7C20F6CF1A09EEE4F40FE6F70B0F070213E4AE0B9599CF6348B0EAC781225457
4724531438 29175 12931 9F84591A13EA852B2DA52621DB0121F999311407D82976B8B77DF518AC63BCB3
4722207739 16704 55898 7C20F6CF1A09EEE4F40FE6F70B0F070213E4AE0B9599CF6348B0EAC781225457
4717128606 8693 51295 6E9FB54A84B5E36BC68B2F6DE0C04099CCBC2EBFF9111E0C20A0E5F8A9BDCBF0
4719868447 10962 15570 7C20F6CF1A09EEE4F40FE6F70B0F070213E4AE0B9599CF6348B0EAC781225457
4721392684 38508 12755 7C20F6CF1A09EEE4F40FE6F70B0F070213E4AE0B9599CF6348B0EAC781225457
4727440881 51716 10685 7C20F6CF1A09EEE4F40FE6F70B0F070213E4AE0B9599CF6348B0EAC781225457
4728030984 51835 17444 6D802EAD6773C318BC08BDBF5C0D288C6094EDDCD11B097DF7669D42F7524F85
4723740316 34571 15081 651009732447F6B1409EAD34E7A084DAD0608E20F0963DCDEEE7AC4E633578CA
4723612593 38501 58966 957B0FE538FA9C8B73E1897EF1414D14ADFE9EDEFAD8DE4EF358ED90ECF2C36C
4724483308 19309 53610 0D0564CF0E5C6F6BCDF804770D88BC84E282F0398DAB7B85C1AAF51DC7E926B4
4727189294 53542 41454 7C20F6CF1A09EEE4F40FE6F70B0F070213E4AE0B9599CF6348B0EAC781225457
4716761294 50116 52385 7C20F6CF1A09EEE4F40FE6F70B0F070213E4AE0B9599CF6348B0EAC781225457
4726631447 7302 33744 7C20F6CF1A09EEE4F40FE6F70B0F070213E4AE0B9599CF6348B0EAC781225457
4727414800 61618 19654 7C20F6CF1A09EEE4F40FE6F70B0F070213E4AE0B9599CF6348B0EAC781225457
4727817476 54406 8591 7C20F6CF1A09EEE4F40FE6F70B0F070213E4AE0B9599CF6348B0EAC781225457
4722475007 27502 16951 7C20F6CF1A09EEE4F40FE6F70B0F070213E4AE0B9599CF6348B0EAC781225457
4719903064 39617 47656 5C2D1C5C96604F64E10C0EE0D5562E8EA0E33E755A4B2963DA183727288486DC
4719684555 15049 13729 A717FAF0824085600444E35DFF6CE973195100571C49A31C9603C027C05EAEFF
4728338146 26695 57793 F4252392446F069252D0C8D898EDEA890D39F039E116BFCB3DA45254F437F93F
4724377748 52210 8383 7C20F6CF1A09EEE4F40FE6F70B0F070213E4AE0B9599CF6348B0EAC781225457
4727399674 8721 50589 00D40BAEC96E09FA4A34DA6A62BA29C07E11C1BA17BD92F1CDDD563173D73628
4722425771 22922 65388 7C20F6CF1A09EEE4F40FE6F70B0F070213E4AE0B9599CF6348B0EAC781225457
4724321586 15882 35518 7C20F6CF1A09EEE4F40FE6F70B0F070213E4AE0B9599CF6348B0EAC781225457
4727303030 28015 55666 7494BE201530A57DB98E34638253C40D5138CC1803D71868F91CEB3F83D1DC0F
4718571072 53257 1747 A42E4D3D665F7E74DAF4050732920791C6A39826B5E7E2DBDAD00B749C89FB24
4727299863 6798 29157 7C20F6CF1A09EEE4F40FE6F70B0F070213E4AE0B9599CF6348B0EAC781225457
4726513470 12918 21448 7C20F6CF1A09EEE4F40FE6F70B0F070213E4AE0B9599CF6348B0EAC781225457
4723638333 31192 47954 7C20F6CF1A09EEE4F40FE6F70B0F070213E4AE0B9599CF6348B0EAC781225457
4717146621 29202 34391 7C20F6CF1A09EEE4F40FE6F70B0F070213E4AE0B9599CF6348B0EAC781225457
4722503185 47043 12165 475E45A24A544876BD846BF9E57B1D3A750247B0CF73722B9E54774384969EE4
4718863653 61515 23102 9E91D77B02F8420C2E814FF2EF9B84F3FB327060894BAB7ABEEB2C65C34C0E8A
4717123695 8971 27221 27016EDF73584D58B5087919D5671D840E5A80143C8B5C02A5F57B6827FF4491
4717094884 32400 44749 7C20F6CF1A09EEE4F40FE6F70B0F070213E4AE0B9599CF6348B0EAC781225457
4727876656 33633 15348 30B425D1A79733EDDE045EBC516403BBA74793E363DBC42B8703BAF4174F1A64
4722888839 48941 54902 A53307B2FBF8E3B537C9F01A8B99D69D0605945676A19B1A36639E3DD71F3DB3
4717254099 3998 31863 7C20F6CF1A09EEE4F40FE6F70B0F070213E4AE0B9599CF6348B0EAC781225457
4724476283 33010 26185 7C20F6CF1A09EEE4F40FE6F70B0F070213E4AE0B9599CF6348B0EAC781225457
4722864628 31241 43491 159DA4BC027951208CFCA4C3F7FF81217C2DE0032D36A2F6D135CF2EFCFD6B58
4723667325 43993 32857 3FF246451DC15F093F9756B9B5B2B6BF73959191E30A4089D512A04008A53294
4721318069 33921 34320 454F4C69FDA842308947A7F38B86A857F2A7A0EB50059BE73BA04C0C9449F7D1
4720302661 34799 59502 18FDFC0D3D76B0957BA3756EA3E6973AE2200760D4014AA81FA7E89A8B0E944A
4725672221 47446 48092 7C20F6CF1A09EEE4F40FE6F70B0F070213E4AE0B9599CF6348B0EAC781225457
4720564106 3563 48509 3BA4756BD9370F271FD45AD1B7265D61C3620A5579C4147E3FBF0983CB47EA47
4722902389 27881 35212 E4560D2308255F4EF9C883EC3220DF5A46C6D46B26BBEE2D68073DDF379E40D6
4723689581 10454 39245 7C20F6CF1A09EEE4F40FE6F70B0F070213E4AE0B9599CF6348B0EAC781225457
4725302015 53660 48403 7C20F6CF1A09EEE4F40FE6F70B0F070213E4AE0B9599CF6348B0EAC781225457

Total of 0 tasks calculated error.
