Total of 100 tasks calculated correctly, accuracy 100.00% 
4753492118 55581 57746 41B391CC52D90A3A142C6F05C3F9D59DB901ABEBDACA59114473A8574A01D8A5
4760428089 31665 4909 692F4D45D863450E7D29B9F7038BE7A864F82ED480D875B742B06C67D16625D6
4754371429 18280 45514 7C20F6CF1A09EEE4F40FE6F70B0F070213E4AE0B9599CF6348B0EAC781225457
4762748931 46984 36459 7C20F6CF1A09EEE4F40FE6F70B0F070213E4AE0B9599CF6348B0EAC781225457
4760429494 32965 37952 1C23794FF6DDBCACDE48F9D4CCDDE6A95E1979F58D8D1A05453D91FAD2E114E0
4752933926 26892 24381 7C20F6CF1A09EEE4F40FE6F70B0F070213E4AE0B9599CF6348B0EAC781225457
4758336840 9196 34861 7C20F6CF1A09EEE4F40FE6F70B0F070213E4AE0B9599CF6348B0EAC781225457
4760582201 17293 3592 A62A38E2167D5B746672EF68A71C5F47043AA803130059AEA95EA5A2EBB31317
4761607726 62394 20712 7C20F6CF1A09EEE4F40FE6F70B0F070213E4AE0B9599CF6348B0EAC781225457
4758941157 20752 42544 7C20F6CF1A09EEE4F40FE6F70B0F070213E4AE0B9599CF6348B0EAC781225457
4763091720 42583 65158 83C186DDC8D7242234581DD502BF6AF3B88C4582A8C58754A28DCE5B6945A2CA
4759297593 47774 28974 7C20F6CF1A09EEE4F40FE6F70B0F070213E4AE0B9599CF6348B0EAC781225457
4753825309 60311 29145 934C0A70992EF5979C9AC09387B0F63AA7F5C756B42AAD87E348A95EDB834EC0
4756768271 40777 3170 0374DBB8EFD427766BB82DBF0D19B9F2418C6BDF844AF84F51E5D668E1DEC46F
4758099920 22055 5559 D108415FCB4F204E1F7191D216C0151BD5464F3971EAB63A8CA38C40F3B1DD3C
4756632486 39768 56081 7C20F6CF1A09EEE4F40FE6F70B0F070213E4AE0B9599CF6348B0EAC781225457
4755711368 4613 52121 713E5C2458E5A00C72A89B48C4B79B4316DC8159D8E3CBDE0941D6561FA1D628
4754125689 49092 27162 7C20F6CF1A09EEE4F40FE6F70B0F070213E4AE0B9599CF6348B0EAC781225457
4763600966 21808 10504 7C20F6CF1A09EEE4F40FE6F70B0F070213E4AE0B9599CF6348B0EAC781225457
4760634708 51007 32538 C006B20B48C588F0CA7420FE0F9D390748CD7D5635716E364C20BDFA2A9DDA5F
4755120628 22694 9065 7C20F6CF1A09EEE4F40FE6F70B0F070213E4AE0B9599CF6348B0EAC781225457
4764129007 57120 42601 7C20F6CF1A09EEE4F40FE6F70B0F070213E4AE0B9599CF6348B0EAC781225457
4757420738 23591 6892 6A5FFF6A073AF9BD36C3B80317166CD1A156518ACE7EE7E9F274099FA6D24A53
4762714687 56737 52086 EE3C54BD005F25B9BF556D850E63B9B9AB0F4D525883D270C6B068F988F84A7D
4756627596 45558 46973 7C20F6CF1A09EEE4F40FE6F70B0F070213E4AE0B9599CF6348B0EAC781225457
4753287046 22861 57309 B86A5298B3FF140DFF51ED00106C34D04C211B1700BC7A2A94FA44CBFB39B024
4761830293 33858 58527 7C20F6CF1A09EEE4F40FE6F70B0F070213E4AE0B9599CF6348B0EAC781225457
4754407897 15458 2015 7C20F6CF1A09EEE4F40FE6F70B0F070213E4AE0B9599CF6348B0EAC781225457
4758582477 60920 6528 7C20F6CF1A09EEE4F40FE6F70B0F070213E4AE0B9599CF6348B0EAC781225457
4757026794 15811 39268 8E0B407A324811712E40A200A22374E6BB06F32ABAD622C537FAA0427E8523D6
4760280268 8650 58340 7C20F6CF1A09EEE4F40FE6F70B0F070213E4AE0B9599CF6348B0EAC781225457
4762368130 37626 62831 7C20F6CF1A09EEE4F40FE6F70B0F070213E4AE0B9599CF6348B0EAC781225457
4762096486 17991 33437 2D9940FBC90B8DA0F59CD789E982442CAA79163C27AA172F689C071883B57F63
4762374892 9717 29683 F4D0A54DA2B63A71DA7F2A58C5FF07A85F6739FA6E533EE073EC8DF45784BB4B
4761649142 57471 40131 E067010D1553E9F1C1FD4AF8060E7D25BE213591BA456D8BAEC8FDD99F4C888A
4761857858 1622 6501 7C20F6CF1A09EEE4F40FE6F70B0F070213E4AE0B9599CF6348B0EAC781225457
4754265864 48968 41816 7C20F6CF1A09EEE4F40FE6F70B0F070213E4AE0B9599CF6348B0EAC781225457
4754732864 12832 62374 7C20F6CF1A09EEE4F40FE6F70B0F070213E4AE0B9599CF6348B0EAC781225457
4760960697 43045 63262 49261306C63214BEEBE07C9931F6655436614E54A0974E76FCD9E73F01EA025F
4757277962 32532 16776 7C20F6CF1A09EEE4F40FE6F70B0F070213E4AE0B9599CF6348B0EAC781225457
4757890976 32341 37181 183798EDEDC91402FD402D66CA862A2B10F619A78C3888D699A2B052DE628012
4757936646 44745 61514 DC0D403852FEDA11D8454F417EB845A96161871C1E5194CD825659F8B4BB96F9
4760745301 10237 13153 2C2C3C4224AB808BB731310075BD4287551C7158BFD72E0BE92D52DD4BFDFDBB
4753038925 46152 2115 7C20F6CF1A09EEE4F40FE6F70B0F070213E4AE0B9599CF6348B0EAC781225457
4754447635 15481 65415 C87AC90C0FC65283240658175CD5166CDC6A5135AA07C4A9CDB84D7DD66C9542
4762996359 10020 43392 7C20F6CF1A09EEE4F40FE6F70B0F070213E4AE0B9599CF6348B0EAC781225457
4761108625 914 36694 7C20F6CF1A09EEE4F40FE6F70B0F070213E4AE0B9599CF6348B0EAC781225457
4753770107 34513 13159 7519816837DA4067B41ACABE9AC0CCB5B33E18DCEF01733667BF70ADB4AF8F1E
4753235930 5176 27375 7C20F6CF1A09EEE4F40FE6F70B0F070213E4AE0B9599CF6348B0EAC781225457
4763292767 35971 45887 3B804A589E6C0B00B1218C5E502323C7809C96E31CD9198E50F2AA4AFEA967F1
4758053923 13945 40970 F68FB305680A290BA96A59736520C70787A1B6245D01A0025F86E224A9BCFAE2
4760887924 33184 35259 7C20F6CF1A09EEE4F40FE6F70B0F070213E4AE0B9599CF6348B0EAC781225457
4761686412 63921 14118 FC844F0BB03A7552D0C023B0265EB6F4FC8B978678F88C1A81A8F33E35318FB5
4754891730 26671 35115 7442DFFDB0E516FC02839C95249A7400758FDB0115ED97F343FBEDCB2864A4BF
4762328657 36653 39130 5D9F6EF9ECD9757DB2BF7908B21C4D534DE1FA45655400554B1C58994C8D4325
4762708259 14431 57384 C4B9D62D360FC5BC4A9A7E7F99C4710F90A6D9784B9FAB3DD34335397E4A00CA
4757906147 15099 39475 2909EA74E9A749A32A82A47B29FAAE1C77C5FFFBC33D30FBD6EAA99A4B52A29A
4753526919 5645 29465 36DC5AADF4A52DAA6B0295DBD83EFDA8CF1C30AD8185F3CEABCDEF3C6BDB47C3
4753791954 51927 27436 0831216D63383C8AE07FD5F38FC0A1FDF72B2E98AE3F90F5DB482EB730C575B1
4761180517 63424 1405 7C20F6CF1A09EEE4F40FE6F70B0F070213E4AE0B9599CF6348B0EAC781225457
4757582342 51291 30529 257FF387414E84D574899EE1EC7D3516E7E2FE31CECF923463ED8E4C6AE86618
4763169954 17301 55414 E497BC2900D477B5783DF23D6A080EF0B0E3AA259075C64BF57EBAC6404BBEB0
4757934202 54498 27579 7C20F6CF1A09EEE4F40FE6F70B0F070213E4AE0B9599CF6348B0EAC781225457
4758713533 45467 45439 E6F61EF4DD2C40D6A8D58B42C8A49329820618CCC884C1F75FB83A8C3243FE5F
4761085906 58185 2591 18D77819108D37D72C54A7560FC2312BDE67433B32D325DE42113A25A1A4285B
4756270776 19989 32154 05D94C588F01D2E85BC9432B533E2E604A31C2BBB3AF50B6600670A90FECB43A
4763332809 52920 3741 7C20F6CF1A09EEE4F40FE6F70B0F070213E4AE0B9599CF6348B0EAC781225457
4752950948 24131 43644 411B56F0A34966FE522FB963ADB5EB19EF3D416933F72F4138863784325041FD
4760167178 28914 20319 7C20F6CF1A09EEE4F40FE6F70B0F070213E4AE0B9599CF6348B0EAC781225457
4760282042 1798 43469 7C20F6CF1A09EEE4F40FE6F70B0F070213E4AE0B9599CF6348B0EAC781225457
4762805347 60014 12464 7C20F6CF1A09EEE4F40FE6F70B0F070213E4AE0B9599CF6348B0EAC781225457
4760801990 54656 15838 7C20F6CF1A09EEE4F40FE6F70B0F070213E4AE0B9599CF6348B0EAC781225457
4762743408 20537 8669 98009165B451C4786769ED0D1C4334FA21BCDB4E81A410EBF9850D6BECB7D41F
4757035840 47029 55891 B6FBD9E9E12E3AAF51C2B915CA91C0E687CDFEF59AC46E175A726278337F37BD
4753008258 40264 38665 7C20F6CF1A09EEE4F40FE6F70B0F070213E4AE0B9599CF6348B0EAC781225457
4763583670 57194 23644 7C20F6CF1A09EEE4F40FE6F70B0F070213E4AE0B9599CF6348B0EAC781225457
4762426605 16411 54175 34E1F3A000C814E6D881F412B1104FD13A64CEE90443CB64C0BC3E2110FE7A77
4761431322 36748 46216 7C20F6CF1A09EEE4F40FE6F70B0F070213E4AE0B9599CF6348B0EAC781225457
4764198114 5451 18092 9F733D6BE816F0B42EFA15D79F43C74A1F80C17AEC402F4E066ABE0AF7D7C480
4759257395 26596 48733 7C20F6CF1A09EEE4F40FE6F70B0F070213E4AE0B9599CF6348B0EAC781225457
4760106718 54014 37133 7C20F6CF1A09EEE4F40FE6F70B0F070213E4AE0B9599CF6348B0EAC781225457
4760206338 57968 38032 7C20F6CF1A09EEE4F40FE6F70B0F070213E4AE0B9599CF6348B0EAC781225457
4758781621 39988 14163 7C20F6CF1A09EEE4F40FE6F70B0F070213E4AE0B9599CF6348B0EAC781225457
4760691101 48278 1774 7C20F6CF1A09EEE4F40FE6F70B0F070213E4AE0B9599CF6348B0EAC781225457
4762157609 3489 57089 C475BB6C52CBC00395B195BC0BA0EC0D8BB2C9E507EC87383E73F8BFCDC69190
4753042915 49616 17362 7C20F6CF1A09EEE4F40FE6F70B0F070213E4AE0B9599CF6348B0EAC781225457
4760107081 37473 64738 BF06C788C132EC2EC58BB37983323E9CE0956AFAF66973EC9B1F69B2B349CC5C
4762601197 56971 47358 DF112B9DB41CAA6A3F92A7BF75422ED5D356F7974A2921E67DE619CEC79F40E6
4763867825 5061 59504 CB15659D25CD2DD40180A0FEB001DA5B10EB926686639EAE58520CA75A8E11EE
4756266671 13830 8073 7C20F6CF1A09EEE4F40FE6F70B0F070213E4AE0B9599CF6348B0EAC781225457
4761640135 43000 65388 7C20F6CF1A09EEE4F40FE6F70B0F070213E4AE0B9599CF6348B0EAC781225457
4759769879 6762 40624 7C20F6CF1A09EEE4F40FE6F70B0F070213E4AE0B9599CF6348B0EAC781225457
4760612154 11429 28707 2A46941DBF8FC1DF74C77128197B2D6572DDD1C7CBE56602A747D640997E840C
4758232044 51459 19624 3F199D1FE4C2FF43ED62F9BA389DA79D164D4730BABB77F356B7DFC378782A31
4763351499 34566 12675 7C20F6CF1A09EEE4F40FE6F70B0F070213E4AE0B9599CF6348B0EAC781225457
4753196178 1997 11768 282406C85C20417D4FC51403DDA82A5ADD531012279734A7DD3EAB9C6DB877D8
4755955732 12712 42509 7C20F6CF1A09EEE4F40FE6F70B0F070213E4AE0B9599CF6348B0EAC781225457
4763392648 42169 1125 B6975B3C9BDAFA5C085EF48C6AD825395D500915D4FE51BC70C2006EA74FBC26
4761473973 58597 15369 3CE3E6EAE4F301CCD45A9DD2567152B6B72015A33E6F0C6B928E69B16E7C85D8
4757730207 55962 28559 7C20F6CF1A09EEE4F40FE6F70B0F070213E4AE0B9599CF6348B0EAC781225457

Total of 0 tasks calculated error.
