Total of 100 tasks calculated correctly, accuracy 100.00% 
4795338906 58497 6666 1078F06E27236A00089214B5DE3BB67E412FB24CED6B9C41CD20A501A36B4CA1
4798215447 37621 2638 4467994808F28C70C95D605C8FC558A1EA154FB835CE3B595DFD9AB6D4B6D07C
4793716136 3095 7500 8FE2F739C4EA810846B79DBE6BE78A13CEDB51AB8C783AD978ACA162A627F6B8
4796593845 56984 36798 7C20F6CF1A09EEE4F40FE6F70B0F070213E4AE0B9599CF6348B0EAC781225457
4795502632 45169 9331 F5B4AF49E9A58350BF48293888945A727FCEF8286BBB614C75A18C5ED00EB16A
4798446687 57452 18440 7C20F6CF1A09EEE4F40FE6F70B0F070213E4AE0B9599CF6348B0EAC781225457
4790975613 6717 56789 026100393CA53C464C89C3CE66E0949C1EB005395809B689766950D97D8798B9
4792510787 29564 16483 7C20F6CF1A09EEE4F40FE6F70B0F070213E4AE0B9599CF6348B0EAC781225457
4796156071 55311 32083 39B8CFAB8685AB3B2AC741A833B8C5BC8B28A288A78E3223AAB3413860CA356A
4797222692 30408 57973 7C20F6CF1A09EEE4F40FE6F70B0F070213E4AE0B9599CF6348B0EAC781225457
4790798433 42717 50629 EDE6D580AE7F413C059D0AEDD4D96FE1AAF05DEA67807CBDA17373D493680DD2
4788956227 53426 9052 7C20F6CF1A09EEE4F40FE6F70B0F070213E4AE0B9599CF6348B0EAC781225457
4794947091 48022 33211 7C20F6CF1A09EEE4F40FE6F70B0F070213E4AE0B9599CF6348B0EAC781225457
4791808319 8785 37076 50D43979C513A905835A935AF82EB64F22767788B55B6B59C13E10F37AEE9C02
4798485747 20737 54829 0C58071FDE44B52FB1B5DD01A842723F5B5B48E2B07C1D7C2227D9F0AF2FB00A
4791501579 49199 51095 365513183B2E3E47759F41722D6342F566E769517728569E51B42357C41EF400
4789763170 55901 39173 F708793DC281A074DB6D1A33F2DB2A654F2C353EE650A20DF6DED0A2BC94F318
4792126131 47614 18329 7C20F6CF1A09EEE4F40FE6F70B0F070213E4AE0B9599CF6348B0EAC781225457
4791788601 4640 19930 7C20F6CF1A09EEE4F40FE6F70B0F070213E4AE0B9599CF6348B0EAC781225457
4791084387 3518 26310 7C20F6CF1A09EEE4F40FE6F70B0F070213E4AE0B9599CF6348B0EAC781225457
4795193479 10036 35937 7C20F6CF1A09EEE4F40FE6F70B0F070213E4AE0B9599CF6348B0EAC781225457
4791025018 41527 22846 01977E62F7B0F19BF994B06CA0EB02A2B1B2FDFE7E86790FC52AE960631E7539
4789725145 28814 54458 7C20F6CF1A09EEE4F40FE6F70B0F070213E4AE0B9599CF6348B0EAC781225457
4795561587 10192 35930 7C20F6CF1A09EEE4F40FE6F70B0F070213E4AE0B9599CF6348B0EAC781225457
4793401148 61588 37069 7C20F6CF1A09EEE4F40FE6F70B0F070213E4AE0B9599CF6348B0EAC781225457
4793837738 63594 10167 7C20F6CF1A09EEE4F40FE6F70B0F070213E4AE0B9599CF6348B0EAC781225457
4796159413 48485 1941 39BD991FBE0B8D404BDA356B692A9F78C711C890AB9D237E7B08184602973D33
4791372072 32769 10604 53983FA9F6A1D7BB89EDCA07760F34BF984A0274B1778389E8B0DF4839D71E1C
4794440170 5664 17041 7C20F6CF1A09EEE4F40FE6F70B0F070213E4AE0B9599CF6348B0EAC781225457
4792861802 11865 5629 A9DBE0E5347B8B145DFA990340EDFB3BD3808D8DE37EA72B908168B157980420
4790294080 23860 25142 7C20F6CF1A09EEE4F40FE6F70B0F070213E4AE0B9599CF6348B0EAC781225457
4799903831 3721 47927 7BB36B5489CAA716B7A4043FE30998C421B3719D76345A458DAB5D9700B35A4E
4793779353 30890 55050 7C20F6CF1A09EEE4F40FE6F70B0F070213E4AE0B9599CF6348B0EAC781225457
4796316239 12569 22830 AB5597CFA105E527FE598425997AF79A8F0F5343B4E06055DA45AE04ACD6D470
4793826959 3977 52601 36A25F3E7089D84A0256B9E9A8698311D91FD2784C8BD39AE8CB5FF6E87CD33B
4790374417 40033 15399 81D3F5AFCF7E5618E120FD916CF57D94341BBFC4B98167E60EF9F4E9FB43BA66
4792616488 43011 41533 B236BD027C9607F1C492CB86E1F0DC1A97B73E767B8AA3A717F70D3298ACB337
4790693408 46873 55363 03B390D4314DCECCEAF3245F5E4E11C26A95704AAF393E900D945A356BD583C6
4794396492 27995 45653 AD51C2E8C534D2C35731FBDA0130033C39687C827D2DAFC0279F73D5DD16EEB1
4795198907 2138 30465 7C20F6CF1A09EEE4F40FE6F70B0F070213E4AE0B9599CF6348B0EAC781225457
4789841206 34094 11334 7C20F6CF1A09EEE4F40FE6F70B0F070213E4AE0B9599CF6348B0EAC781225457
4795613928 28367 54085 85D7A33B277F325AB5A6628AD324B42F1067CC0C69AD74C18F1E4F7B0F4C1CA1
4791224617 13064 676 7C20F6CF1A09EEE4F40FE6F70B0F070213E4AE0B9599CF6348B0EAC781225457
4788943538 50539 25885 87EB702A90F825788B6A0E59FA1FF5883EC31CFDC3CEF1F7B4B4B896C7F6443C
4790938172 58838 46718 7C20F6CF1A09EEE4F40FE6F70B0F070213E4AE0B9599CF6348B0EAC781225457
4799707443 42700 51291 7C20F6CF1A09EEE4F40FE6F70B0F070213E4AE0B9599CF6348B0EAC781225457
4789236175 704 35095 7C20F6CF1A09EEE4F40FE6F70B0F070213E4AE0B9599CF6348B0EAC781225457
4796197367 44609 49229 12673566221172BA40ECEB70F3ED3B9A946AA14887A6967669F13A31DD213DCF
4789169554 57273 64915 0DBBF96DAB05EDF050E0EAE80EA4125B099FEAE353D56962F330A99D6C08496C
4794085558 44569 48059 60409301D4D6484EEAE5FD324B89CD9C129BB7350CBC2D73FB00A7B2079DBD1A
4797724940 34280 16800 7C20F6CF1A09EEE4F40FE6F70B0F070213E4AE0B9599CF6348B0EAC781225457
4790619288 29917 8423 B8F72779E4A593CBCF797B4F394F41CF6E002AA2D68ECC2F70BD9725ABF92C6A
4795432418 40015 1377 375C0BB9D90680F8085DFC6A6B76A2420E66809AEF9B58856CC6C8DE94C78D14
4794518083 38038 11123 7C20F6CF1A09EEE4F40FE6F70B0F070213E4AE0B9599CF6348B0EAC781225457
4793325720 55645 53788 38FF6E91B3948AB592C1F491346442A8D1A04EB9DEA8A4D2D90846FB66F33874
4789105330 16122 43739 7C20F6CF1A09EEE4F40FE6F70B0F070213E4AE0B9599CF6348B0EAC781225457
4789200662 65002 35550 7C20F6CF1A09EEE4F40FE6F70B0F070213E4AE0B9599CF6348B0EAC781225457
4797696940 23077 41670 739FCA1097F4C428163B676993FB2C91F095C7A5D37BE551D1C4ECE0CEB0DF52
4797915745 56603 57415 DD6699FF5886005392053DFCA62AE68A8493D781F6C7F924FAF70B2E0C01B3F4
4794680598 15892 62796 7C20F6CF1A09EEE4F40FE6F70B0F070213E4AE0B9599CF6348B0EAC781225457
4797878486 59036 10785 7C20F6CF1A09EEE4F40FE6F70B0F070213E4AE0B9599CF6348B0EAC781225457
4790447526 10620 6400 7C20F6CF1A09EEE4F40FE6F70B0F070213E4AE0B9599CF6348B0EAC781225457
4796656056 65071 16582 1401CFEF13FBDCFF65D256EF1D4BA8EB1DAEFF576B02F0789D578744ADDB10F4
4796984443 64949 49657 39680C88BB6D4860CF4619C1B6D07391E205B12D5894C4E095348E1B35F4BBD3
4792443839 41673 47317 AB701568688F322BE5310A17050E4CC7E243EA239ED5E21843DA66C9C5F61994
4788824884 35127 17259 71E6BCB8A6AD12C5895753EB0B12725FE77781FC7C9112E0C94C2A0B4C4C396C
4790530562 42344 11990 7C20F6CF1A09EEE4F40FE6F70B0F070213E4AE0B9599CF6348B0EAC781225457
4796758223 63013 45343 9A36DAF49381AA2AC4A388DC87247D738954410D86D604E5F5FC0C44B7E2960C
4797382979 47149 57699 417070AC07350652D22C355F7E1E2025A89C7ACFBF9FB1F6FB9732F9807C753A
4795772284 45433 62289 6F708EE623BFB9BA2E047AF064CFDB1B37BBE1894AC169DF4DC19960C031DD69
4789187988 44536 26710 7C20F6CF1A09EEE4F40FE6F70B0F070213E4AE0B9599CF6348B0EAC781225457
4794655137 53335 36206 FEFCC47B16464614CE80E51451D1E4DBCDDBE08C91A18A4D2BF46D7A2FD7934B
4799370601 17997 13686 78733C43FCB09779CC8EDA1A54E2C468DC029989F84698FBCCE0528674C32841
4795731181 51596 11100 7C20F6CF1A09EEE4F40FE6F70B0F070213E4AE0B9599CF6348B0EAC781225457
4793605561 18341 46823 0536AB5E81B67AF7485AAD3E555A45CCE5629B8C286A46BA782266B24C89D89D
4797032309 13994 48394 7C20F6CF1A09EEE4F40FE6F70B0F070213E4AE0B9599CF6348B0EAC781225457
4795881677 65530 65262 7C20F6CF1A09EEE4F40FE6F70B0F070213E4AE0B9599CF6348B0EAC781225457
4792180985 45520 54589 7C20F6CF1A09EEE4F40FE6F70B0F070213E4AE0B9599CF6348B0EAC781225457
4795260487 51891 30652 6D126EAB2C612FBA81664454367DBD04E1B7D05F3821A6F729B24C99BAE49155
4790346268 38853 26697 DF098A5F8820D80A81BBD6D543110E2EBBD2F3CCE037D60F9A508F8CCE867E8E
4800077321 1565 30659 627ACFEEC5574F7A9B778E41C2C34E405BA702792B693FEA1EDEBA1311F23E65
4795144945 63675 31985 489B101D2720231C7FF6BCB2AC70520443006F650A20BDD038642B80DC960A24
4795574563 56738 45749 7C20F6CF1A09EEE4F40FE6F70B0F070213E4AE0B9599CF6348B0EAC781225457
4793854908 61021 29039 ECE8B8B86CD03B8CD33FB8B38D7875FBACEB4A813BD29FCAF23B94BAA1280C6A
4796992799 24579 45104 EE663B885E7C686164F31EC39EB87765C82240EEF9DCFD5DA774E570056C07D7
4796648606 40582 47082 7C20F6CF1A09EEE4F40FE6F70B0F070213E4AE0B9599CF6348B0EAC781225457
4793505683 3507 11834 1469C3E58AC5BB27387E6A0C30CDC03AE6D369E2B5D4DBC7FFC8732713FCD082
4789259580 32336 51243 7C20F6CF1A09EEE4F40FE6F70B0F070213E4AE0B9599CF6348B0EAC781225457
4790766537 46247 50385 2C0DE044F4B0851DC88FB8D3B690D3011CA9C2D41F6CFF7DDE1DE82C8D3A99EF
4791678325 32296 45028 7C20F6CF1A09EEE4F40FE6F70B0F070213E4AE0B9599CF6348B0EAC781225457
4791620420 6791 57551 4DB933F6746863FCB697E7C0ACFE0167F3B3E88F52A0AA7077265E50025F4298
4790423250 15391 4735 031618A2DBBF5535AED086EA875583A73D4F108C8D7DDADDF77418E557B6A77B
4789626829 36564 36535 7C20F6CF1A09EEE4F40FE6F70B0F070213E4AE0B9599CF6348B0EAC781225457
4796326644 23369 29187 6163D500F44D07C51105D0B4A20638D6E449C252A021CDF0514935230981D4C3
4796925487 54039 43952 91E347B289E5CAFFECF6B8760EA19BFC981D2A1C932132DCB664CBD9C3150005
4796569042 3817 46785 75344A3DFA07A4C507C3B45FC63B462B4DDF36EC81F235ADC935AFB075CB401B
4791571842 17440 48584 7C20F6CF1A09EEE4F40FE6F70B0F070213E4AE0B9599CF6348B0EAC781225457
4795606503 32480 55300 7C20F6CF1A09EEE4F40FE6F70B0F070213E4AE0B9599CF6348B0EAC781225457
4791667105 26721 48896 2B601FEE3E0B619FF2C3C71DAC020219E52B3B38D831995451EB8FF105DEC2A9
4796228166 28504 7348 7C20F6CF1A09EEE4F40FE6F70B0F070213E4AE0B9599CF6348B0EAC781225457

Total of 0 tasks calculated error.
