Total of 100 tasks calculated correctly, accuracy 100.00% 
4833812948 18304 39409 7C20F6CF1A09EEE4F40FE6F70B0F070213E4AE0B9599CF6348B0EAC781225457
4831475977 17879 34428 7D31EFA7526F68EA41FF3C891ECE51D9130DC826F1C0BD3BDA1907D2EF3C09D1
4824804625 16110 48340 7C20F6CF1A09EEE4F40FE6F70B0F070213E4AE0B9599CF6348B0EAC781225457
4829441548 27176 25636 7C20F6CF1A09EEE4F40FE6F70B0F070213E4AE0B9599CF6348B0EAC781225457
4834338834 64921 8130 9DA58AC16E970F60786F4D0AC08E7406A6062ABEA525ADD66A33EBF46A4F1DE9
4828631622 41598 14295 7C20F6CF1A09EEE4F40FE6F70B0F070213E4AE0B9599CF6348B0EAC781225457
4833462858 32913 6190 72259C58A5459F6C7D55E6B8829FA61A708D7905C720A3B507565D12410D3AC9
4827501826 9381 53470 B3B5B929270BCD52F979132E6A9995B0A040C61E95FA701570FF2C846FDC4C5D
4827605394 63350 7582 7C20F6CF1A09EEE4F40FE6F70B0F070213E4AE0B9599CF6348B0EAC781225457
4834897897 18588 59250 7C20F6CF1A09EEE4F40FE6F70B0F070213E4AE0B9599CF6348B0EAC781225457
4824998053 58571 31311 CD3AFC5A5BEE9E58020CD8A26A3436B262A570F66F1DDCBD205D97B9F610AAD0
4826707312 45178 17210 7C20F6CF1A09EEE4F40FE6F70B0F070213E4AE0B9599CF6348B0EAC781225457
4835381072 22199 17474 28872715B82462BADBAB9629C3D2E92983686566B027E373014EE3D2B02019C7
4827736704 49868 31705 7C20F6CF1A09EEE4F40FE6F70B0F070213E4AE0B9599CF6348B0EAC781225457
4835726304 59166 2277 7C20F6CF1A09EEE4F40FE6F70B0F070213E4AE0B9599CF6348B0EAC781225457
4827473632 2936 29139 7C20F6CF1A09EEE4F40FE6F70B0F070213E4AE0B9599CF6348B0EAC781225457
4828890936 7402 15041 7C20F6CF1A09EEE4F40FE6F70B0F070213E4AE0B9599CF6348B0EAC781225457
4826028789 38914 16144 7C20F6CF1A09EEE4F40FE6F70B0F070213E4AE0B9599CF6348B0EAC781225457
4835132489 48584 33765 7C20F6CF1A09EEE4F40FE6F70B0F070213E4AE0B9599CF6348B0EAC781225457
4834145135 59075 41565 06E9164A4C4FB0475C4312A82B73817AA7A3E3393658A4F4CAAC439883AE43A1
4833786948 44715 39003 B951F034727B10BA6FDD3CD6C112E00F10C1CE453368CC6C3C746D08430DD910
4830435608 42184 40406 7C20F6CF1A09EEE4F40FE6F70B0F070213E4AE0B9599CF6348B0EAC781225457
4831348887 57722 37133 7C20F6CF1A09EEE4F40FE6F70B0F070213E4AE0B9599CF6348B0EAC781225457
4832541955 14810 3592 7C20F6CF1A09EEE4F40FE6F70B0F070213E4AE0B9599CF6348B0EAC781225457
4828249766 29117 5072 8D84ACDC3FB577E09D07EA97B927DB3E94BE08F96572D74B2E75DF5A2E9FB025
4835419389 42967 29261 D9DC8A0E335F139B51E5E9F66A9480F2C3D7884B220DEE24CDA0CFCFD93E6539
4831974255 22254 18074 7C20F6CF1A09EEE4F40FE6F70B0F070213E4AE0B9599CF6348B0EAC781225457
4832451382 30865 38934 014D6E1688484845391C36178E1CF7BE94D72C5F84347228EDB30ED19A0F8846
4834921550 63374 56301 7C20F6CF1A09EEE4F40FE6F70B0F070213E4AE0B9599CF6348B0EAC781225457
4833397711 40538 41135 7C20F6CF1A09EEE4F40FE6F70B0F070213E4AE0B9599CF6348B0EAC781225457
4833709270 30783 59569 2FED5072DA5B39D477C9D13B67E48C7128AA56882F8CE7372D2A2A7AF4686262
4833739794 47601 53588 4289AC1FBBC08AE12F3AD5E8B517D40CA00CA74AD6DDD65A2109ABBDBEC5034B
4825332072 22738 32861 7C20F6CF1A09EEE4F40FE6F70B0F070213E4AE0B9599CF6348B0EAC781225457
4827470128 51618 49255 7C20F6CF1A09EEE4F40FE6F70B0F070213E4AE0B9599CF6348B0EAC781225457
4830777610 47234 14041 7C20F6CF1A09EEE4F40FE6F70B0F070213E4AE0B9599CF6348B0EAC781225457
4834701697 44097 14948 B3873EFECD268653CE0C03EA0F5F49A6AC8D275900DC58BCE8035B176853AD33
4835435827 16952 61551 7C20F6CF1A09EEE4F40FE6F70B0F070213E4AE0B9599CF6348B0EAC781225457
4829585022 17117 58906 AADC0F880B0A8BEAD0B4931F61BCE5F3962BB703318F393785A628E5A18B5D11
4827658803 15369 37488 276E5D1457F6FD5670FBFE317E8A44EEA1B68CE840416B992EE9EEDF444B6F2B
4828060355 23122 46707 7C20F6CF1A09EEE4F40FE6F70B0F070213E4AE0B9599CF6348B0EAC781225457
4829998316 22176 31491 7C20F6CF1A09EEE4F40FE6F70B0F070213E4AE0B9599CF6348B0EAC781225457
4834762963 8257 38662 AF5EB189887EBB07B2CAE314934E3B1DB1E36BF288B19F8EA30BF497E610E02F
4833856857 2945 64911 6E983E5E9BD7E0A33AA764826DBF2E2A1CDB39B6F1FB594A827B8D72A952EE9E
4830739966 16337 18414 68A363DF976DB2EA460026B02AAC2A697BB74592CF9AD9DA65DC740FB156BC77
4835858028 5574 32636 7C20F6CF1A09EEE4F40FE6F70B0F070213E4AE0B9599CF6348B0EAC781225457
4831099460 37928 8401 7C20F6CF1A09EEE4F40FE6F70B0F070213E4AE0B9599CF6348B0EAC781225457
4831617122 7191 54314 7DE1CA4D9BC7CDA7D0641FCC99C9CCD8EE8641A51A539475DEBA0A1ACBDD7571
4830462601 42342 25690 7C20F6CF1A09EEE4F40FE6F70B0F070213E4AE0B9599CF6348B0EAC781225457
4826400321 27041 5535 AF845D3D84C0F028B9BA9279626ABE9E541E945CB40E360CC90F56AC0E098369
4833171075 23272 65449 7C20F6CF1A09EEE4F40FE6F70B0F070213E4AE0B9599CF6348B0EAC781225457
4832473246 50003 1382 55F8D400F360E8AD679FEB1CFC0E88B74A8FB220374C1EFB0E25B2BAADC98AD1
4829680362 58140 50682 7C20F6CF1A09EEE4F40FE6F70B0F070213E4AE0B9599CF6348B0EAC781225457
4826379742 49253 12360 076F29188658386214A5F2F5F0206C4357D24C4FD2C40ABF80D171E103B80091
4829490093 49667 60749 49A6BF5DC27049CE08A567B65FF89123EB948102AD67AEA0578F0086575A90B1
4835031727 60621 8213 C46B6C8C1FB327676142EC5BDADC1CA8989F8B62D6661E720BB226ECB4873661
4830111255 43830 38349 7C20F6CF1A09EEE4F40FE6F70B0F070213E4AE0B9599CF6348B0EAC781225457
4827379915 58586 39432 7C20F6CF1A09EEE4F40FE6F70B0F070213E4AE0B9599CF6348B0EAC781225457
4831190325 20591 58519 59DCB86499FB6122FEADB32CE940B8C5025319B055946A545F17626E5F5FD382
4832143989 7099 55629 8F2A24748110866EABC865CCE9F00C5D160750D6EC9DDA54C748CA5C04EC4427
4828000329 35642 53344 7C20F6CF1A09EEE4F40FE6F70B0F070213E4AE0B9599CF6348B0EAC781225457
4828862872 18239 24415 EA8FEDAE1C008A0C453179E344622CB646C0EFA4E24033B3840067700C143E9C
4835627224 58516 57909 7C20F6CF1A09EEE4F40FE6F70B0F070213E4AE0B9599CF6348B0EAC781225457
4829095991 9442 3925 7C20F6CF1A09EEE4F40FE6F70B0F070213E4AE0B9599CF6348B0EAC781225457
4832494010 28821 15953 0FDB6E22BD084D0ADFB9F1D5AEF28017274EC6AB1B27B0D26BE30FE094538A67
4825330423 16911 29299 2C2AF9B52522A077B46749A477406872446B0359B0E7345A4486871FF5D6306A
4833304596 62677 45330 BDE9837613748C4A311205B4A85FBEDFEE97E0BE6EED3D895F0B0BB48610D155
4828853585 59152 44291 7C20F6CF1A09EEE4F40FE6F70B0F070213E4AE0B9599CF6348B0EAC781225457
4826190505 39187 42892 5E16B6D5315DD67C5878426C4A35ED7F81E1D9EEFAABDFBD2C72262C7227F930
4825908618 30035 35096 1EB92704C9966BC090FFE9FA2D3C47A73624297B47B8AE3B2CC187E2CB2BF79C
4835269438 11518 48286 7C20F6CF1A09EEE4F40FE6F70B0F070213E4AE0B9599CF6348B0EAC781225457
4830365714 39206 1920 7C20F6CF1A09EEE4F40FE6F70B0F070213E4AE0B9599CF6348B0EAC781225457
4833857492 21385 18257 4EBC303120F6611424326DE1CB3A7D4462AE16ABAEED7FE8447947744E843368
4833351757 59377 10290 4863970D04FBB466532B9A044E100441A69356F18C38B98E3E54B374B1719FFF
4829079032 47257 43328 8BE97C1474F384C230B17A1FFAB921970A6BC0C28C4DFC0167EACC6AD5D7996F
4832277987 48740 8274 7C20F6CF1A09EEE4F40FE6F70B0F070213E4AE0B9599CF6348B0EAC781225457
4833482439 11212 19987 7C20F6CF1A09EEE4F40FE6F70B0F070213E4AE0B9599CF6348B0EAC781225457
4825271944 10359 59524 C1CF8A794F9DA06DC547BE2CAB4A6E668E83D2E433C50C9EBBFDD966D993CEDD
4835710283 31237 53742 55D54643C6020465F5034DD1F29DCA59471EAE51DE79588AF00283C2ADC06354
4829091837 57640 33945 7C20F6CF1A09EEE4F40FE6F70B0F070213E4AE0B9599CF6348B0EAC781225457
4833377613 32479 20109 750A467A9823DC592430A8C276B31BAA19384965CB6A522B28836B2AC87E6238
4835647842 57343 40281 E3D9C06718305704F46E59B6C85028B79F5926245FD0900EDB045A858DA67956
4830976306 37210 36872 7C20F6CF1A09EEE4F40FE6F70B0F070213E4AE0B9599CF6348B0EAC781225457
4833454616 37721 5035 FA95A3C5DFF4CE11E4BBDC390285576CBF13943BFBC8805FC70B6C56ABD9433A
4828629454 36305 64974 EDCEEDACED68D85DFCB1B3A4D629B105862EBAD4077A82A6E88699AB2E051C23
4832313131 36157 14135 81C454B73C14988BA6A50741ABE709AC80CB247B83BD18EA31DCDB50234592D7
4825106348 35964 61374 7C20F6CF1A09EEE4F40FE6F70B0F070213E4AE0B9599CF6348B0EAC781225457
4834349718 17458 28703 7C20F6CF1A09EEE4F40FE6F70B0F070213E4AE0B9599CF6348B0EAC781225457
4830275191 22155 33615 D021E682BCE1A8CD18D378A46030F6560E924B847BD728881EE89DD4A13547A0
4832427964 20209 58071 E8715D6555F6B7BA2DDD1799E2C334F994CC5D88720613235BFF00871A616E9C
4834293893 22360 21313 7C20F6CF1A09EEE4F40FE6F70B0F070213E4AE0B9599CF6348B0EAC781225457
4826621745 30508 35157 7C20F6CF1A09EEE4F40FE6F70B0F070213E4AE0B9599CF6348B0EAC781225457
4824792800 1747 22521 9A7429E45BEC4F0024F412043BE99839587952132FE3263A08A526C041A61C89
4833804663 42077 18598 17F204FBFC87EA2CE8CF38844DC17E6566ECAD991099B21A35A0521496F6359A
4834868107 15114 2644 7C20F6CF1A09EEE4F40FE6F70B0F070213E4AE0B9599CF6348B0EAC781225457
4834838079 28818 36944 7C20F6CF1A09EEE4F40FE6F70B0F070213E4AE0B9599CF6348B0EAC781225457
4834035202 19248 7515 7C20F6CF1A09EEE4F40FE6F70B0F070213E4AE0B9599CF6348B0EAC781225457
4830862155 54457 30955 9DA3B287DA0DB8D00E46B37BBBC7DDE5F118F59080C8F29EAA17563D79C6FF56
4827138864 16787 2050 A81B2AF80C00D0E088CD3B3BF2D7E77FA5864FB4BCEA2B98252745DCD79F61FA
4834073057 63305 56682 B5E0C954A77E878F408433C52B28F4F94AA6E7EC3482B1EB7C1A457E1D4D7730
4834338755 44974 6943 7C20F6CF1A09EEE4F40FE6F70B0F070213E4AE0B9599CF6348B0EAC781225457

Total of 0 tasks calculated error.
