Total of 100 tasks calculated correctly, accuracy 100.00% 
4866655826 52983 39897 602126DAD2C515CB69D71287DD9714956F93033C150321B3B8D187505C024FD8
4871749753 5513 38024 80EA458D1FFC9CA8D6961E58D4DC0E20A9D2253EE171A1E412C2FD6A808B21B6
4867422641 15968 11410 7C20F6CF1A09EEE4F40FE6F70B0F070213E4AE0B9599CF6348B0EAC781225457
4861101252 34862 63361 7C20F6CF1A09EEE4F40FE6F70B0F070213E4AE0B9599CF6348B0EAC781225457
4866767011 11812 36305 7C20F6CF1A09EEE4F40FE6F70B0F070213E4AE0B9599CF6348B0EAC781225457
4869664636 50072 18962 7C20F6CF1A09EEE4F40FE6F70B0F070213E4AE0B9599CF6348B0EAC781225457
4868440461 64957 15997 E67422A6026120F7BCC9EFDD51E13955A2FD924400212EE1D1B6A89379D58BA2
4868880720 29580 53648 7C20F6CF1A09EEE4F40FE6F70B0F070213E4AE0B9599CF6348B0EAC781225457
4869768148 60033 35614 8BE79C8BA4EBA747830D38602C0582A53CDA14CD0E54A030B2783CF8CBAFAC6D
4871391119 43352 32865 7C20F6CF1A09EEE4F40FE6F70B0F070213E4AE0B9599CF6348B0EAC781225457
4862226532 10694 62297 7C20F6CF1A09EEE4F40FE6F70B0F070213E4AE0B9599CF6348B0EAC781225457
4862928784 62918 22103 7C20F6CF1A09EEE4F40FE6F70B0F070213E4AE0B9599CF6348B0EAC781225457
4862633236 4026 60210 7C20F6CF1A09EEE4F40FE6F70B0F070213E4AE0B9599CF6348B0EAC781225457
4867326903 9968 36715 7C20F6CF1A09EEE4F40FE6F70B0F070213E4AE0B9599CF6348B0EAC781225457
4861149137 20871 6200 44A4C3501EBF19168B9DDA16EA871435AAE98058C747049CB2B3BF60BB2E9DD7
4865776314 62360 64898 7C20F6CF1A09EEE4F40FE6F70B0F070213E4AE0B9599CF6348B0EAC781225457
4867128894 17689 35899 F5C58DC7A4A1B761340519D1A04B4E91E5F3EC875D352248439DC482C2D34543
4867909824 57966 2505 7C20F6CF1A09EEE4F40FE6F70B0F070213E4AE0B9599CF6348B0EAC781225457
4860755728 15628 34234 7C20F6CF1A09EEE4F40FE6F70B0F070213E4AE0B9599CF6348B0EAC781225457
4863469267 56274 59567 7C20F6CF1A09EEE4F40FE6F70B0F070213E4AE0B9599CF6348B0EAC781225457
4863098643 62404 58520 7C20F6CF1A09EEE4F40FE6F70B0F070213E4AE0B9599CF6348B0EAC781225457
4866797346 6957 21831 FEC03EA780456AA6661C3ADCB5E272A4C854438722B088E80723A562925A1571
4869184196 15136 22372 7C20F6CF1A09EEE4F40FE6F70B0F070213E4AE0B9599CF6348B0EAC781225457
4872256371 63602 6556 7C20F6CF1A09EEE4F40FE6F70B0F070213E4AE0B9599CF6348B0EAC781225457
4864193540 15612 46314 7C20F6CF1A09EEE4F40FE6F70B0F070213E4AE0B9599CF6348B0EAC781225457
4861500105 44501 25540 C4DC005D6BD7A0DA570A4CF1B568FDCEFDA815EC27B55E792486FEA1872AFEEA
4867097187 60661 9486 B13D572B287ADA965BCCF3C0DAC865A626F420F28A2AA1A7DECD4DF9C187A322
4869488250 4460 42448 7C20F6CF1A09EEE4F40FE6F70B0F070213E4AE0B9599CF6348B0EAC781225457
4869787818 6215 35877 54A01A9DBCE0B398CDBED858F1D9D2F2C21056AB3952B720759EB19D4684E5B4
4862349218 12355 12844 3C0D48146FEF7AADF1858301B2D88578086FA5ABC170864E19C3BE77F591321F
4869250330 26323 60591 25E2B19AE44078C98BFFDF087DA6A6F6DD30EA906308E7A9D9FB0C2537B63772
4861726671 22245 16900 2BDE8A4D6774E42E1D45139961F396429D0C14F62DAE264525B55AF1E1623006
4861131927 18426 18885 7C20F6CF1A09EEE4F40FE6F70B0F070213E4AE0B9599CF6348B0EAC781225457
4869240478 41083 3233 CBC32AE03D5FCB0A61AFDCFE41AE758DDE99576C87A2D47B1237EEEB7F2AB874
4865910855 28181 31972 48C0F54A7D37C471E82CEFD5762803AF0687BCE6BC9E560EC27A3ACA6AE02180
4870634007 60184 4697 7C20F6CF1A09EEE4F40FE6F70B0F070213E4AE0B9599CF6348B0EAC781225457
4870157517 37910 48085 7C20F6CF1A09EEE4F40FE6F70B0F070213E4AE0B9599CF6348B0EAC781225457
4867132267 37138 39467 7C20F6CF1A09EEE4F40FE6F70B0F070213E4AE0B9599CF6348B0EAC781225457
4862938225 37896 41683 7C20F6CF1A09EEE4F40FE6F70B0F070213E4AE0B9599CF6348B0EAC781225457
4865564600 28791 13854 C78AE0AD0B1EE73CAF6FCDB3B842452B88446EE5BB5E418612130CC03D1EB34F
4865447776 27914 5297 7C20F6CF1A09EEE4F40FE6F70B0F070213E4AE0B9599CF6348B0EAC781225457
4865859243 43221 7373 543B2CA3BC4FF6D9780B25BD6AF316E01366B00EA5F8D68793F5AA3C77393FE3
4865081162 1772 31505 7C20F6CF1A09EEE4F40FE6F70B0F070213E4AE0B9599CF6348B0EAC781225457
4866744651 47419 14384 A236033514CE2F871A30C95DECBD068597523BB9AF3B8A0DCAA5B112DE704C59
4868059750 44883 18364 9AA21ED87F46AD872ED1B661ACBF3F792F4BD58823E37750EF5BBA52DDA05144
4869152905 16802 62302 7C20F6CF1A09EEE4F40FE6F70B0F070213E4AE0B9599CF6348B0EAC781225457
4868041553 30502 57124 7C20F6CF1A09EEE4F40FE6F70B0F070213E4AE0B9599CF6348B0EAC781225457
4871771566 65182 8081 7C20F6CF1A09EEE4F40FE6F70B0F070213E4AE0B9599CF6348B0EAC781225457
4869618282 58785 59880 A6AFB5F8B15F04B0C3CEBB6D622451F895E299CD18FDB66DDC331B0020E72350
4865803051 10140 50379 7C20F6CF1A09EEE4F40FE6F70B0F070213E4AE0B9599CF6348B0EAC781225457
4869570008 30658 36797 7C20F6CF1A09EEE4F40FE6F70B0F070213E4AE0B9599CF6348B0EAC781225457
4866410054 61542 47566 7C20F6CF1A09EEE4F40FE6F70B0F070213E4AE0B9599CF6348B0EAC781225457
4862679739 54952 20301 7C20F6CF1A09EEE4F40FE6F70B0F070213E4AE0B9599CF6348B0EAC781225457
4864798653 982 59196 7C20F6CF1A09EEE4F40FE6F70B0F070213E4AE0B9599CF6348B0EAC781225457
4861576413 5979 44137 B190FAC1B4EC66E780B15785BAD0177746DB3D438DB3CE66E5A5E856405625CF
4863150744 59290 30485 7C20F6CF1A09EEE4F40FE6F70B0F070213E4AE0B9599CF6348B0EAC781225457
4866538225 29254 18587 7C20F6CF1A09EEE4F40FE6F70B0F070213E4AE0B9599CF6348B0EAC781225457
4860593074 53018 1838 7C20F6CF1A09EEE4F40FE6F70B0F070213E4AE0B9599CF6348B0EAC781225457
4870520815 21442 44997 7C20F6CF1A09EEE4F40FE6F70B0F070213E4AE0B9599CF6348B0EAC781225457
4866941088 34073 36213 DE575B7EDD6AA1F18F44C190FF97A2B09A0F92B2FBF6ED39CF74ACB936525A40
4864742950 20744 8072 7C20F6CF1A09EEE4F40FE6F70B0F070213E4AE0B9599CF6348B0EAC781225457
4862324007 57337 2731 AA6BBD8870F129C595A365F651F2B949FBD4C5C9F2DEFE21A4B013EC44244D93
4865178142 21337 36118 3982457B68D359D1E9F1F0B198AA35E7074DD41E52224E736EA68C018A5E6AE8
4865357539 60908 20600 7C20F6CF1A09EEE4F40FE6F70B0F070213E4AE0B9599CF6348B0EAC781225457
4862621778 42745 58812 1DA7DDE976FC575A41B02539E8D6A9E052359752A183D09688AE6E460AE05337
4866857816 57123 53311 8EC886A54B40AFD4D0FE7CA3CD12C0E19F6652D7DFCD47E13F1D97BB56952148
4868746990 2455 41404 EE4927A0FECCBE39625BDE87E847A74C04DAC62400AC1D60A85F595B998D493A
4869496539 10199 14938 48192EECFA6EE430213036F1AE221D4F59335D33B7595EA357BA9D9F5D1E8EA9
4860913124 55058 59432 7C20F6CF1A09EEE4F40FE6F70B0F070213E4AE0B9599CF6348B0EAC781225457
4862509330 52083 5676 B1381D8474AE6D320263547F401CFE03B09DF946289FA226816BD21313926432
4862681679 51591 3262 1DEF1E1A5537BD36AA8A9802A6EA73922E76EE5B64EC25CF57553F00177799A6
4867997564 15285 63504 090DC49D072A2099CAB0E1AA889FFCD50B788CBD2F96393F42A9DD9171278AB6
4867196037 54763 5338 C0710631AB6C09A37F97E5CAE0770314BF3583C4105A5A04C664CC0CF7798CAC
4871432224 47316 27227 7C20F6CF1A09EEE4F40FE6F70B0F070213E4AE0B9599CF6348B0EAC781225457
4870119683 63902 44846 7C20F6CF1A09EEE4F40FE6F70B0F070213E4AE0B9599CF6348B0EAC781225457
4861574398 48261 26185 1803E4758D89695CA941F4527D06ECF93A383C0A86267582CCBC919544AC010F
4866259373 24415 56344 FEE5DA0952588EE98061C1C2067DA91A632BF6C91565403EE227FABA62035012
4864495639 38651 27363 99F39CA43B84F56BF8457D5CD377F1B4F29FD3B5BE889BB3E78E293CF391C754
4869853319 33260 23656 7C20F6CF1A09EEE4F40FE6F70B0F070213E4AE0B9599CF6348B0EAC781225457
4867070799 56227 25309 DF772A20246550C41BA98ED166879BC97787EF2EC4E4EDED6133084B325D4C76
4866549127 49068 13844 7C20F6CF1A09EEE4F40FE6F70B0F070213E4AE0B9599CF6348B0EAC781225457
4869140267 2268 6243 7C20F6CF1A09EEE4F40FE6F70B0F070213E4AE0B9599CF6348B0EAC781225457
4872044341 52916 36547 7C20F6CF1A09EEE4F40FE6F70B0F070213E4AE0B9599CF6348B0EAC781225457
4869944822 30922 39368 7C20F6CF1A09EEE4F40FE6F70B0F070213E4AE0B9599CF6348B0EAC781225457
4866496624 8267 32624 E2A33FC836E7757897C118A49D0CC6A8694DBEF5CF95BC4F5900A45CDE45E4D4
4861525586 39113 27341 D43A979577D9872B9B07610A50F60C9090A37104EE4F49FF89C104FB0BCE231E
4864559729 58326 40458 7C20F6CF1A09EEE4F40FE6F70B0F070213E4AE0B9599CF6348B0EAC781225457
4868875665 36217 31466 0DE4B0D370D2C7BC230D0CC77DE920996A81A43997F24349C76C1346C864B6DF
4869235023 65274 48619 7C20F6CF1A09EEE4F40FE6F70B0F070213E4AE0B9599CF6348B0EAC781225457
4866929884 10193 55756 F3FF5CA91249AF4E25D1BB6C8A9E0C17A8B316B650765B76928582704E8EA52E
4871014733 8308 57907 7C20F6CF1A09EEE4F40FE6F70B0F070213E4AE0B9599CF6348B0EAC781225457
4867262259 38022 43728 7C20F6CF1A09EEE4F40FE6F70B0F070213E4AE0B9599CF6348B0EAC781225457
4871334179 561 23739 160D1AE3ECC26CDEC7CD2C26A02FB782EE608AC90784810271A907867B2B7E88
4869928591 5809 10970 1C95C3989CB40AD369182CB267F2829763F795777086BE4634C82D30C051344D
4865736934 78 64758 7C20F6CF1A09EEE4F40FE6F70B0F070213E4AE0B9599CF6348B0EAC781225457
4870415692 28910 61242 7C20F6CF1A09EEE4F40FE6F70B0F070213E4AE0B9599CF6348B0EAC781225457
4870559274 22934 38693 7C20F6CF1A09EEE4F40FE6F70B0F070213E4AE0B9599CF6348B0EAC781225457
4871269132 64984 15555 7C20F6CF1A09EEE4F40FE6F70B0F070213E4AE0B9599CF6348B0EAC781225457
4867464534 56937 20207 6CFD06F8AC1994FD3F329648508F179086217A201FAAC8D0922008D97D83318B
4868226552 23957 14021 F5F6B56A5B67EA0871CFDCDEF9885CC8B03E48653FC6CD8B3977A91A822120E1

Total of 0 tasks calculated error.
