Total of 100 tasks calculated correctly, accuracy 100.00% 
4877513199 24601 5954 906E39D8BDFECD4C2B7E1FB05D1ADF1956FEF879D457139F12835CD038DD0AFF
4878661204 15156 34301 7C20F6CF1A09EEE4F40FE6F70B0F070213E4AE0B9599CF6348B0EAC781225457
4880338941 26794 63336 7C20F6CF1A09EEE4F40FE6F70B0F070213E4AE0B9599CF6348B0EAC781225457
4880026099 63405 6095 D3CA430AB143A8C30522983C168EBBD4DF17D1C783FBEE50441471FF55D8D364
4879399012 60376 13040 7C20F6CF1A09EEE4F40FE6F70B0F070213E4AE0B9599CF6348B0EAC781225457
4880465295 33484 19315 7C20F6CF1A09EEE4F40FE6F70B0F070213E4AE0B9599CF6348B0EAC781225457
4882273777 18298 23010 7C20F6CF1A09EEE4F40FE6F70B0F070213E4AE0B9599CF6348B0EAC781225457
4881848624 42614 26380 7C20F6CF1A09EEE4F40FE6F70B0F070213E4AE0B9599CF6348B0EAC781225457
4875898934 50095 44329 E1E8AED71B7B814A95D11DB1EA428CBC14CF301E525A8BF5F01FDDE5C9D014D0
4883402071 4555 63592 0A8AB7776254A2CC99D35A2845C213232E15DA77BD580022C2D049E9B109D87D
4876310354 26311 25551 997B468BF83E924260CDBD3E3C2A7ADB4E8CB1BD8466C164E8CFF713BC6A465D
4874670746 142 35641 7C20F6CF1A09EEE4F40FE6F70B0F070213E4AE0B9599CF6348B0EAC781225457
4880415636 55570 32341 7C20F6CF1A09EEE4F40FE6F70B0F070213E4AE0B9599CF6348B0EAC781225457
4879469380 5949 49897 042F81AA93095FD4B4B78A303BF399DE5DC2F434BA248B3A86F2E343CFCC8AA6
4883744533 44660 32964 7C20F6CF1A09EEE4F40FE6F70B0F070213E4AE0B9599CF6348B0EAC781225457
4872986139 11471 43631 AEA9228EC2307267F86F91BFBF7D2B9AE187B671EB3BF527A5CD233BD57C7205
4876514033 16606 15819 7C20F6CF1A09EEE4F40FE6F70B0F070213E4AE0B9599CF6348B0EAC781225457
4880041556 12645 41792 07F1C66D452AF716D1B4C612F97A223D556EE0F2E9A0A38406870C4A2729ECB9
4881958762 25146 28606 7C20F6CF1A09EEE4F40FE6F70B0F070213E4AE0B9599CF6348B0EAC781225457
4882970602 56480 30304 7C20F6CF1A09EEE4F40FE6F70B0F070213E4AE0B9599CF6348B0EAC781225457
4878098574 58649 56811 CE3CDA7E47DC3DF1D6F5213072AF82469FCF055E99A9FBF3E5309E3A178ACF31
4880611745 12794 34499 7C20F6CF1A09EEE4F40FE6F70B0F070213E4AE0B9599CF6348B0EAC781225457
4881008139 35029 41637 FFF51396D085CF1637103BCD4FBF97E6798AC91E7850053139F906270C6EE283
4877481489 65403 55556 01068D7D1649383F79F403E059EAC8F1C151615968ECA25593321CFD61EB1871
4874616173 20076 53901 7C20F6CF1A09EEE4F40FE6F70B0F070213E4AE0B9599CF6348B0EAC781225457
4874964224 58894 2474 7C20F6CF1A09EEE4F40FE6F70B0F070213E4AE0B9599CF6348B0EAC781225457
4876033397 34921 45124 8E8CFD7B99D68ECA0C23D7DB52D372C6E1FB3591896E49C61417908A4E621466
4876728061 14244 1956 7C20F6CF1A09EEE4F40FE6F70B0F070213E4AE0B9599CF6348B0EAC781225457
4876802836 15320 65219 7C20F6CF1A09EEE4F40FE6F70B0F070213E4AE0B9599CF6348B0EAC781225457
4876936204 3191 58179 1D12A318FC4E3363907D3C11612B5130B42CA6C44C908D7AE1E8877E0C34ED75
4873454609 37116 31885 7C20F6CF1A09EEE4F40FE6F70B0F070213E4AE0B9599CF6348B0EAC781225457
4882621977 15634 53390 7C20F6CF1A09EEE4F40FE6F70B0F070213E4AE0B9599CF6348B0EAC781225457
4880080921 17449 29597 F214DE105C3BADD2DFFEBACE860A2C0F5D4415FD5FDDF809B8F35BA5714FC489
4882871169 43847 33082 026DFACCB649EE2CEB4E0B0469923E69CAFB02AC02AAFD75254A0DC60F07BC05
4880103172 15176 11270 7C20F6CF1A09EEE4F40FE6F70B0F070213E4AE0B9599CF6348B0EAC781225457
4880453620 56864 724 7C20F6CF1A09EEE4F40FE6F70B0F070213E4AE0B9599CF6348B0EAC781225457
4879617692 35029 6001 037CE99943C9780359FDE72013717F41E83CEE33E2A8A96E0731897C58FA6B21
4874898833 58642 61807 7C20F6CF1A09EEE4F40FE6F70B0F070213E4AE0B9599CF6348B0EAC781225457
4883418241 32177 45217 FFE47BE97DEFE9436E88ECD43C668848EE22E6BB8911AEF63A1F6482DA507471
4873926062 22950 55089 7C20F6CF1A09EEE4F40FE6F70B0F070213E4AE0B9599CF6348B0EAC781225457
4876214761 41729 40620 B8238FE48C0EDFE4C4C603405E91EE049A5DB73BE34D8FE293A0C566B03A871A
4874357013 38272 6185 7C20F6CF1A09EEE4F40FE6F70B0F070213E4AE0B9599CF6348B0EAC781225457
4882569896 25548 54794 7C20F6CF1A09EEE4F40FE6F70B0F070213E4AE0B9599CF6348B0EAC781225457
4881415707 60239 30733 9EFAA5200CD47D38189BDD78CD2C73422133955CCB2014204C981F389BFEF344
4881052044 31986 32839 7C20F6CF1A09EEE4F40FE6F70B0F070213E4AE0B9599CF6348B0EAC781225457
4879305829 56567 32119 8492BEF5F8E1F4EE1E20FA32B08ECA1FA1BC69E41F46CC0B7EA41FDB2459299C
4884223729 57398 60801 7C20F6CF1A09EEE4F40FE6F70B0F070213E4AE0B9599CF6348B0EAC781225457
4873980450 63621 6018 E065EF0A0F5044FE78DCB0A97FE5F262EB4A9D02C2F486786979E5959ED17F69
4874501592 5029 20006 95C2267031D805EA5C9ED904BF8F4F6FB3F5C4E57F27419568BF023B90B4EECB
4881187210 56396 7585 7C20F6CF1A09EEE4F40FE6F70B0F070213E4AE0B9599CF6348B0EAC781225457
4882867022 60565 7918 6EA0B39DC9AF7845E26EBB924C50512C17CED065F21FC2C43CD9B47E5139B0BF
4872828685 23871 40578 B12E8728F030B7D6581BDA761D707D2CB0F0D650B6D4C12C1D9A0ED8D1D86000
4873826343 63705 6267 50D1595A0A6E44E086A6D1915FDB8B1024CBFA822A082D621522730D411D0837
4881865930 4251 1826 9684DBCA97427CF2E166DD6EE0B855144F8F6BBC5F0BCD8A263F0A58C3253B73
4873278202 16850 63959 7C20F6CF1A09EEE4F40FE6F70B0F070213E4AE0B9599CF6348B0EAC781225457
4883276281 39874 11389 7C20F6CF1A09EEE4F40FE6F70B0F070213E4AE0B9599CF6348B0EAC781225457
4874898114 54768 1667 7C20F6CF1A09EEE4F40FE6F70B0F070213E4AE0B9599CF6348B0EAC781225457
4877311399 8200 65351 7C20F6CF1A09EEE4F40FE6F70B0F070213E4AE0B9599CF6348B0EAC781225457
4873899047 19211 28102 F15216F62400361A7CEDAAF6DD957741923A9A571FB2730D602FF5CB9AF559EE
4877498523 34512 42066 7C20F6CF1A09EEE4F40FE6F70B0F070213E4AE0B9599CF6348B0EAC781225457
4882653562 19412 51869 7C20F6CF1A09EEE4F40FE6F70B0F070213E4AE0B9599CF6348B0EAC781225457
4883781883 56895 48727 4EDD58055E5267C3424E1DFEDBCCE9AD0E2A35E8FF463844C6C217CE8BCFEAD2
4879142863 25949 8017 A6FEE78B934C2697170B7A1B80F32AC60F24B748715657671FB416B1DE549622
4876741145 48081 40199 ABEF5F50C620E2EDC1E4873D5C7078B23C2CAA66CDAB42560FB883D3441FC387
4876912614 61386 32050 7C20F6CF1A09EEE4F40FE6F70B0F070213E4AE0B9599CF6348B0EAC781225457
4876472000 13354 56985 7C20F6CF1A09EEE4F40FE6F70B0F070213E4AE0B9599CF6348B0EAC781225457
4873660287 46563 23378 2A601CDA7C84263F0187873EBB5BB0A06B5F4152637EF23418834E932E254D0D
4876252091 6811 52437 89D4AB3A5F52EC85829782773340DEB9C7ACA0D17BD9514553F50D92CF60FE61
4875245110 31008 6597 7C20F6CF1A09EEE4F40FE6F70B0F070213E4AE0B9599CF6348B0EAC781225457
4880859016 20580 14295 7C20F6CF1A09EEE4F40FE6F70B0F070213E4AE0B9599CF6348B0EAC781225457
4880088591 61197 38114 5D9628F93497FA5CD8B7883F98D12E3F625939AA2F86458BC2B12D16A36B401B
4882520337 37180 11344 7C20F6CF1A09EEE4F40FE6F70B0F070213E4AE0B9599CF6348B0EAC781225457
4882930140 51515 6741 050246165A4CC400222D8C27C57C9A1BC94C450B334FB5ED74AE2C817CEDEA10
4873142192 21519 39079 1BE4C9361FF8277CBA4A480B2250B270073852743A449938C1F9434EDFE44BDB
4883881442 1367 60680 270595155EACE6A5077D69B401A8F7C7ABB8E935E04F51874A9582E5F62CD498
4879071625 13381 22364 D0408A6E2A447AE6B09C4595AE16F196EDED2C7D77F2B34C19AAF326A7F71AE7
4874133902 18171 12756 305B44E9EA97F86C2C2EE6F47862E4F533F5CC86E7FB06C8C0B2DB511F96BAED
4875306960 18860 16871 7C20F6CF1A09EEE4F40FE6F70B0F070213E4AE0B9599CF6348B0EAC781225457
4881502620 19280 44221 7C20F6CF1A09EEE4F40FE6F70B0F070213E4AE0B9599CF6348B0EAC781225457
4877487197 54573 23139 8BDDF11A9F74EB14B73BD0F991FED08325287026AC79B96DAA710D5F4760564C
4874818194 54803 17792 19FC02478F56C56F95825047B622205711C872B910363F4CAF491400E74680FF
4879226109 18062 11699 7C20F6CF1A09EEE4F40FE6F70B0F070213E4AE0B9599CF6348B0EAC781225457
4880671939 58505 45034 17A49B6F323837AFC7AF911606FC8696CD350ECC06677E07743747159FC482F6
4884138724 1801 25277 FFBB61E58F1A71FFB3CA16967C955F8AC3C70084C8BC2E32A18194FAD3B1173B
4883794615 6071 15397 33FA40D981F5FBA3167F956B21E2F8E724B2C19DB71E7F2CE691BDED380AC1DA
4882632965 16622 44085 7C20F6CF1A09EEE4F40FE6F70B0F070213E4AE0B9599CF6348B0EAC781225457
4881914657 65057 55271 14B1267667AD57222A3C2B4C11E5157A612FF920A9EEC1146AC6CFD09677978F
4877231258 26592 5305 7C20F6CF1A09EEE4F40FE6F70B0F070213E4AE0B9599CF6348B0EAC781225457
4877614211 43042 44214 7C20F6CF1A09EEE4F40FE6F70B0F070213E4AE0B9599CF6348B0EAC781225457
4881800031 43666 35200 7C20F6CF1A09EEE4F40FE6F70B0F070213E4AE0B9599CF6348B0EAC781225457
4874652880 42810 21448 7C20F6CF1A09EEE4F40FE6F70B0F070213E4AE0B9599CF6348B0EAC781225457
4880761597 46480 2330 7C20F6CF1A09EEE4F40FE6F70B0F070213E4AE0B9599CF6348B0EAC781225457
4883650991 56212 46565 7C20F6CF1A09EEE4F40FE6F70B0F070213E4AE0B9599CF6348B0EAC781225457
4876259136 5514 7941 7C20F6CF1A09EEE4F40FE6F70B0F070213E4AE0B9599CF6348B0EAC781225457
4883668557 17602 29526 7C20F6CF1A09EEE4F40FE6F70B0F070213E4AE0B9599CF6348B0EAC781225457
4884242832 37485 14430 571A59746009202F6E1649B1229920575A41F3AC1E72BA44FDC6330BA389AEF5
4875208013 31216 64652 7C20F6CF1A09EEE4F40FE6F70B0F070213E4AE0B9599CF6348B0EAC781225457
4877171961 16416 22552 7C20F6CF1A09EEE4F40FE6F70B0F070213E4AE0B9599CF6348B0EAC781225457
4876655187 2111 26968 354CA361C3EA54643693D3649C260C4FFB0629A7EB52B429C15239EE42507B85
4882844281 45157 46832 B95610122355A620427A9F6BDEE5E1E725270D0200E9CEF682FE341412DEE74C

Total of 0 tasks calculated error.
