Total of 100 tasks calculated correctly, accuracy 100.00% 
4894372995 56896 990 7C20F6CF1A09EEE4F40FE6F70B0F070213E4AE0B9599CF6348B0EAC781225457
4890135996 4867 7603 8AF25648BD1736D1DC257F05FAC4ABDC69CC74EC91C75BC149D82154191DB777
4894014948 6733 3486 1CED3AF6E72F4ADA749C1B3B2988EDFA03FF72B06D7C2CBE106A1B60D66A62C8
4885030570 15387 54711 89EF02FBC4B95F90C69AE40086DF1BB8129165BFF07A33682F3623FE2EFEED36
4887207650 36171 46239 218E90777A875B5F47EC60D5D4EB73288C61B79538633C05E8B6887305A8C161
4885542864 63951 26304 9F3214DECD3E997A65B3B6838EB7A267355FCD08ED68CE17B769239C31998DDD
4884561326 28984 26794 7C20F6CF1A09EEE4F40FE6F70B0F070213E4AE0B9599CF6348B0EAC781225457
4890867143 12258 62880 7C20F6CF1A09EEE4F40FE6F70B0F070213E4AE0B9599CF6348B0EAC781225457
4886710614 3791 4210 08DE82621A98E559AD24498EB027CE945927162D9D793ED507BC6B1C72B674B5
4884643620 21230 5115 7C20F6CF1A09EEE4F40FE6F70B0F070213E4AE0B9599CF6348B0EAC781225457
4885080304 58175 12657 4CE3266C5284079070A25D3501C3B66AE8D623C1D2F39184331FDE2252449210
4892505236 44783 38482 EBD3CF5004B5DC7625616A565A319A1986C00E1E8194CF6EAAFC5535069B064D
4895768426 23321 1894 79E85C53FEDE50E3BC9D118BD747EAE89A73AA0B510A45E61DDA75E412C9B131
4884726459 8286 25162 7C20F6CF1A09EEE4F40FE6F70B0F070213E4AE0B9599CF6348B0EAC781225457
4890620981 45405 40727 4A1AC42F708A1F35C38E8A32935F462138B46270ED1B059133A54BC5BFE8C08D
4892527197 1599 17273 105A320702A21C362F43B59DFB557C43B09C7B724DC375C668569D25F78D0A70
4888774202 23673 34273 79F1B6CD9AE915274EAC2A650B8C476536CBEF9554DA06846FA0E385C5125049
4893573260 55174 34159 7C20F6CF1A09EEE4F40FE6F70B0F070213E4AE0B9599CF6348B0EAC781225457
4885168129 54021 42614 6AC2B6006A383823C45ABA21B17E9250D8A6B3D27D8D1EC60323EE75B4530E30
4893371797 21921 49015 F3C55AD108603116ACB80C6A96780AFAD44EF5E691A3A52D2D6F10654F38A6AB
4891476802 10757 14626 1FA9A8EEF09CC36CCD35CCE8B5C9716F931F8186517421A8BB196032B8C01331
4884733184 4069 25208 C80A412D341585F96F63A3CB97B850B336AC782F526EDA000687C9116F7CF7F8
4885218240 27151 40489 477961DFD214740FE1A1CD67452CD726E2B014A597ECD1EB8EAD534A5F593396
4887559547 62819 40908 8B8E63C9DA0644D57BCD1FDE2E45D260D532CE82E21F8043DFAFECD9B0EBC688
4894550822 13352 16785 7C20F6CF1A09EEE4F40FE6F70B0F070213E4AE0B9599CF6348B0EAC781225457
4893595394 29676 14475 7C20F6CF1A09EEE4F40FE6F70B0F070213E4AE0B9599CF6348B0EAC781225457
4888399284 10863 49537 7EB8B0BA1AFB67F43AE28C56507CC3B57681CFC189F8DB2463634FA00DD030B1
4886223240 50284 51899 7C20F6CF1A09EEE4F40FE6F70B0F070213E4AE0B9599CF6348B0EAC781225457
4891849500 864 42790 7C20F6CF1A09EEE4F40FE6F70B0F070213E4AE0B9599CF6348B0EAC781225457
4884642755 52403 12635 88165EC6ECC2302D656D6D41990529BE830C74CFDB9E458D70DDDE26BE724F6D
4891583896 31480 18696 7C20F6CF1A09EEE4F40FE6F70B0F070213E4AE0B9599CF6348B0EAC781225457
4894624462 37965 33669 C9FD4F0536BA76FBB4BA23CB7C1B5AC5AA236651D9FA56591BA63CAE84C2F62A
4892543689 37614 36518 7C20F6CF1A09EEE4F40FE6F70B0F070213E4AE0B9599CF6348B0EAC781225457
4886228077 27888 49428 7C20F6CF1A09EEE4F40FE6F70B0F070213E4AE0B9599CF6348B0EAC781225457
4890521655 16153 35866 A395B5976A18E6DED20B1A424BA65CE88C6CC8784D80B36B2F8EF9D5FB28037C
4887323648 49764 51775 7C20F6CF1A09EEE4F40FE6F70B0F070213E4AE0B9599CF6348B0EAC781225457
4893113462 44788 4739 7C20F6CF1A09EEE4F40FE6F70B0F070213E4AE0B9599CF6348B0EAC781225457
4890607041 37201 56342 2810FD5535D2303A33F2FA1273EFF8433ECFEEC3BB1B4C230F20929D8F975F38
4895964424 6405 64914 8C807280AD995E9879C0A9E7073CAF1D7E5DB5E2AF371D6606A42CF703C9CC68
4886491016 238 36191 7C20F6CF1A09EEE4F40FE6F70B0F070213E4AE0B9599CF6348B0EAC781225457
4886102536 7996 39678 7C20F6CF1A09EEE4F40FE6F70B0F070213E4AE0B9599CF6348B0EAC781225457
4891121334 40140 18916 7C20F6CF1A09EEE4F40FE6F70B0F070213E4AE0B9599CF6348B0EAC781225457
4892109489 551 39658 7B9286BBC8DD41C6C7A89FD8B0AA3FC717F9B011C15C4AB1575C308D3C8DEBAE
4892839516 50334 50004 7C20F6CF1A09EEE4F40FE6F70B0F070213E4AE0B9599CF6348B0EAC781225457
4890576742 36120 54099 7C20F6CF1A09EEE4F40FE6F70B0F070213E4AE0B9599CF6348B0EAC781225457
4891934390 24364 44936 7C20F6CF1A09EEE4F40FE6F70B0F070213E4AE0B9599CF6348B0EAC781225457
4893476375 65301 13854 6B44C6E36E533C4631AB26F87886BA0792BCF4CCE1EBD358EBF096D12464FD82
4892643137 20140 25288 7C20F6CF1A09EEE4F40FE6F70B0F070213E4AE0B9599CF6348B0EAC781225457
4888747045 702 3277 7C20F6CF1A09EEE4F40FE6F70B0F070213E4AE0B9599CF6348B0EAC781225457
4888396017 6649 49478 4816B4B3669A539FE13B5A95CF920423E8F9792732CBA459A5A716FF4B84E3EA
4884782301 16454 10516 7C20F6CF1A09EEE4F40FE6F70B0F070213E4AE0B9599CF6348B0EAC781225457
4891427057 26815 62319 9BC2A475377358436D5FCE904251DD83ED46DDEB0B05819FC855AFC84CE712A3
4890216031 620 29484 7C20F6CF1A09EEE4F40FE6F70B0F070213E4AE0B9599CF6348B0EAC781225457
4895316225 3696 53795 7C20F6CF1A09EEE4F40FE6F70B0F070213E4AE0B9599CF6348B0EAC781225457
4885508550 59975 22001 0C7FA947425DC3FC34AC67DDBC4999DD1A6967B180D9912C5925C15D7FD51B8E
4885924553 41209 17331 E74D135BBE533DD1ED381BD15954E0FDAD3AD564C429C62CF9E9089B04A8A395
4889192054 50849 51332 6783FAF997E2050CDF039F93A9FAB4403039CE89EF661407911E1FED450DBA27
4894241385 10210 32343 7C20F6CF1A09EEE4F40FE6F70B0F070213E4AE0B9599CF6348B0EAC781225457
4888481697 46240 54535 7C20F6CF1A09EEE4F40FE6F70B0F070213E4AE0B9599CF6348B0EAC781225457
4892160105 11813 9597 4C8BF7633FCE9C5E63935978FD04338235B477A1C8BCF65E1FFCF8A9ACD28D55
4884849060 16858 13511 7C20F6CF1A09EEE4F40FE6F70B0F070213E4AE0B9599CF6348B0EAC781225457
4885313469 42613 59942 2B73E72BBA88100F1EBEF6B2E93DFCD5D098CE6FA0C0A7E78ED12D4C2AD9AFCC
4894193576 14458 14279 7C20F6CF1A09EEE4F40FE6F70B0F070213E4AE0B9599CF6348B0EAC781225457
4894716141 31177 55207 AD004E49D22EFCE1B986A8A0A754106D098222986C39101560FEA1736D8971F6
4884679925 53877 4966 3AE6340806C1D0109C8555A0E60F9738E65118FB0A96164438B02EFF43E891ED
4892253522 38945 21277 F6C827A21F1B2DF1EFB9E1F09597A07143078C5BA963227A9D1EF992B816E426
4885805272 58240 46510 7C20F6CF1A09EEE4F40FE6F70B0F070213E4AE0B9599CF6348B0EAC781225457
4888830462 14597 50065 9468C87DD822BD4B5F6E0EB4DC51E8EBC1FFE8CB7905544FAECF34D7C38E37AC
4890403542 46554 31851 7C20F6CF1A09EEE4F40FE6F70B0F070213E4AE0B9599CF6348B0EAC781225457
4895293506 18280 54289 7C20F6CF1A09EEE4F40FE6F70B0F070213E4AE0B9599CF6348B0EAC781225457
4893005248 33572 51531 7C20F6CF1A09EEE4F40FE6F70B0F070213E4AE0B9599CF6348B0EAC781225457
4891462846 13948 22477 7C20F6CF1A09EEE4F40FE6F70B0F070213E4AE0B9599CF6348B0EAC781225457
4887323467 17895 53711 2EFECB4F3FB9CEEC912D9CC1BDDAFCC3F46B8A449A2656506A906C07547D8FA3
4890065392 54155 37950 D4AD2B0790F87118E9D2F1DA40B839196A84FBB20807552B1BE333FBCBD026AD
4890666125 55182 45440 7C20F6CF1A09EEE4F40FE6F70B0F070213E4AE0B9599CF6348B0EAC781225457
4891583998 9811 14248 8D0C7547EAD9FD28EF66695995DC47107774CD1EE930F22C7167ABCA2454780D
4889895475 22353 18549 FC42C29B8B8005AF51759D5C3440E2CB6FFF317818E9C624914A7EEB23ED3904
4890961400 21591 42208 ECE113755967B6627A97583191C27421253C5A521756406F725436A542DB7318
4889009483 13321 37934 1FF18BCE7CBE331B0D2537ECACE0703DA8EF721DFA3FB19D89E4DC122F593C6D
4888747860 61692 13348 7C20F6CF1A09EEE4F40FE6F70B0F070213E4AE0B9599CF6348B0EAC781225457
4891478181 28215 28600 B955DBE88B4E5912C4CC39D212A691C40D6250005185A51F19EC2943C0E81CE7
4894293414 42342 38448 7C20F6CF1A09EEE4F40FE6F70B0F070213E4AE0B9599CF6348B0EAC781225457
4892978312 39087 8520 7D2FC9A41BAC18E78052F02A04576CDD9DE65F81450E2F570CC6A60CB8E2F78E
4891314581 32940 34852 7C20F6CF1A09EEE4F40FE6F70B0F070213E4AE0B9599CF6348B0EAC781225457
4893749968 45807 40619 EFFE6B365FEE2D8C91CFEC5FBD7741F2BB471430D3E58D6F11E5FE84BC99B558
4887152014 2929 37884 DF422B1A84982FD231A84CCF6F88C71978A36615EB330FDEA559F8040244BB12
4889668097 62989 11271 F71B59D7811F1128C91CAD3A295F749DDFF305EB9B02C4B303EAB0FE6BEF3E5B
4888725041 54915 58377 E9CFB59D8DAED51FB1B66E4CF9176F341FBA90141C4A0AD69BB163500BF23AAB
4889958533 28014 53226 7C20F6CF1A09EEE4F40FE6F70B0F070213E4AE0B9599CF6348B0EAC781225457
4885651869 60307 22003 E04C2BD92B67B0E1504C22E6ADE15CD55DFA194B85D61C147DF3F85273AD16DF
4891843920 32938 13252 7C20F6CF1A09EEE4F40FE6F70B0F070213E4AE0B9599CF6348B0EAC781225457
4888418804 13886 17408 7C20F6CF1A09EEE4F40FE6F70B0F070213E4AE0B9599CF6348B0EAC781225457
4891640223 5280 4701 7C20F6CF1A09EEE4F40FE6F70B0F070213E4AE0B9599CF6348B0EAC781225457
4890714988 28453 59005 CC44FFA100025977A114B07AE5EA5D402CBFCAEAE9B5E8F782C24832442841B2
4885711217 61362 56208 7C20F6CF1A09EEE4F40FE6F70B0F070213E4AE0B9599CF6348B0EAC781225457
4891502149 59159 508 854B9C62017A371428E8593B8B9CD658BB1FF0DDBE3B29E776D6EB4157DA8C77
4895174142 5802 23303 7C20F6CF1A09EEE4F40FE6F70B0F070213E4AE0B9599CF6348B0EAC781225457
4886305029 49916 62865 7C20F6CF1A09EEE4F40FE6F70B0F070213E4AE0B9599CF6348B0EAC781225457
4887106778 24472 54401 7C20F6CF1A09EEE4F40FE6F70B0F070213E4AE0B9599CF6348B0EAC781225457
4889021653 57126 7742 7C20F6CF1A09EEE4F40FE6F70B0F070213E4AE0B9599CF6348B0EAC781225457

Total of 0 tasks calculated error.
