Total of 100 tasks calculated correctly, accuracy 100.00% 
4908706721 42387 19311 F26A285969F2346130B41CC206182E5161F53F108D4BAD68E0D16C79917D9EF7
4912352472 29260 18849 7C20F6CF1A09EEE4F40FE6F70B0F070213E4AE0B9599CF6348B0EAC781225457
4917862871 278 33438 7C20F6CF1A09EEE4F40FE6F70B0F070213E4AE0B9599CF6348B0EAC781225457
4919652337 2611 26312 36C7ED8434897D5D5E213CE4E272821E7E45312EB7501BA05CC19E791E4382AC
4915490939 30052 7728 7C20F6CF1A09EEE4F40FE6F70B0F070213E4AE0B9599CF6348B0EAC781225457
4914356107 4953 15252 0603A21B20379D43A8BB8412EA3A329D73B9D196B12D87D9D30B9C66B8285D4F
4911659913 7021 36270 60055BD832BDB99CAD0B8A4A02529DAE9BC3438BE9BA7AF180709F323EF55F4B
4912234543 17923 48584 BEA222A64CCC62B506DFC1721795B34A90D644C19AE8EEC060122F1D3D146A32
4920012825 6626 22220 7C20F6CF1A09EEE4F40FE6F70B0F070213E4AE0B9599CF6348B0EAC781225457
4910544824 12608 16214 7C20F6CF1A09EEE4F40FE6F70B0F070213E4AE0B9599CF6348B0EAC781225457
4911898539 17703 36672 6F8C2443A56F9FF53487E89E04050CB7C1EFA142A71BAD999495AC2F761122A6
4910389088 59728 53633 7C20F6CF1A09EEE4F40FE6F70B0F070213E4AE0B9599CF6348B0EAC781225457
4912892929 47847 41415 71800B67AA1CF393013F35ACE6DD8DA05743A4C3B3BFDE4D0F69ADC456D33467
4918770143 12848 9866 7C20F6CF1A09EEE4F40FE6F70B0F070213E4AE0B9599CF6348B0EAC781225457
4918061942 27997 13132 263256F4060F47B86E8112936167DF5A80696EB5FF68ACF19EB7C9BD789BE673
4912452005 16526 49116 7C20F6CF1A09EEE4F40FE6F70B0F070213E4AE0B9599CF6348B0EAC781225457
4917107557 51377 50829 798379255F8CE71235265862B6F77F24DD659AFB25BF0BC55D6D04712AFBC287
4913016933 64750 46359 7C20F6CF1A09EEE4F40FE6F70B0F070213E4AE0B9599CF6348B0EAC781225457
4914156928 29611 18052 4F687E6F699B16582BDFDCA36ED832E1AAFF85E1A5336CCAAF200C26BEBC14AA
4913034050 55951 41428 02AFE3CBBCFA06FAA50102A02BD7924825BEFA8BC785880987E70D1A9D1571B1
4914673646 516 54242 7C20F6CF1A09EEE4F40FE6F70B0F070213E4AE0B9599CF6348B0EAC781225457
4914636199 20575 25395 79B6F585BC65C0E46926FFBEF78064D880D9620A324EF46C66060A4A4A221B8C
4917186466 57653 21699 8956F9509C5E23C285CA07B644C704F1498B7F8D91A7C547CF94AB62CAFFBE6B
4908481143 6706 39687 7C20F6CF1A09EEE4F40FE6F70B0F070213E4AE0B9599CF6348B0EAC781225457
4916885490 59813 57896 5B7DFCDB3A720324B095E6D2F007BBA5981865854303255E3240AF8FCA95B397
4910385299 60056 1236 7C20F6CF1A09EEE4F40FE6F70B0F070213E4AE0B9599CF6348B0EAC781225457
4918723217 5051 30499 22974F073804C628F93BA9EF7A942D933EEE1001D81D65E35DD7EA09C7353B75
4919336719 54107 904 5BFD0F8139493906E17D67258F88F02C70B6B8A99BE50A34A80C2852D4CC8CC4
4914843753 36786 32548 7C20F6CF1A09EEE4F40FE6F70B0F070213E4AE0B9599CF6348B0EAC781225457
4913089153 24395 25224 27A6D9DFE0A90112A0C6D7CF2FC7E24A33ADB4E0D63D90E122AFF55C900C7031
4912184482 26929 6400 8181331422228E80D58512919694F01E497E497C73EB61EA6E827853CF984E42
4914729203 47654 18902 7C20F6CF1A09EEE4F40FE6F70B0F070213E4AE0B9599CF6348B0EAC781225457
4916716203 17890 59198 7C20F6CF1A09EEE4F40FE6F70B0F070213E4AE0B9599CF6348B0EAC781225457
4916451035 52136 8639 7C20F6CF1A09EEE4F40FE6F70B0F070213E4AE0B9599CF6348B0EAC781225457
4918946249 33676 16545 7C20F6CF1A09EEE4F40FE6F70B0F070213E4AE0B9599CF6348B0EAC781225457
4912838256 54521 24441 C8AFD9A097567313BE6E8B9912F3AACF0A6F6ED6D14DC96F2CF96B954CA73683
4910863257 57112 24697 7C20F6CF1A09EEE4F40FE6F70B0F070213E4AE0B9599CF6348B0EAC781225457
4913358869 32922 59875 7C20F6CF1A09EEE4F40FE6F70B0F070213E4AE0B9599CF6348B0EAC781225457
4918736834 42045 15418 C65A90849FF975087487EBAF1C1C3A3C1948B68ADD2961AD0387B1B075D650D8
4915214166 10756 26304 7C20F6CF1A09EEE4F40FE6F70B0F070213E4AE0B9599CF6348B0EAC781225457
4916850684 27342 51279 7C20F6CF1A09EEE4F40FE6F70B0F070213E4AE0B9599CF6348B0EAC781225457
4910202636 61166 20296 7C20F6CF1A09EEE4F40FE6F70B0F070213E4AE0B9599CF6348B0EAC781225457
4910216295 34328 62259 7C20F6CF1A09EEE4F40FE6F70B0F070213E4AE0B9599CF6348B0EAC781225457
4915780849 63465 63520 ADEBBCE64EFEC571605678A7EA89532A6B5B39580E39335C30158FE93AAF1BA9
4916835901 16609 36700 8D39F98AD183372AB3E1EA875F86536DC771B1AB298A5A1DCA9EBC0B318357E4
4914343313 2571 16730 7559FFE3C813F88BFB97772A429D3635BA7217B7B4B2696BD20FA99ED008DEEC
4911964399 33791 773 6509DC1494DECBEB6FCEA2F053BA9E901CDCFC2927DBFCC37B2ECCEA068D148F
4914891930 45076 41137 7C20F6CF1A09EEE4F40FE6F70B0F070213E4AE0B9599CF6348B0EAC781225457
4916061614 49204 11770 7C20F6CF1A09EEE4F40FE6F70B0F070213E4AE0B9599CF6348B0EAC781225457
4911590483 30277 59059 49BA0D115936EE498C461E1C016E7B19C61C88ED052FFAC58D77AE7BF50DC1F3
4913830181 35847 36754 4E6E8C084C27CFF18D91B556C760F5E7B53B52954D445140A44396C08FB81E2D
4910600311 3338 12516 7C20F6CF1A09EEE4F40FE6F70B0F070213E4AE0B9599CF6348B0EAC781225457
4915033322 23188 33171 7C20F6CF1A09EEE4F40FE6F70B0F070213E4AE0B9599CF6348B0EAC781225457
4916951233 29524 39646 7C20F6CF1A09EEE4F40FE6F70B0F070213E4AE0B9599CF6348B0EAC781225457
4913679451 44464 15389 7C20F6CF1A09EEE4F40FE6F70B0F070213E4AE0B9599CF6348B0EAC781225457
4913649588 26392 1880 7C20F6CF1A09EEE4F40FE6F70B0F070213E4AE0B9599CF6348B0EAC781225457
4915910458 27369 19838 08E99427D2B491D21B70A4DCCA176519328AAEE004F723C6AF74C5697395E980
4909406170 44639 21871 B03DB2C0B99C8DE5B1F9019B9C63EA75B4909DFE8D1E49648D54F304ECD6E336
4910299106 14606 52775 7C20F6CF1A09EEE4F40FE6F70B0F070213E4AE0B9599CF6348B0EAC781225457
4910571771 52474 22136 7C20F6CF1A09EEE4F40FE6F70B0F070213E4AE0B9599CF6348B0EAC781225457
4910754977 2577 64891 3424984692CC445C09940320D1E4FB53694F19C62578F1583D0377EB79D03896
4911381712 18382 27919 7C20F6CF1A09EEE4F40FE6F70B0F070213E4AE0B9599CF6348B0EAC781225457
4918303435 26395 53913 F90DAFD463AE8548213A081E55CFF8D92AD4853392A418136E977180E51F872D
4913501174 63595 47573 F873A58AA7F0F4A8F3AD71EE06F29D8AFFA26FFF1A1529E78E15DE1E80672895
4913001614 39163 2771 396CBF7691A07933FFCC702D2C6C1B2CB84F86D847F8C4E041A71413CE1B6724
4916450932 29725 63898 D270B8858B6479B7538CC3BCC7239F96D33B90DD5CB5065967961EB372775CFD
4911431992 37848 13844 7C20F6CF1A09EEE4F40FE6F70B0F070213E4AE0B9599CF6348B0EAC781225457
4918035807 19927 50761 31DC4F1F930D09ECE0D01FB6FEF8C8FD1485F30ADBBB2612F818FBC4145D4F12
4917436454 57541 26725 D2D3E8B4BB319706C5D60FF4FF28A606A15144307CA588E894100FDCF8C22B45
4920284925 48718 37524 7C20F6CF1A09EEE4F40FE6F70B0F070213E4AE0B9599CF6348B0EAC781225457
4917738911 56761 49574 07C6E18BC8B7661DD23E4B0954070FCACF254FA75B15C3858D0A81E9DA2FAB7E
4912138856 59685 64330 9573C04CF42D6297050C4C62A31CDA19F74565EEDDB21DBD35308B8CA7E2C817
4919275681 42219 32060 E45AF430BDD14B644D538AFCA14F0A963F64F344A7BDC0A07295A287D98C213D
4908626930 20192 24644 7C20F6CF1A09EEE4F40FE6F70B0F070213E4AE0B9599CF6348B0EAC781225457
4917923466 7180 36923 7C20F6CF1A09EEE4F40FE6F70B0F070213E4AE0B9599CF6348B0EAC781225457
4914354374 63516 32631 7C20F6CF1A09EEE4F40FE6F70B0F070213E4AE0B9599CF6348B0EAC781225457
4917072357 42998 17540 7C20F6CF1A09EEE4F40FE6F70B0F070213E4AE0B9599CF6348B0EAC781225457
4920135642 61049 22527 F5BC122304E36D08E596AAE3FB950136DAB4D91AF83E43C9822A852E16E8BD75
4913837333 31265 49204 111147EC4730FEA655CEF50E160F18D89B5061019053BBDBE70702D71498BF04
4911499163 27823 11264 82729DC325E56BCB54AF8196A4DD8910C85B295670FE7D9BFC11947C39361243
4909904696 2355 33334 D4BEEED9A03BBD0A414F055D840355DDC941626C3ED1C0B6B69A6A6DD3C8D4F6
4908573573 45038 30919 7C20F6CF1A09EEE4F40FE6F70B0F070213E4AE0B9599CF6348B0EAC781225457
4917456753 37004 32841 7C20F6CF1A09EEE4F40FE6F70B0F070213E4AE0B9599CF6348B0EAC781225457
4910903717 40594 59228 7C20F6CF1A09EEE4F40FE6F70B0F070213E4AE0B9599CF6348B0EAC781225457
4911524701 47238 50177 7C20F6CF1A09EEE4F40FE6F70B0F070213E4AE0B9599CF6348B0EAC781225457
4911214536 28516 57712 7C20F6CF1A09EEE4F40FE6F70B0F070213E4AE0B9599CF6348B0EAC781225457
4915797744 41306 21527 7C20F6CF1A09EEE4F40FE6F70B0F070213E4AE0B9599CF6348B0EAC781225457
4917450153 17147 19360 0ED8AA18AACB19C36C912FCF859DF503AA2701C77EC9A8DF731B8E1288104150
4910111978 11083 37401 3A7C1341B7061C4C876BF08A93F7101567F80B0DD68625C51D30F84EBC7B2C50
4909186306 17189 56915 102D087D8FAB1C000757131E7DAB633087C326567E7F9F06405DA0AF89495B90
4913519036 23687 28290 9A1FCE3C27822ED68BA87E5766B1262C8B4A03610178DE4D0283681354322BCE
4913518274 60230 4330 7C20F6CF1A09EEE4F40FE6F70B0F070213E4AE0B9599CF6348B0EAC781225457
4913354827 32734 43977 7C20F6CF1A09EEE4F40FE6F70B0F070213E4AE0B9599CF6348B0EAC781225457
4917987495 20465 10477 F3CC7F01D91F0EEFF2C6BC97D9A8E8F9EB87E69A97660F6EC098AC7699337666
4916380691 10846 15395 7C20F6CF1A09EEE4F40FE6F70B0F070213E4AE0B9599CF6348B0EAC781225457
4918239794 44815 61186 D61D26FD769150E14FAC3C175FA1E7B1CAAC4E538CA37A9367FF4BB2E9BB95F7
4915424842 8812 19309 7C20F6CF1A09EEE4F40FE6F70B0F070213E4AE0B9599CF6348B0EAC781225457
4912456278 2688 63581 7C20F6CF1A09EEE4F40FE6F70B0F070213E4AE0B9599CF6348B0EAC781225457
4909900733 3161 13769 6783F952DA612250B1403257DB9A9454B32CD8ED7835F72BEC23331868E50FA0
4915250421 31714 63977 7C20F6CF1A09EEE4F40FE6F70B0F070213E4AE0B9599CF6348B0EAC781225457

Total of 0 tasks calculated error.
