Total of 100 tasks calculated correctly, accuracy 100.00% 
4952205257 6402 2272 7C20F6CF1A09EEE4F40FE6F70B0F070213E4AE0B9599CF6348B0EAC781225457
4951799989 19812 23414 7C20F6CF1A09EEE4F40FE6F70B0F070213E4AE0B9599CF6348B0EAC781225457
4948184120 26398 47432 7C20F6CF1A09EEE4F40FE6F70B0F070213E4AE0B9599CF6348B0EAC781225457
4949853217 7037 10914 B3E61A7413F20A8CF6B268F823431A47593972531FC15B266449BCFD0EB1FC34
4952974973 60424 8174 7C20F6CF1A09EEE4F40FE6F70B0F070213E4AE0B9599CF6348B0EAC781225457
4955958085 1704 14915 7C20F6CF1A09EEE4F40FE6F70B0F070213E4AE0B9599CF6348B0EAC781225457
4954021231 3487 52999 C148E83C1D9B70A6FB486F6C52B7290632A70A734F9B296774C2EFC35F757859
4950596620 53575 15133 76527ED2AC164D45F57021115300361B808EC68018CFD0AE881CC5DE8FC5E4A7
4945702221 49102 61029 7C20F6CF1A09EEE4F40FE6F70B0F070213E4AE0B9599CF6348B0EAC781225457
4956194883 51314 47629 7C20F6CF1A09EEE4F40FE6F70B0F070213E4AE0B9599CF6348B0EAC781225457
4953357130 2034 9369 7C20F6CF1A09EEE4F40FE6F70B0F070213E4AE0B9599CF6348B0EAC781225457
4954002764 10549 55885 09F85DFD0A9729E3587ED227B61227529F897FAA5A4BDC2A4F5658ACD9EBEC99
4954641913 50642 26829 7C20F6CF1A09EEE4F40FE6F70B0F070213E4AE0B9599CF6348B0EAC781225457
4952546640 21039 18999 C657DA8DD80BB615F4C2ABE6E906D0B44C92F5C1153ACFAE623BDE17F902EFCC
4948665685 15387 63853 FB21FADF8A60D632CE94D186A7923F1BA89B4DE44F62A28E9264A06BED553A9D
4955032773 35607 48114 32B86069EEACD064DD1DC9BEFFF0EE9039D4230014C0437717DEAFF912C27A59
4949197368 32227 297 851F251B98905ECC67409B9B859A22422946DB1C161A1C7CB69F3EFFCD0BED36
4954361581 9883 49132 45DFF1194E6FBDCE0E12D6F191FB9C1B36657CAD8463EC4D400B4A523B63090A
4954464148 48538 57622 7C20F6CF1A09EEE4F40FE6F70B0F070213E4AE0B9599CF6348B0EAC781225457
4945548278 50436 5023 7C20F6CF1A09EEE4F40FE6F70B0F070213E4AE0B9599CF6348B0EAC781225457
4949248824 60005 17751 0FDE49E55C528734C3465F6964C46F3CE10EE400FE208149E7C7DA771E02D7EB
4950081549 37316 3904 7C20F6CF1A09EEE4F40FE6F70B0F070213E4AE0B9599CF6348B0EAC781225457
4954990784 32732 12923 7C20F6CF1A09EEE4F40FE6F70B0F070213E4AE0B9599CF6348B0EAC781225457
4950069437 29591 42800 3BC1FBD5933BA52B5C5503795EE9DBA642149FEEEA6DE20515DA247AB315D376
4955960915 58069 26124 75EBF11D72DE484E721EDE4ACCA366ADFFB768DF80259DF0A538D93041F62118
4948267552 62203 30039 D9C58DAEC19D1B7A3B115458F8AC4FA47AB6B37A1B7600D9DA3576F3581B8DE8
4950913020 2099 49659 CC190D791222E8808EB1CA01D6CF0CE4BF8E8A2C32E647FB128FB0E682451BCA
4950223681 15157 21587 E8B46BD6EE1CCD8C0E839C90E764BA968090AEE57BCB57FB4274E302708D6F04
4952897064 52255 24605 7EB7244C3B11BFD29EE2C62E8557D32048181F20D13B27D5C62FEDDEF59FCEAA
4945835308 35524 52205 7C20F6CF1A09EEE4F40FE6F70B0F070213E4AE0B9599CF6348B0EAC781225457
4956335748 4285 7293 7AE7A59195E5FDF06A89AF345A1977CB3C165E642901D8AD9971C3403987D803
4948824184 14840 10828 7C20F6CF1A09EEE4F40FE6F70B0F070213E4AE0B9599CF6348B0EAC781225457
4955396971 10717 56794 3BF486F2D359170218EBC075AEDDD73DE20BE50DD590CECE72D872ED803EC61E
4945309407 4001 1283 B816EED2F62E046D6138F5B450717923EDD4EBB44A7A380EAA037CBAAC921655
4955650793 11278 1004 7C20F6CF1A09EEE4F40FE6F70B0F070213E4AE0B9599CF6348B0EAC781225457
4947835775 16359 44329 1A71D469A89E6CA6F2B398CE62465EF51B297C349EF23471419496FDF135DBCE
4953842042 5679 22888 4E2C338DFE03A75583FAE1FD73A0A854A487533D9CA3FCC2D84174CE250EEEA9
4954802134 4404 56784 7C20F6CF1A09EEE4F40FE6F70B0F070213E4AE0B9599CF6348B0EAC781225457
4949732463 58167 803 59B3FB6A432E4CD1FFD3A314622AE16DCC0B400205C1F039C9A9E88D46330AFE
4953367055 65233 57645 B6AC8D2045B6C49703A7C3938CC0671CBD27FAFA76B41A4C381F625119DBEEEA
4950723860 22516 9000 7C20F6CF1A09EEE4F40FE6F70B0F070213E4AE0B9599CF6348B0EAC781225457
4949368923 11613 40373 DC979BF3EB56EC8E8305FFBC9F9B1F059A1A7258C4FFA99168789D7B0282B99F
4949822919 54131 13841 8118F276057842958A9EDCDE319A547F8B7EF0DAAE5A0F42A3E72658528101ED
4951871125 39141 44626 401E0FED3E27C799F7DE18645F4F256BAC4B1ACF55993AC7476C07645E3001A9
4947847059 8074 7677 7C20F6CF1A09EEE4F40FE6F70B0F070213E4AE0B9599CF6348B0EAC781225457
4953561958 36243 40272 27680A4D464850BBAB9F2E147BB402D2F32DCD6631A1F37BD6B4008C4BE24698
4945861127 10084 19212 7C20F6CF1A09EEE4F40FE6F70B0F070213E4AE0B9599CF6348B0EAC781225457
4952994618 20212 51751 7C20F6CF1A09EEE4F40FE6F70B0F070213E4AE0B9599CF6348B0EAC781225457
4950307320 62034 56689 7C20F6CF1A09EEE4F40FE6F70B0F070213E4AE0B9599CF6348B0EAC781225457
4947189325 48957 49767 003A9B816C4AAA171E3B9D3F31D10C7B1B3D939AA19E6AFAE7BE7B7CA9A23892
4946212910 60567 44680 F0F00B005C0ED5393A465016A4DC5E0C4C52E355538A54918EEB4F69726979A1
4956065257 6296 64476 7C20F6CF1A09EEE4F40FE6F70B0F070213E4AE0B9599CF6348B0EAC781225457
4950144528 39884 27308 7C20F6CF1A09EEE4F40FE6F70B0F070213E4AE0B9599CF6348B0EAC781225457
4952563536 13088 37798 7C20F6CF1A09EEE4F40FE6F70B0F070213E4AE0B9599CF6348B0EAC781225457
4953067358 63103 20739 A56E25434C82955882C5D0904DE0E6E2B6FB4982533AC899AAE2002AB097D6B8
4954466569 5830 33382 7C20F6CF1A09EEE4F40FE6F70B0F070213E4AE0B9599CF6348B0EAC781225457
4951552862 21779 52088 9F5D1C511BFA3CA53BEF29C9B9AF12E5955973C7A40797CBA36CC4A0357B74D6
4945958611 12520 1047 7C20F6CF1A09EEE4F40FE6F70B0F070213E4AE0B9599CF6348B0EAC781225457
4952221214 17930 30908 7C20F6CF1A09EEE4F40FE6F70B0F070213E4AE0B9599CF6348B0EAC781225457
4945168412 8553 51264 DD8F9E161D383593B0A754079A39426CD30031E564D9959FC94D0FA1176AFCC8
4949011545 7552 48630 7C20F6CF1A09EEE4F40FE6F70B0F070213E4AE0B9599CF6348B0EAC781225457
4950164348 51175 47053 EB99EBCEBB73270008A03C2D91C2D1660F5C0FEA62514B41FB19148593FBDC67
4949980487 19072 41640 7C20F6CF1A09EEE4F40FE6F70B0F070213E4AE0B9599CF6348B0EAC781225457
4945224575 63630 2149 7C20F6CF1A09EEE4F40FE6F70B0F070213E4AE0B9599CF6348B0EAC781225457
4951135589 46812 15003 7C20F6CF1A09EEE4F40FE6F70B0F070213E4AE0B9599CF6348B0EAC781225457
4947640272 64091 26860 10131A92E0A7286A69794EFEDAB698A2F454C78B016258D4B9A51F9C4199BF27
4945676826 28255 57607 6B39D4F14C9E09F6697A274A9D7AE68D63B144B825C5F7874CBC568089CEBA1F
4955166688 58887 12265 D91040C63E8D53A49793653167F51830BE1E51259D19BF92E44C144772B695F7
4945561907 26360 2233 7C20F6CF1A09EEE4F40FE6F70B0F070213E4AE0B9599CF6348B0EAC781225457
4945779464 51830 56155 7C20F6CF1A09EEE4F40FE6F70B0F070213E4AE0B9599CF6348B0EAC781225457
4953117440 39144 4254 7C20F6CF1A09EEE4F40FE6F70B0F070213E4AE0B9599CF6348B0EAC781225457
4944747578 40717 54113 41EB0B8666C9140C45B7DE713E64430DEC6DB4BA8F5DB9B091BC44491BA09527
4945618703 24895 15641 27A1D1860796470CE44BCB49432132F3158DB8A314CA1261CAF292D4D12CDC2B
4949912793 59038 39394 7C20F6CF1A09EEE4F40FE6F70B0F070213E4AE0B9599CF6348B0EAC781225457
4949810838 9505 42323 8C610DF24DB5EDF85C100EE2E76873513BE53AE8682EF53243E4E0594FB6DDD3
4948719579 7690 10598 7C20F6CF1A09EEE4F40FE6F70B0F070213E4AE0B9599CF6348B0EAC781225457
4955607397 52698 49377 7C20F6CF1A09EEE4F40FE6F70B0F070213E4AE0B9599CF6348B0EAC781225457
4946548716 51631 21799 4969F9F624CD03E2992C58E67D0414DB0AB9FA2B7755D2C16F192606FF37BC5B
4950639269 48395 56704 C416ECBB403EA449C68BF83BA1D6CFD95F0C1C1D6AB27B14D0B44699B382FBF4
4955882167 60692 25197 7C20F6CF1A09EEE4F40FE6F70B0F070213E4AE0B9599CF6348B0EAC781225457
4951890747 52727 23786 A0E0927DD805B789E1FBA33C3B55BB57AEAB85E8614C687B5FFDC179ECA184C3
4954858382 8412 4367 7C20F6CF1A09EEE4F40FE6F70B0F070213E4AE0B9599CF6348B0EAC781225457
4953342617 56531 48238 0477723BC6B82F2E5D79ECE50546B81E6929178097BF9ADBE59322790B161B5E
4949202051 13630 2520 7C20F6CF1A09EEE4F40FE6F70B0F070213E4AE0B9599CF6348B0EAC781225457
4945362005 31392 14230 7C20F6CF1A09EEE4F40FE6F70B0F070213E4AE0B9599CF6348B0EAC781225457
4953809088 42167 20872 79E5FE880C308DA4FE3198C7217AF22992FE8E735B209716A1A4C2ABFEFC80A7
4947260324 22844 22560 7C20F6CF1A09EEE4F40FE6F70B0F070213E4AE0B9599CF6348B0EAC781225457
4955332878 427 54023 BB3167B41550AF05086EFB61B31D3D270E19F5D9F28340191D61BC35C67A9E9A
4946940871 19923 53586 D8DB776E5B00A837ECD88B839B678886D3FE5CB875846B2A96886830A91FBDDF
4945406304 2498 55018 7C20F6CF1A09EEE4F40FE6F70B0F070213E4AE0B9599CF6348B0EAC781225457
4954284276 57506 13987 7C20F6CF1A09EEE4F40FE6F70B0F070213E4AE0B9599CF6348B0EAC781225457
4948190882 12078 48269 7C20F6CF1A09EEE4F40FE6F70B0F070213E4AE0B9599CF6348B0EAC781225457
4945078486 30968 49746 7C20F6CF1A09EEE4F40FE6F70B0F070213E4AE0B9599CF6348B0EAC781225457
4954668939 33957 36707 C224D7D8CBFCEB163085FF5F4C1184C2BD74798B4C4C0FE27DE056F2D2EAA6D6
4955565652 12429 50504 1DD6412E6B9D35874D828A767930527B10F0FBC9AD45792F1116BCF3F1A0938B
4953337333 12008 6853 7C20F6CF1A09EEE4F40FE6F70B0F070213E4AE0B9599CF6348B0EAC781225457
4952064400 27961 34261 912C0C9E672979B1E436B3C27585B8982CB7BABB268D216836DF676E4D69ED1E
4947250407 44435 10616 88C3FBF778991F7D5BC04783782F2731A2001DE690788FA7D06895A59F37E116
4951217507 4697 32943 5BA3E2D006DF7C1F00BC2A53D09D517C713F910D38EBB1B0A06BA6E7CAC06176
4944820691 65153 58117 35AD9647EDD164679A3B5D0ACB58BAD27D0C84B2D2B440F8CDCB91F6C79F2644

Total of 0 tasks calculated error.
