Total of 100 tasks calculated correctly, accuracy 100.00% 
4960990684 13418 63926 7C20F6CF1A09EEE4F40FE6F70B0F070213E4AE0B9599CF6348B0EAC781225457
4963123570 57567 31284 963DD1290554E2EA2F8EA9758D92934A4EFC54D96C00AB62E3B8DDF7EA7ADCA7
4956733627 65077 51375 768AC4697CD60AFC825FFDCD8A7BF7F2269F71683366F804B75B269A686C87DA
4966310770 35843 43999 A70F32CA30B4107908CBD0839F16EAAF4DE787A37D6B13B64CF01461F4626948
4961658020 2732 38764 7C20F6CF1A09EEE4F40FE6F70B0F070213E4AE0B9599CF6348B0EAC781225457
4963474119 59685 47345 BBD5D6AF0905F7B2B08C9782C0FF00AB2514EF4D13F4DD15F8E8E63CCFC241FC
4965159247 528 9731 7C20F6CF1A09EEE4F40FE6F70B0F070213E4AE0B9599CF6348B0EAC781225457
4959474272 43385 15686 D2E22A4EC62E79B6D1295BA632C570CD45842C059AFD29CDD02B485002DC3E52
4967709575 27351 29343 B71A0FCCD4E03D1B6121E35D62EDD9794024F520EA3218827370725B60DE9C10
4958718147 25999 35004 7353251CD8B0C94C19633A60C5327CD775233CA2D64C974AC0BBD65E96F60DFA
4958011781 52438 63758 7C20F6CF1A09EEE4F40FE6F70B0F070213E4AE0B9599CF6348B0EAC781225457
4958709765 63625 23825 CAF91347F9BEE1CF9426D236390F5758CB9CB845CD5F3BCED7FBF40FEBB1401C
4967615909 48486 55871 7C20F6CF1A09EEE4F40FE6F70B0F070213E4AE0B9599CF6348B0EAC781225457
4962728192 28881 13480 D7632B1690D9924BE81AA47F1EBFB159F3226F0C53BFB62DA5EC5DAD36AC95F0
4959487753 45969 9027 2B331A7EF50DB9307D4C73894B4E5EECD0FD9F63A27D955F7355A10EBD38FBDF
4958108731 15541 35057 A2549C05F6B11656B24C66CF3DAE76BC40240D840EF6313DA554F0D5EAB24DC2
4958070786 59510 15059 7C20F6CF1A09EEE4F40FE6F70B0F070213E4AE0B9599CF6348B0EAC781225457
4957799968 30159 24330 2E01DDCAFF916C0298E4FB8DEB63CA1545E81CCD5705341CCDB833C65E413E6F
4967537489 619 14643 518068E32F5926FC302E8F896F9693F3244A86EA3764D60DABD711304494059F
4962244680 54350 50147 7C20F6CF1A09EEE4F40FE6F70B0F070213E4AE0B9599CF6348B0EAC781225457
4959809096 34138 14996 7C20F6CF1A09EEE4F40FE6F70B0F070213E4AE0B9599CF6348B0EAC781225457
4967678220 32055 34035 4F670C9CB4398A31C88432B9CC8731B9DFF509AFAF914A4AA158CA6F9C84E3BA
4959227472 57240 47417 7C20F6CF1A09EEE4F40FE6F70B0F070213E4AE0B9599CF6348B0EAC781225457
4963917158 32833 36560 B29E664A67298D3149019485F661D3DD358A2F6EE3B3B77BF4F740DA90D82255
4963030003 17226 21433 7C20F6CF1A09EEE4F40FE6F70B0F070213E4AE0B9599CF6348B0EAC781225457
4965394172 58331 33018 F6D8CBD8051032D7F6957B49326EDDFE61AAA5CF859091FE4261162908814009
4959361145 51486 20798 7C20F6CF1A09EEE4F40FE6F70B0F070213E4AE0B9599CF6348B0EAC781225457
4966142427 64408 44469 7C20F6CF1A09EEE4F40FE6F70B0F070213E4AE0B9599CF6348B0EAC781225457
4965866500 48348 44989 7C20F6CF1A09EEE4F40FE6F70B0F070213E4AE0B9599CF6348B0EAC781225457
4958606742 59354 57954 7C20F6CF1A09EEE4F40FE6F70B0F070213E4AE0B9599CF6348B0EAC781225457
4960344832 46143 30465 465AC51093FFA614B72119B55F666F069D9AF79D50AC38C15B05BFFB431D8D8B
4966776023 63842 3652 7C20F6CF1A09EEE4F40FE6F70B0F070213E4AE0B9599CF6348B0EAC781225457
4966920447 35790 21659 7C20F6CF1A09EEE4F40FE6F70B0F070213E4AE0B9599CF6348B0EAC781225457
4965154490 60680 3901 7C20F6CF1A09EEE4F40FE6F70B0F070213E4AE0B9599CF6348B0EAC781225457
4965720323 25850 51342 7C20F6CF1A09EEE4F40FE6F70B0F070213E4AE0B9599CF6348B0EAC781225457
4965092505 63414 45928 7C20F6CF1A09EEE4F40FE6F70B0F070213E4AE0B9599CF6348B0EAC781225457
4957280523 21743 16634 39D7074D239D174477EDD07C2149E15D826ECEC5F4C9012A082AB27592380CC5
4958199763 20251 64644 14FCD320C1CBED32E82B5A8B2DC5FCFEF9689D1A53CFEBDCA5C07B2E70563F2E
4960738004 28064 34422 7C20F6CF1A09EEE4F40FE6F70B0F070213E4AE0B9599CF6348B0EAC781225457
4965816163 45811 11810 402DD61666DCFDB329EA00174BDE2C6D6DEEAF1028D567A7CF72D98A3F4CF297
4962525466 13328 22331 7C20F6CF1A09EEE4F40FE6F70B0F070213E4AE0B9599CF6348B0EAC781225457
4964332117 53754 17541 7C20F6CF1A09EEE4F40FE6F70B0F070213E4AE0B9599CF6348B0EAC781225457
4963346081 22028 1096 7C20F6CF1A09EEE4F40FE6F70B0F070213E4AE0B9599CF6348B0EAC781225457
4958981029 31388 61866 7C20F6CF1A09EEE4F40FE6F70B0F070213E4AE0B9599CF6348B0EAC781225457
4964048606 5968 54735 7C20F6CF1A09EEE4F40FE6F70B0F070213E4AE0B9599CF6348B0EAC781225457
4961983017 45553 9262 C42440161B87CDA3D6D8BEE01F341D2E12628228953BB972B24DD21643FA8E05
4964172637 26065 14235 E285678BCA42548AF0DDC6B73305A4BBCE4B6B0B4A2A16891837E538A3128167
4965006279 37213 23367 B6B8FE06A4A1313C82C8374440907D348A8C7BD3541B27F344DC18B1115044E8
4963359540 27033 44158 1CEBF6DDC847B1759DD70A63D2751868BD7BBA9F26E08EEBECCE6207A95FB731
4959816551 53448 27893 7C20F6CF1A09EEE4F40FE6F70B0F070213E4AE0B9599CF6348B0EAC781225457
4959235207 776 45370 7C20F6CF1A09EEE4F40FE6F70B0F070213E4AE0B9599CF6348B0EAC781225457
4967049807 24056 55445 7C20F6CF1A09EEE4F40FE6F70B0F070213E4AE0B9599CF6348B0EAC781225457
4965657776 52204 63942 7C20F6CF1A09EEE4F40FE6F70B0F070213E4AE0B9599CF6348B0EAC781225457
4962017420 17209 40799 A991FECBFC72D78DB5436D1302AB68209BE68992D702300A7419FE0AA16A9CE5
4959442144 11535 42278 C64D99D740DB8CB490B09CB36D8ED7E03FFD62CA6386ACCBB64F5218D364DC7B
4963971858 60660 35874 7C20F6CF1A09EEE4F40FE6F70B0F070213E4AE0B9599CF6348B0EAC781225457
4960312108 46160 13488 7C20F6CF1A09EEE4F40FE6F70B0F070213E4AE0B9599CF6348B0EAC781225457
4967430751 8329 1329 CF316550C7ADF303DC7B1A2B1B228EF6283707A2A2BB2F44E106723A75605FDD
4958869960 26847 43071 B96026BCB757CC4F0BAE1DD7A17844E737F73EEE1B694605E68D7C90662A6CED
4960674915 9710 57716 7C20F6CF1A09EEE4F40FE6F70B0F070213E4AE0B9599CF6348B0EAC781225457
4961313736 15385 17707 0CDCC3BF3F8193B440370DDF9E5DC125D2F77EF0E7AD98D7536DF799C415D69E
4967540336 16106 48510 7C20F6CF1A09EEE4F40FE6F70B0F070213E4AE0B9599CF6348B0EAC781225457
4966977768 64762 39126 7C20F6CF1A09EEE4F40FE6F70B0F070213E4AE0B9599CF6348B0EAC781225457
4957414313 35762 27584 7C20F6CF1A09EEE4F40FE6F70B0F070213E4AE0B9599CF6348B0EAC781225457
4962661209 55284 40622 7C20F6CF1A09EEE4F40FE6F70B0F070213E4AE0B9599CF6348B0EAC781225457
4963132111 28688 43887 7C20F6CF1A09EEE4F40FE6F70B0F070213E4AE0B9599CF6348B0EAC781225457
4962594042 23885 64476 A62A6240FD2D42CE254425AA2C6F239C14E2BCDD7C80C9F2CE714EFAF75C3480
4958650414 21002 49581 7C20F6CF1A09EEE4F40FE6F70B0F070213E4AE0B9599CF6348B0EAC781225457
4961582453 55017 10967 BC010158AAAC7998AF257201C07A30FEDCB7F7DF4CC7222985710B14A476DFC6
4958998109 20806 17257 7C20F6CF1A09EEE4F40FE6F70B0F070213E4AE0B9599CF6348B0EAC781225457
4966085245 54571 39631 640D5E753C4F3A2CF198FF25F57421D912134B561E3DD9C3B2F1CE50F120AD31
4966644177 57891 58887 8D09159E5CF669662CB40408BCEF0047F2463E2733C13C4C7F1FB47CD9A3F452
4963047663 2685 15055 AC53721DF97DCEDB087C3D7D587ACE697BC20EC3DC412B69BEBCDB4E023FCA00
4966678302 29714 24719 7C20F6CF1A09EEE4F40FE6F70B0F070213E4AE0B9599CF6348B0EAC781225457
4964509114 60188 18620 7C20F6CF1A09EEE4F40FE6F70B0F070213E4AE0B9599CF6348B0EAC781225457
4963973172 281 52757 12141908FC3F6710318362DC9A1151BD0FAA5976933432E89A00669554FB3761
4961766058 43452 380 7C20F6CF1A09EEE4F40FE6F70B0F070213E4AE0B9599CF6348B0EAC781225457
4961206016 11408 8121 7C20F6CF1A09EEE4F40FE6F70B0F070213E4AE0B9599CF6348B0EAC781225457
4962949951 46967 33793 982C7D833191BC3C30F9440C6028E8DEBC3BD1A130C2B61F943C55B2F8839516
4968056757 4051 28620 2BB22C7187C544C9701F923B45396D8A1B72EC4FFBC2F750A342384269CF6DBC
4965582212 43041 63062 779DEEB7EA37ADA91C2A7B556AFB7C6641E2B23687BE68EC112A84AF1585E54B
4959351590 41126 25259 7C20F6CF1A09EEE4F40FE6F70B0F070213E4AE0B9599CF6348B0EAC781225457
4963242504 34253 61832 C6BDAE50179B2D62A2391C05911F74ADD2DE95DE3F2CDC0647E01961F226CCE3
4962964137 46611 39699 7250400E8F9A588555D48B45B621D441635C7360AC7037356A364D5C155688F0
4957406104 19470 38980 7C20F6CF1A09EEE4F40FE6F70B0F070213E4AE0B9599CF6348B0EAC781225457
4966137152 27078 26710 7C20F6CF1A09EEE4F40FE6F70B0F070213E4AE0B9599CF6348B0EAC781225457
4959497187 50429 65217 6EA8AF5635368D5E4557D307BBF56357DEBDD33ED9A516EEB2EF6FA95D6382D3
4967122864 16029 3949 3FECE766F97F8E0E34F61549DEA31A864AB0377B1840B649C2AF0AC089C2C657
4957366005 29160 6195 7C20F6CF1A09EEE4F40FE6F70B0F070213E4AE0B9599CF6348B0EAC781225457
4957085892 33939 16373 93AF86EC666D3C926B5A3B2056823E8086B47CA84ACA5A247C3A4CAB240409BE
4958962146 60075 47640 3F7C340971B1DB75BABA3985BB74EB2F3482FD5624A7E27FDDECD30CD79FCF26
4964210847 827 54554 10F248C05B6EB023D881BB4262096BCBF16818B33547050567072DBFD127786A
4958006171 58145 14507 3CE017720E18C69D06DE6913E0E58F6F35F63CE4D7837E7D3E0F4C05F7B52B78
4962432947 14424 63022 7C20F6CF1A09EEE4F40FE6F70B0F070213E4AE0B9599CF6348B0EAC781225457
4961206173 50796 65396 7C20F6CF1A09EEE4F40FE6F70B0F070213E4AE0B9599CF6348B0EAC781225457
4960500124 35690 46998 7C20F6CF1A09EEE4F40FE6F70B0F070213E4AE0B9599CF6348B0EAC781225457
4961865647 51579 26699 7EBBDA38507AE5736622E89D490328E27EB8B98C5DCC36A2CCA930B74CE64ECB
4963566207 22304 4199 7C20F6CF1A09EEE4F40FE6F70B0F070213E4AE0B9599CF6348B0EAC781225457
4966068955 50594 24640 7C20F6CF1A09EEE4F40FE6F70B0F070213E4AE0B9599CF6348B0EAC781225457
4962257446 50079 58870 FAF88A5A54C2DCA5B928A06528401F26E2271C1217697FE0233D1A4D347325C3

Total of 0 tasks calculated error.
