Total of 100 tasks calculated correctly, accuracy 100.00% 
5006937743 22793 30667 CE1638D47B41C7919CBC310330D3605D6C5B13FE8194A25317175D6E327B3765
5006741942 19920 63139 7C20F6CF1A09EEE4F40FE6F70B0F070213E4AE0B9599CF6348B0EAC781225457
5009968891 26515 37253 509731F52896CB29591FD5FE2056B36E644A108F66D4C4911F2451EC8A9C31CD
5005640921 5288 59914 7C20F6CF1A09EEE4F40FE6F70B0F070213E4AE0B9599CF6348B0EAC781225457
5008578215 5701 23926 315CEC12CB1B781C7736DBFEF0E2C35710716D311767FFFBA597C25A29F5B3C2
5016015599 10428 55394 7C20F6CF1A09EEE4F40FE6F70B0F070213E4AE0B9599CF6348B0EAC781225457
5005526376 51570 24199 7C20F6CF1A09EEE4F40FE6F70B0F070213E4AE0B9599CF6348B0EAC781225457
5007873428 15798 1282 7C20F6CF1A09EEE4F40FE6F70B0F070213E4AE0B9599CF6348B0EAC781225457
5010702716 1013 25221 3531751932542C40697081B59F97997616F3E6447CC5902C5B0469C6F8FF6EDA
5012598682 59948 53404 7C20F6CF1A09EEE4F40FE6F70B0F070213E4AE0B9599CF6348B0EAC781225457
5013767010 13848 40528 7C20F6CF1A09EEE4F40FE6F70B0F070213E4AE0B9599CF6348B0EAC781225457
5005160481 64198 49826 7C20F6CF1A09EEE4F40FE6F70B0F070213E4AE0B9599CF6348B0EAC781225457
5015634613 55311 11514 220563E2B6E12EA741D3C08F9FF41FF0FC8DF45B155BE825A3025BCF86EF64FD
5005480134 56366 11375 7C20F6CF1A09EEE4F40FE6F70B0F070213E4AE0B9599CF6348B0EAC781225457
5016189482 60414 6819 7C20F6CF1A09EEE4F40FE6F70B0F070213E4AE0B9599CF6348B0EAC781225457
5004624119 38306 26472 7C20F6CF1A09EEE4F40FE6F70B0F070213E4AE0B9599CF6348B0EAC781225457
5008995364 222 57207 7C20F6CF1A09EEE4F40FE6F70B0F070213E4AE0B9599CF6348B0EAC781225457
5008104470 32795 6813 8A3CD3D107081910353303B97CC268D77C27BC9FA7008129499174871892F740
5008018641 38064 26545 7C20F6CF1A09EEE4F40FE6F70B0F070213E4AE0B9599CF6348B0EAC781225457
5005939335 2274 12499 7C20F6CF1A09EEE4F40FE6F70B0F070213E4AE0B9599CF6348B0EAC781225457
5008073335 9293 26356 6BE567B803D2EE5E452667F013C69B86B139910067A73FA5DDD5009F5E11D508
5009986431 7826 5438 7C20F6CF1A09EEE4F40FE6F70B0F070213E4AE0B9599CF6348B0EAC781225457
5007551684 38645 33796 05C1EABEF79160F896A9D21CA72BBFE354EE43B88243F7D06B8B888435D89F04
5013623826 61880 2655 7C20F6CF1A09EEE4F40FE6F70B0F070213E4AE0B9599CF6348B0EAC781225457
5014873336 2489 48423 44B99343869CE82AA37D2AFF148DA22512A718B72A577D918DD0566C48977176
5016197041 7607 29022 F1F4B4134A7B62BF93D543732A8C730604E3635D0E5BEB3084C730C8FF19D8A4
5005118395 28308 54806 7C20F6CF1A09EEE4F40FE6F70B0F070213E4AE0B9599CF6348B0EAC781225457
5007008321 58544 20206 7C20F6CF1A09EEE4F40FE6F70B0F070213E4AE0B9599CF6348B0EAC781225457
5010809428 51679 35609 AC1EA102A28AF2BF9CC3FB1FCAEC8295728772690121F71956EEFFB14B524DF1
5013424889 27249 28303 D327B0CB305F6AB1A9C66AF695A332833E3DCC937D2F6B8BFE4223571B472ACB
5008544449 36138 56004 7C20F6CF1A09EEE4F40FE6F70B0F070213E4AE0B9599CF6348B0EAC781225457
5014107572 29347 41751 C57351356C2A054FCFEF19F9B8463D9567F8FDF8EEBA1E47565F2985F407F377
5012398208 35775 3738 38D89BFA83E9BF384C88A7C35873FE22CA3DBA6714FECB551AE9B1A17328F9D3
5006716836 4463 2619 2F6A2DFD003B3D8D8E527DD3B7FCF6F2F1004E630EB2551E4914BE16714940E7
5012330559 48901 26617 CCD984694C25B91324099E6E542A161DC3BC8F10AEABB90CC73788A8802E6534
5008755404 63793 19084 D4A6BA5AA4275004AD5DB53A26EC4BC4C030FB89F2BCFBF684293D80F8B2DE85
5010314978 54332 54019 7C20F6CF1A09EEE4F40FE6F70B0F070213E4AE0B9599CF6348B0EAC781225457
5008690046 23309 39921 B3CEFCE8ABC7D471668193A11AADD02768AD718DC923E3D22FE086D1E41A57D4
5006226019 48758 25980 7C20F6CF1A09EEE4F40FE6F70B0F070213E4AE0B9599CF6348B0EAC781225457
5008136753 50808 22581 7C20F6CF1A09EEE4F40FE6F70B0F070213E4AE0B9599CF6348B0EAC781225457
5007856554 61747 8344 5E5E270E28E6066DBC9EC4676A3E170D5C195FA5BAB2FF8FEC02BE261235C08B
5015574880 10485 4681 963509570A0DD8BB8B2D05BB2DDFE6071A38CC48A7CB9B8C7CF2D541EFADCE80
5004963940 25189 6237 7C305E4622B1B87D1FE8F593CBA82A9839148086D866520FF5FE45F6646B0DBF
5012758242 9429 59347 410CA47ECB52CD134A665A325E55FE05FF526D50510A09586245E1DC38320C81
5015872646 36063 14016 132C23C69FD8D7F8335C270B515DAE37AAE8B37A51C208C8D23EE062D5CFC512
5007011356 6544 29908 7C20F6CF1A09EEE4F40FE6F70B0F070213E4AE0B9599CF6348B0EAC781225457
5009857810 31913 36183 5BA0D9378C9552712E85967BBA836AD249F9D645E2D6405A79FB2B6662386F32
5004857036 62310 36514 7C20F6CF1A09EEE4F40FE6F70B0F070213E4AE0B9599CF6348B0EAC781225457
5015105708 51657 28151 FF30CAA951689ABA76F6961A96D03E28B074A045D4FEC8324B7D315868894A04
5006699290 20726 157 7C20F6CF1A09EEE4F40FE6F70B0F070213E4AE0B9599CF6348B0EAC781225457
5007706478 5634 41413 7C20F6CF1A09EEE4F40FE6F70B0F070213E4AE0B9599CF6348B0EAC781225457
5008766893 17146 58793 7C20F6CF1A09EEE4F40FE6F70B0F070213E4AE0B9599CF6348B0EAC781225457
5011374133 30859 5554 AD457FDA0CD2859A22032C7F722BBC96607519988D940FBCE8C3558D616F0C5C
5010977169 2308 20915 7C20F6CF1A09EEE4F40FE6F70B0F070213E4AE0B9599CF6348B0EAC781225457
5008444342 33574 64668 7C20F6CF1A09EEE4F40FE6F70B0F070213E4AE0B9599CF6348B0EAC781225457
5014475800 47067 18954 F3E8A07D4779E7F9B56CA0A9EC428DDA36439D603CE79FB3EBB26925C0CB6768
5006777976 6884 49922 7C20F6CF1A09EEE4F40FE6F70B0F070213E4AE0B9599CF6348B0EAC781225457
5007065872 21852 49971 7C20F6CF1A09EEE4F40FE6F70B0F070213E4AE0B9599CF6348B0EAC781225457
5010393477 56975 38651 545453A603F99DEE551229594763551C68F5B898B9EE48B6DC47C5A0D40271B8
5011239079 43700 28535 7C20F6CF1A09EEE4F40FE6F70B0F070213E4AE0B9599CF6348B0EAC781225457
5011209609 53616 11530 7C20F6CF1A09EEE4F40FE6F70B0F070213E4AE0B9599CF6348B0EAC781225457
5011021647 20334 36576 7C20F6CF1A09EEE4F40FE6F70B0F070213E4AE0B9599CF6348B0EAC781225457
5006916378 62257 7882 29AB47EABAA8456DC3ADA6F7E181C98B0720D149D7E6D5415F6E19A6C990925F
5006357299 9698 31025 7C20F6CF1A09EEE4F40FE6F70B0F070213E4AE0B9599CF6348B0EAC781225457
5008630853 52487 42807 FF6E19897EB218C99A9F2733309E06B57342B4C18D0851DB6C49FA689DBCC156
5010774206 41341 43322 4E248F66445F053718BA560B6B335805E8006EF4DE80E81A0C91B27984EE6309
5005864238 26732 17129 7C20F6CF1A09EEE4F40FE6F70B0F070213E4AE0B9599CF6348B0EAC781225457
5005855283 28093 50086 FD6F8965356FE0858A638F4D87D2C360CF4037DA37CF3AA9129F5DB02BE15ECE
5011676093 29732 64824 7C20F6CF1A09EEE4F40FE6F70B0F070213E4AE0B9599CF6348B0EAC781225457
5013923099 57933 20402 24DE0CC593E2F78B9C60D85CF2DAA219A54B56DCB92FD1F15BAC1F3ABFEA90FE
5008722715 33460 3340 7C20F6CF1A09EEE4F40FE6F70B0F070213E4AE0B9599CF6348B0EAC781225457
5011249147 20186 8863 7C20F6CF1A09EEE4F40FE6F70B0F070213E4AE0B9599CF6348B0EAC781225457
5011356209 45166 46496 7C20F6CF1A09EEE4F40FE6F70B0F070213E4AE0B9599CF6348B0EAC781225457
5014521658 35583 12943 66AD26819D296EF4FACCA2A4DDB6537CD984DA4C640CAA13FD65ECBDD4BB97E4
5005307151 63749 36475 CC8E11EF2B40654137A8CCB802E0309911A9F32C96781B7DF5E8A81AEA44B841
5009615485 50299 43576 3764839A0B5A3D1913917D901A1B8E502652355E22CD1700043CC61458BCB466
5009154275 36320 4535 7C20F6CF1A09EEE4F40FE6F70B0F070213E4AE0B9599CF6348B0EAC781225457
5013101553 45344 34799 7C20F6CF1A09EEE4F40FE6F70B0F070213E4AE0B9599CF6348B0EAC781225457
5004987130 40166 58178 7C20F6CF1A09EEE4F40FE6F70B0F070213E4AE0B9599CF6348B0EAC781225457
5010240040 29031 8885 7C7C0740C42BA971EDCB2CAEC89C33109AD1BDE03D0D60732672FFDD8E4270DB
5008304340 46579 46628 577C85B6A3C9CE11E73FE76F97EFA4D3C395E2BD3DB231BE09DD0C72ABEFEA7A
5013913507 37226 23303 7C20F6CF1A09EEE4F40FE6F70B0F070213E4AE0B9599CF6348B0EAC781225457
5013555596 36899 12433 76D46D9D7459921986656566EC278F8379D836DD3924B95C8AD1496A23F04F0A
5008872193 38290 6781 7C20F6CF1A09EEE4F40FE6F70B0F070213E4AE0B9599CF6348B0EAC781225457
5013087916 45563 7607 0299EF297B7F688EE8325D1ED8D1E370CE162BC82F471BF6FFB960C304D0AC0F
5009261061 40423 13585 47395A69F75609EE7FE9A15219ED41E0B0F98183D16D736D69C40DDC027D583B
5014110933 45201 47046 BB65C6E4302973A17EF24757F205149E0E6B8AAB76E60B418216FC6AE72C0761
5010900297 13307 12144 7B491428E325EBDA65F10FD4BBA88915D777BF4AB1DF634108049A91564BEF36
5006333237 21403 17285 03E8E094A9DAC01623CDA80390F22840174A32840E26A3A1D2B56D68FEF445FA
5013897022 30053 19633 D569B81C2B4C2C7D8FC4297E494C901DD042A0918E232A8E456ABED132E0539F
5006516610 63535 13706 C127FED5E39F72941195256ECA5B08DEA5CB40E044ED0E9A1AA23A049A505768
5012413449 64216 10881 7C20F6CF1A09EEE4F40FE6F70B0F070213E4AE0B9599CF6348B0EAC781225457
5011408655 48686 28246 7C20F6CF1A09EEE4F40FE6F70B0F070213E4AE0B9599CF6348B0EAC781225457
5006918279 43319 35171 54B0361CD3B362B4033461A95ABE8B6CB0414628424EB7015A50BEDFA473BC60
5009517839 40680 20946 7C20F6CF1A09EEE4F40FE6F70B0F070213E4AE0B9599CF6348B0EAC781225457
5007989676 23372 18507 7C20F6CF1A09EEE4F40FE6F70B0F070213E4AE0B9599CF6348B0EAC781225457
5013218350 29557 25072 5184AF2EE6C2E1E6D80AD0337FD1423DB87A101A16D5E45DC401730E42ADD425
5007131189 25470 15357 7C20F6CF1A09EEE4F40FE6F70B0F070213E4AE0B9599CF6348B0EAC781225457
5014248288 44022 16911 7C20F6CF1A09EEE4F40FE6F70B0F070213E4AE0B9599CF6348B0EAC781225457
5008184410 63960 38560 7C20F6CF1A09EEE4F40FE6F70B0F070213E4AE0B9599CF6348B0EAC781225457

Total of 0 tasks calculated error.
