Total of 100 tasks calculated correctly, accuracy 100.00% 
5033969457 830 40585 7C20F6CF1A09EEE4F40FE6F70B0F070213E4AE0B9599CF6348B0EAC781225457
5033391251 63753 22754 99812482A1F5532C23B8E3437B6D3EF26454489ED2D8B998AD77ECAF3E9C8299
5034253365 3868 6711 7C20F6CF1A09EEE4F40FE6F70B0F070213E4AE0B9599CF6348B0EAC781225457
5040112125 18297 42126 242CCAB6E1B3052F582986DBFA38A79C60138998EC32926C545FD5D79F575FC3
5038354856 16607 9656 2F0AE8A1556450FBC2B17F602641EA73B0B45C6CB7057F43962B9C5F3A7BC6DD
5032259773 9436 11902 7C20F6CF1A09EEE4F40FE6F70B0F070213E4AE0B9599CF6348B0EAC781225457
5037723394 39763 41029 522A6BFD5F0335A3EC2185E722FA66DF18BD835BC044FD8793B9EFF0334BFDC6
5031118936 59190 55537 7C20F6CF1A09EEE4F40FE6F70B0F070213E4AE0B9599CF6348B0EAC781225457
5032358036 39672 43838 7C20F6CF1A09EEE4F40FE6F70B0F070213E4AE0B9599CF6348B0EAC781225457
5032013592 1377 43838 F9CD7B611C0346EC66E7782A2ECFE92E49B3F8E4667D64FEAB944F2826A2BAA0
5037735718 3407 32247 9B9381BB92A90B31226093165DAC0D5AB26C0B16BC6AD02A5494FFB99642EAF7
5036041865 37684 6233 7C20F6CF1A09EEE4F40FE6F70B0F070213E4AE0B9599CF6348B0EAC781225457
5030868825 50191 27344 CAA3143748CCDB5A795472B97DFBF9EB7F28DBB24A4D2509C63D3E18FE6A9D74
5029783386 49560 52300 7C20F6CF1A09EEE4F40FE6F70B0F070213E4AE0B9599CF6348B0EAC781225457
5036186693 22353 61212 3B2F0C265FF5812308BB37297E2E100C404E603815B7DD65345E3BB51BAF964B
5034177812 8322 62706 7C20F6CF1A09EEE4F40FE6F70B0F070213E4AE0B9599CF6348B0EAC781225457
5036167273 20 8287 7C20F6CF1A09EEE4F40FE6F70B0F070213E4AE0B9599CF6348B0EAC781225457
5036215558 27022 15336 7C20F6CF1A09EEE4F40FE6F70B0F070213E4AE0B9599CF6348B0EAC781225457
5038479592 52 38386 7C20F6CF1A09EEE4F40FE6F70B0F070213E4AE0B9599CF6348B0EAC781225457
5028831772 8772 32530 7C20F6CF1A09EEE4F40FE6F70B0F070213E4AE0B9599CF6348B0EAC781225457
5038125642 65206 30916 7C20F6CF1A09EEE4F40FE6F70B0F070213E4AE0B9599CF6348B0EAC781225457
5032546547 29596 60322 7C20F6CF1A09EEE4F40FE6F70B0F070213E4AE0B9599CF6348B0EAC781225457
5039889388 32486 63512 7C20F6CF1A09EEE4F40FE6F70B0F070213E4AE0B9599CF6348B0EAC781225457
5039046293 46820 22284 7C20F6CF1A09EEE4F40FE6F70B0F070213E4AE0B9599CF6348B0EAC781225457
5036931684 25344 54380 7C20F6CF1A09EEE4F40FE6F70B0F070213E4AE0B9599CF6348B0EAC781225457
5038697435 13945 39865 2421939102934CC1EFFE2B16937990F7036D93E5C13B4D8FE61E0E3B60F338F4
5037038396 52072 13220 7C20F6CF1A09EEE4F40FE6F70B0F070213E4AE0B9599CF6348B0EAC781225457
5029016869 19758 31856 7C20F6CF1A09EEE4F40FE6F70B0F070213E4AE0B9599CF6348B0EAC781225457
5029672011 44977 62247 FC1A1CDB96AB068180A157DE7C34F89B2E24975627492CCD6BA1339A56A930C0
5037262800 4831 5640 81F3934B38C14A337B561EBFF6D51A8A47A6D630051F5D560CCFA96166B6A174
5034706170 1014 31058 7C20F6CF1A09EEE4F40FE6F70B0F070213E4AE0B9599CF6348B0EAC781225457
5032720252 62548 48609 7C20F6CF1A09EEE4F40FE6F70B0F070213E4AE0B9599CF6348B0EAC781225457
5029646736 59674 50531 7C20F6CF1A09EEE4F40FE6F70B0F070213E4AE0B9599CF6348B0EAC781225457
5035472743 44627 63584 6BB64D06EB0C7E591CF06EC34CCA5F8205701850DAB3D54C8F12535F2017A43F
5036499449 8379 27684 66833219112BF3197072A0CE6C3132E3F569A33F024B4CB17AAD83C7EC3AA9CD
5036029334 32894 62918 7C20F6CF1A09EEE4F40FE6F70B0F070213E4AE0B9599CF6348B0EAC781225457
5033631828 34043 21564 E47F45C5DACCEBB1BD51FAD11CC4ABAD28DB5C1119505A6FEE4E853DC12B9E02
5032750517 51970 19295 7C20F6CF1A09EEE4F40FE6F70B0F070213E4AE0B9599CF6348B0EAC781225457
5031783221 22178 19230 7C20F6CF1A09EEE4F40FE6F70B0F070213E4AE0B9599CF6348B0EAC781225457
5031207556 2562 42980 7C20F6CF1A09EEE4F40FE6F70B0F070213E4AE0B9599CF6348B0EAC781225457
5030094133 60748 48055 7C20F6CF1A09EEE4F40FE6F70B0F070213E4AE0B9599CF6348B0EAC781225457
5033272011 2585 31399 64BC0066532018FA1462BABBF95E3AC8873E2C5AAAD7832C6BA290B79006E64E
5037954241 26990 284 7C20F6CF1A09EEE4F40FE6F70B0F070213E4AE0B9599CF6348B0EAC781225457
5032390285 10628 11260 7C20F6CF1A09EEE4F40FE6F70B0F070213E4AE0B9599CF6348B0EAC781225457
5040267633 12008 30470 7C20F6CF1A09EEE4F40FE6F70B0F070213E4AE0B9599CF6348B0EAC781225457
5033616206 36757 56267 E1D598C7127E4D48E6F2D68B05893240133560EBC01094A8BEC9B06CB154C138
5037977007 17222 5590 7C20F6CF1A09EEE4F40FE6F70B0F070213E4AE0B9599CF6348B0EAC781225457
5030447391 32689 18767 92872D0235E264DD1D0BFD5AE5CA21C547A6B2720E003BAC18D1FF47162F2F06
5034546546 50287 64837 CDC65F4E3AE41EE4CD20384A1ED3650CD201AAE8ACCEB4B9A7612A91F656D17B
5035350335 21062 36750 7C20F6CF1A09EEE4F40FE6F70B0F070213E4AE0B9599CF6348B0EAC781225457
5040211740 62646 3471 7C20F6CF1A09EEE4F40FE6F70B0F070213E4AE0B9599CF6348B0EAC781225457
5039875988 4890 59304 7C20F6CF1A09EEE4F40FE6F70B0F070213E4AE0B9599CF6348B0EAC781225457
5031016625 59183 50280 BC76EFD829544E10A5B868DA1D83B8DDE0D27C5C1738A6683385AE7B32492DA6
5038781804 8221 21290 51ACD5DD72F3A867BB9D025D4FF70D858A8B1E7DA6E0F7368CD29E68123C548E
5036589896 57312 2474 7C20F6CF1A09EEE4F40FE6F70B0F070213E4AE0B9599CF6348B0EAC781225457
5033450142 4043 9910 6A86402A24B2AC2D81E03367CB1F3E66ABDED6A38A14202A653B18E5C3E912C6
5034893706 24676 1676 7C20F6CF1A09EEE4F40FE6F70B0F070213E4AE0B9599CF6348B0EAC781225457
5037120183 41268 61523 7C20F6CF1A09EEE4F40FE6F70B0F070213E4AE0B9599CF6348B0EAC781225457
5031051305 45284 51043 7C20F6CF1A09EEE4F40FE6F70B0F070213E4AE0B9599CF6348B0EAC781225457
5035946729 48934 38814 7C20F6CF1A09EEE4F40FE6F70B0F070213E4AE0B9599CF6348B0EAC781225457
5030296508 14753 44802 1A8F150755AACCDF7446DC1B17DFF38BE9DBAB2DA5221C818E76085994357972
5031922491 20828 46997 7C20F6CF1A09EEE4F40FE6F70B0F070213E4AE0B9599CF6348B0EAC781225457
5038049848 9790 34535 7C20F6CF1A09EEE4F40FE6F70B0F070213E4AE0B9599CF6348B0EAC781225457
5034936341 30039 30237 1AA0DB8C45F27719C60D3D8A67C15054B5F2698F6C7515A7410E8B1966A46EF0
5033549408 10096 64862 7C20F6CF1A09EEE4F40FE6F70B0F070213E4AE0B9599CF6348B0EAC781225457
5032441163 54505 63380 39FF7D337BA58233EC08AD63BFA3D59999BA83DCD8433222E89C937F1228FEA1
5034954154 148 37895 7C20F6CF1A09EEE4F40FE6F70B0F070213E4AE0B9599CF6348B0EAC781225457
5038994309 12776 25928 7C20F6CF1A09EEE4F40FE6F70B0F070213E4AE0B9599CF6348B0EAC781225457
5038681697 44825 3552 AD09E22751FF3B8F4CF0BB9CF97B4ADB5F1190629481D6D709B76730E5D9EA42
5030588814 607 10961 4D607E4246608671C10F81614AA7CBDFC9880CD7AAB90441C07081AA6E5F6116
5034696994 48402 60306 7C20F6CF1A09EEE4F40FE6F70B0F070213E4AE0B9599CF6348B0EAC781225457
5030350774 59166 18371 7C20F6CF1A09EEE4F40FE6F70B0F070213E4AE0B9599CF6348B0EAC781225457
5034608583 8223 35411 239DA7E8B175DE3FA3A887985DAEFACD7DBCC49AEECF8BC83EBCEC756D5E9156
5034848503 26959 9028 915D58978785C10312695C597F2A3F46FBA50D197737942177B10F49324A4354
5031478190 40536 62908 7C20F6CF1A09EEE4F40FE6F70B0F070213E4AE0B9599CF6348B0EAC781225457
5032013505 3867 11393 5596696B1D4538C9BF4F3C2BB420A98769D6E4D5E2A4B6A6E982EF8911B159DF
5035136003 10563 30552 C90C2CFF9E35F53D90FA3F05229DBD3B5FD779D1F066CB9FA2BC52B3967FC6A0
5038728450 1248 13149 7C20F6CF1A09EEE4F40FE6F70B0F070213E4AE0B9599CF6348B0EAC781225457
5033606737 10307 64595 2FDD46F2445AC0297B8CFEE90B61790D8B54FB4FBC8D5C6104F3053276838288
5032088730 49379 32543 83A268100050FA56FCC294783E443163D477AF3A5F51205AF1FBB8622CB57D2D
5032497054 9885 26215 4111EBDAFCDC8709A244A616915A215276FF10DC1E123BBDB53FE0FA623E415D
5032977992 40777 24484 C78D203403748FFC70898DE18AE9B4BAC0CBB1E0EE18A353A96E8BE1F419EFB6
5034961328 53263 1173 B4870F9A2B42C9408D6FC19955716BAC8EBF50848A2B31E7FB50948A4E94A55F
5038622511 51942 31171 7C20F6CF1A09EEE4F40FE6F70B0F070213E4AE0B9599CF6348B0EAC781225457
5031783505 25865 22010 039F4CDF0FB1C091E0ADCB5CABA2D0ECC4E40AD0BC99CF68D88BA516E70E794D
5034295230 18394 48037 7C20F6CF1A09EEE4F40FE6F70B0F070213E4AE0B9599CF6348B0EAC781225457
5034128717 47013 48174 9CD0043D3D93FF0999457830F5702A0F061305B95454F55428AFFA4241547692
5035692517 10497 40078 6F2ED2DCBE84449A54775E1899BBEE33E2372C9DCA47442454BD04A1B0FB7C1C
5037183801 49947 11019 2E41E278689A0463CC75674C3A8C2B27E8E125C73A2A7CAC3FA21008DDDDB50D
5031505995 36918 54257 7C20F6CF1A09EEE4F40FE6F70B0F070213E4AE0B9599CF6348B0EAC781225457
5034976411 36225 61684 99F5211C3C27E1336CDFC32B029F257D014C03EFE7FFCB7D40A639D7D3A96CFB
5036787532 61913 58412 4B5683DC7EEFC083A9E3A9148CFE94A1BFB56CFA73020065302E5274F7B53DEC
5038266568 31882 13026 7C20F6CF1A09EEE4F40FE6F70B0F070213E4AE0B9599CF6348B0EAC781225457
5040217498 15944 15673 7C20F6CF1A09EEE4F40FE6F70B0F070213E4AE0B9599CF6348B0EAC781225457
5035263303 62623 59425 BF10DBAC2FBA5D76542DA1BD34068874CF958FE21FDF6D3F94A8371A4F5D28DF
5029522288 14737 39601 C34890BC0B95DE543D2EDBA2EA269297703E04EA7AB1C7E939352522F8BA2D29
5034736833 38107 44247 F22375050BE860D7890C2D4347541653AAF7F4D68805289AA19C38F730094CA4
5031708847 22304 8263 7C20F6CF1A09EEE4F40FE6F70B0F070213E4AE0B9599CF6348B0EAC781225457
5029088276 41494 16256 7C20F6CF1A09EEE4F40FE6F70B0F070213E4AE0B9599CF6348B0EAC781225457
5035854872 58187 43148 D16BD043640D6BD5B8C6D2D1EE7E9079FD260229C9C91B03188AD224AB516F6B

Total of 0 tasks calculated error.
