Total of 100 tasks calculated correctly, accuracy 100.00% 
5056309425 56496 5709 7C20F6CF1A09EEE4F40FE6F70B0F070213E4AE0B9599CF6348B0EAC781225457
5053616374 32212 52001 7C20F6CF1A09EEE4F40FE6F70B0F070213E4AE0B9599CF6348B0EAC781225457
5061243358 31260 1466 7C20F6CF1A09EEE4F40FE6F70B0F070213E4AE0B9599CF6348B0EAC781225457
5057111414 3518 14972 7C20F6CF1A09EEE4F40FE6F70B0F070213E4AE0B9599CF6348B0EAC781225457
5053644886 17967 35328 7C7EB7218C431559183CC9E271F3B993E07EFBAD21049C23A31641BAA04189FE
5059271543 64368 32961 7C20F6CF1A09EEE4F40FE6F70B0F070213E4AE0B9599CF6348B0EAC781225457
5055135514 52101 23049 500605D38DC7A92378DAB5316641B9B239739F128A359A1FDC5695DCF8DA551C
5054630855 7197 14010 4250F9C6C7428CDD950B3974B987FEF1DD946E17072DD62DCA6F76788A70BFC7
5052613989 3991 7837 602DF1994E0805A2CD066C9527F871AFE028134827291E710C9FFD01D4C01929
5052625708 23929 59275 E6D0E1F6209EA5C99BC156C50DF4D356D90ECDEE99E948C8DACFB65C1AC77993
5062688384 33104 47194 7C20F6CF1A09EEE4F40FE6F70B0F070213E4AE0B9599CF6348B0EAC781225457
5060183217 64505 44614 CCD6EF86DC1643C60D1D66EE28F18D6AF98D7E163082B6591BBE36AA104A636D
5061941592 46423 46471 7843AAFD4D4857B32F8F444625235682BC514929617979CD1205F15C030AE4CD
5058183283 11033 19980 405D1AF8B59AA8991F3A5C7103C211462471BFE309E5C2548C13C99F9D7056AF
5062278513 51675 58573 795DD6C22AB07261FF3869E878CA864F5892D34139B04391346B019A8A1C7A30
5057980850 16466 45907 7C20F6CF1A09EEE4F40FE6F70B0F070213E4AE0B9599CF6348B0EAC781225457
5060599530 33317 23511 300A043AEAF7A29ACB9BD75D7E872D447260EBE3245A446AB73A6151A7C5F4A4
5055404357 8230 956 7C20F6CF1A09EEE4F40FE6F70B0F070213E4AE0B9599CF6348B0EAC781225457
5063222268 61533 37023 353CF523B392CACEE93576DE8E37F4C9A270245AF7347DEB072E973C5E4FC470
5064309022 10421 7334 3A594E7817206E8B3717D4DB18C3B2E39AF86A896321B2A4546C43A214E44CCA
5060593873 26841 64547 8890FBC11B402114B919375D72CC5CAB7A1CBFCFEBC12F7D2C6EAC9918B72884
5060954754 13406 48847 7C20F6CF1A09EEE4F40FE6F70B0F070213E4AE0B9599CF6348B0EAC781225457
5062931838 53748 10818 7C20F6CF1A09EEE4F40FE6F70B0F070213E4AE0B9599CF6348B0EAC781225457
5059968731 10870 58985 7C20F6CF1A09EEE4F40FE6F70B0F070213E4AE0B9599CF6348B0EAC781225457
5057952162 23112 51775 7C20F6CF1A09EEE4F40FE6F70B0F070213E4AE0B9599CF6348B0EAC781225457
5063628253 46966 16960 7C20F6CF1A09EEE4F40FE6F70B0F070213E4AE0B9599CF6348B0EAC781225457
5064135116 57500 52443 7C20F6CF1A09EEE4F40FE6F70B0F070213E4AE0B9599CF6348B0EAC781225457
5057229327 2710 61486 7C20F6CF1A09EEE4F40FE6F70B0F070213E4AE0B9599CF6348B0EAC781225457
5059185740 58462 38115 7C20F6CF1A09EEE4F40FE6F70B0F070213E4AE0B9599CF6348B0EAC781225457
5060037044 9607 52441 9AAC7E65695A819C9E97785B3D237EDD29B0007E6834CD96BF7969ED5542B754
5055682290 56900 27087 7C20F6CF1A09EEE4F40FE6F70B0F070213E4AE0B9599CF6348B0EAC781225457
5056123430 61892 21841 7C20F6CF1A09EEE4F40FE6F70B0F070213E4AE0B9599CF6348B0EAC781225457
5056239284 28441 56310 E3684C71C6702CF6F177B40340E1BA59A639339594DC5AF892BA9682392FA1C7
5057164721 8536 54082 7C20F6CF1A09EEE4F40FE6F70B0F070213E4AE0B9599CF6348B0EAC781225457
5056363149 42102 31655 7C20F6CF1A09EEE4F40FE6F70B0F070213E4AE0B9599CF6348B0EAC781225457
5062716960 61064 47531 7C20F6CF1A09EEE4F40FE6F70B0F070213E4AE0B9599CF6348B0EAC781225457
5062241688 62036 27854 7C20F6CF1A09EEE4F40FE6F70B0F070213E4AE0B9599CF6348B0EAC781225457
5058869529 53813 18110 4CAC6A92566778E57E78980A1477AA25854FCDC3419208F2A470CED25D449AFB
5053822729 33827 45467 5097996EBC60ED315286534D98032CC76134CA97CB5210781BB62AF3486B7DF7
5052507593 20548 20305 7C20F6CF1A09EEE4F40FE6F70B0F070213E4AE0B9599CF6348B0EAC781225457
5061205813 54910 63202 7C20F6CF1A09EEE4F40FE6F70B0F070213E4AE0B9599CF6348B0EAC781225457
5063301299 41538 12819 7C20F6CF1A09EEE4F40FE6F70B0F070213E4AE0B9599CF6348B0EAC781225457
5052620772 30272 16753 7C20F6CF1A09EEE4F40FE6F70B0F070213E4AE0B9599CF6348B0EAC781225457
5059159404 39671 12774 764AC5707F579253C7FB4AB59064F98FA970BA21A742EE99DF76950972E0A8E1
5055846752 35601 36957 4D1B2F170481ABB407A2EA3DBF9D08D8393B79D15338902663E1EF97C2B31411
5060222922 6346 24084 7C20F6CF1A09EEE4F40FE6F70B0F070213E4AE0B9599CF6348B0EAC781225457
5062235497 4898 1016 7C20F6CF1A09EEE4F40FE6F70B0F070213E4AE0B9599CF6348B0EAC781225457
5058772959 59825 53298 B346BE1F32CA5AB4152E3A0347D9E814AE578CB61350D7A831EF37999D612C03
5053959598 33459 44822 042B085866096A25963E453DC355E195021262E977FD66EA0F52A648F3353C55
5053553797 48697 15072 8737662EB8F9173B9648D7859A66CD1CC54D4102E72C095CEE59BCD3E040F74E
5061030363 8678 41470 7C20F6CF1A09EEE4F40FE6F70B0F070213E4AE0B9599CF6348B0EAC781225457
5062678594 5116 39615 7C20F6CF1A09EEE4F40FE6F70B0F070213E4AE0B9599CF6348B0EAC781225457
5052780919 20285 36426 F988AA3A1BD9A59584890D4BB70791FD5D03C9789F3F492553F0B3097004B3AA
5058806209 13513 262 91C11AFA0802464D98DC3F5019B3E2182342324C648034EA67F247708F287CC2
5063508894 16879 59425 A960B5BF8BE2D136F75B7B09B63AD939D0C564510D158CFE3EA8BC9CEC6BDBE7
5057376420 24212 39785 7C20F6CF1A09EEE4F40FE6F70B0F070213E4AE0B9599CF6348B0EAC781225457
5060669296 17205 54795 9E648E814327C133DC686D427E91635C381A162135C62199DBC12BB7E6E2D1DE
5054238912 7894 49320 7C20F6CF1A09EEE4F40FE6F70B0F070213E4AE0B9599CF6348B0EAC781225457
5056696467 29328 8231 7C20F6CF1A09EEE4F40FE6F70B0F070213E4AE0B9599CF6348B0EAC781225457
5059966070 26630 10952 7C20F6CF1A09EEE4F40FE6F70B0F070213E4AE0B9599CF6348B0EAC781225457
5052950632 55951 10328 154EBDF7B065DDAE3776F8830A3DD27770058EEAF8997C5E6EA2C28330C2E462
5055978463 41967 60714 0AA698ED59B4D63BF6EF057346ADE31FA990EF9D1E53CD5738249E6607CF2090
5060689798 60940 38388 7C20F6CF1A09EEE4F40FE6F70B0F070213E4AE0B9599CF6348B0EAC781225457
5061789888 11719 59305 73BA18D57EEAC94167D1A0D7B336DCB5CE98E845862DA0F287E054E2F88CE76C
5055521959 2059 24402 F65813554F06B6019C10EE3492CB426221242DA2069C856C89B58FDE01E9C184
5056064224 9704 59973 7C20F6CF1A09EEE4F40FE6F70B0F070213E4AE0B9599CF6348B0EAC781225457
5056100036 54029 58648 05121A6CD472C1FF9573305E5B706BFA69DB9D57FB5E290E501FD721397EF95B
5056425213 11771 21859 7CF64D954F8B581D5F55B85ED3A14579305F4B15226E11AB32477CC8EC5E5D04
5059463325 34774 44609 7C20F6CF1A09EEE4F40FE6F70B0F070213E4AE0B9599CF6348B0EAC781225457
5060617049 62364 19206 7C20F6CF1A09EEE4F40FE6F70B0F070213E4AE0B9599CF6348B0EAC781225457
5056079497 4341 23127 6846F3ABD4D856FFB09FF76F08B1CE0620264FCC8B2695D28C2CEF1AB82C50D0
5058232215 48199 53026 A812557C8429500B4F1C336C4D0D66D7008109164DC863E579A6D36637EEF345
5057776511 10364 14715 7C20F6CF1A09EEE4F40FE6F70B0F070213E4AE0B9599CF6348B0EAC781225457
5060847151 60516 24804 7C20F6CF1A09EEE4F40FE6F70B0F070213E4AE0B9599CF6348B0EAC781225457
5061991839 34721 32766 AD39647F652C38248CF4870EA1505A50FA4FF465F69CF31D0F1CECF2246BA15C
5053101434 20208 26088 7C20F6CF1A09EEE4F40FE6F70B0F070213E4AE0B9599CF6348B0EAC781225457
5061645356 2229 18132 5E58AB75FF6060AA59A11BD1AD501B604FE2156EB4F80A8C051E594503D2C23C
5055339378 43839 5310 730ADDDB7A86093AD61112B39C6C77137255576B84F8AEA7247325F6CD78190C
5063420245 27184 43043 7C20F6CF1A09EEE4F40FE6F70B0F070213E4AE0B9599CF6348B0EAC781225457
5063360771 5263 35975 2AA7F2E9340B97F767A9B7EE2FF47100489B668CB5B39F8E9F94C591EA83DD9C
5059115358 52143 59027 D27FA02C255832770F60B772F79856DB4039168D2C3154DFE00B940D38DE0E7E
5061233734 49509 38164 E4ECA777A0D35F2E9A563FBF0DFFA50F4359A4BB5462D3768F63970A1C09500A
5062567281 31526 52798 7C20F6CF1A09EEE4F40FE6F70B0F070213E4AE0B9599CF6348B0EAC781225457
5058158014 62602 25397 7C20F6CF1A09EEE4F40FE6F70B0F070213E4AE0B9599CF6348B0EAC781225457
5053994697 49773 22351 9F05D5A1088611A25BA0A613EA4557C89D47510E647074BFD86346693D648777
5056319708 9695 32449 D6376C4C0B27D5126B820025257184B917CFB00DF7A2BB6E4884608D0CA845C2
5059861734 28017 58867 0522C9EA4708B167E9E2DD78DA44681F1E3164144F8D5AC9503A74B883A3D82E
5060934477 52403 43219 0ED4AE8BB0C419CCD76CBBCE547542D98964A398E4E3D12E4B42327662C167B6
5063706294 25208 50186 7C20F6CF1A09EEE4F40FE6F70B0F070213E4AE0B9599CF6348B0EAC781225457
5055868698 48655 41491 B60BC737D09FD1C5ACA36BC97E913657896A43ADC69393A1243E07B2E755EEA0
5063699169 16675 51614 61AD4DBA63F851E522416D6730D35A954B2C32FE3215F46C5CD1E82536A8D136
5060556853 57118 26076 7C20F6CF1A09EEE4F40FE6F70B0F070213E4AE0B9599CF6348B0EAC781225457
5056305252 45297 2462 63F0A7AFD0A92ABACB80BBCE725BD1FB32615B8A18DB5705E9D33DD1C88F1702
5060057153 29455 52401 3E8F8B5B2D97680835D9BCDA5EEE91DEB81C39906850F699772CD921A28CACF3
5054632803 49404 28247 7C20F6CF1A09EEE4F40FE6F70B0F070213E4AE0B9599CF6348B0EAC781225457
5054514579 49738 41821 7C20F6CF1A09EEE4F40FE6F70B0F070213E4AE0B9599CF6348B0EAC781225457
5052603445 58716 19315 7C20F6CF1A09EEE4F40FE6F70B0F070213E4AE0B9599CF6348B0EAC781225457
5059632741 36335 36985 4AE5A05256344DFFAB9E61BEE04885D0C730B695A32A3CAB7B82828DB0B2A895
5058208986 41024 13906 7C20F6CF1A09EEE4F40FE6F70B0F070213E4AE0B9599CF6348B0EAC781225457
5059353966 27236 14609 7C20F6CF1A09EEE4F40FE6F70B0F070213E4AE0B9599CF6348B0EAC781225457

Total of 0 tasks calculated error.
