Total of 100 tasks calculated correctly, accuracy 100.00% 
5114142656 15963 40183 A13F472D6AB6C5C7DC61545A8CD81B61E22AE820D74FAE533C3721ED556A5E75
5121565687 43073 39251 9B257C7D9039405BDB20E46FEDD3E33A8F880764C5BA3B05CDA9C55D50B859C3
5114275560 17119 4398 A3411E49A27CE1EA35E1BB17ABCBA259DA9C4E227BC804C6A4EDE57ADEF7D6CA
5119507835 28090 20006 7C20F6CF1A09EEE4F40FE6F70B0F070213E4AE0B9599CF6348B0EAC781225457
5117540559 32350 64301 7C20F6CF1A09EEE4F40FE6F70B0F070213E4AE0B9599CF6348B0EAC781225457
5121642196 13703 64615 F8951685889AC04297A279963B4DC7FC39690F1E38D4404C4856F6556D533350
5116260214 1775 54670 C6930345757B847395416E4F5C0F45A3DA96AB333F24C168DE0DBCA22009D034
5112813284 42972 57261 7C20F6CF1A09EEE4F40FE6F70B0F070213E4AE0B9599CF6348B0EAC781225457
5119318099 64806 32507 7C20F6CF1A09EEE4F40FE6F70B0F070213E4AE0B9599CF6348B0EAC781225457
5121103464 3665 10106 F51EAF2D3DAC7DF996AB86585FE3E91B94A4B124076F63EFC17A5593D9D64516
5114749328 51278 56139 7C20F6CF1A09EEE4F40FE6F70B0F070213E4AE0B9599CF6348B0EAC781225457
5115567953 47782 48219 7C20F6CF1A09EEE4F40FE6F70B0F070213E4AE0B9599CF6348B0EAC781225457
5119736816 17748 56358 7C20F6CF1A09EEE4F40FE6F70B0F070213E4AE0B9599CF6348B0EAC781225457
5113899797 7270 24694 7C20F6CF1A09EEE4F40FE6F70B0F070213E4AE0B9599CF6348B0EAC781225457
5121311614 40606 54468 7C20F6CF1A09EEE4F40FE6F70B0F070213E4AE0B9599CF6348B0EAC781225457
5121243286 21767 28518 2C4BFB4C0BB7612267382FA7E1A75DBC6B3BED8FE46F339F84BE502B77633949
5120477374 11945 32131 9DEA3E463657CF5FAFAA37F3403AAB258728BE913D4DB3F461F4DEE86C6E0DD0
5117586911 28155 53086 0A2E83CCC534624549B97F445612D13439901A0762BA76988F0C6D981B76FC51
5113443112 8679 7236 B4C200B6B5DDE386BD5CC5448A303E8473E53AFDFEB0A0254891188B59C4BA0E
5114346570 32645 34210 4AC1B3CFDFC2017F0A12EC9810C7EAEDF5C6BB1789E360595C15D56AFE569F79
5123239683 47563 27915 D327D338E27A93E95B468A779DC61599BAB3A14671497990A87EE6248392C2D4
5121439503 17941 54797 ADDFFCB728E18517B92D5DDD585B0B48F805909B256114DCC7D8AD1D80425621
5121608573 64438 32136 7C20F6CF1A09EEE4F40FE6F70B0F070213E4AE0B9599CF6348B0EAC781225457
5124025515 52704 3778 7C20F6CF1A09EEE4F40FE6F70B0F070213E4AE0B9599CF6348B0EAC781225457
5113262454 1017 53447 BBC053D00DAF1A8DC606EDD728A0EE9A249DB51698388A4056661C5D8DB5B38E
5115271638 13743 57919 A2B369DFF1833697E3910F681D412E542781DABE39636EEDB7018393111B2C5E
5113215495 62976 23229 7C20F6CF1A09EEE4F40FE6F70B0F070213E4AE0B9599CF6348B0EAC781225457
5116481470 3274 38874 7C20F6CF1A09EEE4F40FE6F70B0F070213E4AE0B9599CF6348B0EAC781225457
5117798812 19418 17428 7C20F6CF1A09EEE4F40FE6F70B0F070213E4AE0B9599CF6348B0EAC781225457
5124138307 60842 1581 7C20F6CF1A09EEE4F40FE6F70B0F070213E4AE0B9599CF6348B0EAC781225457
5124028146 12045 41755 275052FC707BB66D2A09716E0C7B664B06CF2509A224F2DB36C9163CC86C67C7
5113158423 39656 60126 7C20F6CF1A09EEE4F40FE6F70B0F070213E4AE0B9599CF6348B0EAC781225457
5118651155 30346 52271 7C20F6CF1A09EEE4F40FE6F70B0F070213E4AE0B9599CF6348B0EAC781225457
5123025063 28203 49724 5AD98CFDBCC553A9150F798B0D379DE7CD45CBD2DAB487BBC6381A1DA7C85397
5121198542 29600 8201 7C20F6CF1A09EEE4F40FE6F70B0F070213E4AE0B9599CF6348B0EAC781225457
5117830648 44465 12912 081A6FE0014FBBEB5CD790D5555217BC3333D2840AC03B45A19188B0782F2301
5120120782 63332 41842 7C20F6CF1A09EEE4F40FE6F70B0F070213E4AE0B9599CF6348B0EAC781225457
5120947812 7522 57611 7C20F6CF1A09EEE4F40FE6F70B0F070213E4AE0B9599CF6348B0EAC781225457
5117109654 53339 3910 802C5EC53CDCCF4C3340C85E857EFA1895505462A353D61C58229239FBD094E0
5117653222 47149 7598 790DE059E6070A5D5461A71129C035801E696B36E010B3FA4AD7080721C73387
5115937717 62189 16326 8BF92A99B2C554A485C684F63237110FC2B7D9FF6D43FE031555440B1627D976
5117101917 32831 23797 808FEA99B59B25782E5BDFC2A5C09F124261C787E8487EDC13B2FCBD40F04858
5121694135 40343 8115 4257D8CF82AFC3917DC10247ADA8AE27658FC0F1F49CA6D45A4B1AC977593730
5122300965 23563 2049 E7E8D67FD8B562C7142FE8D5CF8A1459024B571036A4DE04725670775B76F9AE
5115064119 54627 39809 A3FE4B768938AE2BBDF816F7EFDECC56022C1FB7E0C687E5EC9C59F5D245D090
5121069419 36148 46749 7C20F6CF1A09EEE4F40FE6F70B0F070213E4AE0B9599CF6348B0EAC781225457
5117343763 49754 53951 7C20F6CF1A09EEE4F40FE6F70B0F070213E4AE0B9599CF6348B0EAC781225457
5116349322 37434 59866 7C20F6CF1A09EEE4F40FE6F70B0F070213E4AE0B9599CF6348B0EAC781225457
5117165546 27974 15210 7C20F6CF1A09EEE4F40FE6F70B0F070213E4AE0B9599CF6348B0EAC781225457
5117322791 7216 60358 7C20F6CF1A09EEE4F40FE6F70B0F070213E4AE0B9599CF6348B0EAC781225457
5119383317 1007 22332 F06452A0DC9805C0D347441DA4A0180B409AF19CE9199991A53E26CD238E1F05
5112837987 56591 37686 F9A671B6A7CD00F94361797ED5CDA3504B9370899B56D581B8D372E6B252C24B
5114657313 29255 15667 17280DF8B2E15EE2520F35CCEF1F8B695B19ACF9633502AFDBF4BA715BB020F7
5113307641 27386 23747 7C20F6CF1A09EEE4F40FE6F70B0F070213E4AE0B9599CF6348B0EAC781225457
5124179064 64327 61099 CA21D76EB5D008A006179622F16EBEB5B10C7BA150C472BCCB0AFE2FE760AFDD
5122261281 48085 31577 CE5787FAB0E0AE66C383353C7F8BE3FD8155F6E6E87A83926B7D97EF3E626970
5121211773 19404 6768 7C20F6CF1A09EEE4F40FE6F70B0F070213E4AE0B9599CF6348B0EAC781225457
5115972495 56571 14410 08BED7944BA7A0025AB4AD843A62D95BABD5ED9E4C9D492B69930BE00482B7CB
5115641208 23176 16492 7C20F6CF1A09EEE4F40FE6F70B0F070213E4AE0B9599CF6348B0EAC781225457
5115962193 22039 59991 EAE2B45286B416088CCA488A9A22FE7ABB7CAF7CAAEB1F9D2BF3268B29275315
5113251659 13632 8497 7C20F6CF1A09EEE4F40FE6F70B0F070213E4AE0B9599CF6348B0EAC781225457
5117104102 65448 40827 7C20F6CF1A09EEE4F40FE6F70B0F070213E4AE0B9599CF6348B0EAC781225457
5116455830 16653 57755 71AC71C72AA4F6F532E8435B09514F90B3503D6DDA869DFA54880F17588BFE0E
5120086927 58762 14247 7C20F6CF1A09EEE4F40FE6F70B0F070213E4AE0B9599CF6348B0EAC781225457
5117934656 9761 20268 C06B85BD1989410F4BEC1D263A66A2A02CC5764FD0070305C82C4A0A26112F1C
5116623814 47462 36661 7C20F6CF1A09EEE4F40FE6F70B0F070213E4AE0B9599CF6348B0EAC781225457
5116741827 42752 13816 7C20F6CF1A09EEE4F40FE6F70B0F070213E4AE0B9599CF6348B0EAC781225457
5112895566 36760 39203 7C20F6CF1A09EEE4F40FE6F70B0F070213E4AE0B9599CF6348B0EAC781225457
5123236552 57190 39506 7C20F6CF1A09EEE4F40FE6F70B0F070213E4AE0B9599CF6348B0EAC781225457
5123652126 19528 45774 7C20F6CF1A09EEE4F40FE6F70B0F070213E4AE0B9599CF6348B0EAC781225457
5114530147 51609 14873 4FCCCBB7B61CC64F7EFAA6464205E18743A1CDA1CB542F4A805A5B4366965FA5
5118731200 31030 61144 7C20F6CF1A09EEE4F40FE6F70B0F070213E4AE0B9599CF6348B0EAC781225457
5119812402 44353 35904 B59B7EAAD059B0550C6B445937E9F1BFA7323261E61C37CB6922F517A9BFD17D
5120883736 29861 32147 D5DE025242E5D48EE27C361977FD1E7E315572C3929BC5C158457275069A18E0
5114050789 16450 37833 7C20F6CF1A09EEE4F40FE6F70B0F070213E4AE0B9599CF6348B0EAC781225457
5118660166 28860 6879 7C20F6CF1A09EEE4F40FE6F70B0F070213E4AE0B9599CF6348B0EAC781225457
5122259196 59094 18686 7C20F6CF1A09EEE4F40FE6F70B0F070213E4AE0B9599CF6348B0EAC781225457
5123114185 11620 27436 7C20F6CF1A09EEE4F40FE6F70B0F070213E4AE0B9599CF6348B0EAC781225457
5114490954 57580 44754 7C20F6CF1A09EEE4F40FE6F70B0F070213E4AE0B9599CF6348B0EAC781225457
5124286498 20953 32425 79AED4134101C87967C29E2B0EFBE46408B5C9324D4F4974883540ABE2BF27ED
5116175060 6327 51042 326D331D3A177E74CD9E0E90BE2A5B9F27838D86E6BC9477FB2D8B3F8C82B296
5123096343 5386 54140 7C20F6CF1A09EEE4F40FE6F70B0F070213E4AE0B9599CF6348B0EAC781225457
5113579677 30099 36473 44E14415DBA10177799529CC35142CFAEF1BA341F471CBFBF71E7154C607B06D
5118666307 41619 27384 3366B85805DD94082EE6D97481272E24DFD4938126E99EA7C725A0D31FD85275
5113414900 33136 37481 7C20F6CF1A09EEE4F40FE6F70B0F070213E4AE0B9599CF6348B0EAC781225457
5113573067 37315 5282 6AF7CA0366DBAF882AF179110BCEDED3CC7D47C09D53A9B61475BCFBA7CD4C1D
5114782091 4886 36448 7C20F6CF1A09EEE4F40FE6F70B0F070213E4AE0B9599CF6348B0EAC781225457
5115376167 29151 37375 268FD387B9A7C43ADEB16D3990C44158D00778CB357FAFF77F75A5AA9D62421C
5122440548 56417 36192 797CDD0059153A983E1F3B9DB0EE7433D372B6EA7E5BE73814D8A01CC866C22A
5124086434 1171 17814 985849E602886ED437D287D0A0ADAF7649CB3F3D9F2A9CB9198756B2F3094797
5114967992 8655 42104 E7188E0DD116667EAB761006965E14DB182D1BAA2028E6272088364C8D6CCFCF
5113783752 18857 63640 1F5673313F032F814100D139607252742FF32D668C64B26FAF47C99F7AE8B6E7
5123923343 9213 32972 F4F6B7CF8E2DF85359FAF68993FB6465A0B7E345A2A1CA72D6EB55504D2BA771
5113982436 3976 40474 7C20F6CF1A09EEE4F40FE6F70B0F070213E4AE0B9599CF6348B0EAC781225457
5112933099 54912 39336 7C20F6CF1A09EEE4F40FE6F70B0F070213E4AE0B9599CF6348B0EAC781225457
5120631224 995 59739 A7B8B1EDA78228B7ABD95C6E5EC9D41F5E08D1A71645C6F83B6D550DDD7022ED
5116007996 39815 9466 8985EF63E6E14CC35E8CDFE31C301153ACBCEE8BE91284B3B4237BEB0591283B
5113766310 56691 30710 E022969B6EFA185A11C429F73173D9565914ACD9F3728025E947F5C2CA5CEDB8
5118767161 12889 14068 9CB671363BD7B4F00168A82F43DDD7C36214DA884DA957FFE27AAFBA682A736A
5123267033 30471 60124 DA430F1D2140F2D7918DA75EA7676A5F15DD99D26A56EA7A4DB1C517928FFB16

Total of 0 tasks calculated error.
