Total of 100 tasks calculated correctly, accuracy 100.00% 
5143903853 61933 59226 8738BBA4D3D26C8331D75A5ACFAC25F4B6389C54A20E09EDFA7C30998E18E1B7
5138908729 27338 63188 7C20F6CF1A09EEE4F40FE6F70B0F070213E4AE0B9599CF6348B0EAC781225457
5141941107 22212 32557 7C20F6CF1A09EEE4F40FE6F70B0F070213E4AE0B9599CF6348B0EAC781225457
5145466902 32416 53411 7C20F6CF1A09EEE4F40FE6F70B0F070213E4AE0B9599CF6348B0EAC781225457
5138615121 3496 17171 7C20F6CF1A09EEE4F40FE6F70B0F070213E4AE0B9599CF6348B0EAC781225457
5143411282 63031 58903 8A863E2C84FE3C262E7165A526FB29F1CB19CF794AED133E8E86454A10A912D7
5142672382 26068 40232 7C20F6CF1A09EEE4F40FE6F70B0F070213E4AE0B9599CF6348B0EAC781225457
5144747735 3745 60524 E9BCD0127AB77130857E4FE1AB76567067BB587983D5C9D8E8B9001FC3A2D156
5140220820 64588 38071 7C20F6CF1A09EEE4F40FE6F70B0F070213E4AE0B9599CF6348B0EAC781225457
5147594233 32930 22026 7C20F6CF1A09EEE4F40FE6F70B0F070213E4AE0B9599CF6348B0EAC781225457
5144819938 29542 11712 7C20F6CF1A09EEE4F40FE6F70B0F070213E4AE0B9599CF6348B0EAC781225457
5140364921 1252 53300 7C20F6CF1A09EEE4F40FE6F70B0F070213E4AE0B9599CF6348B0EAC781225457
5138329299 22299 51431 A3ADFE45381C9BAE66ED86262FBA0B63E45723AA65D2422EF9279D2424C7FEC0
5140252543 53902 48069 7C20F6CF1A09EEE4F40FE6F70B0F070213E4AE0B9599CF6348B0EAC781225457
5139095707 1395 40206 632E858DFC8399188534354576B3C10F1ED54312505EEAC6F266520A01619A2A
5140351283 55344 39763 7C20F6CF1A09EEE4F40FE6F70B0F070213E4AE0B9599CF6348B0EAC781225457
5136746193 42495 33746 3224767CFCE0313E680762CAEBB30D4404E279B4B9B16C108414DC9D2C0CB6D0
5137583269 10993 54959 FED985A7EFA78350198A3F4A7CBC01E8205CDEC882BE39DF5A1CBBBECF41CFAF
5144511590 14865 23274 70C9D2A6BF80FEFCEE19A2B483096FAD5D1AA3E983755C17D26E70FB41CE607F
5140601756 15489 53129 E1564797A7ED7938915BE73A1F8F8C0C31D86DE02DBEE8B04ACF8A81F58A05F0
5141719158 32661 43056 AB91E22BC15629748D0F2C19A1CBD3B6897771B9E2A446620ECDD06DA0115992
5139965642 18392 32685 7C20F6CF1A09EEE4F40FE6F70B0F070213E4AE0B9599CF6348B0EAC781225457
5136976607 6053 3263 FEA69FD50C4AF7D9A62A816E55534F86961D71D7EDDB0C0B461C875DD8479BE8
5138794199 15714 56099 7C20F6CF1A09EEE4F40FE6F70B0F070213E4AE0B9599CF6348B0EAC781225457
5139647709 47202 47806 7C20F6CF1A09EEE4F40FE6F70B0F070213E4AE0B9599CF6348B0EAC781225457
5143029886 22994 60213 7C20F6CF1A09EEE4F40FE6F70B0F070213E4AE0B9599CF6348B0EAC781225457
5144963332 30597 39978 675EEAE4ED64D6E02F4C57A49E726AA5C69A49BD38A92499725D690BBC6C70A7
5142523273 29165 54052 96B9B735CE7F50DE9BF86538343680EC8B987553AD98243CB84CDBAC961E709A
5136738301 47775 21632 C74D735255A607A57694F5EA75D556E79D4B76259D3931A021A940BE232E758F
5145100377 7530 5144 7C20F6CF1A09EEE4F40FE6F70B0F070213E4AE0B9599CF6348B0EAC781225457
5142083275 10982 63978 7C20F6CF1A09EEE4F40FE6F70B0F070213E4AE0B9599CF6348B0EAC781225457
5147152106 44318 27010 7C20F6CF1A09EEE4F40FE6F70B0F070213E4AE0B9599CF6348B0EAC781225457
5138319679 50942 4294 7C20F6CF1A09EEE4F40FE6F70B0F070213E4AE0B9599CF6348B0EAC781225457
5140651638 52947 37140 CA995FD40CC359A801F3944B132D5C23555028EF9A32544454AAD4041AFD74BA
5136782875 13366 28944 7C20F6CF1A09EEE4F40FE6F70B0F070213E4AE0B9599CF6348B0EAC781225457
5141726802 2872 518 7C20F6CF1A09EEE4F40FE6F70B0F070213E4AE0B9599CF6348B0EAC781225457
5145597105 55626 20856 7C20F6CF1A09EEE4F40FE6F70B0F070213E4AE0B9599CF6348B0EAC781225457
5136890221 23598 25033 7C20F6CF1A09EEE4F40FE6F70B0F070213E4AE0B9599CF6348B0EAC781225457
5147726836 51666 9302 7C20F6CF1A09EEE4F40FE6F70B0F070213E4AE0B9599CF6348B0EAC781225457
5140082138 20677 61411 131A3172D28449C3CAA0CDC76391C0524DA821B577AFB63BDE817345BC3B1CA1
5141263426 20177 63803 6C07AEAB892869BA34829958FB2F0B97404B21C1C5B50590FF0166CC176DBB00
5137282572 64561 11735 377D253D3649D60F15819FF0B36C9ED9EE566248E257F024060399706EB15577
5146418151 42173 50979 763ADDB620AC25F3D0D68CACD08B61576AC1BCFFDE53D11EB2A7ADF1F9A68C96
5137728538 22674 36093 7C20F6CF1A09EEE4F40FE6F70B0F070213E4AE0B9599CF6348B0EAC781225457
5140792841 15877 38523 27F2830A52E0940B10D9C11FE4359539021C6A0743BC26E990E9EA2101556E69
5141792392 29974 18608 7C20F6CF1A09EEE4F40FE6F70B0F070213E4AE0B9599CF6348B0EAC781225457
5145310049 50974 40419 7C20F6CF1A09EEE4F40FE6F70B0F070213E4AE0B9599CF6348B0EAC781225457
5145426578 3802 22308 7C20F6CF1A09EEE4F40FE6F70B0F070213E4AE0B9599CF6348B0EAC781225457
5142024718 45463 2441 0E40AAABD7716E0EC21B9EC583CFF1F829A1244C292EF977836A4DC9F69109B7
5145131651 42460 14669 7C20F6CF1A09EEE4F40FE6F70B0F070213E4AE0B9599CF6348B0EAC781225457
5142594232 40891 23331 CE84EC80390D1379EFD7A1A47A267A0F5E01A15CB18F08B06BD62E26893F2BA7
5143076366 21433 22160 E249D5B9D1E049B6D1E1AE05FC965C2528A1F8B07D3F7B42F863BE7AD31A1FE0
5140379937 28498 2837 7C20F6CF1A09EEE4F40FE6F70B0F070213E4AE0B9599CF6348B0EAC781225457
5147093275 49832 9821 7C20F6CF1A09EEE4F40FE6F70B0F070213E4AE0B9599CF6348B0EAC781225457
5141114210 337 40484 1F5D05EA26907D138A590A66194B0997CE0CDBD56A79E06677CA0DB9BDF22A5D
5147007720 20828 13896 7C20F6CF1A09EEE4F40FE6F70B0F070213E4AE0B9599CF6348B0EAC781225457
5137867104 62711 57691 99C4882AFD6A39D673BE6F379EF681B2685241781212DC0BFAAB4427C164D8B7
5145577081 60335 52334 574786EE03F15ACABEB068C32B2EF3F6BE006FC54DA096AB131A43FA3EA66C54
5138331820 9953 17876 EA2A473C722382C3A475FDE6A6DFA627E7B8DB368E974F8F5739E2CE3753A812
5142044212 30554 13249 7C20F6CF1A09EEE4F40FE6F70B0F070213E4AE0B9599CF6348B0EAC781225457
5138534804 58411 63407 FE57D7D262DA5303656E21FA92F6F38692F36F7D7AC4445C4219789C7FFA08BD
5141047561 55132 17245 7C20F6CF1A09EEE4F40FE6F70B0F070213E4AE0B9599CF6348B0EAC781225457
5147297588 47739 48460 01FB804C23C462ADA63241505F8D5E42F4EC7FD99E7E2374E33EFBC575524352
5143861419 28036 47478 7C20F6CF1A09EEE4F40FE6F70B0F070213E4AE0B9599CF6348B0EAC781225457
5145427719 64477 25046 BEA0B6074E16C2B101CAA77BE600FDAEE4E3F3F1423D88BFAAF72E8D6B51CA5A
5137359199 44255 23459 B74DC2A520160E23916593FE7E4E40A1963C4578B987A53066F0CFE471BA13AA
5146361695 45460 49047 7C20F6CF1A09EEE4F40FE6F70B0F070213E4AE0B9599CF6348B0EAC781225457
5138587349 13091 29942 3917D7C1871D039E149252125355F73DA864155BDDAA77AF753050EF64C0885C
5142338606 3224 17139 7C20F6CF1A09EEE4F40FE6F70B0F070213E4AE0B9599CF6348B0EAC781225457
5145871613 14171 28694 2122ECB041EB9F2EEFC66541EEE39296FD2ACDABA4E84385D17B8A9E1943F106
5140659972 37521 44847 00F3225993F3FA51E9671933D05AAF40F49227E023532E270F05DFF15E9385FC
5142595565 6664 41394 7C20F6CF1A09EEE4F40FE6F70B0F070213E4AE0B9599CF6348B0EAC781225457
5138242888 14244 6328 7C20F6CF1A09EEE4F40FE6F70B0F070213E4AE0B9599CF6348B0EAC781225457
5143751927 35502 1760 7C20F6CF1A09EEE4F40FE6F70B0F070213E4AE0B9599CF6348B0EAC781225457
5146727171 62751 4197 A72E26A733B78EA34D6EF8B424238BD99E00AA9BB77E5A17248869494139DDD8
5142472755 22544 47995 7C20F6CF1A09EEE4F40FE6F70B0F070213E4AE0B9599CF6348B0EAC781225457
5138478926 9616 26502 7C20F6CF1A09EEE4F40FE6F70B0F070213E4AE0B9599CF6348B0EAC781225457
5145283496 40655 58655 41693BE085175593F71654769E00A86C6BC9C55A2F75E27FEF2925C7186A1768
5140793033 53363 13430 B5B17728BF5C681FC9C2D4BD3FCE5A53201F6D8532EFED3913D6EA60FDD5D002
5148073294 18795 62301 812E72788D36D81376930CFD3ED8A3EF26253500308F4CC4D42173FF90B200E9
5147018673 3724 33161 7C20F6CF1A09EEE4F40FE6F70B0F070213E4AE0B9599CF6348B0EAC781225457
5141081686 46117 8918 7364B22D5CE66C1F887D6027A20D90D374D772092E774BF41170B15ED6612B2F
5142767916 49906 21040 7C20F6CF1A09EEE4F40FE6F70B0F070213E4AE0B9599CF6348B0EAC781225457
5141739396 40504 19658 7C20F6CF1A09EEE4F40FE6F70B0F070213E4AE0B9599CF6348B0EAC781225457
5141214612 24531 58596 67C749503BC6F0634236544501401499D6933C64665BBC1F45887F600004F98D
5144196891 47871 45408 ACB17691A7E7ABD7A35AA1045BD005BD24A0E34319EDF3B8220AF20ACBCD02FF
5145370176 2089 44738 73C66CCAFF46FA6084CBE0454D45B5DBA1319E56761470E795E59B79D544F2B5
5139577415 36335 41219 24A2F6F49546F3A0C8C1B36FDEE9D70CF890E6C7F886C370F1AF6C10FFB2DB3D
5145146793 3191 37213 A515345195287CA04DCBF8111F27E18205EBE4B834AAFEB5CFF48C0D1C78049E
5143790317 56808 7379 7C20F6CF1A09EEE4F40FE6F70B0F070213E4AE0B9599CF6348B0EAC781225457
5143454682 818 56424 7C20F6CF1A09EEE4F40FE6F70B0F070213E4AE0B9599CF6348B0EAC781225457
5144116447 44996 26817 7C20F6CF1A09EEE4F40FE6F70B0F070213E4AE0B9599CF6348B0EAC781225457
5142676324 54017 20937 F03422CD6EFAEFD0FEB2F7C6FA6AC6C6694E9D88752E6224B82D960F979F8A95
5144736850 64857 2464 188EF4E823F55C76EEC91623384775C527DFDE8EE70847BC7FB81EF0CB26D581
5143630313 41037 36605 D61A372A78E59B728BADAB2784F43E6EA49E08365443CCC4238DF56A9A22E4AE
5137895733 33935 53880 5D175707E192BF53197B48AFD5F9BD2B102CDDDCE0644EB2A533B5BF76924574
5146877290 7996 26671 7C20F6CF1A09EEE4F40FE6F70B0F070213E4AE0B9599CF6348B0EAC781225457
5146392087 60633 4479 0F9D41E66DB3976F2B4BE08F660FB8B77D2EBD60DA8371967F47B0A1F1CEF1DA
5139568075 4414 27442 7C20F6CF1A09EEE4F40FE6F70B0F070213E4AE0B9599CF6348B0EAC781225457
5143979070 48276 20865 7C20F6CF1A09EEE4F40FE6F70B0F070213E4AE0B9599CF6348B0EAC781225457

Total of 0 tasks calculated error.
