Total of 100 tasks calculated correctly, accuracy 100.00% 
5181131882 38217 40416 A84E0E50930B3CD3ADC9308C985895B93460294673F8101E49DDC38A0A4ED4D8
5179408631 49812 39399 7C20F6CF1A09EEE4F40FE6F70B0F070213E4AE0B9599CF6348B0EAC781225457
5179055841 24552 55578 7C20F6CF1A09EEE4F40FE6F70B0F070213E4AE0B9599CF6348B0EAC781225457
5179563765 10171 57574 47F2784B94C714DE92B032A815B79414E38FBAD5E8219981D90F5D75633D40B0
5178814641 64284 48622 7C20F6CF1A09EEE4F40FE6F70B0F070213E4AE0B9599CF6348B0EAC781225457
5174333725 57214 8158 7C20F6CF1A09EEE4F40FE6F70B0F070213E4AE0B9599CF6348B0EAC781225457
5178129497 4390 12168 7C20F6CF1A09EEE4F40FE6F70B0F070213E4AE0B9599CF6348B0EAC781225457
5184281330 8182 50021 7C20F6CF1A09EEE4F40FE6F70B0F070213E4AE0B9599CF6348B0EAC781225457
5179187704 2393 57904 DF3F063B22B4C91359472727B32E90B08E770AC1C8620667274C7BF1FABBD1A5
5182014216 40811 51246 26A4ECCB28025710A2C912A280FD53EB368E3644C074B7CCAB585F457F14A4A5
5182629963 22399 61811 BE223212FB9DF1DF3F644CAC0B4080CDF3B689A26C4BA8F9E30A520D220AE941
5174895153 52792 28914 7C20F6CF1A09EEE4F40FE6F70B0F070213E4AE0B9599CF6348B0EAC781225457
5180791056 5285 40972 D0E2A2B2E8F60CCD22ABB62B8565A56840E3C2570B1014538BE629326E69170B
5180484065 43183 43454 0E14FFB07FC8D1D3383A2E8E7B089136D2A4192BF6F6E5AE871688B7F2ABA20A
5178733239 21590 30638 7C20F6CF1A09EEE4F40FE6F70B0F070213E4AE0B9599CF6348B0EAC781225457
5178687863 51985 577 B39CEAC3EEBC86589D3A55028468CEFDE55573AAB9D6567DFD47D595B7AB94D8
5178616939 27276 6255 7C20F6CF1A09EEE4F40FE6F70B0F070213E4AE0B9599CF6348B0EAC781225457
5177384988 63155 21352 20885D56C87CC81A5F5B8F4C67BE56EB31C2DC7BD59F873FDAA8BE5DE01B3509
5178267392 60966 1153 7C20F6CF1A09EEE4F40FE6F70B0F070213E4AE0B9599CF6348B0EAC781225457
5180348155 13518 41328 7C20F6CF1A09EEE4F40FE6F70B0F070213E4AE0B9599CF6348B0EAC781225457
5182734757 15449 46921 85885CA87C592A39904E66F9A065E82331DF47B24D35FF9F1DA81E19800EA216
5173602450 45474 17464 7C20F6CF1A09EEE4F40FE6F70B0F070213E4AE0B9599CF6348B0EAC781225457
5182311322 63646 4471 7C20F6CF1A09EEE4F40FE6F70B0F070213E4AE0B9599CF6348B0EAC781225457
5172762664 35426 64515 7C20F6CF1A09EEE4F40FE6F70B0F070213E4AE0B9599CF6348B0EAC781225457
5175587073 30777 58373 10155ADB18BE0E7F5C1D72BA4464BC96D2AD742518AD253D5A2D890EAA615E9E
5182155189 51728 31061 7C20F6CF1A09EEE4F40FE6F70B0F070213E4AE0B9599CF6348B0EAC781225457
5178602287 4230 64726 7C20F6CF1A09EEE4F40FE6F70B0F070213E4AE0B9599CF6348B0EAC781225457
5183498155 30286 52849 7C20F6CF1A09EEE4F40FE6F70B0F070213E4AE0B9599CF6348B0EAC781225457
5181903055 13947 54618 96BDFA4F3B40DEA7BD9DE1527E9867F6EA9F33BCD526D114D693FF9F34E068FA
5172729942 16487 14741 E1C5C8EC893B3138408169900E6B34F564676AD749C9E97AC3420E237031774F
5176520108 7731 20465 FB42FDA669E88E1C42A178EF532195EFAB0AC5E12376472F8EF8C88C1DAFCAB1
5176726849 61399 24725 CB24F5765C9A895DB44397C644D312ACD894D25F86F93D7202C88163F6031EC9
5174809365 332 36776 7C20F6CF1A09EEE4F40FE6F70B0F070213E4AE0B9599CF6348B0EAC781225457
5174524028 37382 42378 7C20F6CF1A09EEE4F40FE6F70B0F070213E4AE0B9599CF6348B0EAC781225457
5177715456 53287 46100 B514A6574D1C22B9956650A02B7F679AD234AF7480D418FD35A930E0110B8F6E
5174713127 65370 55454 7C20F6CF1A09EEE4F40FE6F70B0F070213E4AE0B9599CF6348B0EAC781225457
5180028647 641 39791 4D0CDB0EBFBB7E8615ADB23434D8548B01BEF18A0B357BD586483B7287B377A5
5181021762 54332 2772 7C20F6CF1A09EEE4F40FE6F70B0F070213E4AE0B9599CF6348B0EAC781225457
5180203362 6649 2872 CCC67F3B483D34CB62E2255D6947D6A33E1DD34D07C6F959BC620AC3128FD825
5173700461 25149 50904 6B42850EA2ADB202484D3D1FEE0740388031476ABB6607A5009C5C17C07C37C7
5182967369 52066 62885 7C20F6CF1A09EEE4F40FE6F70B0F070213E4AE0B9599CF6348B0EAC781225457
5173604675 41081 54134 AB7826CC5BBD1A4240792E216A50F0589B23C84ABECB5E5168A0F095DEA30DF4
5179960431 31178 22560 7C20F6CF1A09EEE4F40FE6F70B0F070213E4AE0B9599CF6348B0EAC781225457
5175268478 2890 13559 7C20F6CF1A09EEE4F40FE6F70B0F070213E4AE0B9599CF6348B0EAC781225457
5175732986 51255 24161 647CCA3D3C56867299242980EC86EB499B1D7C821BEEA2E75EA17B34EAFCFE80
5173847751 11365 61662 9CF8FE9129041AAB41C7464E51532D068B7963552FFD21CE0A447D871BCE2DF6
5173346105 15860 16125 7C20F6CF1A09EEE4F40FE6F70B0F070213E4AE0B9599CF6348B0EAC781225457
5175517680 62694 16245 7C20F6CF1A09EEE4F40FE6F70B0F070213E4AE0B9599CF6348B0EAC781225457
5178995607 35000 47232 7C20F6CF1A09EEE4F40FE6F70B0F070213E4AE0B9599CF6348B0EAC781225457
5179305305 37059 3934 2D40585F60AC4BCE73525CA98D8FF1B3A77EC2E526A05F0A6643559B0D9E4BC8
5172925102 5720 33571 7C20F6CF1A09EEE4F40FE6F70B0F070213E4AE0B9599CF6348B0EAC781225457
5181243907 31833 25183 79BE7C252A78564C1E6DEF4F750CAFB1F5CA7514A4B2A506BB101D7F9F607139
5178596602 19227 39055 5891FB52DD6E6E466F73050A6095785C17F828FE68A30C16F3B1A02E53D53493
5182868698 31334 1252 7C20F6CF1A09EEE4F40FE6F70B0F070213E4AE0B9599CF6348B0EAC781225457
5174150854 48778 7419 7C20F6CF1A09EEE4F40FE6F70B0F070213E4AE0B9599CF6348B0EAC781225457
5175662959 17889 28509 A9C1D1E84550CF8C9221D733E6FCCDE3514538A700FA9D9677E28068E2357DC0
5183827240 28603 8521 6F2399147722875D2B154A2DC237E54168CEB93EEE9A42DF693454602FD30ED4
5175211652 37789 24994 914E45CCC6D98F4F6DF528EADC9D46E258428BDFFC7EB832F4E12A23D901D99C
5175717162 9537 53869 2477939889116393A1E5992FAFE3A2DB7B4E8E49F55D8212835EF327611FE4D2
5174452716 54928 29970 7C20F6CF1A09EEE4F40FE6F70B0F070213E4AE0B9599CF6348B0EAC781225457
5177566773 57496 65149 7C20F6CF1A09EEE4F40FE6F70B0F070213E4AE0B9599CF6348B0EAC781225457
5175567564 22617 5046 1802DA119C81FD23821A9355A348D95027E025B9F67DF5D6DF2073FEA44EDFA1
5180301657 10552 59490 7C20F6CF1A09EEE4F40FE6F70B0F070213E4AE0B9599CF6348B0EAC781225457
5182620353 8483 47367 76F4A85F31835EFE8401E997F2D24E85235AFAD487195D5623CC49E5B72BD488
5182728901 21003 63298 17EE3E469DE8C2655F0D03754491E4AAA1C13512C93DB42979E1926F87088EA6
5182722688 46787 40461 E0BFDC790AD4841E13408298169A09033EE72B5EBA274576FD3144D9922DE1BC
5179382403 58427 52494 F0D9F653DD254F9D2CE42AF50038380858737EE2B8818455AEEBD589533A56A0
5176255229 29422 44954 7C20F6CF1A09EEE4F40FE6F70B0F070213E4AE0B9599CF6348B0EAC781225457
5177010540 64370 64747 7C20F6CF1A09EEE4F40FE6F70B0F070213E4AE0B9599CF6348B0EAC781225457
5184193065 60500 51642 7C20F6CF1A09EEE4F40FE6F70B0F070213E4AE0B9599CF6348B0EAC781225457
5178560024 22350 28012 7C20F6CF1A09EEE4F40FE6F70B0F070213E4AE0B9599CF6348B0EAC781225457
5174009188 54516 40255 7C20F6CF1A09EEE4F40FE6F70B0F070213E4AE0B9599CF6348B0EAC781225457
5180873932 20768 33473 7C20F6CF1A09EEE4F40FE6F70B0F070213E4AE0B9599CF6348B0EAC781225457
5176550090 42810 60197 7C20F6CF1A09EEE4F40FE6F70B0F070213E4AE0B9599CF6348B0EAC781225457
5178140503 18747 4019 6C38DC74BB1E441130CA9C7D3319BB80F6404A65245FE4CACD427C24B0C294AA
5176378444 23444 28187 7C20F6CF1A09EEE4F40FE6F70B0F070213E4AE0B9599CF6348B0EAC781225457
5175751596 49374 31614 7C20F6CF1A09EEE4F40FE6F70B0F070213E4AE0B9599CF6348B0EAC781225457
5177244576 48298 1966 7C20F6CF1A09EEE4F40FE6F70B0F070213E4AE0B9599CF6348B0EAC781225457
5175890291 5437 23764 98B1C1939BECD0E721B01712E5CEA4E4BE6082A80B2DC886C9CE5FB9A1007ABE
5180389581 9782 982 7C20F6CF1A09EEE4F40FE6F70B0F070213E4AE0B9599CF6348B0EAC781225457
5181194934 6623 42865 3DED82E6FEB05319229B94C4C0AA7119ACA2BBF4CFBBADF79C88D7E815278D9A
5179026109 987 22040 0F573760FBBB858B28794B15D5944745FEA697DC2CBC7EEC7ABBC1BCAE38808B
5181903491 5779 64869 BB27759048E792CEBC1286BDCC64D04CE6A3E14CEE56F8308ACB85CB08E6D2EF
5178284476 14181 22815 8869CA2DDFF7CBAD594C2950D37BD0A82790C1E0BCF2FB6C991A5E006B193093
5183748222 21824 51637 7C20F6CF1A09EEE4F40FE6F70B0F070213E4AE0B9599CF6348B0EAC781225457
5183348533 3032 18875 7C20F6CF1A09EEE4F40FE6F70B0F070213E4AE0B9599CF6348B0EAC781225457
5176620914 562 37048 7C20F6CF1A09EEE4F40FE6F70B0F070213E4AE0B9599CF6348B0EAC781225457
5183049572 55479 13032 3A5B0F3459CB25AD05EA820E4B68EF98D88B2E6C75C55970E9EABC5ABFA54B68
5173451573 1882 35767 7C20F6CF1A09EEE4F40FE6F70B0F070213E4AE0B9599CF6348B0EAC781225457
5175952443 952 36905 7C20F6CF1A09EEE4F40FE6F70B0F070213E4AE0B9599CF6348B0EAC781225457
5179471163 16315 10039 4F8ED49BD89AC363FD022089E580791249E72B71AE9572D986BC91D0E3B2BDEA
5182179467 6218 10097 7C20F6CF1A09EEE4F40FE6F70B0F070213E4AE0B9599CF6348B0EAC781225457
5174002405 38956 41255 7C20F6CF1A09EEE4F40FE6F70B0F070213E4AE0B9599CF6348B0EAC781225457
5179787555 42130 6692 7C20F6CF1A09EEE4F40FE6F70B0F070213E4AE0B9599CF6348B0EAC781225457
5184295715 55313 46438 D5C6B111D75F3444798D447D2B6E6DCC09AB75F64EA94CAE8CAA265A1B832FCA
5177071493 62043 58093 B3C349CF01D38FB5AD9DEAE74EF5A658605FF7FA17F39EB4EC684D7C7E6F90AC
5183001788 14092 14009 7C20F6CF1A09EEE4F40FE6F70B0F070213E4AE0B9599CF6348B0EAC781225457
5178022793 3066 64042 7C20F6CF1A09EEE4F40FE6F70B0F070213E4AE0B9599CF6348B0EAC781225457
5173400895 63480 57225 7C20F6CF1A09EEE4F40FE6F70B0F070213E4AE0B9599CF6348B0EAC781225457
5181879798 30103 59159 B43B8F1A66FC20645F5C2D8ACB036C4FFC9AD340DCF7BF873671272D1439BBC1

Total of 0 tasks calculated error.
