Total of 100 tasks calculated correctly, accuracy 100.00% 
5283268999 24359 5904 44EC8531D49ABFDE4BBF5AD917642689C2D97AD32ED0BDF87DF4A4A93DAAA94C
5283110261 42437 47334 1E204B82F9ED13ECEAE344236C0102215AB5D9D3CBA8536578CCCA8D7DC67C63
5288700553 36044 58196 7C20F6CF1A09EEE4F40FE6F70B0F070213E4AE0B9599CF6348B0EAC781225457
5290873914 32959 57211 F8974DEA3A3651C1A0B83863D1D5A2D02277F8F473D86F75657EC11B054DC88F
5284835168 60710 35911 7C20F6CF1A09EEE4F40FE6F70B0F070213E4AE0B9599CF6348B0EAC781225457
5288832741 57270 31016 7C20F6CF1A09EEE4F40FE6F70B0F070213E4AE0B9599CF6348B0EAC781225457
5288957861 54602 58798 7C20F6CF1A09EEE4F40FE6F70B0F070213E4AE0B9599CF6348B0EAC781225457
5286647271 52950 5450 7C20F6CF1A09EEE4F40FE6F70B0F070213E4AE0B9599CF6348B0EAC781225457
5287216863 61346 39037 7C20F6CF1A09EEE4F40FE6F70B0F070213E4AE0B9599CF6348B0EAC781225457
5290158672 56404 1926 7C20F6CF1A09EEE4F40FE6F70B0F070213E4AE0B9599CF6348B0EAC781225457
5291812760 32718 48266 7C20F6CF1A09EEE4F40FE6F70B0F070213E4AE0B9599CF6348B0EAC781225457
5284866651 41961 51942 38C71E02B9BF6D43AE51A27B6B06C43DDAE4D12769201D9C2E473E16CAD91BF9
5282625041 60815 23416 55464990244BC70B4AC23FAEDBF4A6946A70A87F2D2757BAB3676863175AC754
5283975497 25060 61014 7C20F6CF1A09EEE4F40FE6F70B0F070213E4AE0B9599CF6348B0EAC781225457
5289607996 57504 23071 7C20F6CF1A09EEE4F40FE6F70B0F070213E4AE0B9599CF6348B0EAC781225457
5287550784 40080 60976 7C20F6CF1A09EEE4F40FE6F70B0F070213E4AE0B9599CF6348B0EAC781225457
5284752984 46968 24771 7C20F6CF1A09EEE4F40FE6F70B0F070213E4AE0B9599CF6348B0EAC781225457
5292292792 51259 105 F7E26A992FA761E4B194D91C52931977191DB4B57E851BA355D972B2C041533B
5284764800 34378 53978 7C20F6CF1A09EEE4F40FE6F70B0F070213E4AE0B9599CF6348B0EAC781225457
5282252452 63164 25745 7C20F6CF1A09EEE4F40FE6F70B0F070213E4AE0B9599CF6348B0EAC781225457
5287660825 34514 53463 7C20F6CF1A09EEE4F40FE6F70B0F070213E4AE0B9599CF6348B0EAC781225457
5281917033 44952 46648 7C20F6CF1A09EEE4F40FE6F70B0F070213E4AE0B9599CF6348B0EAC781225457
5290525819 36798 59808 7C20F6CF1A09EEE4F40FE6F70B0F070213E4AE0B9599CF6348B0EAC781225457
5285830762 53071 23430 3D46FE0595969BC14B48EB56B750E020237463BDA89941E885AB2F731F3F9CED
5290148147 49766 58317 7C20F6CF1A09EEE4F40FE6F70B0F070213E4AE0B9599CF6348B0EAC781225457
5283773059 46985 31385 450933FFDB34DCA7A0DC5CB1D2257AB5A0727B39BB757E6DAF94ED7AC2DCF026
5290067095 3734 9472 7C20F6CF1A09EEE4F40FE6F70B0F070213E4AE0B9599CF6348B0EAC781225457
5284066160 64719 33548 36C8AFB22BB0612ACCA2A40D1E5B22BD33FD1A61326A6712911AE9EB87488ADC
5284886563 57813 32481 76292D2C6E1DAADA19787049DBD7781CFC1AF8F505B781F1117BB9196004DC5D
5290057655 47617 28329 A3B2D25DDCE7D4102F41ECC600DFB2648338024AD552991AB217A15ED11528C1
5284377868 55945 29222 6A3D0AD9201F16487FC6419D60EA9B47F8AF5F4A901EE5161A3AE9AF8E80F5A1
5289748065 46165 64890 30E25E933253ADA183FA4813CD66381F9816FC1F17D4CC25A068DDC830EC6E32
5285091691 13407 29025 963D782FD6B6197A6274AEAC66408046D3CA2A2855CA2B8310A9A46BA75B1FEA
5281101084 22102 54400 7C20F6CF1A09EEE4F40FE6F70B0F070213E4AE0B9599CF6348B0EAC781225457
5287412878 25140 15966 7C20F6CF1A09EEE4F40FE6F70B0F070213E4AE0B9599CF6348B0EAC781225457
5286753667 45364 24438 7C20F6CF1A09EEE4F40FE6F70B0F070213E4AE0B9599CF6348B0EAC781225457
5291694140 42499 2319 E93970D14189CC2CE27CF8E25C1FD8882FF2A85F0C3DDF3D2E3F6C41540E4FDA
5282086642 53904 34153 7C20F6CF1A09EEE4F40FE6F70B0F070213E4AE0B9599CF6348B0EAC781225457
5282079646 7266 7159 7C20F6CF1A09EEE4F40FE6F70B0F070213E4AE0B9599CF6348B0EAC781225457
5281250386 60705 26196 47DF7E7A01FBB17FDCC8577CE5CE4E7EE7C1EE2DFBFAE5B7121B6EA5D17AF1C4
5290076896 48010 24760 7C20F6CF1A09EEE4F40FE6F70B0F070213E4AE0B9599CF6348B0EAC781225457
5290859659 43795 32548 BED19DFB155094F72786182ACEAACF58C052DA7CFD7DED7529B2B069502D21A5
5290129555 32009 43020 DE3ECC7E7AED916485C1EF1649ECD566FB716A495986712176AF5C993CAE6156
5287455400 62527 48873 9418AE8DBFBB0DD22019946D48DAF5B4B1C634DE3E683F3B77DBB67680EC5E70
5287758359 16756 13147 7C20F6CF1A09EEE4F40FE6F70B0F070213E4AE0B9599CF6348B0EAC781225457
5289531463 5089 1373 C5842374274B2F3EFC2EC46347BDE5D81D5DEC904FFEE9DA342029A8935763DC
5291117384 26726 26733 7C20F6CF1A09EEE4F40FE6F70B0F070213E4AE0B9599CF6348B0EAC781225457
5281064532 46251 36288 2F2E571F2FB19DBEFDA24C9DB31C1360F83149543A6A75772756BB309C33B366
5281458265 64439 16890 CA34DBFAB51C3F52F5FB1B5BE91786064525AC9EE34838EA0495DC05ABDE8C65
5288455604 2351 49637 E6AA95C973829976387EBFBB3E8698A3B80AC940A9388130F23D694F69027C5B
5288385141 55307 3794 00C6F7A4094D3CF123259F65FA8B9C468BBC6F7D475A5655C6E4C9988A9008E3
5286518031 4615 24132 73B845BCB25C02B408599A2B8FC6C6A576EDA70BF1C736D5747955474B07DD94
5288161061 26705 43433 BEAD261C1B317E4DC040E63B5219511C020D3045AE9CB19423763F9A289D65A4
5291750662 38965 36774 0A32DC7FB460388FBCAEE194EB233844A230BFE20E3D4CFBC4073C50BA97C073
5289628334 3193 47802 080E069BC1F6C43783042EFF0ACF88A767E3B19B2EBC84EDEF06E57DDAE4DCCA
5288595845 13625 34778 FBB0B4AB5CBE52911EA495FDA30E0DC9F72FDFF8F5942C2277DF3E895899C8E1
5281285222 32105 13074 3F866D5D4DC6E90B6247C24D72C70E194807617AC9E55C161F8D7270F85EE990
5285155392 38188 38334 7C20F6CF1A09EEE4F40FE6F70B0F070213E4AE0B9599CF6348B0EAC781225457
5283007833 26141 43905 EC8363F9B62E6D7C026E962C7B49C0C80DAD22A07A729198A8958A58BBE5FF71
5286859208 16064 12059 7C20F6CF1A09EEE4F40FE6F70B0F070213E4AE0B9599CF6348B0EAC781225457
5285383135 7538 57598 7C20F6CF1A09EEE4F40FE6F70B0F070213E4AE0B9599CF6348B0EAC781225457
5290554770 15589 40089 2A58849B27A653CB278719D4B8EACE7B114F3C7DF6763E8EABD7FC63576DACD1
5292245480 45131 19646 2A4036BC4C57DFAC47DEF153ABFA73FDF21902CE33B5D3C77FAF2519C9230D5A
5283775342 19673 38816 9F45B7EB6CE985F88DEF80F6C524B560B5272666806B48D7379C77263C0E2214
5285559977 23407 21715 A774437C9D100F86EA13D4C7C12856ADB4AB0CE814CEF4DCA2863C4A44DB5EEF
5281142110 54649 3630 560DA9052505A79B0190560A975D435CFD868FA4D6486863EF57C09853B272D2
5290680828 3453 14831 ED88C26EB83D4FC2AEBD3E7141672494B5E456A16D025183E541A64888D053B9
5285834692 33797 31387 E07CF6BAC51E517212C5F34319E2C6D48017D14A59A90685B5004AC3D02BBE32
5291041795 38382 29665 7C20F6CF1A09EEE4F40FE6F70B0F070213E4AE0B9599CF6348B0EAC781225457
5286472185 11655 64734 F323B6AEED5B67D0BFB2F55B634EE6EA111ADF4043B6996C2A9FBF56C2B244C0
5280859302 30185 39519 43EE2D412604ED934D02F155F200261175B29DE4D1CAC6C015899BACA42A9F89
5290410619 23179 32327 4096A1D0A210E2C0CED14425084DFA785250B2DC2D32EB52BE295FC66DC99FF4
5289476559 64759 34886 5F1025E630096164B8631993C83562ECF842C163461544A061197365F558093C
5283852886 33161 11963 C792F4204B51A0E2F23D4E5CB800FDD0E7DBF16AAE65E111D3AE0D640A33B34B
5286711451 51370 25796 7C20F6CF1A09EEE4F40FE6F70B0F070213E4AE0B9599CF6348B0EAC781225457
5288318549 49985 25017 39BD2DA3296D9630706119390CC0E5EB20B90A8A1B8BC9C0B6E0C3BAA7094781
5285376793 30062 41341 7C20F6CF1A09EEE4F40FE6F70B0F070213E4AE0B9599CF6348B0EAC781225457
5289578655 26957 49285 2B01FD559A66D43B3D214DECED6B4266A55DAC7B9A3E9C39F2A6997307747ADE
5289356382 47512 16907 7C20F6CF1A09EEE4F40FE6F70B0F070213E4AE0B9599CF6348B0EAC781225457
5280972874 4801 1023 BA5B0E51858259F3306E80E368C75819A51488D724A9DD73CE71E6510186D539
5290059405 15175 7092 17773F75DFE027E1F7007633E8B9BEB3D8D0A54A3466FAA3517EF2482D2FAC41
5284849138 60841 12988 866CABA92EE41025ED5DEE2416DB13A81982ACDAB22083F48932E0C9A688EAC1
5282690961 9046 17316 7C20F6CF1A09EEE4F40FE6F70B0F070213E4AE0B9599CF6348B0EAC781225457
5284122262 47450 37634 7C20F6CF1A09EEE4F40FE6F70B0F070213E4AE0B9599CF6348B0EAC781225457
5286451839 25591 32045 9CCEB8F041142DC9FD16C257D5E3482BF755EB4D4A726C192112F92B828D7A90
5291300806 5004 18875 7C20F6CF1A09EEE4F40FE6F70B0F070213E4AE0B9599CF6348B0EAC781225457
5292345971 34464 41858 7C20F6CF1A09EEE4F40FE6F70B0F070213E4AE0B9599CF6348B0EAC781225457
5281241839 7668 25390 7C20F6CF1A09EEE4F40FE6F70B0F070213E4AE0B9599CF6348B0EAC781225457
5284377244 24482 2968 7C20F6CF1A09EEE4F40FE6F70B0F070213E4AE0B9599CF6348B0EAC781225457
5289657243 48930 62421 7C20F6CF1A09EEE4F40FE6F70B0F070213E4AE0B9599CF6348B0EAC781225457
5284452710 41495 11723 123A91A3F2A34DDD85B5ACD4B7F8564723DFABD2C9ABAE7CEC4471D3FE001854
5285578908 41050 47029 7C20F6CF1A09EEE4F40FE6F70B0F070213E4AE0B9599CF6348B0EAC781225457
5290435619 10086 12945 7C20F6CF1A09EEE4F40FE6F70B0F070213E4AE0B9599CF6348B0EAC781225457
5284877519 44873 55734 D7CA01902E979F670EACE18331FD6999258929173107F10F4DD000B6E2823766
5280593921 34822 51529 7C20F6CF1A09EEE4F40FE6F70B0F070213E4AE0B9599CF6348B0EAC781225457
5291755945 46889 25916 57153BD4CB04E5833B3AB2DC3A78E1125AD06120BE2311CE3A5C4B02889E6537
5288551727 25006 50879 7C20F6CF1A09EEE4F40FE6F70B0F070213E4AE0B9599CF6348B0EAC781225457
5285446209 7122 56193 7C20F6CF1A09EEE4F40FE6F70B0F070213E4AE0B9599CF6348B0EAC781225457
5289776907 49741 41173 38A2507E7CB3AB72233FC0DC9FABE6AE0AA806A61F23A4BEB60C5672336F6B84
5288620146 32526 64110 7C20F6CF1A09EEE4F40FE6F70B0F070213E4AE0B9599CF6348B0EAC781225457

Total of 0 tasks calculated error.
