Total of 100 tasks calculated correctly, accuracy 100.00% 
5294198185 34645 1863 0D36B1CC685B3C3121FBC7D77D1E411E92881A25757B8BCB2D5D80CF4BDCECA2
5298537739 21373 59548 CE84478F29911B1C861B28E7C1AEDD76EA42D79B7D29A504CAE8582AD4400176
5300869802 65531 9340 63E25884701AC8E1F888D75808C5DE0D2F1B6C1A2F4BB8A91436685064531EAC
5293125215 46556 50373 7C20F6CF1A09EEE4F40FE6F70B0F070213E4AE0B9599CF6348B0EAC781225457
5299572402 31234 57378 7C20F6CF1A09EEE4F40FE6F70B0F070213E4AE0B9599CF6348B0EAC781225457
5297708709 61035 53682 3468F16D10EF7FBCF474320AB5A46C1A729A59591CF8749F2A5EF8F4527DAC61
5296209041 36959 18914 0C120DC20DB9BC07EAF9FB02BE67BDAC5F71A579E07597D04DE0BF017203CD75
5295125602 27226 34457 7C20F6CF1A09EEE4F40FE6F70B0F070213E4AE0B9599CF6348B0EAC781225457
5295403521 39086 43785 7C20F6CF1A09EEE4F40FE6F70B0F070213E4AE0B9599CF6348B0EAC781225457
5301231754 24828 36685 7C20F6CF1A09EEE4F40FE6F70B0F070213E4AE0B9599CF6348B0EAC781225457
5296731081 40275 38558 54C5B461DB7E38501748F4739E67955490ED197DF74E96BEC1D0FF9CD82157F9
5298429052 24290 39595 7C20F6CF1A09EEE4F40FE6F70B0F070213E4AE0B9599CF6348B0EAC781225457
5300292469 48346 44095 7C20F6CF1A09EEE4F40FE6F70B0F070213E4AE0B9599CF6348B0EAC781225457
5302899473 3579 40096 8F7C0418D9F6DC62968F4B7359143D4E8DB4BE0C94693EA4E7AA3605F7FA4604
5298993582 28748 57471 7C20F6CF1A09EEE4F40FE6F70B0F070213E4AE0B9599CF6348B0EAC781225457
5304371493 48542 11795 7C20F6CF1A09EEE4F40FE6F70B0F070213E4AE0B9599CF6348B0EAC781225457
5301625073 63433 28309 6178F41179C44069E143E800F3B9AD50AD4AA7FCA73A33A1FFB04DF778F578C0
5300122348 41668 60466 7C20F6CF1A09EEE4F40FE6F70B0F070213E4AE0B9599CF6348B0EAC781225457
5299652746 5179 12228 4684EC499E650CE8DE5028C73DAF5D1E9D38CBE504233E0D339EEEE2662DEE58
5303601143 56637 64837 FAA130349DD573CE6691E2675009A3CF8480E778A38C8029575104E287569A0C
5297284073 59329 4712 80801A01EAC4C6FD76EC6A073C00E356B85265BAE26C3C4270A55922DEE6435F
5297576056 13838 51651 7C20F6CF1A09EEE4F40FE6F70B0F070213E4AE0B9599CF6348B0EAC781225457
5295786180 35951 58178 8FA73E61729F1021B8FAEA1E9C4E4FDE2F41C1217D9CCC2489ED2FA3FD9FA0A4
5294314673 34903 65195 D622B7D87976201FBA6D67065CADD3DEE7944F11A19D8DE5A7806FCA25523557
5293283283 6627 24177 911B2DADD757B928F1E548750E74972C60AB961ED57E8C34A56ED2912E8A7DA5
5298269220 21003 37214 837774CAB8DE2DE1F7DB4F972074DBAD07E13F755BE5244A21B5079347C46DF3
5299182428 16999 20869 F177353EA09FF9AF519670BC49436AF3FD4879CF634E7120EFD8CC9C998EEC3D
5299875773 43269 24068 56871AD606A001DD9DEFA54CB3D4BC5BD17C346EE78A8F718785020447B0F9BC
5292545375 43786 21543 7C20F6CF1A09EEE4F40FE6F70B0F070213E4AE0B9599CF6348B0EAC781225457
5293535311 50285 40432 931FA1EE824C39DD665D0BC860692434EA7466AEF3FA96296443F0561B102369
5296790420 32401 26847 EB9E32B31E658C70F830B75A5B9DF33A1C4945E44262620A4F2FC956389464BD
5301299669 17849 42110 2EF19D0AF09E5EAFAC8A6337779D190DAE1CECB994446ABB12C626FB7ACD2626
5298753857 54135 37546 1731F83464A71E87F22AC958294243019A09226DEAE18C16890689653300EC8B
5300938092 21907 15095 6D65E05A2062E08403B3C23D2756EBEEC74530DAF3EEF8CF4250FFCF25D29559
5293937696 50779 34705 26CA23A3A22562AE7A8137B4DED437404B15F3AC66F99F82EA8AD8EA3353190D
5293973927 30906 21678 7C20F6CF1A09EEE4F40FE6F70B0F070213E4AE0B9599CF6348B0EAC781225457
5297307433 26325 31757 CAC4E6AA6FD60084AC0DD6EE4858CD1E7E2D377548B4F44EAB27D7BF68E5ADFF
5298460028 34178 12442 7C20F6CF1A09EEE4F40FE6F70B0F070213E4AE0B9599CF6348B0EAC781225457
5293139998 35364 51048 7C20F6CF1A09EEE4F40FE6F70B0F070213E4AE0B9599CF6348B0EAC781225457
5298211460 64654 57645 7C20F6CF1A09EEE4F40FE6F70B0F070213E4AE0B9599CF6348B0EAC781225457
5297008849 28209 55526 B541CB1DDAC20B6AD0BA7A1CE9D5D349DF4BEB9950C6A71FE382168F8961BCE0
5300805635 4829 8351 0BF222B0FF026AF349EC624699570B118EA01F7EF07D3350079D8CA7CAE52D75
5296852432 63031 55671 81D6E7E5002E1980D014AA50D403944EFA9AC88543EB95D330BF4620F089C9D6
5298513703 35233 49930 5AE48E7F8393DC80367B5F402601AB2725CAEE97EBCA7ABFDFA8CA2AB0A37863
5299581085 14535 49651 42F5843F23C22FBBA7056B7FAB85159D50080FE8275E92C2648DAA2FEBDA1B7C
5296891371 65423 17213 7BE11A550B883C943887F0C8695CB70D7D8A9E2AECD1BDB3E2E3753A1CC90892
5301105184 13792 44427 7C20F6CF1A09EEE4F40FE6F70B0F070213E4AE0B9599CF6348B0EAC781225457
5300599980 41867 19027 A5A069D261923743D46B0DEB6CC2BEE347D7863A6676DC2751EDD00555CB8FCB
5303786944 29499 58933 81A4E88C8588AE65E79AB4DA877655928FC179F653026B0BD479CA8018EF4D99
5298854748 64771 16573 664C097AF4156A572B868949423CBFC93CB41646784824BD2AA794031BAA6CEC
5298085655 64494 56373 7C20F6CF1A09EEE4F40FE6F70B0F070213E4AE0B9599CF6348B0EAC781225457
5302283323 24618 46281 7C20F6CF1A09EEE4F40FE6F70B0F070213E4AE0B9599CF6348B0EAC781225457
5304349618 11141 33228 E1E403ED421529FE22E4083C7A3A42809EE0430E301870FE3E95826495B6D13C
5295713892 63340 22124 7C20F6CF1A09EEE4F40FE6F70B0F070213E4AE0B9599CF6348B0EAC781225457
5304252597 17611 35507 AC51117B70B5C9F1D34E16FEEB171096C3DFB4E33F791224DB26D796E6CE6410
5304130486 3172 37374 7C20F6CF1A09EEE4F40FE6F70B0F070213E4AE0B9599CF6348B0EAC781225457
5300933795 40302 35352 7C20F6CF1A09EEE4F40FE6F70B0F070213E4AE0B9599CF6348B0EAC781225457
5304199810 58330 61198 7C20F6CF1A09EEE4F40FE6F70B0F070213E4AE0B9599CF6348B0EAC781225457
5294567538 37721 1836 6321184E68EC50059FB2633897BA5EDD0DA24CA470DAB7F7AB8C317C81D2BCCF
5303867318 54460 3916 7C20F6CF1A09EEE4F40FE6F70B0F070213E4AE0B9599CF6348B0EAC781225457
5299988549 15060 62133 7C20F6CF1A09EEE4F40FE6F70B0F070213E4AE0B9599CF6348B0EAC781225457
5293827836 24899 37952 D27B10DA3754590829EAF4004AB730C38626CD68B36D04B6CF738C471D110ECD
5298779347 23329 30384 092E080D7E7CD731F60DA24D8A4A0FB0043E8234508EB5D7F5E79A0318F9E722
5299664554 31572 64873 7C20F6CF1A09EEE4F40FE6F70B0F070213E4AE0B9599CF6348B0EAC781225457
5297759504 58741 45060 9F394B39378B496E28B6837F2976684480B98681060FFBF293B7BDDFECC3F3AF
5293914075 64187 25001 18B586D1211BECCFA6E29F92E6AB3327A2C7AA336EA9137CAF2BB6F1F34E3A6D
5296592459 1224 41434 7C20F6CF1A09EEE4F40FE6F70B0F070213E4AE0B9599CF6348B0EAC781225457
5292565741 47744 49829 7C20F6CF1A09EEE4F40FE6F70B0F070213E4AE0B9599CF6348B0EAC781225457
5302814157 9049 45321 A30A727784A3F0C06B834E936D1C6585D867AB5811A125CD05277EEA4665FC29
5297766852 41067 4886 9EDA608168C492789B76D6A6AC043C07361AC670C87C3D560DAE230432595C8B
5296249525 61974 55429 7C20F6CF1A09EEE4F40FE6F70B0F070213E4AE0B9599CF6348B0EAC781225457
5293504513 30471 12117 E767D4D9F0527C94E031BE13F5CAA05519535F0E652B65C2A3739CC1C6979FC8
5302136735 27257 42345 6B6D625A49E5D20DCD067279A26DC8E147EFF93BF81269E63297F70BF5D1D63C
5299610934 35899 55326 2E5AA1AE40D31375EB004EA5626E45772A793ACED60EFBD6086B171256352E7A
5303628293 29688 27902 7C20F6CF1A09EEE4F40FE6F70B0F070213E4AE0B9599CF6348B0EAC781225457
5299254207 52945 35971 718DA7A0C04235AF5B2761385A89ACBB683C32D25B19DDFC8DFAD6DC46CAD755
5295291351 1642 18957 7C20F6CF1A09EEE4F40FE6F70B0F070213E4AE0B9599CF6348B0EAC781225457
5297511379 32894 14298 7C20F6CF1A09EEE4F40FE6F70B0F070213E4AE0B9599CF6348B0EAC781225457
5297408660 63192 29007 7C20F6CF1A09EEE4F40FE6F70B0F070213E4AE0B9599CF6348B0EAC781225457
5300412897 32257 47757 F3D855E0AA41799B8D6F012F7E9564A8EFC9A5256FBA24ED347E03D301CBE5B6
5297557000 6665 60599 8C8FB43D3457AADE7BD445F0369F08EBD7C607EE48070F73EE40B0F3FAC3F07D
5295823850 2195 47014 33352FEB4CDF68A04BF59E9EA67D984BBEDFF22FCB7A4963C15BD7714C12F7C3
5292993625 33750 33348 7C20F6CF1A09EEE4F40FE6F70B0F070213E4AE0B9599CF6348B0EAC781225457
5295974182 52047 45725 0F259428F53B984585C1046F147201D570D6C543D39180725709CC0617A0611E
5300164098 16855 42456 C799C773E0F78297932F96D637DB28D12C55D21038A3D0E44CB0606722DF363D
5296962547 17372 35206 7C20F6CF1A09EEE4F40FE6F70B0F070213E4AE0B9599CF6348B0EAC781225457
5302466661 55595 20450 5EB37E22C3ACC6B072472C067DC75A148CCA308C24C80AA027A88276D08A62D2
5302573815 42016 54265 7C20F6CF1A09EEE4F40FE6F70B0F070213E4AE0B9599CF6348B0EAC781225457
5292965629 34544 25148 7C20F6CF1A09EEE4F40FE6F70B0F070213E4AE0B9599CF6348B0EAC781225457
5300282342 30026 39919 7C20F6CF1A09EEE4F40FE6F70B0F070213E4AE0B9599CF6348B0EAC781225457
5301023862 21161 19551 B404DE0FBBD73F222C98AAD193D8BC1595FA120A14F65758F7B8AFB899FBF56F
5294442950 25639 15305 844A0DD55010C34AFEB54198D74BFEB146C85B89E711BD86F4558BB6CD170545
5297337010 56256 43351 7C20F6CF1A09EEE4F40FE6F70B0F070213E4AE0B9599CF6348B0EAC781225457
5302583705 47954 26614 7C20F6CF1A09EEE4F40FE6F70B0F070213E4AE0B9599CF6348B0EAC781225457
5301393177 35539 41452 B81980BCA07CEB9C78920AE13A831C6230F3D5FD7222D822E831F8C5EA0824BC
5300186123 12102 1160 7C20F6CF1A09EEE4F40FE6F70B0F070213E4AE0B9599CF6348B0EAC781225457
5297166411 11238 22682 7C20F6CF1A09EEE4F40FE6F70B0F070213E4AE0B9599CF6348B0EAC781225457
5298703416 33493 47442 224D1365406E81BA921DFCCFC3464F27707C0297ECE2148B00111EA943A1EEC6
5301613970 26326 62744 7C20F6CF1A09EEE4F40FE6F70B0F070213E4AE0B9599CF6348B0EAC781225457
5302451987 16833 30016 4A68E66F1B993B6654C497D4D034DCAC0032A7BBB90C2860E11DD29A9CDDC8CD

Total of 0 tasks calculated error.
