Total of 100 tasks calculated correctly, accuracy 100.00% 
5316268081 53594 60253 7C20F6CF1A09EEE4F40FE6F70B0F070213E4AE0B9599CF6348B0EAC781225457
5308330228 13233 46493 7A3873441042BDFB3D11D19EA16F48F426CDB6DA063B32640CD004A742DE6814
5307535559 33761 50684 E0E7ED7A8570CFF0C0DE49FEE61905E03AA62FAA7463CBC1CDCDF549772387FA
5308159427 57457 28531 BE3732BE493D1ADE32B5CED56BD9C6DB0B984DF73269D3F8D0F6A1A8DFBA1D2C
5307367134 25935 5181 370442BF229C807232AB153171FF19FBE36685BB3698B71D252C2D27DC811B22
5314764300 31832 6896 7C20F6CF1A09EEE4F40FE6F70B0F070213E4AE0B9599CF6348B0EAC781225457
5306649381 38265 45740 ECDF98D289AB2E2F8B7451FF8886CB41FEA3D660147D378DA3803B76635BB163
5315505583 63609 35823 D4A763D94113E13C60E88ADF6680517939F5AC66599253DE91862CEE1115986D
5306818735 22563 14239 CCA8FB13ABDB21DCE042AB6C8C43E2649708F0D04F8F5B10F15A576EBC77F500
5312208785 23253 32149 DF247C2625FC660C9374AC556B7289A17A31B8DD28A1117F2D8AADA4969E6A8F
5314566898 59452 42527 7C20F6CF1A09EEE4F40FE6F70B0F070213E4AE0B9599CF6348B0EAC781225457
5311204110 20326 35014 7C20F6CF1A09EEE4F40FE6F70B0F070213E4AE0B9599CF6348B0EAC781225457
5313577378 56147 41347 96091C74DDDD514D84E504C5152DCFBEB4E66B5081519D9253A32CC426671CCE
5309475710 36756 13804 7C20F6CF1A09EEE4F40FE6F70B0F070213E4AE0B9599CF6348B0EAC781225457
5305067038 3408 2740 7C20F6CF1A09EEE4F40FE6F70B0F070213E4AE0B9599CF6348B0EAC781225457
5314153281 62765 31049 7C750D6C7690AA6C3155F28064DCE7F04DC71AC00D3EF81CDF7BCBB87477EF23
5307643905 868 6547 7C20F6CF1A09EEE4F40FE6F70B0F070213E4AE0B9599CF6348B0EAC781225457
5312910950 10425 13129 5337E03F756069C50EE4164181EFC5805AD4B293AF787B74DEC9C840DF24781A
5312891233 26616 51721 7C20F6CF1A09EEE4F40FE6F70B0F070213E4AE0B9599CF6348B0EAC781225457
5304746142 29187 105 AA083C5F9BDB36E41E9469C11BAD476E2339A3CE0F39271C92E1DB79E61F1030
5306831045 22799 65030 6D6150C61BF760E2DFFF13D4CC7598E685082F254F5AFB4B1491E5B4079594CC
5309932344 4914 10997 7C20F6CF1A09EEE4F40FE6F70B0F070213E4AE0B9599CF6348B0EAC781225457
5309983510 23866 61260 7C20F6CF1A09EEE4F40FE6F70B0F070213E4AE0B9599CF6348B0EAC781225457
5312596350 13110 24735 7C20F6CF1A09EEE4F40FE6F70B0F070213E4AE0B9599CF6348B0EAC781225457
5307120064 23374 60921 7C20F6CF1A09EEE4F40FE6F70B0F070213E4AE0B9599CF6348B0EAC781225457
5311010733 18747 49080 7297DB892AEEA90D8400C045230800ADBCC8A199FFF00E9BC2FD7B583CC2FF93
5306708865 52230 54606 7C20F6CF1A09EEE4F40FE6F70B0F070213E4AE0B9599CF6348B0EAC781225457
5305627385 59759 42967 B38DE9DCE70C2A813E59006CEB3DA5057E7146288354B4A220B308906C2D4ACA
5314959071 14166 21906 7C20F6CF1A09EEE4F40FE6F70B0F070213E4AE0B9599CF6348B0EAC781225457
5310134567 16699 57544 0C560208431F3FCE2A19C2ABE1F3B50BF5ABD44A7113019E26187BCDFFC9DC78
5315378198 24413 28776 FB41C8B764046E4A8856B917D0DCC32DF3EF479F5238E1A0ED0EA029C553E015
5313557168 24556 56725 7C20F6CF1A09EEE4F40FE6F70B0F070213E4AE0B9599CF6348B0EAC781225457
5312049675 60784 29042 7C20F6CF1A09EEE4F40FE6F70B0F070213E4AE0B9599CF6348B0EAC781225457
5307567999 10604 41706 7C20F6CF1A09EEE4F40FE6F70B0F070213E4AE0B9599CF6348B0EAC781225457
5308412398 10407 22186 1B27BD98DA2BAB7388150C34E4D0369091FA6C2FB1A86FACD521DE8A11F126CF
5311327111 47469 10392 E7C73D5CAE132B0DBB61A912D07811216EADF9E44C54D3E44410586D2724F09A
5307551164 53074 63818 7C20F6CF1A09EEE4F40FE6F70B0F070213E4AE0B9599CF6348B0EAC781225457
5306407570 7758 35913 7C20F6CF1A09EEE4F40FE6F70B0F070213E4AE0B9599CF6348B0EAC781225457
5304917764 60470 57677 7C20F6CF1A09EEE4F40FE6F70B0F070213E4AE0B9599CF6348B0EAC781225457
5312493813 39003 27043 6C1548D5A53FBAB1431103A3F6E7BF1E9CADB075E0A8B971318DFEF4E5695CF5
5307365115 48562 24220 7C20F6CF1A09EEE4F40FE6F70B0F070213E4AE0B9599CF6348B0EAC781225457
5307256386 59971 19220 8BF87F6EA9D0BA77170111B807B4776556800BDB49C12ABACC4065BE43768D1F
5315386520 20479 62213 BA1B5AF831F796B5E88E8AE74F7414DCFBB9CA4B2BDD179C276AE626FF2B8FAD
5315104359 10745 42176 0DFAE7712A7BB679DC80D9E3FF76B12962A8B6F6A3A227C35712423A7B631FBD
5310114479 52759 45458 91317CE17F6C9F3B1919B09A62060FBCAE026344A6D8C007610D796845313A1A
5311017872 54227 19993 E27BB51779E007083B516201F3E8FF0C5A37BFD78945401B3946A023E291371C
5311958150 36275 54173 722ABA96C295514A57BE7132D6AAA46E8E87F3008BE90D2E4F7973936BD03DCE
5307987602 39979 15802 D07E76AA2E72238CBB917985280F88088908F7EBA0B0218A8807EA7C79B1844B
5311162469 20316 33234 7C20F6CF1A09EEE4F40FE6F70B0F070213E4AE0B9599CF6348B0EAC781225457
5305768370 36277 36570 6F93998BAAB7FB1BC1C3D50D7C2A7336782AB6EE238F8506A12EF23EE9AD4E58
5309781879 18876 63330 7C20F6CF1A09EEE4F40FE6F70B0F070213E4AE0B9599CF6348B0EAC781225457
5312335336 54039 24268 35E03F9DF73C07D4916D0B399A9BA8F6FAA95639AF41238FDAD38B2748146518
5309185939 2303 63147 BC3678AC41A8D6DAB2C0104921943B2F532B0C565C1D4A6ABABDEEB523FC8FF9
5311614209 30601 294 E5CFF4EA1E89DECFCD2804589D995404686A6E5AC8B0030A525EB83D875EEC74
5307237846 60440 62268 7C20F6CF1A09EEE4F40FE6F70B0F070213E4AE0B9599CF6348B0EAC781225457
5308399060 13551 53409 21C0ED0220F2C30249EC1ED8536C13E55F8491001344968448D14B9E956E3EEB
5310502484 4077 15967 C54C5B81A7A8159C268409CB25D777E70266445E474D891EE767B485C5951E4F
5315470408 42232 33772 7C20F6CF1A09EEE4F40FE6F70B0F070213E4AE0B9599CF6348B0EAC781225457
5304980389 6539 62748 75CF7CCFF63511492DDAFC9CD00EB1A9E5D23FC86B0D3050F1EE87BF92B64F2B
5311448940 19125 59227 71C5C845A1E4AD903B3BCC31267E2C3001ED52649B0DD4B99EEAD3BF17021AB6
5309146720 857 44605 D0225E02DBAFF94B19B2D4300D370043559B1F66C0E22A653FF7C8FB4A7EACD4
5315784287 22375 20722 246689C2193AADBA8B994E6CE66DC5934E982D8814DB013C27CB013E6A9A5A09
5314295290 57168 27585 7C20F6CF1A09EEE4F40FE6F70B0F070213E4AE0B9599CF6348B0EAC781225457
5314627962 40654 64228 7C20F6CF1A09EEE4F40FE6F70B0F070213E4AE0B9599CF6348B0EAC781225457
5311086379 57401 23949 B7994DCDBE4691EC9DCCA3F2AB9D8DC4641636A3D95DB954F2C2CA270751E304
5313785641 43330 6857 7C20F6CF1A09EEE4F40FE6F70B0F070213E4AE0B9599CF6348B0EAC781225457
5313594544 19100 61165 7C20F6CF1A09EEE4F40FE6F70B0F070213E4AE0B9599CF6348B0EAC781225457
5309212271 43954 41222 7C20F6CF1A09EEE4F40FE6F70B0F070213E4AE0B9599CF6348B0EAC781225457
5308575102 11890 63754 7C20F6CF1A09EEE4F40FE6F70B0F070213E4AE0B9599CF6348B0EAC781225457
5310568277 6389 4834 262739FD8571F0B07AB80DCBC9FD1C02343035D84CED18349C070393D68AA535
5311686844 60590 42851 7C20F6CF1A09EEE4F40FE6F70B0F070213E4AE0B9599CF6348B0EAC781225457
5306900759 6220 25872 7C20F6CF1A09EEE4F40FE6F70B0F070213E4AE0B9599CF6348B0EAC781225457
5307932644 3801 41660 A8543015B07797E7DECCAB374511C2C71B8C979DF4DD657481539481B6CFEE94
5307360790 10449 3045 399E723F6F1FB9EE28C3ABAD7B3FAD601C64C3956E07BDC1CFBD9132833C298A
5304776483 48484 35908 7C20F6CF1A09EEE4F40FE6F70B0F070213E4AE0B9599CF6348B0EAC781225457
5308718993 11611 60543 98D4C85D12E589370A7B7F0C72C1432FA5D5B9C079F9A384A38D05798F70A351
5306828944 38175 65207 B70E845E06738ACFDF97E53C237C4E27557FA7342CD37BE8B89C0D1112EAC86E
5315297111 59392 25415 7C20F6CF1A09EEE4F40FE6F70B0F070213E4AE0B9599CF6348B0EAC781225457
5305201500 12563 28569 DEFC9915CF38DCF6979FA7D088311BCF474E8696FB9340866AD3129E82D04740
5315161698 53442 54435 7C20F6CF1A09EEE4F40FE6F70B0F070213E4AE0B9599CF6348B0EAC781225457
5307801943 14967 38535 EAE6619DB634C088DF8CFF022F6B75BB234DE514F0EA97976025F3E4E32189D0
5308146528 21561 44478 4BE9475EA24019D38931CBA511FB1F0EA63A9178799F90C56147C0767B4B88BC
5305518877 6175 22239 21F22F4F3A9B11E733ABCE1D074E6C7DF33C993DB5EA9C6DFCE48F54F8312B4C
5307694115 3839 52810 AC36DD30913BFE7C3F95E0D785DBC08A7510FCA53CFB2D02EC26A01A244102DF
5310927378 5889 40867 B1A6061BDDC1735E2317C40FAD1771EBBF7559E22DB93B5C1BBD8767406E1627
5314122164 5626 35828 7C20F6CF1A09EEE4F40FE6F70B0F070213E4AE0B9599CF6348B0EAC781225457
5309032790 20827 13564 526165E1D784E50FAA7AC1AF36B6C5C0D20937C8D3C340D3413A57FE75A01656
5306989880 367 1021 7C77FBB0F0DB8F644A8C1577DB03BADF3205D632C969E4B7C9B3C7F06F01C42D
5315780102 14471 58199 2C4835F68DF0A213CE653BDAB0CFC9FA04A0A34147AB041E80676EF700C10317
5308216901 57115 21892 F350B61F27A433C495004A6A9ED5DBE015F95845E07392396F0BE1B1D5137D6F
5315031688 22935 17713 649C359D442152705AB051D55F7BC2C023E73F8B07B7FDC0D9AA663469F21D81
5305962941 23995 19711 157F1B15B8D81B410B997485DC9C5AD82E136873BC62ECF0A4B1FF6AC1623384
5311396645 18375 48845 8D5E13F7B2B5A5CFA708D7EE9AE2F356CECDE0DD813431543D894C92239632AF
5309982897 31919 14035 B0C99A37142AB74BBFCD2A4CF232B5881990F188C8B248275343E100A47879DE
5310449954 26120 60164 7C20F6CF1A09EEE4F40FE6F70B0F070213E4AE0B9599CF6348B0EAC781225457
5304691913 43795 1735 A572686958DA095A7222F5C4E99CA70AE719BC5D7CB2262D7851A7ACF317C24E
5310030585 5883 37183 CC2669BFAC5D8BC0410680D0D9FB10295F641E761D253FC9D87B6E8FFB6E878B
5315529609 13285 30153 0C67F2572322D389CD293F3EE99BB723BC074E55C244143718B7F69620EDB5B5
5316379306 26836 19093 7C20F6CF1A09EEE4F40FE6F70B0F070213E4AE0B9599CF6348B0EAC781225457
5304872313 3561 33896 29D01C3AE9265CBB0E9407EC06BD6A38C7ACD2FDAA02DA1DABEE99BDE7573D51

Total of 0 tasks calculated error.
