Total of 100 tasks calculated correctly, accuracy 100.00% 
5338572251 53647 21536 9B9D0E2991BAB14BF031C2A98983842D6DEE8572220B2F0E3ECB82F50D13A701
5330812277 380 34033 7C20F6CF1A09EEE4F40FE6F70B0F070213E4AE0B9599CF6348B0EAC781225457
5339288665 55009 62983 DF3BB0E7EBF02EB9B9B27DF580EE6626DAC5630AD838C818CA9C561C869BA91D
5332327187 51565 6061 851533DA1DB7B12704099D9E9D35ADAEC698777DA0FBE566B44F5566BB64FBEA
5335852888 17146 58394 7C20F6CF1A09EEE4F40FE6F70B0F070213E4AE0B9599CF6348B0EAC781225457
5335977522 35058 58876 7C20F6CF1A09EEE4F40FE6F70B0F070213E4AE0B9599CF6348B0EAC781225457
5333053565 63801 43131 874D294249EA9C70FD7CB520D74EC48DE568E696D4A50DE9CB3CE53AB3C8E2A6
5336624741 32362 33889 7C20F6CF1A09EEE4F40FE6F70B0F070213E4AE0B9599CF6348B0EAC781225457
5332763824 49744 45681 7C20F6CF1A09EEE4F40FE6F70B0F070213E4AE0B9599CF6348B0EAC781225457
5333177766 49470 973 7C20F6CF1A09EEE4F40FE6F70B0F070213E4AE0B9599CF6348B0EAC781225457
5329590063 15046 57740 7C20F6CF1A09EEE4F40FE6F70B0F070213E4AE0B9599CF6348B0EAC781225457
5338111911 14776 26613 7C20F6CF1A09EEE4F40FE6F70B0F070213E4AE0B9599CF6348B0EAC781225457
5333870742 62956 16511 7C20F6CF1A09EEE4F40FE6F70B0F070213E4AE0B9599CF6348B0EAC781225457
5329711946 4673 481 635E98FE15D351FBD0E1FC87E77C505E59DCD4CE3ADA8EDDF38FED7A42F710B7
5334470686 9210 29627 7C20F6CF1A09EEE4F40FE6F70B0F070213E4AE0B9599CF6348B0EAC781225457
5337986917 36586 58882 7C20F6CF1A09EEE4F40FE6F70B0F070213E4AE0B9599CF6348B0EAC781225457
5333097663 21804 19344 7C20F6CF1A09EEE4F40FE6F70B0F070213E4AE0B9599CF6348B0EAC781225457
5337751205 62650 15493 7C20F6CF1A09EEE4F40FE6F70B0F070213E4AE0B9599CF6348B0EAC781225457
5338502926 54123 57055 52AA45680AE3AE71670A71835C096ECF2469F40E1D3D6C8A6776179FEAC5DBB1
5332437681 8095 50423 BFAAF045DB64015F36871A87E8CC133F983C8A94D4BE9B463BEF78E9DDD9E3F0
5332706986 60101 5065 4B7A2BD3174A8C9E7173CAA6F0BB1D7037D598C35E3907F59FF8A1512C57A961
5338288714 43164 16213 7C20F6CF1A09EEE4F40FE6F70B0F070213E4AE0B9599CF6348B0EAC781225457
5336313118 25050 56497 7C20F6CF1A09EEE4F40FE6F70B0F070213E4AE0B9599CF6348B0EAC781225457
5336529877 61327 51223 9EA132FA34DBFCD42C58723C00CAC15867B91F51CEAA7F563DB75D42A6A84184
5338635257 31062 33091 7C20F6CF1A09EEE4F40FE6F70B0F070213E4AE0B9599CF6348B0EAC781225457
5331949623 20210 39754 7C20F6CF1A09EEE4F40FE6F70B0F070213E4AE0B9599CF6348B0EAC781225457
5339439058 1065 23320 7D14CC9B76375F6BE7383C7B72A37F5232CE7F2127F5E23FAABF5744A943727F
5338903607 44995 23452 1D6C67D7918BDA729F5782307279B108A022CB7B0C089E3D30F27D31172FF576
5340185903 1117 58416 84E54DEE6FFC91545CFCEF45DD392F9C5E50B2988D5309CBD89DEA550FF60118
5336757678 25243 29001 25CFB71F9081DFE9C133E803EA4F1953DDC4F75A5D7B1CEDD2429690A5722AFC
5330309495 59403 36572 AA3803C9C2055F12134054C9F565DB0163612B9AD4D614AB3676DF839C9631A5
5338448826 53246 24089 7C20F6CF1A09EEE4F40FE6F70B0F070213E4AE0B9599CF6348B0EAC781225457
5329083525 59126 35578 7C20F6CF1A09EEE4F40FE6F70B0F070213E4AE0B9599CF6348B0EAC781225457
5336318070 63879 60171 01DC2B633C693077A5ED45385CD18A2DF76AE52C793EC5178ADD86794EF44D19
5333039218 21890 23704 7C20F6CF1A09EEE4F40FE6F70B0F070213E4AE0B9599CF6348B0EAC781225457
5337876798 50722 15186 7C20F6CF1A09EEE4F40FE6F70B0F070213E4AE0B9599CF6348B0EAC781225457
5333793335 35914 13571 7C20F6CF1A09EEE4F40FE6F70B0F070213E4AE0B9599CF6348B0EAC781225457
5337309931 11416 51287 7C20F6CF1A09EEE4F40FE6F70B0F070213E4AE0B9599CF6348B0EAC781225457
5333665505 3415 49282 96D9B02DB1E5DD6C1D9D6EEF716E8E9E177354F414CE436C51A2C4580ABF422B
5340315243 35336 17099 7C20F6CF1A09EEE4F40FE6F70B0F070213E4AE0B9599CF6348B0EAC781225457
5336261346 28435 16587 FA848D5EFDEBA0C0FAFB656DDDBCF8F229CCC96A4FB45C0B9B66A484DA5F0F02
5330749355 6278 62944 7C20F6CF1A09EEE4F40FE6F70B0F070213E4AE0B9599CF6348B0EAC781225457
5329303533 42419 45604 E4B831854F53D96D0E9AAF37BFB70C98585E05724E468CA213BC37F3FB4FFCAB
5332545566 36988 38623 7C20F6CF1A09EEE4F40FE6F70B0F070213E4AE0B9599CF6348B0EAC781225457
5333923648 54751 42736 33BEFE4833BF7B295103945A06B85E3A35FFE992CDBA97ADEABD4B9F71E531BB
5333361869 53412 39168 7C20F6CF1A09EEE4F40FE6F70B0F070213E4AE0B9599CF6348B0EAC781225457
5336979421 26225 41267 6D9517F285D84A0D96A80A77A52148ADCFC39FF54459A99B1E8167951908B4CC
5339211754 22048 40481 7C20F6CF1A09EEE4F40FE6F70B0F070213E4AE0B9599CF6348B0EAC781225457
5336884089 38015 24716 7618E8EB69712D9A9FACD046DF8FA3F6AB581BDDC0F143DF3AE7F63436071309
5335435880 919 59478 C32C6778CC19E4837F8F0FFAD4D3C19A606B10F3A8A8D2116E3B3EFF885F11EC
5336644708 60403 30279 37B963630032FAD25698CBF3F2E83F914737DCC13982E501B00F20EBE776D927
5339401039 37585 10000 1BB27A958076A634F493DF1C0C160EB12DE58A0C8433E914C35C8E49474EB3A4
5331560257 18516 889 7C20F6CF1A09EEE4F40FE6F70B0F070213E4AE0B9599CF6348B0EAC781225457
5329270193 181 38268 0DF825AF5F79835692C780EF4E3DAB4B0B1155CCA4FB4FAAAA0AC826DD4B859D
5328664261 29231 46211 070F498E10496BC2CCD2BA2EE2E78E61B536728071980301B7EE178D8844DA4D
5329311935 27757 10926 70EA05FBB57E58EF7EABE3DE17F26047CB747CA4742CE0331381791A0ED20822
5333077797 38198 6769 7C20F6CF1A09EEE4F40FE6F70B0F070213E4AE0B9599CF6348B0EAC781225457
5333416726 64503 62191 40DD10F21C2E7C3901DEF9330A95200912558CBDA95B4A85D0D38E7EC61970AE
5335728386 1587 37265 88DAF0FC7D8562E0CDAAD671C57ED55B2A0EF7C6433D12315DE34B53ABADCC62
5332405981 46560 72 7C20F6CF1A09EEE4F40FE6F70B0F070213E4AE0B9599CF6348B0EAC781225457
5340081849 51672 63736 7C20F6CF1A09EEE4F40FE6F70B0F070213E4AE0B9599CF6348B0EAC781225457
5331507382 31214 23067 7C20F6CF1A09EEE4F40FE6F70B0F070213E4AE0B9599CF6348B0EAC781225457
5339504817 47434 37232 7C20F6CF1A09EEE4F40FE6F70B0F070213E4AE0B9599CF6348B0EAC781225457
5336519122 48996 50543 7C20F6CF1A09EEE4F40FE6F70B0F070213E4AE0B9599CF6348B0EAC781225457
5339492464 20821 61252 E105D4154D8FEE931FE05B8755983EB3285979A92BD0B1B97D8CC3DF443B60DF
5335646287 17353 11176 DFEA0E43BE303C526A69085554AF32399F942C886B33BBC8547A6E4611A47CD2
5337451471 14449 52392 868C1C8E67F95A392A34F74D807643AB6AE25F34270CD8560E4E91D4BF6E0F4C
5331820995 20828 38456 7C20F6CF1A09EEE4F40FE6F70B0F070213E4AE0B9599CF6348B0EAC781225457
5333092970 29197 41875 6A5205FDBF8B42FC63EC7D88997926BBA03D47BD06A80637CE9E41E686ECD982
5339055377 14089 3909 27A71AB681C0BB32467B65DE41F98F7E54D41C64631823F7FB88DC2F33F3CBB2
5335678439 58408 43668 7C20F6CF1A09EEE4F40FE6F70B0F070213E4AE0B9599CF6348B0EAC781225457
5328746278 7490 35572 7C20F6CF1A09EEE4F40FE6F70B0F070213E4AE0B9599CF6348B0EAC781225457
5338601130 5451 16922 F1643989B377FEE5E639CFD74B435612B7AB8413276D0F8EFF304211C65A3FF3
5336194017 30107 39994 03D3B101314C59891BE6A33383EAB3AF5B5918308F58586D85366FCCA2BA8B4F
5338829864 46514 44667 7C20F6CF1A09EEE4F40FE6F70B0F070213E4AE0B9599CF6348B0EAC781225457
5329583105 58428 48595 7C20F6CF1A09EEE4F40FE6F70B0F070213E4AE0B9599CF6348B0EAC781225457
5338684837 17288 30435 7C20F6CF1A09EEE4F40FE6F70B0F070213E4AE0B9599CF6348B0EAC781225457
5337448530 45968 4159 7C20F6CF1A09EEE4F40FE6F70B0F070213E4AE0B9599CF6348B0EAC781225457
5338357705 64700 55026 7C20F6CF1A09EEE4F40FE6F70B0F070213E4AE0B9599CF6348B0EAC781225457
5336966592 39314 22812 7C20F6CF1A09EEE4F40FE6F70B0F070213E4AE0B9599CF6348B0EAC781225457
5334832412 19760 19408 7C20F6CF1A09EEE4F40FE6F70B0F070213E4AE0B9599CF6348B0EAC781225457
5335584955 21141 48730 9FDF9927011B5F7B11182D5A1429CE5C32F6A3563AFAF2EF1408DF8951450E13
5332833146 52749 12830 A5E03E7F44BD42E3812BD04523266DFC198D08AD67CF8E70B6BF8BB96ECC6528
5335069426 11632 23675 7C20F6CF1A09EEE4F40FE6F70B0F070213E4AE0B9599CF6348B0EAC781225457
5338241697 54109 387 2CA35E7DB151B548F0D0F19C6CFE4226C172286B2088AC2AF364FAF9D68C9B08
5336859622 17188 9618 7C20F6CF1A09EEE4F40FE6F70B0F070213E4AE0B9599CF6348B0EAC781225457
5338093577 50533 18673 44583737024535AB4969265F866C943B12A0808E3C90973E731874A34C756E67
5338212809 48459 58004 04DC48C8ED25177B7E6061218193AE1096D847DFBFD346945D7EA23863AB5C93
5338324982 1709 33854 743207A3F7B459C2D87C8E1550AF44A751EA41CE35EE956150940F65FC3B382F
5339063904 21918 39123 7C20F6CF1A09EEE4F40FE6F70B0F070213E4AE0B9599CF6348B0EAC781225457
5334776707 11757 62511 5A94956ED47BCBED553A377B656FA38F7EC4EE494E5B73520CB605FE43997600
5335525151 25196 57284 7C20F6CF1A09EEE4F40FE6F70B0F070213E4AE0B9599CF6348B0EAC781225457
5332850026 9264 50931 7C20F6CF1A09EEE4F40FE6F70B0F070213E4AE0B9599CF6348B0EAC781225457
5329916626 31315 56214 54B33A27AFAACAA94D97FC6DF3779D22C8F8B23AFF5A9BF1F0123316CCF880CB
5331398865 55252 50011 7C20F6CF1A09EEE4F40FE6F70B0F070213E4AE0B9599CF6348B0EAC781225457
5336979546 40629 22033 533221367A6D13D2B336775631A3CC543545E8F6FB8A92C57C9629149E3F912F
5336348459 58126 27077 7C20F6CF1A09EEE4F40FE6F70B0F070213E4AE0B9599CF6348B0EAC781225457
5332727757 37804 15575 7C20F6CF1A09EEE4F40FE6F70B0F070213E4AE0B9599CF6348B0EAC781225457
5333491182 12107 24945 12344B349C5B75E36CB3C51BD74D2C11834C26FFB99CAD476B43FF471FADCFCF
5337261452 61065 20503 5AC735EC111C084D4BD5FBE42E06E2F1BB75EEAFFDC40A33DA5A28AA6BA3FC13

Total of 0 tasks calculated error.
