Total of 100 tasks calculated correctly, accuracy 100.00% 
5340722468 33670 30705 7C20F6CF1A09EEE4F40FE6F70B0F070213E4AE0B9599CF6348B0EAC781225457
5349687637 51524 23908 7C20F6CF1A09EEE4F40FE6F70B0F070213E4AE0B9599CF6348B0EAC781225457
5346074046 4718 23111 7C20F6CF1A09EEE4F40FE6F70B0F070213E4AE0B9599CF6348B0EAC781225457
5346740885 60403 65169 376639F80998CE662DCEFFEAA35608654106E9188BBBBBB62DF7019EAD3AEBB8
5345147867 62676 12338 7C20F6CF1A09EEE4F40FE6F70B0F070213E4AE0B9599CF6348B0EAC781225457
5341469235 25374 44155 7C20F6CF1A09EEE4F40FE6F70B0F070213E4AE0B9599CF6348B0EAC781225457
5349724758 35064 5110 7C20F6CF1A09EEE4F40FE6F70B0F070213E4AE0B9599CF6348B0EAC781225457
5348820002 17955 50927 5F1C04C22760443130AF8169E1A5A77BDC3F444CE79DB2FCD87E2DFF5E3D83B4
5346354165 3127 36640 944B1F715F23394596320F0863A995C82134F1AE149D2D9E25302D2328812613
5351959968 10281 59586 5C5F2B0E78F2B204333A95215529BE3668E4C18630BBF6646FD40856E59124BE
5350861748 10813 1744 E9E359C6424C32D681863B43FD5C6A2A242409A4F54A57E8DC44D79A0022A8EA
5349685102 14946 7918 7C20F6CF1A09EEE4F40FE6F70B0F070213E4AE0B9599CF6348B0EAC781225457
5343133890 28476 53594 7C20F6CF1A09EEE4F40FE6F70B0F070213E4AE0B9599CF6348B0EAC781225457
5348865304 60868 23956 7C20F6CF1A09EEE4F40FE6F70B0F070213E4AE0B9599CF6348B0EAC781225457
5346431342 57880 9004 7C20F6CF1A09EEE4F40FE6F70B0F070213E4AE0B9599CF6348B0EAC781225457
5342077919 15303 39206 ACB9DEFD42A36C9CD4D3542E1D9DD7A43188A7EE5583B0ADCFBA58F843B861B2
5345686251 11883 35044 48A29447B65B6A04BCC84DF580D21823847D90E5F172A46462CF4153DB16553B
5347369815 40070 63556 7C20F6CF1A09EEE4F40FE6F70B0F070213E4AE0B9599CF6348B0EAC781225457
5348006445 25683 31265 E519ECB2FA16651351D4AEECC6A15F456064314FFFFD2F4559E9D10DA4B1531F
5347084380 10043 54059 3965CB6DD80C157D494966E37D05D45379AD9BEF110DFDC4D03C2227938A418E
5348775371 51919 4023 2059957DB9DCDA836C62070279A81265CB9D44CDBCF050285C5999E89784B13D
5344792611 52401 24524 277D88AEAFF677BAA763E40F40BA3FD1096A80B131EAAE4A8EA3DC030AF4701F
5340804794 14890 36623 7C20F6CF1A09EEE4F40FE6F70B0F070213E4AE0B9599CF6348B0EAC781225457
5340880530 9807 3419 496685A16B1E8D31AC6A77D1FFD325ABA9396D79CBE946B50AE9FB44E8F7B4E5
5342612570 64995 8173 199CF94B4195B653A096BCC634CB3FC8EFF0E37399D6C6EE59D06E8CCC9F9E5B
5345774989 52304 53062 7C20F6CF1A09EEE4F40FE6F70B0F070213E4AE0B9599CF6348B0EAC781225457
5352114965 57638 15707 7C20F6CF1A09EEE4F40FE6F70B0F070213E4AE0B9599CF6348B0EAC781225457
5341317215 9553 30308 19525623B0D483CEC3982B9497642C8EEF37819733F76BA0D4F26F47BDE04277
5343286247 56875 46076 F76EEA79C02D9F924EA27AB7CA0293D87EFA22DED33F36BFACC64EAFC23EEE98
5349262038 39855 26587 9E4009FF80546E3951D236A2C5BB430A65C51CF99A03CE9C1CCADFEF7462FB0D
5343910761 14879 51591 0D97FCFB2EDB5573BB0C149D86AC4741FE7E76738892D00E4601CE9700161448
5350328277 23779 22308 FF5FDE25FFBFE22EEB2306105E563EC7ED39BA33EF7F2D31E9C3F53CE196B4F4
5344914749 35788 6903 7C20F6CF1A09EEE4F40FE6F70B0F070213E4AE0B9599CF6348B0EAC781225457
5347899267 53286 5669 7C20F6CF1A09EEE4F40FE6F70B0F070213E4AE0B9599CF6348B0EAC781225457
5346985642 12796 26480 7C20F6CF1A09EEE4F40FE6F70B0F070213E4AE0B9599CF6348B0EAC781225457
5346625038 41031 64527 0BA3948D4B0155487D14CD23CFEE74429FD3230B0A2F93516FC01AB4659834E0
5350995330 62983 47957 7EAD27CF90E63F26C263F17C7582ABF127FAE7A7322C2C10A6C4918227B33CFD
5350804591 34518 32801 7C20F6CF1A09EEE4F40FE6F70B0F070213E4AE0B9599CF6348B0EAC781225457
5343960298 61950 968 7C20F6CF1A09EEE4F40FE6F70B0F070213E4AE0B9599CF6348B0EAC781225457
5343379831 10642 56801 7C20F6CF1A09EEE4F40FE6F70B0F070213E4AE0B9599CF6348B0EAC781225457
5351059017 25190 26733 7C20F6CF1A09EEE4F40FE6F70B0F070213E4AE0B9599CF6348B0EAC781225457
5349269343 28494 64825 7C20F6CF1A09EEE4F40FE6F70B0F070213E4AE0B9599CF6348B0EAC781225457
5342069024 60077 21446 CF950150D8B3ABEF7ECE49B66C67C4C4F5D9AB7AFAE424FD8D09897161BF710B
5346962791 28334 45283 7C20F6CF1A09EEE4F40FE6F70B0F070213E4AE0B9599CF6348B0EAC781225457
5347707612 54320 34463 7C20F6CF1A09EEE4F40FE6F70B0F070213E4AE0B9599CF6348B0EAC781225457
5348830389 37193 5310 1738F095E38404835C489C79795D879D9437EE4421F10F9713488ACC1E7864D8
5345006703 13115 51867 5B358202AFACBD553E43F13197C7B281FC112B0152EF8C5E7A70CAB0A3C32277
5344881023 11118 12551 7C20F6CF1A09EEE4F40FE6F70B0F070213E4AE0B9599CF6348B0EAC781225457
5340602357 28275 175 5FDF48279433DA0A73CA19AC0E92693FBE32615461A7715FFF1EE3BD6D507988
5348537524 12917 41066 82C3BAB6BE753B938893EE8A2393398DD06D6923BE2D3D128AF80BA98966691D
5343938694 63855 32021 A8A93144D0FC7DB360B72F8712FA93092D0DB1F11F53E5B86653131141506054
5341796800 58218 10516 7C20F6CF1A09EEE4F40FE6F70B0F070213E4AE0B9599CF6348B0EAC781225457
5340461792 58674 49105 7C20F6CF1A09EEE4F40FE6F70B0F070213E4AE0B9599CF6348B0EAC781225457
5342432159 56965 34759 AF12321A6B4F10AACB6C54F8BEB66FE9F036221ED7375ECB0A9B706E8423920B
5351522194 39854 17437 7C20F6CF1A09EEE4F40FE6F70B0F070213E4AE0B9599CF6348B0EAC781225457
5342733649 26396 18187 7C20F6CF1A09EEE4F40FE6F70B0F070213E4AE0B9599CF6348B0EAC781225457
5345420798 60099 44038 EC4ED0E644405A4CDA8E7DE161C845D35400814B2518EE4FFF1ECF6BCFD8E589
5346613473 24985 5731 E447F96E22CE224AA30B45B654CB5096E15CE492E9E6CF37765F93DC14DB69C3
5343460985 11084 18277 7C20F6CF1A09EEE4F40FE6F70B0F070213E4AE0B9599CF6348B0EAC781225457
5342035694 65247 39669 FFBD9D9AFF863AF03F257E8FBC8ECC799BE898A518D0B0E28B49D5A8F0968E00
5347607109 28163 4585 1CC2E41A39DEF0529834263D478D6D6B31B98A5CD13566E66AC647C17BEA4312
5346986535 64717 37653 8324BE482609342F27B6A574B428526B5A6D2C11296EF144DDDD806DC73E5EC2
5349700519 3111 65171 D69776DB087FC863D93672506F966F5956D8D9839CF34B1987467A4B15703FEE
5341753741 64269 40725 27FC382731C71D094D8582D90967B90AA57E8674D91ABF20EEBAEBAABAE414E4
5342947253 46654 60480 7C20F6CF1A09EEE4F40FE6F70B0F070213E4AE0B9599CF6348B0EAC781225457
5347204371 63212 44147 7C20F6CF1A09EEE4F40FE6F70B0F070213E4AE0B9599CF6348B0EAC781225457
5350237868 49835 52242 F4978733C6E469779985607632226B6706EAAC7F64BEA96A38FADB795C3DA364
5350687171 28363 40636 C9F05C7853768BD8C4DBEEB77522BA36CA0CD9A1D62EB1916CA0FC200143BDC0
5342671607 11116 58279 7C20F6CF1A09EEE4F40FE6F70B0F070213E4AE0B9599CF6348B0EAC781225457
5343931553 14818 43655 7C20F6CF1A09EEE4F40FE6F70B0F070213E4AE0B9599CF6348B0EAC781225457
5342408185 28314 10421 7C20F6CF1A09EEE4F40FE6F70B0F070213E4AE0B9599CF6348B0EAC781225457
5348575665 48160 9537 7C20F6CF1A09EEE4F40FE6F70B0F070213E4AE0B9599CF6348B0EAC781225457
5351553891 50565 59174 47D93345FB88B6F12E4C10C844E174285BFB49211D1BD0CF4DB0FEEA68F9134F
5343040823 58638 24144 7C20F6CF1A09EEE4F40FE6F70B0F070213E4AE0B9599CF6348B0EAC781225457
5345646150 3364 31049 7C20F6CF1A09EEE4F40FE6F70B0F070213E4AE0B9599CF6348B0EAC781225457
5344823790 12754 18132 7C20F6CF1A09EEE4F40FE6F70B0F070213E4AE0B9599CF6348B0EAC781225457
5346370919 37397 25157 A7C0589FA655265CA7C18372DC573CB6070B9CEF67D3250FE0C1F13243177E08
5340593515 48892 6814 7C20F6CF1A09EEE4F40FE6F70B0F070213E4AE0B9599CF6348B0EAC781225457
5342092470 18450 13535 7C20F6CF1A09EEE4F40FE6F70B0F070213E4AE0B9599CF6348B0EAC781225457
5342867719 11532 17989 7C20F6CF1A09EEE4F40FE6F70B0F070213E4AE0B9599CF6348B0EAC781225457
5349556940 40692 36232 7C20F6CF1A09EEE4F40FE6F70B0F070213E4AE0B9599CF6348B0EAC781225457
5341792213 61519 25678 F0936A27EF67D55036EC0547B85A28977B3652C97A1DB4D09186B559BDEB14C2
5344775721 62659 11038 1A219507360EFA7410FDF16D0BA37C8B305BB60A97AD4ECEA712EE06487940AF
5343628374 17275 33805 29319AA525462A6D1DFC2CCD41C3CE18ADC016940E3FAC4A4D320F1F042C66ED
5347511257 2567 64172 FDB3652227E58E3BF167F1721E852A8CE4630026949977C14304EFD4D976FA66
5344287600 63619 618 E062F48A39D0332272C7707665B79998AAAD78FCD694A5D297987EB404746FD6
5342565532 19711 44753 1FF47FC81BE6C3531F6239D0CBEF17E10786B29DBBCD86467EFDB3C1F4CA3B77
5349827338 62221 52824 F016EF142CAB9152AEAA62DDC0D08F5245877B3DE60F29DD65F6B18D9D369E42
5342996034 8301 9665 5FD5AEF6E1B804BF63E3B35D29BB93A2ADDEA790DD47E1A6EC551B4BC757AE0E
5342224177 13957 6745 5F14739350B216D28DDB253F67F463BE4E043B9E388105F2EB011D51457F93B1
5341317646 12213 5557 9A0A86AF24228C8357BCF50F139921FF9E8CBD8F8E12688F8D6F63C0A22E3608
5344829828 42489 30003 B2DB81DF484EFC809D9A830C230CE9DBB2D61701172C4B7A085FC1DB871BB0EF
5340466689 27829 20440 C7ADC3C6D90F3616B31E184953A71E25AC4D11ED2969765AD58EBE6E5062DBCB
5345293762 47472 61351 7C20F6CF1A09EEE4F40FE6F70B0F070213E4AE0B9599CF6348B0EAC781225457
5352013908 13627 3564 C1C63AA16518530A77E301326A8E68F378AB3F9B29EE68A4EB72EEBBCC0E980D
5340589206 21046 8669 7C20F6CF1A09EEE4F40FE6F70B0F070213E4AE0B9599CF6348B0EAC781225457
5347748320 61084 12145 7C20F6CF1A09EEE4F40FE6F70B0F070213E4AE0B9599CF6348B0EAC781225457
5343112530 8563 18647 1298CE7AA2021F26E658EB9BD5207CCEBF40CD93F681AD22A731D6F36EAEBDE7
5352340478 7262 46935 7C20F6CF1A09EEE4F40FE6F70B0F070213E4AE0B9599CF6348B0EAC781225457
5347336478 48031 62837 5D27885CF69FFCD0FF36288FA074A4159D53F249F59B6430F1CF8E0AB5CF9817

Total of 0 tasks calculated error.
