Total of 100 tasks calculated correctly, accuracy 100.00% 
5368381353 49810 25193 7C20F6CF1A09EEE4F40FE6F70B0F070213E4AE0B9599CF6348B0EAC781225457
5370390419 33083 50221 67525F444704AC30CE938E4D8C60F79436E563D01DF4E0E681A4ACACFC32E04B
5365360350 28329 57043 48174C38F3E452C52DD9BDFECFFC2FC35A2F842CEF7C71E89F1527DE68343534
5368385104 47523 60228 65DA618D7F2C0AD471263486625A219A28ABE46CD91C2B292F25E555D40CEA97
5368702322 32868 21037 7C20F6CF1A09EEE4F40FE6F70B0F070213E4AE0B9599CF6348B0EAC781225457
5366777148 12789 13455 A8CB88D406A7CE4EDC2E1DCCC3762C0C2BA5941CA8BA81A3544724C89401E595
5373015724 19442 16014 7C20F6CF1A09EEE4F40FE6F70B0F070213E4AE0B9599CF6348B0EAC781225457
5372617761 27536 29901 7C20F6CF1A09EEE4F40FE6F70B0F070213E4AE0B9599CF6348B0EAC781225457
5374032094 49167 26252 E871A6ACF81158C28FD65F4214D0EC069134292AF6B4D7D57F9B6BA988CC6EA4
5368113115 13645 12031 D6AEA5FA54D099A674B7219F28548AED19B80DD80125B8FB6103A7509F117C6B
5375234642 11231 49724 95E8C598409F0BE07EDDD839CA1AB5E980D6D881326A218370E9DEF9C5008BB0
5374727199 53461 32378 F53E30D3218F320958F6759031B21C3683B426B5E84FDFFDF6BDEA1F389E5D47
5367523537 11256 9625 7C20F6CF1A09EEE4F40FE6F70B0F070213E4AE0B9599CF6348B0EAC781225457
5369749117 16588 1995 7C20F6CF1A09EEE4F40FE6F70B0F070213E4AE0B9599CF6348B0EAC781225457
5369951799 49472 5566 7C20F6CF1A09EEE4F40FE6F70B0F070213E4AE0B9599CF6348B0EAC781225457
5375120548 47701 40539 E5037E8C3EA0CBCA6D8E0FDF8D7A9DEFCA5BDD2E460FBF131530E076F4439FF4
5366886089 34961 15133 6F844C8F13554E143515659B23A45AB390B96890D91B26B98CB33EE307E15502
5372664597 35691 2611 FE7A18BCFEE189E4763063407B4456EA7D61E85B9DD87060A7C38220B739DBA2
5366072028 20300 3148 7C20F6CF1A09EEE4F40FE6F70B0F070213E4AE0B9599CF6348B0EAC781225457
5372066695 27598 24057 7C20F6CF1A09EEE4F40FE6F70B0F070213E4AE0B9599CF6348B0EAC781225457
5370784460 58871 33712 D5FA5E8B7457EC8693D043399761BD7322C1658AE024AC97B2D3F245F155CAA5
5370263039 33904 1672 7C20F6CF1A09EEE4F40FE6F70B0F070213E4AE0B9599CF6348B0EAC781225457
5367836288 30386 16712 7C20F6CF1A09EEE4F40FE6F70B0F070213E4AE0B9599CF6348B0EAC781225457
5370931564 59487 35363 028F2749B07747D89227719EA332F411255927D2B67380DC27A3512732682B12
5367620865 46055 54160 0EDE56F61AAF7F09CD7F91EE2D3BA9384C80E5A90CB089CD77CBB5C79CF3277D
5376003717 62710 4539 7C20F6CF1A09EEE4F40FE6F70B0F070213E4AE0B9599CF6348B0EAC781225457
5367254420 11322 52057 7C20F6CF1A09EEE4F40FE6F70B0F070213E4AE0B9599CF6348B0EAC781225457
5372277875 24933 532 8D50FABA7378585116C050F2B3172B328770B1A832B9D0241D286E80254D686F
5368888575 15346 42574 7C20F6CF1A09EEE4F40FE6F70B0F070213E4AE0B9599CF6348B0EAC781225457
5367008579 1789 12508 3F8137A81476DDB927716A4CBA3D9E049699DC5E5884FA4F27F5888C8D0FC948
5370591411 30095 62985 EC9BEE966164405529E6D1B189D38E27130C207F3F35366F7AF4966B9FAE5BC1
5370133312 54955 18377 4BBD506071B742CB898BC81AC56AA34093304152AEEBA4E969DC491C72CF5AAD
5370511790 60630 16219 7C20F6CF1A09EEE4F40FE6F70B0F070213E4AE0B9599CF6348B0EAC781225457
5375167283 34863 22392 13916644F4778C999785BA075BA3F61DDB9101797E7EA7F748E9A3899E0A2638
5367733800 57586 12005 7C20F6CF1A09EEE4F40FE6F70B0F070213E4AE0B9599CF6348B0EAC781225457
5364927938 16580 46821 7C20F6CF1A09EEE4F40FE6F70B0F070213E4AE0B9599CF6348B0EAC781225457
5369885153 21632 60942 7C20F6CF1A09EEE4F40FE6F70B0F070213E4AE0B9599CF6348B0EAC781225457
5375085540 6164 14254 7C20F6CF1A09EEE4F40FE6F70B0F070213E4AE0B9599CF6348B0EAC781225457
5366553933 22757 34850 0B05314F2BA566578945E35B1CE94F69F6EB361FA1887AAFEC37DAC7D6B4D698
5369298511 11304 23811 7C20F6CF1A09EEE4F40FE6F70B0F070213E4AE0B9599CF6348B0EAC781225457
5374682696 37422 3402 7C20F6CF1A09EEE4F40FE6F70B0F070213E4AE0B9599CF6348B0EAC781225457
5373393926 41032 18262 7C20F6CF1A09EEE4F40FE6F70B0F070213E4AE0B9599CF6348B0EAC781225457
5372881189 63629 64650 6EEC1825CA4657D3B4686FE4ACE0D11DCA8902F492D7C2CECB9CE7E10A2BE337
5365848256 6325 1107 DAFAEA2C1827871A108C4100DCACE8A8B4BDB88458CC4534422C6FBC7B7193E5
5367195533 11481 57414 D58D39EC2A296AA9C8EF3758AF2F2FB5B1AC24BFB2347324424CAF63AD785300
5375168421 5126 22890 7C20F6CF1A09EEE4F40FE6F70B0F070213E4AE0B9599CF6348B0EAC781225457
5371911445 21172 47427 7C20F6CF1A09EEE4F40FE6F70B0F070213E4AE0B9599CF6348B0EAC781225457
5370294590 8409 17408 5ACE3BBF5C80E33B8775560472C55C4FB7B676DE660E888963971B7EDBBD23C9
5374344814 49885 50580 3F536E6273B4AA474DD07405AA40BAA5D7A3C6D869CE610666662E48562BCEA0
5373287912 22934 37790 7C20F6CF1A09EEE4F40FE6F70B0F070213E4AE0B9599CF6348B0EAC781225457
5367094234 4367 24832 735C2C96C107B516A15CC0E444054DA71DA47E5FFBB697B5D516896C09B364ED
5368543859 51334 33123 7C20F6CF1A09EEE4F40FE6F70B0F070213E4AE0B9599CF6348B0EAC781225457
5368537242 19638 53487 7C20F6CF1A09EEE4F40FE6F70B0F070213E4AE0B9599CF6348B0EAC781225457
5373400224 10378 23213 7C20F6CF1A09EEE4F40FE6F70B0F070213E4AE0B9599CF6348B0EAC781225457
5370549667 10920 5252 7C20F6CF1A09EEE4F40FE6F70B0F070213E4AE0B9599CF6348B0EAC781225457
5369722645 2139 45000 654FD7C896D8D39B9B40A184645F9D5AB6C3A1CCB851405AA7BA7E40A23382E8
5368024287 59564 18897 7C20F6CF1A09EEE4F40FE6F70B0F070213E4AE0B9599CF6348B0EAC781225457
5373494030 43188 51485 7C20F6CF1A09EEE4F40FE6F70B0F070213E4AE0B9599CF6348B0EAC781225457
5373931693 1897 61595 FB36234450971B4BB922518BA8B520F2C3D6B6A9DA5EA1B085BFF6FFE1E8E5E2
5373256276 24616 13497 7C20F6CF1A09EEE4F40FE6F70B0F070213E4AE0B9599CF6348B0EAC781225457
5367322329 45100 19209 7C20F6CF1A09EEE4F40FE6F70B0F070213E4AE0B9599CF6348B0EAC781225457
5366232281 55883 38464 A3882F875F89A6D1A99622D66CF455910EB771D817238F7F83B0221E828464B1
5368190794 60788 14077 7C20F6CF1A09EEE4F40FE6F70B0F070213E4AE0B9599CF6348B0EAC781225457
5373817878 39237 42727 CACDD8E9937052195FB4EE9E9EA6731AD5CD5477ABA87A5D0DCDF5F4215A6B55
5369577057 34491 47284 A10290CA3FE08CCB7197B7B55CEE8CB453738C28D740935380D7C830BB7CE2D3
5374074836 38082 52210 7C20F6CF1A09EEE4F40FE6F70B0F070213E4AE0B9599CF6348B0EAC781225457
5366496474 17612 42964 7C20F6CF1A09EEE4F40FE6F70B0F070213E4AE0B9599CF6348B0EAC781225457
5368261575 12727 65517 42167437411EEA38AAD7F62AA9A2FB5ADFB1DF028E2923663F3774E3AE5CDD4D
5372201702 51639 55809 058B2A4F070F174B3C2CA57C0E3F250D906E426FCDE9CB04A20BEC8AD1E207F2
5368991012 31894 12887 7C20F6CF1A09EEE4F40FE6F70B0F070213E4AE0B9599CF6348B0EAC781225457
5369974928 56838 59458 7C20F6CF1A09EEE4F40FE6F70B0F070213E4AE0B9599CF6348B0EAC781225457
5370718452 18174 63520 7C20F6CF1A09EEE4F40FE6F70B0F070213E4AE0B9599CF6348B0EAC781225457
5374054620 60193 44677 A10AC87BB5460E5D4D1AB4E6FBBBD04E7F1D953B515B9165FCC70E07D784601B
5365403330 49250 6894 7C20F6CF1A09EEE4F40FE6F70B0F070213E4AE0B9599CF6348B0EAC781225457
5374241920 21322 51790 7C20F6CF1A09EEE4F40FE6F70B0F070213E4AE0B9599CF6348B0EAC781225457
5367408727 20056 45003 7C20F6CF1A09EEE4F40FE6F70B0F070213E4AE0B9599CF6348B0EAC781225457
5373517983 33570 15719 7C20F6CF1A09EEE4F40FE6F70B0F070213E4AE0B9599CF6348B0EAC781225457
5365261443 13986 21463 7C20F6CF1A09EEE4F40FE6F70B0F070213E4AE0B9599CF6348B0EAC781225457
5370479444 57556 16583 7C20F6CF1A09EEE4F40FE6F70B0F070213E4AE0B9599CF6348B0EAC781225457
5365291871 60279 46752 75EF00B177F9D95508C90688F52B86EB36ABBD270E8AAB6AFAB204CF71A603B5
5370062589 42276 5243 7C20F6CF1A09EEE4F40FE6F70B0F070213E4AE0B9599CF6348B0EAC781225457
5371189685 43889 25505 2008F0F5C265649948391F6D12BD98182FB2949DC2AC4B3354FEAA343E9077A4
5369732242 31926 14692 7C20F6CF1A09EEE4F40FE6F70B0F070213E4AE0B9599CF6348B0EAC781225457
5365577829 48406 27262 7C20F6CF1A09EEE4F40FE6F70B0F070213E4AE0B9599CF6348B0EAC781225457
5369934655 494 53075 7C20F6CF1A09EEE4F40FE6F70B0F070213E4AE0B9599CF6348B0EAC781225457
5370366138 17335 48605 FF999BF0C1B3C8B19FB7CBC8DDD122C78D17C6371C7C38E610F585CA784AC3B0
5374529198 51901 6593 9B890BF9F7AF14BA547D8CF9A647C4BF7FA5F7F629BAAE2D5D7D9BCD94BE3DF7
5371089575 23870 37347 7C20F6CF1A09EEE4F40FE6F70B0F070213E4AE0B9599CF6348B0EAC781225457
5372576332 40193 55851 BBA399694C95D1A9A0729F5F35B3343CBAE85441342D008A18FDE73B12FA0AE2
5365391564 33907 25608 5D0FCF591B591D39F6DC0A0BE9B7266E54562C1C9D0D47080FA8D93506463D8B
5371163004 17596 20802 7C20F6CF1A09EEE4F40FE6F70B0F070213E4AE0B9599CF6348B0EAC781225457
5375053269 56627 64734 F78E0543AF4C278697EED2101F82EAB8EE4A17FD44B1C87BC8203C39A021739E
5371239948 26114 36092 7C20F6CF1A09EEE4F40FE6F70B0F070213E4AE0B9599CF6348B0EAC781225457
5369609777 34943 57685 516458E02FACA78F99954A4CB30D448FC62A4F78251078FC86C79EFD0EE2B7EC
5373132259 25756 33506 7C20F6CF1A09EEE4F40FE6F70B0F070213E4AE0B9599CF6348B0EAC781225457
5370567679 16975 10506 9C3B9153D33BAC0B40D8FC53FB1528B56E3BD80C2F6BBD139F64DEE065F6125D
5366635713 7948 5264 7C20F6CF1A09EEE4F40FE6F70B0F070213E4AE0B9599CF6348B0EAC781225457
5366867225 42465 12326 2143596AF6A7F927D8365840CEFCEB7031888BE908047BFF25F9772CD2CEAA20
5371937853 780 24447 7C20F6CF1A09EEE4F40FE6F70B0F070213E4AE0B9599CF6348B0EAC781225457
5370168540 42223 38933 683E0223980AEAD84033D9AAF8B14FD28A8BD4E809443365ECFCB4DD637FACD6

Total of 0 tasks calculated error.
