Total of 100 tasks calculated correctly, accuracy 100.00% 
5386768551 60863 43997 56121A92C889D38C5A1DAD3A76F35C4518B52DEE868652C4CC2BF4B81799C364
5384280287 4871 34218 95C664FA1CCCB6DEE6A72CBF9D7842711A8999DD53A9E03C2DC346805F6A5C03
5380923836 27067 19739 C285767FDE22A93DFB5CAD1B3EFBBACF8F93C1085F45A196A124972641D6920E
5376591742 42865 45767 D1D64B3DFE23F66734D1364235D57B4920481BB6835F398E209F37D645951407
5387326083 59984 47107 7C20F6CF1A09EEE4F40FE6F70B0F070213E4AE0B9599CF6348B0EAC781225457
5377736097 46223 42244 90CEC9B97FD686C8640B35F7F35A069A7FD7856791EF87AF5B31CFE78447AAB3
5381892446 47849 33362 4B337A3B0C3762FED0758408218C29BF474EBFD6C04F5D55CE6D1628EEF31908
5381919785 49007 21170 8241A435163541BD29038D05CC0BE62C7D29850C1C13F709EC7ED7880D820364
5385166465 37708 16865 7C20F6CF1A09EEE4F40FE6F70B0F070213E4AE0B9599CF6348B0EAC781225457
5383767771 9840 45421 7C20F6CF1A09EEE4F40FE6F70B0F070213E4AE0B9599CF6348B0EAC781225457
5376936715 42115 17376 D4DB5D9950F711A2AF24224EEF0A9A95085E167C891C9B66EAE485482D324F6A
5380833536 2372 53010 7C20F6CF1A09EEE4F40FE6F70B0F070213E4AE0B9599CF6348B0EAC781225457
5381379159 33422 24519 7C20F6CF1A09EEE4F40FE6F70B0F070213E4AE0B9599CF6348B0EAC781225457
5386661104 1998 50730 7C20F6CF1A09EEE4F40FE6F70B0F070213E4AE0B9599CF6348B0EAC781225457
5379748120 62976 65174 7C20F6CF1A09EEE4F40FE6F70B0F070213E4AE0B9599CF6348B0EAC781225457
5381895508 1990 47426 7C20F6CF1A09EEE4F40FE6F70B0F070213E4AE0B9599CF6348B0EAC781225457
5383052593 65518 30548 7C20F6CF1A09EEE4F40FE6F70B0F070213E4AE0B9599CF6348B0EAC781225457
5387786361 39247 32462 1A1C6895152AF5856BFF4D779774EEDD1CBA1A7D8D0DD0B7474ED5460E571E92
5385385787 6125 30840 DF4839A1B30C1A24CF2EBF8C1FC7ACBA69CC4FE047C528FCA9ABBDD5E13812F8
5382154871 22785 22184 468C749D8C9700039ED476FA4174CF746422179C4057E27ED486DF50531033A4
5386875007 12351 32099 3F393AB44124BFBB5A3C43924DF0290905EF86D17BB76B35431379AD5E33959B
5388214862 28106 30307 7C20F6CF1A09EEE4F40FE6F70B0F070213E4AE0B9599CF6348B0EAC781225457
5377065492 5135 40224 52CE7792A7B7019F2E3633BF7F07A72E4E14290C314CAF42580D7ACC298B8D5E
5379711514 50387 52640 241BFEDCDA84467D1E84798FAB849F6D592BEBD92F9B407EC9FDEBCC9349CF79
5387307337 50995 31872 F3486490FC1D462B600D88D780532D9E8C72DEA3C49EC0C956B4785246F2CB4E
5381099161 33854 11836 7C20F6CF1A09EEE4F40FE6F70B0F070213E4AE0B9599CF6348B0EAC781225457
5385950418 45219 32409 0F60B8BA4AF40B94026D217448A95344956CF087D100F65686F67B73CFD275B8
5378068492 52339 9482 0CE6C85F15B0741D6ECEE1A993F1ACC407C73D0B47932B3635378EDCDF25F18E
5383851600 58497 1582 6AD0C904260F0E291D870BC8CD79E95610B365BC09F04BE6DF19064C4D92B34C
5378393375 34625 22076 38FE2CB9419CB9839F8745D2D274B510E1B633C694137E400B5E7D77CD9B2496
5377016163 28143 14512 948B5626A9EB7B8517D833517DF9DDA97DD10F382B553D5BDCC42CCE09A2C5AB
5384902600 33377 14825 06B92F9F2CA3460FF1F47CD94FA12298AD2250414D63E2289818A45DF39D7278
5376967362 10457 30970 39CA5584FAD466ADBD8EA6E91E38E90A5CD9AFE2C6E0A01EA7377AF9C524EA91
5384384598 320 61315 7C20F6CF1A09EEE4F40FE6F70B0F070213E4AE0B9599CF6348B0EAC781225457
5388125197 29326 52567 7C20F6CF1A09EEE4F40FE6F70B0F070213E4AE0B9599CF6348B0EAC781225457
5382900015 41532 32963 7C20F6CF1A09EEE4F40FE6F70B0F070213E4AE0B9599CF6348B0EAC781225457
5383905878 31818 34875 7C20F6CF1A09EEE4F40FE6F70B0F070213E4AE0B9599CF6348B0EAC781225457
5383910883 20425 33718 14CF588CEFD8B130B8E30EFF877FE28B9629CD8E21220C9A84A78404BEA7ABE7
5385043109 37813 1211 950C2CE9083423964B5672BA2DA95ADF74F1B7EC7F6EB3EBCA66BA56E3B537B7
5380991820 61697 54671 B88612AD23E54E6AF483A37AC5649461FDBDC263026724ECAC7E72E095EB373D
5377412657 42842 56405 7C20F6CF1A09EEE4F40FE6F70B0F070213E4AE0B9599CF6348B0EAC781225457
5380384950 54566 59976 7C20F6CF1A09EEE4F40FE6F70B0F070213E4AE0B9599CF6348B0EAC781225457
5385563982 63681 4258 E5EC829E2A25FDCDCC006CF5843735D94BDDF08763D3A381DAFB3AD9DD49EAA2
5378893142 32823 221 7B11B5089FDCFCEAD37D9DA47B83112F478768E958B2EAE5F8A28709291D0326
5377062107 37397 35045 5372E086E19F9607AB99FAA76C2E668B80FBD1A587B30ED95CFCDC0468DBDEAF
5386707916 55775 538 ED39A9DF5580151B9E6B09470FBB3525E96DD4FCD737A47F4AD3613B527F6116
5377892225 2018 54173 7C20F6CF1A09EEE4F40FE6F70B0F070213E4AE0B9599CF6348B0EAC781225457
5379505883 65516 39386 7C20F6CF1A09EEE4F40FE6F70B0F070213E4AE0B9599CF6348B0EAC781225457
5383918372 4697 48275 AC688C3DEA638B85063E118C74FEE44A737903B8C2E2CF37E60E31DBC47D7D7E
5385639118 17177 3276 8D223EFA4D6F150EAFFE4D28C7EA71F4D9C2A85D9DCB8950C51B7F79B867D5D6
5377084600 41109 55395 08DAE77A69EDE78861525B88D23E623B51DD0A3F9E8D9950518F359D826DCADA
5386903538 12924 24158 7C20F6CF1A09EEE4F40FE6F70B0F070213E4AE0B9599CF6348B0EAC781225457
5383333544 56225 23398 D4DEF1A3983F77A404C56F2AAC59570FD0A39E9F4D7CCEB966629358C0D34A52
5383675732 28679 41708 B9154EDF27FE4753C67B3283E6C6A10AA1F34802779428B02129FAFEA4EF9850
5387148760 55494 17815 7C20F6CF1A09EEE4F40FE6F70B0F070213E4AE0B9599CF6348B0EAC781225457
5386947456 38776 62446 7C20F6CF1A09EEE4F40FE6F70B0F070213E4AE0B9599CF6348B0EAC781225457
5381853220 31001 3767 6EFF00B46611C8198AB99253D14E294429D2DA4415D1432D990086253BC823F7
5377956623 22102 63194 7C20F6CF1A09EEE4F40FE6F70B0F070213E4AE0B9599CF6348B0EAC781225457
5386067603 46430 15200 7C20F6CF1A09EEE4F40FE6F70B0F070213E4AE0B9599CF6348B0EAC781225457
5388108111 37830 24981 7C20F6CF1A09EEE4F40FE6F70B0F070213E4AE0B9599CF6348B0EAC781225457
5378950999 58801 16031 0AED7FCF29C203B975B14F69141DA584DB6DB58FA97B1B3760F2C49D5B60D13B
5379807486 26815 24957 112FC250E3DD5835CB27CE5E40851CD8CC19717CB136A5151952E918DC36376F
5379825347 40514 60950 7C20F6CF1A09EEE4F40FE6F70B0F070213E4AE0B9599CF6348B0EAC781225457
5382946471 53521 43839 5DC4AD41313D4C27BABA87872CEFF138DB967591C5FA868C69E8F36CB8A90F30
5383795448 30363 5608 D1CCED03B41E75902DE8BBBECD2C1B52CB50749DB350827B905BEE7FA9B875E5
5379875620 42770 217 7C20F6CF1A09EEE4F40FE6F70B0F070213E4AE0B9599CF6348B0EAC781225457
5384619519 5584 28111 7C20F6CF1A09EEE4F40FE6F70B0F070213E4AE0B9599CF6348B0EAC781225457
5387173948 7152 49333 7C20F6CF1A09EEE4F40FE6F70B0F070213E4AE0B9599CF6348B0EAC781225457
5381457429 56164 47103 7C20F6CF1A09EEE4F40FE6F70B0F070213E4AE0B9599CF6348B0EAC781225457
5381502929 38971 36653 252627BB1382CB548D820277717FEA4308F60D738A864E850BEFCC4746EF97B1
5384843353 7157 8924 F951370A67748EACDCC2922D6579A5E78832571B35FBFAA8051F8719514CE63B
5382095029 21943 47255 5D1BB8E3F75DDADF49C5F6FE01D214E7CBB3A5EB895A61828868D0DD25B50C8D
5387860579 65252 50871 7C20F6CF1A09EEE4F40FE6F70B0F070213E4AE0B9599CF6348B0EAC781225457
5382475699 23710 56103 7C20F6CF1A09EEE4F40FE6F70B0F070213E4AE0B9599CF6348B0EAC781225457
5383691568 25442 30671 7C20F6CF1A09EEE4F40FE6F70B0F070213E4AE0B9599CF6348B0EAC781225457
5387183144 48519 417 B8FD090DF2E80826409F96E2A0DA08BC0A778E5219AB4432D15E1BF0FBE27C97
5387190863 40858 51189 7C20F6CF1A09EEE4F40FE6F70B0F070213E4AE0B9599CF6348B0EAC781225457
5377469189 40962 8847 7C20F6CF1A09EEE4F40FE6F70B0F070213E4AE0B9599CF6348B0EAC781225457
5377150916 51587 14352 7386B1822D8CEB9394BB119E05E17CBDFD7F06DC6633A21EF3DAC6783C983171
5383121908 28456 38951 7C20F6CF1A09EEE4F40FE6F70B0F070213E4AE0B9599CF6348B0EAC781225457
5378329323 39397 14724 FE668541A7EE205CB22E8782684139EFF04A9CC087395A1AA6FF6E1DF92B030B
5380729334 7760 43233 7C20F6CF1A09EEE4F40FE6F70B0F070213E4AE0B9599CF6348B0EAC781225457
5385780665 19331 30149 8D628F6195A8F188B5D265CFE5640563CB9246652D386DA49C71AA765EAEAC22
5387033851 18323 32891 94ECE21983A4F471FA58038F6D5E5C868C96C2489CDC318CE8E3F08F90F7A631
5385348217 24377 16441 868DFDE00FD8DE202B4443CF09CA805954FC9FA1AACE6D2DCB0366DD686F66DF
5376514797 16385 52685 095751353AAE9C0E5509C50E36583A7C72C5A324CDC2F8CDB7A22FF92996D533
5383119445 14017 35360 F97951E7EFA53649C5EBF5A08E23B72DE6251C418024314C64B3DD7F94AAA35C
5382767678 41128 49913 7C20F6CF1A09EEE4F40FE6F70B0F070213E4AE0B9599CF6348B0EAC781225457
5387784568 17647 53304 91A003F8A81024CC94C894CB9CDFE9B656B22A4A3529CF3DD2753B28678EB92E
5379657332 32556 10021 7C20F6CF1A09EEE4F40FE6F70B0F070213E4AE0B9599CF6348B0EAC781225457
5381025151 36207 13576 38FD4A267032137151CEF34F545DA52B89708243634120F8AC64DD533B8B3BD5
5385036872 2754 32545 7C20F6CF1A09EEE4F40FE6F70B0F070213E4AE0B9599CF6348B0EAC781225457
5382988577 53887 27894 A9BAA8367A562998FEFA5DD0A0A2970550B4EBB43D8E39514B3D5FB38377E13F
5378931050 49218 49734 7C20F6CF1A09EEE4F40FE6F70B0F070213E4AE0B9599CF6348B0EAC781225457
5386188986 59042 34660 7C20F6CF1A09EEE4F40FE6F70B0F070213E4AE0B9599CF6348B0EAC781225457
5383642093 8608 63531 7C20F6CF1A09EEE4F40FE6F70B0F070213E4AE0B9599CF6348B0EAC781225457
5381789237 51709 65231 4FE657CF59C43BCB52157BBDBD18343669F298AD6EDFC88E5B3F3E0AFA35668B
5387602589 17039 59056 581C2F16245FEB7063DB9F06E39035DFB457C091352F8E4B2A8AA2718574536C
5386298916 6880 64653 7C20F6CF1A09EEE4F40FE6F70B0F070213E4AE0B9599CF6348B0EAC781225457
5377964720 50882 29882 7C20F6CF1A09EEE4F40FE6F70B0F070213E4AE0B9599CF6348B0EAC781225457

Total of 0 tasks calculated error.
