Total of 100 tasks calculated correctly, accuracy 100.00% 
5418246858 4259 62627 A57971CCA7B324B3CE489B325830B7122D8F984DF01EEDC1B1BB165884B8B7ED
5417193560 33315 37872 82C4494DA49EE3BA97055CD363BD4B63CF9DC79B003E91CC47DA68CE99856A9B
5414563366 45801 14939 F3BA99D490D51F8C9C1E184EE639AA7C1EDA0DB38523C201584F58CBC67FB28C
5414075989 13757 997 71EAAE9AB071F47EF99AE98A1A9251B1829285B151D4E808A711B5899D723B0C
5414577977 36726 228 7C20F6CF1A09EEE4F40FE6F70B0F070213E4AE0B9599CF6348B0EAC781225457
5417198839 3250 21504 7C20F6CF1A09EEE4F40FE6F70B0F070213E4AE0B9599CF6348B0EAC781225457
5417913073 8870 41574 7C20F6CF1A09EEE4F40FE6F70B0F070213E4AE0B9599CF6348B0EAC781225457
5422088801 31655 24820 74BD1612D0B91ED3B5F90AB3A85C60D5865FC42D85C97313AA4F6CD2663A5185
5412838891 39259 64965 02A6E42F718117ECFFC0ECC0700BD39CC1DFC766EFF187AB518EDA39F935685F
5414418726 16758 1908 7C20F6CF1A09EEE4F40FE6F70B0F070213E4AE0B9599CF6348B0EAC781225457
5415980930 42771 22859 C2A287F8D368A8E6393DDCED460C2A24B4FCD4C85BF3167C12F22B906BD58B51
5413556013 25334 3832 7C20F6CF1A09EEE4F40FE6F70B0F070213E4AE0B9599CF6348B0EAC781225457
5423877084 27977 60412 E2B6EE60003F7840903C4AAEA1C9184E1102F195476C066E4985AA831C0935F3
5415851172 22440 41759 7C20F6CF1A09EEE4F40FE6F70B0F070213E4AE0B9599CF6348B0EAC781225457
5422627066 44253 14044 F0857CA7697735D89C5FC2E6839AA36E97FFE33B78934B4DD1B9842264F0BF2E
5418664334 34709 24867 D77186A32575A71476728403759EABC46A4FD170B335C5C35FC6932BF1194B5C
5420612075 21563 57231 7CDFE12C05719F9C5775C9B1D4D8ECB110590BB0E32836E57FB6750FAE138902
5424215820 40165 14166 023E676A2D7DC497157D543219B408EFA0050859E2A7919A9711EDB4CC1C91A4
5414855975 20755 22831 6DB6570074AD5B0C83239FFEAD1688B4CACB4C15206A6E1AD809E426C81A904A
5415063023 52225 52208 A641A454B371E1A57250FEA66AB9BB3A0708E8AE894A863B2FFC202A476BFD8C
5423320541 12363 59969 CB2B8F8CB2BE6AA0AA388C3D19849835698EE6EAA66FEAA8776789FAA2336ACC
5417121686 39237 29077 342064D7E59C6F3E370E87EE86D5EBEAFACED5BD515FD042BAE14327E658955D
5413260024 11843 39923 8B7EC7C1F5E7B3FC863297AA73AA87DBD10CC32981EFAF6D6D3D62B447C57F8F
5413111095 19490 7011 7C20F6CF1A09EEE4F40FE6F70B0F070213E4AE0B9599CF6348B0EAC781225457
5417140865 13473 28946 8B865C9DF87321242F3DAAD46AC83413DCC2040B5A0FE406ECA9E6030769C00F
5418676722 8904 42020 7C20F6CF1A09EEE4F40FE6F70B0F070213E4AE0B9599CF6348B0EAC781225457
5418455600 34786 11146 7C20F6CF1A09EEE4F40FE6F70B0F070213E4AE0B9599CF6348B0EAC781225457
5414023590 48007 64095 7A1D4F2E8A17CDCCAF1B375DE1D3D78794CCD0130B84A564A3DD58637DB4809F
5420140788 49901 28891 2DFC7E0489D87D345247A92AE00F484A0A22F7B86C9365D4A33AB3C1579256FE
5423961904 34691 50433 ACCED1D042194079473E5808B63B3E6D2219D606ADB2F2D225B58EDEB600BC26
5412603311 697 14181 E1DAB9A292482171165F9BB61296514D4A5A0C38276229039F0581DDEB21C63A
5424298591 22804 59124 7C20F6CF1A09EEE4F40FE6F70B0F070213E4AE0B9599CF6348B0EAC781225457
5415316003 3354 57832 7C20F6CF1A09EEE4F40FE6F70B0F070213E4AE0B9599CF6348B0EAC781225457
5413386728 22734 13973 7C20F6CF1A09EEE4F40FE6F70B0F070213E4AE0B9599CF6348B0EAC781225457
5413106407 38151 24602 66200B1938491673F3D0972F4D54CCBB23892C657E18B772EBA8E5DD007F1B9B
5420899167 20339 17231 8CB34C6DE1AF3362FAE28638DCD646A9FCC522BE83FBE8B5D4CBFFBB03DC8A02
5413365074 46622 29865 7C20F6CF1A09EEE4F40FE6F70B0F070213E4AE0B9599CF6348B0EAC781225457
5415464019 6743 61380 9F675F5F1054688A6A3F156D1FEB2B7ABB4AA5D63389455D5612836A9622D26C
5413910720 43538 45376 7C20F6CF1A09EEE4F40FE6F70B0F070213E4AE0B9599CF6348B0EAC781225457
5413869637 14000 50812 7C20F6CF1A09EEE4F40FE6F70B0F070213E4AE0B9599CF6348B0EAC781225457
5420830797 30256 4937 7C20F6CF1A09EEE4F40FE6F70B0F070213E4AE0B9599CF6348B0EAC781225457
5414920801 64004 54944 7C20F6CF1A09EEE4F40FE6F70B0F070213E4AE0B9599CF6348B0EAC781225457
5415727107 42653 42272 E690570D884A6559885B09DE0BCD753205C18A5769E1E8E989B981321767CA4D
5413260798 48779 25035 62BAF341A2ED6055EDCA8B1ED0534EE5C8F9DF8147416069FDADC9E5DE1B6ACA
5413285434 38680 11505 7C20F6CF1A09EEE4F40FE6F70B0F070213E4AE0B9599CF6348B0EAC781225457
5420044858 64355 54152 36B53A5AC6BC0CF99B1CC3911714A4E4D9C0E531CDE032264056048D425603FD
5417816392 42005 43570 A7DAE0784DAB86FB71BFD656FAA40BC088F542CACF5A4ADB1F9DF44D3EA535DB
5412909028 54815 18263 157B881DDFF731B6897FC852D8CEBDB79437B82C608D386954F8AFD06CCBED4C
5414145049 36507 34592 5B92A948CCAD1537384DE20843DB48E84DD4FC196D50F710C03F9A6F39CF1A98
5423822927 20743 37909 170BBCF2FFF9B5CD894531426BC5FFBED9ACC224228C410B53DE3D1701FC2815
5420282492 62191 15257 8857A9BB57C93F69F5504947559DDA0BE71A0784187390302F55EA37EB4F2A74
5416546504 38967 22321 9858C6CCD0AE28D5D555DF2DA0ACD7CD559EF8ED6CC522201709570686F63326
5422318995 51467 58006 586F4B6A003B2FDD8F536601CB5F0DBE180462E62DC65CDE73EEC16B1A50EEC3
5422861372 31092 18634 7C20F6CF1A09EEE4F40FE6F70B0F070213E4AE0B9599CF6348B0EAC781225457
5413581620 12446 58381 7C20F6CF1A09EEE4F40FE6F70B0F070213E4AE0B9599CF6348B0EAC781225457
5420880829 5118 16196 7C20F6CF1A09EEE4F40FE6F70B0F070213E4AE0B9599CF6348B0EAC781225457
5423374654 8291 59665 FF94A4797C8D1E705B0399931EE181E84D3438B86429B78241EA948A41FCB418
5412757308 27304 60047 7C20F6CF1A09EEE4F40FE6F70B0F070213E4AE0B9599CF6348B0EAC781225457
5418352319 28058 35475 7C20F6CF1A09EEE4F40FE6F70B0F070213E4AE0B9599CF6348B0EAC781225457
5417930992 59262 35844 7C20F6CF1A09EEE4F40FE6F70B0F070213E4AE0B9599CF6348B0EAC781225457
5413451884 3465 31150 96CC7ED354E5BEBAE07CF63D8B0E6814871599B3E6B29A0A1451D7A654D03BFC
5419096168 50607 57314 61674EEFD95842752814B53C32B6EB6E0C2DBD85696F52E01547543803DE9094
5415262747 8847 35413 903DE10ABA91C606695E3CAE337688A33F80710BAC83FA78EFC3455A0579F295
5421159635 1048 14087 7C20F6CF1A09EEE4F40FE6F70B0F070213E4AE0B9599CF6348B0EAC781225457
5418608562 65483 50712 AE62619BD95CAA7BD52FAD49EF007AD3A6983C4D85B27BF77A5312EA93270929
5417061349 26348 13366 7C20F6CF1A09EEE4F40FE6F70B0F070213E4AE0B9599CF6348B0EAC781225457
5412503886 19056 14833 7C20F6CF1A09EEE4F40FE6F70B0F070213E4AE0B9599CF6348B0EAC781225457
5414267258 57437 6397 E7BC1E4408F4C79A5239406E75600B0578FF610A9CA341D110C89C9862157B3D
5413096017 64646 30743 7C20F6CF1A09EEE4F40FE6F70B0F070213E4AE0B9599CF6348B0EAC781225457
5413773794 61783 58746 DE7A90CE946612B2E6F3D6919E5246A965AA227AED03803A220B98988E1F3A71
5417807256 2536 10144 7C20F6CF1A09EEE4F40FE6F70B0F070213E4AE0B9599CF6348B0EAC781225457
5418923637 41727 50219 CC3F5117CF2B2D321DA47625FC6CA8DC82DA45414FF120C1A6ED4B75FD3BD8CF
5422217295 5802 21554 7C20F6CF1A09EEE4F40FE6F70B0F070213E4AE0B9599CF6348B0EAC781225457
5422905167 10421 30495 78BE471F5A07852D0EC56B356B6E9433DA902ED7E43C58A50FDBCDA353DFA0E6
5419103016 44378 33113 7C20F6CF1A09EEE4F40FE6F70B0F070213E4AE0B9599CF6348B0EAC781225457
5412792170 49286 45701 7C20F6CF1A09EEE4F40FE6F70B0F070213E4AE0B9599CF6348B0EAC781225457
5421703894 65245 20817 155166F1BC6C101BBFB5AA4B1FE7A9507075A4702D68CFB76AF79356CA11C828
5417236790 31181 32317 14A1141517873E6DA0FF627749FDE2F98E0336775C2CBE48AA3F6BA0CED26B71
5419865987 60123 20636 020A83C1FDA793F3A6DECC788CCF99327428FF401ED1554052FB9E4EE3111F35
5419511833 35891 30540 55E8D93B7651D7942FF91E4C49D8204E6AC7B22C208773B42BF45FDBE4B8F85D
5415749442 14562 31245 7C20F6CF1A09EEE4F40FE6F70B0F070213E4AE0B9599CF6348B0EAC781225457
5417071601 23344 6403 7C20F6CF1A09EEE4F40FE6F70B0F070213E4AE0B9599CF6348B0EAC781225457
5418001992 59317 38978 981674AD4F3F15D451BB565738298E086EE6F8EB8E6031CE6CEEFADF5017816B
5414640979 22400 6651 7C20F6CF1A09EEE4F40FE6F70B0F070213E4AE0B9599CF6348B0EAC781225457
5412806169 62973 12780 23E73464BAF650A26BB4E67754E8DF97980B8B27C15609091CA95D711448894F
5415816936 38358 22361 7C20F6CF1A09EEE4F40FE6F70B0F070213E4AE0B9599CF6348B0EAC781225457
5418795199 49322 29819 7C20F6CF1A09EEE4F40FE6F70B0F070213E4AE0B9599CF6348B0EAC781225457
5415927644 62995 39986 E8557E7B0063C29409C986F6562076EAF766A8EBD710047D7D19F058D1825C12
5420354544 24019 41087 AF3AE0140EF36F354F116D0475A52418F69198AC28925E1A672E1B5D4D1DB18B
5416519307 62855 16120 135D5BC4B43A8E7E376AB78EB18618780BE063ADE9F6B9A52CC5D733E4D77126
5420078154 14623 34308 84E9BA0BE0D10176D990CE5AD98008F9B1785C3AC469D9A3C12B545DDF1279CF
5415160890 52372 20956 7C20F6CF1A09EEE4F40FE6F70B0F070213E4AE0B9599CF6348B0EAC781225457
5420184713 10178 60654 7C20F6CF1A09EEE4F40FE6F70B0F070213E4AE0B9599CF6348B0EAC781225457
5419438137 12273 51801 DFA1E8FCA4EF7D71C4393F9B354C522BDCDCFCA40F60E28E0342D3D5DA7AEEC7
5413070903 50746 50211 7C20F6CF1A09EEE4F40FE6F70B0F070213E4AE0B9599CF6348B0EAC781225457
5418967624 54055 28765 203627F62B1C7E88BFF2AA90F349A8B1AC8EFE4D488A26AB0EB706B553D959CB
5420395044 6037 43822 3128553B8819095E042F1E5A0C3F9781A668D7F9D685A6ED0B289467536DB567
5414575763 62176 63387 7C20F6CF1A09EEE4F40FE6F70B0F070213E4AE0B9599CF6348B0EAC781225457
5424084986 41377 44473 C0FB949850A72155D4FD653D3E3D8CD951557800A9A3534BC7626A20D0FB338B
5419481048 52040 58080 7C20F6CF1A09EEE4F40FE6F70B0F070213E4AE0B9599CF6348B0EAC781225457

Total of 0 tasks calculated error.
