Total of 100 tasks calculated correctly, accuracy 100.00% 
5470923160 41008 37290 7C20F6CF1A09EEE4F40FE6F70B0F070213E4AE0B9599CF6348B0EAC781225457
5463364407 36298 17145 7C20F6CF1A09EEE4F40FE6F70B0F070213E4AE0B9599CF6348B0EAC781225457
5469022444 1087 12156 357CE378B3015B03BE0248F3859FAA7447FF3C48405042FB9FE36413E79D01C9
5464354843 28137 9142 1B07136AA71C00A7BC9F40D571201450258D0E3FFD100D85C1A206EA5E73A64E
5466008161 43606 28113 7C20F6CF1A09EEE4F40FE6F70B0F070213E4AE0B9599CF6348B0EAC781225457
5461099926 13231 58284 C50BA053CF0523EB20D8B4E31DF79D263D4FA6A0DDC436BC05B364074A568EDF
5462407292 47105 44786 F705D709B4CD7E5F26CBDDB18BED21D3A4AD72B510EE5D59B2912DC74216A394
5465364679 51909 22628 3E06E0C7E8B72F31385235ED8973648A1D0FD37DEFB13A1F4169510C81257E44
5463621371 24311 35488 245D26AE9BA91DABF27032609A155BDD10CB019DCE6B4627F627AABAF84DB468
5471090483 27011 49937 AFA1350B49BB2F3EF89955E6820692D378EA354FC971E7B3C08F1732D277A654
5471782842 59680 62586 7C20F6CF1A09EEE4F40FE6F70B0F070213E4AE0B9599CF6348B0EAC781225457
5461696587 63718 20560 7C20F6CF1A09EEE4F40FE6F70B0F070213E4AE0B9599CF6348B0EAC781225457
5461450624 64697 61251 47ADFD38BF6701F64E2380C31B3AF981943017A46F665A5F39B3EC2A037617F6
5460713418 27841 40707 1596ABF68EC97166A97255E1EB3E1564EFBCF416E4766304BCAE9802A1E94326
5461961051 11321 62765 3727823614131681DED34765676ED0D8F25AEA2817C188FC68FCCD4109D13C99
5467479070 10198 2287 7C20F6CF1A09EEE4F40FE6F70B0F070213E4AE0B9599CF6348B0EAC781225457
5461046418 56921 58594 9E6E3CD0E4A7E5D6D6B55C4806407609EDF4BE85295EC82518F4DC80E0CCCADF
5460773414 710 8758 7C20F6CF1A09EEE4F40FE6F70B0F070213E4AE0B9599CF6348B0EAC781225457
5470207143 20048 20999 7C20F6CF1A09EEE4F40FE6F70B0F070213E4AE0B9599CF6348B0EAC781225457
5462811826 41469 31605 AFBB8354792E1B1781012D71ECF64B5C869D628BFCF5C4727C551CF7241B98E2
5464453277 34180 17432 7C20F6CF1A09EEE4F40FE6F70B0F070213E4AE0B9599CF6348B0EAC781225457
5462195938 51454 46102 7C20F6CF1A09EEE4F40FE6F70B0F070213E4AE0B9599CF6348B0EAC781225457
5472223750 27338 5685 7C20F6CF1A09EEE4F40FE6F70B0F070213E4AE0B9599CF6348B0EAC781225457
5466385478 33798 4955 7C20F6CF1A09EEE4F40FE6F70B0F070213E4AE0B9599CF6348B0EAC781225457
5464835450 65254 51903 7C20F6CF1A09EEE4F40FE6F70B0F070213E4AE0B9599CF6348B0EAC781225457
5471726678 8278 25092 7C20F6CF1A09EEE4F40FE6F70B0F070213E4AE0B9599CF6348B0EAC781225457
5462769828 46453 25948 17E867001797AE3F425C1503B4E0D3C0ADF8CAD04B043362BF0DA3216E60185F
5470585508 20926 59060 7C20F6CF1A09EEE4F40FE6F70B0F070213E4AE0B9599CF6348B0EAC781225457
5460948822 7449 18731 F58D1F43142B1D52EDF41FE31AEB64CED4BEA35B0E82AF094077B95D3B5F200B
5462274368 29312 41854 7C20F6CF1A09EEE4F40FE6F70B0F070213E4AE0B9599CF6348B0EAC781225457
5460969503 3412 14002 7C20F6CF1A09EEE4F40FE6F70B0F070213E4AE0B9599CF6348B0EAC781225457
5467944629 23469 28706 2566724207482C03E87977CE967F24BFDCA235D56BB714ABA6ACE4203C83CE22
5465877037 25218 57669 7C20F6CF1A09EEE4F40FE6F70B0F070213E4AE0B9599CF6348B0EAC781225457
5467518734 25223 46536 57780AB755AB0D57F11DA4DECC7D7F66AADE3C9560776046AE2E698EA44DA645
5463629216 21549 43846 B450CAB98B73BBFEEBBD5EC34C369CAE27C042F4D8A0A9D177893D06A5E0187D
5463865181 14914 56475 7C20F6CF1A09EEE4F40FE6F70B0F070213E4AE0B9599CF6348B0EAC781225457
5460906082 13288 37315 7C20F6CF1A09EEE4F40FE6F70B0F070213E4AE0B9599CF6348B0EAC781225457
5468418993 29952 41598 7C20F6CF1A09EEE4F40FE6F70B0F070213E4AE0B9599CF6348B0EAC781225457
5465186376 33690 63995 7C20F6CF1A09EEE4F40FE6F70B0F070213E4AE0B9599CF6348B0EAC781225457
5465057953 31714 55710 7C20F6CF1A09EEE4F40FE6F70B0F070213E4AE0B9599CF6348B0EAC781225457
5463563358 16191 29763 CAC36FB7510361ED65426C8ABC4F114370E133E74FEE39F8FEB9E15540B9F41A
5461344515 61646 14297 7C20F6CF1A09EEE4F40FE6F70B0F070213E4AE0B9599CF6348B0EAC781225457
5471765686 909 22964 8CB4074791516FF80E8F9E9724DEAA9AF95A912F4E3E847D3276C3C0F68F5673
5461884868 45411 49323 23F1797E769D4AF547CEEBBA2956ED979E6828090CD2DE6B7E7FD2EC78CA48A7
5460959908 18990 65521 7C20F6CF1A09EEE4F40FE6F70B0F070213E4AE0B9599CF6348B0EAC781225457
5463638574 27888 21921 7C20F6CF1A09EEE4F40FE6F70B0F070213E4AE0B9599CF6348B0EAC781225457
5470419968 63490 43290 7C20F6CF1A09EEE4F40FE6F70B0F070213E4AE0B9599CF6348B0EAC781225457
5467186172 20876 15455 7C20F6CF1A09EEE4F40FE6F70B0F070213E4AE0B9599CF6348B0EAC781225457
5470094520 29967 11287 768BFB1E13C8AB8C5403139CCCDDA463D2620CB3BCB7C935ED2833B9DD191A54
5463810448 1253 57929 33D6783E49CF396C2E9CBD27A660A8ADC770842E7503F17F3682E2B3FA0DB17F
5468097599 16402 12128 7C20F6CF1A09EEE4F40FE6F70B0F070213E4AE0B9599CF6348B0EAC781225457
5467926201 26937 30037 F5AC1D4C53B3DB79A15C9784EC2BE52076A6899CAA1D62485F144B656C6E8261
5470627779 3110 2558 7C20F6CF1A09EEE4F40FE6F70B0F070213E4AE0B9599CF6348B0EAC781225457
5462322578 50172 56756 7C20F6CF1A09EEE4F40FE6F70B0F070213E4AE0B9599CF6348B0EAC781225457
5469264910 32747 61144 DEA6F3279C4D3FF883E3EBE9D8D0F4C54539CD2C15D04406BC93FCDCFF049740
5469421368 54132 53081 7C20F6CF1A09EEE4F40FE6F70B0F070213E4AE0B9599CF6348B0EAC781225457
5461126754 48299 16254 B3E87ACA9D66D177FB6B3EF773246697F081922DF92CDE6E056A4CDC5E932856
5467389555 25791 15551 F36FC21CF367D084C31935DCCB34BE9909A2E6CDF7326C3823CB297017994C5B
5464215470 63560 61601 7C20F6CF1A09EEE4F40FE6F70B0F070213E4AE0B9599CF6348B0EAC781225457
5465613532 52544 3893 7C20F6CF1A09EEE4F40FE6F70B0F070213E4AE0B9599CF6348B0EAC781225457
5461142150 42929 5834 C507FC7A8B7565697402BEB69D03C685F4640BF0A2B626894880BB1AF316FF0C
5461572435 43952 55062 7C20F6CF1A09EEE4F40FE6F70B0F070213E4AE0B9599CF6348B0EAC781225457
5463090197 37860 55457 7C20F6CF1A09EEE4F40FE6F70B0F070213E4AE0B9599CF6348B0EAC781225457
5472026482 20364 19461 7C20F6CF1A09EEE4F40FE6F70B0F070213E4AE0B9599CF6348B0EAC781225457
5466258403 38204 18215 7C20F6CF1A09EEE4F40FE6F70B0F070213E4AE0B9599CF6348B0EAC781225457
5464304980 6479 32122 96BFDC848B3ED6E52E7817BAFF3C7DB4DF1E46BB3DDB08CF70E85A41BBB96898
5462055031 17205 64537 DDDB023EA134119BA3C2E678F73F1F27CCA6F1E37DCAEEB731BF490F38F7510B
5469354018 58314 12889 7C20F6CF1A09EEE4F40FE6F70B0F070213E4AE0B9599CF6348B0EAC781225457
5464800136 60584 12151 7C20F6CF1A09EEE4F40FE6F70B0F070213E4AE0B9599CF6348B0EAC781225457
5469499614 11151 42597 A36E22A425F8EFBCA3AB072632B7B8F91191ECECDB2524AE19A358A588E4AE19
5463269189 30516 62430 7C20F6CF1A09EEE4F40FE6F70B0F070213E4AE0B9599CF6348B0EAC781225457
5464970112 34723 36952 3B3A2B9B4C216F52213B220E2CEA06A7496D1F9C38DCC1A4E87A4E3AE564C553
5464968644 34627 49698 19CA18576BFD8E78A8F6B6F0A46D13936FE10612CD2E24CAC7C3A1DC22982F1F
5465499849 23969 17170 CB09C56B6A261CBD2018541775340C5A827C2500BA638976814ADCDCEF219CE3
5468810916 33958 8397 7C20F6CF1A09EEE4F40FE6F70B0F070213E4AE0B9599CF6348B0EAC781225457
5468536198 5014 792 7C20F6CF1A09EEE4F40FE6F70B0F070213E4AE0B9599CF6348B0EAC781225457
5468833952 14305 30652 6E0C4DCD52D403165EB45A1B579706CA791E050047CACC2B44B4B06F3D4A7F88
5462663410 28589 23747 1786C528F4E285774A57CBCD3FA27CD669A06F667AB38EE97C6CD900F92352F3
5462535170 34410 6917 7C20F6CF1A09EEE4F40FE6F70B0F070213E4AE0B9599CF6348B0EAC781225457
5462669057 20964 26076 7C20F6CF1A09EEE4F40FE6F70B0F070213E4AE0B9599CF6348B0EAC781225457
5465083355 16822 39788 7C20F6CF1A09EEE4F40FE6F70B0F070213E4AE0B9599CF6348B0EAC781225457
5462813803 42994 59036 7C20F6CF1A09EEE4F40FE6F70B0F070213E4AE0B9599CF6348B0EAC781225457
5469306110 39201 40702 F72C35A07762591AE0D4249F412D5A37B69A9DC6019BC049EC4E638B9625989B
5466468283 3981 51609 C3E0C91645DC73A1BCC5CDB478A1C87456BAC4EA7C0876DF78673433FAB48D32
5471715010 47789 57023 B064A3F6E5AA63B9DFEFBFB24F45522148F1419375E018A6EF1C6A070C4E6DDE
5462967187 54857 56277 28F956246881D20C74F4C6475F3942ED087EEFC07D533949B310347D8E1BC90E
5460868869 48142 58122 7C20F6CF1A09EEE4F40FE6F70B0F070213E4AE0B9599CF6348B0EAC781225457
5463694320 5702 16923 7C20F6CF1A09EEE4F40FE6F70B0F070213E4AE0B9599CF6348B0EAC781225457
5464072881 38203 13182 A932607D95908AE0BBFAFEA7113DC44DA296CCE80297DC1F524FD88571EEEE04
5469162427 5984 44025 7C20F6CF1A09EEE4F40FE6F70B0F070213E4AE0B9599CF6348B0EAC781225457
5465418872 17956 7906 7C20F6CF1A09EEE4F40FE6F70B0F070213E4AE0B9599CF6348B0EAC781225457
5469863497 2569 56932 6B29DE664A00B4519FD7562F0192482AA15D9FA1BDA8EFD06A67044C683D9B38
5467734332 9584 34592 7C20F6CF1A09EEE4F40FE6F70B0F070213E4AE0B9599CF6348B0EAC781225457
5465011058 4470 9845 7C20F6CF1A09EEE4F40FE6F70B0F070213E4AE0B9599CF6348B0EAC781225457
5464509598 14082 51564 7C20F6CF1A09EEE4F40FE6F70B0F070213E4AE0B9599CF6348B0EAC781225457
5462876675 27501 32605 EDDD3720339B3D015AC37D76EB0D4C4D0CE8B236020D6727DD4FC060AC21BF0E
5470574565 64038 41045 7C20F6CF1A09EEE4F40FE6F70B0F070213E4AE0B9599CF6348B0EAC781225457
5464362343 24583 31927 1D67CB12DC7BBB6E5896257AE59C1997D5DA4E5E1519DA14690969ECBA4B85FC
5467599469 28705 14848 29C816D1994E74A8134AEFE6B024FA2040999BF052022583C5291E02C3DEE227
5467271339 7783 46989 FD8B223B6D702424FCEA3E1F8F877D13D46A65E2A77ECBD1D36C86A6800FB470

Total of 0 tasks calculated error.
