Total of 100 tasks calculated correctly, accuracy 100.00% 
5516901842 52698 38655 7C20F6CF1A09EEE4F40FE6F70B0F070213E4AE0B9599CF6348B0EAC781225457
5517952352 55463 49049 7687AC694298BF72B41CF7E530B0B3FE66C5DC3E2AB7D762B14D34554C982642
5509162069 12911 53639 20DB1A349B8174FEE88A5AB498CB5E2BB1210A268966E3E7063E9DACCE7717F0
5518538395 35028 65525 7C20F6CF1A09EEE4F40FE6F70B0F070213E4AE0B9599CF6348B0EAC781225457
5519416406 34877 39760 032F5F61BEA3D373BD28A5DE788A1C57C41272862CF6707212F689BA914C97C7
5513002498 33628 25635 7C20F6CF1A09EEE4F40FE6F70B0F070213E4AE0B9599CF6348B0EAC781225457
5511264505 51439 20658 994727F2EECDE3CED9404C75C35ECE311A4311B47E7A7FD7E0830E4BCC0B6AB6
5518771061 37157 51079 B1252EB351F0E22191451E3A3275123258BCB6F75E5EAE75DAFAE25A520BE8F3
5515544892 19069 10477 800CEED4B85C74EE906BE8635CCBC65BDBB4418DF22DC14EC318B51A41060D6F
5509726586 15024 56343 7C20F6CF1A09EEE4F40FE6F70B0F070213E4AE0B9599CF6348B0EAC781225457
5519120170 23166 9560 7C20F6CF1A09EEE4F40FE6F70B0F070213E4AE0B9599CF6348B0EAC781225457
5517887312 12245 63057 CA2425C6D4417149E0013ACB584811B099C874CB584D4CD1326101638832774F
5519248364 37387 61471 C3872587248C143A64ABC6F4EE951241E3A056E99879609E6C99A02E7AA52A76
5513288388 41977 2369 084BF02036485082E2412B70DE9A08A6C0FD0DF0D847561DD5F41F2F8FC99C84
5511520730 22955 25566 946554E717F4F8ED0F3EFE8ACF06A8358E5DD463320C6BCC0AC7D081DC1CAF31
5511047307 52931 28179 3DD78C7516325844C67FA55BA763BEDF95A783976B8EFA7420E0C2740F1F9250
5510032623 47150 61832 7C20F6CF1A09EEE4F40FE6F70B0F070213E4AE0B9599CF6348B0EAC781225457
5519218272 26973 17121 BF37B70CE5005D04453B03E30B31958A215DD386E8A89B7037A2CFBFB9F4D266
5514125535 49520 45051 7C20F6CF1A09EEE4F40FE6F70B0F070213E4AE0B9599CF6348B0EAC781225457
5517195338 33888 48149 7C20F6CF1A09EEE4F40FE6F70B0F070213E4AE0B9599CF6348B0EAC781225457
5508629294 20485 35568 931F8D05CC3A7155440FFAD987E7D3585FE28863D371580762DB0399499B5777
5519171287 59276 33480 7C20F6CF1A09EEE4F40FE6F70B0F070213E4AE0B9599CF6348B0EAC781225457
5508901472 28774 10159 7C20F6CF1A09EEE4F40FE6F70B0F070213E4AE0B9599CF6348B0EAC781225457
5515226372 53682 48151 7C20F6CF1A09EEE4F40FE6F70B0F070213E4AE0B9599CF6348B0EAC781225457
5509445581 22714 54146 7C20F6CF1A09EEE4F40FE6F70B0F070213E4AE0B9599CF6348B0EAC781225457
5513347730 24706 42356 7C20F6CF1A09EEE4F40FE6F70B0F070213E4AE0B9599CF6348B0EAC781225457
5520060989 59118 15647 7C20F6CF1A09EEE4F40FE6F70B0F070213E4AE0B9599CF6348B0EAC781225457
5512682707 21326 57097 7C20F6CF1A09EEE4F40FE6F70B0F070213E4AE0B9599CF6348B0EAC781225457
5512162401 43060 19231 7C20F6CF1A09EEE4F40FE6F70B0F070213E4AE0B9599CF6348B0EAC781225457
5518687868 50399 51752 AB8DEB48E8BE0D75F22B41AAA589821CC68EAEF9897CC3F73731122D7976C8A5
5519385640 19251 55570 AF505A893B9861C165F6A4DD717B66376E1BAA49D78E832B50117BE2ED1C9F49
5518716675 32757 48396 5821E682214C206E4E6735A8E7B823BDFED91F4DF290A0AB2449EDF89BD5412F
5514403442 22569 35462 9573F5D00A689FCCF713B200AED7E766BF1C4ECA521A4CA5C8DF9570ACDF43AA
5515376347 17677 33241 B724686C50A998A4D20B0507BC57408947824FA6578E7204A7F58B3589467FE1
5518861740 62047 18995 3972825625E258A738D27CCE5BA87217870BB03FA05A48B011823DFB3EB99440
5511325161 40659 18357 C247464A5611BFE11137E536C1053CA1C9B8DF537DA7B42C64205A1DE0EE4853
5518909231 61712 24265 7C20F6CF1A09EEE4F40FE6F70B0F070213E4AE0B9599CF6348B0EAC781225457
5510258537 54230 63933 7C20F6CF1A09EEE4F40FE6F70B0F070213E4AE0B9599CF6348B0EAC781225457
5511977787 65097 50207 0122228965EFD3BD7C99213BF40800FC8E086AA6A35B31D9A7179078FEC99834
5511406779 45667 59780 46817F3D60292C60BD7CE283BD9E12951BE007800A1F2214ABAF02CBAAFA670A
5508925945 8663 22021 C58EC8618352901E0DA3C540DE8F35428B5E984FC5148CA0539F40D09DD965CA
5513983870 24571 6312 0A9471D0E393255B4BC76C79E448E3511E2790E7FA3762FDB84E70DFA952D419
5512442622 57918 38466 7C20F6CF1A09EEE4F40FE6F70B0F070213E4AE0B9599CF6348B0EAC781225457
5517989751 46745 50636 FB8028F48864C607C933CF109E72720BCCA6A94E93C76F56AF7F084F0261F2A8
5517021062 42769 12558 33BF19D7006AB6431A791998A42B81B651092C2BD8AF2F7C3EC6E4854E43E55E
5511350577 63576 49048 7C20F6CF1A09EEE4F40FE6F70B0F070213E4AE0B9599CF6348B0EAC781225457
5512390388 537 8030 282B98EC7041E572761806D9F049893E2D6BB37BF98629FE9C576768533B58E0
5512295976 13656 697 7C20F6CF1A09EEE4F40FE6F70B0F070213E4AE0B9599CF6348B0EAC781225457
5509761216 35135 29132 60383C9403B7EBA9DC81EE5B9E1D6E17329BB8191EFB0D0EDF7B75EE827BC811
5514219040 2878 18229 7C20F6CF1A09EEE4F40FE6F70B0F070213E4AE0B9599CF6348B0EAC781225457
5516684393 46270 28857 7C20F6CF1A09EEE4F40FE6F70B0F070213E4AE0B9599CF6348B0EAC781225457
5518903615 7863 21202 8FCA74C6DB54A4AFEDD4104AB592996E3F0F7EB4969A517FB11795FCF541C66F
5513157686 57231 2009 96E06A48E4503FDFC598BCA947924EEF41B696E7F0B61B74FEE8FEB39F4D0E85
5518538042 7047 61176 11BEA035B8904898035F2ED39A6BB252CCEC0FE3CD5CACF87EDCFD2C348D19D6
5518290412 45561 32045 CBE1AE8FAB947B2C862FE882C128057D0A8FEA5C56C5F8885C1B334082D1F84A
5517784007 34487 16286 12D70291F41DCE3606E7B253E1D2D24CBFDC69DB63425FBA9184A826C229CC17
5513019928 9697 58071 669FA605B643C556CDB476B33B10426A7471ADD8229D796CB2B1C5154149976C
5519764058 25537 50923 8F8BC7C9E76CB51836BDCB08D598C51A8138F11297D628755CB87BB6432EE54E
5512584928 27607 17510 921CA464FD69A163CB802E5371C799235DA3458C3F8C6C339B6E1A3BC3D5DC28
5517684445 64013 64149 7508B4F9EFB0574691EA940C6AFFB98BC524EBA23A9CDC0F3F5D8253264E779F
5514728213 20315 42734 D317757DE1A59BF287104D16440EB3B8C24394EFEA5DFE7BE4CFD7618C9E68AF
5508948232 19730 42551 7C20F6CF1A09EEE4F40FE6F70B0F070213E4AE0B9599CF6348B0EAC781225457
5518386335 43538 43737 7C20F6CF1A09EEE4F40FE6F70B0F070213E4AE0B9599CF6348B0EAC781225457
5516505185 12686 54621 7C20F6CF1A09EEE4F40FE6F70B0F070213E4AE0B9599CF6348B0EAC781225457
5516446367 8950 3089 7C20F6CF1A09EEE4F40FE6F70B0F070213E4AE0B9599CF6348B0EAC781225457
5508852289 10150 27596 7C20F6CF1A09EEE4F40FE6F70B0F070213E4AE0B9599CF6348B0EAC781225457
5510324186 20780 17714 7C20F6CF1A09EEE4F40FE6F70B0F070213E4AE0B9599CF6348B0EAC781225457
5511541217 20402 18166 7C20F6CF1A09EEE4F40FE6F70B0F070213E4AE0B9599CF6348B0EAC781225457
5520112608 51784 22087 7C20F6CF1A09EEE4F40FE6F70B0F070213E4AE0B9599CF6348B0EAC781225457
5519823698 17866 37008 7C20F6CF1A09EEE4F40FE6F70B0F070213E4AE0B9599CF6348B0EAC781225457
5515017650 62450 10610 7C20F6CF1A09EEE4F40FE6F70B0F070213E4AE0B9599CF6348B0EAC781225457
5518695588 18711 1923 060EE6A26142F39791B71917CAA225F0D17937516F4CAF08E8C3EC5035D38B71
5509584195 46886 1829 7C20F6CF1A09EEE4F40FE6F70B0F070213E4AE0B9599CF6348B0EAC781225457
5515738533 18600 18551 7C20F6CF1A09EEE4F40FE6F70B0F070213E4AE0B9599CF6348B0EAC781225457
5518807630 13369 44492 E8F234A08DBAFBB3BEC577E40105078C1C55757CB540A054D0489AAB844EC6C0
5517434525 38566 23933 7C20F6CF1A09EEE4F40FE6F70B0F070213E4AE0B9599CF6348B0EAC781225457
5513611249 8164 487 7C20F6CF1A09EEE4F40FE6F70B0F070213E4AE0B9599CF6348B0EAC781225457
5514205191 46472 63522 7C20F6CF1A09EEE4F40FE6F70B0F070213E4AE0B9599CF6348B0EAC781225457
5519311584 2178 25464 7C20F6CF1A09EEE4F40FE6F70B0F070213E4AE0B9599CF6348B0EAC781225457
5519370457 15395 10584 E3C39535DF8441A327E8C3F49D34855D720AD83034E1D9B23DECEC9EDA42D9E4
5517593117 31910 22064 7C20F6CF1A09EEE4F40FE6F70B0F070213E4AE0B9599CF6348B0EAC781225457
5514364828 5199 48467 B8DE33EFA7946410C7FAFD1424BFDEC0ECF91EE2A52B8C047E50A9D0BFA0CC6E
5514014218 36726 30499 7C20F6CF1A09EEE4F40FE6F70B0F070213E4AE0B9599CF6348B0EAC781225457
5519982079 41385 22996 287D05E7F8C082B9EF4A1CB3A75B1F100B50C2C13BCB942CD4B55B09C23B096B
5512109075 65071 25179 39F6C6F489C4279E3F68A10F674853351DAFABB028A5C02AC60F61ECB4613C50
5510188720 38252 33754 7C20F6CF1A09EEE4F40FE6F70B0F070213E4AE0B9599CF6348B0EAC781225457
5512115773 59300 29708 7C20F6CF1A09EEE4F40FE6F70B0F070213E4AE0B9599CF6348B0EAC781225457
5514393731 15651 48163 A2D44F5DBBD84BA5680C6823732C1393B283C410AC724CF57467A8DED3FEC331
5509210063 63420 58098 7C20F6CF1A09EEE4F40FE6F70B0F070213E4AE0B9599CF6348B0EAC781225457
5514295423 57487 35056 8189F7D16A51061111B5849865EC212D06E8DFC124E3B351D01FED9CF4BA114E
5511260158 48157 22768 84649C21C778EA1BBE249D540E2832C76C6A8375C226DC09CB46B0AF07EF97BC
5512014890 58088 22285 7C20F6CF1A09EEE4F40FE6F70B0F070213E4AE0B9599CF6348B0EAC781225457
5509875570 21845 29625 4DC34E41EB1F68F59F6C50B4DD637ABF49A5194FB7847426B4E039AFA2709E07
5512830815 43202 39263 7C20F6CF1A09EEE4F40FE6F70B0F070213E4AE0B9599CF6348B0EAC781225457
5511841190 44382 50869 7C20F6CF1A09EEE4F40FE6F70B0F070213E4AE0B9599CF6348B0EAC781225457
5513885547 13278 25315 7C20F6CF1A09EEE4F40FE6F70B0F070213E4AE0B9599CF6348B0EAC781225457
5515881862 30107 21146 89F97B5B3FF643D623FC0AA58D39203322D47116049272A9A72C1AFF721A6FA8
5509764926 29002 16084 7C20F6CF1A09EEE4F40FE6F70B0F070213E4AE0B9599CF6348B0EAC781225457
5510742695 34365 23710 9043A1E04744AD0A3F1B1891456E679CA4EC37625EFA665DAA4571CCC63ABAF2
5518173814 26446 29494 7C20F6CF1A09EEE4F40FE6F70B0F070213E4AE0B9599CF6348B0EAC781225457

Total of 0 tasks calculated error.
