Total of 100 tasks calculated correctly, accuracy 100.00% 
5535190124 14671 44317 1627A9C4BC320831E5AE01D23B8F2713355A84FA14F7752B957D5BD3DB53E0D8
5536409673 4495 41326 A8F313D52505E2111DE62878C2A1AF76A51C4290EB03E5AA1004A4D72FD5A112
5542781019 19253 23125 99E010C4C783AAE09CC30E36F73DE0D2CC1344486E35F95DEB82B2FFC8415F1F
5543098347 18837 484 745F3A9F1A2A338F6AACBCAEDD45398768C37FDFC3EAA2C27C15983A57926DF2
5543938675 61241 22862 987AA9A462FB82946B737D126DC0F139AE54610755A6F36671EF93A8CFE9FD82
5540123484 28478 56541 7C20F6CF1A09EEE4F40FE6F70B0F070213E4AE0B9599CF6348B0EAC781225457
5540879354 11747 57073 EA50BF25566394F3D4C5A73BAFAC7DC3CD07C4B507CD60F7E40F5B005A924589
5539249332 39602 37160 7C20F6CF1A09EEE4F40FE6F70B0F070213E4AE0B9599CF6348B0EAC781225457
5542586985 4088 14329 7C20F6CF1A09EEE4F40FE6F70B0F070213E4AE0B9599CF6348B0EAC781225457
5538432358 33327 14577 3DE386B7E308890D34F574CF8371213B05EB05A0690CA863E9653F86CB138688
5535512163 45175 26831 173C6B83F20519FD298383E0D6F78B300BCD24864A36B9F729613644C436C974
5537246344 44574 1390 7C20F6CF1A09EEE4F40FE6F70B0F070213E4AE0B9599CF6348B0EAC781225457
5537399423 41338 3693 7C20F6CF1A09EEE4F40FE6F70B0F070213E4AE0B9599CF6348B0EAC781225457
5533797198 53913 36681 68DAF9EAFCE7665409CEEDAE035B1F5B85FBE8AFAD2963C1114204A1F2010FD7
5532937391 48260 2098 7C20F6CF1A09EEE4F40FE6F70B0F070213E4AE0B9599CF6348B0EAC781225457
5537219593 27340 54000 7C20F6CF1A09EEE4F40FE6F70B0F070213E4AE0B9599CF6348B0EAC781225457
5539132660 31605 58701 13F791BF6A3D96235C20B56B071C1F1A92EC6E6F561B38E3E50A9441BD567F18
5541915165 44342 37291 7C20F6CF1A09EEE4F40FE6F70B0F070213E4AE0B9599CF6348B0EAC781225457
5535103211 15608 36986 7C20F6CF1A09EEE4F40FE6F70B0F070213E4AE0B9599CF6348B0EAC781225457
5539031442 28837 34559 0917BF387093663DE557B2813DD25B2DEB3BE8881AD5807D95912350CD214705
5539069338 48643 63352 34C5528CD459FDB2ECA077AEF30E9150D7CEF26A87C0F1AD17C827243D79C84B
5535794537 44011 36500 A4388573055118A7BF2464715AAE0FCEB4034F2F1A87E914520F794B6A596AAF
5542818110 11044 49812 7C20F6CF1A09EEE4F40FE6F70B0F070213E4AE0B9599CF6348B0EAC781225457
5535629688 26515 10287 2C87FF3145D6132B158184588729626468B60C5695AF78A317464809522D6460
5541988788 63944 15290 7C20F6CF1A09EEE4F40FE6F70B0F070213E4AE0B9599CF6348B0EAC781225457
5533603447 10985 12293 E4288B2A5CE3C105472370A78C3D1B73A20D625EEF1E6A828B6FE7DD3DE3C3E6
5542454697 57639 14733 DD194F35D1F9B975FE9BD476844B04A61428665D68A16E0E0FDCF11EB04CA98B
5541338817 19611 21166 E33A33F450EEB7018B11CE3A0D19764D0F43A988DB3B8B8D1EE07D3DB5C8F405
5542355284 22005 49381 8D55A57D5B2A4A035E1D95AD0B5010D5DC832E03D7228641BD2BB3D059E52B4F
5534215072 56291 14984 8EE303D68D7F1D19EF0A40518D51EA1DF67BA911A4E0FE6B3A917D42856A064C
5537591556 21668 404 7C20F6CF1A09EEE4F40FE6F70B0F070213E4AE0B9599CF6348B0EAC781225457
5542017767 9618 63864 7C20F6CF1A09EEE4F40FE6F70B0F070213E4AE0B9599CF6348B0EAC781225457
5539515501 1323 53612 D688A602D005B9C34E9A52012D757ECD3D17EB34F6E03605AB15C43C4B0B727A
5533443190 11433 12704 93F94D60B797B04F704CF1D7DB101C99B31B3F5A39BD4F2740EF4A8CD8442724
5541795063 26898 54392 7C20F6CF1A09EEE4F40FE6F70B0F070213E4AE0B9599CF6348B0EAC781225457
5537452131 23685 45550 FE7AA0A21E8A079E73275ACBD15B25B7E3302ED6D80DDF7630ED252C84747BFF
5542894867 59366 13138 7C20F6CF1A09EEE4F40FE6F70B0F070213E4AE0B9599CF6348B0EAC781225457
5533279627 12600 9618 7C20F6CF1A09EEE4F40FE6F70B0F070213E4AE0B9599CF6348B0EAC781225457
5540169241 12849 18444 5B55AB42EDA707641180DBEA73D06386ECA61ABD8BE6D945AA8126CB174C767D
5541393032 12362 12552 7C20F6CF1A09EEE4F40FE6F70B0F070213E4AE0B9599CF6348B0EAC781225457
5544057178 50613 3024 00A35BA396EEBBFC96A7B457B523DCE5B1E07A3730804D437E76D056E512F06A
5540629515 34996 55564 7C20F6CF1A09EEE4F40FE6F70B0F070213E4AE0B9599CF6348B0EAC781225457
5540258603 26995 27333 8C8598AE01B9D93865F3D2FC54FA58937762119BCB58492A39EF9A11CA10384C
5537854522 14994 23596 7C20F6CF1A09EEE4F40FE6F70B0F070213E4AE0B9599CF6348B0EAC781225457
5538446854 25726 32209 7C20F6CF1A09EEE4F40FE6F70B0F070213E4AE0B9599CF6348B0EAC781225457
5536387553 57607 1035 E64CB65D817460D4FACABFC27F714612B5EEAD75C3A6C2189456F9BA4EFD0890
5534436333 40761 44453 535CD06DE2021CEE05A0C81D08E4C7F43D1E728CCAAED389B3A88BCBA12A2B8C
5538715521 31323 52642 9A6D2CD9EC340F6FD793A96E64F98BBA53C2F30566286C0FF6F9CAFEECD711D1
5544289745 47940 38310 7C20F6CF1A09EEE4F40FE6F70B0F070213E4AE0B9599CF6348B0EAC781225457
5541539166 50044 15866 7C20F6CF1A09EEE4F40FE6F70B0F070213E4AE0B9599CF6348B0EAC781225457
5534366483 3982 7881 7C20F6CF1A09EEE4F40FE6F70B0F070213E4AE0B9599CF6348B0EAC781225457
5540214858 34420 6349 7C20F6CF1A09EEE4F40FE6F70B0F070213E4AE0B9599CF6348B0EAC781225457
5540504861 2345 2529 E19A8C0048CBC9CD4787153BE18F963E6277D3B84CD2433EA849BA0D8BC25D38
5537592825 19333 36644 C95516C3A94910AB5A6B0D516D200B8A16FAC0F11CDEDD65F5A89F2DDB9E54DF
5533258705 24151 24553 463BF6CEDD1DB173DD1F4D0DA7DECD70DAE041D02F911C874BE4ED5FE442C1D5
5539438444 8637 17334 BE79763D867818A077074A9D6A07BE1854F24FEFA21035EE5902C63EDD42073A
5537900114 30954 22090 7C20F6CF1A09EEE4F40FE6F70B0F070213E4AE0B9599CF6348B0EAC781225457
5543929901 17361 36576 3C3AAC5E71C3A6B3E481D5F1A5562FEFBC57C2EF99D77F4E31933F1301B2366A
5535891649 57935 31052 31CACCAC677FC1B840CF5A654850B15242DDF2109075C86C1E1D5FC48BBD111D
5542380668 5150 52095 7C20F6CF1A09EEE4F40FE6F70B0F070213E4AE0B9599CF6348B0EAC781225457
5541131815 675 65081 CD5A83CE94DB5BD328BAC66B0A44CF02D49689ECE223EDE50BCBBC21AE0AAE3C
5534112158 29730 23789 7C20F6CF1A09EEE4F40FE6F70B0F070213E4AE0B9599CF6348B0EAC781225457
5539019682 6432 60606 7C20F6CF1A09EEE4F40FE6F70B0F070213E4AE0B9599CF6348B0EAC781225457
5539348793 23249 50916 D0E88996D9D33675E1919CEFEF90A052DBD52BB4D359AAD869567F8FEC5A80F8
5540316383 55531 45552 E5C81751882D1035A154F0609CD7F0C06B7C069B61CC0386A51ECE7F1E17E9B0
5535419131 905 35385 54C28E1A2AEBFD59AB1554563CB17047F5ACD08C7AF4BA3ADFF212BF83FFD812
5536936619 13121 5253 1E4E52AF4F6C1BF045C3F1A53EE33C20E8FCA933BA18A3CF920960FC6DE8032C
5537448069 6030 29586 7C20F6CF1A09EEE4F40FE6F70B0F070213E4AE0B9599CF6348B0EAC781225457
5539247238 43360 64511 7C20F6CF1A09EEE4F40FE6F70B0F070213E4AE0B9599CF6348B0EAC781225457
5536923362 57347 43535 134BBF3411A7032BF4ACB4A215BF7AEC7F9AE92B4417E439B0E162050A475EE7
5544204422 53380 54284 7C20F6CF1A09EEE4F40FE6F70B0F070213E4AE0B9599CF6348B0EAC781225457
5540586574 23168 12753 7C20F6CF1A09EEE4F40FE6F70B0F070213E4AE0B9599CF6348B0EAC781225457
5540792559 27701 4934 CD27ABB6D94B7EE88A0E221AD8C2AFFAB56704D67E81D263B3F7A1F1E9496835
5541159457 1469 55778 64BB1E345456D289651F642F822C7362771DF4ACD53F6EF2CCBC2106F0AAC374
5535969764 20182 45069 7C20F6CF1A09EEE4F40FE6F70B0F070213E4AE0B9599CF6348B0EAC781225457
5541983979 37960 51740 7C20F6CF1A09EEE4F40FE6F70B0F070213E4AE0B9599CF6348B0EAC781225457
5536412534 60735 38884 9398ACBA6B453938B94376A12705322BE505A6CFA0B67A7B2DC72805C6057067
5544057222 55401 51312 4C19686A10AE9A716873DBED999B7F3585D15B68F403617F5A64E0553CEFE40B
5537974821 47539 27664 FD277F4D09EA064FE03998331D88B1A5A2559444C6E50EBF7302490C2A02A941
5544207098 2588 11731 7C20F6CF1A09EEE4F40FE6F70B0F070213E4AE0B9599CF6348B0EAC781225457
5534709079 57248 2762 7C20F6CF1A09EEE4F40FE6F70B0F070213E4AE0B9599CF6348B0EAC781225457
5541569262 24480 55917 7C20F6CF1A09EEE4F40FE6F70B0F070213E4AE0B9599CF6348B0EAC781225457
5533400780 30326 60808 7C20F6CF1A09EEE4F40FE6F70B0F070213E4AE0B9599CF6348B0EAC781225457
5536943498 50019 57563 AD475F46E0B631664AD61F2647E9C3E3335ED0748FCCD8589586EAA922357481
5543969051 22920 13195 7C20F6CF1A09EEE4F40FE6F70B0F070213E4AE0B9599CF6348B0EAC781225457
5538587292 38242 25559 7C20F6CF1A09EEE4F40FE6F70B0F070213E4AE0B9599CF6348B0EAC781225457
5541883649 61395 11825 385A8EEAB6C279BCEB19BC84B1951149BBDEB9AA5A49EB3977B3993700CE61F9
5533217983 59952 20357 7C20F6CF1A09EEE4F40FE6F70B0F070213E4AE0B9599CF6348B0EAC781225457
5540922003 44982 61019 7C20F6CF1A09EEE4F40FE6F70B0F070213E4AE0B9599CF6348B0EAC781225457
5544081149 42778 51640 7C20F6CF1A09EEE4F40FE6F70B0F070213E4AE0B9599CF6348B0EAC781225457
5539216576 11282 36974 7C20F6CF1A09EEE4F40FE6F70B0F070213E4AE0B9599CF6348B0EAC781225457
5532802357 6128 16721 7C20F6CF1A09EEE4F40FE6F70B0F070213E4AE0B9599CF6348B0EAC781225457
5543342378 24411 20783 5BD4BF8286515A64DA14E6EE7DF254804D6CF451EA63740307F95715234A3BE9
5542488760 29907 32283 D21F7CDEC19F39F5773B52D40837AE128557477286411A40226E4E2B402FB762
5538355897 48106 9676 7C20F6CF1A09EEE4F40FE6F70B0F070213E4AE0B9599CF6348B0EAC781225457
5532619234 50642 38878 7C20F6CF1A09EEE4F40FE6F70B0F070213E4AE0B9599CF6348B0EAC781225457
5539431554 38268 7702 7C20F6CF1A09EEE4F40FE6F70B0F070213E4AE0B9599CF6348B0EAC781225457
5542455587 37121 50698 B2A56E392123E38486393CD0882B521D98AB2805EF8A760043531E7DF4F12C71
5533126536 60414 27086 7C20F6CF1A09EEE4F40FE6F70B0F070213E4AE0B9599CF6348B0EAC781225457
5543457794 57051 26617 5D192D5783FBF828265252FF322145C7BD41B02D8B983EA5CA0FA6F3227C2029

Total of 0 tasks calculated error.
