Total of 100 tasks calculated correctly, accuracy 100.00% 
5555369952 26254 60033 7C20F6CF1A09EEE4F40FE6F70B0F070213E4AE0B9599CF6348B0EAC781225457
5550413819 2195 28840 B45363248546EBAE4EAAD0099964A89B11E3E27159AE94EF7750D30F8F12B39F
5548410500 26240 10963 7C20F6CF1A09EEE4F40FE6F70B0F070213E4AE0B9599CF6348B0EAC781225457
5553546603 3457 42578 B920972CA1787C98DD103A5B00A3490D3796ED644FDB67BD2B4730A7ADDB4EEA
5556175904 24711 8063 CD623EC4B46B2A4F6B9FB2D4FC624CEC2F0ECC429BAB370AA2CD0E2942B22AD5
5554732922 56206 37826 7C20F6CF1A09EEE4F40FE6F70B0F070213E4AE0B9599CF6348B0EAC781225457
5547097278 64246 28788 7C20F6CF1A09EEE4F40FE6F70B0F070213E4AE0B9599CF6348B0EAC781225457
5544990863 16776 4904 7C20F6CF1A09EEE4F40FE6F70B0F070213E4AE0B9599CF6348B0EAC781225457
5550123326 56961 36759 38A263877871178C3C5BBDEA743C1586EA0E1197371C1544D5D156E4F82F1430
5550379481 29288 15670 7C20F6CF1A09EEE4F40FE6F70B0F070213E4AE0B9599CF6348B0EAC781225457
5548984456 60551 27729 D9E5FE7F9DB8D86BB3C91E799C642CF75FAD2F6A8A44372D253F66A9918A31AA
5547620086 48684 65222 7C20F6CF1A09EEE4F40FE6F70B0F070213E4AE0B9599CF6348B0EAC781225457
5545886075 59164 40309 7C20F6CF1A09EEE4F40FE6F70B0F070213E4AE0B9599CF6348B0EAC781225457
5549875065 47060 48380 7C20F6CF1A09EEE4F40FE6F70B0F070213E4AE0B9599CF6348B0EAC781225457
5550317862 37747 20694 F956AA0FC87793A4251058A20F4E2CB210A9FD121900C171DF3BB8E6BF9A3C71
5556132396 45414 41837 7C20F6CF1A09EEE4F40FE6F70B0F070213E4AE0B9599CF6348B0EAC781225457
5546835899 64840 42281 7C20F6CF1A09EEE4F40FE6F70B0F070213E4AE0B9599CF6348B0EAC781225457
5547493175 54173 58335 5880DDC79959771E5F265882D894E967BD968236C0EB5BDECA15EE2028639C87
5554969959 29019 8545 B1B887459E2D175724C52013E96DFE6500550F8B036ACD07A5EBD629DDC54074
5544695821 63970 24653 7C20F6CF1A09EEE4F40FE6F70B0F070213E4AE0B9599CF6348B0EAC781225457
5551904929 38338 63552 7C20F6CF1A09EEE4F40FE6F70B0F070213E4AE0B9599CF6348B0EAC781225457
5551088760 49483 41897 51E828BE774B4E09DA3246A987DA049E4CBDB28A41FBFC0B61E417AB556E1908
5554886886 5485 16473 02E87E547C0FBA46ED56CCFA21E1F961AFC9FCA5B4DDBF95E0A829E25316AF62
5552868986 65412 61454 7C20F6CF1A09EEE4F40FE6F70B0F070213E4AE0B9599CF6348B0EAC781225457
5555825916 37550 20297 7C20F6CF1A09EEE4F40FE6F70B0F070213E4AE0B9599CF6348B0EAC781225457
5547200715 46217 37593 E490F79BD1C1325F64A13802B82E530B0C27BA028622E8691F9868B060091CCF
5552547166 7940 33522 7C20F6CF1A09EEE4F40FE6F70B0F070213E4AE0B9599CF6348B0EAC781225457
5545586865 34745 56280 6A74483D019129A40101DAF71B91B51B63A65B18E0D4B47A34A094E01BCE3930
5546255912 32804 47457 7C20F6CF1A09EEE4F40FE6F70B0F070213E4AE0B9599CF6348B0EAC781225457
5547337740 25669 49679 DEB131F0EADE84F930F0C0EF57ADE45E42F7538107D6AE669E049928B5616D31
5551766520 49846 48883 7C20F6CF1A09EEE4F40FE6F70B0F070213E4AE0B9599CF6348B0EAC781225457
5546297505 64749 8546 01CF8B82CF580CA74B0EE729405E63D73DF5C423E806AC50866E3A2FDC8F1996
5552842603 64423 7073 8EA0AF54DF38F0AEFEE2FAC0EBC29715C83289C1A06D581E50D5C4B5CD13E2A8
5544693743 57518 44456 7C20F6CF1A09EEE4F40FE6F70B0F070213E4AE0B9599CF6348B0EAC781225457
5549403979 43556 24653 7C20F6CF1A09EEE4F40FE6F70B0F070213E4AE0B9599CF6348B0EAC781225457
5556193922 31134 25695 7C20F6CF1A09EEE4F40FE6F70B0F070213E4AE0B9599CF6348B0EAC781225457
5549578333 23481 1350 8BE484AF338CB6B6334150604820C083731C814D711BAD89FA78E1A168B4F525
5546198222 64306 34290 7C20F6CF1A09EEE4F40FE6F70B0F070213E4AE0B9599CF6348B0EAC781225457
5547003541 17046 36236 7C20F6CF1A09EEE4F40FE6F70B0F070213E4AE0B9599CF6348B0EAC781225457
5554371732 57362 60752 7C20F6CF1A09EEE4F40FE6F70B0F070213E4AE0B9599CF6348B0EAC781225457
5548108180 64855 36025 4C02DB3818EB849312C3F0DAD010321357C4CD7322A99869D705865FE1048856
5551114133 37562 56726 7C20F6CF1A09EEE4F40FE6F70B0F070213E4AE0B9599CF6348B0EAC781225457
5549955441 8180 24225 7C20F6CF1A09EEE4F40FE6F70B0F070213E4AE0B9599CF6348B0EAC781225457
5551599983 10762 29925 7C20F6CF1A09EEE4F40FE6F70B0F070213E4AE0B9599CF6348B0EAC781225457
5545696707 8943 45480 AF5A8552F99A410590782029F66572F9D8DB582CDDA33B5651F20D28005A1B1B
5546105156 17403 27733 BF3134D1ABCDEB6A10BCA07A7A86BDF48CB23FB217FE5F7E653962FC1B11FEEC
5551379190 4686 63832 7C20F6CF1A09EEE4F40FE6F70B0F070213E4AE0B9599CF6348B0EAC781225457
5545508779 56833 63268 D17EEF38FF6402DC32621DA72E2F2889BA30D712ECBC5F203A7874BF76714C45
5551991641 48415 26212 672273B0681F4E6E7B59B805F30BF0FC428517716D44A629265F4149AFC06F76
5554172479 19833 29134 E2CBF49A3CE4AE898503236211A258692F739FB6A3424AB353E1359A8EF95EC8
5545778178 23636 24041 7C20F6CF1A09EEE4F40FE6F70B0F070213E4AE0B9599CF6348B0EAC781225457
5555107376 54591 53833 BAAA3585149EB1F146F2E0605809E15AB82E12E154DD0915EAA9E775EE6382A7
5548149420 31526 56133 7C20F6CF1A09EEE4F40FE6F70B0F070213E4AE0B9599CF6348B0EAC781225457
5547958896 65056 56495 7C20F6CF1A09EEE4F40FE6F70B0F070213E4AE0B9599CF6348B0EAC781225457
5551311118 49214 9511 7C20F6CF1A09EEE4F40FE6F70B0F070213E4AE0B9599CF6348B0EAC781225457
5554793847 15937 54490 E2CA97791D1150F327F15A17C4B2D9DD9B0ABD4E5AF648CBCD057B5AB6EAA41B
5555122700 1586 51745 7C20F6CF1A09EEE4F40FE6F70B0F070213E4AE0B9599CF6348B0EAC781225457
5550078213 1138 30155 7C20F6CF1A09EEE4F40FE6F70B0F070213E4AE0B9599CF6348B0EAC781225457
5555789917 25475 22 0E28477DAF4AC79BE70041B891AE5813A5F771982E88E05289762E22645BD633
5553234423 62 38865 7C20F6CF1A09EEE4F40FE6F70B0F070213E4AE0B9599CF6348B0EAC781225457
5549864465 27485 28802 DDDF3BBAE5D50CE20A817560F9EBBC584745B46E3498A25D2305EBF562AF9A9B
5548000153 15555 10213 128DC4CE8656F6C504217FABF7DBFA015517383AA41A645A099CBA06F3D95BD7
5549584667 19636 23213 7C20F6CF1A09EEE4F40FE6F70B0F070213E4AE0B9599CF6348B0EAC781225457
5548382588 15877 8146 00959C1164282D8872312A73151482386944D8FF6EC63A6E69EF94EFABFDF012
5549510602 43472 4959 7C20F6CF1A09EEE4F40FE6F70B0F070213E4AE0B9599CF6348B0EAC781225457
5555377905 1874 14997 7C20F6CF1A09EEE4F40FE6F70B0F070213E4AE0B9599CF6348B0EAC781225457
5551226843 19119 36723 414C1A8ED9330C654D6400935E74B005AD584F000B0EA667A0918F8D647C1C69
5554322036 9074 23882 7C20F6CF1A09EEE4F40FE6F70B0F070213E4AE0B9599CF6348B0EAC781225457
5556151246 1582 13258 7C20F6CF1A09EEE4F40FE6F70B0F070213E4AE0B9599CF6348B0EAC781225457
5552494426 24980 45196 7C20F6CF1A09EEE4F40FE6F70B0F070213E4AE0B9599CF6348B0EAC781225457
5555329392 40369 37083 5F8EF09B26087932B4537CD27FE3279EF115103A28494F030405457972F13FAB
5553000115 29197 36375 16F3B35F4B47E33A604D4B4C5DEDC2170B115D2C0CFC7DFAACC5962BC7E82B47
5554352348 4715 36783 F0F26028ADC830C50876BA77D5B44363E9A0DAFD63F8FC413B25B7107AEBBD81
5553267259 11174 40095 7C20F6CF1A09EEE4F40FE6F70B0F070213E4AE0B9599CF6348B0EAC781225457
5554455600 10913 49105 D37145ED4C1028B44B589B6D97A3064B6619AA946FB4A7DAF9445C27694BB481
5552855622 14181 34409 D040BEC9462BC5D2C6C4CC19EF69DA3FEBF147354D01B1E9EFB65F74666FF39C
5547250446 42214 33932 7C20F6CF1A09EEE4F40FE6F70B0F070213E4AE0B9599CF6348B0EAC781225457
5546845089 23082 47194 7C20F6CF1A09EEE4F40FE6F70B0F070213E4AE0B9599CF6348B0EAC781225457
5554647301 33125 49689 DAC0C5000C0C2009431CBC3A23970D83E8133F80596ADC44516284E47D1845F2
5550770250 30976 16903 7C20F6CF1A09EEE4F40FE6F70B0F070213E4AE0B9599CF6348B0EAC781225457
5552886341 25456 28952 7C20F6CF1A09EEE4F40FE6F70B0F070213E4AE0B9599CF6348B0EAC781225457
5554403548 8100 29326 7C20F6CF1A09EEE4F40FE6F70B0F070213E4AE0B9599CF6348B0EAC781225457
5553329406 44122 57280 7C20F6CF1A09EEE4F40FE6F70B0F070213E4AE0B9599CF6348B0EAC781225457
5551621305 59961 53212 110652637A833AF946A7BD64C08ABBB2B36F6DD3191DE83C82F6F613023CB49F
5547849599 22863 58238 9DCA03F640BE5C5A134133D0296C660DDB216B530B15D6D5B9D35D5B0DA4409F
5550417249 21573 6319 11A034D63FA27F416B0DF69544F404D3651ED950301467DE5B34B94081A6F122
5551052871 31371 22522 C776E9180CFB61C79179FB202601D65FBA729CCD062C859E2D5ADBC0C688DDA8
5548367560 41680 63406 7C20F6CF1A09EEE4F40FE6F70B0F070213E4AE0B9599CF6348B0EAC781225457
5547889726 10208 7376 7C20F6CF1A09EEE4F40FE6F70B0F070213E4AE0B9599CF6348B0EAC781225457
5545261234 58035 8794 939BEA01B3FD1F5DECB3773D5CB8AF14BE7873EACC0045D769EC09A2A7C16DF6
5554980719 34441 8132 E9DCF8828DB007662E76BBACA80F5CD7C6E8323C44627EBE31378D7608573E1B
5551298310 5750 25447 7C20F6CF1A09EEE4F40FE6F70B0F070213E4AE0B9599CF6348B0EAC781225457
5548677395 27101 58912 3513A85B4F715CB2CC86353F1525765A4D988095A44AD9AA54A6127D38518A06
5551351476 9735 59909 EA416DDFB337B46318599FF877DDB9D5D463A08B9BE7B1D1C0A2971563298026
5546587135 56325 12287 0C04B3AA16F51AB08C08BB6AF908C6D19F680A89029454CBD56D944C3D9F0F88
5552530179 23991 36501 0ECD80D201EF55B73F6C6172362E625A415A0B0255ED3DADBCDE2F481679DD3D
5550542057 5412 42705 7C20F6CF1A09EEE4F40FE6F70B0F070213E4AE0B9599CF6348B0EAC781225457
5545496787 46192 49955 7C20F6CF1A09EEE4F40FE6F70B0F070213E4AE0B9599CF6348B0EAC781225457
5551506669 25536 42688 7C20F6CF1A09EEE4F40FE6F70B0F070213E4AE0B9599CF6348B0EAC781225457
5550977725 54354 49436 7C20F6CF1A09EEE4F40FE6F70B0F070213E4AE0B9599CF6348B0EAC781225457

Total of 0 tasks calculated error.
