Total of 100 tasks calculated correctly, accuracy 100.00% 
5637177069 3978 24146 7C20F6CF1A09EEE4F40FE6F70B0F070213E4AE0B9599CF6348B0EAC781225457
5631876867 41735 42224 434F3985A68A24F3D4998C01794975602B806190AC25EFD53B990BC0EC6E1F55
5636911545 60895 43547 9736CDA552E1AEFD85F0FF3705814F3FA1FB6DAED081F2B865E2D46D61E268EF
5637549075 16565 18363 C239510AAA59FDD4028107D8C320827271728E9A18456FF1305D7F1F6E2C04A6
5640262843 36339 21868 8234170BE88E3252F2608FFEA4C890388A241C428B676DCF52AD4DAE46DE9ED6
5629432661 54406 20065 7C20F6CF1A09EEE4F40FE6F70B0F070213E4AE0B9599CF6348B0EAC781225457
5632026472 15217 35192 EBC3A0C551507F5BB66D817CD6FE58C4EAA225EAF392694B28DB3F7E75F4829C
5632092750 35561 45651 9101E8A8B576E085CB306C3E289850E0E972FCED2C80E79166215ABA1F7C7A02
5635207258 15848 22796 7C20F6CF1A09EEE4F40FE6F70B0F070213E4AE0B9599CF6348B0EAC781225457
5638459111 50001 37034 CB44842A95AA753F614208B32743B6EE3DF355456EC4726848FD0759E1021C25
5628634691 38218 35181 7C20F6CF1A09EEE4F40FE6F70B0F070213E4AE0B9599CF6348B0EAC781225457
5637039989 4675 38047 A2FC6A838A0BAF9A37E4BEA4A5F137B5C95EEE817BEC072C26C5D4A043DBCB76
5630622851 1915 14968 08A9C2C3DC02D30ECDE08C109A5FA69CDD1C2F6378073A92F80B860DED80C20E
5636905673 4014 5673 7C20F6CF1A09EEE4F40FE6F70B0F070213E4AE0B9599CF6348B0EAC781225457
5633828506 27403 1401 7635782EAD9A6A5BE61E37DF9BCF7D88FA07685FF36BBF56772437AAE07D74F8
5629056856 29867 34063 53A5263BEF60D5BB49E5EE0C8D7ACE1A0AC2860E54DDC380B6715126EEE45091
5639337337 20460 5444 7C20F6CF1A09EEE4F40FE6F70B0F070213E4AE0B9599CF6348B0EAC781225457
5629081195 40725 56143 1971C0DC0063648823EC9754469F31CCBEF896ACC9744542C5BF986C628AE78F
5632082879 34794 18559 7C20F6CF1A09EEE4F40FE6F70B0F070213E4AE0B9599CF6348B0EAC781225457
5631674185 65534 36309 7C20F6CF1A09EEE4F40FE6F70B0F070213E4AE0B9599CF6348B0EAC781225457
5631392112 35023 17195 4A7E74651B7B57F4E9B339AF24E8DE6DEDC1804CE1C0293BD3415E5930D6A847
5632509389 11985 29864 BB5462F59F128EB24189300E9F34E637C5D834C36CFA633B23F5BCAD81DF6603
5634938682 26971 31232 535201B64F9A119D2B36BA1C869D11D06E0B4D5664FB92D63C362993BB8D8C21
5631320989 24329 35168 800C4CD410212C60310C458BF1A6B82066A94A2EDF33099AD485271AF4E257D4
5631593999 47887 50286 2EF7C2294AD366C5C99098E49B23252D08FFD0092B7E1E99B9AAD94111106A51
5635769021 41731 45029 4EC14584F6DEC0E45320C3672D2C16E8C81CB2F838A15EA9ECFCCF6699768C9D
5635689416 29751 46936 5310C38B6214A3EF1773D8111522ED12FD6B556AB1858B0E52167E0E3E883431
5629462340 41065 43182 6D708C0F46002B04BCA3B2DC5E8A5B1C152CCB12A44E0E5545F91A92000C2F32
5635315169 32568 49957 7C20F6CF1A09EEE4F40FE6F70B0F070213E4AE0B9599CF6348B0EAC781225457
5635286624 49296 16466 7C20F6CF1A09EEE4F40FE6F70B0F070213E4AE0B9599CF6348B0EAC781225457
5639548134 34803 12831 206DD5C628D5856AD86960921E8993373F1F7990643CB2DEAA78FE0875774D99
5631104800 49040 8615 7C20F6CF1A09EEE4F40FE6F70B0F070213E4AE0B9599CF6348B0EAC781225457
5637816359 46262 24652 7C20F6CF1A09EEE4F40FE6F70B0F070213E4AE0B9599CF6348B0EAC781225457
5632801563 43487 6813 02D861EA9A23839A54FA029B88F3B5880265A30E4BB668739593D9C2CF74934E
5639236232 7186 20364 7C20F6CF1A09EEE4F40FE6F70B0F070213E4AE0B9599CF6348B0EAC781225457
5638408358 37990 44058 7C20F6CF1A09EEE4F40FE6F70B0F070213E4AE0B9599CF6348B0EAC781225457
5635114042 34716 64892 7C20F6CF1A09EEE4F40FE6F70B0F070213E4AE0B9599CF6348B0EAC781225457
5630529183 51235 36069 01CE9A5B9D583336DF7DF55A80B415DBB50DAF42D2DF8388B696F634232058A8
5636529294 52885 26564 AB696FA512C21DB12A422D6DD447AE89214DD031D307A07ECDEE850207BA2E17
5629700337 22393 7278 254B191C449C793D266B6FA5F0E2FF7F42C3802B538BC19B1C3B2FDD7AE49EA7
5637320835 41045 38477 1B54B356B7C9DFBBB8559499982037E77658458E36B56F5E04CDEF31CB5BE621
5637323163 12110 33854 7C20F6CF1A09EEE4F40FE6F70B0F070213E4AE0B9599CF6348B0EAC781225457
5633672967 27152 60520 7C20F6CF1A09EEE4F40FE6F70B0F070213E4AE0B9599CF6348B0EAC781225457
5629410422 34954 56563 7C20F6CF1A09EEE4F40FE6F70B0F070213E4AE0B9599CF6348B0EAC781225457
5639795429 15139 44875 50E1216C81FAEC3FC027104B648B718C52BAAEB443D8C00A02B3556F9011DFE4
5640146684 24988 50644 7C20F6CF1A09EEE4F40FE6F70B0F070213E4AE0B9599CF6348B0EAC781225457
5640087731 42178 59876 7C20F6CF1A09EEE4F40FE6F70B0F070213E4AE0B9599CF6348B0EAC781225457
5639701505 32130 58680 7C20F6CF1A09EEE4F40FE6F70B0F070213E4AE0B9599CF6348B0EAC781225457
5634443832 57375 3765 7474EC53464CD02F03902BD5F1E15204E628EB82D3658BF0DDD8FB5810649FAA
5632211647 64413 50205 86450DE9F1383CBD8040C2F02A2A95F0D4D3E1A63DBA252DA5523F6C2A97B17F
5636307221 30639 17644 1C9AE33E2E8CF71D32CE82B7E317EC8FE1583747EB8F8162B3DCD542AD095294
5637234681 36635 15671 4FCA6B4675C300E67A678BA9B8818665D3BC7E8A7B974673FBC8A00CD694D044
5629367345 26491 37361 927F39B62C6CF2641A26ED904887F24613331BAB89BD8F10F085A23693B08D99
5637571554 2924 48864 7C20F6CF1A09EEE4F40FE6F70B0F070213E4AE0B9599CF6348B0EAC781225457
5639531112 47902 50003 7C20F6CF1A09EEE4F40FE6F70B0F070213E4AE0B9599CF6348B0EAC781225457
5633923265 32556 13020 7C20F6CF1A09EEE4F40FE6F70B0F070213E4AE0B9599CF6348B0EAC781225457
5636443984 56991 25639 F1CAF7C448E4860C919C8DECF24BD536B78193E2D5E1426507D9E5F2B8C3DF65
5638413374 3873 12862 9BDE992AEA0F92ABBDACBB761B1EE6CF1C2C40B9B3AF18BAFB54FF78556D2018
5635016830 65258 58526 7C20F6CF1A09EEE4F40FE6F70B0F070213E4AE0B9599CF6348B0EAC781225457
5638692639 62287 14808 BDDDB8F9011E1A575C831D65F0D5A9ECC8861F45BF174D78AD7BFC5358CFBD11
5637562269 32293 45064 F314FD987CE5BBEFABD2DD905EA3FE79BF338DFCDD97189362C2F2D2CAD2FF31
5639404211 20052 30 7B5A2D7C8F4CFB8A2237A494C2FEF95DCC4991B482CD853CEB0ED7839FA425F9
5634812538 52767 51460 6957F97C9ECA3CB9CDC4F0F54B5B0FF280BD7B97661783A2A86AF401E7C4B2A3
5633525656 23467 60022 C6355AE3323C031C22C9F8C92D3D91D3C1D7A8556CFAEE88D595945EE1DAC591
5629523105 39952 52837 7C20F6CF1A09EEE4F40FE6F70B0F070213E4AE0B9599CF6348B0EAC781225457
5638305422 21223 37704 252CC54617F8F2409586D7B71A60350BA810EB6F7CC6C542C0D3A1482C67F1D3
5634202047 35492 45638 7C20F6CF1A09EEE4F40FE6F70B0F070213E4AE0B9599CF6348B0EAC781225457
5629149643 40754 35569 7C20F6CF1A09EEE4F40FE6F70B0F070213E4AE0B9599CF6348B0EAC781225457
5631886411 2758 44668 7C20F6CF1A09EEE4F40FE6F70B0F070213E4AE0B9599CF6348B0EAC781225457
5638053257 38101 37861 AD514A1E44CBA26DC444F3E956D5A6E528FC49CB2345B9252CD2E22285F65EA0
5636438522 25078 51572 7C20F6CF1A09EEE4F40FE6F70B0F070213E4AE0B9599CF6348B0EAC781225457
5633595238 20343 55574 9F23A65D8716411698BE744BF5365A922A34242BC8B786C0571993D3BCEB8513
5639814101 22022 35174 7C20F6CF1A09EEE4F40FE6F70B0F070213E4AE0B9599CF6348B0EAC781225457
5632427990 57788 57648 7C20F6CF1A09EEE4F40FE6F70B0F070213E4AE0B9599CF6348B0EAC781225457
5630306511 37719 55702 5C3AC3D532D9D589EC5EDE8622934555F8CD369FDA5802C0B29570933E985EEC
5634048299 30774 24141 7C20F6CF1A09EEE4F40FE6F70B0F070213E4AE0B9599CF6348B0EAC781225457
5635694522 6694 30407 7C20F6CF1A09EEE4F40FE6F70B0F070213E4AE0B9599CF6348B0EAC781225457
5635190099 56553 43653 F407B1FD07E59709D2E59CE22085F2D6B376D1CF10CFEB09610F35BD03A0C15C
5632075680 21639 55141 6FEE8DAD6E3C5EAB102433744647D711C11A93AF999B6FB4E76205C2F44709D5
5634067667 12366 44195 7C20F6CF1A09EEE4F40FE6F70B0F070213E4AE0B9599CF6348B0EAC781225457
5633211695 12720 49959 7C20F6CF1A09EEE4F40FE6F70B0F070213E4AE0B9599CF6348B0EAC781225457
5635703697 22473 13371 9775E98B5C5157F253FC25D816E6C3135C91C8B748B557DD230925E85CD4ACF2
5640000812 39341 18440 52DD771893EB8A0F81FF53477E5FEDE66553EBE0A95067E4EA67F8E7D742A409
5633508015 43888 47593 7C20F6CF1A09EEE4F40FE6F70B0F070213E4AE0B9599CF6348B0EAC781225457
5639475952 18609 40353 7163FC8781F6BD1A890E366FCEF488273DBC6CB6DA60B4A479214A5F6A5480F7
5637102737 24925 38340 2A56512899C72456556C5C48A021CE9D6B7F388810B8D2E54960C9FEA980BA89
5638707374 61435 63589 103C59BAC84AD34104BA7A6DF126B3EC5CFE7F275C65B4B1A068B66D70DD213B
5629383494 60824 22960 7C20F6CF1A09EEE4F40FE6F70B0F070213E4AE0B9599CF6348B0EAC781225457
5630265957 64978 8885 7C20F6CF1A09EEE4F40FE6F70B0F070213E4AE0B9599CF6348B0EAC781225457
5630974923 43556 60181 7C20F6CF1A09EEE4F40FE6F70B0F070213E4AE0B9599CF6348B0EAC781225457
5633979389 61869 29833 06A14F36EADDC3FBE9122E1746F4EEE93C6D2B5737B4185AEE8FCF4D082D898B
5631884872 63507 15206 803CA99AC142B5343C18CB6068DA0E871D247DE1C699E91753F86DE22C20EDCB
5640047553 43213 5277 9EB4AEE2F0320816FBC0A3F2F0A529B087C8E64B3F9CAFAB1BC93E5DF8EDBD80
5640024010 6704 22836 7C20F6CF1A09EEE4F40FE6F70B0F070213E4AE0B9599CF6348B0EAC781225457
5636768783 18137 24905 B6DF34AE45A6DB254D646CAC9AFFB994611FBAA27F08C52C55A070BB9FF77693
5640217585 43365 25886 9FE1701C14C8B964274D6E448BC2E6B6D6846F71A673DBB92CD03AE96F9BD9BD
5637374740 7328 5886 7C20F6CF1A09EEE4F40FE6F70B0F070213E4AE0B9599CF6348B0EAC781225457
5630908128 39903 48486 4ECAC7EDF1CB55F4B6F785458EC4375DDDFAB868699CC2C26313D7B345AFD52E
5633638787 49162 27225 7C20F6CF1A09EEE4F40FE6F70B0F070213E4AE0B9599CF6348B0EAC781225457
5635922349 36072 33897 7C20F6CF1A09EEE4F40FE6F70B0F070213E4AE0B9599CF6348B0EAC781225457

Total of 0 tasks calculated error.
