Total of 100 tasks calculated correctly, accuracy 100.00% 
5640874467 61843 23931 2F7972B318D8D51BFB59013B089C080FC7311A8C475E26A9F5BF79283D0F876E
5642402610 29648 21238 7C20F6CF1A09EEE4F40FE6F70B0F070213E4AE0B9599CF6348B0EAC781225457
5650369438 54141 15177 B6852196C200CD40C2B4493067AA1F915A24B5AE11B8FD2A9CF03F6A1DCC4C95
5651022252 1295 53966 5DCC06D00DB8B2AA3E569E6325E03FBF0D097AA03627C97E347108A50D9F903A
5641285627 24312 62396 7C20F6CF1A09EEE4F40FE6F70B0F070213E4AE0B9599CF6348B0EAC781225457
5645016079 45435 45630 55E6C0CC0172B9D46E64A01DEA39074758500229D7DB3BAA34B00946F90F516D
5649342734 28011 23596 486CDCCE3910ADE93AE4540086CDB3693F30BBD5D86C9997843458DEA2E37A53
5650741310 20050 51224 7C20F6CF1A09EEE4F40FE6F70B0F070213E4AE0B9599CF6348B0EAC781225457
5650812077 55633 44504 3EF39426808D605D1BB68A87F40C61C0DA1D55F564D988B9681C1A75573DC23C
5645435981 20015 6794 E51E10070FF95168059CC725401DAFDA55E54939810D2557B24B561F0324B8FE
5650654391 11135 60657 9581576742175EDBB949D7D5D137B9FDD103D433F761F4ABD788746E0C462DE2
5648149258 45558 29966 7C20F6CF1A09EEE4F40FE6F70B0F070213E4AE0B9599CF6348B0EAC781225457
5645032115 5853 61094 0B86B444F6FDCB7F013C44D92B87A6AE58560BCD7BFC000AEB890E5193B9FBE9
5651179910 13341 25429 88DFE66CCC56BB6B1771A72C01C45509E730EB46481CE482F6AC12D40FC8EBBD
5643135068 31794 50878 7C20F6CF1A09EEE4F40FE6F70B0F070213E4AE0B9599CF6348B0EAC781225457
5648862404 31865 35553 DDF12794A534187F65ADF2B8D15427684042B038E829B3671C03C0C89410E328
5650985383 39004 20531 7C20F6CF1A09EEE4F40FE6F70B0F070213E4AE0B9599CF6348B0EAC781225457
5649261318 17155 64614 03233AF60ECF11C3C541AE138278AD499004D16FAF6D2D9BF73A6FA10D2DE8FF
5645135774 38465 5318 00DEA4D70C92652F1245E337ECA76959C694D85000955814B95F1956D44A561C
5650433066 49927 30808 5E80C926749B9368416B34CE8ADC33EAFC1D68D7C764C3901DB25FC47B6B4E69
5649086655 14577 52617 2F6ACA1998677D7B15F6D0D05BDCE926296778C126D79DE9B08E345212637650
5650709308 50856 41002 7C20F6CF1A09EEE4F40FE6F70B0F070213E4AE0B9599CF6348B0EAC781225457
5649710590 49979 54312 A977F390F34EF20B26D217E4B66E390D59A2A74CC9D437CC5853E0F31B134E17
5643483563 17758 5741 7C20F6CF1A09EEE4F40FE6F70B0F070213E4AE0B9599CF6348B0EAC781225457
5644151562 10233 26795 EC0F1766EBFA8F1D526621DCC97017973A1D0EE9482E96080F1CEA5D48C0FB8E
5647037671 25397 8581 37BFB68E4CCABE1E980943DA49232F8774FAC848B2FFF6BBE8745135AE58AB74
5651074076 6986 4661 7C20F6CF1A09EEE4F40FE6F70B0F070213E4AE0B9599CF6348B0EAC781225457
5650929635 25633 31406 28C1B1359AF20BA0B35BEFF8F9E701BFC9021DD41786429F2AEE3C872FEAD1B8
5642857078 27276 36271 7C20F6CF1A09EEE4F40FE6F70B0F070213E4AE0B9599CF6348B0EAC781225457
5641231240 16567 63565 0B1B5C4A0AF745DCF475912D30B45E7F9343524A4DD1225AB366261467938D97
5641651010 59363 6195 E6BC4A16CC04D0C2FF748BA5C4C208CFBECC4215399F63410D7208D2AF79E0D4
5648057426 60652 19498 7C20F6CF1A09EEE4F40FE6F70B0F070213E4AE0B9599CF6348B0EAC781225457
5647121779 13635 1836 511A890B88D0DDE356228460609ED57EBCEC08322B110D7E78A256D3DF213AF4
5645980888 46142 21860 7C20F6CF1A09EEE4F40FE6F70B0F070213E4AE0B9599CF6348B0EAC781225457
5647774454 61534 4202 7C20F6CF1A09EEE4F40FE6F70B0F070213E4AE0B9599CF6348B0EAC781225457
5650494048 61023 15059 6ED61ACEC4F283136FC3CEF2FD99EE3E71CDB33C7CC3C535B2018DE7AFDE9E61
5643448349 19582 49152 7C20F6CF1A09EEE4F40FE6F70B0F070213E4AE0B9599CF6348B0EAC781225457
5640774801 5283 19845 1DFF4FE827D7F1661EBDC0C52851548A2914B6A1E30BC2510E74F899B72E1D24
5640838394 19112 5470 7C20F6CF1A09EEE4F40FE6F70B0F070213E4AE0B9599CF6348B0EAC781225457
5641362289 64987 33771 3E6695688D9D13B4EFE60D1DE9C0DB4E624C8D5505F779E97639FE74D64B86C3
5649961893 22871 49983 5A420BF8A25D8206519D8B3A65EE4DFBC61AA574FB3F9CC4D632BAA70757F4BA
5642908539 41181 53767 072992699AC7AEF0E8E534CA9689E63C224F632760CA581FFE7F190B1E6085BB
5645740709 32524 51062 7C20F6CF1A09EEE4F40FE6F70B0F070213E4AE0B9599CF6348B0EAC781225457
5648037860 38811 11687 F6701DD83AF65F1BCECFE04689404E2F0A33BDFF01D9BAEDCA5A012847D1E308
5644685978 12507 57451 C5138A85747C32A7A8D2EDDCFD0C806D47332D6AFD38066793254FA05B210366
5648216016 3647 40604 4BD17A9C32348E85FDCF82FD2E2410233D43BED49970F7F977E55F78E1A55AE0
5646899795 44800 2391 7C20F6CF1A09EEE4F40FE6F70B0F070213E4AE0B9599CF6348B0EAC781225457
5645388633 44473 7335 AB4A0F8DF8A316FE9CF916F9BB168E773A68F886830D7AE3F6F24DCFC44C3C36
5651925386 48553 58811 00DC2D3537884AD081FDC1D23DDB7DB22658699D47CAD392164F1AAFD0221628
5642702317 33363 42260 16F8956FD290074C08D5E39D547F77067979C8DB8406E904B892959C36115BE9
5645383975 9508 10972 7C20F6CF1A09EEE4F40FE6F70B0F070213E4AE0B9599CF6348B0EAC781225457
5644297356 50213 65149 CC8C3396191DA653A86B8CFAB27D38EB0939483307BE731CB8F4570F034165D5
5650760621 50541 57982 8CCB8E0C2CAFFC7BC0DD3BF4A9AD3414FBBECABED720F12E956CD00BF8344E03
5642571718 2857 60665 9505EFD425060C5BC36998461DFE80A64DB4A7C72CF3782E1E3363977C68DE21
5648878006 27851 24413 1317FD5B5EDA4A6D91CAE542826C58C58B195E9E84DB7664A72A0FC443D147E8
5648234270 52380 59530 7C20F6CF1A09EEE4F40FE6F70B0F070213E4AE0B9599CF6348B0EAC781225457
5650803892 6805 43489 73702337E6A9D25E6FFCA2E76331431046EE4212C08C55ABCBCA2B45A8378657
5645558623 42958 54773 7C20F6CF1A09EEE4F40FE6F70B0F070213E4AE0B9599CF6348B0EAC781225457
5648353986 8012 2627 7C20F6CF1A09EEE4F40FE6F70B0F070213E4AE0B9599CF6348B0EAC781225457
5648787118 27740 24529 7C20F6CF1A09EEE4F40FE6F70B0F070213E4AE0B9599CF6348B0EAC781225457
5650632675 2791 18861 C3290298EA1314EBB8E11DFB22A8E6A45160F07BA4E961140850E470FA6CAE26
5650233111 10493 54598 D7421B09423153619669B90BD8450165BB8E463B3D917D0DEB3F2B5721069F70
5645050432 41227 51582 0258EE5317A66891EF19D516CA93B870F09A18CD59C8CC8E1C5B0EBFF7692D63
5644600917 41101 28079 E55D5123481FDBDAB26B45CBA5E992E8C870D68B49BD39F04B8902D750A84C53
5641295381 17432 53551 7C20F6CF1A09EEE4F40FE6F70B0F070213E4AE0B9599CF6348B0EAC781225457
5648275128 17244 3226 7C20F6CF1A09EEE4F40FE6F70B0F070213E4AE0B9599CF6348B0EAC781225457
5647217219 17519 50251 8F61DC63580F491D19BA103BC78CFCFD5D0771F52E02EEAA7BC2FBD9950BA641
5643328995 13105 17875 DD0A1E3AE57414A9AFD38B54877A2E9116B3B835D4068B5893DB46F8B2FBB2EB
5645337908 5205 62387 16E8251EE418A4B80D60E507EB847760155586411C6C3DD5B4407B89D0A7D682
5643454436 61803 22546 355066F55D1091629A6FF853A63138B17A5295D3B053163C700C1370031625B8
5652122594 22671 60818 4B2B1E56156FD769673B166912DCB011ECE7CE8F10A4A0FAF008ADC636E66DAB
5648658790 48543 4945 055DF988E93E4A28E39A871E0F70B33AAC3A90CAF80527F1250AA65ABA7082BB
5646273895 40664 31314 7C20F6CF1A09EEE4F40FE6F70B0F070213E4AE0B9599CF6348B0EAC781225457
5647120491 10990 8749 7C20F6CF1A09EEE4F40FE6F70B0F070213E4AE0B9599CF6348B0EAC781225457
5642222545 53747 55503 52998ED12C5DDDDFAC184E882805ECD00855013751E1E588DCAE8853BC6AA1F5
5645237142 31229 34417 6A2CCD9A40BD30ECF931CBA53A6C33B1980E109379723A25F8BDD02C2314D9FC
5641851585 58481 38913 59FE6340B78C1478AE6B4819811E9F53C150448E59BD4DFCD57DBF39C19EC63D
5645549410 296 1140 7C20F6CF1A09EEE4F40FE6F70B0F070213E4AE0B9599CF6348B0EAC781225457
5645844144 58086 3041 7C20F6CF1A09EEE4F40FE6F70B0F070213E4AE0B9599CF6348B0EAC781225457
5644221148 3439 3527 65514B0185F1595BD5C117F5E94A831132D3307A23B343F6391CF7AEE1B5485B
5644806985 20434 33049 7C20F6CF1A09EEE4F40FE6F70B0F070213E4AE0B9599CF6348B0EAC781225457
5646317343 41075 8696 5F558A0B1B2C3211F7407AB1DB3ACC46FCD86E179CEF2A2E8391135CB3613A0F
5648680048 22149 39912 10B4591B8BC76CD5BDE0963614ADEE3134226C0750E9088FB08DA78572B1E967
5644341618 2715 29804 821AED3D7501B4257D421D61CE42152F3DD4A4D4E6C88F9AEC67FDF1732D4C3F
5649638878 50581 47340 DB5E1F68F527BF533A474673E2C11FF1C981766BDB0A4FE7D5616491877A6E04
5647633845 61143 5370 7FC42B44EB9339E0A8B56A627EEDE77216104A4520F27595B2D97717C4BC88C7
5648544780 17428 50266 7C20F6CF1A09EEE4F40FE6F70B0F070213E4AE0B9599CF6348B0EAC781225457
5642157624 12958 50712 7C20F6CF1A09EEE4F40FE6F70B0F070213E4AE0B9599CF6348B0EAC781225457
5645870991 46616 42180 7C20F6CF1A09EEE4F40FE6F70B0F070213E4AE0B9599CF6348B0EAC781225457
5643184391 39635 43099 0D5B8FEF3EE7EE32113163EB72777C335FCEC6F959D9490CF0555152D7310DFF
5640971511 32230 16032 7C20F6CF1A09EEE4F40FE6F70B0F070213E4AE0B9599CF6348B0EAC781225457
5647021984 4330 46223 7C20F6CF1A09EEE4F40FE6F70B0F070213E4AE0B9599CF6348B0EAC781225457
5651159160 42698 52776 7C20F6CF1A09EEE4F40FE6F70B0F070213E4AE0B9599CF6348B0EAC781225457
5641095067 29381 5278 7A2785AACD36B9992EB7698AF49BFB0D3D6FAA85DD5C1D8F89CBE41DB6CBE041
5646412487 11634 41457 7C20F6CF1A09EEE4F40FE6F70B0F070213E4AE0B9599CF6348B0EAC781225457
5645673588 61778 7427 7C20F6CF1A09EEE4F40FE6F70B0F070213E4AE0B9599CF6348B0EAC781225457
5646884642 6376 28550 7C20F6CF1A09EEE4F40FE6F70B0F070213E4AE0B9599CF6348B0EAC781225457
5646894655 36876 61114 7C20F6CF1A09EEE4F40FE6F70B0F070213E4AE0B9599CF6348B0EAC781225457
5651200496 3081 49625 146A54D7D00955D8745E66F8F018FF7DAB3147D7974D0CFBBD86DD967D36B486
5642207433 21040 19722 7C20F6CF1A09EEE4F40FE6F70B0F070213E4AE0B9599CF6348B0EAC781225457

Total of 0 tasks calculated error.
