Total of 100 tasks calculated correctly, accuracy 100.00% 
5667726890 39515 11267 C46BD4484C2200CFAFC61DD9E8B1F310592B843A15719ED3F06ECD094E9D85A7
5673990440 62123 45250 66892DBE94A75B59A424423B72D89526E674CAFEEA3A0566B9C11E75C445EE08
5672209326 2701 13405 373D2125A41ADDF60714D811CA7CE019D2B9FCA4BB4DEE88FEC7845EA68A706F
5667395238 58037 34595 A0B486A4A19A1E2A674769626307B651C700FCD1414AA2888F19364E80AF9C6C
5669741225 43 21111 444D665E818151A87E880CD739809A1636FA04EA2E88CC0695BBFEDE9EFE15AF
5673969114 50472 21196 7C20F6CF1A09EEE4F40FE6F70B0F070213E4AE0B9599CF6348B0EAC781225457
5673307976 46739 28190 C2ACBC9E94B23BB41E822C1F3FEC6979DC3292D4A4957380E11AD8B4BC2887DF
5669928840 26385 11564 A1B55B66556D2E2C10BAE79B82B39E4DED74D1B0BE80A91EDF0D360346FC5CF9
5675325502 26180 16249 7C20F6CF1A09EEE4F40FE6F70B0F070213E4AE0B9599CF6348B0EAC781225457
5668130110 45978 11083 7C20F6CF1A09EEE4F40FE6F70B0F070213E4AE0B9599CF6348B0EAC781225457
5671793599 64655 30294 0E8B19C8EA7CB63190C52EAFDAA1F2D77E09ED1B6E918EFA7D0001DDB59AE028
5665082257 591 13364 236EC415CAA8BD10324720607C2038AC57FDE8FD6DDA41DBD81CEC4388E46AD9
5668513640 46484 29016 7C20F6CF1A09EEE4F40FE6F70B0F070213E4AE0B9599CF6348B0EAC781225457
5666255502 34920 2503 7C20F6CF1A09EEE4F40FE6F70B0F070213E4AE0B9599CF6348B0EAC781225457
5674252671 14339 47748 D47E3765DDC97F279DB13FD76D5C0E4200FA45C89D07D902D48BB56824BDD657
5665638148 8765 31221 F07FC2057E71A586EA545E7D9A22DC0D9B909BD4C7E33E5956DEAAFF881F53EA
5672657172 14527 15799 9D5F842FC313D04A3C4AAF6121D7C4BC2276219AA8B3A2CBB092458A6B162B0B
5669946145 2931 16650 461E1CB2BE13EA6B82AB155BF1A8D5D6A40380C79DF8917A4BF97EEB63DBA7BB
5673420277 55179 50504 5489D8F2C0E12726C8989522E77B9F1E2F268836FC91FC85A35F8847E5C38580
5667577035 28186 41458 7C20F6CF1A09EEE4F40FE6F70B0F070213E4AE0B9599CF6348B0EAC781225457
5671054076 38991 1793 1F6573CEA60B6913EC8394E9FEEE6AD26F4020637496A475F9E10BCF87D684D7
5666500730 41933 7373 219F57DC725B8E150B52FD24B17E96D53D2924D62730A26A7ADF78459C42D43F
5664664805 40480 20151 7C20F6CF1A09EEE4F40FE6F70B0F070213E4AE0B9599CF6348B0EAC781225457
5672605094 24791 62859 6E6E0F66E19A763D89ABB6B3D2FED1AA8A3EF76E1B77362EEE0A8174878BB2B7
5667939416 25879 20269 30682C2C00362F4A9C239FD0D96AC068E1EC3B5B7D00D76CA6958B45087F9729
5675032012 18071 39785 87B48365F5B1B2086D89E029C8079D23A17263BF799BCE57174D9AE5144C6F00
5666592687 46482 21364 7C20F6CF1A09EEE4F40FE6F70B0F070213E4AE0B9599CF6348B0EAC781225457
5673265769 36075 1288 65B364AFD4AA265E74815C8A2FC8F8EB643BFAB9596500F090419EC1E248BD6F
5665681993 23125 28531 B955ECA351B15B5D85612B2C78DD33CF00F986674E5B54BEBF79910E8EDF3B23
5665703599 19323 20422 802BDB328FBC39DE380DFF98D1F364C611B6DBFD5DFE8744309D530156E3E774
5670209465 31998 54689 7C20F6CF1A09EEE4F40FE6F70B0F070213E4AE0B9599CF6348B0EAC781225457
5673980631 38067 50169 6B7D24EE69110F3E2E3F7617F78248AE07183757481B01AF1BD9F119643B7DD4
5675919979 7399 27044 EF649626AC5821A68E54F6718B9F4C1B2CCE51E7899D5C8E7BF51B2A9A038FA7
5669842204 54747 59794 050F021F666EA9A436354960819C55A59AB7EEB327FFBF70C43466682FA6102C
5672967965 37542 58011 7C20F6CF1A09EEE4F40FE6F70B0F070213E4AE0B9599CF6348B0EAC781225457
5671361854 21788 10094 7C20F6CF1A09EEE4F40FE6F70B0F070213E4AE0B9599CF6348B0EAC781225457
5665946360 55881 20422 0AD1CB7744201BE89B4A1D86D1498E43FD1204DFCB5818F8E88EE3212691EA18
5671736963 18578 30038 7C20F6CF1A09EEE4F40FE6F70B0F070213E4AE0B9599CF6348B0EAC781225457
5668654484 10049 16851 ACD3CA050E04B63E49F15E19A81C0C64E751F3664D78873852894C7DD715107D
5671293553 58283 4174 5116C2A587E6117F74D49674F88B21BAD9B2224EECF1553AB0B04974A4C90DD7
5673642748 49203 45118 EA4C8631C4FD0FDC60060D95E4FA650B428CB57ABA59D455141E93A38A3DEEA7
5666032568 43998 37287 7C20F6CF1A09EEE4F40FE6F70B0F070213E4AE0B9599CF6348B0EAC781225457
5671621828 44472 22053 7C20F6CF1A09EEE4F40FE6F70B0F070213E4AE0B9599CF6348B0EAC781225457
5670786207 62915 54651 3AB36E0CFAE197969A54EB64EFA9C90DB1A06BBCCD6A91E406D97D096C9BEB4B
5666134928 55418 13544 7C20F6CF1A09EEE4F40FE6F70B0F070213E4AE0B9599CF6348B0EAC781225457
5672543670 48569 39950 1DD305269B81A0E4C831DBFFC6B1D130E31B66D21213EF2362A79774C3C457D5
5675554514 30822 23624 7C20F6CF1A09EEE4F40FE6F70B0F070213E4AE0B9599CF6348B0EAC781225457
5673076545 43559 16032 20EB74478B3DCA44751BE3D31DEF1539E176DD977E6A9F219A2E1D8D27C91544
5672854410 53441 12692 2D81EBEA16415E42A6BF1718DAC0BDDAC12A7F54B511A3767BA19B6CBD96042D
5670787332 15747 6290 76F367D531B78A8881B4ADB60DBFDB19D75F554AE3800B63A5622CD0B5C987A5
5665810748 4114 58906 7C20F6CF1A09EEE4F40FE6F70B0F070213E4AE0B9599CF6348B0EAC781225457
5673976985 55237 12357 849AE2409C60AE353D010E2106F935E4A7EE1D60687964B9C4C2D848866FC309
5672956527 57819 47220 F42414ED27F1AF96277D2C4ADAF0658D116D92BC5FA9D1443E2E366FB5F73920
5664877120 14209 40689 F0E4587578D52096648DB96C882C3FC50C260E1EC566EBB8314D664386857AF5
5673366860 599 30169 3719E2C88C9C6CC7F590AA5D2266A20177DE7046D0BDED5E42008F15758D4DC0
5671981133 32323 36444 2AF2DB65426A21D2DC5CD69CB18ABD3B262A9042C7728869ECFDCCF63D385E15
5666318223 36191 5074 8EC4BF466585817D6A578B60ADC043F66AEE909FC877398ADB1CE24310CFEE7F
5666550716 29501 36036 EBB2543273B930E4B2487D5800333B152860E29FD56DB0BE82188F1D80C7BDCC
5669258884 54408 53772 7C20F6CF1A09EEE4F40FE6F70B0F070213E4AE0B9599CF6348B0EAC781225457
5665862551 58542 7197 7C20F6CF1A09EEE4F40FE6F70B0F070213E4AE0B9599CF6348B0EAC781225457
5673584366 9750 29295 7C20F6CF1A09EEE4F40FE6F70B0F070213E4AE0B9599CF6348B0EAC781225457
5665269236 38269 58460 6F93B02728204AB0AC8735369240536CEC87234C12548F119E4093E014D2442A
5664673803 28363 64638 CAC3BDBD98F8EEA6FD461523E69CC4BD5596DED69C5ECD18D0D91846ECBEB6A3
5672082250 58116 47627 7C20F6CF1A09EEE4F40FE6F70B0F070213E4AE0B9599CF6348B0EAC781225457
5667176025 64157 44106 D8F60645BFDED42556867FC67D43ADF0BF9A6CD7E15CB7DFFDF79EB818A2894A
5667360433 48392 39582 7C20F6CF1A09EEE4F40FE6F70B0F070213E4AE0B9599CF6348B0EAC781225457
5667795322 45061 1623 978981A1C3AEC28D94E9E0BA1616A471F47CAE5AB15F777C448101FAC6E27F26
5672539131 4863 48040 CC502E30B96192B589FBEB11FBE1E96B3EAA069BB7691E6A1C9C914D4165ED53
5670598047 64446 43333 7C20F6CF1A09EEE4F40FE6F70B0F070213E4AE0B9599CF6348B0EAC781225457
5666165473 48829 16088 ED8A2D910CD0A2A54FFA925B326A59B8C33609F8710D1AA9BC9BFC55F15EB182
5676059685 5904 42059 7C20F6CF1A09EEE4F40FE6F70B0F070213E4AE0B9599CF6348B0EAC781225457
5668175970 28358 61446 7C20F6CF1A09EEE4F40FE6F70B0F070213E4AE0B9599CF6348B0EAC781225457
5668781240 58294 14907 7C20F6CF1A09EEE4F40FE6F70B0F070213E4AE0B9599CF6348B0EAC781225457
5672818432 18490 21684 7C20F6CF1A09EEE4F40FE6F70B0F070213E4AE0B9599CF6348B0EAC781225457
5674770590 38014 4284 7C20F6CF1A09EEE4F40FE6F70B0F070213E4AE0B9599CF6348B0EAC781225457
5670322565 54292 25165 7C20F6CF1A09EEE4F40FE6F70B0F070213E4AE0B9599CF6348B0EAC781225457
5676288190 50440 49186 7C20F6CF1A09EEE4F40FE6F70B0F070213E4AE0B9599CF6348B0EAC781225457
5673620157 63067 50214 6A5EC169E19044F66481D502A2914015329E596334DC47C96DB8B50C49351EBD
5667211122 63539 34051 76003493DFAC469C4F77D8299D9989B63035A33B542B60AEDCCDE676489353AA
5673316542 27012 64797 7C20F6CF1A09EEE4F40FE6F70B0F070213E4AE0B9599CF6348B0EAC781225457
5674574000 39907 47957 7EDEED608BB47B597EA5FE8DECA3F936F46A6279EB6A1EF79BD3ED3818932BC1
5672844549 42257 42265 9B22AD44E13038A8D4001091FC080A35A91E528A7E54EE755C2349498E85BE90
5672055697 3665 63473 3358FADB16CDEFC6CE518BDA3FF35A2975C68D81BE9A6E07082FEAD04C9A187E
5673311883 42783 60625 299E0326DF913A92F7DD63798B44CAD324F1BD7D4FF64202A7B99C95D8365730
5666228300 43730 14084 7C20F6CF1A09EEE4F40FE6F70B0F070213E4AE0B9599CF6348B0EAC781225457
5669323011 29322 61167 7C20F6CF1A09EEE4F40FE6F70B0F070213E4AE0B9599CF6348B0EAC781225457
5666012577 52951 35602 C911F125945D2FC7C2794F8D208EA30AC79EE066E7A6EAB3008F5580345013B8
5669153560 22409 9620 16A7E5137776F17B7E31D2B523034604915A2CCC173499D66030509C73D8CD98
5673769418 61670 2577 7C20F6CF1A09EEE4F40FE6F70B0F070213E4AE0B9599CF6348B0EAC781225457
5671339177 24653 958 E3195565C8E8DC38C1088F03B6AAAB550D4EE638A88F70A775D71D40747A0DC9
5670545925 48283 976 52FB3880456213F4D38CE8B4B0B6A622D3AF7626DFF390495828E33E669954DA
5669337178 20094 5493 7C20F6CF1A09EEE4F40FE6F70B0F070213E4AE0B9599CF6348B0EAC781225457
5665527783 1434 20320 7C20F6CF1A09EEE4F40FE6F70B0F070213E4AE0B9599CF6348B0EAC781225457
5665047543 14776 13435 7C20F6CF1A09EEE4F40FE6F70B0F070213E4AE0B9599CF6348B0EAC781225457
5672799491 3012 41912 7C20F6CF1A09EEE4F40FE6F70B0F070213E4AE0B9599CF6348B0EAC781225457
5666811222 6331 40388 3FE92781593F200CDF2B6F19B8A5A62F41A48B83AFEF71FCDFE64D7A451E496D
5667326206 47265 43621 663C351C9B08DF19FB9A19ADF8C7C359A30821EA8B36B4F7745B7A9EEE4A98FD
5669280928 14460 25383 7C20F6CF1A09EEE4F40FE6F70B0F070213E4AE0B9599CF6348B0EAC781225457
5672634178 17253 713 1B42D6BE1DEB7B4CAFA51E706B14FDF07EF1645F1215E3DED2EB14556B1848C1
5675781893 52161 45955 A74AD572B57F762931F1DA0C3009EE8AA4B11F2A46D4CDA9EC1B3C02C15D7FD9

Total of 0 tasks calculated error.
