Total of 100 tasks calculated correctly, accuracy 100.00% 
5733678745 19132 42669 7C20F6CF1A09EEE4F40FE6F70B0F070213E4AE0B9599CF6348B0EAC781225457
5734304409 19658 57063 7C20F6CF1A09EEE4F40FE6F70B0F070213E4AE0B9599CF6348B0EAC781225457
5726319897 21657 9468 2DEB5EB30B05A5956999D67858489397309E31EBF461FA3669DBB300941E94FB
5725099880 29438 12644 7C20F6CF1A09EEE4F40FE6F70B0F070213E4AE0B9599CF6348B0EAC781225457
5724710714 29713 59369 193FB61ED4B93AC9F690D8398421D7E4E51A021A7D072BA2ED28CF279BF0AA61
5732384024 20137 3247 4BBB0E836171C6E686C3303B148913C598BEDA89C75E677DC9D22770EEE5AD70
5735341893 61728 34290 7C20F6CF1A09EEE4F40FE6F70B0F070213E4AE0B9599CF6348B0EAC781225457
5730995788 16148 55138 7C20F6CF1A09EEE4F40FE6F70B0F070213E4AE0B9599CF6348B0EAC781225457
5735350289 55514 3478 7C20F6CF1A09EEE4F40FE6F70B0F070213E4AE0B9599CF6348B0EAC781225457
5732434456 638 14690 7C20F6CF1A09EEE4F40FE6F70B0F070213E4AE0B9599CF6348B0EAC781225457
5727966505 2158 41330 7C20F6CF1A09EEE4F40FE6F70B0F070213E4AE0B9599CF6348B0EAC781225457
5728851010 13848 33536 7C20F6CF1A09EEE4F40FE6F70B0F070213E4AE0B9599CF6348B0EAC781225457
5735427864 60724 9025 7C20F6CF1A09EEE4F40FE6F70B0F070213E4AE0B9599CF6348B0EAC781225457
5730911232 16053 12215 4EBE30E01B634482D9E57576337BE15363BB48961DEF6DB9CFF089C732C6A886
5727598909 24457 20714 0E191BD9AB8A2FE42671E35A67ABED6D292585BE21DA181344D28B233DB26040
5732713880 60996 62572 7C20F6CF1A09EEE4F40FE6F70B0F070213E4AE0B9599CF6348B0EAC781225457
5733938349 63110 11086 7C20F6CF1A09EEE4F40FE6F70B0F070213E4AE0B9599CF6348B0EAC781225457
5730525363 39965 11247 184AE84FB71E0874A8E1CB53ED41EC53DB6960DDD400F38EC10603FCDF7C2494
5736176163 22445 22928 A41307EBB2FF34B05D42A5AB919E57F4CB323A249F1456F46831BF9AD48A6A84
5731444756 12003 33837 54A6C35EFDABE3199BF381F52EAF20FE9B59C17985B4ED24F4551DEBA9FA0290
5726602012 56109 32320 B80AD237AD3A3AD7CA361826FD5241B73BBC2E37671D42B7E9A8F8AA50706453
5729059201 6700 59977 7C20F6CF1A09EEE4F40FE6F70B0F070213E4AE0B9599CF6348B0EAC781225457
5732706400 31 46668 080937346F04FA132E7AE8C38E7835E619B711703D80480B4244014F5AF48B47
5728299364 7982 39267 7C20F6CF1A09EEE4F40FE6F70B0F070213E4AE0B9599CF6348B0EAC781225457
5727424816 12184 57005 7C20F6CF1A09EEE4F40FE6F70B0F070213E4AE0B9599CF6348B0EAC781225457
5725643598 55241 22388 9E47119CC867F2FEE6207634D3FFFEDEE3B44C27676DE7F1C851191B6BAEF7AA
5724828002 15324 25399 7C20F6CF1A09EEE4F40FE6F70B0F070213E4AE0B9599CF6348B0EAC781225457
5733647964 41862 36133 7C20F6CF1A09EEE4F40FE6F70B0F070213E4AE0B9599CF6348B0EAC781225457
5733289601 30481 21906 564F15BE8D95D1CC96AB9BC30874D869365C182C4271ECD0A07090B344E106DB
5734215588 58695 41806 86A131A74451CA98E22063CE43BE8772BF36B8FF875D4C6F74722244F5B4F8F1
5725534047 23510 3142 7C20F6CF1A09EEE4F40FE6F70B0F070213E4AE0B9599CF6348B0EAC781225457
5729615114 38382 30530 7C20F6CF1A09EEE4F40FE6F70B0F070213E4AE0B9599CF6348B0EAC781225457
5725555972 42714 21631 7C20F6CF1A09EEE4F40FE6F70B0F070213E4AE0B9599CF6348B0EAC781225457
5732128083 54831 58787 89B60757051F8CB28FB677D7F1D0647DFCF2011D8DACCD1929FED02935F0EE1F
5725146178 2387 32023 89FD0355F217F16972F8AB131D48E4E2429C5CD1400007EB7710ABEDB5BFB319
5735051010 12039 43200 5D4BBE651B8B904689CC86F16821C58BBC8DF6B703855C322E699D2D2C90EF70
5730295914 36100 43316 7C20F6CF1A09EEE4F40FE6F70B0F070213E4AE0B9599CF6348B0EAC781225457
5731720417 10778 34755 7C20F6CF1A09EEE4F40FE6F70B0F070213E4AE0B9599CF6348B0EAC781225457
5727920939 59039 43434 83F88EED401571A7C91FDD767136DA255A5EEE29D8EEBD218FB9C7ACEBA0AEDE
5728335826 32614 29541 7C20F6CF1A09EEE4F40FE6F70B0F070213E4AE0B9599CF6348B0EAC781225457
5735152844 31648 40638 7C20F6CF1A09EEE4F40FE6F70B0F070213E4AE0B9599CF6348B0EAC781225457
5734606625 60004 20148 7C20F6CF1A09EEE4F40FE6F70B0F070213E4AE0B9599CF6348B0EAC781225457
5730967801 32471 19371 848DB2A87CB3355EA828D49B20FA4F6D7F4EBCF49577196EF0A683E287D733FB
5727253877 36449 7629 B6D29368F60EF6FE429B824EC1C36CE66EAA40BE0FD9732855FEAC20D3E9AA26
5729517014 56710 11806 7C20F6CF1A09EEE4F40FE6F70B0F070213E4AE0B9599CF6348B0EAC781225457
5734696812 17464 43305 7C20F6CF1A09EEE4F40FE6F70B0F070213E4AE0B9599CF6348B0EAC781225457
5730005913 47613 45412 A827B2CBDD4FD238665CC658154A495DFC9354B27FE1A68AB66C1116CC6CA6FD
5729198727 57624 60432 7C20F6CF1A09EEE4F40FE6F70B0F070213E4AE0B9599CF6348B0EAC781225457
5727324654 42669 40626 0102CEFF49C7B3B1F9207E0A715EE17F63D121EE313CB25F316AE5B585420BDD
5733925930 13148 22992 7C20F6CF1A09EEE4F40FE6F70B0F070213E4AE0B9599CF6348B0EAC781225457
5725608000 44339 50472 B1A12A240BA15F05FE4CC868DACC8F87CB0CDC2D38AF77DE40A69A09BF82FC53
5731404651 31755 31796 97B2F92C274249C53760415119397A667FA0D821B66726B55A74607BAFAE9A67
5735350126 599 43452 ACC720F00484D76C798C8B1F458B1CF4B03DA682D775C03332A8601D8592EFA5
5735400480 37672 25983 7C20F6CF1A09EEE4F40FE6F70B0F070213E4AE0B9599CF6348B0EAC781225457
5735721995 41606 47717 7C20F6CF1A09EEE4F40FE6F70B0F070213E4AE0B9599CF6348B0EAC781225457
5727146157 49294 64706 7C20F6CF1A09EEE4F40FE6F70B0F070213E4AE0B9599CF6348B0EAC781225457
5730615566 20614 37960 7C20F6CF1A09EEE4F40FE6F70B0F070213E4AE0B9599CF6348B0EAC781225457
5728631612 14028 42697 7C20F6CF1A09EEE4F40FE6F70B0F070213E4AE0B9599CF6348B0EAC781225457
5729018808 38322 26840 7C20F6CF1A09EEE4F40FE6F70B0F070213E4AE0B9599CF6348B0EAC781225457
5725868240 21244 31147 7C20F6CF1A09EEE4F40FE6F70B0F070213E4AE0B9599CF6348B0EAC781225457
5730395934 42430 35859 7C20F6CF1A09EEE4F40FE6F70B0F070213E4AE0B9599CF6348B0EAC781225457
5733927819 21302 1713 7C20F6CF1A09EEE4F40FE6F70B0F070213E4AE0B9599CF6348B0EAC781225457
5731899394 4346 49715 7C20F6CF1A09EEE4F40FE6F70B0F070213E4AE0B9599CF6348B0EAC781225457
5729896237 15486 46087 7C20F6CF1A09EEE4F40FE6F70B0F070213E4AE0B9599CF6348B0EAC781225457
5734093052 15597 37060 55F30DABE082DB0FE042D30BEAE737A1A6C3E190315B7483A06A9070292BAB1E
5731516227 25918 54712 7C20F6CF1A09EEE4F40FE6F70B0F070213E4AE0B9599CF6348B0EAC781225457
5734283520 8904 2252 7C20F6CF1A09EEE4F40FE6F70B0F070213E4AE0B9599CF6348B0EAC781225457
5733992626 36103 21964 4C24577CF7D69FFF344EA9F31308182D97DA70F947E7EAAC6C3A70188AE91DB4
5736331658 35513 18705 4FC6810C28B7E49C3960BC6BD4187C83B88217DA7AD90640A1CCC6DC56A51EC0
5733906650 48642 45093 7C20F6CF1A09EEE4F40FE6F70B0F070213E4AE0B9599CF6348B0EAC781225457
5731020404 7023 24308 0EA4FE81DCEF8570C62C4E4E2F3E1DC63399CBBBFFDDF0CECFFCFF69225811DF
5730710350 47968 43712 7C20F6CF1A09EEE4F40FE6F70B0F070213E4AE0B9599CF6348B0EAC781225457
5733089084 41033 49405 15B470399C48F0163E4637EA2F31FCE8CFC7D8EE6248E2EC3E3768AC3CEEB176
5731658164 59964 29395 7C20F6CF1A09EEE4F40FE6F70B0F070213E4AE0B9599CF6348B0EAC781225457
5733399687 25151 51044 61E37C9C27D53587FFA0E0BC74355F7391BE998ADBB3F003251D192648EC2A6C
5728113159 5573 49137 3981C3ADCD0E54CA86D270C7800A4A98A0163FDDA38EDAEC93930BF15E84D549
5736263409 32801 33414 F9D62F20D659F329682EE96E6BD419C49D814DC91A842E5F938587C645A4CF9F
5734307406 22497 28929 284454D3117C1FBCDB9D09F5B64DC432F5259202AD01F1ABC3354DE072B635BE
5730222312 48826 46801 7C20F6CF1A09EEE4F40FE6F70B0F070213E4AE0B9599CF6348B0EAC781225457
5730249981 39959 4901 2DCF62FFD0E289B1CE3DF0E4D9CB62DB05485E8A4C0602026D3BCD5FCED7EC98
5731638715 29683 433 9BA3F9289DB9E57DE864AABDD76518D75979F602990F265E1AD4F8AB9BC15BF8
5730751224 50104 15697 7C20F6CF1A09EEE4F40FE6F70B0F070213E4AE0B9599CF6348B0EAC781225457
5730333306 15005 64023 53E59AB3864736379CED4ACA808EC740BA66CDBFAECE66FAC4F65F9FD57FF3BA
5732465644 26564 38117 7C20F6CF1A09EEE4F40FE6F70B0F070213E4AE0B9599CF6348B0EAC781225457
5727185553 1189 35709 E87BE20A6B50AE9F7F6E36AAE91D16CF9D24DAF78BC367F8B6F41C4E0F54902F
5732713626 58816 28118 7C20F6CF1A09EEE4F40FE6F70B0F070213E4AE0B9599CF6348B0EAC781225457
5727483421 23440 36417 7C20F6CF1A09EEE4F40FE6F70B0F070213E4AE0B9599CF6348B0EAC781225457
5730220690 10890 9790 7C20F6CF1A09EEE4F40FE6F70B0F070213E4AE0B9599CF6348B0EAC781225457
5730440087 45869 31553 7D239576BD152B1D2A2BFD4C31BF9AB73EE02C401958554FD1EF50C5A3DB40C1
5736195193 40022 15858 7C20F6CF1A09EEE4F40FE6F70B0F070213E4AE0B9599CF6348B0EAC781225457
5735216418 41195 22840 9AD282A3C7C55D6CB24D813D669FED74F723E1673DDAFA1F9609A5A05D8B96FD
5725711657 31875 9080 860646019FFCABD484C9EC6F1C1A0D9E8CE57D710937EDEBA21674B0598570F6
5729604143 50523 59436 85A04505CFD776EBA42031B27463B6427BE0CC8806BEF18AAE5BA6AB39485FAB
5732890177 40878 51487 7C20F6CF1A09EEE4F40FE6F70B0F070213E4AE0B9599CF6348B0EAC781225457
5732836697 13609 47782 12B8130926A013C668439394906E9619EA99DE7C8B80094D14A86D630EE783F4
5733269997 7584 48950 7C20F6CF1A09EEE4F40FE6F70B0F070213E4AE0B9599CF6348B0EAC781225457
5727257354 51530 21415 7C20F6CF1A09EEE4F40FE6F70B0F070213E4AE0B9599CF6348B0EAC781225457
5727031064 29713 51293 0CCC1601F95EEACB3BA99E867C6DFADD37CD4479A2A8C41669EBDC8274C74619
5731557890 20918 54924 7C20F6CF1A09EEE4F40FE6F70B0F070213E4AE0B9599CF6348B0EAC781225457
5724546915 60113 11545 01E6E1B06C76C79348BD83658413170BB772552318CDFACC077749C6ADF364D1

Total of 0 tasks calculated error.
