Total of 100 tasks calculated correctly, accuracy 100.00% 
5739124184 7905 53940 4CD2724AB4699A6EA36872DF9796CF420BF24E9220C53D9210BFC551777D9EA5
5742612843 5985 14530 3E2EDF84D90D5DBB3FFC028F9F7AC4583C5E5862024AE0831F695D892E908466
5737468347 54951 49234 71F1138075F4B4C54CBDC307E89FA897039A6DE3C5F777EA692CD43D596D7685
5746305488 55287 55957 D77DE4DEA572A0CD2DEC3EC23BB7B5186E6B9BA26BC7C77FEE5906966D8365E2
5743517918 5666 65052 7C20F6CF1A09EEE4F40FE6F70B0F070213E4AE0B9599CF6348B0EAC781225457
5743709597 65315 61478 0954F5753ECE4F91A43D28B75E532FC33439932BD0168A53D286E8365F094D15
5738863459 37716 33027 7C20F6CF1A09EEE4F40FE6F70B0F070213E4AE0B9599CF6348B0EAC781225457
5744774692 48640 41542 7C20F6CF1A09EEE4F40FE6F70B0F070213E4AE0B9599CF6348B0EAC781225457
5741350029 37192 41089 7C20F6CF1A09EEE4F40FE6F70B0F070213E4AE0B9599CF6348B0EAC781225457
5738934820 2348 64996 7C20F6CF1A09EEE4F40FE6F70B0F070213E4AE0B9599CF6348B0EAC781225457
5745644501 1271 33991 532D499683AFC550DB53DDC4D2C3CDE758618EB3751B8C46E93EFAF7AD343D3C
5745350625 14734 51128 7C20F6CF1A09EEE4F40FE6F70B0F070213E4AE0B9599CF6348B0EAC781225457
5738497078 37834 57361 7C20F6CF1A09EEE4F40FE6F70B0F070213E4AE0B9599CF6348B0EAC781225457
5745196337 10077 46677 504A28F1CB23178CEEAF28FBFF9F18A4D935CBC999824D9760B3B00A2C6AD0EB
5741718957 48257 65097 E8601CD30E6562DBC8F495D80C80A037E8EF8E4EDED3B32C5E0EAB80C2AD184D
5744816235 58313 12061 8259DF6473BC250FF09A5E400D0149ADBA838172883078D6906321CC2E337656
5746305875 57996 53967 7C20F6CF1A09EEE4F40FE6F70B0F070213E4AE0B9599CF6348B0EAC781225457
5742319831 43873 34344 647D8500EFC54A2E9C7F09E01F8753328FE24C50EDAD478B0B52846BA3F3DD23
5743642459 55840 47799 7C20F6CF1A09EEE4F40FE6F70B0F070213E4AE0B9599CF6348B0EAC781225457
5746133597 46918 37497 7C20F6CF1A09EEE4F40FE6F70B0F070213E4AE0B9599CF6348B0EAC781225457
5741132680 34610 11291 7C20F6CF1A09EEE4F40FE6F70B0F070213E4AE0B9599CF6348B0EAC781225457
5742752130 33555 33616 7BA6B7F96F348CB1B0F3A5A798A60A719AC0BAF6E5A2704F565B6C1D7C1684D5
5739858328 61113 24844 62C044F03A338E1368BF928D6A4DB182F28A793E71E5D6FFEA9702F4A5E55E0B
5740433096 39002 27573 7C20F6CF1A09EEE4F40FE6F70B0F070213E4AE0B9599CF6348B0EAC781225457
5741390401 42094 593 7C20F6CF1A09EEE4F40FE6F70B0F070213E4AE0B9599CF6348B0EAC781225457
5747058365 36946 14392 7C20F6CF1A09EEE4F40FE6F70B0F070213E4AE0B9599CF6348B0EAC781225457
5736998005 49014 58221 7C20F6CF1A09EEE4F40FE6F70B0F070213E4AE0B9599CF6348B0EAC781225457
5739637418 34159 3182 CF7E2632579368CC3AA7DBD336029BF043E88C06D024171EDBA32C9A8407F621
5741656804 49883 41086 70DC5BF5BCA0E5EC5F83C758DCB8BF803F28DBD338AA88932AD8DA2912048DE1
5743504572 36149 45110 1ED4EF327B0FBF7BA1E4C6BC9772ADFE61FEF6ABE9A6711DA7C9E4DA0A471810
5737220252 63695 51055 C7F0A8A17862C4A792D9D8334D07D00E3D9718866100C809CBD53D7CABF4865A
5736829164 10130 5404 7C20F6CF1A09EEE4F40FE6F70B0F070213E4AE0B9599CF6348B0EAC781225457
5745752964 42179 56300 C1382DF324C088C3EEC6CD503E5C4BC4FC7C62E1974D322B20036BCCFB077998
5746575203 64983 28583 52EF939DC6FB477A148F404F0D4E8C53E561ECB55CB5892B0BC790C8EFB7AA82
5740948553 17625 2922 66E72BA6C07683865491C700A720E802656FD9DCDD6E9E6293B9CD958D0BAEEA
5740829481 28578 29321 7C20F6CF1A09EEE4F40FE6F70B0F070213E4AE0B9599CF6348B0EAC781225457
5744474398 47486 23743 7C20F6CF1A09EEE4F40FE6F70B0F070213E4AE0B9599CF6348B0EAC781225457
5739876883 25358 44931 7C20F6CF1A09EEE4F40FE6F70B0F070213E4AE0B9599CF6348B0EAC781225457
5747880374 30404 2620 7C20F6CF1A09EEE4F40FE6F70B0F070213E4AE0B9599CF6348B0EAC781225457
5740836420 38684 33831 7C20F6CF1A09EEE4F40FE6F70B0F070213E4AE0B9599CF6348B0EAC781225457
5746109677 65475 8343 9D16EAD39C55E0255F55D35518BCD7E859186BF24268859DB49C9D5B770F5C99
5745915604 56105 42456 77562851BB9BEA1CB9EB4488F20F90DABE95CB9DEF38EF849364FD664B9DDE2F
5743474504 52620 61722 7C20F6CF1A09EEE4F40FE6F70B0F070213E4AE0B9599CF6348B0EAC781225457
5741651847 51305 43950 980B98C7C800644D7FAD098429B74FC4B7FCA8D991EB93836C93A5F886932923
5743306565 61950 27270 7C20F6CF1A09EEE4F40FE6F70B0F070213E4AE0B9599CF6348B0EAC781225457
5743128050 53258 60031 7C20F6CF1A09EEE4F40FE6F70B0F070213E4AE0B9599CF6348B0EAC781225457
5748063902 47180 28786 7C20F6CF1A09EEE4F40FE6F70B0F070213E4AE0B9599CF6348B0EAC781225457
5744436372 14191 44788 24F39820AA64F58815848313C1888141AFDE051F9B7F5A85807A88B58C3A395F
5736818085 57531 58573 3891AC0C713AD5E460BB37620268DA82D85D4F9D37EBC63A914AA07B93AFFD3E
5747521430 3581 13888 E46F91A3D6DB75ACF5C81A662239A82F8D1C4A3E5A64BC3F56C815B4BA4830B5
5746216365 28053 52976 D31DF2347FC5D835CD5F3D0A91B9E499871C28A24030ADE1C7569DE57AC37D51
5736574355 24139 64801 042EB75FB37D3545298E994402CE619C7F4043C0BE8EF883D70A38FEC1114B48
5742203858 63768 3215 7C20F6CF1A09EEE4F40FE6F70B0F070213E4AE0B9599CF6348B0EAC781225457
5746803579 21238 64842 7C20F6CF1A09EEE4F40FE6F70B0F070213E4AE0B9599CF6348B0EAC781225457
5747021865 48375 61516 6A62BD5CC3F8F2543480087611DDCC073F2C705CC1A3C5B276737F2BD85A9E0C
5746143865 44739 38338 35A4ACD4691E34DCF61B20CF45C4830470DEF73E2439D3EC64F3267C70E3E395
5737176173 27744 4218 7C20F6CF1A09EEE4F40FE6F70B0F070213E4AE0B9599CF6348B0EAC781225457
5737166133 38868 29883 7C20F6CF1A09EEE4F40FE6F70B0F070213E4AE0B9599CF6348B0EAC781225457
5744688208 57217 2959 0B282616418FDEADB28BB68F5D800F123986812D6594DE1730394F3E5A08A902
5746556434 60740 56664 7C20F6CF1A09EEE4F40FE6F70B0F070213E4AE0B9599CF6348B0EAC781225457
5746222723 364 58867 7C20F6CF1A09EEE4F40FE6F70B0F070213E4AE0B9599CF6348B0EAC781225457
5745863880 17129 21099 2776E2B9856C47D70EAA9EC8E0BB3B4D21CD753D2142B79BEB0A91BB04E82C64
5740183742 11926 10928 7C20F6CF1A09EEE4F40FE6F70B0F070213E4AE0B9599CF6348B0EAC781225457
5743424040 1759 25764 3F547F542D41BA2E84D274CDB0F7B6874449AF6D06A08A91560E32771F132286
5747293265 31647 15446 96DEDB58FC8FA8D88E922CF3AAE3C87D9804F8B2E6D45E9A2B25ABBF1F6DB7C5
5738277625 35919 20161 7CB1AFF51CA346E2B34558AB878A1A203D0764516DEF0EAF6276CBA1147BF051
5737608731 6140 65109 7C20F6CF1A09EEE4F40FE6F70B0F070213E4AE0B9599CF6348B0EAC781225457
5738256655 41027 61916 EE0DB76BB9D2A572A0B8875B8887C2FB34CBE7DFB53E8DF254B64ADD7857A23C
5738252378 10696 19337 7C20F6CF1A09EEE4F40FE6F70B0F070213E4AE0B9599CF6348B0EAC781225457
5747256978 49474 26791 7C20F6CF1A09EEE4F40FE6F70B0F070213E4AE0B9599CF6348B0EAC781225457
5739085264 18273 63257 926EB3639D853A8FB5EF5CFE2B27528F01BFD1E482B19C9E885593F92F17DA35
5742752961 21114 59643 7C20F6CF1A09EEE4F40FE6F70B0F070213E4AE0B9599CF6348B0EAC781225457
5743025963 21740 4825 7C20F6CF1A09EEE4F40FE6F70B0F070213E4AE0B9599CF6348B0EAC781225457
5737569244 41725 15111 7170C22EA4A53FC7F0F759CBD654B87E0251F2190DF67971E39358196D7E1373
5741538119 33882 55439 7C20F6CF1A09EEE4F40FE6F70B0F070213E4AE0B9599CF6348B0EAC781225457
5747025434 14615 25139 587E0F4D6B28A0E918A7195B9D4CEEEF15B61ED58EE34C9FF0619184670A0777
5741081099 29370 37554 7C20F6CF1A09EEE4F40FE6F70B0F070213E4AE0B9599CF6348B0EAC781225457
5743528213 65376 47133 7C20F6CF1A09EEE4F40FE6F70B0F070213E4AE0B9599CF6348B0EAC781225457
5745782987 18481 21932 5B5A3CDF755281C06664F10F2748EEFAD7173B1F2C17710C1521DD138EFC7CE0
5747796296 60898 44163 7C20F6CF1A09EEE4F40FE6F70B0F070213E4AE0B9599CF6348B0EAC781225457
5737973424 37144 44246 7C20F6CF1A09EEE4F40FE6F70B0F070213E4AE0B9599CF6348B0EAC781225457
5736934477 21958 15430 7C20F6CF1A09EEE4F40FE6F70B0F070213E4AE0B9599CF6348B0EAC781225457
5738213542 53535 46171 32925FD70E56C944348EB1ABFD1167D640EB6496854D763FD0825B6BDF7D0609
5737248522 45188 39401 7C20F6CF1A09EEE4F40FE6F70B0F070213E4AE0B9599CF6348B0EAC781225457
5737808697 64431 39548 8C2F2E284A06F7B71C4BF033F47E8B313041FA6A47517D9D77A7148E50802F99
5748004233 47171 49775 6A55B2ED72D32DDF3A27C224D3BD6F5DA546821A61DB12FB696454855A331C6E
5746699037 58529 12079 C8FC36A6C69CC88D888796423B84A03AF85AC8954E4A0FCF980DF3B78C265C14
5744847955 52620 18107 7C20F6CF1A09EEE4F40FE6F70B0F070213E4AE0B9599CF6348B0EAC781225457
5742916691 10316 18745 7C20F6CF1A09EEE4F40FE6F70B0F070213E4AE0B9599CF6348B0EAC781225457
5740768852 11585 37242 BA7FD4340B5AD983CF66839838EE4481511AB47781BA85EC415FD6364F310056
5740859349 19654 61716 7C20F6CF1A09EEE4F40FE6F70B0F070213E4AE0B9599CF6348B0EAC781225457
5738788824 22793 8048 892F2B9611A2D3319B3A5EA99E1F52FC74AAB77C7D14FDCF2337CF27B9E43EE6
5746450622 52548 47204 7C20F6CF1A09EEE4F40FE6F70B0F070213E4AE0B9599CF6348B0EAC781225457
5744974659 33687 62071 1D20E810AF3150975BCBF3E7E6ACA172C7AC335125DD3D595AD7CA7E542E366E
5741707527 7387 16441 4F7E6FB2679EB9FE80C5D8991599FB42CB11070B26FDAA9E0CB0C772F107F885
5737921110 60716 29847 7C20F6CF1A09EEE4F40FE6F70B0F070213E4AE0B9599CF6348B0EAC781225457
5741492572 8410 54026 7C20F6CF1A09EEE4F40FE6F70B0F070213E4AE0B9599CF6348B0EAC781225457
5738375053 29426 17747 7C20F6CF1A09EEE4F40FE6F70B0F070213E4AE0B9599CF6348B0EAC781225457
5739218916 17568 14293 7C20F6CF1A09EEE4F40FE6F70B0F070213E4AE0B9599CF6348B0EAC781225457
5745751717 64003 9887 B91C5F2383C6483642FF9C3C068FB16EEA50A49744E17BD585AE04B8FC849C90

Total of 0 tasks calculated error.
