Total of 100 tasks calculated correctly, accuracy 100.00% 
569327363 50484 18445 7C20F6CF1A09EEE4F40FE6F70B0F070213E4AE0B9599CF6348B0EAC781225457
568806496 1874 31491 7C20F6CF1A09EEE4F40FE6F70B0F070213E4AE0B9599CF6348B0EAC781225457
573807876 30912 41944 7C20F6CF1A09EEE4F40FE6F70B0F070213E4AE0B9599CF6348B0EAC781225457
568987089 27815 46152 75D3E7E333425DB650CA4A8259294F81AA1E2933B4618228E99BA9208508C21C
571158042 9367 41057 FF75026C0A3AEEFC60471A38C83EE18391DEC8F0212C0579A393A1B1B82A7DC8
575642071 60986 50033 7C20F6CF1A09EEE4F40FE6F70B0F070213E4AE0B9599CF6348B0EAC781225457
565668705 56032 15954 7C20F6CF1A09EEE4F40FE6F70B0F070213E4AE0B9599CF6348B0EAC781225457
573788902 57130 43749 7C20F6CF1A09EEE4F40FE6F70B0F070213E4AE0B9599CF6348B0EAC781225457
566095067 27062 22149 7C20F6CF1A09EEE4F40FE6F70B0F070213E4AE0B9599CF6348B0EAC781225457
569127054 1554 2928 7C20F6CF1A09EEE4F40FE6F70B0F070213E4AE0B9599CF6348B0EAC781225457
572041688 44531 20449 A4000AF553955BBAAE9F2C8018F2B1233AD9B5D86D7DF2F75DA9E0BFA987A814
566881594 17641 10183 1C3EC1F663CA5C747C2C0E27ADEFF9382A04DEDA622F587A3517B538C7689D19
567494275 57920 6324 7C20F6CF1A09EEE4F40FE6F70B0F070213E4AE0B9599CF6348B0EAC781225457
575134365 57163 20046 FDBE58E14A39A28E8D54EA1A264465130242D7B5873E8C8979911E5B1C61FC8E
571011546 59128 59127 7C20F6CF1A09EEE4F40FE6F70B0F070213E4AE0B9599CF6348B0EAC781225457
565451224 35314 55404 7C20F6CF1A09EEE4F40FE6F70B0F070213E4AE0B9599CF6348B0EAC781225457
575290764 64454 7606 7C20F6CF1A09EEE4F40FE6F70B0F070213E4AE0B9599CF6348B0EAC781225457
568386240 26430 12945 7C20F6CF1A09EEE4F40FE6F70B0F070213E4AE0B9599CF6348B0EAC781225457
575135525 31730 63583 7C20F6CF1A09EEE4F40FE6F70B0F070213E4AE0B9599CF6348B0EAC781225457
564533172 23976 56824 7C20F6CF1A09EEE4F40FE6F70B0F070213E4AE0B9599CF6348B0EAC781225457
565065764 28879 30307 7696440564D87660FD1E727A70DEADB5AC7BFF1DF21E887F97A69498B2EF451E
568396609 61600 35121 7C20F6CF1A09EEE4F40FE6F70B0F070213E4AE0B9599CF6348B0EAC781225457
570482207 16279 48644 560A1B061E760237DB29C5B801925881364E628A8D8FD23835E7156F124D80F5
576016315 3122 52288 7C20F6CF1A09EEE4F40FE6F70B0F070213E4AE0B9599CF6348B0EAC781225457
573721627 17584 37918 7C20F6CF1A09EEE4F40FE6F70B0F070213E4AE0B9599CF6348B0EAC781225457
572609491 25176 47977 7C20F6CF1A09EEE4F40FE6F70B0F070213E4AE0B9599CF6348B0EAC781225457
567354397 54855 34631 913D03B35B6E959EF41ADFBFB84C6A706D60B93C9C4AFAAA45C9FCF73832ACA1
567627981 20768 55690 7C20F6CF1A09EEE4F40FE6F70B0F070213E4AE0B9599CF6348B0EAC781225457
574932329 33251 26426 9EA0077C190EA7C043F0AFD7083AE8A59CBF3B7768EE73B99A40E7F24232A558
572499546 1233 34297 9111343693E550B3899F4B628CAA00935C88117AA100B6CE3356BD50CDB0D316
568967013 33161 53137 DCDABCF22AA40560D1E0D766D0B9624DB86738C6CC37CEC98D8BB624DF884D8E
576121617 55986 52199 7C20F6CF1A09EEE4F40FE6F70B0F070213E4AE0B9599CF6348B0EAC781225457
573576008 20883 5796 7B10E94C49FCE8AEF80B65903C58D58B92ACCB79354D3B69105851A883F5EAD5
569394342 30494 1429 7C20F6CF1A09EEE4F40FE6F70B0F070213E4AE0B9599CF6348B0EAC781225457
572715061 46332 3482 7C20F6CF1A09EEE4F40FE6F70B0F070213E4AE0B9599CF6348B0EAC781225457
574469333 26516 51149 7C20F6CF1A09EEE4F40FE6F70B0F070213E4AE0B9599CF6348B0EAC781225457
571512200 56658 25197 7C20F6CF1A09EEE4F40FE6F70B0F070213E4AE0B9599CF6348B0EAC781225457
574021614 46241 24849 75911EA93D9CEA4B15E783A66759F6F617FF2744D9128706A79E9F144FF5397F
575725265 60371 55487 C20F86DCFCB138E2708A6C1B6E96C7157BECFAEC0EAC69AA86406702EAEA74F7
574403618 2239 59967 358F2B6BA4F6492897F9E064FBA5EE1F75DE7438D37344F21CA212B594E2654C
572354833 12236 28447 7C20F6CF1A09EEE4F40FE6F70B0F070213E4AE0B9599CF6348B0EAC781225457
574044246 65473 53975 4A1DE870D272F506350F25126608CC9C815BC6894FE147CBA3BAC8D314B5560F
569280897 60447 59818 5731F4BEF7149CB44460AB73D3483478C36C9A5455C4407F66DC616E4DABFCF8
566926217 10162 7062 7C20F6CF1A09EEE4F40FE6F70B0F070213E4AE0B9599CF6348B0EAC781225457
575717087 15660 54989 7C20F6CF1A09EEE4F40FE6F70B0F070213E4AE0B9599CF6348B0EAC781225457
569718853 51634 39256 7C20F6CF1A09EEE4F40FE6F70B0F070213E4AE0B9599CF6348B0EAC781225457
576092606 47284 24926 7C20F6CF1A09EEE4F40FE6F70B0F070213E4AE0B9599CF6348B0EAC781225457
569783610 33861 19823 B17AC33A9C210B207B21DE66652FF0A894C65EFA7C7370E90D34411F632934CF
573049407 7150 9461 7C20F6CF1A09EEE4F40FE6F70B0F070213E4AE0B9599CF6348B0EAC781225457
574389647 13123 20947 8FA5412F55F4AA360DACFCC4E24B38331033AE5780A082896D4572D86BDF8A97
571214542 64661 12712 F0678D231AF840F22F160FA1C446C9A3359DF68C1D5563239098BC4663D0262F
573466653 37915 33291 DD12E2F345A450F7FBFA8EE5F257E9BDE3E6B4977915E746E36CF083FACFEC10
575260928 42596 21952 7C20F6CF1A09EEE4F40FE6F70B0F070213E4AE0B9599CF6348B0EAC781225457
570709575 52223 26934 C2ABCF48F347ADBECC2C3546CD1774880DC15464984AAA5C07ACBAB1AEE714A6
572406035 47504 55255 7C20F6CF1A09EEE4F40FE6F70B0F070213E4AE0B9599CF6348B0EAC781225457
568481360 18670 11809 7C20F6CF1A09EEE4F40FE6F70B0F070213E4AE0B9599CF6348B0EAC781225457
571157157 19925 46761 F72801AA1E61CCBE525F98E0A9F81C067A6DEC2CB4459E059C44A211CACF860D
571959950 24674 38712 7C20F6CF1A09EEE4F40FE6F70B0F070213E4AE0B9599CF6348B0EAC781225457
566163736 39913 39374 693C3B402DDAD6D7A59D1A1895BED3CB34326F5BE0679861D52D862C7673E147
574889027 46754 3502 7C20F6CF1A09EEE4F40FE6F70B0F070213E4AE0B9599CF6348B0EAC781225457
569192559 2299 3270 609FB12AE828995080EE8AE2C04C5899B2099DA0EA9538A31526DAC283993052
568038251 38554 64195 7C20F6CF1A09EEE4F40FE6F70B0F070213E4AE0B9599CF6348B0EAC781225457
571076132 32087 60784 8D9848B63B84DC442C46582F15E7354EED81CBC4EDF395101A0CAA82E5095741
566247411 12359 39524 A23E6826B412EF808FE71E94A2814656DBBFD56022ED13C0153E3247D04F7C31
574240613 57429 26763 6A71057D7CF253A28B804E24DBFA3865492D38C80888FAE21D4E31A5CD00B273
569827128 37150 41170 7C20F6CF1A09EEE4F40FE6F70B0F070213E4AE0B9599CF6348B0EAC781225457
565273938 17803 29993 AE2B793040B35561A2CC5F1BA50A084CCB58AE1ABF4EF21073B494225C501A98
571921251 61859 16124 87683D5FC15A3495C4EB47270032539B1789FFEDBC4A30A84964AC1D4AC27E79
572431601 21378 49119 7C20F6CF1A09EEE4F40FE6F70B0F070213E4AE0B9599CF6348B0EAC781225457
569542776 49637 44514 D0162A44CB2AA99E7BAC0414277240AD4D35ABF448A6447B72873AEE45E8C952
575701764 14390 24870 7C20F6CF1A09EEE4F40FE6F70B0F070213E4AE0B9599CF6348B0EAC781225457
569418784 42713 26786 9F627FEDFD8B0D2C4DC63D1B793E160D8DD5EE2C8D0D30CD9FB20FF8913F148B
573330627 46057 17170 FA50CC8D329DE1462962DCAB5BAD624C2096F4DFE8FB3D35FBD4BFA971C6192C
571535126 48723 23784 70CC68D359E4C7AF8A322BB92AD8B124904DBBCE40850EAC23F10CCC344719D5
569063526 30651 6945 6EE15454C3E03D27F6D88CC095D3D7FEDE2A7531AA4794BC9A2C783D40126060
574835482 51720 34329 7C20F6CF1A09EEE4F40FE6F70B0F070213E4AE0B9599CF6348B0EAC781225457
571814365 26257 15131 416DA48A4ABA801E36C2B42BA17375BA7DBB2E57BD7162389435A38D10921DCF
566939631 43329 47369 3739ED9D5FB76D07A488AA8119AB982C15E980C5AB3EE897ED3F52B9F7772D1A
569081712 39802 16099 7C20F6CF1A09EEE4F40FE6F70B0F070213E4AE0B9599CF6348B0EAC781225457
567350805 3163 64385 BB1F67F2718AC5D624A4D295A027A9B4AFA7D4DD7390A6A10BC8EA5A1394E57F
566945137 16810 65251 7C20F6CF1A09EEE4F40FE6F70B0F070213E4AE0B9599CF6348B0EAC781225457
564511587 32198 33407 7C20F6CF1A09EEE4F40FE6F70B0F070213E4AE0B9599CF6348B0EAC781225457
573578089 57514 54470 7C20F6CF1A09EEE4F40FE6F70B0F070213E4AE0B9599CF6348B0EAC781225457
565870658 65391 18170 3BC7ABD3F6AF6AEF5E192B707C7EE1555C7F2FA60E437B0C20E68B7CA28478C7
573360632 65106 45785 7C20F6CF1A09EEE4F40FE6F70B0F070213E4AE0B9599CF6348B0EAC781225457
572521480 31522 49503 7C20F6CF1A09EEE4F40FE6F70B0F070213E4AE0B9599CF6348B0EAC781225457
570887187 53526 6266 7C20F6CF1A09EEE4F40FE6F70B0F070213E4AE0B9599CF6348B0EAC781225457
568181951 23920 65123 7C20F6CF1A09EEE4F40FE6F70B0F070213E4AE0B9599CF6348B0EAC781225457
564944955 50839 54875 304E513E88DE2B312202A591BABAA46AC14330905720C4A95A5B369455829DF6
576068643 31736 39917 7C20F6CF1A09EEE4F40FE6F70B0F070213E4AE0B9599CF6348B0EAC781225457
572099128 47574 9473 7C20F6CF1A09EEE4F40FE6F70B0F070213E4AE0B9599CF6348B0EAC781225457
568942212 21747 51583 A70AE7AB076C369AF258AC753AFC58A8FB865D966201829E4BF8D5A4A5F40169
568769020 62019 11733 A59D6CB9CFD66890E9BEA60B422F987D5EA790A10BA48F091037F67A48099676
571149199 19937 61526 2B483A01D932C5A26AD73B5D2D02C38F9D04455086B64AAADF7C5CC7A535AFD1
567918902 32350 8889 7C20F6CF1A09EEE4F40FE6F70B0F070213E4AE0B9599CF6348B0EAC781225457
568047981 18241 17723 CE5E3A62120FFF0B515B37FBC35B58CE68FEDA36674AA52A528F9C9A4D1115D6
575609641 7181 2635 176B8F5AC3347345721C2EA9BAE34D905262F557785779CD0C378B13F70FB993
570594338 3040 5730 7C20F6CF1A09EEE4F40FE6F70B0F070213E4AE0B9599CF6348B0EAC781225457
570339871 55476 5409 7C20F6CF1A09EEE4F40FE6F70B0F070213E4AE0B9599CF6348B0EAC781225457
567462660 63495 24474 295CD9D4595FF14A39C4C12D3BBC777A86E0AA8A69144A64BA103519CFFBB81A

Total of 0 tasks calculated error.
