Total of 100 tasks calculated correctly, accuracy 100.00% 
5752655621 8776 45606 7C20F6CF1A09EEE4F40FE6F70B0F070213E4AE0B9599CF6348B0EAC781225457
5750032633 2228 7455 7C20F6CF1A09EEE4F40FE6F70B0F070213E4AE0B9599CF6348B0EAC781225457
5754155092 56393 40980 15D59C67513FBABCB20F070D91C1ED7D13C13A08FB4BADB42D49A0727820BB3E
5752152936 12778 60209 7C20F6CF1A09EEE4F40FE6F70B0F070213E4AE0B9599CF6348B0EAC781225457
5758194365 63347 11507 7387FBD160F712A2E015C86A72C89A16252D0D1EE1B949B00577C468EDD738B6
5758313615 59138 21239 7C20F6CF1A09EEE4F40FE6F70B0F070213E4AE0B9599CF6348B0EAC781225457
5750474457 51215 27677 6773AA767C97A9FB7410B6C879AC54D4CCDF350AD786C20953BD2C6E26E3C8A6
5758578277 58564 38784 7C20F6CF1A09EEE4F40FE6F70B0F070213E4AE0B9599CF6348B0EAC781225457
5756804071 53473 32753 2AF0A8FD70FC647F90CDF0E8013D8D5AEBB89DE04E17E61DAD6DCF610852E9FC
5757364334 1366 63846 7C20F6CF1A09EEE4F40FE6F70B0F070213E4AE0B9599CF6348B0EAC781225457
5757865093 53725 30836 6389B6CC2FDAE5C62618502B60A74A6F68C766D7172C496D58824D85C0EB8A76
5749400523 2107 50048 DC870256AE6DF1C3E2777C79CCA74A1EB3936F292BE643B69B948E906DCCF654
5750965531 58954 1380 7C20F6CF1A09EEE4F40FE6F70B0F070213E4AE0B9599CF6348B0EAC781225457
5758751382 38542 40800 7C20F6CF1A09EEE4F40FE6F70B0F070213E4AE0B9599CF6348B0EAC781225457
5750697341 36639 5160 0BFA9546B855C752987A2156C816F9D3C6E901DB9E44932A12DEE729B0B9F299
5757212170 63764 47464 7C20F6CF1A09EEE4F40FE6F70B0F070213E4AE0B9599CF6348B0EAC781225457
5757256376 22627 63706 58A2C5B5544F81F691FB51FC678845052D8F47C62347F8C8C724149975A16DA5
5755403749 44782 25971 7C20F6CF1A09EEE4F40FE6F70B0F070213E4AE0B9599CF6348B0EAC781225457
5749903388 9787 45661 862023820FF9E7E608D8F70FE7773007836EA9729FC6F2FFC141659EB7B14413
5759017506 43023 14334 666470A4A4DE16F257E0DFEE36B2E9883B8CB0FAEA7EC21366D64E5E8D345974
5751359028 16839 52376 E0E149D9CFED4D209DD45C493AF128C4F38F9A6DF273C4C6514F51C92F8B0004
5755079861 24153 50702 E00D594D02CCE76AAAEF3D73C4DF70399FC9B7122B4ECD31F6CF4303FCC24B51
5749422883 3838 43263 7C20F6CF1A09EEE4F40FE6F70B0F070213E4AE0B9599CF6348B0EAC781225457
5753815459 16202 16199 7C20F6CF1A09EEE4F40FE6F70B0F070213E4AE0B9599CF6348B0EAC781225457
5759084621 23807 3348 69700D535B7FE41720FBD30FB242E1962C88200457673986692D1424D2CC4478
5755817405 24308 61623 7C20F6CF1A09EEE4F40FE6F70B0F070213E4AE0B9599CF6348B0EAC781225457
5752447068 25468 57775 7C20F6CF1A09EEE4F40FE6F70B0F070213E4AE0B9599CF6348B0EAC781225457
5757312943 6041 17949 F56FF40E3F63FDC3C3901D115910B59DAF1CDE0CA66B2E40D22719DDCAD45C71
5757949221 55447 62713 61F7EFF79EF69DFE03A146434DF2333F78800D3C2F45A2B2D63879C8B9BFC532
5756971913 23832 35826 7C20F6CF1A09EEE4F40FE6F70B0F070213E4AE0B9599CF6348B0EAC781225457
5752649577 13700 44630 7C20F6CF1A09EEE4F40FE6F70B0F070213E4AE0B9599CF6348B0EAC781225457
5756336939 34429 64660 3FB2F7A187D63B7A878AB74745C6886531CBD016305E9A2607C2F45EB571F522
5755958638 18243 7837 57F8DD82F8BCF3945925536766CB45A5E58FBFFBDA5D07FD1F3BF227DA853381
5750306602 1901 58121 6E320C379B62A1AE99C053437FB8FDC5016B73BA4F2BBB72B9695D4783876D80
5755629042 48704 60907 7C20F6CF1A09EEE4F40FE6F70B0F070213E4AE0B9599CF6348B0EAC781225457
5751536530 35338 41720 7C20F6CF1A09EEE4F40FE6F70B0F070213E4AE0B9599CF6348B0EAC781225457
5757548261 48398 47528 7C20F6CF1A09EEE4F40FE6F70B0F070213E4AE0B9599CF6348B0EAC781225457
5755444723 33050 62068 7C20F6CF1A09EEE4F40FE6F70B0F070213E4AE0B9599CF6348B0EAC781225457
5753938196 46356 60907 7C20F6CF1A09EEE4F40FE6F70B0F070213E4AE0B9599CF6348B0EAC781225457
5757899204 22222 18135 7C20F6CF1A09EEE4F40FE6F70B0F070213E4AE0B9599CF6348B0EAC781225457
5758777656 1785 22487 01A5F290FBD5D94C44A07D00839396193D5FBA3ACF2D2DBFE21401AE8DC223E7
5752177011 440 38503 7C20F6CF1A09EEE4F40FE6F70B0F070213E4AE0B9599CF6348B0EAC781225457
5760145836 27921 52759 EA257608A631CACBDD00FE2D751D012A8AA7CFA7988B41FEC28053B55C91BC3B
5755950240 20298 50180 7C20F6CF1A09EEE4F40FE6F70B0F070213E4AE0B9599CF6348B0EAC781225457
5758944514 50790 26223 7C20F6CF1A09EEE4F40FE6F70B0F070213E4AE0B9599CF6348B0EAC781225457
5759569411 21654 24416 7C20F6CF1A09EEE4F40FE6F70B0F070213E4AE0B9599CF6348B0EAC781225457
5760193528 30982 28536 7C20F6CF1A09EEE4F40FE6F70B0F070213E4AE0B9599CF6348B0EAC781225457
5756726011 47213 51259 6A31388FEBF3E0C449340484B210802182382894C6EAF0CFCDF26CFE2B4207EC
5752110053 40902 61038 7C20F6CF1A09EEE4F40FE6F70B0F070213E4AE0B9599CF6348B0EAC781225457
5757126654 20883 51786 72D8A4CBA21AEB8B74E02C133730F53D5882DFF845310F2A310463E31EC46CBA
5757985765 21323 19811 B85596E2B366528AFB07D253352F87625E17B1902C43623991C8F436156BABF4
5749614041 4991 44185 7AFDF763C2B8E8E17C1E81EE63F7CD0DC9E52A6CFA528C272B765758813B2D20
5754688530 56449 34934 A44AA6A8D949B3B1FCAE94BD1DFD2B1286FFC473A2302B6BD15B31B104EF3340
5753736897 60268 41283 7C20F6CF1A09EEE4F40FE6F70B0F070213E4AE0B9599CF6348B0EAC781225457
5750970288 55120 22499 7C20F6CF1A09EEE4F40FE6F70B0F070213E4AE0B9599CF6348B0EAC781225457
5752587661 27718 41411 7C20F6CF1A09EEE4F40FE6F70B0F070213E4AE0B9599CF6348B0EAC781225457
5760041140 21982 36645 7C20F6CF1A09EEE4F40FE6F70B0F070213E4AE0B9599CF6348B0EAC781225457
5755225428 9273 44083 A1781F16BD8E9132B0D53CF66F02CA1CA525ECED9610E3E42BAF35174CCED1B1
5749475171 29971 58918 31E4483952E8C2B708B6FE432F2989B98CA9F4A000DED478097A0464EACC16F7
5750635756 24038 45120 7C20F6CF1A09EEE4F40FE6F70B0F070213E4AE0B9599CF6348B0EAC781225457
5752849578 58184 44349 7C20F6CF1A09EEE4F40FE6F70B0F070213E4AE0B9599CF6348B0EAC781225457
5750082859 28335 52740 8312AA0AA6F888F97291E0F04A6B6F11BB4383A0316F03D1E9F3A6BE1559BE9D
5755813062 58041 15176 98DA62A6B4D1AC7DFF7EBEED154504253B67C04FE7488A18BCC4451AFD36463D
5757887439 24056 43833 7C20F6CF1A09EEE4F40FE6F70B0F070213E4AE0B9599CF6348B0EAC781225457
5756352569 23980 34075 7C20F6CF1A09EEE4F40FE6F70B0F070213E4AE0B9599CF6348B0EAC781225457
5749362588 52292 20143 7C20F6CF1A09EEE4F40FE6F70B0F070213E4AE0B9599CF6348B0EAC781225457
5753035345 40677 26626 B9F6457C3FC1E9DFD84DEB62F0801ED10D45238A0B8637763ED6C2A75DF5F3FB
5757166788 48160 5 B2E8D4E14FE1ADFC177DE5B89C7128448380A8B80CED383A8C670C3FC334F376
5760189641 34374 18920 7C20F6CF1A09EEE4F40FE6F70B0F070213E4AE0B9599CF6348B0EAC781225457
5756949180 41293 17157 6732E4BB233FF794BAD5B4A78D0698D1C1FC28605A78C9B560064EE9B6F614F3
5758918853 26769 40680 9DDA14D68FA143E00D2914F5BAE1FAA41AF5FB569BE8CDCC7F0B25BC8D687D69
5749685424 54396 29138 7C20F6CF1A09EEE4F40FE6F70B0F070213E4AE0B9599CF6348B0EAC781225457
5756555049 24133 62629 89DB27FFB701DD336863D54F31B8E3C0F6638EE2C952091C4F1FCACA7DD0F5C3
5752725091 14688 1866 7C20F6CF1A09EEE4F40FE6F70B0F070213E4AE0B9599CF6348B0EAC781225457
5757621273 38816 43521 7C20F6CF1A09EEE4F40FE6F70B0F070213E4AE0B9599CF6348B0EAC781225457
5751780564 35557 6663 256B99F118EB13C86448ED75FA4FEB95468B1E9D340116204301132ACEF6E5D3
5751784561 47258 29758 7C20F6CF1A09EEE4F40FE6F70B0F070213E4AE0B9599CF6348B0EAC781225457
5759800969 58038 65359 7C20F6CF1A09EEE4F40FE6F70B0F070213E4AE0B9599CF6348B0EAC781225457
5756060286 9892 47976 7C20F6CF1A09EEE4F40FE6F70B0F070213E4AE0B9599CF6348B0EAC781225457
5752397116 52020 56998 7C20F6CF1A09EEE4F40FE6F70B0F070213E4AE0B9599CF6348B0EAC781225457
5754047570 25312 34507 7C20F6CF1A09EEE4F40FE6F70B0F070213E4AE0B9599CF6348B0EAC781225457
5749717896 61722 38405 7C20F6CF1A09EEE4F40FE6F70B0F070213E4AE0B9599CF6348B0EAC781225457
5750131971 31611 32034 794FF5DDCC01D54A234D37183D5DBDEABBC6F914E6B7A98DA88A9C1895D07C1D
5755004857 42117 4272 E72558EEEEF3C228912D2A915F2858B09D72CFE53619AD6A2FE5E989104EF8A4
5754549685 22111 7371 B700F10353CC5D1DC3296D435BD8704E4854A0E92BDD5962B6BA07A0A68AFA09
5752455067 41541 55393 64855BC1A594380AC6638E2C7C0D249C3D7D9295280EA593E9492F3A3FE4053F
5755116625 18405 55469 0B7E48F3F9994A8776E87C14219B9EF81FE71D5278B23E38E2F3904B2310A297
5751786455 32313 31065 CFDCA04A5F5C5C01C9D1C15D1DC31D14F591E5C6C11E3521A931392A0BBAAB77
5755610715 3494 5638 7C20F6CF1A09EEE4F40FE6F70B0F070213E4AE0B9599CF6348B0EAC781225457
5754544010 17022 39462 7C20F6CF1A09EEE4F40FE6F70B0F070213E4AE0B9599CF6348B0EAC781225457
5750842777 48375 26166 3E14569D6CC679F60569D0AC7049B9835E3409F29294A4E4E214EE3262BB7432
5756060016 54725 63264 614B0786254F4F4E6F08A06EF1FA7ADAFEFA8370BC88C3F448E28C8D8C3CB126
5753066640 48729 51955 77F9B5FB3CDEEA78529EF132933C92194F4602EBD960AADC64CE7F4D8DA85EED
5756830586 54438 3617 7C20F6CF1A09EEE4F40FE6F70B0F070213E4AE0B9599CF6348B0EAC781225457
5754731701 43598 49964 7C20F6CF1A09EEE4F40FE6F70B0F070213E4AE0B9599CF6348B0EAC781225457
5749544770 16222 7283 7C20F6CF1A09EEE4F40FE6F70B0F070213E4AE0B9599CF6348B0EAC781225457
5754020552 64735 38920 0C52BD7DB39D748673479A5939C2502D4A55AB906C6DAAFD6D3DDAF40660EED7
5754295976 10918 37199 7C20F6CF1A09EEE4F40FE6F70B0F070213E4AE0B9599CF6348B0EAC781225457
5755596012 48201 20506 B15C5C50D9676B26C61AF95AD7CDDA2DF22002B0470FB46DB71C41E501FD0B74
5758969047 58512 37924 7C20F6CF1A09EEE4F40FE6F70B0F070213E4AE0B9599CF6348B0EAC781225457

Total of 0 tasks calculated error.
