Total of 100 tasks calculated correctly, accuracy 100.00% 
5804113672 58489 55422 AE786AD087D20C3A6075897CAEDA95C33033AC95543BDBDCCA86883D61BDD1C4
5796899120 14220 6418 7C20F6CF1A09EEE4F40FE6F70B0F070213E4AE0B9599CF6348B0EAC781225457
5806025885 17563 58205 134E0091301679C6170A2CD82BBC260BF8F46D6E9A1DF97BF77C658D8D71ACAE
5796649457 22639 31373 B9BEADFAD9D429067F8AF53C4BA08DD3C4884C0099FAA97EC001C11FD5709E08
5801805902 18789 18467 8DEBC4C3D53B44E7569C96A4523D0450FEA2EC58D6414F008E80FA78274BC865
5806690539 23909 55931 B8B04511C205B90E2E5439F237CFD521ACA9FC719B4B4FE23BCC9FB86E7AEE67
5797780823 7622 4651 7C20F6CF1A09EEE4F40FE6F70B0F070213E4AE0B9599CF6348B0EAC781225457
5803685565 28201 49588 79A1FECE4A441D444E3C616EA3EDCC0E054365137C35DC0E515D1E526D7E009D
5797741407 29283 64 0371F5F33F42948B2D3E69BFF28411F40AF188449296D1EE0683151538B5377F
5801817900 56406 2422 7C20F6CF1A09EEE4F40FE6F70B0F070213E4AE0B9599CF6348B0EAC781225457
5802843836 1445 38035 0736CC9FC1321786DB71648061A375F2A88315CC5132414A5D42A8753EF03A53
5803003041 38746 50264 7C20F6CF1A09EEE4F40FE6F70B0F070213E4AE0B9599CF6348B0EAC781225457
5796752244 60239 50537 16E8BAFB2D5139E335F320CBCF46211FC5FF3B754387B770C8ABD9F659172815
5803769849 461 56471 2A2DA8A0F8B8EACF03660D1E14E3BA4ACCE6256850D1706B4483A11D44D28A15
5804605745 6872 45474 7C20F6CF1A09EEE4F40FE6F70B0F070213E4AE0B9599CF6348B0EAC781225457
5805415547 29568 38552 7C20F6CF1A09EEE4F40FE6F70B0F070213E4AE0B9599CF6348B0EAC781225457
5800145731 11871 9525 A09D158CFB5AC5E800C333469957683029A20C677840C20813BD7946AF9BC6DF
5803355927 56056 38802 7C20F6CF1A09EEE4F40FE6F70B0F070213E4AE0B9599CF6348B0EAC781225457
5801746917 12657 53954 18E81F1C36C3D8B43493F30A306F4986CD40596C28A32EB29EC1F6D7BA12B2E0
5800018734 40083 20559 E83DEE6EB50A596B19AD5720B447B4D3A722F9DBBC86B57597089FC843A9E29E
5801816141 28013 44165 52B83C013E8D6BDF37D2F2226496E5D732314249B5EECF753B3B025FE8E30035
5796812160 24408 65024 7C20F6CF1A09EEE4F40FE6F70B0F070213E4AE0B9599CF6348B0EAC781225457
5802352969 13724 6313 7C20F6CF1A09EEE4F40FE6F70B0F070213E4AE0B9599CF6348B0EAC781225457
5797548149 3523 39366 D0369451F73910DE0FB5D663110A3D9261CFCB2A212071423716ECAF00B1466A
5800472000 46804 20890 7C20F6CF1A09EEE4F40FE6F70B0F070213E4AE0B9599CF6348B0EAC781225457
5797824770 1584 21945 7C20F6CF1A09EEE4F40FE6F70B0F070213E4AE0B9599CF6348B0EAC781225457
5805499679 20541 24926 991E82880221302F4023166A919AA4D0163D88DC32287A96BC5D199D2F6CB02F
5799909847 27476 4511 7C20F6CF1A09EEE4F40FE6F70B0F070213E4AE0B9599CF6348B0EAC781225457
5801169121 18945 38365 8B9302B9C45AA29D7F337FA5262BDB802B01B15181CA760F788B6F39C1BEE665
5805941266 7783 24082 77817F6259FBEF10F9613B2A15CA1A8687FCE87CC73F9058F64E252C454BAF4B
5798512386 54348 42025 7C20F6CF1A09EEE4F40FE6F70B0F070213E4AE0B9599CF6348B0EAC781225457
5802848294 15093 42208 951AB49DF313C575AFB090885522B4CA1FE8BA904E96D3C62A895AB38B67C9CF
5799641607 7526 37750 7C20F6CF1A09EEE4F40FE6F70B0F070213E4AE0B9599CF6348B0EAC781225457
5800891374 53130 30551 7C20F6CF1A09EEE4F40FE6F70B0F070213E4AE0B9599CF6348B0EAC781225457
5801065659 10226 38860 7C20F6CF1A09EEE4F40FE6F70B0F070213E4AE0B9599CF6348B0EAC781225457
5799479781 42686 16604 7C20F6CF1A09EEE4F40FE6F70B0F070213E4AE0B9599CF6348B0EAC781225457
5800177433 61307 46258 41CB5B1186CDF7A563403E1FE9B1E28F3682173E013E1B46229C187D09FB11BF
5807102994 55317 54316 4DE144486ECE10B8465CF95CFB870769258651645929A2EAA668D5099B21FDC2
5800685947 15226 61708 7C20F6CF1A09EEE4F40FE6F70B0F070213E4AE0B9599CF6348B0EAC781225457
5796820881 53313 32265 43620B2DD865091E2BAFF78DB6A14500C8F02B43B0261AF67D4F8F6EA8AA1CC7
5804269033 11145 57101 3EC99BD743F6A465373D0693FC01DB264E18C0D5A6F885D3234B29B6AFA2B6DB
5798971982 4758 789 7C20F6CF1A09EEE4F40FE6F70B0F070213E4AE0B9599CF6348B0EAC781225457
5802344564 49967 56450 81A2A15F060BF530D003C11CE14BC5D66E7789507F7A99EFD121B5FCAC3F8E93
5803486420 8994 14642 7C20F6CF1A09EEE4F40FE6F70B0F070213E4AE0B9599CF6348B0EAC781225457
5798759834 11977 16207 C1589BC5FEBC9E321C5632B156D0201806DED4BC62A3E51BC8EB596C113C7425
5807181544 5112 54582 7C20F6CF1A09EEE4F40FE6F70B0F070213E4AE0B9599CF6348B0EAC781225457
5802539742 7892 16602 7C20F6CF1A09EEE4F40FE6F70B0F070213E4AE0B9599CF6348B0EAC781225457
5803961309 26794 34262 7C20F6CF1A09EEE4F40FE6F70B0F070213E4AE0B9599CF6348B0EAC781225457
5797007794 52838 27929 7C20F6CF1A09EEE4F40FE6F70B0F070213E4AE0B9599CF6348B0EAC781225457
5807911503 52711 37925 3F6D931D3704EC69193913D7C66E67622AAA02FB737ECD34F87C418754A237F4
5800395678 61046 30346 7C20F6CF1A09EEE4F40FE6F70B0F070213E4AE0B9599CF6348B0EAC781225457
5804707035 9620 37883 7C20F6CF1A09EEE4F40FE6F70B0F070213E4AE0B9599CF6348B0EAC781225457
5801266554 33391 50108 19F02A057225E29B4BB85369B26D4A8F4F743161B529E201E36AFE79ABEBC843
5800164940 32336 21434 7C20F6CF1A09EEE4F40FE6F70B0F070213E4AE0B9599CF6348B0EAC781225457
5803292031 61093 56552 9F1BD1C9BAE52C2F2F576AAFE74C51FB87F8C10FD3727B29EAEF5E5551EE73C2
5802738599 37121 7202 6EBCEE784469A3BF88850FB5530164B19FC1DFD033E090351D5DC81DE4E39D7E
5802564409 20425 22394 E4191132DF0AE4B0692E9F4412BEF22615A360968D7355C58590B4866E78645C
5803693417 41455 19922 8B3A654A0A9AB402298F815FE40D26FA9830FA5F0586CF652025BD64A596F2EE
5801752456 2543 23151 D96B58B4BA10B324DA83CDFFC3D5E3739A855EC4CE121187D1C4EB4A28E4EC22
5799769592 39796 40851 7C20F6CF1A09EEE4F40FE6F70B0F070213E4AE0B9599CF6348B0EAC781225457
5799304670 60826 44964 7C20F6CF1A09EEE4F40FE6F70B0F070213E4AE0B9599CF6348B0EAC781225457
5796502994 55351 38438 D7C8F56A413C168C82D90C416FF12EFBB37C7EC368C383CA3975A414B1167229
5806556212 22172 38865 7C20F6CF1A09EEE4F40FE6F70B0F070213E4AE0B9599CF6348B0EAC781225457
5800981229 26376 10577 7C20F6CF1A09EEE4F40FE6F70B0F070213E4AE0B9599CF6348B0EAC781225457
5805700691 22172 44175 7C20F6CF1A09EEE4F40FE6F70B0F070213E4AE0B9599CF6348B0EAC781225457
5805645888 12471 24310 341DEE44874872A67BDADFFD5792193FB499380A67E37E5AB063D00821EEC7C8
5801313672 11269 50319 563F4ABA59E94415B7AF1C804EB98D87280DD9B8C05A1734E1D0889A3B32808E
5804219811 31380 45439 7C20F6CF1A09EEE4F40FE6F70B0F070213E4AE0B9599CF6348B0EAC781225457
5804883623 14664 38098 7C20F6CF1A09EEE4F40FE6F70B0F070213E4AE0B9599CF6348B0EAC781225457
5796513538 55142 25482 7C20F6CF1A09EEE4F40FE6F70B0F070213E4AE0B9599CF6348B0EAC781225457
5797524915 23351 2272 F8C919DEC1CBC55F25EF5DA644D9763F5E8252375BC13AA10E08E255D65C5D48
5806202505 22980 10127 7C20F6CF1A09EEE4F40FE6F70B0F070213E4AE0B9599CF6348B0EAC781225457
5806235012 4280 12624 7C20F6CF1A09EEE4F40FE6F70B0F070213E4AE0B9599CF6348B0EAC781225457
5807810366 50677 64413 BA17EADB4B7908F9C39C81D8FC27DD18B973B007D10B5E9D7E9864A0A5FBAA64
5806495924 26888 26061 7C20F6CF1A09EEE4F40FE6F70B0F070213E4AE0B9599CF6348B0EAC781225457
5800334311 28033 7083 881E01B57681CABFF2E09850F4E98D80CE03CD463F521E98721CD3FB74F092FD
5802293833 3378 18164 7C20F6CF1A09EEE4F40FE6F70B0F070213E4AE0B9599CF6348B0EAC781225457
5799269331 29053 57307 F8BBCD6DFB6D92DFC51590504E1D736929B57AF60D75D56F0ADE4EE117C6D2F9
5803385968 33274 51695 7C20F6CF1A09EEE4F40FE6F70B0F070213E4AE0B9599CF6348B0EAC781225457
5801208201 35895 29324 09440BDCF5AB85298903A2409AFF55113EC93FE184913C1439CB69FC0FFD91A5
5801005520 26317 55400 628539AF3B6680FC2141F10296B491454E8BE1957EB3F89ECC7F7515FFE0CB3A
5801566566 52581 25059 C195E2840F5411C1860A3DB3EB63CFD5190DD0CFCF2ABDB398A8D0E6670F9E5F
5797970299 40416 18783 7C20F6CF1A09EEE4F40FE6F70B0F070213E4AE0B9599CF6348B0EAC781225457
5798875591 6173 32873 59360E515FBEA6EC2B8227215BA580562166EEEF5D477749A534FFAC83D35D8D
5798005359 21854 56399 7C20F6CF1A09EEE4F40FE6F70B0F070213E4AE0B9599CF6348B0EAC781225457
5800471531 26247 7205 376DB3BBFED23FC7C1D4A8EE782646C65B96B7159E23DABCAB1EC5C77B759395
5799635128 21046 21203 7C20F6CF1A09EEE4F40FE6F70B0F070213E4AE0B9599CF6348B0EAC781225457
5804520709 18988 29745 7C20F6CF1A09EEE4F40FE6F70B0F070213E4AE0B9599CF6348B0EAC781225457
5804474078 53209 25527 8E4EB904058F3880CABF1A1B37D95737B87CA7B29E6A63568D9530680FAC4E2C
5796774843 13570 19341 7C20F6CF1A09EEE4F40FE6F70B0F070213E4AE0B9599CF6348B0EAC781225457
5802655363 32445 13250 D2E65CCB72642DE81B9F25342BA1D809F96DCCA7C08998FCCC1EC9062AA067EF
5801634200 11215 59118 D1BF41A544777E05C0F7CD28F27104B010D38D183A1D33E546A21C876CA36720
5800652001 24877 13248 32AFB9C49E99B59E5F7E562F7C1D3AFACDECE70E904FE7D6016A12531A6F6814
5804618539 2696 26160 7C20F6CF1A09EEE4F40FE6F70B0F070213E4AE0B9599CF6348B0EAC781225457
5800497403 65002 12795 7C20F6CF1A09EEE4F40FE6F70B0F070213E4AE0B9599CF6348B0EAC781225457
5805349955 35712 60148 7C20F6CF1A09EEE4F40FE6F70B0F070213E4AE0B9599CF6348B0EAC781225457
5801502512 12550 30359 7C20F6CF1A09EEE4F40FE6F70B0F070213E4AE0B9599CF6348B0EAC781225457
5807112016 43765 49324 E9D3686BBE9213A3ADB58F0D5AA36A1C71FE3D3EF6345332A603C342A24E8524
5807227993 15904 3015 7C20F6CF1A09EEE4F40FE6F70B0F070213E4AE0B9599CF6348B0EAC781225457
5804668954 17635 24031 3EFE36B04F76F38DEA46786E0DD8F230950E9A9637F9C2B417135320D86679E4

Total of 0 tasks calculated error.
