Total of 100 tasks calculated correctly, accuracy 100.00% 
5845450888 2914 29243 7C20F6CF1A09EEE4F40FE6F70B0F070213E4AE0B9599CF6348B0EAC781225457
5853959141 14039 57093 8E11BC86037B23827954930E77E915352302EB3C6DF953DF8E79184FE9E7AF06
5853746812 30476 17941 7C20F6CF1A09EEE4F40FE6F70B0F070213E4AE0B9599CF6348B0EAC781225457
5849265469 55067 365 037687C910CED6178E1E356F98EA2647FBE832311CA89F0A8DF7BAB36EE1B13E
5845729624 9965 33082 0EFB47B8080D647E7106BE8DA0A437F00553FE7BF03FC62A0620EA5938E83092
5854338699 11666 21441 7C20F6CF1A09EEE4F40FE6F70B0F070213E4AE0B9599CF6348B0EAC781225457
5851824059 52557 63383 69A0E8B4452094813156D088282C1F20B9F557493E180CF043393C7FDEFFD696
5848091327 40292 44500 7C20F6CF1A09EEE4F40FE6F70B0F070213E4AE0B9599CF6348B0EAC781225457
5845144344 47241 21760 EC64E8503512090A0023E57CA068FC26B30DD0BA238120F4F9E3940F07A391C9
5854350666 13637 6468 8AFCEF22DFCAD36941582A29565403FDB80AA239FCCF6926EFFF2331F609FF19
5848746688 50568 44653 7C20F6CF1A09EEE4F40FE6F70B0F070213E4AE0B9599CF6348B0EAC781225457
5848472087 44480 52914 7C20F6CF1A09EEE4F40FE6F70B0F070213E4AE0B9599CF6348B0EAC781225457
5855036129 12784 36815 7C20F6CF1A09EEE4F40FE6F70B0F070213E4AE0B9599CF6348B0EAC781225457
5845916573 37198 61992 7C20F6CF1A09EEE4F40FE6F70B0F070213E4AE0B9599CF6348B0EAC781225457
5853043420 29694 7704 7C20F6CF1A09EEE4F40FE6F70B0F070213E4AE0B9599CF6348B0EAC781225457
5847727328 51900 19196 7C20F6CF1A09EEE4F40FE6F70B0F070213E4AE0B9599CF6348B0EAC781225457
5850808907 57799 55948 250039512591E66240F02F9905E1857CC80651A53AEBCA6D3154A45C8C1D9ECD
5850324763 63522 189 7C20F6CF1A09EEE4F40FE6F70B0F070213E4AE0B9599CF6348B0EAC781225457
5849320547 22340 35871 7C20F6CF1A09EEE4F40FE6F70B0F070213E4AE0B9599CF6348B0EAC781225457
5852378510 64641 47126 9282C8600DC0C8DBBBA49B7E4D441D442310588906145B7EC7D95F25ED8C31DE
5845424974 59080 31282 7C20F6CF1A09EEE4F40FE6F70B0F070213E4AE0B9599CF6348B0EAC781225457
5847903668 32106 46364 7C20F6CF1A09EEE4F40FE6F70B0F070213E4AE0B9599CF6348B0EAC781225457
5844704891 5309 64391 D98A7E37F844370FB4ED0767FBCA53FB9309AAB7F480B318FBD355604CA26DB8
5849487462 7078 18598 7C20F6CF1A09EEE4F40FE6F70B0F070213E4AE0B9599CF6348B0EAC781225457
5852434532 23137 52039 6596BA4C9EE22F4421371A1D39FD4952AC7146B11C196B6C1C28C631196BA6CD
5850941740 63849 7621 F30EA26D4226DC53D1DABF3F935F1F6103DF8F5F5B589A00B78B99DC0FA6BE11
5846643341 63249 64445 3D653C5D8FC8CB601FE0BB967906275F6C69D49F0A41F7EC97A8CCA0D706AB59
5849849885 39403 23672 7574247243BC35263744A0EA75614D40CBE75A86F95860AEF4747AE26CCAC980
5853306905 9614 45515 7C20F6CF1A09EEE4F40FE6F70B0F070213E4AE0B9599CF6348B0EAC781225457
5850951669 25215 54416 28D20EF574DAD5778134CEB110782FE5FC5A8306BF9022696460313D792B3580
5850452669 41141 34 1CA992CCD45994C6DB1A04820E74DC5B396F8E245EE27AF5FD9E3F3593728F73
5854630213 52568 37265 7C20F6CF1A09EEE4F40FE6F70B0F070213E4AE0B9599CF6348B0EAC781225457
5845973696 54568 50148 7C20F6CF1A09EEE4F40FE6F70B0F070213E4AE0B9599CF6348B0EAC781225457
5855134387 56918 27408 7C20F6CF1A09EEE4F40FE6F70B0F070213E4AE0B9599CF6348B0EAC781225457
5853336865 45890 47931 7C20F6CF1A09EEE4F40FE6F70B0F070213E4AE0B9599CF6348B0EAC781225457
5851591725 32973 32058 8D77B22D0FB2808954FB338BB89F7E7104B519CD512F18949682731BCB823CFA
5852193889 56099 51304 F2C52813123DA111BB6A0A71E6B7CDFE715D102C3FDA148DA4A1460ACCA5BA71
5848964233 45909 32362 8F56D04FA271208D217AA1A2B001A436F40C079B1F2C2572BAAEC016A58397E6
5854238030 47876 10778 7C20F6CF1A09EEE4F40FE6F70B0F070213E4AE0B9599CF6348B0EAC781225457
5856155103 20023 25049 B938CC5770C197A02DA420DBED0FC7A0636230107BE35D7EFB0A87EC29461A48
5847726357 46810 46687 7C20F6CF1A09EEE4F40FE6F70B0F070213E4AE0B9599CF6348B0EAC781225457
5855198201 17238 23978 7C20F6CF1A09EEE4F40FE6F70B0F070213E4AE0B9599CF6348B0EAC781225457
5848648687 65158 47341 7C20F6CF1A09EEE4F40FE6F70B0F070213E4AE0B9599CF6348B0EAC781225457
5846535930 22362 45085 7C20F6CF1A09EEE4F40FE6F70B0F070213E4AE0B9599CF6348B0EAC781225457
5852787714 25668 53628 7C20F6CF1A09EEE4F40FE6F70B0F070213E4AE0B9599CF6348B0EAC781225457
5855498644 46830 60966 7C20F6CF1A09EEE4F40FE6F70B0F070213E4AE0B9599CF6348B0EAC781225457
5850479540 44009 6912 E75617CAC15324E003383BFD94F7B829576CBC198C94FCD3A350A0AB7683C609
5848797585 27294 64952 7C20F6CF1A09EEE4F40FE6F70B0F070213E4AE0B9599CF6348B0EAC781225457
5849253214 44499 59016 EAF0FA742978887E21DFB559D82AC5AD946B1FCC189E9FF1756125564C8CF045
5854583306 58712 11454 7C20F6CF1A09EEE4F40FE6F70B0F070213E4AE0B9599CF6348B0EAC781225457
5846826195 27905 10198 2499D342AACDAEC121F81B7057FB56E8500DBE96E96F99C3E96C92D692778D99
5845361329 50364 24161 7C20F6CF1A09EEE4F40FE6F70B0F070213E4AE0B9599CF6348B0EAC781225457
5847279559 42653 62166 19A3EA2ADB48A762AEB8569766F9327FB3C3BA0B101F6333F29685788AE6A21F
5856292311 3324 29866 7C20F6CF1A09EEE4F40FE6F70B0F070213E4AE0B9599CF6348B0EAC781225457
5856281547 53560 58358 7C20F6CF1A09EEE4F40FE6F70B0F070213E4AE0B9599CF6348B0EAC781225457
5849199936 14701 50851 C7D0809EDFB7FAD601377BDAE6DFE738589285902C40C8DB4803BADF0D5615D3
5848716222 33560 56797 7C20F6CF1A09EEE4F40FE6F70B0F070213E4AE0B9599CF6348B0EAC781225457
5851082471 49130 59173 7C20F6CF1A09EEE4F40FE6F70B0F070213E4AE0B9599CF6348B0EAC781225457
5846258949 2050 61628 7C20F6CF1A09EEE4F40FE6F70B0F070213E4AE0B9599CF6348B0EAC781225457
5854359608 22696 41731 7C20F6CF1A09EEE4F40FE6F70B0F070213E4AE0B9599CF6348B0EAC781225457
5851538511 48781 59197 139CF0795E1370C03E6D212FB0828709E1751CDD85B85B17C2C366587BC862E3
5849305339 32826 52871 7C20F6CF1A09EEE4F40FE6F70B0F070213E4AE0B9599CF6348B0EAC781225457
5851821379 4603 19437 EC59180577D10738249537D2414C0AEBE5733D0ECA111A380C9E49562D266377
5849615235 16925 24141 FA974AEC4C7C5CE32AE84A7FD4E109F14376750AA8DB775EFEB956E535235C3E
5845068657 41888 41979 7C20F6CF1A09EEE4F40FE6F70B0F070213E4AE0B9599CF6348B0EAC781225457
5848814734 58709 59758 6122730C4A21B97AEC713934D51092A06910BE4ED03925FAE19B167DBCB03EF1
5856297300 23787 64724 0CE08913E401F5B72C581F6DC0BA21931243FC5BD9B9B4A50B3DF45C1097EA10
5846189119 39675 57114 322ECF8ECC8CA78843D379D281BECEDBFF0873ED8CF3F0E60FEA47634679E2B3
5856040407 62192 34799 7C20F6CF1A09EEE4F40FE6F70B0F070213E4AE0B9599CF6348B0EAC781225457
5847309367 29656 5055 7C20F6CF1A09EEE4F40FE6F70B0F070213E4AE0B9599CF6348B0EAC781225457
5850135101 53888 34615 7C20F6CF1A09EEE4F40FE6F70B0F070213E4AE0B9599CF6348B0EAC781225457
5848342720 1016 10663 7C20F6CF1A09EEE4F40FE6F70B0F070213E4AE0B9599CF6348B0EAC781225457
5855118225 11414 47979 7C20F6CF1A09EEE4F40FE6F70B0F070213E4AE0B9599CF6348B0EAC781225457
5855118751 25500 41317 7C20F6CF1A09EEE4F40FE6F70B0F070213E4AE0B9599CF6348B0EAC781225457
5849631106 46471 59396 681D2BB9BD0F7F437741E8D662B47559519442071E481B1059F0A5BB6252F666
5853511462 62253 7122 2A5BEFCDA3F746475CE22FAFE0936ED76B4C7BD931667D763B0DA6C101267D1B
5844693690 2096 12847 7C20F6CF1A09EEE4F40FE6F70B0F070213E4AE0B9599CF6348B0EAC781225457
5849644742 25883 44858 E953EA20A2E08A032399CC7FCB3E68C01D6A39B6CBC0DB98A5069FB0585C8C7D
5855201950 19675 25939 4C8C10A49D71F499940180BC5667F45EBE4784A76D7FA4B20A6BC6D1E17C24DA
5851968385 63255 41646 7ED31AEDD41B06D0D916E8AFE1915BB77FA37D575BB4E4E4ACBEE2EE3274C60D
5851425127 39719 918 D5D82B3DA80BC8530665E04B68EA2622C5971A0C69E9E9C9B70F11F13F717F81
5846359906 40825 23576 35E5BBC4EC68A47CBEDC47E2546B086BADE1A30BD444BEEEAC05E3BE36A8C055
5846751709 19282 45704 7C20F6CF1A09EEE4F40FE6F70B0F070213E4AE0B9599CF6348B0EAC781225457
5853556852 7004 9210 7C20F6CF1A09EEE4F40FE6F70B0F070213E4AE0B9599CF6348B0EAC781225457
5848399392 39979 64812 0FCB278387BC1281CE14BECA06D48E56E96B88A2D0CACC3348941FD5CEB34F49
5851288112 39145 16923 32BE65852848A2556F4F3E8AC3448DD0B3FC9F2C03B6A86006C7CA51ECFB3895
5853130724 57754 57545 7C20F6CF1A09EEE4F40FE6F70B0F070213E4AE0B9599CF6348B0EAC781225457
5846781213 5049 60879 8E073AD339E8B15B618F80BEA1D3776AC1E65104828C7EFECDB122E0355748B1
5853308479 9427 51489 C515E3EB9393761E23B6FE4D0626B7F564DB99CCBEBEF4C5891C3C795E1ACBF5
5850739325 28082 27914 7C20F6CF1A09EEE4F40FE6F70B0F070213E4AE0B9599CF6348B0EAC781225457
5845073895 51224 46270 7C20F6CF1A09EEE4F40FE6F70B0F070213E4AE0B9599CF6348B0EAC781225457
5849874748 54353 61497 E2AC1BD4CBBB8685A538DD94B3454D43B2AC0FE9F2E65490EB5ECAB6E7EAC60E
5845029904 46878 50878 7C20F6CF1A09EEE4F40FE6F70B0F070213E4AE0B9599CF6348B0EAC781225457
5846361510 9356 37891 7C20F6CF1A09EEE4F40FE6F70B0F070213E4AE0B9599CF6348B0EAC781225457
5852656384 53990 37192 7C20F6CF1A09EEE4F40FE6F70B0F070213E4AE0B9599CF6348B0EAC781225457
5847687936 54675 23550 EA1548A13A8782862E725199A450065B2278C40DA6BE09E91331D3F630E408C8
5850620695 48817 13724 E2BBBFA21B15D91A509923981EEAD6A6EBAB503B7AE143CF15A5918EF1C14EB3
5849863527 55420 1810 7C20F6CF1A09EEE4F40FE6F70B0F070213E4AE0B9599CF6348B0EAC781225457
5851735258 34492 57425 7C20F6CF1A09EEE4F40FE6F70B0F070213E4AE0B9599CF6348B0EAC781225457
5846096079 57103 58337 3DC1665D58DC15A311DFBC077039B95B4719AAAFB6C0709C4D4F6C8416DFE4B6

Total of 0 tasks calculated error.
