Total of 100 tasks calculated correctly, accuracy 100.00% 
5869009663 5105 17471 679556C795EDF70C0D6C7749717D99A6B6F1153F2203B851D764AF5D1DC83A62
5868668200 3628 46815 7C20F6CF1A09EEE4F40FE6F70B0F070213E4AE0B9599CF6348B0EAC781225457
5880147438 51398 41186 7C20F6CF1A09EEE4F40FE6F70B0F070213E4AE0B9599CF6348B0EAC781225457
5879253918 19797 18665 F8C68D60B84AD931106155417CD0F94C746654A52EE3108295B3FFF34406CC70
5871966467 61637 2602 D06D1026A937788579B3C46460E7F2322FBDD4716A8ECACCCD01CEC78B163D44
5878824354 64621 7771 F575E71AE4D39800381AAC94815A332A6C0269953BB5899BE26361AD347A8F83
5873819079 32818 3479 7C20F6CF1A09EEE4F40FE6F70B0F070213E4AE0B9599CF6348B0EAC781225457
5871773202 44044 11469 7C20F6CF1A09EEE4F40FE6F70B0F070213E4AE0B9599CF6348B0EAC781225457
5875441783 32744 26101 7C20F6CF1A09EEE4F40FE6F70B0F070213E4AE0B9599CF6348B0EAC781225457
5871332647 47317 16343 0BBB20ECE974D61042300F4BBBFC8D7349B4A56705F1212CA8D7C9F2BE6D6255
5878813574 45363 47807 3198751853BB556B1E8A9A4FDFE92E2864671628E734C59AE6698343EB71A3FA
5876118652 50335 59819 D06B83C2B81D7D37E09B85E5DF6CF9DDB5999D5A267FB6186107D29A4E3A0A4C
5876833874 39826 61150 7C20F6CF1A09EEE4F40FE6F70B0F070213E4AE0B9599CF6348B0EAC781225457
5876037236 1667 43485 CD9CEBF05BC0FF13888B30EB3D21713B1C1FA4F335023AE083A48D36CB40C081
5878214013 26588 60068 7C20F6CF1A09EEE4F40FE6F70B0F070213E4AE0B9599CF6348B0EAC781225457
5870141991 48704 25519 7C20F6CF1A09EEE4F40FE6F70B0F070213E4AE0B9599CF6348B0EAC781225457
5873721959 52721 12658 C27A6564101119CAD83475ADFB8505CDB02C29CCD4E4074B491EB5D21F73B49E
5874952681 42053 5356 6F68FACEED50FBD20AD9D8F08FE94F1855F03A96C5F8267112BB2EA231A90AAD
5879544765 28689 60444 90569CFA3C4C8F64DE07118B13A862A086270FD4D2B6EF344B52FC8AC0A0977A
5872279179 30260 64469 7C20F6CF1A09EEE4F40FE6F70B0F070213E4AE0B9599CF6348B0EAC781225457
5878333640 30882 35660 7C20F6CF1A09EEE4F40FE6F70B0F070213E4AE0B9599CF6348B0EAC781225457
5871768486 41681 24059 234BAEAAE6CFF6CF5A77D4221CF15AC198D4BF9F86BAF6E4134487B8C1FC53F5
5868719747 24940 10126 7C20F6CF1A09EEE4F40FE6F70B0F070213E4AE0B9599CF6348B0EAC781225457
5875862513 39824 55602 7C20F6CF1A09EEE4F40FE6F70B0F070213E4AE0B9599CF6348B0EAC781225457
5877553135 62978 27573 7C20F6CF1A09EEE4F40FE6F70B0F070213E4AE0B9599CF6348B0EAC781225457
5877284730 14555 50265 CB2AE2EAE2BACF0F4D69F0B10F1B4BED4F47D3B90F5D5BD561702ADC2747A7B2
5872580137 29660 20993 7C20F6CF1A09EEE4F40FE6F70B0F070213E4AE0B9599CF6348B0EAC781225457
5880098644 60527 62231 DCEBC76D004279E14F90D09C050CBEBD64A3C06F5B7BF0B32CDA4481B5B0BA2E
5872805234 62921 35729 FA52817E8963B3DB75F7B6F30CE79538CE397AB76C198A099B44E6D5B0107890
5868775578 714 12186 7C20F6CF1A09EEE4F40FE6F70B0F070213E4AE0B9599CF6348B0EAC781225457
5876602271 33109 16520 6E6ECA25D7A3D909C0FD74302B2F37E3780F6AFC23971B9254FACF2042E1633A
5878470879 13514 43957 7C20F6CF1A09EEE4F40FE6F70B0F070213E4AE0B9599CF6348B0EAC781225457
5876947962 6510 29820 7C20F6CF1A09EEE4F40FE6F70B0F070213E4AE0B9599CF6348B0EAC781225457
5869756542 8825 52468 C6395B6B074F3F79A2090F896F4CCE0731A51527372E2AE04323C8FB7613D66A
5874164665 32837 3383 04670BF07993D640B54D7BB7BD0F9BCFB68F1F600D0F2C5B66805C9415DB1E99
5874154169 64551 29370 A66F0F7E9A6FA169EF513BCE0503E1AD2AF44B3F5E4B5C2BBF6014F6941FD31D
5873035373 46150 15290 7C20F6CF1A09EEE4F40FE6F70B0F070213E4AE0B9599CF6348B0EAC781225457
5878337047 27345 38934 9A8E7F12EF8E180508DA209A014CDCD0555693FDE29CA20C2825DCEDC8605C6B
5875619832 65524 45329 7C20F6CF1A09EEE4F40FE6F70B0F070213E4AE0B9599CF6348B0EAC781225457
5870661638 49565 62443 3D8231B2A0D52A7F5AEB3578FF815CD361D40828013806568FCDD21100A741E1
5871942410 27731 4270 90928747F5DC728B52AECCBD11C014009C72EAEDBCBAFBCA7740053F07843CF8
5878610861 47580 1650 7C20F6CF1A09EEE4F40FE6F70B0F070213E4AE0B9599CF6348B0EAC781225457
5869023021 41672 56960 7C20F6CF1A09EEE4F40FE6F70B0F070213E4AE0B9599CF6348B0EAC781225457
5871505764 13860 18903 7C20F6CF1A09EEE4F40FE6F70B0F070213E4AE0B9599CF6348B0EAC781225457
5869566993 62121 30541 9848F31E7866A03C2D2898223BCEA6076610A44F6B40B66E01AEC1DC416BC34F
5873923046 22816 61835 7C20F6CF1A09EEE4F40FE6F70B0F070213E4AE0B9599CF6348B0EAC781225457
5875626916 53418 53305 7C20F6CF1A09EEE4F40FE6F70B0F070213E4AE0B9599CF6348B0EAC781225457
5879533206 47383 12749 4506DB34EC439AA57B62D1D70D8481E11E90F6FF3B4E7D5171D6DAE1C5CB7488
5870183758 40349 45452 B6975EC4B3D549CE242803279A8A9F6DEE0D1F2DE042CDB3230132ED4462DF0F
5877175741 29273 64328 1CFEE4086EE5751435B4F84319EBFCF22868BA25E1E8602073AA3B7566448A01
5875207932 60950 7685 7C20F6CF1A09EEE4F40FE6F70B0F070213E4AE0B9599CF6348B0EAC781225457
5875901265 54955 20865 CC30A3BE39C906535267BFBF3EACAD636DBFCAF4F1A5D02A3784AFF20169C955
5879818818 41399 984 8FBF1EA24C5F9768EEB952A37678BA837E6B8D37962F5910921BA3786C0F394D
5870979426 59072 16107 7C20F6CF1A09EEE4F40FE6F70B0F070213E4AE0B9599CF6348B0EAC781225457
5879594073 11632 716 7C20F6CF1A09EEE4F40FE6F70B0F070213E4AE0B9599CF6348B0EAC781225457
5871797831 64468 14145 7C20F6CF1A09EEE4F40FE6F70B0F070213E4AE0B9599CF6348B0EAC781225457
5873672676 50065 31409 5952750DB9458034B131D3FFDF44FA2696C0E253096ACEEDF487D0CB2DC25C9C
5871665574 40838 53193 7C20F6CF1A09EEE4F40FE6F70B0F070213E4AE0B9599CF6348B0EAC781225457
5880082640 6067 47974 12D8B1C242144F55A504E755B6D36D6EED1B3E826EBEA6FC0220593B26C60025
5878372201 23489 57858 56F15D56AD5BA4C748200EFA2CAF040C31C42ABEF84BC746A2D9C38A391266EE
5870887193 47362 12243 7C20F6CF1A09EEE4F40FE6F70B0F070213E4AE0B9599CF6348B0EAC781225457
5878489591 27695 23107 33A15939D7FB99E672E6336C996330370F170BFBA8AA269D842AEDEBD274EC85
5869221123 47108 33073 7C20F6CF1A09EEE4F40FE6F70B0F070213E4AE0B9599CF6348B0EAC781225457
5879252370 26741 27189 360AFB5FA7380951C0288188FC3E014ADF8DC7C9B62B611501157AA92A55C07D
5868786236 1125 50854 9054D2A8B79A6F48C2AA343B09F4A2486029F5C19DD08A8986D57EF9198B0E55
5871762641 39341 37240 963009E6726D25F9727B57F8B3D608336F7C9A770C0D6AC93E45F9144E523E93
5879288476 2670 56654 7C20F6CF1A09EEE4F40FE6F70B0F070213E4AE0B9599CF6348B0EAC781225457
5879671904 5544 5798 7C20F6CF1A09EEE4F40FE6F70B0F070213E4AE0B9599CF6348B0EAC781225457
5868598536 62675 26782 8D76A8326C3E31C78A064999EDCF9C4074D3F4A197027E3E3C466606FAF2B711
5869548828 31500 39723 7C20F6CF1A09EEE4F40FE6F70B0F070213E4AE0B9599CF6348B0EAC781225457
5869545521 1635 5703 E8AB3956AF132EF7987B5F90C0329C110D1682A6C185FCD58DC0A89BE76B1E43
5879811482 63831 13533 43F20AEC30E3649F54F8166B61AE157EED413059CE74A5899DA9177AA30EEBAD
5879294980 56154 2215 7C20F6CF1A09EEE4F40FE6F70B0F070213E4AE0B9599CF6348B0EAC781225457
5870603098 37746 2755 7C20F6CF1A09EEE4F40FE6F70B0F070213E4AE0B9599CF6348B0EAC781225457
5879931576 59277 49239 F3C8AA6B5A6C614AA0F2F13A78369BCC6F9367F6DFD0C03E2308863EB130C2DE
5876140866 14625 18973 365365E1BAEEBC866CF4C17EEB63F4A67D7F8690BF1BBE07855BBF3F6F0DE3F4
5880156659 33356 25623 7C20F6CF1A09EEE4F40FE6F70B0F070213E4AE0B9599CF6348B0EAC781225457
5874003116 49655 43397 159BE339A70FD5852E2CE5044C8AD81B225B456ECD6C7D098915D5D5650E0950
5871058188 8119 46575 085412B116FA992C1EDF00E677DEA1F87263622E8E1217BDA77C9D9F40FF2EED
5870266017 23791 29834 76B7945B5F88061C99D2615061426B0DB7E84E240E621722E8B614A18B5DEEA3
5874422790 27122 33215 7C20F6CF1A09EEE4F40FE6F70B0F070213E4AE0B9599CF6348B0EAC781225457
5869726060 2633 27104 0289A5A623F57684B4AE3BEC8D55875371AAECF37BDCC994FEC22E1695B47BDB
5871084236 62450 17043 7C20F6CF1A09EEE4F40FE6F70B0F070213E4AE0B9599CF6348B0EAC781225457
5879583277 22287 6058 D59EDA39CDB71C5DFFFA7C6803DE94DEA95FACE03EFCE2E07A74ECE2CC40033D
5871215842 55710 50203 7C20F6CF1A09EEE4F40FE6F70B0F070213E4AE0B9599CF6348B0EAC781225457
5869700408 14882 945 7C20F6CF1A09EEE4F40FE6F70B0F070213E4AE0B9599CF6348B0EAC781225457
5878454697 1437 45113 393C2B6F3C2E341B15D223AAB0CEE7E25B1AEF032F76468E74FB03FE370521D3
5877547964 16686 46282 7C20F6CF1A09EEE4F40FE6F70B0F070213E4AE0B9599CF6348B0EAC781225457
5878588786 19879 23222 0A037CEE83C6925EDDFA4BBA979475AF6F3393E7788B6EED967AB7DF68417713
5870887289 50416 51807 7C20F6CF1A09EEE4F40FE6F70B0F070213E4AE0B9599CF6348B0EAC781225457
5871339045 50752 58193 7C20F6CF1A09EEE4F40FE6F70B0F070213E4AE0B9599CF6348B0EAC781225457
5870018290 56099 29538 CA6EB2EA33984425E654055D7C9F48DBE5DF56B5098A8B6A444988963A07D0DB
5872181754 3525 41994 3BA13504A3A40A1928CD0C0605B6BFF09F834816392F8F45B6D376A485573D05
5872669408 9725 7895 3197ACAD2B7C395341FBD54B4FDFA934C12676E18C4A466D12C4E67D7F07E0B0
5877616778 61365 43860 86B0BE53DEA88CE94AD18D1ABA612C9AA91A57660A209405E611123D3807B38C
5872923241 56048 52291 7C20F6CF1A09EEE4F40FE6F70B0F070213E4AE0B9599CF6348B0EAC781225457
5874150815 38339 41537 3A218941AADFB47DF500BFE3B3402BE183044C24962D28266BCA60F0E5BF8BD4
5877202284 36254 46033 7C20F6CF1A09EEE4F40FE6F70B0F070213E4AE0B9599CF6348B0EAC781225457
5879308821 45129 53514 5F6EC817107EDDC73D76035CFDBE862AC34B4CD905925A957254B08436BAAF73
5875113172 63862 7781 7C20F6CF1A09EEE4F40FE6F70B0F070213E4AE0B9599CF6348B0EAC781225457

Total of 0 tasks calculated error.
