Total of 100 tasks calculated correctly, accuracy 100.00% 
5890964787 34793 45361 D2998BC8A537554F7DFFD6D69CE0CD868B5BBD916896456A48E6815CE51969E9
5886302819 20078 55129 7C20F6CF1A09EEE4F40FE6F70B0F070213E4AE0B9599CF6348B0EAC781225457
5883100097 25248 3490 7C20F6CF1A09EEE4F40FE6F70B0F070213E4AE0B9599CF6348B0EAC781225457
5882374920 49950 5894 7C20F6CF1A09EEE4F40FE6F70B0F070213E4AE0B9599CF6348B0EAC781225457
5888251772 26975 37246 0C77CB00233B11F724050825F80A81FCFA649F3BBF97CB83152D0B4D824CA706
5883248673 36436 52749 7C20F6CF1A09EEE4F40FE6F70B0F070213E4AE0B9599CF6348B0EAC781225457
5888095401 6638 7221 7C20F6CF1A09EEE4F40FE6F70B0F070213E4AE0B9599CF6348B0EAC781225457
5887915678 13705 59935 9663D6E44D0D02407634C1BF508C594CE93074D6F483A61AF382876FD3D2A869
5889205429 58691 35575 5EBCACFC137F4BAB0E4CABA707312FBC889AD374974A89467F2F297613D2DB73
5884326481 64143 5728 27C61798777107EE9E3E6F448D23EC9B2226A6DC2FD5AB7A2BD38C2190A582A6
5881826663 3724 5864 7C20F6CF1A09EEE4F40FE6F70B0F070213E4AE0B9599CF6348B0EAC781225457
5881939316 37792 33996 7C20F6CF1A09EEE4F40FE6F70B0F070213E4AE0B9599CF6348B0EAC781225457
5889338280 57103 25276 2EEF5D9AA7A0D9E8D6A884B9AB4D042CE8ABA24AD907E35B72127ABDB1505A0F
5881990860 2729 10827 8A277644BB04635690235088DD1E3AF0A703F41D789D9F2253A7CA88C021DB60
5886072637 25882 42879 7C20F6CF1A09EEE4F40FE6F70B0F070213E4AE0B9599CF6348B0EAC781225457
5881006339 2772 37805 7C20F6CF1A09EEE4F40FE6F70B0F070213E4AE0B9599CF6348B0EAC781225457
5885697280 52028 64647 7C20F6CF1A09EEE4F40FE6F70B0F070213E4AE0B9599CF6348B0EAC781225457
5889357389 45099 59493 4C78AF0BC98D74A4F1A3BB6432313E1EEF8687FFF1EA49B1B56AADF60D692B83
5889564335 15649 47457 8A2E847EF933742F91DF37A1362C86D6C52CC5DE2504FC283C87577C00F4D121
5890433495 41164 1341 7C20F6CF1A09EEE4F40FE6F70B0F070213E4AE0B9599CF6348B0EAC781225457
5885212227 34994 560 7C20F6CF1A09EEE4F40FE6F70B0F070213E4AE0B9599CF6348B0EAC781225457
5882655468 22890 42454 7C20F6CF1A09EEE4F40FE6F70B0F070213E4AE0B9599CF6348B0EAC781225457
5882495480 12871 5364 D75A89C772A0522D7D450A8730937E077F182D5F82C575E66DD01B392B9D752A
5885229896 54635 2893 02BE0395EC7708AC6C00FB0E3275BD8308D97E79E76CC9F4454FF9FAD0C08F1F
5884015999 61391 22869 A94B33C7EE057AA765CB96E305288998236A83A1CDD2443F152287370567F450
5880853349 40190 46846 7C20F6CF1A09EEE4F40FE6F70B0F070213E4AE0B9599CF6348B0EAC781225457
5883168984 41117 2027 39DC86D4BD0CD6530F53C47B7B6D049CEC823059F57961335B41D84B1A60A1BC
5883480308 61557 23093 1844297D5E52D4B8BB1480A885823548225EDB06839B38AD726AE7DF5EA44DB8
5887003747 15657 28745 BE85438B0CBCD211026893E8A2CA0FA6E77E7AB1AE78BC880F05CC5323E18797
5888400812 32264 58770 7C20F6CF1A09EEE4F40FE6F70B0F070213E4AE0B9599CF6348B0EAC781225457
5883276667 50693 46955 17858370C72741A49EE2D9D34010D20A771EC11598FA98354C8C649BA0F10D75
5885567295 61203 31695 2CC80624CD9A52F47CEB33C321DD4271B3C95FAB4A723542B29497235110AF04
5887738908 38915 9968 BB59013E8C2E35977DDD40616D34C297B85E5311B2ADF37BB920CA9182D65918
5890152451 8507 50624 057CD4171A6653CA3A6D8F419E99E83465BBE91FEEA8F3CBD073C0E012400D2E
5887784707 3515 9568 614BF5CE5BE338B57228BC37DBF6D44D1A4CB61DAE4A64F5DD7EF6022860B02E
5885427916 59866 20749 7C20F6CF1A09EEE4F40FE6F70B0F070213E4AE0B9599CF6348B0EAC781225457
5890047607 47705 41836 86406050C0E2368D11372FA4958B5EACFB73BBD6CB4A0BC805AC32ED5CABC1F1
5886148364 15056 15878 7C20F6CF1A09EEE4F40FE6F70B0F070213E4AE0B9599CF6348B0EAC781225457
5884647838 10658 33184 7C20F6CF1A09EEE4F40FE6F70B0F070213E4AE0B9599CF6348B0EAC781225457
5880915100 15832 60520 7C20F6CF1A09EEE4F40FE6F70B0F070213E4AE0B9599CF6348B0EAC781225457
5885245910 52851 56098 CE85E775F506F360D46F25BEF073516F02A9A29DC5DB4DA9CAA6189752164D43
5882456492 44934 55086 7C20F6CF1A09EEE4F40FE6F70B0F070213E4AE0B9599CF6348B0EAC781225457
5884288498 15706 579 7C20F6CF1A09EEE4F40FE6F70B0F070213E4AE0B9599CF6348B0EAC781225457
5886581691 56835 44525 293339A34840823ACC6BD56342B161C8D8688EB4864F387112C6012FFCEB48A4
5885417936 38135 50135 AC55DFDA4522637A1C076BA89E82F70A23EC9DDEDDCF47A9D39F363E26D0EE38
5889971261 15464 11737 7C20F6CF1A09EEE4F40FE6F70B0F070213E4AE0B9599CF6348B0EAC781225457
5889739598 61082 954 7C20F6CF1A09EEE4F40FE6F70B0F070213E4AE0B9599CF6348B0EAC781225457
5890289208 2889 12909 291736F2BE7E79F53E2571A9293B4CD9A36FBD37A5C1F0FD84B9BA650C5CF509
5880619311 9197 40146 0A7819E5D91C63A2CB4CC4D8147044B6F05BFAFA21B7812D84D38968E1C77197
5889521021 455 39517 1C73B39D71A201C7ED49800B7D488CECC43E87001DB4714A76841819DC0A32FC
5885228539 52716 64468 7C20F6CF1A09EEE4F40FE6F70B0F070213E4AE0B9599CF6348B0EAC781225457
5880940250 52965 14468 2838FD8BCAD01B6208FC5A306CEB68518794C8F99630727D11ECABA6A5B086A6
5885199539 22249 40159 96FF6040A3EDA92CE6D707AAAAF4E6DE0EDD23D4BC4DC8AD1883090080178CFC
5892169536 52864 16658 7C20F6CF1A09EEE4F40FE6F70B0F070213E4AE0B9599CF6348B0EAC781225457
5887815795 29198 22516 7C20F6CF1A09EEE4F40FE6F70B0F070213E4AE0B9599CF6348B0EAC781225457
5890738197 20267 58858 442E53BF79AAE5D6C8DC74662807DB28ADE52D558AF99CDC22A63C7224C94C60
5887288307 35380 64325 7C20F6CF1A09EEE4F40FE6F70B0F070213E4AE0B9599CF6348B0EAC781225457
5889840107 24777 4224 BA23E375A0632B788B7836F56121F3C5427D1CE865261354FED58DBB611DBC86
5888515325 60631 61444 732F2CDB7EAC2E9B44081AFF91BBD2F271F99117DF710A3C83A4B263C579C348
5882385341 5779 62496 88F6DECDB7133ECA8E93ABF0627B881D8C5F227F4EF2AD27AB813C7B82CFCD54
5888205580 45465 50436 2D990814BD004FB5154C909604EEAC5F0BD5FE4FFB032A68199A3E3DF298E35D
5885283452 59478 20916 7C20F6CF1A09EEE4F40FE6F70B0F070213E4AE0B9599CF6348B0EAC781225457
5891993088 12613 49224 A4C682ECC36B183848A2ED825940968E83D2E8F1BF351966E6B88A9C97193A46
5884074436 3849 46673 FDB3D2A8F28D349482859D9540C1423F8DAA4FDEB4123FC0F43BB4F64D261158
5881948425 17873 22217 2AD1E4D1C218F068B7CCB6667F960009CE63A314B449944EAB714E67AF780C0F
5885502678 8430 7104 7C20F6CF1A09EEE4F40FE6F70B0F070213E4AE0B9599CF6348B0EAC781225457
5881612190 57759 36528 843E5DC489296EE3EDA8D219E29E16944C48C5D25ACB18FDDE37DCC80419BA72
5881737880 54202 37037 7C20F6CF1A09EEE4F40FE6F70B0F070213E4AE0B9599CF6348B0EAC781225457
5882018017 45931 39486 6C05FE75A84C3FB5727188B0833AC76CE36516D4651C7B2AA6696C8B0460D285
5884921021 42205 65090 5017620020C54F87489CF4C258888FB619BD3EF453A2378E85729907A310AB32
5891038240 57445 46886 D830259EB918CF6815961E1208F22DC877B24BC87774DC45D67B96693D5B936E
5892064581 29525 24856 043ED4627519BCFC6A681E42FDEA48AC834B031769EBD294A76D2AA4513F60EB
5889421138 65063 9618 B27584580B6B579B8AB0FFF695B82195A88334D8B45B0448DED8223199D58647
5887111100 54415 65281 B7A9649F8794AD1428136B0ECBB472DF6FD79C5F9B40C9818D31D01918DAFF0D
5885157862 34993 19969 3E8E6B85806777AF5DF0E890B54FCBDFBAB5AB4C581148B6CD2DE0D03C8E5DBA
5883818488 53801 3794 DC33FEF5D02ADB4D660890D78ACF949BBD224DA8887922148B0E51E1F8DE5A8E
5891542158 18551 41171 36383589699CB42760E2D9899B9A29798B6D0EF7AEF29AE9B1E0B99A8D975B3E
5888010479 379 39753 E44596FC90E6B6C88D64EA3280767974600801AE924B7F268C2D2A3614AEC621
5892360933 20363 14559 47CBC8239AD0DEB70BF8BA3881A7617B949ED3FDC20BDD11EAA7BC1FCB5D791B
5892056881 7100 29556 7C20F6CF1A09EEE4F40FE6F70B0F070213E4AE0B9599CF6348B0EAC781225457
5886482521 53260 59217 7C20F6CF1A09EEE4F40FE6F70B0F070213E4AE0B9599CF6348B0EAC781225457
5882121031 27880 32706 7C20F6CF1A09EEE4F40FE6F70B0F070213E4AE0B9599CF6348B0EAC781225457
5881259928 65523 59073 70FD97FBBB809B41223E76AE20B254CA50237CC8FB916BBF218AA9C972CDF57A
5884055793 64662 53718 7C20F6CF1A09EEE4F40FE6F70B0F070213E4AE0B9599CF6348B0EAC781225457
5887298146 1885 61484 9987A4327BAD5A2ED1B1ABC155793B65A7FCC5324D15DD53E8BD5EC260015F4D
5889989273 45023 33970 AEFBDF171545A6596799B5AD91EB372423AEB37D31B340D16DDD03F3BB95285A
5887283808 57844 47214 7C20F6CF1A09EEE4F40FE6F70B0F070213E4AE0B9599CF6348B0EAC781225457
5884955872 53488 38788 7C20F6CF1A09EEE4F40FE6F70B0F070213E4AE0B9599CF6348B0EAC781225457
5881780036 20084 42165 7C20F6CF1A09EEE4F40FE6F70B0F070213E4AE0B9599CF6348B0EAC781225457
5883596291 30036 14227 7C20F6CF1A09EEE4F40FE6F70B0F070213E4AE0B9599CF6348B0EAC781225457
5884623022 47780 30392 7C20F6CF1A09EEE4F40FE6F70B0F070213E4AE0B9599CF6348B0EAC781225457
5886943422 1627 33104 A0A6E480280166AAA61306EBEA9AE8F9598F3382367C89A241AEAAF3237E4908
5885058154 39440 20530 7C20F6CF1A09EEE4F40FE6F70B0F070213E4AE0B9599CF6348B0EAC781225457
5885011243 20261 39644 47F747C212E52A0720F7F3015B0FD21BA3818DA7F05BF98F5C0921E0BE08268B
5892084683 62674 24008 7C20F6CF1A09EEE4F40FE6F70B0F070213E4AE0B9599CF6348B0EAC781225457
5887222452 51382 6652 7C20F6CF1A09EEE4F40FE6F70B0F070213E4AE0B9599CF6348B0EAC781225457
5889689245 41822 7073 7C20F6CF1A09EEE4F40FE6F70B0F070213E4AE0B9599CF6348B0EAC781225457
5886991520 37507 35034 3AA7DB746B0A16C55F3A2787B440F10D5DD362E3282D4CBC78EC588F57BBDC49
5882024802 37210 30742 7C20F6CF1A09EEE4F40FE6F70B0F070213E4AE0B9599CF6348B0EAC781225457
5883039939 63189 44504 E29361BE65EE45CA12AE358E18D3B7EDF31701DE23AAD27E989CE85BAD3050A3

Total of 0 tasks calculated error.
