Total of 100 tasks calculated correctly, accuracy 100.00% 
5923209684 27402 50431 7C20F6CF1A09EEE4F40FE6F70B0F070213E4AE0B9599CF6348B0EAC781225457
5921918716 9314 22885 7C20F6CF1A09EEE4F40FE6F70B0F070213E4AE0B9599CF6348B0EAC781225457
5924942054 35336 41608 7C20F6CF1A09EEE4F40FE6F70B0F070213E4AE0B9599CF6348B0EAC781225457
5920237666 28376 26715 7C20F6CF1A09EEE4F40FE6F70B0F070213E4AE0B9599CF6348B0EAC781225457
5920655619 58588 35579 7C20F6CF1A09EEE4F40FE6F70B0F070213E4AE0B9599CF6348B0EAC781225457
5926991997 12534 20682 7C20F6CF1A09EEE4F40FE6F70B0F070213E4AE0B9599CF6348B0EAC781225457
5925957895 30174 47368 7C20F6CF1A09EEE4F40FE6F70B0F070213E4AE0B9599CF6348B0EAC781225457
5926943748 17414 22588 7C20F6CF1A09EEE4F40FE6F70B0F070213E4AE0B9599CF6348B0EAC781225457
5917835680 57519 49298 49D47E122BF767B881C8C1470A94061A1898D0ED6A6F2661BEADA1519293B37E
5919174718 35514 64240 7C20F6CF1A09EEE4F40FE6F70B0F070213E4AE0B9599CF6348B0EAC781225457
5920962740 3502 9697 7C20F6CF1A09EEE4F40FE6F70B0F070213E4AE0B9599CF6348B0EAC781225457
5925988233 60422 38375 7C20F6CF1A09EEE4F40FE6F70B0F070213E4AE0B9599CF6348B0EAC781225457
5918212150 29965 3393 B596F27C946F47927F4D3A80270A783C9AC92BAD7D934BDE8AA1798DE21C2F36
5920648510 30881 63027 5DA348C45CB9661518F60732550F44B16F200EC4316A191D87FCCBCD2EBEF760
5926783485 10644 62861 7C20F6CF1A09EEE4F40FE6F70B0F070213E4AE0B9599CF6348B0EAC781225457
5922064869 21105 54683 E7810D162AEF128DDFB815E65B0276304817DA6AC9445FCB65F4C0E9C0C154C0
5926587505 58937 54295 F6FC64561AE598BA717631C9BC9D6FBCD01A5A157A1CF98891A56BB3730F548E
5924767827 1766 14606 7C20F6CF1A09EEE4F40FE6F70B0F070213E4AE0B9599CF6348B0EAC781225457
5922095464 47662 46947 7C20F6CF1A09EEE4F40FE6F70B0F070213E4AE0B9599CF6348B0EAC781225457
5923686045 36757 28080 69B8239AF80109371CAE432681E6FAB77D9A4819CB9E3AB11031492FC5AC302C
5919364835 10580 9742 7C20F6CF1A09EEE4F40FE6F70B0F070213E4AE0B9599CF6348B0EAC781225457
5927552824 61510 6517 7C20F6CF1A09EEE4F40FE6F70B0F070213E4AE0B9599CF6348B0EAC781225457
5920263731 27663 37461 C035EDBF89B811835723B8F80CF05EC6033223C75F9AA2EC0A2FC720FC144AB4
5924062989 31355 10896 7F52406F8C4C653667D3B90D72D6BF2729C6CDB9C325BC632ED9CEF716FE6402
5921093024 471 22995 9CCF9933B58271FF4B997B9FA9D243C2462D4720DF72D035DC76C56BF13994E7
5918511643 42516 26895 7C20F6CF1A09EEE4F40FE6F70B0F070213E4AE0B9599CF6348B0EAC781225457
5920580041 36774 61787 7C20F6CF1A09EEE4F40FE6F70B0F070213E4AE0B9599CF6348B0EAC781225457
5917553630 62606 46456 7C20F6CF1A09EEE4F40FE6F70B0F070213E4AE0B9599CF6348B0EAC781225457
5917304558 23331 56790 F70ADAB894B736159D6B9DB408ECE0B16CD58FB955F3AAD45D6AA29A04999442
5926946571 25336 62875 7C20F6CF1A09EEE4F40FE6F70B0F070213E4AE0B9599CF6348B0EAC781225457
5922611505 19399 59953 D244DC3122526FCB40EBD270CA6EB6D54C6CE9BADD190F8E19FAB2526E1A909E
5919661388 8382 42216 7C20F6CF1A09EEE4F40FE6F70B0F070213E4AE0B9599CF6348B0EAC781225457
5918825615 3023 49849 05273BC681426729A774F75921A57E68294B4CF1486ED598464A2F7BB4CF89EF
5924406195 41622 27668 7C20F6CF1A09EEE4F40FE6F70B0F070213E4AE0B9599CF6348B0EAC781225457
5917384805 32671 37702 12C524C78C67EEA0597991B5CEF32AA7F591FB658FC2286C98014C9D19E953FB
5925520644 42090 45412 7C20F6CF1A09EEE4F40FE6F70B0F070213E4AE0B9599CF6348B0EAC781225457
5920592036 20786 14304 7C20F6CF1A09EEE4F40FE6F70B0F070213E4AE0B9599CF6348B0EAC781225457
5919988369 57213 5130 89FFE26E139E5D3D90ECED3F4A34CF2EC4F642EF3F02620EB660C6BC98A5F6EF
5919078523 24246 43375 7C20F6CF1A09EEE4F40FE6F70B0F070213E4AE0B9599CF6348B0EAC781225457
5922887222 25991 57163 7EAB617A712FCE77445A1B1D0C7D9E3BA37171893C225D462FBBB6B1EC0752C0
5918998190 59976 17368 7C20F6CF1A09EEE4F40FE6F70B0F070213E4AE0B9599CF6348B0EAC781225457
5922305271 28929 38506 8AEAC0E140AFB4AE1E865A1220A79915975482EB0C38A6BD46EEFA559702FDB3
5922706614 58136 35750 7C20F6CF1A09EEE4F40FE6F70B0F070213E4AE0B9599CF6348B0EAC781225457
5921049067 24399 8121 CCD8F7BFECEA288216434F09CFA56A325F2B2F17EA2AB36098CC30213F9EC40A
5926579518 32615 4879 964CB9985E77E0797FC1E868C4A9AD740745065D97A328817A201E87DDAB825C
5921870323 42659 7979 DFA5CDA3C9B28E95FD90EC985AB2C2A93EDF3AC0CD408DB1F6D37D78473A18AF
5925787759 14325 58887 B11B9551BD2CFF4C18F0590940545B730A54F5E221CBA8945F301BD0C64550FD
5921720761 48742 52526 7C20F6CF1A09EEE4F40FE6F70B0F070213E4AE0B9599CF6348B0EAC781225457
5922766869 27918 48987 7C20F6CF1A09EEE4F40FE6F70B0F070213E4AE0B9599CF6348B0EAC781225457
5925798099 2843 27660 295876BA970156BDC18B6F2114C195457A891015CF3A428AEA12C1FBB6E20250
5921527985 33168 34087 7C20F6CF1A09EEE4F40FE6F70B0F070213E4AE0B9599CF6348B0EAC781225457
5927096394 65497 25905 5C2C598E5E0145CA56A18BA953BAAE6EFEDC19C89E0C1C946CA78279FEBAA4BC
5919055434 40277 375 B551F8BF04EE69D6AC5CF687F49940F67CFF48E34861B042F3AF10FFC39D7028
5924576952 42167 45669 E8CC0010D815C2FDEC545E779F90E0212344AE73D1AF2E8869262238173772F1
5918739642 56417 5079 E6EB36F04BCBA1BF04E4F92FBB315B40ADB455D1743E4F7955DB13901904946F
5928030313 44970 62749 7C20F6CF1A09EEE4F40FE6F70B0F070213E4AE0B9599CF6348B0EAC781225457
5918720749 48589 21756 14A2AFD160174F64E5917CAA8CC2034113851486C40EFB62F66AC93E5B2E14B2
5923731519 41667 131 7DC9BBE85213101A9800CE3490A705216CC293E5EF711674EEAF8DF1952140EB
5925426708 47835 61966 A362460C8895CFA047492CB18E4BA35BC1758F920C18749B3D7B923913757D26
5918869234 32345 60072 D582DEEDED172FF16F4E4F41130175B6B2C3B04205444D2549A8DB382DE44389
5927525562 48990 50000 7C20F6CF1A09EEE4F40FE6F70B0F070213E4AE0B9599CF6348B0EAC781225457
5925235731 54166 13108 7C20F6CF1A09EEE4F40FE6F70B0F070213E4AE0B9599CF6348B0EAC781225457
5920627655 29448 56353 7C20F6CF1A09EEE4F40FE6F70B0F070213E4AE0B9599CF6348B0EAC781225457
5922226633 1757 27538 66B57593CEF436934F90BCEF87A9FE04749980A195DB0C6A5EABE8EF2A968DCE
5926614560 15451 5343 5AE1F4CDF40CCB959721CAEA283945FC217DFB3A7B7431214E9C49472FD9A5BE
5926739933 25240 63614 7C20F6CF1A09EEE4F40FE6F70B0F070213E4AE0B9599CF6348B0EAC781225457
5917689655 54878 9221 7C20F6CF1A09EEE4F40FE6F70B0F070213E4AE0B9599CF6348B0EAC781225457
5927460038 58977 25877 D41E4EB9D1B20D646E48DC54EDBF5FC1D03E166774F919F3BECA37CEA4FBD319
5923444108 25350 20172 7C20F6CF1A09EEE4F40FE6F70B0F070213E4AE0B9599CF6348B0EAC781225457
5918589298 17192 5095 7C20F6CF1A09EEE4F40FE6F70B0F070213E4AE0B9599CF6348B0EAC781225457
5917962457 49387 26339 6D081C9E67008B823CF938312FA3EC552FBA40775D8BEEC8FE7111781EA5186E
5921246386 27606 60430 7C20F6CF1A09EEE4F40FE6F70B0F070213E4AE0B9599CF6348B0EAC781225457
5916812274 56738 51383 7C20F6CF1A09EEE4F40FE6F70B0F070213E4AE0B9599CF6348B0EAC781225457
5923799262 39127 19403 A71BC0AEDA374E1F8187FEA1733B741148342719C4B26682142F298AA17A071A
5921296575 5880 31746 7C20F6CF1A09EEE4F40FE6F70B0F070213E4AE0B9599CF6348B0EAC781225457
5926910656 47219 53730 815FCE9C5E732BAF4D4EAB38461564EE4D3AE41DFBFF7DD06AA74BDE263635FB
5926996369 32153 24339 EC0F0B1ECB59624A6334C36BCB9560384849984F5C313F9A5E86A022C65355E2
5925002313 55623 6363 A856245DB8C31904306F6D7619B04EA33DC3DCF54D94BC41E409858EF65FB23E
5925039613 35393 22825 4B62336E1162F4FA1550817451804AF25187D11649A5950C360C1136C06DB0A5
5924271523 24843 40239 F67000C6C2103586CB67B8AC0237DE85B3EE2ACD801C9D18C38A0EC93A1355AF
5916961905 17795 63669 6032E06030C0496875B01ED10FA1138FAC5054CE1ADEAA2D38DF865CBAECE821
5919967204 21739 2507 99286B8647054820733AD1DAC31507C825E2EBC3301CDB86FF841766E727E948
5924536445 18888 42744 7C20F6CF1A09EEE4F40FE6F70B0F070213E4AE0B9599CF6348B0EAC781225457
5917665983 35965 26916 0F52C198426631249E832813B5F5C7AAC9992DB6FE0BC1242DD264C2380D8403
5922102755 58425 61388 8C266B3CAFF95AADE836B7906F07A479ED2865854198030F45EF1A29632C1BB8
5925624884 31055 55414 34E3640FA08CC67477FA661695F12A990EAD17B0C4F8E866E777541DD90ACB44
5927099940 59305 16976 AA692356B618BE563AE6A1BD7B887F51DA157A8038DDFFCA3F3183B441BF6D75
5920975033 40649 9741 80866C81B6F0546EE96A1EA902AA63DC531BB2CF0994DD07D36A03CA83EDD138
5918971876 41700 60479 7C20F6CF1A09EEE4F40FE6F70B0F070213E4AE0B9599CF6348B0EAC781225457
5923626769 43752 43057 7C20F6CF1A09EEE4F40FE6F70B0F070213E4AE0B9599CF6348B0EAC781225457
5925068643 13375 8400 D73AA7881BB7B149E453F38F06CF11D7A3E60E0DC2DEE5F747C33C8F9C153F92
5920840456 12839 30920 5F723B80915294DDB642E61C37BAD6E29CC46E927B8BA596A440B0EABE614E70
5917662187 23026 27204 7C20F6CF1A09EEE4F40FE6F70B0F070213E4AE0B9599CF6348B0EAC781225457
5927311316 23990 506 7C20F6CF1A09EEE4F40FE6F70B0F070213E4AE0B9599CF6348B0EAC781225457
5921712612 54371 34988 74E8756915E890E0505BEA9B975D3A17FB21B7D97531191621DAA3C4430D5EBB
5927044413 25146 1349 7C20F6CF1A09EEE4F40FE6F70B0F070213E4AE0B9599CF6348B0EAC781225457
5922649116 19494 55686 7C20F6CF1A09EEE4F40FE6F70B0F070213E4AE0B9599CF6348B0EAC781225457
5926436706 48241 47905 D684C7E0F69E9266E96B452F151EBAB937480E12D098C115BC9001C7F42D19CF
5917266605 15899 21759 A5CC22B2659100298C8A86339B45141D723BCC003E2CBE205D9C46CE570B4864
5923372374 14197 31234 9619B3ECC1ECBCCC38564C400475E8F2F18AF059B652DD54578EA07FE0868AE8

Total of 0 tasks calculated error.
