Total of 100 tasks calculated correctly, accuracy 100.00% 
5955554716 18887 23640 3016D0C235ED844E17FB62831978C24BB357FBB34044D2614822056B57247724
5956041856 27106 23484 7C20F6CF1A09EEE4F40FE6F70B0F070213E4AE0B9599CF6348B0EAC781225457
5963624747 11112 33069 7C20F6CF1A09EEE4F40FE6F70B0F070213E4AE0B9599CF6348B0EAC781225457
5953134075 46780 56464 7C20F6CF1A09EEE4F40FE6F70B0F070213E4AE0B9599CF6348B0EAC781225457
5962233928 61530 42209 7C20F6CF1A09EEE4F40FE6F70B0F070213E4AE0B9599CF6348B0EAC781225457
5953049037 23512 7958 7C20F6CF1A09EEE4F40FE6F70B0F070213E4AE0B9599CF6348B0EAC781225457
5958283677 3374 41755 7C20F6CF1A09EEE4F40FE6F70B0F070213E4AE0B9599CF6348B0EAC781225457
5959678461 41706 11556 7C20F6CF1A09EEE4F40FE6F70B0F070213E4AE0B9599CF6348B0EAC781225457
5955788349 35202 38607 7C20F6CF1A09EEE4F40FE6F70B0F070213E4AE0B9599CF6348B0EAC781225457
5958206158 30728 23176 7C20F6CF1A09EEE4F40FE6F70B0F070213E4AE0B9599CF6348B0EAC781225457
5957629401 36473 20120 80C8E4C442DB3D4C83A8BD6FC5A6221A84AA79C10D0F0C4C9399454D2AB5AF0B
5959252733 28568 39409 7C20F6CF1A09EEE4F40FE6F70B0F070213E4AE0B9599CF6348B0EAC781225457
5958925286 56033 25281 9542BC81A03635A7B1501442F25C7860DC214AA933ABFFE71BD0CBB47E78F196
5954794873 63561 38316 F433F45F466E5D946FC9F6D3ECBAA7D2190C0962C47EB44FD613E1E6F53FA4E8
5955606601 45817 44029 E426383FA944AC2739C6D75442F5476454F359AAAD173348E86955FE4D7F57C3
5954331112 61979 61494 866A8734C6BE98B19519F2DD8F5D6868A41C9FA15D5F5032ECB42A0D059383AF
5959732905 53900 65291 7C20F6CF1A09EEE4F40FE6F70B0F070213E4AE0B9599CF6348B0EAC781225457
5954443341 53835 36188 E44560CC3ACB5EB22BCCAED4882B3406FBFA6CEA5212C23DC6267643D23B24D7
5960702069 62702 23504 7C20F6CF1A09EEE4F40FE6F70B0F070213E4AE0B9599CF6348B0EAC781225457
5962553544 42603 54038 85C4753E56C406F4D8C3E8ADB510B0702AADED747784E727566724291ABDF851
5959966937 63973 6244 777FAC1767B0F4CC372FE468C52DDB24787072B51A7D7F9D8E52D92A65D1BEC8
5961132189 44161 52565 98CD64A361AE72154E1DCAB71FD327F3829570B910F8E413358CE345192FEEBE
5957970645 48647 1035 69EDCCF17729A0F105D11E37D14969D59098BAF6FBED85EE74AD8660B2A639C6
5955835523 11668 58249 7C20F6CF1A09EEE4F40FE6F70B0F070213E4AE0B9599CF6348B0EAC781225457
5954694947 53624 52064 7C20F6CF1A09EEE4F40FE6F70B0F070213E4AE0B9599CF6348B0EAC781225457
5963288261 7693 30175 55E7005A12C9FFE867FD0CAF594634ED6668F0D564B07C2F7D29BAE02FFF9B66
5961922189 34045 45432 A03A2C293B7942C0781F305505A3AD749AFFA03D83904A556CEFC857FEDC6880
5955192266 26139 9578 73E28D81B570BA431B99501EEF12C67E70D0D528842152C5C231A2869CC4077B
5956378310 34552 39657 7C20F6CF1A09EEE4F40FE6F70B0F070213E4AE0B9599CF6348B0EAC781225457
5961742594 17934 21339 7C20F6CF1A09EEE4F40FE6F70B0F070213E4AE0B9599CF6348B0EAC781225457
5962292013 14392 15517 7C20F6CF1A09EEE4F40FE6F70B0F070213E4AE0B9599CF6348B0EAC781225457
5952838987 50095 3578 C63FE19AB3426BCFDF6EE160D6FFE2A1689824316A86B9C0D06BF1AE3F6A6517
5956956262 45512 37496 7C20F6CF1A09EEE4F40FE6F70B0F070213E4AE0B9599CF6348B0EAC781225457
5958385295 26284 61059 7C20F6CF1A09EEE4F40FE6F70B0F070213E4AE0B9599CF6348B0EAC781225457
5960844833 20715 13269 D7AD5192C47EC99A00DD8990893B98DCA0C0EA2B7BCB34E1E03F9A1FAA0D3970
5954083826 32145 40407 C99DC7075C3F8257492EC9494E486D3F4D587349702BDC0811873CFE3EB0C421
5964113521 38046 25569 7C20F6CF1A09EEE4F40FE6F70B0F070213E4AE0B9599CF6348B0EAC781225457
5963695192 1469 19692 2812CC5D94504839888512EFC3C4DB6EA97AE265FA4F7117C774E75F63B06E6F
5957436912 42561 1187 BB7BAF747D9DD34811A95B11FD1A6F8614EA08F0CCD11493896C6F74D9C11CD4
5959353439 64190 39227 7C20F6CF1A09EEE4F40FE6F70B0F070213E4AE0B9599CF6348B0EAC781225457
5960957629 56968 6244 7C20F6CF1A09EEE4F40FE6F70B0F070213E4AE0B9599CF6348B0EAC781225457
5962430607 44389 29743 1B21F5495A8EE8B4E06CB4633C4E90F6D391F323BE253700EB0AA81F1B9F486A
5957328405 16103 10973 7CC20C7999ED2A9A1E2FFE96A8D9F224D94D6532D4334F364D4BA1A6F01C0DFD
5955024798 11426 54256 7C20F6CF1A09EEE4F40FE6F70B0F070213E4AE0B9599CF6348B0EAC781225457
5960096632 24949 17854 2FB504F4690FFB59E490FC366D6061BE5C834E488B8B7149729AAEA1B454BB24
5963216581 6085 19678 5D07FF62DED37EF73379E1032D8B8B84A1CA1018A63AC87A6E0968C5762C8197
5957570073 14915 36718 BB94CF57C150E962637709F7960B2FBF08EE8E52AF07A4C54766AD2C40B0C86A
5954068100 65458 55149 7C20F6CF1A09EEE4F40FE6F70B0F070213E4AE0B9599CF6348B0EAC781225457
5954283361 29282 10371 7C20F6CF1A09EEE4F40FE6F70B0F070213E4AE0B9599CF6348B0EAC781225457
5954469227 47990 42769 7C20F6CF1A09EEE4F40FE6F70B0F070213E4AE0B9599CF6348B0EAC781225457
5953339515 45458 14621 7C20F6CF1A09EEE4F40FE6F70B0F070213E4AE0B9599CF6348B0EAC781225457
5959915368 31211 13996 DA6E17B8CC371F35EF2866214DAB31B0F913FA6D5A1D642E66DB0157C25CFE3E
5962388472 1047 1783 E355D13F1DFEB2AC6BD3005A7F53D64EF88F17E1BA0CA91E60342F93D3E6B396
5952622076 30128 61948 7C20F6CF1A09EEE4F40FE6F70B0F070213E4AE0B9599CF6348B0EAC781225457
5954887234 35178 32788 7C20F6CF1A09EEE4F40FE6F70B0F070213E4AE0B9599CF6348B0EAC781225457
5953270235 26630 39255 7C20F6CF1A09EEE4F40FE6F70B0F070213E4AE0B9599CF6348B0EAC781225457
5953424059 1818 61117 7C20F6CF1A09EEE4F40FE6F70B0F070213E4AE0B9599CF6348B0EAC781225457
5961651150 39571 31168 E59D4C05AD5C95C6DADE64CBF1714A37E2C607EDB822A002378633E71386849C
5953130750 53723 53124 2CD093F3CF14A3A6F3773DEB9F011B0FBA3B004EABA63E308EC9FB473842C620
5963968151 37287 7862 83B6FD66EC1F21BC90905CBEAD48B495B2936F8CAD4F5834D766D0315A369C3E
5955736535 65348 40216 7C20F6CF1A09EEE4F40FE6F70B0F070213E4AE0B9599CF6348B0EAC781225457
5956948687 16329 37043 8C18120C2B5D9383D148565689C708E5685684C080639F05FA6BB0EF5C49673E
5952877421 26106 21444 7C20F6CF1A09EEE4F40FE6F70B0F070213E4AE0B9599CF6348B0EAC781225457
5963000270 27871 39364 88D1394B23DCBB452B831DBCD6517DBFC20DC4FA5FC131E1DD3DDF99CA0F2AAB
5956363739 18403 4571 90009EC81F4AB0C90CC3075E3FDCF70F66265B40621CCA5645B2A9EFA3AEAD00
5958632563 26302 65264 7C20F6CF1A09EEE4F40FE6F70B0F070213E4AE0B9599CF6348B0EAC781225457
5959473507 49598 13860 7C20F6CF1A09EEE4F40FE6F70B0F070213E4AE0B9599CF6348B0EAC781225457
5960033482 54633 19926 4131C21A01B4C2255AF7119A65C88639D2D6751153F87914690C39958E3D17D5
5960434942 670 62345 7C20F6CF1A09EEE4F40FE6F70B0F070213E4AE0B9599CF6348B0EAC781225457
5958952543 36958 30541 7C20F6CF1A09EEE4F40FE6F70B0F070213E4AE0B9599CF6348B0EAC781225457
5963508865 54458 26821 7C20F6CF1A09EEE4F40FE6F70B0F070213E4AE0B9599CF6348B0EAC781225457
5955760142 39758 6307 7C20F6CF1A09EEE4F40FE6F70B0F070213E4AE0B9599CF6348B0EAC781225457
5956747048 14969 28529 3555B6273FF99D62EBC0EA9FE7D8776AC926D0317C4C22C9428CA93B50885DD4
5961624238 10749 44115 C76BAFAB78946B69E2C62651BBFC12CD3206174F9088D73B6DF8DD5AD521565A
5962953438 54849 42759 0C91A0080C728713E1BC6AD4785D74275A2A904869EF379130E12ADCC216C410
5962293919 62978 52021 7C20F6CF1A09EEE4F40FE6F70B0F070213E4AE0B9599CF6348B0EAC781225457
5958610924 50660 22494 7C20F6CF1A09EEE4F40FE6F70B0F070213E4AE0B9599CF6348B0EAC781225457
5954231627 57366 58586 7C20F6CF1A09EEE4F40FE6F70B0F070213E4AE0B9599CF6348B0EAC781225457
5960959886 46815 52511 60029BEA7F0089CE692ADB5995D5A6B25E230CBB7D2F492D976B9506C314293C
5959447868 6985 31268 1DA1A32B410567F6264B3E36A73AC9E8FAB75B20E4CC06E8143D92F530609FAA
5952867021 9986 27723 7C20F6CF1A09EEE4F40FE6F70B0F070213E4AE0B9599CF6348B0EAC781225457
5961114505 35496 9835 7C20F6CF1A09EEE4F40FE6F70B0F070213E4AE0B9599CF6348B0EAC781225457
5957821371 21027 15349 D45D40B74D0CF20E4CA8845739730D3F55D8202645E3CD0B4D7EE27D8AED3F01
5961064928 47932 42336 7C20F6CF1A09EEE4F40FE6F70B0F070213E4AE0B9599CF6348B0EAC781225457
5961051894 55713 51950 9646A7F5D77D396688B4805B62A2376B0B715EF25DEE8E33FF80BF7DB6BBE708
5959481519 10208 33882 7C20F6CF1A09EEE4F40FE6F70B0F070213E4AE0B9599CF6348B0EAC781225457
5956509675 21892 45265 7C20F6CF1A09EEE4F40FE6F70B0F070213E4AE0B9599CF6348B0EAC781225457
5953183587 18828 37980 7C20F6CF1A09EEE4F40FE6F70B0F070213E4AE0B9599CF6348B0EAC781225457
5953746431 54221 399 508A9CB09D9178067E9DB33A5016B3EE6A19018429DEAD2E9B2D9004211BB685
5953131877 31285 21985 E02333DE7213C3EBC3E4EFE694454517D9AE8187520E27AB20550C5B7DA4A81E
5957384214 62789 41097 D35CD42BBDF3CD8708558066565F3B4852CC04BE584890E778642ADD08FA4EC9
5956050890 6446 50726 7C20F6CF1A09EEE4F40FE6F70B0F070213E4AE0B9599CF6348B0EAC781225457
5954683270 3908 41023 7C20F6CF1A09EEE4F40FE6F70B0F070213E4AE0B9599CF6348B0EAC781225457
5957270149 21448 31834 7C20F6CF1A09EEE4F40FE6F70B0F070213E4AE0B9599CF6348B0EAC781225457
5962576848 50987 25967 9E46693AD2789BD910AF94664F560FB538BFB6C55E3CBCE7F06D408C1B65A6E0
5956300930 47850 22151 7C20F6CF1A09EEE4F40FE6F70B0F070213E4AE0B9599CF6348B0EAC781225457
5958791089 32136 13785 7C20F6CF1A09EEE4F40FE6F70B0F070213E4AE0B9599CF6348B0EAC781225457
5952667024 16139 46666 EEA5CF347117DF191FB576A953304B6E63A0FBD74BE199B8D35FEFAF54DACA88
5963147003 24815 10768 03AE1223A2B05D4F87F684DC81A8169CB0DC44DEE10B669DF07F2160C17B9530
5960577018 1254 42578 7C20F6CF1A09EEE4F40FE6F70B0F070213E4AE0B9599CF6348B0EAC781225457

Total of 0 tasks calculated error.
