Total of 100 tasks calculated correctly, accuracy 100.00% 
48794885 42717 54288 735B4F2931DD3198D82A55973E775389DC8AD3E3FDB7EDBFCF9F6774F8E5B283
52378357 32530 62774 7C20F6CF1A09EEE4F40FE6F70B0F070213E4AE0B9599CF6348B0EAC781225457
49147965 14844 6804 7C20F6CF1A09EEE4F40FE6F70B0F070213E4AE0B9599CF6348B0EAC781225457
48470394 35017 43627 04442D3328B9D6E0B8313C1B9CF8BD6D0321CC4F6AF997D6098AF4BFC17E4402
53680085 37350 20846 7C20F6CF1A09EEE4F40FE6F70B0F070213E4AE0B9599CF6348B0EAC781225457
54030304 58687 4970 68758E16352DD2842C13B016DCF3FEEB1AE2FD2E6259A9B640A5656284ECB8E2
53185043 34163 39098 E5F33AA729C7C69ED8C972CDFC7D094C88D6110C809B81791A188576A7C9BA73
52669142 51663 30306 CE7BA0B007B52442949C64B905AEAAA10C86CF03CB6D38AE0EF937C87C30327C
50168452 30033 55258 F99C10AAE0C5D684FF21D2DF76E23949646F09042389C9B82839D5A50DC15414
51044528 16826 17983 7C20F6CF1A09EEE4F40FE6F70B0F070213E4AE0B9599CF6348B0EAC781225457
54594990 33911 61862 5EEA45B6C5624903B3F3C9C3691D956C1BDDC5BA6143BB34DF42D04768C42C5F
58942415 46194 24904 7C20F6CF1A09EEE4F40FE6F70B0F070213E4AE0B9599CF6348B0EAC781225457
49488514 59229 17587 F7E515720E502799436D32A87EFCEDA28D23DB34BADF61518D22675061CFBF41
49265236 17293 17994 ECFA9EEF3664CC5A25809C3E1D0A2762FA2992B27E19A7F5C3D0DAE8FE70793A
50859244 50215 60869 F5F8B4952AF6D444FA8A06ABC2B438B9F3FFA54B365CD64C51E876D988FD2366
48421937 26924 50083 7C20F6CF1A09EEE4F40FE6F70B0F070213E4AE0B9599CF6348B0EAC781225457
58958528 21300 51027 7C20F6CF1A09EEE4F40FE6F70B0F070213E4AE0B9599CF6348B0EAC781225457
60036115 44440 47654 7C20F6CF1A09EEE4F40FE6F70B0F070213E4AE0B9599CF6348B0EAC781225457
58772506 21503 5564 C0A4332B16C1D3C64A7D10AA9124231FC8CF1EA5F2BD9A453DC5A4FCC031B897
59237880 49812 2920 7C20F6CF1A09EEE4F40FE6F70B0F070213E4AE0B9599CF6348B0EAC781225457
59085967 52966 61971 7C20F6CF1A09EEE4F40FE6F70B0F070213E4AE0B9599CF6348B0EAC781225457
58302454 50611 42729 ADB0D70EB61199DBFF46B46E1DB24074CCF724678B2F5241100D6C98437120EB
49128052 36711 50094 0C7A9DAAA4667DCC21D53137C2D27087B4C15CD38A15CED1232E365583522E1D
51623587 63368 55524 7C20F6CF1A09EEE4F40FE6F70B0F070213E4AE0B9599CF6348B0EAC781225457
52305095 42093 5136 B4E30597A9DCEC741824997CCF6C97C2D70EAA8C8A025ECEEA761E05B48DFBC7
55424523 15220 54509 7C20F6CF1A09EEE4F40FE6F70B0F070213E4AE0B9599CF6348B0EAC781225457
52157669 36711 402 9D12D467DA01C7C1C3C11A26122BD9AF9A1D32CD8E003BB84336DE6CF0EB39FA
48757398 2008 60982 7C20F6CF1A09EEE4F40FE6F70B0F070213E4AE0B9599CF6348B0EAC781225457
50910785 49074 36935 7C20F6CF1A09EEE4F40FE6F70B0F070213E4AE0B9599CF6348B0EAC781225457
60129730 64188 12446 7C20F6CF1A09EEE4F40FE6F70B0F070213E4AE0B9599CF6348B0EAC781225457
57129867 24652 17468 7C20F6CF1A09EEE4F40FE6F70B0F070213E4AE0B9599CF6348B0EAC781225457
49957750 616 26656 7C20F6CF1A09EEE4F40FE6F70B0F070213E4AE0B9599CF6348B0EAC781225457
48599756 29016 65402 7C20F6CF1A09EEE4F40FE6F70B0F070213E4AE0B9599CF6348B0EAC781225457
57408440 59019 6042 A512946158482B8E09C083D45A7F8227D96F7221C7D166114EC29F704B3E6305
56324238 13490 25328 7C20F6CF1A09EEE4F40FE6F70B0F070213E4AE0B9599CF6348B0EAC781225457
55264261 52526 57461 7C20F6CF1A09EEE4F40FE6F70B0F070213E4AE0B9599CF6348B0EAC781225457
52651513 20098 25764 7C20F6CF1A09EEE4F40FE6F70B0F070213E4AE0B9599CF6348B0EAC781225457
57335901 56518 16345 7C20F6CF1A09EEE4F40FE6F70B0F070213E4AE0B9599CF6348B0EAC781225457
54421118 38461 28899 B86C713E515172B1FAC66D5C041926EA20E64082B5F731D2BC64D1A0C562C96B
49051340 11153 12723 0294CF553BE985F81902B0411FF409A556023CD1BC1486F0CF902BF9DAC3D26B
56466598 15008 59463 7C20F6CF1A09EEE4F40FE6F70B0F070213E4AE0B9599CF6348B0EAC781225457
57343037 15572 5784 7C20F6CF1A09EEE4F40FE6F70B0F070213E4AE0B9599CF6348B0EAC781225457
60210431 20240 10228 7C20F6CF1A09EEE4F40FE6F70B0F070213E4AE0B9599CF6348B0EAC781225457
57839477 9457 22739 69B0E2377D42D2622650F4A02DF0CA0C607807C9B272626B318AE5250DE34A57
55443487 29200 2232 7C20F6CF1A09EEE4F40FE6F70B0F070213E4AE0B9599CF6348B0EAC781225457
54906655 2199 41003 87C02B490BD638669D416B77020A63A5FAAD16801C0D44D1C887FBDFE383658E
51913391 45453 914 5C1127D950DDFC4EAD2FE4533B0D0D339A84A6FC0F205A739890F9A2991E4247
58960229 63213 7829 9D4BFD7FAF749FDF6F205EBF3D868AD82FB7B977104D9F3BC759F63702BEBB39
54709896 53134 56549 7C20F6CF1A09EEE4F40FE6F70B0F070213E4AE0B9599CF6348B0EAC781225457
60114332 37037 58547 729953E57DC8B51DC5058B487EE2EA66BB54802E582A09CAE1244083DF4278B8
52729623 53634 2086 7C20F6CF1A09EEE4F40FE6F70B0F070213E4AE0B9599CF6348B0EAC781225457
59738269 53724 18014 7C20F6CF1A09EEE4F40FE6F70B0F070213E4AE0B9599CF6348B0EAC781225457
53121479 18005 16334 ED06BA0AC066502D94CB739D07AC012166D36814F282AAC1A196FBE04C1B1AB8
53148285 59592 32367 7C20F6CF1A09EEE4F40FE6F70B0F070213E4AE0B9599CF6348B0EAC781225457
51136746 12792 58582 7C20F6CF1A09EEE4F40FE6F70B0F070213E4AE0B9599CF6348B0EAC781225457
60160994 61774 25765 7C20F6CF1A09EEE4F40FE6F70B0F070213E4AE0B9599CF6348B0EAC781225457
54465892 42403 45243 B929F789FE65D66E9BA38B549DA5AE13D1D29E8AA0CF6AF0520ED2CD21B33BEE
52819465 7814 33389 7C20F6CF1A09EEE4F40FE6F70B0F070213E4AE0B9599CF6348B0EAC781225457
53899675 20045 21826 EBD681F6FE25B0296FD7A2A23CCEC55CD0B4AE9438DF1AFAD4F3A1DE0A1A77D4
58912847 63824 29612 7C20F6CF1A09EEE4F40FE6F70B0F070213E4AE0B9599CF6348B0EAC781225457
48919246 38142 10762 7C20F6CF1A09EEE4F40FE6F70B0F070213E4AE0B9599CF6348B0EAC781225457
60139396 34674 26677 7C20F6CF1A09EEE4F40FE6F70B0F070213E4AE0B9599CF6348B0EAC781225457
49355495 5708 58772 7C20F6CF1A09EEE4F40FE6F70B0F070213E4AE0B9599CF6348B0EAC781225457
54793298 51434 13697 7C20F6CF1A09EEE4F40FE6F70B0F070213E4AE0B9599CF6348B0EAC781225457
59375269 11159 44078 352F56BB3D5D4F2109C2C195446B6164D229D21A75ACD5B8C87951DC400096A3
60002992 59451 46165 0BE35606A538B4705E5995AE7EB219950228FD0BFA3D1AE235382B5288F8E71F
58993437 3846 22021 7C20F6CF1A09EEE4F40FE6F70B0F070213E4AE0B9599CF6348B0EAC781225457
54315921 33543 14526 FC5894781458750D4672E9DCF92A357957DFD1BBD1E1955F41E72B8C7BB005B9
56321315 44119 58295 CA505DE0D9ACA9C763ECD54DCC34391B6CE047213A99FA0F80284507BEE728E7
58831965 14560 16104 7C20F6CF1A09EEE4F40FE6F70B0F070213E4AE0B9599CF6348B0EAC781225457
54039523 34843 9930 86FA0D30C629087D8C179C25062E4338392FE74D129614AC81C7383F193DC0A7
52328437 58812 27110 7C20F6CF1A09EEE4F40FE6F70B0F070213E4AE0B9599CF6348B0EAC781225457
58996106 3966 21622 7C20F6CF1A09EEE4F40FE6F70B0F070213E4AE0B9599CF6348B0EAC781225457
58191031 36639 28930 F3927CAA6F1DC76ABB8B561A7ABC5B2BF688F53F2826D5A9B007F88F1A4A5803
58765831 25324 41313 7C20F6CF1A09EEE4F40FE6F70B0F070213E4AE0B9599CF6348B0EAC781225457
58508788 24322 35713 7C20F6CF1A09EEE4F40FE6F70B0F070213E4AE0B9599CF6348B0EAC781225457
50933596 2558 33097 7C20F6CF1A09EEE4F40FE6F70B0F070213E4AE0B9599CF6348B0EAC781225457
55454781 50504 12649 7C20F6CF1A09EEE4F40FE6F70B0F070213E4AE0B9599CF6348B0EAC781225457
52945223 65121 10495 5176CB3FE31C81B243CA9259F8678027B7BCACD01AE45FC2918F4B5A018DB1EC
52058098 48265 28822 3EFF22AD6D8BE9106880E64C980911ECD40AA79316D12E3B1311131FDEE999E5
52419011 17709 55046 8D226642CD9C185CC60F0C3F270E39228E5609280192771EC5F3AAFAC88F0945
52687550 53005 5825 FDAB2B51B83810B3E044FAD729C72DB4EB8DBC5EF1DF6EBC1EF1F06976B45509
49232473 44284 1559 7C20F6CF1A09EEE4F40FE6F70B0F070213E4AE0B9599CF6348B0EAC781225457
48652204 50247 63802 DEEEAF3BC657B480B8F6521E66A9A0F293555B8EE3B6390C99780152BE2A5820
48518295 64564 33954 7C20F6CF1A09EEE4F40FE6F70B0F070213E4AE0B9599CF6348B0EAC781225457
57549397 3632 48597 7C20F6CF1A09EEE4F40FE6F70B0F070213E4AE0B9599CF6348B0EAC781225457
51601071 45228 4161 7C20F6CF1A09EEE4F40FE6F70B0F070213E4AE0B9599CF6348B0EAC781225457
57488928 48240 28009 7C20F6CF1A09EEE4F40FE6F70B0F070213E4AE0B9599CF6348B0EAC781225457
54175596 11014 13061 7C20F6CF1A09EEE4F40FE6F70B0F070213E4AE0B9599CF6348B0EAC781225457
52033259 6349 855 398D9B84967B8ECC607D971FB37ADAEC4B0E1E3256B2C2ACB60FFCB6FAB7EE8F
53957705 38112 15323 7C20F6CF1A09EEE4F40FE6F70B0F070213E4AE0B9599CF6348B0EAC781225457
54558307 17969 28282 DA41A855A9357ACF04BFA6FDCC0E7FCDA4FD9479850359ABF88AECF566F8236A
54423280 45572 50698 7C20F6CF1A09EEE4F40FE6F70B0F070213E4AE0B9599CF6348B0EAC781225457
53619107 17133 32541 69BCFD94C984922E117524D91EAD1675BF7B5C891C5C6E05E696F99009ADC6EB
50679143 59258 60070 7C20F6CF1A09EEE4F40FE6F70B0F070213E4AE0B9599CF6348B0EAC781225457
56290600 19922 25797 7C20F6CF1A09EEE4F40FE6F70B0F070213E4AE0B9599CF6348B0EAC781225457
49287630 23180 54046 7C20F6CF1A09EEE4F40FE6F70B0F070213E4AE0B9599CF6348B0EAC781225457
57509701 447 5674 F6EA9A05EB97DCAD2E7921D2D72AAC2C66D7ABDB724C85D5D84B0030DF206EA8
56883050 22527 405 AC6C4D00B93CBCA751FFC38968BDB97B442611B2B949C7021A4FD246F1F320C2
50181905 25616 20429 7C20F6CF1A09EEE4F40FE6F70B0F070213E4AE0B9599CF6348B0EAC781225457

Total of 0 tasks calculated error.
