Total of 100 tasks calculated correctly, accuracy 100.00% 
592384087 9432 4810 7C20F6CF1A09EEE4F40FE6F70B0F070213E4AE0B9599CF6348B0EAC781225457
595511039 19217 1151 A7A51B906F36CB0666E160C533414F15E2E08A7B5B57A4C563F593892DE0504D
588825973 465 19581 BF7E00F03F1B3DBFF4D80FD215AFEE39329C0CEABCB4A434D713061E27A1FBE9
595963154 43793 64627 E83198B27E8EBEDFF3873C438DC96C5D3F249CB96FAFD374DDF3E2EA6A6BB209
598463604 28285 34744 10C7B09EBB267B8C87B60B6FFEE04B66C964CA0CDDE75EC8B0CC71F8EDF236E2
589684693 49071 416 04D3452AC60BB0F873C6123AD8C869593DF27E301A531432A8DB2CB4D0B9DC69
592539379 32924 50540 7C20F6CF1A09EEE4F40FE6F70B0F070213E4AE0B9599CF6348B0EAC781225457
589544901 36941 2680 A613D96DF786D10B197BCE0E1E8A4608A5AA4546117F9D8B4A5BCD24EF906037
597007044 6150 10601 7C20F6CF1A09EEE4F40FE6F70B0F070213E4AE0B9599CF6348B0EAC781225457
597734760 64978 32897 7C20F6CF1A09EEE4F40FE6F70B0F070213E4AE0B9599CF6348B0EAC781225457
600281262 46879 2098 9A854045134223682327040FECE9C8A9A5DC743903F0A942FB9DAF371EA1AD44
589972563 38611 31372 A77E86DC58E8889F44EAC2966781E092BAFAECBAF4D928715EFE8FA00C00621A
598555393 5653 15622 22BFC6F022B99A917EEEB530DCEF1C5C75D15BD292A8939B0BE2FE99B89873F3
592883306 33867 57517 00C81C770E0159614E91502E72C0A90FB480D7C6FA115FF3D947B5947454D82C
595432714 39651 51773 47ED229DB51B246875F4719E3C8F2F36FDB7EB6B843BB5A12043767566881201
593989599 32456 55873 7C20F6CF1A09EEE4F40FE6F70B0F070213E4AE0B9599CF6348B0EAC781225457
600190450 57520 24283 7C20F6CF1A09EEE4F40FE6F70B0F070213E4AE0B9599CF6348B0EAC781225457
599072540 37656 4201 7C20F6CF1A09EEE4F40FE6F70B0F070213E4AE0B9599CF6348B0EAC781225457
598365970 49778 40793 7C20F6CF1A09EEE4F40FE6F70B0F070213E4AE0B9599CF6348B0EAC781225457
593672770 52600 37422 7C20F6CF1A09EEE4F40FE6F70B0F070213E4AE0B9599CF6348B0EAC781225457
591010007 33973 38713 FE9E9DB3DF1C55DF054D321188B572166CA017CEDAF636BD43917FA23D86F1CD
595006474 38651 49231 FBFDBF765C2BEEE22E60317881939B8A911DD8CDF1C7CA55CEE4504A4B3F33DB
589777863 45838 31965 7C20F6CF1A09EEE4F40FE6F70B0F070213E4AE0B9599CF6348B0EAC781225457
588723560 33827 19718 F499A728DF5A46240B6350141AA15247B202094D16EA2778E0F1E71876944489
599263833 43243 49109 4095DC3A309C8B2AF00D374BA1EFCF4256E17885741BF289E2A5CC2B90ADDEE8
589893526 45566 17826 7C20F6CF1A09EEE4F40FE6F70B0F070213E4AE0B9599CF6348B0EAC781225457
596312944 12171 45410 47A40B0DBAE3F54387EEB4E242CB931261FAECF3FC2209705196926A4D14CC22
593926706 62251 13343 DA61E5868AEEE7B090A676F0498F645EE10295710D4F2D3A3CC8CADD5378D253
588654497 25128 64135 7C20F6CF1A09EEE4F40FE6F70B0F070213E4AE0B9599CF6348B0EAC781225457
589551287 46528 13007 7C20F6CF1A09EEE4F40FE6F70B0F070213E4AE0B9599CF6348B0EAC781225457
594001233 22378 27449 7C20F6CF1A09EEE4F40FE6F70B0F070213E4AE0B9599CF6348B0EAC781225457
596546127 45611 15116 6327CB68A30E66ACFE4A67F3701C06EB6E498052AFDDF2765D8E3E09F7053C16
595387139 17608 52668 7C20F6CF1A09EEE4F40FE6F70B0F070213E4AE0B9599CF6348B0EAC781225457
590891946 65324 52623 7C20F6CF1A09EEE4F40FE6F70B0F070213E4AE0B9599CF6348B0EAC781225457
590573017 12119 19130 62526FA2919EA58B4E524E6607A720115BD7BCB014CD4917EDDCC4FB63A09BBD
592827325 46333 38082 BCB0A4614C7AA0EC506C57352DE06AC29F4607183E399B7D1E86D2606A211287
596923198 20505 48994 BDEC55B57B652B712897EA3179F55AE48C3F063A761142ECD6FE7CBEC335D5C9
595635746 57500 31687 7C20F6CF1A09EEE4F40FE6F70B0F070213E4AE0B9599CF6348B0EAC781225457
590962296 49582 52900 7C20F6CF1A09EEE4F40FE6F70B0F070213E4AE0B9599CF6348B0EAC781225457
598755519 8247 49558 51DE557061CD22672588836F50B07592132A9E555244B00FA572A8CFCD58A78A
599078045 39642 23033 7C20F6CF1A09EEE4F40FE6F70B0F070213E4AE0B9599CF6348B0EAC781225457
597014892 52168 27910 7C20F6CF1A09EEE4F40FE6F70B0F070213E4AE0B9599CF6348B0EAC781225457
590975400 44882 9758 7C20F6CF1A09EEE4F40FE6F70B0F070213E4AE0B9599CF6348B0EAC781225457
592148577 30001 4723 E63CD149C87AC0C0BE350BB79F8C8C19C7637A9E76118BD0CFEECEB7870F9879
594537032 7623 6545 DE01DE9BE1983C5507C7510FA96A6453C01A6DF8EE7CA4595B729271A72B192C
596187120 62448 3294 7C20F6CF1A09EEE4F40FE6F70B0F070213E4AE0B9599CF6348B0EAC781225457
597583548 11731 58728 B4594EC824D3EEFFAA8ECECBB0DBD8DCECF061218A9F185B2C4B69A0AE851B90
594274128 1814 59082 7C20F6CF1A09EEE4F40FE6F70B0F070213E4AE0B9599CF6348B0EAC781225457
590989697 46302 24816 7C20F6CF1A09EEE4F40FE6F70B0F070213E4AE0B9599CF6348B0EAC781225457
588605900 35208 63805 7C20F6CF1A09EEE4F40FE6F70B0F070213E4AE0B9599CF6348B0EAC781225457
593292555 24562 28354 7C20F6CF1A09EEE4F40FE6F70B0F070213E4AE0B9599CF6348B0EAC781225457
592511021 20965 508 46964D73E87CA5A274A0207A190B2882944CAD096CBB907880C16FDA67FE6C15
596913082 6751 48004 213F43534DBD990A8E3D77B5FFE713AB4FA368074914FC01AB95FDA584DA26DB
595240150 38941 42287 B7BD6ADD770E3EC9FB017101AC9CA5AD0C1049FE57F0141A94C90BA7AAE96B9D
594576127 9410 43283 7C20F6CF1A09EEE4F40FE6F70B0F070213E4AE0B9599CF6348B0EAC781225457
596176633 36717 39064 50DBD0019E88FE1E859469E5B67CBF8CC693AEF6BEA76B701BBF12213A94D5DB
600291444 53921 50386 E62B5EB6EC46214C61B26584675C48BE1BF37A575543C2E4922DE064451B0D0C
594713568 25478 15845 7C20F6CF1A09EEE4F40FE6F70B0F070213E4AE0B9599CF6348B0EAC781225457
599568603 54552 12712 7C20F6CF1A09EEE4F40FE6F70B0F070213E4AE0B9599CF6348B0EAC781225457
591725981 50497 34251 E8FEA748828D21EB41CB7AE6B403157489496F14D5EB077BAA556FF364760821
592767485 61946 20504 7C20F6CF1A09EEE4F40FE6F70B0F070213E4AE0B9599CF6348B0EAC781225457
594757729 43638 61843 7C20F6CF1A09EEE4F40FE6F70B0F070213E4AE0B9599CF6348B0EAC781225457
591145705 58872 22012 7C20F6CF1A09EEE4F40FE6F70B0F070213E4AE0B9599CF6348B0EAC781225457
590156766 8826 32507 7C20F6CF1A09EEE4F40FE6F70B0F070213E4AE0B9599CF6348B0EAC781225457
592425940 56107 12076 09AE1563F48920982B4169E26A689F2D2BB5451BA28DB7088DE1157F380B400F
594194055 19834 8132 7C20F6CF1A09EEE4F40FE6F70B0F070213E4AE0B9599CF6348B0EAC781225457
593058736 59483 44355 1A917A74380E9E4A1393DBAB5585BC228FF435243BD9A3CA2D3F42EEF794841D
593282524 32941 26113 A430A3D762B173B9B2B43FC5A51FC5AD16A5B3FE2336B57636EFA7FEFFD30773
599372449 46453 17031 0608B2E58B2F5B2F5D35BFE9E51507DAD245444C72E1ECFCB2BA82B9E55F2F97
597984164 52548 45188 7C20F6CF1A09EEE4F40FE6F70B0F070213E4AE0B9599CF6348B0EAC781225457
596511611 13679 61286 F3E2C1F616973CB161A5C8611BFC9C2139D9A80405CCE500C182429E63C3D24F
596488729 19743 41937 A164A1713CF4E2E48E20CFD46BFF26DC670B436938D4594E80A8BAA8FAD95C95
598127715 59068 26747 7C20F6CF1A09EEE4F40FE6F70B0F070213E4AE0B9599CF6348B0EAC781225457
599699788 21017 21595 E795976DFFF86A7D3C21B246EB8805E391AFCBF9D0C6D82E655EB2500F7DB540
594084950 17286 2155 7C20F6CF1A09EEE4F40FE6F70B0F070213E4AE0B9599CF6348B0EAC781225457
596380824 59223 4757 B7EE32E54AD92806C07B34869777E9E0EDB81E901EDF34712458AFE1B2760253
594434449 50000 20519 7C20F6CF1A09EEE4F40FE6F70B0F070213E4AE0B9599CF6348B0EAC781225457
598405359 52769 16828 A564FDD099D347B07D225E5CBBC0EDA729B19AEE2B77B2C196A604A9CBFA7ACE
588692943 50012 33170 7C20F6CF1A09EEE4F40FE6F70B0F070213E4AE0B9599CF6348B0EAC781225457
593376795 48242 47979 7C20F6CF1A09EEE4F40FE6F70B0F070213E4AE0B9599CF6348B0EAC781225457
596324108 51538 39741 7C20F6CF1A09EEE4F40FE6F70B0F070213E4AE0B9599CF6348B0EAC781225457
598813457 11115 58090 CAEB0FD006ACA47B4B9B0B7A4F012543388799678A0042988FA09D2658541EA9
598760707 65156 29278 7C20F6CF1A09EEE4F40FE6F70B0F070213E4AE0B9599CF6348B0EAC781225457
596595580 5565 55129 67DC257A92A86087098821E6A8C7D2DCF4A049AE5E4F0EA4677430C5C8D38D6D
588854047 21111 12526 D5E6F7C997804AFE6FDB6356A3D32C3C9E95BE1C68F1A6BAF414614371911D81
593885027 54396 38043 7C20F6CF1A09EEE4F40FE6F70B0F070213E4AE0B9599CF6348B0EAC781225457
593294822 33699 9591 9B2D9619980A5AEE3E6115D80107699BB412F024325940883B0BBC41F7D7EA5B
597612645 43219 44306 E4FFD931127AD83BA95CE0E3701F1B280941FEB7277871DF3BB985E02E6C7355
589492182 39975 51122 A771F54D542C9E9364FEEC0800B20274BFF75B8BB7B5958F08E0C711FCDE314B
598282242 13541 58340 B54903F29B0F728BE936230C7C94C45255E8F3FA8825E02E3BC0E5E1D3C19A49
595796150 64425 25331 08865A1483F737E1FCE810A731AB0CB19412F873B131788589D37709C1DF0707
598194110 20371 33881 216C3F9C940878618EBEE35C5EF12CE4EC8E241A23EB1731D79256050617E636
597350304 1481 18403 1353B94DDE380A8420D60D62A996B3DC719BAE9FED2CFC0DF9C1089CF320098A
599268088 62888 34948 7C20F6CF1A09EEE4F40FE6F70B0F070213E4AE0B9599CF6348B0EAC781225457
596415098 49924 22308 7C20F6CF1A09EEE4F40FE6F70B0F070213E4AE0B9599CF6348B0EAC781225457
599619178 61366 19266 7C20F6CF1A09EEE4F40FE6F70B0F070213E4AE0B9599CF6348B0EAC781225457
595901165 8565 21965 2221D262C8B5FDD47A6F4510504D3CAB29962A51792226C998029728C3107795
593086634 28749 64441 8F8FF0BB9C74F62B1FE927130C362FAE6A32EDDF201D1EEA361F1F0CEF6A75D8
597140962 41868 9573 7C20F6CF1A09EEE4F40FE6F70B0F070213E4AE0B9599CF6348B0EAC781225457
595899677 65176 54365 7C20F6CF1A09EEE4F40FE6F70B0F070213E4AE0B9599CF6348B0EAC781225457

Total of 0 tasks calculated error.
