Total of 100 tasks calculated correctly, accuracy 100.00% 
5991888496 57668 61050 7C20F6CF1A09EEE4F40FE6F70B0F070213E4AE0B9599CF6348B0EAC781225457
5990308244 59386 29664 7C20F6CF1A09EEE4F40FE6F70B0F070213E4AE0B9599CF6348B0EAC781225457
5989695138 27118 30370 7C20F6CF1A09EEE4F40FE6F70B0F070213E4AE0B9599CF6348B0EAC781225457
5990185779 11125 17411 4FB1124B06A43C821AD19D117DFBF7AF33271AF32FBDC26BD18C63868B084C7B
5994633282 46990 56722 7C20F6CF1A09EEE4F40FE6F70B0F070213E4AE0B9599CF6348B0EAC781225457
5999177102 46885 56870 4E46026E4940A9D2E87882E1D9783526CBC49D09B3A4818EE472A5F8325818A2
5994098344 15511 25306 81CF8844FF2141406709755D9C0ADA89223A3162B337229FA13007DD138EAAFC
5991802850 52039 64598 05AFC266F7404E971715372E7D1E655303AC18343F62F599A64C462FC16D3778
5998473950 23405 30164 DEFD2577F29C93221B646EF2A77609F5F569DDB76CD5410C85580270F63CC4C2
5994735826 30450 13904 7C20F6CF1A09EEE4F40FE6F70B0F070213E4AE0B9599CF6348B0EAC781225457
5989348834 35615 60272 70A11EF22602231C145EE6F9E371DFCB045C0BD5BEF6B09F37401E66F1517447
5991074060 45864 10344 7C20F6CF1A09EEE4F40FE6F70B0F070213E4AE0B9599CF6348B0EAC781225457
5996651819 38805 51472 A51521C6EFEAFFC9BBBD0F9A86B6491FA6359A9E3862EB159C5CE4821698EB87
5993840693 61334 27462 7C20F6CF1A09EEE4F40FE6F70B0F070213E4AE0B9599CF6348B0EAC781225457
5992169499 45828 39206 7C20F6CF1A09EEE4F40FE6F70B0F070213E4AE0B9599CF6348B0EAC781225457
5998228900 46371 35496 9BA8ED234E8D00FF3CC8455990C3EA175B5F4C6082B79F1F957898585EC44818
5994040225 61955 14273 E5150D872EE1A338AE33E371C524B8FB0AF7B4D3990FD1CC2184F92664FE8B0B
5998873706 38197 25846 614BF15667DB67F88F7FD562D38A577AA6097818C10F2CDF88ABF2CEE7A049DE
5998647950 45275 33164 7C3C586D40D2C9B17E998A422FC18DDDAAD055837EE3AF2EFE338CCE8B90182B
5998534497 63121 42934 63DCC96DD54CD0AC2FA8957AA756D0BAB1E21FB92C1DA2C19DBFB37237E92739
5994851970 22300 43927 7C20F6CF1A09EEE4F40FE6F70B0F070213E4AE0B9599CF6348B0EAC781225457
5997574133 16341 34505 D4F86155AD1C4F8FB5A616183ADD6150D0644025A71E7F47D4BD6DAD3F4FC109
5993313678 27583 3641 D1397CC5241278787929C3CC5CCCAAD556C96F8D2DB290762FDAF93DDAFAA4B6
5989798686 21720 49799 7C20F6CF1A09EEE4F40FE6F70B0F070213E4AE0B9599CF6348B0EAC781225457
5996218728 52414 21455 7C20F6CF1A09EEE4F40FE6F70B0F070213E4AE0B9599CF6348B0EAC781225457
5990421162 13067 16666 82667765F4D1575823F4B7A627E2DE508C83C040FD6975F9F23224F251BFB5CF
5997695264 33239 6085 BE35901350BEA813A5CF9D94F3B34C3CCD4B2B10280C5871F9B0644DC2C5CE3A
5997903352 31873 18694 BE10827620A3EE9BC86574DDD58261C07DA8FCA6E556F5D951BB0767475EA642
5988538785 38702 2932 7C20F6CF1A09EEE4F40FE6F70B0F070213E4AE0B9599CF6348B0EAC781225457
5991472577 53576 48711 7C20F6CF1A09EEE4F40FE6F70B0F070213E4AE0B9599CF6348B0EAC781225457
5993976127 12420 39473 7C20F6CF1A09EEE4F40FE6F70B0F070213E4AE0B9599CF6348B0EAC781225457
5998818368 16848 11065 7C20F6CF1A09EEE4F40FE6F70B0F070213E4AE0B9599CF6348B0EAC781225457
5994925065 31109 62878 AE07F00AF16095D6872042FC6C903E8E38BCB4EEF76684326479723BD54CFB50
5990847975 8304 32314 7C20F6CF1A09EEE4F40FE6F70B0F070213E4AE0B9599CF6348B0EAC781225457
5990881350 27783 63586 DDF1AD3DB3BBFBFE21FBC366FE3E1E688D3FEA98F051195DE9ED6894B4B2E70F
5992409180 23932 55844 7C20F6CF1A09EEE4F40FE6F70B0F070213E4AE0B9599CF6348B0EAC781225457
5992031542 4217 20045 6433F0B15B50E06EB938B665C94E3A7374C295C5662115D856BBC6B0EC6ABEEB
5993775864 50397 32214 FE919D414A070915B13D4B8B84784428F55E5A3EA42608ED062357E5ADBC6F10
5997819097 37025 19132 80BEF6FC831F185AFD9DD1DEF44A32A649B46E331795FEC459AB7B0007192AB6
5989199868 5593 15601 662750CDF914A7FC3A17A09F0E1EE28C234EBE981B8E7B36D0DFE9A50F9DEF99
5996392743 62311 9502 DA01EB467E0B6B3969BE7AE91F80848976885BBED1C9D1C4F3BFE990BAE6AE38
5990844986 22226 12166 7C20F6CF1A09EEE4F40FE6F70B0F070213E4AE0B9599CF6348B0EAC781225457
5997947483 44240 33068 7C20F6CF1A09EEE4F40FE6F70B0F070213E4AE0B9599CF6348B0EAC781225457
5992459718 2602 45286 7C20F6CF1A09EEE4F40FE6F70B0F070213E4AE0B9599CF6348B0EAC781225457
5995720984 5123 44159 5D0F1C4B057598377F398D90C7B8FBDB10D65E1260F12FA11300AB1271C64146
6000206518 1812 7253 7C20F6CF1A09EEE4F40FE6F70B0F070213E4AE0B9599CF6348B0EAC781225457
5990532950 17377 20434 3751638931E01A7BA788893C538854CA379E92C93AB86E99BD3B7B6B983EF6D4
5993381978 39792 21935 7C20F6CF1A09EEE4F40FE6F70B0F070213E4AE0B9599CF6348B0EAC781225457
5993085775 55831 42934 094F1F99576E34D0B48F1E26240EA5764113CFD0495EEFEE451DD3CFD9A7FE4E
5995890513 17087 51723 351B2BFBC6E3346D44F3BC5D21B7D4703BED79557B157537D47382A3DDB1C64E
5988806697 59064 4553 7C20F6CF1A09EEE4F40FE6F70B0F070213E4AE0B9599CF6348B0EAC781225457
5992133546 8497 64895 240035525D5E2B20B6A32ECDB7D13243435B3D52B96BC2281D575F54821AB12B
5996401787 49406 63482 7C20F6CF1A09EEE4F40FE6F70B0F070213E4AE0B9599CF6348B0EAC781225457
5994538427 14730 41758 7C20F6CF1A09EEE4F40FE6F70B0F070213E4AE0B9599CF6348B0EAC781225457
5994307019 23570 8420 7C20F6CF1A09EEE4F40FE6F70B0F070213E4AE0B9599CF6348B0EAC781225457
5992157869 64957 58924 566D09C50C5DF39B931BCD737E8EE0E2F413A23E0BF8C97EAEE477B1B541843C
5996905034 24981 18288 F719100F8BD9E908FECF58AA2A4929D14C2189E7960C79D16B7BEC397FE947EC
5995867991 34338 31052 7C20F6CF1A09EEE4F40FE6F70B0F070213E4AE0B9599CF6348B0EAC781225457
5989986086 7269 37040 C262A4CC5B0DE794B0FB66FE5DDF35D13D5F06EFFA72D8C2CE9AA088E075ACA3
5991669261 48144 45747 7C20F6CF1A09EEE4F40FE6F70B0F070213E4AE0B9599CF6348B0EAC781225457
5989899970 45096 39887 7C20F6CF1A09EEE4F40FE6F70B0F070213E4AE0B9599CF6348B0EAC781225457
5997289885 33984 36939 7C20F6CF1A09EEE4F40FE6F70B0F070213E4AE0B9599CF6348B0EAC781225457
5993564326 44861 41027 06A6FF1A7414D2FCE29AAA1A114BA1C3B2656A6F011106E3D468BC5FB151744C
5994520955 35045 65243 4EBA7C042A2A38356F755BA68B1616B5BBFCECBE7AD901D72591E7C431894FDE
5990292953 23033 29220 68B1A4B2A18C4DAD7C916AF828B8A6904F646A6370DEDC78914C990CB0EAB054
5992147481 42296 63264 7C20F6CF1A09EEE4F40FE6F70B0F070213E4AE0B9599CF6348B0EAC781225457
5991578156 52119 8318 3CAB54D55CDFF518F8A31EC1B6CA75D28C40B676A78260B3F9C0CF3B54BCBCDF
6000285479 20041 57613 DBB9213B54C91745D34CEE275155313C41220FAE1945DFAEC885A8EB8AE21D06
5991351279 51777 44690 4171ECA2107105D0077017D81AFE1D15EF7E7EECD1E645003720DBDDB0E5E83D
5993312792 30389 41511 D4F41F587356EB3A56A1DF3DAB89714D014DAF0C436497F8BFE38FA9BE8CB22C
6000030556 18892 64895 7C20F6CF1A09EEE4F40FE6F70B0F070213E4AE0B9599CF6348B0EAC781225457
5996599406 19710 22729 7C20F6CF1A09EEE4F40FE6F70B0F070213E4AE0B9599CF6348B0EAC781225457
5996977157 22103 31547 41804D92C34A1BBA5E3700402D8AED8A9076CF50741F001F3B30A4CF90D4A89D
5998722355 8249 20567 F0B432B98DEC135656CBF3AD707B07140EEA9F8694EE633FCA1355339AD5E164
5995752555 26011 36613 0D36BE4E627E04F0FEE163080166051AD30F721CFAB83E70833A1EB01A97536E
5988713663 18815 63881 B204A0FE7459869832D498E229E6D3AE9FAA4A858F7FBB07F216EB34808AD90F
6000240457 49785 14473 1C9353DD121DEA877254AA38FD1BF6A6F52B79F09016A7AB1E5D6F47E7075CD9
5991878770 15847 38814 FE58CFE9023F8A3B9940C07425FAFD7773B309E715D1E846A359726ADD4655C6
5994312050 9567 27490 C7E3F80A7FD5898CB6524F60C959FD5C3DFDB1CB4105D4EF2A7E072858F07E38
5995867885 32616 17885 7C20F6CF1A09EEE4F40FE6F70B0F070213E4AE0B9599CF6348B0EAC781225457
5995077762 52136 7279 7C20F6CF1A09EEE4F40FE6F70B0F070213E4AE0B9599CF6348B0EAC781225457
5998287674 41790 6754 7C20F6CF1A09EEE4F40FE6F70B0F070213E4AE0B9599CF6348B0EAC781225457
5995445048 57606 36103 7C20F6CF1A09EEE4F40FE6F70B0F070213E4AE0B9599CF6348B0EAC781225457
5994187007 55517 24453 21030420D16441D0A6D87BEA08B529D361733F3DC53193F585039081C158C620
5995526318 46035 62523 A4F2708B5F05B6491EEDF262F4B9F4B62E3A2ACD609937B5A053275E7C371B8F
5992589864 30068 51713 7C20F6CF1A09EEE4F40FE6F70B0F070213E4AE0B9599CF6348B0EAC781225457
5997013324 56193 30212 937BB05A938296C49111ECF620AD8262193581D46181D60B552CA83FD4AB3660
6000017319 27478 34740 7C20F6CF1A09EEE4F40FE6F70B0F070213E4AE0B9599CF6348B0EAC781225457
5990009881 18590 33071 7C20F6CF1A09EEE4F40FE6F70B0F070213E4AE0B9599CF6348B0EAC781225457
5998230577 39437 35592 C0A99699B02CD01BCA20DD0138518012B7624939A28307F14EC0D23E24F95472
5997862579 21841 557 90E8447F0CF3167D4FF56A773F9F6F0B3E3B66E0A088721ABB7D7E02AF3CB0B8
5998595143 35071 38844 1FC2571ADFCC78DBDBF9E654B8DBB08BE70DE9781D9CAA00C9F2A9F28E995600
5997762254 32110 50463 7C20F6CF1A09EEE4F40FE6F70B0F070213E4AE0B9599CF6348B0EAC781225457
5988984592 3180 9511 7C20F6CF1A09EEE4F40FE6F70B0F070213E4AE0B9599CF6348B0EAC781225457
5989970398 57626 48093 7C20F6CF1A09EEE4F40FE6F70B0F070213E4AE0B9599CF6348B0EAC781225457
5993482807 22087 60398 A89964F73C7D751251028704CF3F9D853695E34910C58E2467F7D5DB2B74C4A5
5994786802 63950 1186 7C20F6CF1A09EEE4F40FE6F70B0F070213E4AE0B9599CF6348B0EAC781225457
5993643262 54658 49902 7C20F6CF1A09EEE4F40FE6F70B0F070213E4AE0B9599CF6348B0EAC781225457
5996572977 4314 28620 7C20F6CF1A09EEE4F40FE6F70B0F070213E4AE0B9599CF6348B0EAC781225457
5992615645 26531 28041 FD8F19C850C22B42B3B0FCDD684619168519DC3A709FFA4CBC393EB60C2F0CAC

Total of 0 tasks calculated error.
