Total of 100 tasks calculated correctly, accuracy 100.00% 
6005305853 50746 3167 7C20F6CF1A09EEE4F40FE6F70B0F070213E4AE0B9599CF6348B0EAC781225457
6010171294 12650 47093 7C20F6CF1A09EEE4F40FE6F70B0F070213E4AE0B9599CF6348B0EAC781225457
6009788405 56623 23067 90F08AB8FA6A2FA5721C51E88C406189C806DE8B7BF55ED6CD6819DF8B7F6F43
6008326685 33757 14765 B4D6D2581FA6E886F04A4FA36271053FBC97EF1FC28908FD9A6B200904428AA0
6009736145 50060 12324 7C20F6CF1A09EEE4F40FE6F70B0F070213E4AE0B9599CF6348B0EAC781225457
6008456291 37625 49804 7A1ADB47FBE122218DA3896E6568FED9831F91E3755A4EE9ED78BE5864DC69D4
6008639306 31761 61654 1099AB7A84772AB8CD29CBEBD776AA310B97C47E731A7DF85DAF4D2FA9E5183F
6003329035 31392 14152 7C20F6CF1A09EEE4F40FE6F70B0F070213E4AE0B9599CF6348B0EAC781225457
6005498837 36148 36687 7C20F6CF1A09EEE4F40FE6F70B0F070213E4AE0B9599CF6348B0EAC781225457
6006071333 57434 29667 7C20F6CF1A09EEE4F40FE6F70B0F070213E4AE0B9599CF6348B0EAC781225457
6004124258 35633 25639 FDAA4A2C9F75436980914F63E5BC005E58938EA0F3ED97B77620C94F71EAB276
6004189743 43863 36395 50D30C08AAC2559E65C4011521A8E179A34884B51D8E0C242E275A9DCC33361E
6002620329 17312 59949 7C20F6CF1A09EEE4F40FE6F70B0F070213E4AE0B9599CF6348B0EAC781225457
6003908714 41785 31737 4A2493732AC34319A3AF56B146F25A2AF5904339F35562817234DC80BCD10212
6003841274 29636 27778 7C20F6CF1A09EEE4F40FE6F70B0F070213E4AE0B9599CF6348B0EAC781225457
6010700161 12696 24733 7C20F6CF1A09EEE4F40FE6F70B0F070213E4AE0B9599CF6348B0EAC781225457
6002313372 16819 55616 5286073EB9D00D54B692EE21482A227027F5FAA86B2F54849E0DA21BB3F9D939
6002056843 5379 61593 7B233A61936D245A7C071A3AF49EADBC3E7D2F691A8D80D2F79A676409EE3466
6006301630 61250 6340 7C20F6CF1A09EEE4F40FE6F70B0F070213E4AE0B9599CF6348B0EAC781225457
6002866456 48512 30023 7C20F6CF1A09EEE4F40FE6F70B0F070213E4AE0B9599CF6348B0EAC781225457
6006103269 28451 48815 3EDECABA2E06F9493EE5C911D1479D5A4421759F745F5B68CCBF514CF23F96BC
6005154563 63993 18100 0F5ECB059341D3C7E007DB303D01E6F8C4D810C817C1AC61EB2D019BB9E84B87
6005357803 58428 7531 7C20F6CF1A09EEE4F40FE6F70B0F070213E4AE0B9599CF6348B0EAC781225457
6004591432 5215 7620 DD0B2AD4E0F0AF5548D634420DC8E0ACB4D97EDAB8EB626CB0A0F4094FA22482
6001034705 17199 30357 6B23A00200A0821B11B5E173D91183F07A70A84520D2565B6402BDDEAD7F0E7B
6010468282 24606 36050 7C20F6CF1A09EEE4F40FE6F70B0F070213E4AE0B9599CF6348B0EAC781225457
6003373675 6344 32118 7C20F6CF1A09EEE4F40FE6F70B0F070213E4AE0B9599CF6348B0EAC781225457
6000718021 8583 33571 CBFF4C48C3335B85F49ED61F6E1410F97F358F52935D7B60C1785755DABD3D2D
6006069374 22860 59446 7C20F6CF1A09EEE4F40FE6F70B0F070213E4AE0B9599CF6348B0EAC781225457
6010828594 64355 15992 A783E0DFD13FDFD4A21EC71504FF448D0DE16EAEDC7ED1A13A4E37859DF2200E
6001436751 19704 4085 7C20F6CF1A09EEE4F40FE6F70B0F070213E4AE0B9599CF6348B0EAC781225457
6009955728 30724 9309 7C20F6CF1A09EEE4F40FE6F70B0F070213E4AE0B9599CF6348B0EAC781225457
6005852070 12027 37403 BC13AA03A750DF02BBE0A903C2423FD6AE0D11233686FE887F610B35AC2595C8
6007335441 21385 59928 E3F973545A683D9DA3E5408DA7CE4F82A7629C79ED2F26DBF8A3E8FCFED7BA49
6003766379 17400 54386 7C20F6CF1A09EEE4F40FE6F70B0F070213E4AE0B9599CF6348B0EAC781225457
6008121279 16629 42757 C8A81DC96BFAC330BE2C55B0C23EBB29B077D2168C47175A6FCC41EAAD4EF454
6002571231 19084 29627 7C20F6CF1A09EEE4F40FE6F70B0F070213E4AE0B9599CF6348B0EAC781225457
6003249372 36340 10505 7C20F6CF1A09EEE4F40FE6F70B0F070213E4AE0B9599CF6348B0EAC781225457
6006869492 7097 36525 4065EA6FD9F87434C5EBDE0346745B03E7E161F463DA18DB1F0F3AFFEB495714
6004817126 7374 46235 7C20F6CF1A09EEE4F40FE6F70B0F070213E4AE0B9599CF6348B0EAC781225457
6001423281 12105 232 5B05E7FD79000508EA8BFD95C0977EB5417F0FF37EFE496FF5FF47E6B15071BD
6006118879 56035 42822 934A276B355F639AA9BBB18D5DDA8953FADC8B5DB94E0FC8B47450E1C7C019FA
6004696201 8765 305 09908D80156EC7FAAE72306811750232961DA9DAAA2CB23F05BA0C9067A3C031
6007021773 30068 10724 7C20F6CF1A09EEE4F40FE6F70B0F070213E4AE0B9599CF6348B0EAC781225457
6006178253 2544 15642 7C20F6CF1A09EEE4F40FE6F70B0F070213E4AE0B9599CF6348B0EAC781225457
6008029437 61698 47948 7C20F6CF1A09EEE4F40FE6F70B0F070213E4AE0B9599CF6348B0EAC781225457
6001904708 26535 37931 7CE1330B9A156FAB2378510BCB10B71C36434CDD7374AA358DB83B7E8AF06BCE
6007462356 54988 40377 7C20F6CF1A09EEE4F40FE6F70B0F070213E4AE0B9599CF6348B0EAC781225457
6000760294 7944 34408 7C20F6CF1A09EEE4F40FE6F70B0F070213E4AE0B9599CF6348B0EAC781225457
6010841844 52327 46981 2C9422F0D2706B1CE14776BB04A560F54A96222FBCAC53E7019C859EBDA7B166
6008836327 13119 57579 3F1AA78D36D47C808CA4461EAC2B42199F1400E354316947E35ADD7CD260FE4C
6011915188 25083 25248 407CC49BDBAEB7E7A5B994EB6CE5A7906AA8CC8953AAD800A5A719614019A574
6003970203 24848 14537 7C20F6CF1A09EEE4F40FE6F70B0F070213E4AE0B9599CF6348B0EAC781225457
6005519644 7297 31937 88C3E7869260AB7C8781CD59A343247B998A6BA5FB12D023CFD91B11114388A1
6003844358 26283 48976 BEAD80E4B6FE6F8424D54A97AA7CF2EF19F680AEEB4CFC353A818177EFCF6346
6001675673 58907 7776 0E19BB4E2190F49D9899D50B0F27997B41214B272E02BF71D1E2E7A5C4C85A0C
6002845649 60826 50039 7C20F6CF1A09EEE4F40FE6F70B0F070213E4AE0B9599CF6348B0EAC781225457
6008760313 29746 15308 7C20F6CF1A09EEE4F40FE6F70B0F070213E4AE0B9599CF6348B0EAC781225457
6004290169 1187 64679 F0E8BB9B501DA022B16C989CF543ECF0EB90A6DE003C3654D8EE112E19C25E6F
6010467289 19206 26230 7C20F6CF1A09EEE4F40FE6F70B0F070213E4AE0B9599CF6348B0EAC781225457
6006654558 16107 4883 8279CAA50C766EAD14F054C766F650C8072A67EC86F944C156ACBA553DE51B67
6008936860 39264 62074 7C20F6CF1A09EEE4F40FE6F70B0F070213E4AE0B9599CF6348B0EAC781225457
6003692562 49389 12053 DE62F20028DBD0A03F4CE951133AE4E631E83E584BA11B5F5AE2999F3EDAADDC
6004534097 2987 64560 EDACD6CAF42EF843A3375539BED527DD286032F25865AAA76EE480540B2EB98D
6006678426 4281 18229 A6347B91D65E94311C2220BDDE15B9EF61B827C22EB1D8AEC08C3EB38BFC845C
6007202391 11068 15455 7C20F6CF1A09EEE4F40FE6F70B0F070213E4AE0B9599CF6348B0EAC781225457
6007861423 43089 58278 9D28643D41565A978E8C23513D750D1BC670BD926043836E8DA8238AEDE07CAD
6000810053 5362 58950 7C20F6CF1A09EEE4F40FE6F70B0F070213E4AE0B9599CF6348B0EAC781225457
6004492428 40356 10699 7C20F6CF1A09EEE4F40FE6F70B0F070213E4AE0B9599CF6348B0EAC781225457
6000623375 33155 24122 B762D941C758DD51612A493D4C836CDB5B8582B615C2336678B2E64BB90F09DA
6007604446 40504 27295 7C20F6CF1A09EEE4F40FE6F70B0F070213E4AE0B9599CF6348B0EAC781225457
6002483894 39752 53344 7C20F6CF1A09EEE4F40FE6F70B0F070213E4AE0B9599CF6348B0EAC781225457
6002494408 5960 54334 7C20F6CF1A09EEE4F40FE6F70B0F070213E4AE0B9599CF6348B0EAC781225457
6007524049 57494 33926 7C20F6CF1A09EEE4F40FE6F70B0F070213E4AE0B9599CF6348B0EAC781225457
6010470978 27601 19986 2A670DDD0E08E8AFA0F0125994D69C6C910FF0A6036DBD79D896AA308992EECF
6011580197 19993 48518 CCF4E9FB62518DAE45CA4C0B8D37FFEE20A628F92A9C7223E2A4063512506993
6008517630 36673 40992 49CCC863DCD25F3460A9BDF692A1D88B52EC667187FDE289698BBDD0059DA90D
6001177902 5157 22016 16CE60F943F75EA90533DDD30B29A02C0363CEF726EB44003AA9ABB574A194A3
6000628703 27067 19432 26868E4914FFB408A89E0C3E85F0E4CF92A99AE37517CC07F9201EA3B2729460
6010823254 3013 61535 232B4E9E38742B6D0E662C90D310BA5E90CCEE89F55ABADB9AA4423144D397FC
6007103526 29294 17364 7C20F6CF1A09EEE4F40FE6F70B0F070213E4AE0B9599CF6348B0EAC781225457
6006017814 30022 61835 7C20F6CF1A09EEE4F40FE6F70B0F070213E4AE0B9599CF6348B0EAC781225457
6006795626 63699 23567 F9DFE57E89930163A6CFA75F4CDE69F1FBB93D526DFBEEDBA18E850D87AC9E0B
6002038249 54033 27175 BD97CE5963F0E7ED79EE8A5F9F777B615F7327B8E23D1C1A9BE049434347C001
6011281988 64895 17212 230DA0BD961C31613F87602BD84DC8F16CCE855E4B948A1F104D56058C52028B
6003044761 6250 1594 7C20F6CF1A09EEE4F40FE6F70B0F070213E4AE0B9599CF6348B0EAC781225457
6008404343 4110 7411 7C20F6CF1A09EEE4F40FE6F70B0F070213E4AE0B9599CF6348B0EAC781225457
6008734058 44169 33424 D0E58D0F53AC752A75398C81D1FDFDA9EC44970C0410CDAE79C2F41A74F0A168
6002239996 49863 38130 936D6D0408567299A016C477006FD4B88B9B1AAC3F5E42205CB537FD42903594
6005643571 5487 60830 6B7CC796D52C44EFDAD0CD5AEF5DB31997E5DFEB6AD2B57830253CFD5B7C2328
6007573338 6065 34478 C46E6A5BEDC22758632B49DD9D1A256DF5907EFBCFC0D6AE24B87564CDF69237
6011827845 27768 33738 7C20F6CF1A09EEE4F40FE6F70B0F070213E4AE0B9599CF6348B0EAC781225457
6005808412 6151 10500 58D5CBF0362B6EC6A328B06D45B206F35984F3EFB2D84EBA82D23D320A20A30E
6001825846 47840 8941 7C20F6CF1A09EEE4F40FE6F70B0F070213E4AE0B9599CF6348B0EAC781225457
6005918795 1298 963 7C20F6CF1A09EEE4F40FE6F70B0F070213E4AE0B9599CF6348B0EAC781225457
6004525865 17645 22993 F91EC7A352E2618BE6DD09FB277E79E7653FCC3AB719F87E30636097F9B6C3A9
6005505490 8622 21924 7C20F6CF1A09EEE4F40FE6F70B0F070213E4AE0B9599CF6348B0EAC781225457
6008174081 36768 35978 7C20F6CF1A09EEE4F40FE6F70B0F070213E4AE0B9599CF6348B0EAC781225457
6000587774 32545 22647 77C54D7927804E2451CCCA533180252170B46CBB80720382CB660E30077EDF46
6006678974 54520 50582 7C20F6CF1A09EEE4F40FE6F70B0F070213E4AE0B9599CF6348B0EAC781225457

Total of 0 tasks calculated error.
