Total of 100 tasks calculated correctly, accuracy 100.00% 
6013122474 47745 13646 D71102789624354DA1ABCDC3304CA09819CF1ED22A0179969301593E26CE7B42
6016402249 40766 49514 7C20F6CF1A09EEE4F40FE6F70B0F070213E4AE0B9599CF6348B0EAC781225457
6015882170 58270 43016 7C20F6CF1A09EEE4F40FE6F70B0F070213E4AE0B9599CF6348B0EAC781225457
6021868713 17470 3682 7C20F6CF1A09EEE4F40FE6F70B0F070213E4AE0B9599CF6348B0EAC781225457
6017475390 20042 54862 7C20F6CF1A09EEE4F40FE6F70B0F070213E4AE0B9599CF6348B0EAC781225457
6017921524 27652 59607 7C20F6CF1A09EEE4F40FE6F70B0F070213E4AE0B9599CF6348B0EAC781225457
6022561185 25915 28192 96164498567F2520DA695DA882A32ACACADB284D8B1D15D9768473BACBD61B45
6018117363 56612 29078 7C20F6CF1A09EEE4F40FE6F70B0F070213E4AE0B9599CF6348B0EAC781225457
6012357691 42787 65527 566C087DA52883E2DC5BCEA98FFB158BC9613160A7F894DB3C44115730EB32FB
6020049178 932 20392 7C20F6CF1A09EEE4F40FE6F70B0F070213E4AE0B9599CF6348B0EAC781225457
6021325761 24812 27229 7C20F6CF1A09EEE4F40FE6F70B0F070213E4AE0B9599CF6348B0EAC781225457
6017166894 2122 3425 7C20F6CF1A09EEE4F40FE6F70B0F070213E4AE0B9599CF6348B0EAC781225457
6013054408 46052 5668 7C20F6CF1A09EEE4F40FE6F70B0F070213E4AE0B9599CF6348B0EAC781225457
6020648565 59997 21433 4075211C61FDF3ECF4879955B32354C9FCE054DB45A6DAC000C80B4B1016F008
6015248191 40490 32426 7C20F6CF1A09EEE4F40FE6F70B0F070213E4AE0B9599CF6348B0EAC781225457
6022484305 2438 12736 7C20F6CF1A09EEE4F40FE6F70B0F070213E4AE0B9599CF6348B0EAC781225457
6012776607 33986 9560 7C20F6CF1A09EEE4F40FE6F70B0F070213E4AE0B9599CF6348B0EAC781225457
6020460572 16393 51864 57E8854EFBC5FFEC313B375276A7F781A01089601F13D559BD82DCB1E8DB6D15
6018609123 41445 38703 A7D250D000A452C2C1C9F18F45008A9E8745648CC93310EF11D008997ABE7DF5
6017125181 59164 23332 7C20F6CF1A09EEE4F40FE6F70B0F070213E4AE0B9599CF6348B0EAC781225457
6020418389 63317 61181 A140DD3B6D7D8AB0A2D895845EBB8BDC5024FB0E29C124880B40C30815C082FA
6016251656 29714 33598 7C20F6CF1A09EEE4F40FE6F70B0F070213E4AE0B9599CF6348B0EAC781225457
6013913202 46154 37105 7C20F6CF1A09EEE4F40FE6F70B0F070213E4AE0B9599CF6348B0EAC781225457
6022215194 63660 59150 7C20F6CF1A09EEE4F40FE6F70B0F070213E4AE0B9599CF6348B0EAC781225457
6013650879 1409 56049 95887BF01A3B8ADBCE319226BBA9A48A59DE8CB4DF57BEB02673BD4113279D15
6013211291 47906 51823 7C20F6CF1A09EEE4F40FE6F70B0F070213E4AE0B9599CF6348B0EAC781225457
6013547386 17280 17765 7C20F6CF1A09EEE4F40FE6F70B0F070213E4AE0B9599CF6348B0EAC781225457
6021493910 426 22732 7C20F6CF1A09EEE4F40FE6F70B0F070213E4AE0B9599CF6348B0EAC781225457
6017784822 49417 2879 3F1401F797F96A6AE21885421F7F6148FBCCA42B37EBC2E6CF41E210F4238A9D
6018374868 45007 27749 8E81553720874B6579E1EC6A951467D0F486851B0C9DE6071C00EB3CC48DECB4
6015196844 57396 41930 7C20F6CF1A09EEE4F40FE6F70B0F070213E4AE0B9599CF6348B0EAC781225457
6017052380 21916 38122 7C20F6CF1A09EEE4F40FE6F70B0F070213E4AE0B9599CF6348B0EAC781225457
6017256836 44059 60722 A7017CCC6037F093340C261AA624D6BFE3DE2D0E1B0AD7A2D448F0BC08F2C247
6015779989 8477 54758 E7ADBE95F3A9D9954CFB035EC86C8EA0FB9061655AC6887EF3AB305E2D9C4AB9
6014162014 25588 27460 7C20F6CF1A09EEE4F40FE6F70B0F070213E4AE0B9599CF6348B0EAC781225457
6022686473 38864 27826 7C20F6CF1A09EEE4F40FE6F70B0F070213E4AE0B9599CF6348B0EAC781225457
6024220016 54050 11168 7C20F6CF1A09EEE4F40FE6F70B0F070213E4AE0B9599CF6348B0EAC781225457
6019256931 7449 33881 E226E5A054A16BD69E45D04D03BDC4B912AF1CD45A11E472B27743BBCBBB7BBD
6015999527 60156 26674 7C20F6CF1A09EEE4F40FE6F70B0F070213E4AE0B9599CF6348B0EAC781225457
6020925801 45817 41452 0E59BD6FE14A23B1E33B317BC0D6981124D0F9DA10199424498489706E915787
6012798549 27719 11570 384DE3BE74C9B17B6227DF3E2E9F32E4EBAE4649F633B2B0E8BEBD3B7965E4C8
6015748935 64836 19819 7C20F6CF1A09EEE4F40FE6F70B0F070213E4AE0B9599CF6348B0EAC781225457
6019009495 62301 39373 1A362BAAC7E22785ADA4B9F438AC1D525580AEF6E037BB5A07820D3CE87769C3
6014688818 31287 23602 67FBFAF5B3681F107CDA4A6F591DE99B01B8B8F658A94BF6B3426AE771309D44
6015495849 65420 17710 7C20F6CF1A09EEE4F40FE6F70B0F070213E4AE0B9599CF6348B0EAC781225457
6021353412 36214 42962 7C20F6CF1A09EEE4F40FE6F70B0F070213E4AE0B9599CF6348B0EAC781225457
6015393226 54582 714 7C20F6CF1A09EEE4F40FE6F70B0F070213E4AE0B9599CF6348B0EAC781225457
6018949673 34824 21844 7C20F6CF1A09EEE4F40FE6F70B0F070213E4AE0B9599CF6348B0EAC781225457
6021382921 16494 23528 7C20F6CF1A09EEE4F40FE6F70B0F070213E4AE0B9599CF6348B0EAC781225457
6021218975 40189 37276 A4E7DA501FD76C0CC9827B867E561E1B563FE5EA9C8F342A07DECB1425030E99
6014979623 60626 39660 7C20F6CF1A09EEE4F40FE6F70B0F070213E4AE0B9599CF6348B0EAC781225457
6012980392 63998 32475 7C20F6CF1A09EEE4F40FE6F70B0F070213E4AE0B9599CF6348B0EAC781225457
6019861772 3320 19095 7C20F6CF1A09EEE4F40FE6F70B0F070213E4AE0B9599CF6348B0EAC781225457
6021321770 45060 16047 7C20F6CF1A09EEE4F40FE6F70B0F070213E4AE0B9599CF6348B0EAC781225457
6019328278 57269 43817 5C32064F225F60F0ACD5DD5231AD6C04BE3F370B4F2B2389C59F22F59240E8F5
6014935482 6148 14534 7C20F6CF1A09EEE4F40FE6F70B0F070213E4AE0B9599CF6348B0EAC781225457
6017015989 53632 54381 7C20F6CF1A09EEE4F40FE6F70B0F070213E4AE0B9599CF6348B0EAC781225457
6015312521 23799 10198 9150B74A6804B2100309EDEE0BD63B779E25B7EAC61EC8B023E9563C1AC4563C
6019074522 32916 4953 7C20F6CF1A09EEE4F40FE6F70B0F070213E4AE0B9599CF6348B0EAC781225457
6021336017 46090 59036 7C20F6CF1A09EEE4F40FE6F70B0F070213E4AE0B9599CF6348B0EAC781225457
6024063835 53479 19435 7C60B93A58F798A89C2847853E0788006802D75977D64FA314CC44373FD66281
6021851661 8542 15119 7C20F6CF1A09EEE4F40FE6F70B0F070213E4AE0B9599CF6348B0EAC781225457
6021256694 1665 21852 1F9895305E027D65AC1BDE5A57A2CB27567AA7982600973482B94E78A7B5A18A
6015202249 4902 3877 7C20F6CF1A09EEE4F40FE6F70B0F070213E4AE0B9599CF6348B0EAC781225457
6016004134 34064 26878 7C20F6CF1A09EEE4F40FE6F70B0F070213E4AE0B9599CF6348B0EAC781225457
6017442192 48258 29600 7C20F6CF1A09EEE4F40FE6F70B0F070213E4AE0B9599CF6348B0EAC781225457
6022882294 52233 22767 CDA6796EF4D811313795B5461C3B9513E58596F5EBDFB63EF8BCCECAA2AFAA89
6022056294 21495 24306 3500BA59A5FD7393CD3755EBBFC952431242509F6DC7E1A683DD72FEC86E5326
6017976169 17341 60233 D8AD6FB772332CFBDA89791A55FBAACBCF16EDABA00029C5763E1BE2D14D8E3C
6023146838 54003 26917 EF72D94C36B49ABD35C73F9E883E168CF65866D6D606758C1587CEDF63598DCA
6016383389 60406 13783 7C20F6CF1A09EEE4F40FE6F70B0F070213E4AE0B9599CF6348B0EAC781225457
6021729237 54625 33831 B657A755041C7FECD0331E0F1E894F32689663D4477A6788381B349DFA1E221B
6015820056 26444 61975 7C20F6CF1A09EEE4F40FE6F70B0F070213E4AE0B9599CF6348B0EAC781225457
6017643817 16245 55230 3DEF11AB19A94F86755B15EF9D5879E8EF13169D94124208BBE4FF128C9F8D3B
6020677329 20975 11155 9CBD64DA9D21E817F6AD7F90AAE1EF64B1478356B381E67A1CF423CF25CCCE82
6016418661 44487 5341 4350AF4A5C901D80AEE34EE5D4EDE972D1847AC1BB1A750D7B38B15697ADEAB5
6016981874 16537 24124 71571027B2ACF68240A6A9D148B51815159C5A777E16968C17E615FEE6E4EB89
6022680853 54307 28789 24CC394ECC12A02254938926DBCE46E1C27FF9712145A0B0AE327E90F9451435
6013753000 14982 48768 7C20F6CF1A09EEE4F40FE6F70B0F070213E4AE0B9599CF6348B0EAC781225457
6018611833 12810 47066 7C20F6CF1A09EEE4F40FE6F70B0F070213E4AE0B9599CF6348B0EAC781225457
6023281971 22111 54940 4E8E4851EBB8FA7CADECAC5362907538E285446FBEAABBCAD30224CFE35DC287
6023567186 42554 40334 7C20F6CF1A09EEE4F40FE6F70B0F070213E4AE0B9599CF6348B0EAC781225457
6015824262 6631 11110 ADE039C0CB86D8CA8DD098DF272A379283CC6F90D4DEE3825269E58C64FCA78B
6022939533 61466 39948 7C20F6CF1A09EEE4F40FE6F70B0F070213E4AE0B9599CF6348B0EAC781225457
6018494899 52477 39286 D2AB74E46B0EC59C8668D79F490EF62ECAA7653248DE70A4C4CDF8DE38CABBE4
6014921473 7763 45401 795A1495C0631AF86B8B91A90EC06ED10DF192057AB9462446C01C9D9A83AA26
6015449952 8446 14227 7C20F6CF1A09EEE4F40FE6F70B0F070213E4AE0B9599CF6348B0EAC781225457
6019794874 8237 10807 3159E801193CEE6451C8641F3FCE54099A1325FF4B7C8FBC316AD4BEBFE824A9
6014185586 61871 15632 16F80D3988E9155BCD843735F1D8D6CCD678DC8E00E63E383A2C9F9F3B72746E
6017921671 53748 27609 7C20F6CF1A09EEE4F40FE6F70B0F070213E4AE0B9599CF6348B0EAC781225457
6017791211 3567 54211 5D4EBDF0C144A86477EC7C0A4590056969848DA9778061406A9765DDA42BE300
6017815866 54142 53681 7C20F6CF1A09EEE4F40FE6F70B0F070213E4AE0B9599CF6348B0EAC781225457
6021363313 52347 33943 6DDE6CE03DDF68D87FE02B0FAD807B57B384817921277915D3EF57D6A9AB0A8E
6022697637 9718 8210 7C20F6CF1A09EEE4F40FE6F70B0F070213E4AE0B9599CF6348B0EAC781225457
6014235782 34303 54077 FA2166B619EF67CAA108B092C470532549DAF2CB69B78860EDE5A6F7FA7C096C
6020864865 28121 35508 66208F3778351F1B96081B80E30613BFE90E0AC92D0EAEF610FE43196401F079
6017695678 15377 25860 B1CBA0442C0ABBACE67EC49735C3ED18E031EC708988F34767DEA06CC8A3F539
6018299925 18013 43412 29C1763E3C25C7F974DFB184A51470356C70FD8FB1AE7A98D62210B65007625D
6018774372 15273 58695 BA5B49F51645C2E92A6E9B3EC8EB4C68DF69871701907EA7A32336D85C51A694
6014413900 63225 6289 71BBC6EB7A17191C50EDC930568621CDEB4018007D7C49CD2ACB862F082D5160

Total of 0 tasks calculated error.
