Total of 100 tasks calculated correctly, accuracy 100.00% 
6027547015 5781 10120 8011686EA1A5AEFBD5C00CE321CF303AF815DDD3F5C51BE10349A71539FDB8FD
6027905243 38727 19067 BA688322AABC05FAEA22F1E33B3F42FB7AA864A3DAE13BB1A49D90BA43CA7BE8
6029028905 55883 4764 D2A99712B82131BB7BA865083D63C29BB5673F78FE012A54F05A7B29207D1FFD
6025627907 18920 4648 7C20F6CF1A09EEE4F40FE6F70B0F070213E4AE0B9599CF6348B0EAC781225457
6026413535 62452 60553 7C20F6CF1A09EEE4F40FE6F70B0F070213E4AE0B9599CF6348B0EAC781225457
6032968290 8414 65233 7C20F6CF1A09EEE4F40FE6F70B0F070213E4AE0B9599CF6348B0EAC781225457
6033435222 3207 60983 14BA1C43D2FE8C526804B5A1B161DFF5447AE03D9F0514C4EF2A9B447A2C8846
6033870873 18234 50281 7C20F6CF1A09EEE4F40FE6F70B0F070213E4AE0B9599CF6348B0EAC781225457
6029279769 28065 41481 CA0624E2724AA1D2BC94B7479CE4E831373100D49FA47BEB0D080D4A01730D26
6025130348 18562 50546 7C20F6CF1A09EEE4F40FE6F70B0F070213E4AE0B9599CF6348B0EAC781225457
6029205792 45787 63865 21CE9037E182A09D8696CD73118DD5FDEE9817D4CAAB9CC87E7100F63E5EDEE2
6033654105 30988 380 7C20F6CF1A09EEE4F40FE6F70B0F070213E4AE0B9599CF6348B0EAC781225457
6027251101 20042 1833 7C20F6CF1A09EEE4F40FE6F70B0F070213E4AE0B9599CF6348B0EAC781225457
6024716810 36968 28511 7C20F6CF1A09EEE4F40FE6F70B0F070213E4AE0B9599CF6348B0EAC781225457
6027746925 20347 31348 8AF2AD5C421767897B8D05D1315664B6D9C24CD5C19B66F363DCC61379EB40FB
6035324853 29404 12572 7C20F6CF1A09EEE4F40FE6F70B0F070213E4AE0B9599CF6348B0EAC781225457
6029449196 44930 26801 7C20F6CF1A09EEE4F40FE6F70B0F070213E4AE0B9599CF6348B0EAC781225457
6031218635 35548 52158 7C20F6CF1A09EEE4F40FE6F70B0F070213E4AE0B9599CF6348B0EAC781225457
6035383313 5901 32515 6E81962D281506573FF7E47066446428014CEE7BA42273431D6CE1CE5BB39C65
6029416750 47131 36341 CEB447392725B97B9D4D102C4C9D41AE4F730D706171277A1B341E7B6C2D3905
6028786119 48994 53641 7C20F6CF1A09EEE4F40FE6F70B0F070213E4AE0B9599CF6348B0EAC781225457
6024848877 3714 10000 7C20F6CF1A09EEE4F40FE6F70B0F070213E4AE0B9599CF6348B0EAC781225457
6026856065 8440 20460 7C20F6CF1A09EEE4F40FE6F70B0F070213E4AE0B9599CF6348B0EAC781225457
6028114510 4222 20207 7C20F6CF1A09EEE4F40FE6F70B0F070213E4AE0B9599CF6348B0EAC781225457
6030748097 24335 63376 39175F386016F343AF1672AA5D3835BD7D667E1C01A5901A896AF6D9665BB5E2
6025161097 25623 38724 4375DE433B25BFD86DCA84F16BCF89E2379663C88B973783EF22D2B2A2DB22B2
6029471991 16982 57156 7C20F6CF1A09EEE4F40FE6F70B0F070213E4AE0B9599CF6348B0EAC781225457
6034289898 2533 53682 9F9C03BC1598858FC25F1399F4200F46C4274C42CCA27388A54F3E29AA13783F
6031037555 20488 22946 7C20F6CF1A09EEE4F40FE6F70B0F070213E4AE0B9599CF6348B0EAC781225457
6029284566 25665 8096 CF5171FE2B0E32EB33ECA42D22C1AE8E9BAC8EE5A0819602C76A3AD2B729DD02
6033754023 15455 44216 C66EA6A93AB9227340AE1B4471BD523B05A074CAC468C48E602D87306D1E6275
6034602022 42385 37556 88C43EE1D37B3BEBE500DF530A94542F268FC26D789539F579B9EEF0DE0DD4CF
6030250846 63977 46198 05B28AA67EC07150853C2B6DC7040DC2A8823B53C2AD6A310CAAB00A77474DDD
6029318513 32702 58027 7C20F6CF1A09EEE4F40FE6F70B0F070213E4AE0B9599CF6348B0EAC781225457
6025965266 65167 26698 A451F19CE2841AA954D2927B2ADD2033612B0D260605EBE8BBC0324F22362179
6032823162 12987 21344 20A831FF67A6C12E598EE4A5B608074D247F4F9178AC56E5BA6D9EFA0EC65C30
6027669248 17208 47289 7C20F6CF1A09EEE4F40FE6F70B0F070213E4AE0B9599CF6348B0EAC781225457
6026853140 20508 34175 7C20F6CF1A09EEE4F40FE6F70B0F070213E4AE0B9599CF6348B0EAC781225457
6027995014 9929 783 2615AA7BFC0B4011D069A1664E91CA6BE2EB18B05A70276F8110BE511BF454FF
6028960920 61448 25249 7C20F6CF1A09EEE4F40FE6F70B0F070213E4AE0B9599CF6348B0EAC781225457
6026318829 38598 12149 7C20F6CF1A09EEE4F40FE6F70B0F070213E4AE0B9599CF6348B0EAC781225457
6027358849 58566 43846 7C20F6CF1A09EEE4F40FE6F70B0F070213E4AE0B9599CF6348B0EAC781225457
6032456530 18297 58293 E57FBD022591FD6A59DB64A5E1BF146863044993D7069C9559B6E5C6F8FDF8AB
6034953953 44796 40982 7C20F6CF1A09EEE4F40FE6F70B0F070213E4AE0B9599CF6348B0EAC781225457
6035986540 63976 10242 7C20F6CF1A09EEE4F40FE6F70B0F070213E4AE0B9599CF6348B0EAC781225457
6025956995 60779 23994 E02C61BD2DE9C923FFF47B6CCF7F611447B244E8BC0EE9EE9ADF40504E280F2C
6026888419 12944 21503 7C20F6CF1A09EEE4F40FE6F70B0F070213E4AE0B9599CF6348B0EAC781225457
6026660249 59431 5756 FCEE2CAB5D19AE4F5C118B97CEC7BB2F28E9CBB5101EAA9EF89A47738E703B83
6036270831 63033 46250 6D57538CF9B602F94EC68682A7C275E98C2F5156A4B5EFB4611731698FB6DDB9
6029285117 28749 14834 813B6F2DECCE3E3DAE3F5CDBD697CDED376B45624BC6D657EA635621306CCE44
6026591627 26516 30607 7C20F6CF1A09EEE4F40FE6F70B0F070213E4AE0B9599CF6348B0EAC781225457
6025152120 44559 65232 A7F23108F95726F5BA6CEED1C5B5E7EC120DA764F23DDC5A9345F388B24F2C8E
6036081506 32550 22599 7C20F6CF1A09EEE4F40FE6F70B0F070213E4AE0B9599CF6348B0EAC781225457
6033861788 26211 49390 6E8B7C43D0901D55EB2507518736DC344512C9D03D44F1374A33D72D14B309E2
6028204412 34166 51362 7C20F6CF1A09EEE4F40FE6F70B0F070213E4AE0B9599CF6348B0EAC781225457
6027921463 46879 55367 AC0C51073DE428FDB3B0EADBACA03324380F5B7E30D34103389DEBD7B3B1B070
6029287234 25429 24409 4D62B1F450ED969760B19E70CADE24AB3F656569E815F0A5B84409CD445E20D1
6025666175 10516 50077 7C20F6CF1A09EEE4F40FE6F70B0F070213E4AE0B9599CF6348B0EAC781225457
6029795734 62970 60768 7C20F6CF1A09EEE4F40FE6F70B0F070213E4AE0B9599CF6348B0EAC781225457
6034921206 9854 28384 7C20F6CF1A09EEE4F40FE6F70B0F070213E4AE0B9599CF6348B0EAC781225457
6033639925 189 60106 EAD11BFD872BA15D3C49F0AF401256D783F2071754719C9F3112C8E8FEF1C7BB
6025950122 37077 15243 5B41B0C8A1D11023D4DA143E96C72FD9912605665F8F34BE51D94C96120920F4
6033620821 33256 23487 7C20F6CF1A09EEE4F40FE6F70B0F070213E4AE0B9599CF6348B0EAC781225457
6034431145 21644 26309 7C20F6CF1A09EEE4F40FE6F70B0F070213E4AE0B9599CF6348B0EAC781225457
6028243894 61994 27647 7C20F6CF1A09EEE4F40FE6F70B0F070213E4AE0B9599CF6348B0EAC781225457
6032116255 16802 9559 7C20F6CF1A09EEE4F40FE6F70B0F070213E4AE0B9599CF6348B0EAC781225457
6029565882 43823 58903 4D11FB5B3EB507267959621A98717A6BABFDA27AB1EF97631128A1A1916A66F3
6026285033 15440 56539 7C20F6CF1A09EEE4F40FE6F70B0F070213E4AE0B9599CF6348B0EAC781225457
6031530618 2171 5049 E715BFD52CDE6BC23591117D8861166813740827824278BE12779B45BE213FBE
6030095355 4669 45230 9AE2F352DF39F2FA48964AA4605D5AF4A4A070FAC3043D0CBEA7352BCF402AD7
6028834886 9748 45335 7C20F6CF1A09EEE4F40FE6F70B0F070213E4AE0B9599CF6348B0EAC781225457
6032122462 63065 15517 FCD7850DF49EFC51B57AA8DC9AD4D01A701575EE5D1485858B630D0A8F4A452D
6035142232 42210 8247 7C20F6CF1A09EEE4F40FE6F70B0F070213E4AE0B9599CF6348B0EAC781225457
6024749657 19939 56195 BB2F930FBB2DAB79C79F4A3D3A8F22E4FA62AD07F9D999BDD8606F2093CD5E95
6029797058 6095 29535 7BF8572249738590C1E9E44F1B53744C176CAA81F37F67C26D816A3828496482
6032218014 38500 38447 7C20F6CF1A09EEE4F40FE6F70B0F070213E4AE0B9599CF6348B0EAC781225457
6030897647 40734 51642 7C20F6CF1A09EEE4F40FE6F70B0F070213E4AE0B9599CF6348B0EAC781225457
6026314697 22377 44316 8383EF2197E1DD69AAA7353280D7D470638CB2322474A2103A51A6811AB74CDE
6025947759 42808 895 7C20F6CF1A09EEE4F40FE6F70B0F070213E4AE0B9599CF6348B0EAC781225457
6025867307 48703 48014 665A7ECA6CF5130296820A51F67429BA842BAA930C5ED380D957379C43C8BB31
6028944994 48254 52236 7C20F6CF1A09EEE4F40FE6F70B0F070213E4AE0B9599CF6348B0EAC781225457
6028786505 16616 58987 7C20F6CF1A09EEE4F40FE6F70B0F070213E4AE0B9599CF6348B0EAC781225457
6032087195 40517 3371 4909774E16F545589319636290B8EB84B7B944C2982BC27E82A09924558003A0
6025549265 50019 60231 FA28BF8939EB571AC2DFACCD1920B6C6B5ABD746D6E4663B4C29FC1932D66DC9
6025151566 13967 38885 5F5608045732E9443856DA30231772731D2F1DC30EFD0D2B25323D868DB811D2
6029062622 28257 37278 1F8186B8C668C7B314230B2415D415C25CDAA07B50DE697313A4C0CF61EAA48C
6028525867 26577 20237 8EC0B2D0E315C1EEDC0640643752D670B3C78DCC89DB18CFF5914FD7D942BA6B
6031459062 26190 1256 7C20F6CF1A09EEE4F40FE6F70B0F070213E4AE0B9599CF6348B0EAC781225457
6025730855 60008 4621 7C20F6CF1A09EEE4F40FE6F70B0F070213E4AE0B9599CF6348B0EAC781225457
6030448093 34471 61377 195D6242295EF676D5DE191D3DC8CA1E1667F538C3088BBBF82926D158D701C3
6032822771 58072 16427 7C20F6CF1A09EEE4F40FE6F70B0F070213E4AE0B9599CF6348B0EAC781225457
6031688897 58276 33861 7C20F6CF1A09EEE4F40FE6F70B0F070213E4AE0B9599CF6348B0EAC781225457
6031511575 10142 23287 7C20F6CF1A09EEE4F40FE6F70B0F070213E4AE0B9599CF6348B0EAC781225457
6031530413 4241 36878 01ECAEAE027888B2AE298BEBC1DF672E32A4563064CC8395A6505AFECDCAE471
6032700266 22 60210 7C20F6CF1A09EEE4F40FE6F70B0F070213E4AE0B9599CF6348B0EAC781225457
6035188230 23720 57192 7C20F6CF1A09EEE4F40FE6F70B0F070213E4AE0B9599CF6348B0EAC781225457
6032876902 49722 26675 7C20F6CF1A09EEE4F40FE6F70B0F070213E4AE0B9599CF6348B0EAC781225457
6035730930 35782 48987 7C20F6CF1A09EEE4F40FE6F70B0F070213E4AE0B9599CF6348B0EAC781225457
6029342863 62200 13297 7C20F6CF1A09EEE4F40FE6F70B0F070213E4AE0B9599CF6348B0EAC781225457
6026406871 3825 59250 0940DB4A1788C49D3BBE3B35EF6147E9036CAF113459662A9C6A6CD56F83A959

Total of 0 tasks calculated error.
