Total of 100 tasks calculated correctly, accuracy 100.00% 
6088745036 47906 49836 7C20F6CF1A09EEE4F40FE6F70B0F070213E4AE0B9599CF6348B0EAC781225457
6092301877 10625 40616 31422E0548F5381CA5F97DE0C3B18B4E09EF7778C1CC0D52EC584339E3E44D94
6085539955 25446 29769 7C20F6CF1A09EEE4F40FE6F70B0F070213E4AE0B9599CF6348B0EAC781225457
6090056142 41984 47923 7C20F6CF1A09EEE4F40FE6F70B0F070213E4AE0B9599CF6348B0EAC781225457
6089421003 5266 3917 7C20F6CF1A09EEE4F40FE6F70B0F070213E4AE0B9599CF6348B0EAC781225457
6092841441 12448 49571 7C20F6CF1A09EEE4F40FE6F70B0F070213E4AE0B9599CF6348B0EAC781225457
6094912846 52453 10369 438C3B4B43731DEB30F497944A930BC8D7A6DCF5F2247A006D0019124D94F2E2
6096072661 19040 22040 7C20F6CF1A09EEE4F40FE6F70B0F070213E4AE0B9599CF6348B0EAC781225457
6094863149 773 15383 513F53F520E5DCA8A8BCAA71C5A3D17E513F82333B2621D2F1C26F5F56563DD0
6092374854 23571 14915 DF58EF429C59E128438685E7C407A33F0FF559A918E5FBD90593AE190AB3E607
6084985448 36883 60829 C1FC56EB847B36AFD55717F8D15C96F8F6F6EA2C6CA3ADBB8BB473944BC49BE9
6095583680 16237 35092 C8DC718591E6D561E367D020CB5DE2440E9CDC01E7C15C1CC56A96FCDD788558
6085232137 64777 1197 A5D2257F48524CF835AF86449D2F5476E4482A6F63FF9DA9301875540493F202
6094343657 35684 23427 7C20F6CF1A09EEE4F40FE6F70B0F070213E4AE0B9599CF6348B0EAC781225457
6085228651 36535 1771 0E92A95190905C88D91FC1B54FA939A0233EFC603313FC779B3E742C5FBB9144
6095382115 59056 21830 7C20F6CF1A09EEE4F40FE6F70B0F070213E4AE0B9599CF6348B0EAC781225457
6090793958 32284 46519 7C20F6CF1A09EEE4F40FE6F70B0F070213E4AE0B9599CF6348B0EAC781225457
6085160781 44455 7213 079E373F4F783B3B44D04BBAFF327A1DA7CEC21649470A6863CA7AFF4087B754
6095387939 15768 28976 7C20F6CF1A09EEE4F40FE6F70B0F070213E4AE0B9599CF6348B0EAC781225457
6088123996 10999 19092 D6E2AAA12D112C78F85F93A154C9CEF3D13125D77FF923D7F7B8B10C27BA93BE
6087393331 52029 51324 86D00C9168C635719480993D24E6F4FEE4D4F7B4756ABE78B01F5E0F91995868
6093920841 9734 44288 7C20F6CF1A09EEE4F40FE6F70B0F070213E4AE0B9599CF6348B0EAC781225457
6085201569 61202 52814 7C20F6CF1A09EEE4F40FE6F70B0F070213E4AE0B9599CF6348B0EAC781225457
6085254252 65287 42932 6195BB845A77DF238F2A691F154ADEAEDBC769B9DD57379D6516B3E58787ADCC
6086490932 36622 11987 7C20F6CF1A09EEE4F40FE6F70B0F070213E4AE0B9599CF6348B0EAC781225457
6096096553 11979 50702 4036E78865529A4960519F02C7B369944EA7B33E0246A7A642708320AAA8ABC3
6091316141 31512 29648 7C20F6CF1A09EEE4F40FE6F70B0F070213E4AE0B9599CF6348B0EAC781225457
6088304742 39619 42512 103F407FBDD48BA0F825D0C1601E99318C9777263C10CF15158E067548328EA2
6089643528 3283 819 D36A9724168CA1E8F5DB850FD40D425126E3B674E4932205F17B2B4FACD9EAAD
6091222324 15792 17663 7C20F6CF1A09EEE4F40FE6F70B0F070213E4AE0B9599CF6348B0EAC781225457
6093298457 24802 22290 7C20F6CF1A09EEE4F40FE6F70B0F070213E4AE0B9599CF6348B0EAC781225457
6093731015 32589 40065 E1729DD47D99E8ECC4744D56D581EB70D07A059DE0B65EB2C7AC7D8CB17F3BE4
6094441193 51183 30347 9B84FF1E260C441D69555BF1A6D9F39CFBF4B5B3936E4324744E6FF998B76AE6
6092041276 31158 46342 7C20F6CF1A09EEE4F40FE6F70B0F070213E4AE0B9599CF6348B0EAC781225457
6096070767 24178 16619 7C20F6CF1A09EEE4F40FE6F70B0F070213E4AE0B9599CF6348B0EAC781225457
6090439724 4090 57757 7C20F6CF1A09EEE4F40FE6F70B0F070213E4AE0B9599CF6348B0EAC781225457
6091065769 13313 33124 BFC596A015FB31E1BD605DF96B408DDA71138D5151928086DB17F9636514867F
6092049100 58237 2366 8EAFF5E54C999419D4CCDE4D4B81509EBD580879D619F14E864E1951681A71CD
6085584170 34137 65497 01A9F4A13E884651497D946EAC8B1FEA599F57F1B336FAB724C4B261F57CCB38
6088801982 59818 51581 7C20F6CF1A09EEE4F40FE6F70B0F070213E4AE0B9599CF6348B0EAC781225457
6094612019 63832 15858 7C20F6CF1A09EEE4F40FE6F70B0F070213E4AE0B9599CF6348B0EAC781225457
6088924132 10322 53565 7C20F6CF1A09EEE4F40FE6F70B0F070213E4AE0B9599CF6348B0EAC781225457
6087326495 43038 17096 7C20F6CF1A09EEE4F40FE6F70B0F070213E4AE0B9599CF6348B0EAC781225457
6088437873 4339 22483 E721D8A90307831EE739846E3095EE97F1AD14510C743A78E46520C1A12184EF
6088842981 25060 3396 7C20F6CF1A09EEE4F40FE6F70B0F070213E4AE0B9599CF6348B0EAC781225457
6086093556 18610 29419 7C20F6CF1A09EEE4F40FE6F70B0F070213E4AE0B9599CF6348B0EAC781225457
6095287613 60287 39648 8EF89212F944890BEE1306EF15C83824386418231718453E7CA60FF2409C1DE8
6092985595 64534 12488 7C20F6CF1A09EEE4F40FE6F70B0F070213E4AE0B9599CF6348B0EAC781225457
6089354793 37789 2043 B4F534158B5CB9CA7B41A0F50D14DABC982FEB3BBC23D7A83C44284DD5C9E729
6089852877 56246 45249 7C20F6CF1A09EEE4F40FE6F70B0F070213E4AE0B9599CF6348B0EAC781225457
6092774341 11736 51219 7C20F6CF1A09EEE4F40FE6F70B0F070213E4AE0B9599CF6348B0EAC781225457
6088004829 53043 46231 1A536802C45A1F36EC95855C0A218BB4EEA255F71D8800901F4F690204EAC6C9
6096180283 42437 4581 EBFF10763E9807223216D5C6B016801E8212CF7323D12DFD5A027AFFA64C000A
6091991193 43647 6236 7C7F687B20386C625232A7445F812D215FC364C2516C00808B3927DACFD141D4
6085321285 1603 29456 84497CE464D1C0A23ECF1DC3682DBDBE68533D4BD07BDA4E3C6BAAEA3ECF6F70
6093425738 20640 46646 7C20F6CF1A09EEE4F40FE6F70B0F070213E4AE0B9599CF6348B0EAC781225457
6094024792 44950 32546 7C20F6CF1A09EEE4F40FE6F70B0F070213E4AE0B9599CF6348B0EAC781225457
6090396167 23795 14793 2417AE673DC6A575D694D99D5F86C63F80AC56F740DFCEFB7FF339B46FFF580E
6086295765 51558 1397 7C20F6CF1A09EEE4F40FE6F70B0F070213E4AE0B9599CF6348B0EAC781225457
6087816564 6321 17708 466DA00ABF2F5E8C4F222110D73A6DDBA98CA80E72D08866BD516BF0B8A7468E
6086779958 35291 58458 9E259CE626847959493DEEF6FEEC7F7BCB79FFAF845314F23E40729A64858903
6087863055 49491 6870 6F20EDDBEA9681194FF589FD01DD3980CE4577F38BDF399FCCB923929EE54261
6089995587 57335 48458 C4467DB0054CB5D95F878B85230121052FE779C0779371035B6CEEF3EEC59750
6094656994 48268 28340 7C20F6CF1A09EEE4F40FE6F70B0F070213E4AE0B9599CF6348B0EAC781225457
6086052170 36088 6824 7C20F6CF1A09EEE4F40FE6F70B0F070213E4AE0B9599CF6348B0EAC781225457
6089775513 5178 48906 7C20F6CF1A09EEE4F40FE6F70B0F070213E4AE0B9599CF6348B0EAC781225457
6086165382 44391 45711 56E9DF68328669B59DE4822A01BBE67A3993CC74B5A9663AD55448E124C59E65
6090375327 11344 53384 7C20F6CF1A09EEE4F40FE6F70B0F070213E4AE0B9599CF6348B0EAC781225457
6090501482 54740 34434 7C20F6CF1A09EEE4F40FE6F70B0F070213E4AE0B9599CF6348B0EAC781225457
6091574499 53718 11701 7C20F6CF1A09EEE4F40FE6F70B0F070213E4AE0B9599CF6348B0EAC781225457
6091686271 64430 57352 7C20F6CF1A09EEE4F40FE6F70B0F070213E4AE0B9599CF6348B0EAC781225457
6086754884 14892 50029 7C20F6CF1A09EEE4F40FE6F70B0F070213E4AE0B9599CF6348B0EAC781225457
6090217398 48324 15579 7C20F6CF1A09EEE4F40FE6F70B0F070213E4AE0B9599CF6348B0EAC781225457
6086981743 23798 31558 7C20F6CF1A09EEE4F40FE6F70B0F070213E4AE0B9599CF6348B0EAC781225457
6086003306 27409 61824 8826DFB1DC336A2B2480B1376090BCE832AEE3E510412143BAB4D5B307E368B5
6089154475 45017 11514 F12FFE5908A29B8B8A3626CE4FAD5C811E66BE894E6BB69E64237DB08CCCE8B8
6088476746 6496 38112 7C20F6CF1A09EEE4F40FE6F70B0F070213E4AE0B9599CF6348B0EAC781225457
6087343548 14400 61873 7C20F6CF1A09EEE4F40FE6F70B0F070213E4AE0B9599CF6348B0EAC781225457
6090374215 57885 42719 13323D70F5D1BA25315245805C28F57F3BFD44C742D10D4F18DBBCB0D385B2BF
6092093853 55313 40538 01E01A2A77189517996D69000C34C837642ED0CBC08F57BF3E3BD6A37DE2A6B8
6094787162 8910 11270 7C20F6CF1A09EEE4F40FE6F70B0F070213E4AE0B9599CF6348B0EAC781225457
6093489869 51919 17769 F12FCA0972074EF64754BC7970BA44007713124F0E9C54A084DCCDE99033AF2E
6094563013 37151 39809 2308EC7F8451CFB17881B647A5DFEE31BB475A91422CE1D5F0EDC71203B05EAC
6096007058 4992 52271 7C20F6CF1A09EEE4F40FE6F70B0F070213E4AE0B9599CF6348B0EAC781225457
6084940629 59605 14550 FDCE05E7891ADE11072CB246B6E21847C6C1B4E35720D010BB33657250136AB4
6093546785 59430 34963 7C20F6CF1A09EEE4F40FE6F70B0F070213E4AE0B9599CF6348B0EAC781225457
6094149690 38706 39347 7C20F6CF1A09EEE4F40FE6F70B0F070213E4AE0B9599CF6348B0EAC781225457
6095187297 7680 45953 7C20F6CF1A09EEE4F40FE6F70B0F070213E4AE0B9599CF6348B0EAC781225457
6092609295 1918 4544 7C20F6CF1A09EEE4F40FE6F70B0F070213E4AE0B9599CF6348B0EAC781225457
6095303327 43151 17053 184264DB3AFBACD5FFE02C3EB2B423334EE4FAF558828C8975E39E966700486B
6088503543 62636 5188 7C20F6CF1A09EEE4F40FE6F70B0F070213E4AE0B9599CF6348B0EAC781225457
6088606889 22227 8638 B5B7D86D8A4C2131D33665F7EF6A8832ABDA08EFCA7D0AB3F6962BE78039CA07
6094932359 56770 42519 7C20F6CF1A09EEE4F40FE6F70B0F070213E4AE0B9599CF6348B0EAC781225457
6090794859 11656 10929 7C20F6CF1A09EEE4F40FE6F70B0F070213E4AE0B9599CF6348B0EAC781225457
6091790911 51447 59300 43BEB7E09800E7E05BC880C06F9791795D4DE246A2D7E21E7C0477A15C1FAFAA
6095951860 37761 18171 BD6A1F833ED4C76FE7602E84776260248A1E5ECB6C22882C9E6CF10E2C9F412B
6087012018 13818 38762 7C20F6CF1A09EEE4F40FE6F70B0F070213E4AE0B9599CF6348B0EAC781225457
6093225985 25450 61036 7C20F6CF1A09EEE4F40FE6F70B0F070213E4AE0B9599CF6348B0EAC781225457
6091601398 37969 61852 4B3A19CB6E1B390FD4A9D039C263E5DFCF5D50953D8DB53252D4500072BEF96B
6093073759 36694 60793 7C20F6CF1A09EEE4F40FE6F70B0F070213E4AE0B9599CF6348B0EAC781225457

Total of 0 tasks calculated error.
