Total of 100 tasks calculated correctly, accuracy 100.00% 
6104534187 57234 55027 7C20F6CF1A09EEE4F40FE6F70B0F070213E4AE0B9599CF6348B0EAC781225457
6102074589 20056 12558 7C20F6CF1A09EEE4F40FE6F70B0F070213E4AE0B9599CF6348B0EAC781225457
6104346963 8398 35834 7C20F6CF1A09EEE4F40FE6F70B0F070213E4AE0B9599CF6348B0EAC781225457
6101231150 59096 58733 7C20F6CF1A09EEE4F40FE6F70B0F070213E4AE0B9599CF6348B0EAC781225457
6106869865 49132 24674 7C20F6CF1A09EEE4F40FE6F70B0F070213E4AE0B9599CF6348B0EAC781225457
6108298109 35276 57778 7C20F6CF1A09EEE4F40FE6F70B0F070213E4AE0B9599CF6348B0EAC781225457
6108212331 6726 49524 7C20F6CF1A09EEE4F40FE6F70B0F070213E4AE0B9599CF6348B0EAC781225457
6103096046 53258 43053 7C20F6CF1A09EEE4F40FE6F70B0F070213E4AE0B9599CF6348B0EAC781225457
6102500383 15469 10750 ABC392BDD0E4BA097DE09A6754E137B64B55F2651DFDBF6F6BEF0335F473DB1B
6098879918 12433 4958 88372C39FB82E9347ABB7FDBA3C101DDB762B90D425DC8C6B2EA38F4888CAF06
6104004225 26862 65513 7C20F6CF1A09EEE4F40FE6F70B0F070213E4AE0B9599CF6348B0EAC781225457
6104433091 9141 46082 4101CDE4CBD7B12B5363801A846AFE19BDDC28CD69548358C9E8CDAB4350D33B
6097166063 49297 50449 0C121CF30C07F26A8532BEB0DCB8AAA815956F468ED554D5DF1AE3C9F2518612
6106429083 25168 29777 7C20F6CF1A09EEE4F40FE6F70B0F070213E4AE0B9599CF6348B0EAC781225457
6101598875 26457 39055 D97B22D0C42BF8E8E6ACCFCBC8445CA85D2FFC5B0571805D595651F2541EB53F
6099555208 11396 2714 7C20F6CF1A09EEE4F40FE6F70B0F070213E4AE0B9599CF6348B0EAC781225457
6104492654 17512 4690 7C20F6CF1A09EEE4F40FE6F70B0F070213E4AE0B9599CF6348B0EAC781225457
6100117547 42894 24805 7C20F6CF1A09EEE4F40FE6F70B0F070213E4AE0B9599CF6348B0EAC781225457
6102521834 11949 11652 D00FADF9CD0F930AD7A6302D36EC697AE65BAAB6EC80E3CD1544F7062F07CDF1
6099916854 1279 59019 A0705E57A0D0E17E288FAD6A8D1569CC11BB8332C0E9E204B074F4839603634F
6097583485 36817 45552 496EB016594EA839CDD98AFC57A7587BB4B1842CFCC2B319B1180A0D9E7C286C
6100168709 64697 38078 EABD087A074E98F4A7359EE1F429AF1BC1466944FB17843E506A7F55127ADA05
6101631118 5851 7301 376AF3C0E026A6A7E3E2B801744BF7596560A81B801DB01B09B47E146FAE806C
6107405460 28888 30937 7C20F6CF1A09EEE4F40FE6F70B0F070213E4AE0B9599CF6348B0EAC781225457
6106978052 53219 61289 F3A721D63B00A9FC6FABCE639F3BDFA65AC037B858E44A5C1F65DECF2BB16AD5
6104650143 39261 30305 E9271F0B3D852EC4FEDE36C5ED951518B8C16C6FD61F9EE976E2BF66752D8E6C
6098868883 17489 62358 0CC5A0A97FBEE29AF638779679168E7E6CFDD69AAA6E8030F603AC8FC72DBF83
6108280252 39263 2594 09F74F63DC760CD5032BD225A1528383D3925900CC4B5FAB880C245E9192C3F5
6098052434 42113 41535 4E490A5F30D1F145BE6DA0C99858A9A28D2A93DE3048EC781BE9FF6D47CAA62C
6096747197 56344 1006 7C20F6CF1A09EEE4F40FE6F70B0F070213E4AE0B9599CF6348B0EAC781225457
6096877787 29099 64039 25494117E155BEDD3CA2ABE0335C50DC8A95E4DB0ED769894840978D526374F9
6102716580 13886 34940 7C20F6CF1A09EEE4F40FE6F70B0F070213E4AE0B9599CF6348B0EAC781225457
6103940726 51522 21703 7C20F6CF1A09EEE4F40FE6F70B0F070213E4AE0B9599CF6348B0EAC781225457
6097523757 18965 29339 756D714BD028CDB367934702DD787CF21510EC801237BB127115E5A255488835
6103181327 29284 26889 7C20F6CF1A09EEE4F40FE6F70B0F070213E4AE0B9599CF6348B0EAC781225457
6107385077 28049 1077 72380317CED133B69DD590D26510A2ABAD83D9E11C93539E57835E02F70D13E3
6105157386 46906 46034 7C20F6CF1A09EEE4F40FE6F70B0F070213E4AE0B9599CF6348B0EAC781225457
6097094775 38992 1478 7C20F6CF1A09EEE4F40FE6F70B0F070213E4AE0B9599CF6348B0EAC781225457
6097781611 31821 3863 6A5F904C78D78790612BD668A1E8D9957B81A6DB319CFD1069EC070222F435DD
6096402310 13179 58074 92E06FC59AAF4754B624F55F940351F380533EE2A726E0FB801761C0E2A0BF03
6101319650 49053 46892 444E52268136C45AF29BC9458CD1C4B4BB603C6C76F0BA5BB842EC45BA8FAF4E
6101333723 31740 4758 7C20F6CF1A09EEE4F40FE6F70B0F070213E4AE0B9599CF6348B0EAC781225457
6106572441 33577 27032 EE8C95DDA5E07B996BD81E433338BAF9E0C48130AE9E9F66F019970248A79541
6100061206 20754 21997 7C20F6CF1A09EEE4F40FE6F70B0F070213E4AE0B9599CF6348B0EAC781225457
6098902186 57405 59956 BA68C6F17C927BA67BBA52652874011BCD1A05C366E391FE105BA1DEEE1FEC86
6105160219 28078 8719 7C20F6CF1A09EEE4F40FE6F70B0F070213E4AE0B9599CF6348B0EAC781225457
6107611731 16100 7721 7C20F6CF1A09EEE4F40FE6F70B0F070213E4AE0B9599CF6348B0EAC781225457
6102409036 48586 55702 7C20F6CF1A09EEE4F40FE6F70B0F070213E4AE0B9599CF6348B0EAC781225457
6104841022 29326 55345 7C20F6CF1A09EEE4F40FE6F70B0F070213E4AE0B9599CF6348B0EAC781225457
6107089378 30002 7941 7C20F6CF1A09EEE4F40FE6F70B0F070213E4AE0B9599CF6348B0EAC781225457
6107236384 62192 45778 7C20F6CF1A09EEE4F40FE6F70B0F070213E4AE0B9599CF6348B0EAC781225457
6105927365 18369 30181 646C45AFB56740EBBB69901FA89BEBCEE392CE4425523D28C1BF0A31E264BFA0
6098759783 62703 49480 79B27A1F0D0C19E9A6B275A22B49B109EAD8A19A2B608F00DCB14F02EDC14222
6099376268 44816 1270 7C20F6CF1A09EEE4F40FE6F70B0F070213E4AE0B9599CF6348B0EAC781225457
6103977606 29648 63876 7C20F6CF1A09EEE4F40FE6F70B0F070213E4AE0B9599CF6348B0EAC781225457
6100589655 23158 12291 7C20F6CF1A09EEE4F40FE6F70B0F070213E4AE0B9599CF6348B0EAC781225457
6102914957 57788 29821 7C20F6CF1A09EEE4F40FE6F70B0F070213E4AE0B9599CF6348B0EAC781225457
6103546625 10102 32275 7C20F6CF1A09EEE4F40FE6F70B0F070213E4AE0B9599CF6348B0EAC781225457
6105250756 51029 23671 348C167236D0BE2FD67ACA134E51039CBAE823D72A99E509F924B30D14B1B555
6108282287 64601 36175 8C2022F2923345279686C9663BF74D4B5A51061D06FC1B57879ED50C1ED9F07D
6106970188 63226 25779 7C20F6CF1A09EEE4F40FE6F70B0F070213E4AE0B9599CF6348B0EAC781225457
6104710511 38568 17827 7C20F6CF1A09EEE4F40FE6F70B0F070213E4AE0B9599CF6348B0EAC781225457
6103669970 11148 41301 7C20F6CF1A09EEE4F40FE6F70B0F070213E4AE0B9599CF6348B0EAC781225457
6098764878 30325 62278 ABAC9284E3AC51AA9FEB341D3D8789495753A9BCCE5EFC05CE9EFB742891D2B0
6102830051 65072 25440 7C20F6CF1A09EEE4F40FE6F70B0F070213E4AE0B9599CF6348B0EAC781225457
6105686722 9371 28347 EC00BD3EC3F2F9D88C8C6F8B31DA62BB772D8C143596C99796EFBC6F2B93BCAC
6099524554 54982 38246 7C20F6CF1A09EEE4F40FE6F70B0F070213E4AE0B9599CF6348B0EAC781225457
6105386376 15978 63351 7C20F6CF1A09EEE4F40FE6F70B0F070213E4AE0B9599CF6348B0EAC781225457
6097995473 47339 23401 488F64B822830AE7C55E130E3A0DCD4BEC0245985C87665EA70A7455E8D5B5EB
6103126772 14967 50355 B5FF346F5E9151F455357FEE4D524DDBF0BB79EE8C9787BD17E8C9D212E5B5F8
6105760148 10013 15406 46A7DBC2F5425D13F302AF8ED865AAD476E8879193A97CA385C7B883757C9874
6097585530 25333 19935 E17DA9376DAC1A78F595C3DB45737EBB59B985BD5ACBCA0EB8E681234BC4B8DD
6099085147 31370 64653 7C20F6CF1A09EEE4F40FE6F70B0F070213E4AE0B9599CF6348B0EAC781225457
6097708668 23906 28111 7C20F6CF1A09EEE4F40FE6F70B0F070213E4AE0B9599CF6348B0EAC781225457
6106005678 39879 9503 5CCCF09BFF9E20F131402957FC76123C05D1142CA38124E6415305A83099A134
6097789497 7453 60979 DBBE4C74DCAA2A60294C68B1E40AB8DF23E8D0CFD9CE4CE1071ED304AE65977A
6099390189 11018 25515 7C20F6CF1A09EEE4F40FE6F70B0F070213E4AE0B9599CF6348B0EAC781225457
6105113003 21227 31631 819A146A94034F78F114CE2634BF4B2DE53D57F5438823505FE59A8817EEF693
6101888368 50453 18729 68B573E1250045C2AC2F9BACD42F9A4514F76FB2A2FF954A52EF40B4D85C46D7
6104561091 26416 46182 7C20F6CF1A09EEE4F40FE6F70B0F070213E4AE0B9599CF6348B0EAC781225457
6104785559 44654 10399 7C20F6CF1A09EEE4F40FE6F70B0F070213E4AE0B9599CF6348B0EAC781225457
6102229437 12000 13597 7C20F6CF1A09EEE4F40FE6F70B0F070213E4AE0B9599CF6348B0EAC781225457
6098793282 15093 7626 9356017BFC4ACB7FCAE8372D146DB26C87AF28FBDF191C8EFAE853095E8451AD
6105442647 54032 54375 7C20F6CF1A09EEE4F40FE6F70B0F070213E4AE0B9599CF6348B0EAC781225457
6101739590 11053 36836 AF44BD50776817796911C16438CA5EB474D219E38C31BECF7F6215B9DC81E548
6104814918 34013 26750 A03D2CB8730791E529FA5747428AC7592B2E32FFF4B5C177179AFC8C322C08D7
6104474597 49081 57136 E86836F1915EF79FDCBD4C95A90B762409F68DAB8BED48CDAAAF1C236981C437
6106249288 39502 11822 7C20F6CF1A09EEE4F40FE6F70B0F070213E4AE0B9599CF6348B0EAC781225457
6097667099 39299 7373 C5A618BD539567013F9DDE666226096707BC55A2D49A6410FF8B92EABB545AE5
6099465210 63088 1084 7C20F6CF1A09EEE4F40FE6F70B0F070213E4AE0B9599CF6348B0EAC781225457
6103094526 57269 49344 69FA730ED2699C28430E14291F4D38F9FF8974A9E52D84A16D6FE6F693821D9B
6104673884 11834 49462 7C20F6CF1A09EEE4F40FE6F70B0F070213E4AE0B9599CF6348B0EAC781225457
6098910950 27199 3073 02CDB143BCF58235A959D2B9B2350308EE8DC134CCD5D1FA75E26FCABD695A0A
6099953028 23408 32892 7C20F6CF1A09EEE4F40FE6F70B0F070213E4AE0B9599CF6348B0EAC781225457
6096406567 22761 23498 314E1A7337B43397161FA2A08CC6A5E45E9317F6C1C65EF00AA9FAF668960D64
6104229585 63807 4585 667601302E82CC26D3175DA2131DF39A2D73D3A8879CE4D3833D0E572F1F5CAF
6098920951 56913 20052 5EAA8F860CC579523A825BC57F5599D52B4A8133256367370CEE25BCD160275C
6106946348 13523 41527 8E767EAAF1EA822985891F2827BC8A3CAE2352C4036BF48F22FC925BB1DAAC07
6108009036 42895 8103 A9754363700E0AC680745F9BC4F3CCD415FB1EC6763C5A57A24DC4A4E194F5AD
6098803032 19063 27569 2458EC99E525F2D01AAFB13EEC1E8BEE990BF67DC15C2D9D15FBE37EFEFE5F82

Total of 0 tasks calculated error.
