Total of 100 tasks calculated correctly, accuracy 100.00% 
609084524 8142 35913 7C20F6CF1A09EEE4F40FE6F70B0F070213E4AE0B9599CF6348B0EAC781225457
609370110 11593 5332 3BE7D53A4710CBAD88BDB0CE42F40D3B2071076CE980E09AC9470BE2B7775811
605859396 494 20721 7C20F6CF1A09EEE4F40FE6F70B0F070213E4AE0B9599CF6348B0EAC781225457
605217516 54314 27107 7C20F6CF1A09EEE4F40FE6F70B0F070213E4AE0B9599CF6348B0EAC781225457
606738585 37984 52950 7C20F6CF1A09EEE4F40FE6F70B0F070213E4AE0B9599CF6348B0EAC781225457
607438231 20192 38951 7C20F6CF1A09EEE4F40FE6F70B0F070213E4AE0B9599CF6348B0EAC781225457
607527010 41060 36419 7C20F6CF1A09EEE4F40FE6F70B0F070213E4AE0B9599CF6348B0EAC781225457
604814807 41916 45392 7C20F6CF1A09EEE4F40FE6F70B0F070213E4AE0B9599CF6348B0EAC781225457
603829924 15052 41910 7C20F6CF1A09EEE4F40FE6F70B0F070213E4AE0B9599CF6348B0EAC781225457
607391231 1644 30414 7C20F6CF1A09EEE4F40FE6F70B0F070213E4AE0B9599CF6348B0EAC781225457
609416081 43053 39685 119478F1DB47A41B9DCBF84D41D7B801BB0B11F8CBFDDB271FBB08D130874F0A
606916429 14354 7713 7C20F6CF1A09EEE4F40FE6F70B0F070213E4AE0B9599CF6348B0EAC781225457
604171973 64856 64946 7C20F6CF1A09EEE4F40FE6F70B0F070213E4AE0B9599CF6348B0EAC781225457
609926197 27792 44639 7C20F6CF1A09EEE4F40FE6F70B0F070213E4AE0B9599CF6348B0EAC781225457
602563688 41912 57723 7C20F6CF1A09EEE4F40FE6F70B0F070213E4AE0B9599CF6348B0EAC781225457
601733907 61611 26861 198AFD11C126FFE634E3CCE5DEC65F3BD9496BBCB39ECE3F9BBCBA496EDA4085
605418953 9241 16257 BA01B5176E4A888303749D6314CFF2D31ED30C177567BC894D978DCFEEAB2F43
607164027 34177 26891 FAA264113BB64C16E0AC8B61ECCA4F6944697FCE1C796B4DA8A7E952B82A1243
601012589 7699 38650 DE0A883B65EFE048BFE76A19A60360356725DD02376612987B90AD1C15968B67
607558384 19454 25195 7C20F6CF1A09EEE4F40FE6F70B0F070213E4AE0B9599CF6348B0EAC781225457
609756902 35372 41212 7C20F6CF1A09EEE4F40FE6F70B0F070213E4AE0B9599CF6348B0EAC781225457
606789535 57051 58845 22228A2012B8CFB211DB4062A2CB67213541B15BA31D1B7B8E8EB090DD6785F1
601300005 26110 33983 7C20F6CF1A09EEE4F40FE6F70B0F070213E4AE0B9599CF6348B0EAC781225457
600834954 21493 59716 069C10F9C81855E1D6BDAAE6709B58A104EE3A61DD4EA54545035EFC4410CDA0
603163963 52220 62669 7C20F6CF1A09EEE4F40FE6F70B0F070213E4AE0B9599CF6348B0EAC781225457
607925282 15548 61188 7C20F6CF1A09EEE4F40FE6F70B0F070213E4AE0B9599CF6348B0EAC781225457
610830252 36048 48217 7C20F6CF1A09EEE4F40FE6F70B0F070213E4AE0B9599CF6348B0EAC781225457
604302224 47310 55874 7C20F6CF1A09EEE4F40FE6F70B0F070213E4AE0B9599CF6348B0EAC781225457
603499731 17478 341 7C20F6CF1A09EEE4F40FE6F70B0F070213E4AE0B9599CF6348B0EAC781225457
604190113 4658 14190 7C20F6CF1A09EEE4F40FE6F70B0F070213E4AE0B9599CF6348B0EAC781225457
605674195 857 35290 39FBF03659F04FB01ECDA2F92C933F75680E1F5F6D5E03F9D7FE8442F1C2EF88
604838478 27221 45856 F842E63A80AA0C937C08055C8DF9A533347EC5253AC87A7A206DA57C71592741
600683947 10631 52123 80E5E45A76F503357E05A2C4FE55FF883EE7D00F37B8F3093CB8CC1B7FD54512
609955717 631 34662 414E25E8927E30222CB594EE208DCB18DB85D4882C54A9163C0CE837B2575E8A
607702079 56158 3771 7C20F6CF1A09EEE4F40FE6F70B0F070213E4AE0B9599CF6348B0EAC781225457
607745463 24574 47297 7C20F6CF1A09EEE4F40FE6F70B0F070213E4AE0B9599CF6348B0EAC781225457
604792774 21222 60058 7C20F6CF1A09EEE4F40FE6F70B0F070213E4AE0B9599CF6348B0EAC781225457
609279672 9694 27211 7C20F6CF1A09EEE4F40FE6F70B0F070213E4AE0B9599CF6348B0EAC781225457
609964173 58354 13385 7C20F6CF1A09EEE4F40FE6F70B0F070213E4AE0B9599CF6348B0EAC781225457
611933211 38780 57835 7C20F6CF1A09EEE4F40FE6F70B0F070213E4AE0B9599CF6348B0EAC781225457
604365480 36211 57186 D9C5FA310EBE8F078E29B712F787AC97E2EF502E71FE9F29AF763066161A994F
610371951 17295 50509 BCFAE7730965A00344D1AD66C2881A1B3A77068CEB32BF547739C93279B5ECEA
604711336 38339 15610 E028AD5DF6912565379D3F27562BFE41FAB69647399A8FFA45CE42D5BA8B0B44
606420472 11050 44005 7C20F6CF1A09EEE4F40FE6F70B0F070213E4AE0B9599CF6348B0EAC781225457
610745150 47692 27299 7C20F6CF1A09EEE4F40FE6F70B0F070213E4AE0B9599CF6348B0EAC781225457
602550008 5988 49893 7C20F6CF1A09EEE4F40FE6F70B0F070213E4AE0B9599CF6348B0EAC781225457
610956218 11171 43588 FB8084F382FFD4E695934A871E52D40C5895A667B04B91178968A162A4F7CA8F
603533536 56549 34163 6D3C3051E772C4856B7E965C2B27A3188103AD64CB966823552E5C71D3B4BE4E
602486770 4990 33671 7C20F6CF1A09EEE4F40FE6F70B0F070213E4AE0B9599CF6348B0EAC781225457
611877729 43675 46756 D3D44C022654DE3B8EC7839918924187537DA6E713421EFB38819FC4F7034D04
601672138 10677 42363 95D9B65B6BBEB5DECC8BE8E89E9129701F1F0F4A789F8FA6E8D54F8067B95525
604821178 36277 31318 8D45EF5875ACBB3420A2031E03258738F2A242A4412C4E85D0FE604023EC9C36
608741771 9768 54979 7C20F6CF1A09EEE4F40FE6F70B0F070213E4AE0B9599CF6348B0EAC781225457
608699528 10617 60231 F246BA306F53BB5B4E7734EB45A1DE810A95DE35645F53F7658C07858F73BDCA
609855777 38546 61915 7C20F6CF1A09EEE4F40FE6F70B0F070213E4AE0B9599CF6348B0EAC781225457
603889145 17549 51247 D14C7CB9F834850D4BE840D7C4EC06FFE8994A06234FA6F0602DEDE1A370C330
600650532 44289 4760 D35E7F713B425BEEF09291E576AA1169732DA62440FF2025E3400D04DCB5B04C
606726515 17254 24408 7C20F6CF1A09EEE4F40FE6F70B0F070213E4AE0B9599CF6348B0EAC781225457
608264397 54144 12150 7C20F6CF1A09EEE4F40FE6F70B0F070213E4AE0B9599CF6348B0EAC781225457
609888058 56329 25808 7D53FCE0D21FEF1E32C9C7C5E217F9D61B44ED2AFC19B05063359DEEA6780C55
608638769 29434 59305 7C20F6CF1A09EEE4F40FE6F70B0F070213E4AE0B9599CF6348B0EAC781225457
609205967 53030 57573 7C20F6CF1A09EEE4F40FE6F70B0F070213E4AE0B9599CF6348B0EAC781225457
604256233 12425 39667 D46F3E1351089966214C51841C8BDF2A057960F8B5F0408FAA7EAFE7B52320AC
606804044 7572 56315 7C20F6CF1A09EEE4F40FE6F70B0F070213E4AE0B9599CF6348B0EAC781225457
601803847 9157 56278 E2E3BF1E837E665314FDC4A3576E3CC91EFAB50507F6F49B630DE8A09A49E666
605699282 40923 38788 DAD5828F04B802AC5E52A848A276EC2F7DE4E3C5D752879BE6AEC96D98155F45
605687679 44628 61066 7C20F6CF1A09EEE4F40FE6F70B0F070213E4AE0B9599CF6348B0EAC781225457
600910863 19690 329 7C20F6CF1A09EEE4F40FE6F70B0F070213E4AE0B9599CF6348B0EAC781225457
605732642 4548 63820 7C20F6CF1A09EEE4F40FE6F70B0F070213E4AE0B9599CF6348B0EAC781225457
606404585 12942 6825 7C20F6CF1A09EEE4F40FE6F70B0F070213E4AE0B9599CF6348B0EAC781225457
606185756 49614 62387 7C20F6CF1A09EEE4F40FE6F70B0F070213E4AE0B9599CF6348B0EAC781225457
603232542 43982 10413 7C20F6CF1A09EEE4F40FE6F70B0F070213E4AE0B9599CF6348B0EAC781225457
605691874 55431 65147 BD7444D9743C0BA884E9280B4AFD2200151BFDB1BFB61D9410FEDCC20266B83C
605825077 34529 42677 448456C86E0006C35969540B0FA648BBC8E9AC8E134A6B92A1FF929F5FA7F6FF
602326323 45051 47950 0ED1CD128408C209C20BE1D5CEBABD8A74C0F14EF4EBE33672853CD50EB83758
600616578 56850 53321 7C20F6CF1A09EEE4F40FE6F70B0F070213E4AE0B9599CF6348B0EAC781225457
601142389 33711 34029 A3582F00724F8F6FC7F1719DCAACF1D5DF38AB04AA3F8392C3F5B1538FC88075
600955853 32855 22538 9A8C117F1533609EEE7F16AA541006FA01AA1178751CC5AA7FD633B28999B400
604758361 52792 19413 7C20F6CF1A09EEE4F40FE6F70B0F070213E4AE0B9599CF6348B0EAC781225457
603529075 10366 16404 7C20F6CF1A09EEE4F40FE6F70B0F070213E4AE0B9599CF6348B0EAC781225457
609343306 1651 9246 5783AD826052C78E67AE3C312B1E3508F36C7E53DAEA68CE77DFEBE81552EF19
611131715 65322 56943 7C20F6CF1A09EEE4F40FE6F70B0F070213E4AE0B9599CF6348B0EAC781225457
607221467 29334 47681 7C20F6CF1A09EEE4F40FE6F70B0F070213E4AE0B9599CF6348B0EAC781225457
608673555 45096 59493 7C20F6CF1A09EEE4F40FE6F70B0F070213E4AE0B9599CF6348B0EAC781225457
605638678 44176 41132 7C20F6CF1A09EEE4F40FE6F70B0F070213E4AE0B9599CF6348B0EAC781225457
601949218 28819 59091 502D67B0424922BE04B44158DF744F0E948F15D8482E6319A922AB4E345C4929
610333856 35132 59350 7C20F6CF1A09EEE4F40FE6F70B0F070213E4AE0B9599CF6348B0EAC781225457
607810797 20041 50532 52336F3D0C2E760BBDB87F339227192941C69F536C718297F63E0730BF51AFF0
608754490 22528 18083 7C20F6CF1A09EEE4F40FE6F70B0F070213E4AE0B9599CF6348B0EAC781225457
609775325 32114 49889 7C20F6CF1A09EEE4F40FE6F70B0F070213E4AE0B9599CF6348B0EAC781225457
610050855 6892 45823 7C20F6CF1A09EEE4F40FE6F70B0F070213E4AE0B9599CF6348B0EAC781225457
607407617 25117 60449 25A64042363EDB3BE11790F75FA135ABCE4F2579E33140FFCB746CBE2938BD55
607385843 49146 24948 7C20F6CF1A09EEE4F40FE6F70B0F070213E4AE0B9599CF6348B0EAC781225457
612067912 54978 51676 7C20F6CF1A09EEE4F40FE6F70B0F070213E4AE0B9599CF6348B0EAC781225457
609728480 44788 25452 7C20F6CF1A09EEE4F40FE6F70B0F070213E4AE0B9599CF6348B0EAC781225457
602201037 49919 3862 C649524FDC390995051AE9EEAD14F1816C15ABCB106507291EAD03FC62430C06
611526495 17086 36853 7C20F6CF1A09EEE4F40FE6F70B0F070213E4AE0B9599CF6348B0EAC781225457
608555708 33602 42665 7C20F6CF1A09EEE4F40FE6F70B0F070213E4AE0B9599CF6348B0EAC781225457
610150150 45426 40089 7C20F6CF1A09EEE4F40FE6F70B0F070213E4AE0B9599CF6348B0EAC781225457
603670420 54615 44066 DDAEA40149C774179F9DC6FF2E566D841BEFD93A1B8F678D0FC5424B7A3D374A

Total of 0 tasks calculated error.
