Total of 100 tasks calculated correctly, accuracy 100.00% 
6118048325 12804 28825 7C20F6CF1A09EEE4F40FE6F70B0F070213E4AE0B9599CF6348B0EAC781225457
6113439501 48352 11974 7C20F6CF1A09EEE4F40FE6F70B0F070213E4AE0B9599CF6348B0EAC781225457
6114878342 64653 6041 A32F008E1EEC69F387323A826322DDB0D1B3CAD53968F69431CAD0E7E588B914
6118397658 29225 17118 C729FCA585341DFE661AB4423D2AD2C25F49A11347DFF8D67351F5D7AB131B16
6116890922 22602 15263 7C20F6CF1A09EEE4F40FE6F70B0F070213E4AE0B9599CF6348B0EAC781225457
6118789211 57967 16505 FB7DD0308EFF6ED8E9317C4205D3F3CD120BC91C5AC6BC162C2230ED7328088D
6118332008 13457 774 C127592E09D52E9F2A1E0FF1ACE359BB17A18E1BDB67800554A52AE272A48A57
6111365719 50090 20397 7C20F6CF1A09EEE4F40FE6F70B0F070213E4AE0B9599CF6348B0EAC781225457
6110770312 52125 30124 80DDC4837145D0BF7196D056E2EBCB2A3A7732C8FA2F389727D1CFF8E7F90C80
6116014500 31894 32409 7C20F6CF1A09EEE4F40FE6F70B0F070213E4AE0B9599CF6348B0EAC781225457
6118786247 41039 55301 F357FEFC022C9D03AA424C283BDE2B9E781519105766F35CFEF666D593999763
6115124843 55812 26384 7C20F6CF1A09EEE4F40FE6F70B0F070213E4AE0B9599CF6348B0EAC781225457
6113337918 14029 3707 D6FA871D2820FF094BBD6EF4EEE8EBD2551201D0BAF358793D5DF3F2464C5C17
6111526414 55889 7402 85B9830B4A475F0146F48A20C00F14BD05B57BE956F05D224AB96FABDCCA34C7
6119866234 54592 63470 7C20F6CF1A09EEE4F40FE6F70B0F070213E4AE0B9599CF6348B0EAC781225457
6119869349 15341 950 C2E265931E52676DDFF8B83674D82984A565DBC7965DAAE6F28426872E152FAD
6114539343 52399 6999 6949DB4E9C3DBA62DCFAECAFF12FC2FF0E460E58BE11E2DDEFA707B5AFD060A7
6110516514 5070 1506 7C20F6CF1A09EEE4F40FE6F70B0F070213E4AE0B9599CF6348B0EAC781225457
6110586369 54665 54921 A9E3D5A9E22521010EB8834FD157D0EECB73579FE07EE72E9A83BFF599102865
6117226047 17103 8325 AC1EA74A0C1348393519BE4DEB3200597621A053F13312015CE269CE9D696332
6108753490 53636 31822 7C20F6CF1A09EEE4F40FE6F70B0F070213E4AE0B9599CF6348B0EAC781225457
6111691193 22167 10286 79E2FB27769687CC1FD251591E199B939AAE2039A8B8ED73E3DCA4E333A42231
6110642896 46217 339 752650FD4831C6F0739A0C90FE4BD2846D29F2CBACC929532173DF61C95FC0E7
6110249789 8870 6945 7C20F6CF1A09EEE4F40FE6F70B0F070213E4AE0B9599CF6348B0EAC781225457
6108391173 36886 49543 7C20F6CF1A09EEE4F40FE6F70B0F070213E4AE0B9599CF6348B0EAC781225457
6115023253 51066 40939 7C20F6CF1A09EEE4F40FE6F70B0F070213E4AE0B9599CF6348B0EAC781225457
6116155726 39930 63151 7C20F6CF1A09EEE4F40FE6F70B0F070213E4AE0B9599CF6348B0EAC781225457
6114284619 33903 55923 2CB946630454ADE3DE6509436FCDE6D99203CA4DE5580093A34D9674BA152F73
6116344205 53028 43106 7C20F6CF1A09EEE4F40FE6F70B0F070213E4AE0B9599CF6348B0EAC781225457
6111994961 25234 61321 7C20F6CF1A09EEE4F40FE6F70B0F070213E4AE0B9599CF6348B0EAC781225457
6112970641 32845 24915 51F73B2CF622DB742206CEF4CAEE95BA7D61D7E1BBBE5FC264325C2A89EE9566
6116605236 45631 17399 A95146141C8BCE2B69C2A6048CA372E55EED9A1AE02C76DF0103E681D4B6ACEC
6114910601 63845 40388 CE7EC679AC22D678B1885B02B271F452052652357D3CA7C54D95751D623A51AE
6115541475 59830 33075 7C20F6CF1A09EEE4F40FE6F70B0F070213E4AE0B9599CF6348B0EAC781225457
6110042799 57646 2385 7C20F6CF1A09EEE4F40FE6F70B0F070213E4AE0B9599CF6348B0EAC781225457
6110924205 9089 26553 F61E793DD9884D891F6336F4B9FC3D145214C0D4F62E34FC2531F4400877B993
6116087654 46263 47353 9189B40A7DFC83E7999F10E5317D162296EDBB10833847316E24A25CCAFF2280
6116672609 61461 59783 F654DD6005E4746E7CCA371C4C09B4F4F6158315542B03A4B30F2139F49FDC93
6109800291 43885 20709 7C15907755A40B5BD8865E9E488E2BA6C04CDF1EC39995AC88836CA7F95E1234
6110293121 41190 39047 7C20F6CF1A09EEE4F40FE6F70B0F070213E4AE0B9599CF6348B0EAC781225457
6108664939 4037 61978 B543DBC87429D210DB9072C9E356D9A83CBF4E75BFD21DC3BFC7BE884A4E0E82
6119597348 59658 11641 7C20F6CF1A09EEE4F40FE6F70B0F070213E4AE0B9599CF6348B0EAC781225457
6116265158 46810 47495 7C20F6CF1A09EEE4F40FE6F70B0F070213E4AE0B9599CF6348B0EAC781225457
6111197351 4590 55203 7C20F6CF1A09EEE4F40FE6F70B0F070213E4AE0B9599CF6348B0EAC781225457
6108519902 29946 52036 7C20F6CF1A09EEE4F40FE6F70B0F070213E4AE0B9599CF6348B0EAC781225457
6114046414 1799 58945 ED81E5AA4504555160149EE4164CC361358ABBF665F9DA54BD370ABA27E6BDCE
6118337485 55419 21197 FB8D789F8EC8789A604B23BE3EB4E9731EE34ABD4C93BD4A26F4B34C3A430ED8
6116582744 6690 5341 7C20F6CF1A09EEE4F40FE6F70B0F070213E4AE0B9599CF6348B0EAC781225457
6115344940 11908 4708 7C20F6CF1A09EEE4F40FE6F70B0F070213E4AE0B9599CF6348B0EAC781225457
6118006128 1462 30572 7C20F6CF1A09EEE4F40FE6F70B0F070213E4AE0B9599CF6348B0EAC781225457
6112340740 54960 384 7C20F6CF1A09EEE4F40FE6F70B0F070213E4AE0B9599CF6348B0EAC781225457
6115790435 42308 27555 7C20F6CF1A09EEE4F40FE6F70B0F070213E4AE0B9599CF6348B0EAC781225457
6117637218 18380 24260 7C20F6CF1A09EEE4F40FE6F70B0F070213E4AE0B9599CF6348B0EAC781225457
6118041226 64490 61908 7C20F6CF1A09EEE4F40FE6F70B0F070213E4AE0B9599CF6348B0EAC781225457
6118150469 43457 38821 CDEEEACB6AC802B414D12C2A5E2794925C29DC7B6A1E5CC3747CACE29D427DF4
6108821976 44259 306 C52F8A0708662E8DE8FCCCDEFE5497CF6DD3BE157A9FA7B86E1EA38ED93CD3CD
6117212635 20802 33378 7C20F6CF1A09EEE4F40FE6F70B0F070213E4AE0B9599CF6348B0EAC781225457
6109040924 38741 61185 F8B0E72C9F75ECB4CD5093DF1649B20E7DAE9510836DC022DB22C389F43F4523
6117761671 8976 18863 7C20F6CF1A09EEE4F40FE6F70B0F070213E4AE0B9599CF6348B0EAC781225457
6108691174 42771 8962 D08A6765D32A14CB663A8CB61301319BC863396C6B55B3A58D6D7530A7D2A0AA
6114252531 61355 23446 A39D4AD708E1863373CF4D00E377D5C9B3972BA7A6F14145A0DF1D22031EE459
6110663837 59011 27101 E8669A346DC0210C9198D7D10EA4F3B6F10C3EB7FA864CEA64CA76807B942012
6116890316 26769 1515 0BA82CBE096EE7D9F8BB0FD8A5158191235213B516333DAA794AAD3C599493EA
6114072562 40144 33279 7C20F6CF1A09EEE4F40FE6F70B0F070213E4AE0B9599CF6348B0EAC781225457
6119673779 16605 6478 D3B4F1CBC5048D0F4194CF3B9FDAB0AE6DD172D83232106EC232080AEFAC7366
6112239772 26140 48719 7C20F6CF1A09EEE4F40FE6F70B0F070213E4AE0B9599CF6348B0EAC781225457
6108923377 3622 373 7C20F6CF1A09EEE4F40FE6F70B0F070213E4AE0B9599CF6348B0EAC781225457
6115590863 63860 49505 7C20F6CF1A09EEE4F40FE6F70B0F070213E4AE0B9599CF6348B0EAC781225457
6113033205 33431 23403 D9C215A953ACCCB1B9CE6F335B1148A1521A8EF7C682BDC888957C66F1CD9590
6112166307 16920 9665 7C20F6CF1A09EEE4F40FE6F70B0F070213E4AE0B9599CF6348B0EAC781225457
6109783267 48334 11773 7C20F6CF1A09EEE4F40FE6F70B0F070213E4AE0B9599CF6348B0EAC781225457
6108697142 10717 60343 D44D818510F94406B4462D70A111964C36B1DBBAD38724E1750F2A87BD888E51
6108730235 7623 4580 B1A75787A0782C20E4FFD9C32ECAFBC4D69F48AFDCCBB47EDC4BDA58D25CFA05
6112484659 6440 6032 7C20F6CF1A09EEE4F40FE6F70B0F070213E4AE0B9599CF6348B0EAC781225457
6113293212 25607 8688 8161C440EFEC025768B0B077E26E7B68C66FAF11959667F41DEE66C478E75EBB
6113826137 63418 14861 7C20F6CF1A09EEE4F40FE6F70B0F070213E4AE0B9599CF6348B0EAC781225457
6117011228 21494 21336 7C20F6CF1A09EEE4F40FE6F70B0F070213E4AE0B9599CF6348B0EAC781225457
6108585046 55421 57999 37B1D3A9F35DE5D6AB6D39349106A8F36B9615602AC2113583BD9480E81A7C16
6110819224 5598 5231 7C20F6CF1A09EEE4F40FE6F70B0F070213E4AE0B9599CF6348B0EAC781225457
6109343538 52429 57720 C29263E41416854F8EE7DE559151A250827666FB659F493B182D1C19F224F316
6111104231 40080 14398 7C20F6CF1A09EEE4F40FE6F70B0F070213E4AE0B9599CF6348B0EAC781225457
6117684237 37007 9271 F6697916D9B1C40335FEF7D2954C1AEED503E46501382DB26DA1D232CE6456FD
6108962604 31128 1543 7C20F6CF1A09EEE4F40FE6F70B0F070213E4AE0B9599CF6348B0EAC781225457
6112133573 15708 25631 7C20F6CF1A09EEE4F40FE6F70B0F070213E4AE0B9599CF6348B0EAC781225457
6118006541 19466 60919 7C20F6CF1A09EEE4F40FE6F70B0F070213E4AE0B9599CF6348B0EAC781225457
6110718991 32259 25919 931A48A42BF2111AA8E678BBCE7C5D217A6E2E938C4A1C8257C26CA29C45C097
6109951847 48468 4811 7C20F6CF1A09EEE4F40FE6F70B0F070213E4AE0B9599CF6348B0EAC781225457
6118267872 54801 65379 F1021FC78AA0652CC9C3A35C4050F97B7804F047149A6ED46DE794429B2668A7
6112601468 46958 15185 7C20F6CF1A09EEE4F40FE6F70B0F070213E4AE0B9599CF6348B0EAC781225457
6111442228 2473 18814 812CB70229CFBAF74C36F99CFC9A0A4A95884382A16B35998A1C0A46DE050104
6109421873 42049 10371 B4E16FD3F59170EEDF4493BC4DAAC7E5E336A72C51712B6F3BC260C3FD2D66E6
6112873375 39977 43256 0480262D18C985CDEED77DC9C9ABE81C3A50967FA5FA0E906CE74667F2D76115
6112296629 39365 28473 AF4D4C97C30D14DA3633C777D78770B41B399169664B40128D4DF65B99504079
6114638091 52288 52166 7C20F6CF1A09EEE4F40FE6F70B0F070213E4AE0B9599CF6348B0EAC781225457
6112310463 24191 57263 B1E3EEEDB9FDD29F421DD8AF38184F7062B0088F2481B2B714C3D7CA523A7470
6119072690 4962 23039 7C20F6CF1A09EEE4F40FE6F70B0F070213E4AE0B9599CF6348B0EAC781225457
6117526081 49687 39081 C520EB73EBDEFDCF0EF26D121DCA65B318F59230BF754B83A3133FB373BC95FE
6115745135 41623 62701 A580E72E673F85D954E37B03C2C1C6B63735BCAEF6D6167721A32A0C64C879C0
6109336526 60235 20320 E5B13E84CCAD9EB8BF783A4E3F354392D793FF0F6CB2AAF672702C835C97E170
6109472038 1086 1719 7C20F6CF1A09EEE4F40FE6F70B0F070213E4AE0B9599CF6348B0EAC781225457

Total of 0 tasks calculated error.
