Total of 100 tasks calculated correctly, accuracy 100.00% 
6126004512 41166 33592 7C20F6CF1A09EEE4F40FE6F70B0F070213E4AE0B9599CF6348B0EAC781225457
6126619039 20312 27664 7C20F6CF1A09EEE4F40FE6F70B0F070213E4AE0B9599CF6348B0EAC781225457
6121601410 43426 60127 7C20F6CF1A09EEE4F40FE6F70B0F070213E4AE0B9599CF6348B0EAC781225457
6126777389 53056 26535 7C20F6CF1A09EEE4F40FE6F70B0F070213E4AE0B9599CF6348B0EAC781225457
6128046607 46074 51413 7C20F6CF1A09EEE4F40FE6F70B0F070213E4AE0B9599CF6348B0EAC781225457
6121250324 6425 10120 52E4C09347C77C9BEE40950E3055C9B9F8EE0403EB03A207BB7B10F42C6AE421
6130884586 54956 57397 7C20F6CF1A09EEE4F40FE6F70B0F070213E4AE0B9599CF6348B0EAC781225457
6130592774 31739 17045 6D8028336FCBB34246609C613ED50A47DBF0DC7426BD0076126621D73457EC4E
6132230402 58369 37410 F80C27C74370207455B3658446D55176582983C3D5D60EDA72D86CD2449CC9DF
6121091697 26800 31443 7C20F6CF1A09EEE4F40FE6F70B0F070213E4AE0B9599CF6348B0EAC781225457
6124038890 23819 11265 6D04B100B258E267AEDD1CD5E6A3CBEF5AF7D0E9BC1377D267A17714C60FD7C3
6125506440 41565 54803 5FC05CEAC942FE86195EDD7BF69C5E0558AA871CC6C3981E5E6B3FEE6D96FCAD
6129186069 3440 49308 7C20F6CF1A09EEE4F40FE6F70B0F070213E4AE0B9599CF6348B0EAC781225457
6129760253 45568 42309 7C20F6CF1A09EEE4F40FE6F70B0F070213E4AE0B9599CF6348B0EAC781225457
6123253491 25912 58071 7C20F6CF1A09EEE4F40FE6F70B0F070213E4AE0B9599CF6348B0EAC781225457
6128439669 32230 2869 7C20F6CF1A09EEE4F40FE6F70B0F070213E4AE0B9599CF6348B0EAC781225457
6127134574 59068 12238 7C20F6CF1A09EEE4F40FE6F70B0F070213E4AE0B9599CF6348B0EAC781225457
6132318280 47813 25963 288BC96634AE36DCB6C8F027151162116AFF575F5D719F8BBB1E339B8EAE5438
6128588121 48156 55282 7C20F6CF1A09EEE4F40FE6F70B0F070213E4AE0B9599CF6348B0EAC781225457
6126636284 53020 62627 7C20F6CF1A09EEE4F40FE6F70B0F070213E4AE0B9599CF6348B0EAC781225457
6124494860 21632 18057 7C20F6CF1A09EEE4F40FE6F70B0F070213E4AE0B9599CF6348B0EAC781225457
6121327493 27058 31376 7C20F6CF1A09EEE4F40FE6F70B0F070213E4AE0B9599CF6348B0EAC781225457
6123884480 29985 12880 28A43981F40053FD08593DE2FB8AEE51FE0E4DD6C6AB382A347D827089DA0A3B
6122428553 41798 35428 7C20F6CF1A09EEE4F40FE6F70B0F070213E4AE0B9599CF6348B0EAC781225457
6124373582 12865 41670 11D1DA03F69421A8A9294C0183E5C61B786D49C450657D610DD9981FFBE765EF
6130486788 39452 27896 7C20F6CF1A09EEE4F40FE6F70B0F070213E4AE0B9599CF6348B0EAC781225457
6128573169 8905 53425 E61B60CDE6D04D3CE3180C85AEAFC47DF8FC992D7BB07EA346955E0AA77844D2
6125761086 20532 49333 7C20F6CF1A09EEE4F40FE6F70B0F070213E4AE0B9599CF6348B0EAC781225457
6123473468 12894 62396 7C20F6CF1A09EEE4F40FE6F70B0F070213E4AE0B9599CF6348B0EAC781225457
6128650239 64325 60960 33A137534C8587FFDA876D018406A232BC810D15498E4F503C7BF12E3502BC39
6123940123 32966 39619 7C20F6CF1A09EEE4F40FE6F70B0F070213E4AE0B9599CF6348B0EAC781225457
6127519017 34098 10436 7C20F6CF1A09EEE4F40FE6F70B0F070213E4AE0B9599CF6348B0EAC781225457
6130390930 18335 779 4DB1FFD735E1775D86492F34378E44E52BDF24F9F6B9A7C1090ECDA5EBE8AFDA
6123282793 22686 45878 7C20F6CF1A09EEE4F40FE6F70B0F070213E4AE0B9599CF6348B0EAC781225457
6128346027 57352 40368 7C20F6CF1A09EEE4F40FE6F70B0F070213E4AE0B9599CF6348B0EAC781225457
6124783643 62120 12065 7C20F6CF1A09EEE4F40FE6F70B0F070213E4AE0B9599CF6348B0EAC781225457
6124961094 64017 41211 6C20D86FA9E2AF7E583D52DD1787D92D31FB45832D0BE639BABD678DF9AB9F44
6126607980 36959 21517 816F779493FE5DDE05AABB9B78504CD599482566D8AF4CB57340183B0DA28E11
6132094663 19630 41116 7C20F6CF1A09EEE4F40FE6F70B0F070213E4AE0B9599CF6348B0EAC781225457
6121084094 51030 45185 7C20F6CF1A09EEE4F40FE6F70B0F070213E4AE0B9599CF6348B0EAC781225457
6127246360 64828 13299 7C20F6CF1A09EEE4F40FE6F70B0F070213E4AE0B9599CF6348B0EAC781225457
6127820409 7474 51358 7C20F6CF1A09EEE4F40FE6F70B0F070213E4AE0B9599CF6348B0EAC781225457
6125887958 7104 31145 7C20F6CF1A09EEE4F40FE6F70B0F070213E4AE0B9599CF6348B0EAC781225457
6126877870 64112 26573 7C20F6CF1A09EEE4F40FE6F70B0F070213E4AE0B9599CF6348B0EAC781225457
6121174071 58854 25924 7C20F6CF1A09EEE4F40FE6F70B0F070213E4AE0B9599CF6348B0EAC781225457
6121815427 46491 8584 DEBED5C51DC187CADBD0551A2749E7681798F6183EF67AB8F4692681EDD56E7B
6123979150 24143 13349 15E061F6C2EFBCD4E6E8770B3CD140AA3F24385B2EF66D9BEA8B70D89D043558
6131904314 30458 44143 7C20F6CF1A09EEE4F40FE6F70B0F070213E4AE0B9599CF6348B0EAC781225457
6120745745 26917 52860 CC2388AD1B8B3A455ED6DF1BAB2EE09001242D71C61215FB32629D90867AF136
6126755143 20265 35612 4959D47AD5F93E37460868723F90D882F8B6E2A7743C149852BBA2DBDCEDE8B9
6126861520 10213 30169 08338AE3A5F5C32C656075544329FCB00701CE618345C013A31DD8A812AFD6BA
6127928402 53328 44883 7C20F6CF1A09EEE4F40FE6F70B0F070213E4AE0B9599CF6348B0EAC781225457
6130029908 55032 20571 7C20F6CF1A09EEE4F40FE6F70B0F070213E4AE0B9599CF6348B0EAC781225457
6122647662 4191 16672 DDA3F2EA024B388AE09E0A2EC5FD999B3CA102046A08487342CB2E3E36A55956
6124419265 14354 44396 7C20F6CF1A09EEE4F40FE6F70B0F070213E4AE0B9599CF6348B0EAC781225457
6125333349 12760 55348 7C20F6CF1A09EEE4F40FE6F70B0F070213E4AE0B9599CF6348B0EAC781225457
6122356888 36632 48238 7C20F6CF1A09EEE4F40FE6F70B0F070213E4AE0B9599CF6348B0EAC781225457
6127004953 20090 46017 7C20F6CF1A09EEE4F40FE6F70B0F070213E4AE0B9599CF6348B0EAC781225457
6124498721 36194 53779 7C20F6CF1A09EEE4F40FE6F70B0F070213E4AE0B9599CF6348B0EAC781225457
6124347729 15158 5348 7C20F6CF1A09EEE4F40FE6F70B0F070213E4AE0B9599CF6348B0EAC781225457
6128630974 18053 7543 2221289B0A60A1055AFEF49203B5736536E874E9E626F8CA3C14E150F1227551
6131165499 9622 53720 7C20F6CF1A09EEE4F40FE6F70B0F070213E4AE0B9599CF6348B0EAC781225457
6122100843 1754 63337 7C20F6CF1A09EEE4F40FE6F70B0F070213E4AE0B9599CF6348B0EAC781225457
6120976350 56224 24350 7C20F6CF1A09EEE4F40FE6F70B0F070213E4AE0B9599CF6348B0EAC781225457
6126528147 7619 63923 2DB839CE8D70F74F3D339D2A559020900B416AE622EB262E3CAAA6B6EE313500
6122149528 40094 27822 7C20F6CF1A09EEE4F40FE6F70B0F070213E4AE0B9599CF6348B0EAC781225457
6122788297 36789 6349 483BDAC6C13D894F8EFEB93756B19FF4A9393C39AEB76F5A6694B0BEF113822B
6131963443 63611 28469 71E7633CF4410019569B22F458C47156217659B3375F156F1E7B7662966FC8CE
6125568343 64132 28823 7C20F6CF1A09EEE4F40FE6F70B0F070213E4AE0B9599CF6348B0EAC781225457
6125470953 4391 39679 50FDD4512953F4E2EBBD7463E2079F74EE3ED626F78D7679EC58AAD0E3D2CBCC
6129357023 38646 56292 7C20F6CF1A09EEE4F40FE6F70B0F070213E4AE0B9599CF6348B0EAC781225457
6121630488 52418 49161 7C20F6CF1A09EEE4F40FE6F70B0F070213E4AE0B9599CF6348B0EAC781225457
6122941745 61481 55142 45CF8C24CCD342A4B9DE7736A365E6CD75187973EFEC3EA301F8CB2447B3D2C4
6124107476 4450 14319 7C20F6CF1A09EEE4F40FE6F70B0F070213E4AE0B9599CF6348B0EAC781225457
6129631005 4839 40932 D93899432F6E57C2C5B860272C95422A3D0A3D46AA251D62CC00BB8902D1B7BB
6123479188 20076 60251 7C20F6CF1A09EEE4F40FE6F70B0F070213E4AE0B9599CF6348B0EAC781225457
6125106152 55125 39941 BEC75100ABEE7AC17D448DCB03A92E03424108D8BBED69F83524CA81ABCF262E
6129436959 42171 18164 9BC18BF3B462DF0DC2EB4046697B9608B66415F186251B301A5CA1FAC33A576C
6131428477 56136 3838 7C20F6CF1A09EEE4F40FE6F70B0F070213E4AE0B9599CF6348B0EAC781225457
6125491735 55128 44820 7C20F6CF1A09EEE4F40FE6F70B0F070213E4AE0B9599CF6348B0EAC781225457
6130625281 18603 16476 C8E353F2225977D9329713290B9628F681739CA2ED05A3FF2119C4B26C7621E7
6127876380 5875 17374 F040FD8955D39830C47E54FC1AD7AC02A6100C36BD196E283ACD2162EE1D3DA2
6129893136 34160 5982 7C20F6CF1A09EEE4F40FE6F70B0F070213E4AE0B9599CF6348B0EAC781225457
6121869366 53125 56102 020C9781C836FDE0FD1D691E17EE2A049A423C4C6A37493159A5EF1DB2A80415
6130369134 5547 20596 C0B5A6700E76F6BBF2FFD7CCCB9D569AA6C7CC32AD00F6D4120568B5A65F605A
6129332811 26677 24949 1CD1FAD2D110982F7282313B6A9F42F85527DDF41B4ACA8833B5659F49D19EFB
6126946130 15012 60901 7C20F6CF1A09EEE4F40FE6F70B0F070213E4AE0B9599CF6348B0EAC781225457
6127322088 29138 31364 7C20F6CF1A09EEE4F40FE6F70B0F070213E4AE0B9599CF6348B0EAC781225457
6130006073 43564 46302 7C20F6CF1A09EEE4F40FE6F70B0F070213E4AE0B9599CF6348B0EAC781225457
6124031475 14011 39543 597DCA4E3F927EED56BB5F09A4366EE44B3DD7439EC4E15AAA09FAAE3475BE25
6130357245 55958 34397 7C20F6CF1A09EEE4F40FE6F70B0F070213E4AE0B9599CF6348B0EAC781225457
6123841189 34727 26524 99CF05DD1BF1F13EE738F9044DCAF58DA155411FDDBDF3A8DFBBDA71098427A4
6120642300 45525 30154 17C5DDEABD482B563B49FEBD9011BDEA938267D55F6500420D71A069D1F1AA85
6122098057 25367 26095 24B0C782955EBB88DA483893C1CB8CE54900122FE7507C94EFB994B19286C206
6121643782 11294 35513 7C20F6CF1A09EEE4F40FE6F70B0F070213E4AE0B9599CF6348B0EAC781225457
6132323898 40134 24480 7C20F6CF1A09EEE4F40FE6F70B0F070213E4AE0B9599CF6348B0EAC781225457
6120771942 54636 50574 7C20F6CF1A09EEE4F40FE6F70B0F070213E4AE0B9599CF6348B0EAC781225457
6121255261 26510 10426 7C20F6CF1A09EEE4F40FE6F70B0F070213E4AE0B9599CF6348B0EAC781225457
6127218801 21546 10940 7C20F6CF1A09EEE4F40FE6F70B0F070213E4AE0B9599CF6348B0EAC781225457
6125308845 27133 52207 11ED672D25E241676C1FC950947E74FC0B736D0CF23339235C920BDB8546EEF1

Total of 0 tasks calculated error.
