Total of 100 tasks calculated correctly, accuracy 100.00% 
6181597646 6258 37803 7C20F6CF1A09EEE4F40FE6F70B0F070213E4AE0B9599CF6348B0EAC781225457
6185630097 34113 43729 1069D1198021ADE3A2F0398E22CA9688A0DB316B98EF008D290C7F49AF4839FF
6181291141 46355 65148 B86AF77AE35B35D9821801EFCE876D408F52B3B0FCE891CCCD732AB54A948FDC
6181393750 28246 6577 7C20F6CF1A09EEE4F40FE6F70B0F070213E4AE0B9599CF6348B0EAC781225457
6186324359 13044 31178 7C20F6CF1A09EEE4F40FE6F70B0F070213E4AE0B9599CF6348B0EAC781225457
6190692047 27028 8832 7C20F6CF1A09EEE4F40FE6F70B0F070213E4AE0B9599CF6348B0EAC781225457
6183729337 40680 22404 7C20F6CF1A09EEE4F40FE6F70B0F070213E4AE0B9599CF6348B0EAC781225457
6185860944 59650 17700 7C20F6CF1A09EEE4F40FE6F70B0F070213E4AE0B9599CF6348B0EAC781225457
6192263194 19574 18357 7C20F6CF1A09EEE4F40FE6F70B0F070213E4AE0B9599CF6348B0EAC781225457
6181598106 46341 37757 0DA13391775C5435FC2BC6E5F83ACB61A39709A9C5038E66818E1E36E2E5ED83
6190468896 34685 31131 B97F542D65A4DB1CDCF2C9608D8D4D84874DC73ADD0EDACE14A99386DFE40DB0
6184067149 38642 48343 7C20F6CF1A09EEE4F40FE6F70B0F070213E4AE0B9599CF6348B0EAC781225457
6184029971 43897 47860 BAD20B9BBF024C23528399B509696553A95306761373296CEB73D3CDA7DEDE88
6188347922 54614 7859 7C20F6CF1A09EEE4F40FE6F70B0F070213E4AE0B9599CF6348B0EAC781225457
6188716822 39275 49860 0E5E61DA6B24A5E811240985DCE11D5A755681ECFA5BEF84918D4E7A884A6E6F
6185140742 13962 12380 7C20F6CF1A09EEE4F40FE6F70B0F070213E4AE0B9599CF6348B0EAC781225457
6182946170 56736 35722 7C20F6CF1A09EEE4F40FE6F70B0F070213E4AE0B9599CF6348B0EAC781225457
6181773467 22051 30775 391832FAB48ED3B78F8912073AAD763543457CC9911586F89C8A86D2A8FAEC79
6184143626 29628 15319 7C20F6CF1A09EEE4F40FE6F70B0F070213E4AE0B9599CF6348B0EAC781225457
6184407464 52324 29489 7C20F6CF1A09EEE4F40FE6F70B0F070213E4AE0B9599CF6348B0EAC781225457
6182308448 39289 65330 D0653252CB6C9909EE3224A16ECCFA75D64601B06A8C87D0D15C4A7D3973A604
6188557767 54702 45179 7C20F6CF1A09EEE4F40FE6F70B0F070213E4AE0B9599CF6348B0EAC781225457
6181124015 59495 63067 116A9F25B4DF3DE5041F4D5153616AB89B0E06F8D21034608F62ABD37D0A00F6
6183600934 60522 20362 7C20F6CF1A09EEE4F40FE6F70B0F070213E4AE0B9599CF6348B0EAC781225457
6190961504 12508 59952 7C20F6CF1A09EEE4F40FE6F70B0F070213E4AE0B9599CF6348B0EAC781225457
6187181836 19863 4837 7035396A75A4461FF2EF73687F46E0BA70C04400EFF7E64EE1132A9655B5AA50
6182402858 47190 5085 7C20F6CF1A09EEE4F40FE6F70B0F070213E4AE0B9599CF6348B0EAC781225457
6188120795 12191 39726 65AE1D8BB0B5FB5B985E9DF47BC34D440E8D807DDA24AACB3384A0C120C2A696
6184469606 1425 44560 8B7CE537E4DFF5B5EBE7BEE2923E5594AD0CF158FE246054D6F765172691D142
6188036397 64775 62420 12FDB716C9A9BFA43E24383CE89E7D6937449534EF6EF62A9AAC9CFDE8198940
6181776385 60093 62970 B9D71A443A311799EDE7E8F640041BB472DDBC111482D4450166A6E410DFD73D
6192120581 39582 42927 7C20F6CF1A09EEE4F40FE6F70B0F070213E4AE0B9599CF6348B0EAC781225457
6182242316 28878 29675 7C20F6CF1A09EEE4F40FE6F70B0F070213E4AE0B9599CF6348B0EAC781225457
6188424529 51199 41994 8EF1E800B8E3BDC95BF03794CEFC5EA739804EDABF68CC735EC57D238A70D664
6183473575 18851 34040 9EC04CEBBFCE7DFD6F0205D0C31E59FF6B5D93AAC9E4A0FFA1FCB6B32330AB6A
6182477524 61992 40482 7C20F6CF1A09EEE4F40FE6F70B0F070213E4AE0B9599CF6348B0EAC781225457
6184853471 15816 19113 7C20F6CF1A09EEE4F40FE6F70B0F070213E4AE0B9599CF6348B0EAC781225457
6181304471 18159 57269 4B0DFED5AF0CF8042C325C1C59C38A9556EF074AACBB6AB15154162FAABA4915
6180562906 37906 49781 7C20F6CF1A09EEE4F40FE6F70B0F070213E4AE0B9599CF6348B0EAC781225457
6181900057 19722 1764 7C20F6CF1A09EEE4F40FE6F70B0F070213E4AE0B9599CF6348B0EAC781225457
6189504967 44011 20463 D98F309F663693C53F0ABDA832B882D1CCF08CBDF5154C25808399F1E9664851
6181288299 12149 31319 C6B0DDD4BEA2A5AA4C2E8F3B1EBDE513F352B07D4760E83672DBBBBB8FFC7092
6183657964 2865 57959 C2CC0A461B0899412AEAFB2159352EE9D2B5211CF36BD123EE6D24245E3EBFA8
6190250146 7656 53542 7C20F6CF1A09EEE4F40FE6F70B0F070213E4AE0B9599CF6348B0EAC781225457
6185876020 5448 57018 7C20F6CF1A09EEE4F40FE6F70B0F070213E4AE0B9599CF6348B0EAC781225457
6184007193 57737 34313 C76DC05E368DCC3C8DD05D695D40009327D7D0F4BA5E0A2022C37D9700B968EE
6185995948 20265 18122 F696570642BB66D3C60DB6004DE9776EBA8E8F4AD7C46AF58A9C155FA99621CE
6184427629 49475 44818 7FA13A3E43D408F47EC58F04E969259A893A9038B7A3DB5E2FA9D5E773E385ED
6188516529 41960 2587 7C20F6CF1A09EEE4F40FE6F70B0F070213E4AE0B9599CF6348B0EAC781225457
6186922923 11891 14421 D417098B13DB67A6D7AF43CAE0422520A0FFD9E922D5D296CA7604A6FDDD44B7
6184273178 35927 24458 880D8B418906100F46F8015EAB3A47F9465C3A1CF3FE3719846EEDB51BC2B54A
6183532135 38593 28030 4A5B4F6A56A29511984B12FB4A22D9C5F08ABECCDF43562379401F9EDC7FD27C
6184397085 36982 14645 7C20F6CF1A09EEE4F40FE6F70B0F070213E4AE0B9599CF6348B0EAC781225457
6183089888 6304 17899 7C20F6CF1A09EEE4F40FE6F70B0F070213E4AE0B9599CF6348B0EAC781225457
6187862671 7986 42722 7C20F6CF1A09EEE4F40FE6F70B0F070213E4AE0B9599CF6348B0EAC781225457
6185776670 62062 52430 7C20F6CF1A09EEE4F40FE6F70B0F070213E4AE0B9599CF6348B0EAC781225457
6183586786 55537 18519 CDED863BDF92A734AC26B075D45D48363568FF4E885D6B0A7E75AEA6CDFB05F8
6185148016 19292 47712 7C20F6CF1A09EEE4F40FE6F70B0F070213E4AE0B9599CF6348B0EAC781225457
6190736221 63294 4112 7C20F6CF1A09EEE4F40FE6F70B0F070213E4AE0B9599CF6348B0EAC781225457
6186205527 16264 1555 7C20F6CF1A09EEE4F40FE6F70B0F070213E4AE0B9599CF6348B0EAC781225457
6189983931 26727 42855 5F77519FFE18E51DFE31096EAC08A9AE9985C7CB56211C1C1DF9A7BC5034E7ED
6188303255 44880 3358 7C20F6CF1A09EEE4F40FE6F70B0F070213E4AE0B9599CF6348B0EAC781225457
6181047338 28857 14821 8DFAAF411F9945F2623BABB940C1199703567D1803F4A32C7B544A2414BA9775
6187549271 30590 21323 7C20F6CF1A09EEE4F40FE6F70B0F070213E4AE0B9599CF6348B0EAC781225457
6188922041 16967 43346 1BEA151A6BD75ED8A9B24A439D9A762A1BD1A26509645CDE686E894DC4A43846
6191098455 37360 31320 7C20F6CF1A09EEE4F40FE6F70B0F070213E4AE0B9599CF6348B0EAC781225457
6183653407 43085 53206 F3C0A0537DDE5A4F0B6026AE4D4B6E73A0747849E372B5B64CE9D550AB92B992
6185360370 45385 26837 387218A17C00E5757FC588AAD0EB0AD8A65B99AF1A7F07B877D43289EFBC5B1F
6186610612 55359 13049 EC2273DD3D9D0B6E35147B56484CECBC7EFAAC2BC391F3139EC276B95680A68E
6183828144 62469 64482 B55057687F263ECBFA23A8660C264F01C4C239AC812B2134DE04EC29AB094CCA
6187666907 19982 59619 7C20F6CF1A09EEE4F40FE6F70B0F070213E4AE0B9599CF6348B0EAC781225457
6184690134 20203 51703 DC336EDBE861137FBE88DD17C4284EA672111EC4274EEE9420065EC4442810DA
6183355501 19485 22685 87790475EF788EA8535D38A8EF758C4C2BF67E54FA30092EC3C78B4542657AE4
6188709780 36071 23973 605F917D083A56463CD251C43197CC218C338D923221D9C5C612F3087A91CC23
6185611962 26925 11116 278317833870918E8FC0897F9735A22E88E6E107C45811C923007A80156AB619
6185558902 48212 60865 7C20F6CF1A09EEE4F40FE6F70B0F070213E4AE0B9599CF6348B0EAC781225457
6180587146 48770 49144 7C20F6CF1A09EEE4F40FE6F70B0F070213E4AE0B9599CF6348B0EAC781225457
6188688727 13868 5171 7C20F6CF1A09EEE4F40FE6F70B0F070213E4AE0B9599CF6348B0EAC781225457
6189884375 33096 8346 7C20F6CF1A09EEE4F40FE6F70B0F070213E4AE0B9599CF6348B0EAC781225457
6188029354 21458 2936 7C20F6CF1A09EEE4F40FE6F70B0F070213E4AE0B9599CF6348B0EAC781225457
6189071325 47444 5073 7C20F6CF1A09EEE4F40FE6F70B0F070213E4AE0B9599CF6348B0EAC781225457
6191279699 27222 55333 7C20F6CF1A09EEE4F40FE6F70B0F070213E4AE0B9599CF6348B0EAC781225457
6188544614 20409 60422 141F9E6F9F5BD21686DFDD9C63BE5FA5413E7DD1F9B529AF081AB28BE8E69854
6188668169 64742 8344 7C20F6CF1A09EEE4F40FE6F70B0F070213E4AE0B9599CF6348B0EAC781225457
6188765269 9574 5952 7C20F6CF1A09EEE4F40FE6F70B0F070213E4AE0B9599CF6348B0EAC781225457
6183135252 38283 58503 C49B9E33D65613C70D1ED4CDE5A83124536C7FDA829770261ED4B0A4CEFE4A55
6186864838 56329 43211 CCC2EFCCCD3FC811FC28590EFBF384FEF4120DF3EBF0A2321AF5599F98A3F452
6183438871 62697 3889 6E29CDC886F6D2E18781714199E9AB38FEFF401AC19A45F3B0CF9E58064B8EDF
6181019183 16154 23485 7C20F6CF1A09EEE4F40FE6F70B0F070213E4AE0B9599CF6348B0EAC781225457
6182193012 6717 29382 F9D75464AA3E1F0C27C50D9659258CB37696F994849BB5B2E4BB60FDE5CC21A0
6181627425 63064 23264 7C20F6CF1A09EEE4F40FE6F70B0F070213E4AE0B9599CF6348B0EAC781225457
6185626899 54057 36243 4981FC7AB897A1566B2CE01519E5CA44A3597DE3BEC1624551682C1866555CD6
6182408459 8881 17073 4DAFCD1EF09C6AE81F0FF67C0A5DF54BDB6014E4AB7C891CFE63B4F6D8E3CFA1
6186253840 21437 56062 0C430B2A6CF8BF5F899670CB48964F65BB7B1E4060352B3EE56D051A52F3D766
6187985123 59267 16745 58627723EBF069B49F64741DC9582C8152F5CD93BDB9E921A87CAE7CC91D2FAB
6186302718 15550 43262 7C20F6CF1A09EEE4F40FE6F70B0F070213E4AE0B9599CF6348B0EAC781225457
6191411553 47849 48750 AC0935165B9279B98FFCA6BBECA4C28669F8297B2CD14700E4324636E68034DA
6187211974 33519 15285 E54E4109FDB354472D0BB02E1D6DB5C5A73363B56512CF4CCFD9006FB8559E1C
6190250787 10510 57904 7C20F6CF1A09EEE4F40FE6F70B0F070213E4AE0B9599CF6348B0EAC781225457
6183876714 36593 47409 55DA5F483127B241A1984B8AF4EA736E2A1CFCAB9AE3D92ECF5977D84781CEEB

Total of 0 tasks calculated error.
