Total of 100 tasks calculated correctly, accuracy 100.00% 
6200429965 51784 8333 7C20F6CF1A09EEE4F40FE6F70B0F070213E4AE0B9599CF6348B0EAC781225457
6199521841 56195 32338 D40332EB2895DCB78C2E773CD8464E47D59D00671B65682C9CF03FFA7AB954EF
6194529157 1246 15563 7C20F6CF1A09EEE4F40FE6F70B0F070213E4AE0B9599CF6348B0EAC781225457
6203074240 18207 39751 6F27D07B6F190AB1199D88F32F76D76A9302C6F5CB36B83B14A9FF2614139BB2
6199262810 52742 48090 7C20F6CF1A09EEE4F40FE6F70B0F070213E4AE0B9599CF6348B0EAC781225457
6196538733 17906 7523 7C20F6CF1A09EEE4F40FE6F70B0F070213E4AE0B9599CF6348B0EAC781225457
6196926417 40166 45280 7C20F6CF1A09EEE4F40FE6F70B0F070213E4AE0B9599CF6348B0EAC781225457
6194945819 50583 42892 BFF1C0E8270AE2E0E5B140753887C023531C5EB54E2A6FA318BDD64767FB2245
6199641429 65271 32048 58D357F7D5D06B781A46505DFE2A9B03EE99974155479802AAF3C848C477F24A
6202491652 17056 62462 7C20F6CF1A09EEE4F40FE6F70B0F070213E4AE0B9599CF6348B0EAC781225457
6198709177 2411 12059 9E271883E086C0FF685FD53AB2DD228A5A6A299F0655B0ED6A51D815BEEBFCE7
6196502561 43 17250 CE0EB8C7499D48F854741283C5F85D6D8FE7D1376A7A05DC08AE97426F3476F5
6202262072 37482 34208 7C20F6CF1A09EEE4F40FE6F70B0F070213E4AE0B9599CF6348B0EAC781225457
6198410600 16331 15998 174BEFD258EDCB90300B0F37F5A8A7F9865F112C1B5C747CC1C4DD2A411A5BF0
6192686415 1081 31243 90E468114EE8F7CC2CAA14DBE6BE7FAFE2FD9946EED336BCE57B7CCE1A12D0B5
6193880313 56126 51644 7C20F6CF1A09EEE4F40FE6F70B0F070213E4AE0B9599CF6348B0EAC781225457
6200149189 26019 13944 BEC4663240876B59C631306D627D2036A6567E28E249BB2BB443E892D62B3EEB
6197830194 58703 26146 B21F48AC18BCE8E815B810189336F643163E4BA2B4790178097AC0230BB50C03
6200345573 51490 32634 7C20F6CF1A09EEE4F40FE6F70B0F070213E4AE0B9599CF6348B0EAC781225457
6199432964 7024 31840 7C20F6CF1A09EEE4F40FE6F70B0F070213E4AE0B9599CF6348B0EAC781225457
6200444067 52524 20288 7C20F6CF1A09EEE4F40FE6F70B0F070213E4AE0B9599CF6348B0EAC781225457
6202770661 43313 15198 C640BF19CA1C36BC33E364F88974F7D85FD3EB7AB81F0FD16647FFE6608082F9
6200968415 8121 22966 2D70467F02498DCE0C9F39B9A75E53BE1B45F4C0BBCC716943C7466870361919
6198915740 9222 64369 7C20F6CF1A09EEE4F40FE6F70B0F070213E4AE0B9599CF6348B0EAC781225457
6197563970 60222 32618 7C20F6CF1A09EEE4F40FE6F70B0F070213E4AE0B9599CF6348B0EAC781225457
6194720819 57030 64588 7C20F6CF1A09EEE4F40FE6F70B0F070213E4AE0B9599CF6348B0EAC781225457
6196223665 22079 11132 53BD049DF0BE11D456BCDDDFC75C6E806F1DF5C26D3D0B024E395D2A5A3DA242
6198410898 29766 43721 7C20F6CF1A09EEE4F40FE6F70B0F070213E4AE0B9599CF6348B0EAC781225457
6192963480 26901 22253 6693D994B156BAB26944AA64E64F744B96A72A6CAA423A53D162CFB3E5537CA5
6194852768 16501 2485 8E09A5D13964F2A7E86C53FE825F5653630190BACA368A7945262CA6A8470CB7
6197891897 32402 10519 7C20F6CF1A09EEE4F40FE6F70B0F070213E4AE0B9599CF6348B0EAC781225457
6197315254 39340 8050 7C20F6CF1A09EEE4F40FE6F70B0F070213E4AE0B9599CF6348B0EAC781225457
6199041661 44277 40822 62366118BF9F8BBACEA9CA1ED4955F062FB55BBD69D800DC3822158965E60614
6193638879 7539 50796 21F2E07498C5E9DD8F9DBC1D0D7F545515A21A5B40A4E3FFF49BE17D05D43B49
6196640240 51010 42336 7C20F6CF1A09EEE4F40FE6F70B0F070213E4AE0B9599CF6348B0EAC781225457
6202248658 51674 12904 7C20F6CF1A09EEE4F40FE6F70B0F070213E4AE0B9599CF6348B0EAC781225457
6200552397 47861 27149 92A836F820C8C042B3377DD760E07DC64400995CEBF4EEDB0266700611606D86
6195838344 44154 39945 7C20F6CF1A09EEE4F40FE6F70B0F070213E4AE0B9599CF6348B0EAC781225457
6199260946 10544 33713 7C20F6CF1A09EEE4F40FE6F70B0F070213E4AE0B9599CF6348B0EAC781225457
6201667775 50864 48031 7C20F6CF1A09EEE4F40FE6F70B0F070213E4AE0B9599CF6348B0EAC781225457
6199141600 11223 23602 B9DE9CA64B85F17A92F06D4E42CB25C8AFE9CB639B51D43F6CEF5FF289E71F21
6193730061 41429 5537 41CE9523EC5813C402A740384F43F48435DFECCA3FCF4FBB7E2D3F0A2F946E66
6198970456 40530 52973 7C20F6CF1A09EEE4F40FE6F70B0F070213E4AE0B9599CF6348B0EAC781225457
6199736390 2144 13280 7C20F6CF1A09EEE4F40FE6F70B0F070213E4AE0B9599CF6348B0EAC781225457
6199401551 28444 53142 7C20F6CF1A09EEE4F40FE6F70B0F070213E4AE0B9599CF6348B0EAC781225457
6194473324 53875 60793 757C42807594B6CC0155FCFF49E53944E9BF3DC62C46DD36408B6D403DF6D373
6196623240 17269 22460 07B69F13AD3ED5B517A4513C2C41BBD2E4C1F581C69C7E1C7F00156802204401
6197878555 45654 59879 7C20F6CF1A09EEE4F40FE6F70B0F070213E4AE0B9599CF6348B0EAC781225457
6197976276 51834 58811 7C20F6CF1A09EEE4F40FE6F70B0F070213E4AE0B9599CF6348B0EAC781225457
6197567608 9490 63795 7C20F6CF1A09EEE4F40FE6F70B0F070213E4AE0B9599CF6348B0EAC781225457
6192544577 30139 25018 C1E6409900C35AFC271ECE0F56BF137B4D28C64F7810D946557A47E280283BCB
6201106652 27294 49734 7C20F6CF1A09EEE4F40FE6F70B0F070213E4AE0B9599CF6348B0EAC781225457
6200351788 25994 13077 7C20F6CF1A09EEE4F40FE6F70B0F070213E4AE0B9599CF6348B0EAC781225457
6196635311 20406 3204 7C20F6CF1A09EEE4F40FE6F70B0F070213E4AE0B9599CF6348B0EAC781225457
6204143089 5560 12126 7C20F6CF1A09EEE4F40FE6F70B0F070213E4AE0B9599CF6348B0EAC781225457
6193464821 2420 3472 7C20F6CF1A09EEE4F40FE6F70B0F070213E4AE0B9599CF6348B0EAC781225457
6194492470 38542 7369 7C20F6CF1A09EEE4F40FE6F70B0F070213E4AE0B9599CF6348B0EAC781225457
6198159162 63939 49297 6F8E977D303686D43C1537DE6285C22DE78FC7D72EE5B59E6424E324AA4B2F69
6200745946 32652 47175 7C20F6CF1A09EEE4F40FE6F70B0F070213E4AE0B9599CF6348B0EAC781225457
6197312854 1127 23048 E68B20793A17EFF1539BECB62A26C0CF888A58D8A667966C01BDC457E1C68969
6201092616 22053 27571 CFF93F9BF88C7BA4881A8694A5B929EB9F4C8D3CA6B72B97C3671005FF654BF6
6198624935 48947 35380 CEC555EF6925A00AB3C92B8C5DEE5AD419B3F682D438018F12C68B34571557A6
6200246446 39720 18461 7C20F6CF1A09EEE4F40FE6F70B0F070213E4AE0B9599CF6348B0EAC781225457
6197452774 46003 34349 AF77134C6708D3CB109842AC64944FBB1609E9526DF331D3823B1E40413BD45C
6202386224 12631 11136 CE73CACC5931D2A2E1BD382E39DB368A4758DA72008659AF4428ACF004D9F3F8
6197165404 3873 8965 EADAA2922203134E6EF1B3503EE123F8B08D6DF9C5FD4F0589B9409FED37E1D0
6199600756 14871 62361 872C94112AB47554D30E58AAC7F617FC053C60BBBF760B13DCF388B3B9223302
6199828132 1125 26772 5DD97D900EE9250BFFF2140CE68FF75DB7BC287C791C2210C3CAFC0FD1B54094
6199999942 45358 15776 7C20F6CF1A09EEE4F40FE6F70B0F070213E4AE0B9599CF6348B0EAC781225457
6197108528 38522 2288 7C20F6CF1A09EEE4F40FE6F70B0F070213E4AE0B9599CF6348B0EAC781225457
6204045879 33277 63724 5FFDEDB77BEB38D24FC38336D8AF1FC4C112995BAD51D6168E68EE15C752E19E
6201464210 17109 59627 CA8C51A977F621777A21A81044133D5A349B0BB8BA3A132D294B477310758E50
6196906581 8636 42451 7C20F6CF1A09EEE4F40FE6F70B0F070213E4AE0B9599CF6348B0EAC781225457
6196007298 23105 44119 56F8781515C62809D35680E656C6BACFCA6C625639F5A9B87D821FD1028EC70C
6198228171 8302 47302 7C20F6CF1A09EEE4F40FE6F70B0F070213E4AE0B9599CF6348B0EAC781225457
6193721383 36214 65456 7C20F6CF1A09EEE4F40FE6F70B0F070213E4AE0B9599CF6348B0EAC781225457
6196094087 44530 8759 7C20F6CF1A09EEE4F40FE6F70B0F070213E4AE0B9599CF6348B0EAC781225457
6202172450 58763 44653 F18453C85212C08F001D60EEF2504D0BFDF6E67772B005A375ACC5F45698FC0A
6196163301 21652 63590 7C20F6CF1A09EEE4F40FE6F70B0F070213E4AE0B9599CF6348B0EAC781225457
6197069105 65239 7006 F96C938DE25B768B5A786FA3697B648188E8F54B3B1856B7841B36AB6A8FF9A7
6199279222 45023 5739 6252912ABD3CD281790E1557C7BB383248E09569E1FF9C1C1A4A09905BE56E96
6197138833 11044 24705 7C20F6CF1A09EEE4F40FE6F70B0F070213E4AE0B9599CF6348B0EAC781225457
6199375638 11342 25650 7C20F6CF1A09EEE4F40FE6F70B0F070213E4AE0B9599CF6348B0EAC781225457
6198009330 54671 26071 53800BD707B999D4F6B9DC43DF7DE287C01920DD840483FB27C6189DBCEC730F
6192606944 62836 11735 7C20F6CF1A09EEE4F40FE6F70B0F070213E4AE0B9599CF6348B0EAC781225457
6201637187 22074 34752 7C20F6CF1A09EEE4F40FE6F70B0F070213E4AE0B9599CF6348B0EAC781225457
6202535436 33306 31445 7C20F6CF1A09EEE4F40FE6F70B0F070213E4AE0B9599CF6348B0EAC781225457
6196346387 60916 42820 7C20F6CF1A09EEE4F40FE6F70B0F070213E4AE0B9599CF6348B0EAC781225457
6201975022 41140 37791 7C20F6CF1A09EEE4F40FE6F70B0F070213E4AE0B9599CF6348B0EAC781225457
6195403785 44294 34192 7C20F6CF1A09EEE4F40FE6F70B0F070213E4AE0B9599CF6348B0EAC781225457
6193565059 51176 64384 7C20F6CF1A09EEE4F40FE6F70B0F070213E4AE0B9599CF6348B0EAC781225457
6195577383 14535 8788 4F483656419AC7A0D5561EF09A10B424ABCC5B5E0BAF46D60D912DA45F3E6A29
6201794638 25095 5860 5B69617AB03928370FE868F904D2C46C90130EC92EFBB821C416A98B4BC5BC03
6194277385 57818 21699 7C20F6CF1A09EEE4F40FE6F70B0F070213E4AE0B9599CF6348B0EAC781225457
6197943510 32155 60101 F37894C51A71619BCB5CA12A3F27A488451E5BC6E7369818D1B57339A6466BB1
6199405785 57966 59177 7C20F6CF1A09EEE4F40FE6F70B0F070213E4AE0B9599CF6348B0EAC781225457
6199529666 21985 10 8970671DD68485CEEFB1FA5D3F4F79CABA0656ACC9C6B222487C73E89A4928D3
6195686018 37905 10718 494FACAC5D7E35F31806D0A7DB6B122B55963BA43025D066C87E2C0BA4941201
6196235158 8755 52464 1774F834B2433275AB18CD383AB826621E17A341058CCFD759DDC53896612DDB
6200528125 19022 53947 7C20F6CF1A09EEE4F40FE6F70B0F070213E4AE0B9599CF6348B0EAC781225457

Total of 0 tasks calculated error.
