Total of 100 tasks calculated correctly, accuracy 100.00% 
6237270907 21911 57281 7B69216258B42CFBEF0EBE278ACE33F55F9C02A548ECE6632762C96F17659132
6233667214 14578 8108 7C20F6CF1A09EEE4F40FE6F70B0F070213E4AE0B9599CF6348B0EAC781225457
6235977602 45423 7349 DCFA9B25E1BAAD4007801E5CF83A97EF0D52A3EE80710B5A06E42D4987093C38
6236625860 24833 44366 85E0875A77F554887D2AFCB519EE6B4FA880B5DAF33B0737B45040BB6727702C
6229683365 25216 34145 7C20F6CF1A09EEE4F40FE6F70B0F070213E4AE0B9599CF6348B0EAC781225457
6232300504 28318 6051 7C20F6CF1A09EEE4F40FE6F70B0F070213E4AE0B9599CF6348B0EAC781225457
6237540673 49405 39181 7DA850E64BB746C0D2AFB9844083BCA70B24EF0006283293B1DAD16BB201ADD9
6231759441 54720 23210 7C20F6CF1A09EEE4F40FE6F70B0F070213E4AE0B9599CF6348B0EAC781225457
6230812370 50347 31106 717B2EF29987BE184746C514C5DBCEB2E796D82F8E4FA029E3CE26050FDEE295
6237125265 32746 4284 7C20F6CF1A09EEE4F40FE6F70B0F070213E4AE0B9599CF6348B0EAC781225457
6236913002 46871 3204 8E65BB80C6CB2E80E1AB4F26D238FAA08B03FFE5C53903A1858CCB2F28A3A52E
6230772334 11676 47262 7C20F6CF1A09EEE4F40FE6F70B0F070213E4AE0B9599CF6348B0EAC781225457
6236445149 24803 32997 99FA4F480A5D0345386B2641BEBA74D293CC8B104DE6A105E6C721A4185302FE
6231247936 24808 36726 7C20F6CF1A09EEE4F40FE6F70B0F070213E4AE0B9599CF6348B0EAC781225457
6229845828 54172 65082 7C20F6CF1A09EEE4F40FE6F70B0F070213E4AE0B9599CF6348B0EAC781225457
6229981705 58600 49083 7C20F6CF1A09EEE4F40FE6F70B0F070213E4AE0B9599CF6348B0EAC781225457
6234556295 60442 61887 7C20F6CF1A09EEE4F40FE6F70B0F070213E4AE0B9599CF6348B0EAC781225457
6231675166 41170 15577 7C20F6CF1A09EEE4F40FE6F70B0F070213E4AE0B9599CF6348B0EAC781225457
6236515640 52961 55394 E98FBF4766E12BD0E12F46C3F8598F61A14BFB6F5738B2796780890CC107E485
6238176973 20237 29341 E5103A83812A356C77652E16106A494D7072AB35FF670FA2664A9787A14793D8
6231323193 23137 60334 E096F80542D13D159AA352630A3FC595FC0E4B31625CC0F29DE8AE18AD54EF3D
6233219586 5027 5080 28F2AE73FDB8150AB3C4918AF801CDCBF42F9CCABB17923D1F054DFF6FA2AAB0
6236958481 62925 11279 5BDCEB954708E8DE0442EE36586AAF37B45ACF5401BEB08513D0AC7098B1563D
6236002913 42945 26664 4E72B2AF59156423CAE660DD39BEBBE8784B5C3C9E88916C759491F054E65C88
6231669125 48764 8806 7C20F6CF1A09EEE4F40FE6F70B0F070213E4AE0B9599CF6348B0EAC781225457
6231611174 28808 65474 7C20F6CF1A09EEE4F40FE6F70B0F070213E4AE0B9599CF6348B0EAC781225457
6236447592 15047 17833 77FDFAA0F221376D8CC450A65C63B468E6168051E7FB36E19E3B3D11956FE80E
6235217520 39580 25104 7C20F6CF1A09EEE4F40FE6F70B0F070213E4AE0B9599CF6348B0EAC781225457
6238340431 51310 63560 7C20F6CF1A09EEE4F40FE6F70B0F070213E4AE0B9599CF6348B0EAC781225457
6234050609 44726 59656 7C20F6CF1A09EEE4F40FE6F70B0F070213E4AE0B9599CF6348B0EAC781225457
6236199275 46617 12233 32AECCCE4849DC12A3D060D0AF5DE6006BA96B8F041E9925DD6AC8FCF5C884BB
6237063424 40288 64291 7C20F6CF1A09EEE4F40FE6F70B0F070213E4AE0B9599CF6348B0EAC781225457
6240131326 26885 1552 68D7C4B70E78CDD3424D08866CCBC6724F3DC190741D85C3324008958B21317D
6237357585 25627 60813 51B8E7B16C89686F0BC98F4C54380E84CE40247CF912B7E95DFFC384604D8792
6235020735 17087 26058 FD1089D7CED1D9AF9096B9472F011F38124ADEE11C7CEF051B96AF2938DA6F3E
6237118371 24947 7899 248603A810F3C0DBACE5E16240E5EC1867CE40F153589A2BA387E4CB0D87B691
6238873739 10580 42914 7C20F6CF1A09EEE4F40FE6F70B0F070213E4AE0B9599CF6348B0EAC781225457
6230499619 63393 52845 3F28C001B72D7D9809E1B3BEB59ECB98DB06E87E05A30E18E71F3C57224064E9
6236742685 49141 27717 D76AA0C028745F62157F5877237E2E3856625C503DF57DB2646088F100FEA245
6232613535 27401 30764 9304B71D474B83FFF18A0C6C00DE0B1CE6E7E890FE15787892195819FC62E191
6237621341 19090 36550 7C20F6CF1A09EEE4F40FE6F70B0F070213E4AE0B9599CF6348B0EAC781225457
6236991936 32503 38652 A452F7BFA8757003F7E1D42F4E70623516BE0CFB58E7DF5B93DB522428189A79
6233671508 53401 57277 FFC57E9C8B2311A5CA83DD9E1138381E99D85332EB85A6AE6EE85367FA0B160F
6236265915 26229 59725 A79A3A745FB77F7C64C65DB5A76A23F654A92C33CC96327D7A3B92719C2591A2
6230995327 65522 51517 7C20F6CF1A09EEE4F40FE6F70B0F070213E4AE0B9599CF6348B0EAC781225457
6231226426 25767 43068 FD7A856F6A863B990B201F73638D7C7D85D6ED5B2760C88D31B44AE350DA5A61
6238148197 58906 29533 7C20F6CF1A09EEE4F40FE6F70B0F070213E4AE0B9599CF6348B0EAC781225457
6238354817 24292 51566 7C20F6CF1A09EEE4F40FE6F70B0F070213E4AE0B9599CF6348B0EAC781225457
6233049847 19107 2999 E32F7D1BF57971AD7DB77DF32B2ADDB435CC7D067ABD55B136F49110F4FBDFFA
6232084802 31944 33520 7C20F6CF1A09EEE4F40FE6F70B0F070213E4AE0B9599CF6348B0EAC781225457
6234244934 62327 51804 A5395FCD47810E6017A3798FB2906E880C84CB59C96526A0428DD0822EF1E2FF
6236528224 52349 53015 B03230620BF5FB7E0A0431117FF7DD8C6FAFDA66781341AF266147B916020FFC
6239370309 2849 19443 076AD5751FFCCB6D9734E249C3EE57F40F013A5F20BB0A1C41E818538E8FB50C
6231305490 47624 42207 7C20F6CF1A09EEE4F40FE6F70B0F070213E4AE0B9599CF6348B0EAC781225457
6235457614 10556 15666 7C20F6CF1A09EEE4F40FE6F70B0F070213E4AE0B9599CF6348B0EAC781225457
6238464366 62625 46650 F4D469F480D2FC46FF51E36D9CDC30E149F5F39D4B8142CF2886F1A677794DB3
6235041458 6773 21319 69497BB9FF6DA834FD7B9D4D8F0C9F196FADF2CD99853A4443141A5CFD276AE1
6232299845 28777 44179 79C29891374AB98167A870754F775276C5F95FCEED6B724584BF37851254E2D7
6235947511 48888 62632 7C20F6CF1A09EEE4F40FE6F70B0F070213E4AE0B9599CF6348B0EAC781225457
6235781520 64016 37718 7C20F6CF1A09EEE4F40FE6F70B0F070213E4AE0B9599CF6348B0EAC781225457
6229478402 27590 51273 7C20F6CF1A09EEE4F40FE6F70B0F070213E4AE0B9599CF6348B0EAC781225457
6231270128 25748 51432 7C20F6CF1A09EEE4F40FE6F70B0F070213E4AE0B9599CF6348B0EAC781225457
6237459062 4461 28349 BD95AE2CA0F1AAF2E03026066B094C654F37B416D428EA67B83EE7BA05200562
6229456306 10098 29318 7C20F6CF1A09EEE4F40FE6F70B0F070213E4AE0B9599CF6348B0EAC781225457
6229121477 14021 17835 02B1A0FAA206FA5EAE87F36FB0D1F60A9ADC8D9FD6697E123EC4AB179AAAC3A0
6239834477 57296 6451 7C20F6CF1A09EEE4F40FE6F70B0F070213E4AE0B9599CF6348B0EAC781225457
6237874029 2193 62946 A50511AAAA69C27070276A1EE9CBF222DFF3436F55E074188D6956D404E88927
6230307958 53149 27372 93C65F9C5CF7A5E29135D882AE423769B685278289717553F735DA4CE421D228
6228432363 45590 1536 7C20F6CF1A09EEE4F40FE6F70B0F070213E4AE0B9599CF6348B0EAC781225457
6240279385 54123 52947 F6EABF49C7BCAFE2DA0FA1511F50F90808F5E12DDD7D125A3BFE5995D56247FC
6234183359 9730 44971 7C20F6CF1A09EEE4F40FE6F70B0F070213E4AE0B9599CF6348B0EAC781225457
6234469585 21543 53207 CE79BAEBB8E77B553E128BA22BD61EAD084F7659F522C32BAEBC8D1C36478D21
6233487179 33914 2996 7C20F6CF1A09EEE4F40FE6F70B0F070213E4AE0B9599CF6348B0EAC781225457
6238890853 10615 14668 6CBEDC1FD467D34288E6CE57F2C1FC4C5B26DC5DDEEA065EBE21DCF10B53E120
6230188398 60849 27004 2BFCAA5B07C75440C7C39B8D0CAFD608A7E8055CF232E1506787C29CBE4A04E2
6236888400 24833 47092 27779B4024486D35C731BF3012C1CCB85439BC3FCFEDA238FE6971B24205C63C
6238834443 51785 23472 B2D5016479B84C7BDD8BFD816C3DCF42AAE285754A64AC092BF0344F41A0507C
6236682948 19997 29446 6D4D86E7B2666639ABFC490BB33DF0A6A51D379456B7E17159329C42D381B385
6239036654 32737 61474 3299414A7D690D4D52BC7DCB6464D101FAC550B1F7F2B5F6F797FF2CCD07B20D
6233790910 27451 55826 95F9CAE44C00D89ABBFE1F8D804F01747B13E6066E2C657511811B9744FCDFA9
6240241105 16812 43665 7C20F6CF1A09EEE4F40FE6F70B0F070213E4AE0B9599CF6348B0EAC781225457
6234106817 50627 51590 AD927FAF8AFA5BB0E9E53AE64AD311C6D94F85958A43EB8B4AFEF7CE160A603E
6233654665 42063 62492 F21162D37C8804D05CEDD9B65E5CB118482ED4539D1E0CC5BA5CB18B53047556
6230025596 21916 50379 7C20F6CF1A09EEE4F40FE6F70B0F070213E4AE0B9599CF6348B0EAC781225457
6231725435 22573 15362 B9B6046260144BD53CB38C9BA7FF7BB5D9F6B03A3168411395AC03B052B63F3F
6229748242 9322 36158 7C20F6CF1A09EEE4F40FE6F70B0F070213E4AE0B9599CF6348B0EAC781225457
6233375614 61079 49314 6952CDF93B01323A15891B8AFA941CCD9375A304F2BDD20DFBF05D36C22A29CA
6228480883 56641 6211 2F789D05D13920D7B5A0FD7A845EBD144AECBE7B190131D496DADD6DD4995AAC
6232620119 44660 27884 7C20F6CF1A09EEE4F40FE6F70B0F070213E4AE0B9599CF6348B0EAC781225457
6237630378 52337 43568 361B60EC9A5EFA45526696726C37DACDA4FAD9B33143C37495CC4AC2A7BA0270
6233517146 52490 47997 7C20F6CF1A09EEE4F40FE6F70B0F070213E4AE0B9599CF6348B0EAC781225457
6237717546 52765 6223 29968C3FAA773160219B06BF4253D016E6F5E1FBF31FA42C73F2C882A29C7764
6231864820 15264 45500 7C20F6CF1A09EEE4F40FE6F70B0F070213E4AE0B9599CF6348B0EAC781225457
6239169027 35719 9362 6FB88A0FFC1E96C8B01CDFAAD8C3749728734093C765CD5D250BBC9214F3296F
6232151111 14221 28220 95FEC7891257ED09AA51F5F86109F91A03A6CEC839E0F1769F0A0FE931CCF99C
6232512405 8772 12230 7C20F6CF1A09EEE4F40FE6F70B0F070213E4AE0B9599CF6348B0EAC781225457
6236604212 32099 47328 09D4D5475DE5B10A986D3C3523CEDA8B0F99F62F15704284243F3BE6538973F9
6235868924 41415 45281 6DD72AA9032620564F9763E75C0486933CA9A3E15FA1A29BD1F52F06A99EDE46
6229805404 64028 28808 7C20F6CF1A09EEE4F40FE6F70B0F070213E4AE0B9599CF6348B0EAC781225457
6229424883 13346 8115 7C20F6CF1A09EEE4F40FE6F70B0F070213E4AE0B9599CF6348B0EAC781225457

Total of 0 tasks calculated error.
