Total of 100 tasks calculated correctly, accuracy 100.00% 
6284711866 20795 43011 125F21EC0569432EEE3A0C5FFA5885F9FCB02F2C1F79BE86D97F9A265E4FE1F2
6282631090 52887 65335 0BB095641C7FE14A04B2DB43F8A517182520A4AFAC921BBF16A14A97483D401E
6286689927 44774 1031 7C20F6CF1A09EEE4F40FE6F70B0F070213E4AE0B9599CF6348B0EAC781225457
6282398751 36060 40846 7C20F6CF1A09EEE4F40FE6F70B0F070213E4AE0B9599CF6348B0EAC781225457
6278558622 25221 42169 EDF3FFFEDD71FA4CC799CE9149E5CF8048A789FD989BE0DD72528473DE1E4C73
6287359372 57395 8322 1A4C828A77D5DAD97E4810C5B3560EEF05C12220B48F13F08C585DE814109DF3
6281700640 38101 38532 1B3C5529670E22A03845B2B853779B5698363C96D9DAFCFEDCFEEAAE2BE6A917
6279868067 16957 3733 54AF0F198437E1EA6597465F96F06D61D54ED30A5C0C4A08B1036FFA1C2A8C97
6280718320 8683 10730 7891A5E1B0D9879499081E29B0BF7E6443691712902A0D6B6B454215BBCEA0FD
6284028449 53320 57622 7C20F6CF1A09EEE4F40FE6F70B0F070213E4AE0B9599CF6348B0EAC781225457
6276744287 40083 32910 05726B27022AD886EDA8B45A2F9DE84E45D18112E76269DF9E82584FE45EFED4
6278104779 48635 48641 2815DEFEAB262C34636C1C1859D3F07100D615367EAD75CFE7DF72DFA46C5B79
6284861767 27271 25362 AE29225552FA3AF57FF0629FAD5AA0E26E7E8098A8438ADD90F5FCC1D4F6D786
6281004995 17799 54053 1C6EDE13A0E37210A39A336437614176E7B091D3B51642BC7DCA42267961B98C
6283209472 30007 61349 9534F50FFC5C52C02D3945DBEA3CD258DB59A0578D49CB3A3C3B003EBB47F7BB
6278969487 38597 35310 587EAA4B00738A6D38EC4F0128643D30AAF95A3F785364514F43F621F21D729D
6288087228 9673 13126 9C5A1309A17C38BE2144616FDEDC72E5AACD97D2D1FF28118B4CC2F4BEA5B3B9
6284588240 3877 14266 C4D07FB3BC573AEA9A560826D7E2C296434F9AF49981A63BF5E24C56B612F2AD
6276693432 19681 30976 596A0D28842AEE3B68FEA141537014593AC30CAC85513915E01F44D9ED5D0527
6287933637 31167 9210 F58A737D990B936D478844042AC48E1202CC43C1ACE931A42EBFC34D9F12B87E
6283463809 60406 55483 7C20F6CF1A09EEE4F40FE6F70B0F070213E4AE0B9599CF6348B0EAC781225457
6287691127 3700 62775 7C20F6CF1A09EEE4F40FE6F70B0F070213E4AE0B9599CF6348B0EAC781225457
6276915204 52701 20597 3A5EC6FB12C5F7F34363CA1921BD1F09CAA369416CB492390222A273E3C3E9AD
6283520977 25032 47286 7C20F6CF1A09EEE4F40FE6F70B0F070213E4AE0B9599CF6348B0EAC781225457
6284108074 5873 64675 F96D81C954982678C28D40C056BC30E19909065960A77CB3220C10EC818FE527
6279755436 34172 36022 7C20F6CF1A09EEE4F40FE6F70B0F070213E4AE0B9599CF6348B0EAC781225457
6284808101 35903 36069 3F0CF46F9301CC09310B488BF4C9EF5F9B346AEC7E34061C3E15037739220E91
6277523295 27571 41843 51C5554F744A7DE42FFA75CA33D9356D5A6F314F22DB0A5C5D48A81877AFB8D3
6282667551 43002 13180 7C20F6CF1A09EEE4F40FE6F70B0F070213E4AE0B9599CF6348B0EAC781225457
6283908815 24516 63967 7C20F6CF1A09EEE4F40FE6F70B0F070213E4AE0B9599CF6348B0EAC781225457
6278341549 44336 60094 7C20F6CF1A09EEE4F40FE6F70B0F070213E4AE0B9599CF6348B0EAC781225457
6278648085 9253 47834 ECC4AA0DC31A6D63212071B5A140943FAD4BCD32A2DAC17B8A968413AE2D8FBC
6277014145 8028 3317 7C20F6CF1A09EEE4F40FE6F70B0F070213E4AE0B9599CF6348B0EAC781225457
6285233380 6054 14243 7C20F6CF1A09EEE4F40FE6F70B0F070213E4AE0B9599CF6348B0EAC781225457
6281674185 18706 19834 7C20F6CF1A09EEE4F40FE6F70B0F070213E4AE0B9599CF6348B0EAC781225457
6284902139 20923 48701 736721571AEF101E521C4615AA523F4768A85D80327B0F39A20DC6445D011498
6284645312 35203 62629 7364259867680A8FF238002B9687828AA2B1366481D93B969B15C94434C78334
6285557428 10161 6874 A79F6D1713FE4C3CF8C26476DC297C24C2436FDBC4DBB5162595DE564B21037E
6280845598 50852 53264 7C20F6CF1A09EEE4F40FE6F70B0F070213E4AE0B9599CF6348B0EAC781225457
6278885760 24520 59240 7C20F6CF1A09EEE4F40FE6F70B0F070213E4AE0B9599CF6348B0EAC781225457
6288151902 16374 29572 7C20F6CF1A09EEE4F40FE6F70B0F070213E4AE0B9599CF6348B0EAC781225457
6284710356 18094 33117 7C20F6CF1A09EEE4F40FE6F70B0F070213E4AE0B9599CF6348B0EAC781225457
6286079781 5240 37792 7C20F6CF1A09EEE4F40FE6F70B0F070213E4AE0B9599CF6348B0EAC781225457
6288021574 65184 40020 7C20F6CF1A09EEE4F40FE6F70B0F070213E4AE0B9599CF6348B0EAC781225457
6278583614 45151 36982 E2FA2359F1499BCE768E2F2CA16A94E154DFC9AEE3E2A947B2E190C022738BBF
6285039088 11007 35299 619012799813F28488868833EE76B12FF035B208873FD76894BE4C2C23133FCD
6284074521 4503 45185 25FA413A3797B6E810EA65355521C491E4CF576BD60BDD7E079F8B66817B2E9C
6276513546 28283 21816 56EAD3D73B1525AE5D840AD1455C5743B368AE5C73659C786A3905B72F6606A6
6280946208 18677 23856 7AD94EAD43D2C1D417ED442D94B9245E58DD9DA9253E8AFA1B7AEA008DC4AD1E
6277573475 2256 45310 7C20F6CF1A09EEE4F40FE6F70B0F070213E4AE0B9599CF6348B0EAC781225457
6284923653 12348 1793 7C20F6CF1A09EEE4F40FE6F70B0F070213E4AE0B9599CF6348B0EAC781225457
6280378934 16330 51666 7C20F6CF1A09EEE4F40FE6F70B0F070213E4AE0B9599CF6348B0EAC781225457
6287404541 19039 6333 EA7B4FF16727E94B53C90EA9C2FA06E59648B49928BCB32D3048B11FC779F677
6277412100 52603 46151 0845300A7DC659C529C50B679A448AE937D4342DDBBF37B8B23BD0BF09FF05B1
6284044003 516 63276 7C20F6CF1A09EEE4F40FE6F70B0F070213E4AE0B9599CF6348B0EAC781225457
6276941799 44498 37221 7C20F6CF1A09EEE4F40FE6F70B0F070213E4AE0B9599CF6348B0EAC781225457
6282738607 15456 48116 7C20F6CF1A09EEE4F40FE6F70B0F070213E4AE0B9599CF6348B0EAC781225457
6281778209 44206 25883 7C20F6CF1A09EEE4F40FE6F70B0F070213E4AE0B9599CF6348B0EAC781225457
6281050270 52873 39348 9289E7CF40F16240E5235C8060A9A298591EE5007AA7A947963D1AAA30C02635
6278180138 42203 10698 18C5C9A74CEC7C36E41F1AE79199049C73CFE2AABB2C83C42402AC89124D2B6D
6278297322 29219 37160 665E4DF81D7D79AF0345CB87CEB46B1DC9DE08EF7D9DE1FC1336C9CD39A6C00B
6279178959 61624 41172 7C20F6CF1A09EEE4F40FE6F70B0F070213E4AE0B9599CF6348B0EAC781225457
6281494819 46914 47765 7C20F6CF1A09EEE4F40FE6F70B0F070213E4AE0B9599CF6348B0EAC781225457
6278863884 10847 1002 B285949BFB83AD84D3346D2E2A2E995FC273D59490A6033861BAC0AB11E85298
6276774363 58090 21122 7C20F6CF1A09EEE4F40FE6F70B0F070213E4AE0B9599CF6348B0EAC781225457
6280103997 19153 62351 91EA29F23923FCD707A313D7E7D5FCE99FA54B46D3308A57BAB8A273F56F349F
6279592827 38242 10985 7C20F6CF1A09EEE4F40FE6F70B0F070213E4AE0B9599CF6348B0EAC781225457
6286442063 1011 38961 34788174CFEAE8F286626998979FB3DB9CD1428533034AD3340E373417B66C05
6276895708 31559 13319 67F5F4D91D112DCC7525CE0E70A25DA275CFA1D2D50796C0A2553F63C64ABDA4
6281283516 3584 26424 7C20F6CF1A09EEE4F40FE6F70B0F070213E4AE0B9599CF6348B0EAC781225457
6280596598 1966 42013 7C20F6CF1A09EEE4F40FE6F70B0F070213E4AE0B9599CF6348B0EAC781225457
6283185906 26372 57638 7C20F6CF1A09EEE4F40FE6F70B0F070213E4AE0B9599CF6348B0EAC781225457
6286916273 63045 61682 D32E978D241DDF165FEEB43DA4384A2E8BA61DE7CA0A731CB87C3299073D7BE0
6285864681 47511 10942 395C23CB6766A7522EF4519EAD14D963AC689F39E60F8E5C8DE0059F223F76A4
6279583853 58934 5263 7C20F6CF1A09EEE4F40FE6F70B0F070213E4AE0B9599CF6348B0EAC781225457
6284803646 7374 64525 7C20F6CF1A09EEE4F40FE6F70B0F070213E4AE0B9599CF6348B0EAC781225457
6277110606 47501 16430 57C8E3BE5D0CBE6414BA451E5770CDE95793D2B2A613C998B5C2BF24497F4EBD
6279197017 22677 42957 0B0C792D93A7294D157A74ADC483AFD2B4238FD916EA5EAD58FE374792E987D4
6286771639 30069 41963 F892E793A71C9AE24F088B754706F7942186F30F95138EB5C24C02A6873CD247
6276649945 24707 39248 2080CCA9701E89464BD4E659D5B0C3006426194BB0CD7F5ED2B91ACD53611C8F
6280298842 36685 50774 D6B5E6CAA9A0AC2F0483E96B6153231724527AFE32EDF6DE86D81279221BA7E1
6283657796 22410 30093 7C20F6CF1A09EEE4F40FE6F70B0F070213E4AE0B9599CF6348B0EAC781225457
6282613551 57327 22076 CE2CE2EADB1C97A44F118C594F284580FEE7D3980F0AD347271DFAFB7D7857D9
6278548176 28598 8091 7C20F6CF1A09EEE4F40FE6F70B0F070213E4AE0B9599CF6348B0EAC781225457
6283876630 21498 26519 7C20F6CF1A09EEE4F40FE6F70B0F070213E4AE0B9599CF6348B0EAC781225457
6280654926 3712 45300 7C20F6CF1A09EEE4F40FE6F70B0F070213E4AE0B9599CF6348B0EAC781225457
6282719884 23044 51945 7C20F6CF1A09EEE4F40FE6F70B0F070213E4AE0B9599CF6348B0EAC781225457
6282099760 33296 25199 7C20F6CF1A09EEE4F40FE6F70B0F070213E4AE0B9599CF6348B0EAC781225457
6286809494 14760 13026 7C20F6CF1A09EEE4F40FE6F70B0F070213E4AE0B9599CF6348B0EAC781225457
6277374968 48373 56724 9EE450C48E28A227F43F12419393333A32879596729070F2B4185E96AD0A4886
6285393278 15240 36287 7C20F6CF1A09EEE4F40FE6F70B0F070213E4AE0B9599CF6348B0EAC781225457
6280167406 39005 2348 0664EDD223D00FBA6816037D7D42EF663EF17344058336ACE01AB24C5254FAB9
6286947468 8106 39998 7C20F6CF1A09EEE4F40FE6F70B0F070213E4AE0B9599CF6348B0EAC781225457
6278060218 36723 34601 79F0642B2E73055447EE76717B771A06C3931D199AEC4C0874E018F8E8A2C3DC
6281449537 16962 7663 7C20F6CF1A09EEE4F40FE6F70B0F070213E4AE0B9599CF6348B0EAC781225457
6280039105 63012 65195 7C20F6CF1A09EEE4F40FE6F70B0F070213E4AE0B9599CF6348B0EAC781225457
6281547140 54334 44191 7C20F6CF1A09EEE4F40FE6F70B0F070213E4AE0B9599CF6348B0EAC781225457
6285386946 65520 24777 7C20F6CF1A09EEE4F40FE6F70B0F070213E4AE0B9599CF6348B0EAC781225457
6278074108 29149 32908 9CFE85C468C28F0761A5EFF8334CA1714909D095698C4F1847B250BC20B40CC5
6285554211 47313 26272 18C1C83139853991373A29224CFE018A586D45F9B90DD2BBF6DC80998E32D058

Total of 0 tasks calculated error.
