Total of 100 tasks calculated correctly, accuracy 100.00% 
6294249241 37459 57929 527E122E9D35E20A94D965518836FF4E2BC56CF2754825EAAEBDAE42020966C7
6298456197 1964 32840 7C20F6CF1A09EEE4F40FE6F70B0F070213E4AE0B9599CF6348B0EAC781225457
6288946728 46977 8105 77AEC17F109C36C7547CB397101EFFE90C1C75421426B00D9F377D9FF1767CAE
6297238876 44548 42510 7C20F6CF1A09EEE4F40FE6F70B0F070213E4AE0B9599CF6348B0EAC781225457
6294103668 5579 57919 7E5F0EEA54E3E7A7F3C149F868B73505C6A6D5C5385A04BF4B58F35E2E00B373
6290774925 17253 1561 BCA35BCAC60C317ECF11D1DE3D022F03C4CEA7EA9223D1155209D9209015C201
6290934808 58379 8580 D44EA3E936694F902BDB0B24B86EFB68AEBB45155C17D86A972E53CD22B690E6
6293934149 48877 33891 7336E0B9F49C6CE67A2C67372B81E5C5F3F6C6BEEBE96C595D2961AD10F0D396
6296834882 56119 21015 93B2D5828AA81E8D28367B7D848484DF6ADBB4465CC52CFAD7F458C228478503
6298837265 23011 1063 D1A54E7AE0C53A9B83F1F8D2E296D42277C86516C1422B6B676D1DA81495E58A
6295404925 10227 56548 4599C9168B4EF4B6096928F7D209FCCF26D4EB686D7A274212168511DE0EB405
6290182772 1920 3382 7C20F6CF1A09EEE4F40FE6F70B0F070213E4AE0B9599CF6348B0EAC781225457
6297383819 53305 44324 9C3152C3123A464D404007190F36B41B5FAF8D217FA378129146B0C98CD82323
6294463871 15510 45304 7C20F6CF1A09EEE4F40FE6F70B0F070213E4AE0B9599CF6348B0EAC781225457
6288677723 27758 9788 7C20F6CF1A09EEE4F40FE6F70B0F070213E4AE0B9599CF6348B0EAC781225457
6300060033 18449 30185 22705A23A55AEF9E76C3490A3298026D21662157E43A17B2E4F4E31FD7BD9B75
6293511745 44827 5498 CA05088552E579786A9521C032CE6586BA3A4828F697837E97DF1F27C29822BD
6298250789 47812 27678 7C20F6CF1A09EEE4F40FE6F70B0F070213E4AE0B9599CF6348B0EAC781225457
6292945667 41970 15251 7C20F6CF1A09EEE4F40FE6F70B0F070213E4AE0B9599CF6348B0EAC781225457
6288865167 11566 49389 7C20F6CF1A09EEE4F40FE6F70B0F070213E4AE0B9599CF6348B0EAC781225457
6294737041 21698 59904 7C20F6CF1A09EEE4F40FE6F70B0F070213E4AE0B9599CF6348B0EAC781225457
6289042968 8931 45019 A65C1F362675067D1B6167A2F9089E7A6CDFC9562DA6DAE138C8F51791DD1CBD
6297518992 33716 51626 7C20F6CF1A09EEE4F40FE6F70B0F070213E4AE0B9599CF6348B0EAC781225457
6296984104 6318 43555 7C20F6CF1A09EEE4F40FE6F70B0F070213E4AE0B9599CF6348B0EAC781225457
6298151719 57063 13268 0551B1A209F07E388E3D6B6D11363BF7DB200EA701028ADA25DFDE173881D245
6297532626 24042 2313 7C20F6CF1A09EEE4F40FE6F70B0F070213E4AE0B9599CF6348B0EAC781225457
6290960326 26816 16808 7C20F6CF1A09EEE4F40FE6F70B0F070213E4AE0B9599CF6348B0EAC781225457
6295041385 49379 26626 5A2793D0D23ADC0AC9BE9FF9B08E6B0FA31545099F655D9E78EA87A705EB4DF3
6290446012 24287 37668 CE9C09B7B0DCD4425B4B92BFBB3A95156133350329281729060262A8103680FA
6300178052 36501 56199 3422D630DFFCFAF794FB8AB7AE5EC5196CF967F541B0A5069FB8E23EE0D12FD7
6291856302 31610 24801 7C20F6CF1A09EEE4F40FE6F70B0F070213E4AE0B9599CF6348B0EAC781225457
6290183349 38314 64473 7C20F6CF1A09EEE4F40FE6F70B0F070213E4AE0B9599CF6348B0EAC781225457
6293141162 49781 47603 A0E636FD8A01CC268FEBE46D2CC7304EF5E3BA77FF0FE0E930C8AB27531401B6
6290440637 40710 26752 7C20F6CF1A09EEE4F40FE6F70B0F070213E4AE0B9599CF6348B0EAC781225457
6290689123 52434 19584 7C20F6CF1A09EEE4F40FE6F70B0F070213E4AE0B9599CF6348B0EAC781225457
6297912521 15254 7622 7C20F6CF1A09EEE4F40FE6F70B0F070213E4AE0B9599CF6348B0EAC781225457
6295935141 2217 15250 D8C80407EDBDBFBBC73A3D1B61BFC338445CBDCD62E54017FF7E364D8295CEF3
6292230096 48624 47764 7C20F6CF1A09EEE4F40FE6F70B0F070213E4AE0B9599CF6348B0EAC781225457
6292577164 40590 20912 7C20F6CF1A09EEE4F40FE6F70B0F070213E4AE0B9599CF6348B0EAC781225457
6291026182 63051 51258 2F1DAD84947BE847657547E37EF42DE20A810F4ED033D18C942FD9DFD497B53B
6290139346 43811 48868 4BBED4D419DEEFF5D92FDF22E6BA9C7BAA23700B90DFC7EB9847E442F6D85CE4
6291030151 44024 62018 7C20F6CF1A09EEE4F40FE6F70B0F070213E4AE0B9599CF6348B0EAC781225457
6296660316 24414 16325 7C20F6CF1A09EEE4F40FE6F70B0F070213E4AE0B9599CF6348B0EAC781225457
6294488508 46067 25318 5241DED7657063C0C4DD2D43FE5727CF2600F87F5E8888574C79DFF05C9EBF70
6293347430 574 56305 7C20F6CF1A09EEE4F40FE6F70B0F070213E4AE0B9599CF6348B0EAC781225457
6295121998 40306 15467 7C20F6CF1A09EEE4F40FE6F70B0F070213E4AE0B9599CF6348B0EAC781225457
6289478535 16412 42954 7C20F6CF1A09EEE4F40FE6F70B0F070213E4AE0B9599CF6348B0EAC781225457
6291872340 64388 28667 7C20F6CF1A09EEE4F40FE6F70B0F070213E4AE0B9599CF6348B0EAC781225457
6296810589 3630 57986 7C20F6CF1A09EEE4F40FE6F70B0F070213E4AE0B9599CF6348B0EAC781225457
6300009810 57637 54410 868504A21A884565B7A457AD255E6674384B994B0D3AE4C809A912F1386066AA
6295878425 47666 7888 7C20F6CF1A09EEE4F40FE6F70B0F070213E4AE0B9599CF6348B0EAC781225457
6297652192 64303 17564 4471DEEC2B77BCD01A6CEC36E97A5D1F1CA9348F87AFE743283C04923BBAA039
6295601479 19151 30371 7C2F8055C44EF29A7002B29F8871A488B0B2B49FA688BFCD8EDA550B052CE678
6294024031 11605 7748 71A5462B103140D72C7EA30258A2B64EA41C4D07E47CE399F72C3E1C3AD5E947
6290417409 36700 33948 7C20F6CF1A09EEE4F40FE6F70B0F070213E4AE0B9599CF6348B0EAC781225457
6299436315 38016 38640 7C20F6CF1A09EEE4F40FE6F70B0F070213E4AE0B9599CF6348B0EAC781225457
6296374380 14628 24637 7C20F6CF1A09EEE4F40FE6F70B0F070213E4AE0B9599CF6348B0EAC781225457
6290917984 47585 6551 F9F329DE678C20C3275708B151E63C0FCAEDAE9265F406BA557EE127120DCE21
6299868259 20731 50694 6E657B9D3B94343E189BE52D1D0B0ACECC6DFF357B63B6ECDAC1E2F5E9196347
6293630072 31668 31531 7C20F6CF1A09EEE4F40FE6F70B0F070213E4AE0B9599CF6348B0EAC781225457
6294084551 6665 39124 A74E7298C3F6D5FB777B4D1D2DF800FB06C311AE7CD47C657033C42D6D4C64BE
6297988781 36730 48976 7C20F6CF1A09EEE4F40FE6F70B0F070213E4AE0B9599CF6348B0EAC781225457
6295345435 32683 36634 273AD20C1D781C3B4C7AC1EA953F259AC6C03BD79DAB7FD292F469C20E353A5A
6296046952 38812 7988 7C20F6CF1A09EEE4F40FE6F70B0F070213E4AE0B9599CF6348B0EAC781225457
6294005605 14001 4240 E197DAABB080CC868FD3C2E9253C032DE05EC5CAB753BF589EE5E9D199FF2257
6297930720 65520 50852 7C20F6CF1A09EEE4F40FE6F70B0F070213E4AE0B9599CF6348B0EAC781225457
6288774964 45239 19560 430B22CB016068DA49339E7DBBE264779C18E84C8A93C1C6B737175E7E911097
6289403961 60686 63313 7C20F6CF1A09EEE4F40FE6F70B0F070213E4AE0B9599CF6348B0EAC781225457
6292007984 14524 4090 7C20F6CF1A09EEE4F40FE6F70B0F070213E4AE0B9599CF6348B0EAC781225457
6295983812 22222 39653 7C20F6CF1A09EEE4F40FE6F70B0F070213E4AE0B9599CF6348B0EAC781225457
6295896201 24269 57254 4F44591A925B7CA18FDCF998DD3FD6A7A8F3E1A581767AA47209AFB151DC5CB4
6292816181 32530 15884 7C20F6CF1A09EEE4F40FE6F70B0F070213E4AE0B9599CF6348B0EAC781225457
6293921141 9814 29436 7C20F6CF1A09EEE4F40FE6F70B0F070213E4AE0B9599CF6348B0EAC781225457
6293906982 44137 53264 A29A5CFD73CADDFBB5518AB871308FA1FE423C59F2FEFB39E538D4FF5BB8C3DD
6294963437 12450 18704 7C20F6CF1A09EEE4F40FE6F70B0F070213E4AE0B9599CF6348B0EAC781225457
6295874917 51633 56011 12A5CE6183BCD7204789AA3ADA647A12D2AE014652027CC8E2175DFC3C52710B
6290545732 39590 43588 7C20F6CF1A09EEE4F40FE6F70B0F070213E4AE0B9599CF6348B0EAC781225457
6295379641 57860 12154 7C20F6CF1A09EEE4F40FE6F70B0F070213E4AE0B9599CF6348B0EAC781225457
6291532018 2533 12106 227B3721F7742C0A09CCE1FDDEE15873BC20EAAE45F873FDDB90B4D719708F45
6294547998 34197 55102 F2642637EB7D242472B0F34806C46BD65B53960C5ADE91022AE479B2D685B77E
6294847369 1202 31683 7C20F6CF1A09EEE4F40FE6F70B0F070213E4AE0B9599CF6348B0EAC781225457
6294145152 28510 51307 7C20F6CF1A09EEE4F40FE6F70B0F070213E4AE0B9599CF6348B0EAC781225457
6293711105 8589 20317 D9EA40E72993B2B2D29B8702B21EFB41B7358697599B7FC355A341AFB9904D31
6294320293 20246 41197 7C20F6CF1A09EEE4F40FE6F70B0F070213E4AE0B9599CF6348B0EAC781225457
6300260423 27761 56064 4EC9C4A6E73EEE862D91A859C8A04FCD9504AA62DD13EC81AB0D33B3E4192284
6288790970 8771 6629 9DB12AC8B71C0966971DD6D774C0F29FC917E8784A169A72D4F5EA8C3C5266C1
6291084392 41114 5523 7C20F6CF1A09EEE4F40FE6F70B0F070213E4AE0B9599CF6348B0EAC781225457
6290014125 45877 55239 82C40DE3CDBD96FE458E03BBE5D794BDCE026FF0A1715EC4D8D56408BA9963BA
6289922341 14224 14751 7C20F6CF1A09EEE4F40FE6F70B0F070213E4AE0B9599CF6348B0EAC781225457
6295555788 50730 41701 7C20F6CF1A09EEE4F40FE6F70B0F070213E4AE0B9599CF6348B0EAC781225457
6290662019 23725 26870 2E876F5D9B7FDFC278E345FE52321449ABE8A32AEA81A96ED8EE03BAB79E0E07
6294282749 50812 47501 7C20F6CF1A09EEE4F40FE6F70B0F070213E4AE0B9599CF6348B0EAC781225457
6291978937 44230 48782 7C20F6CF1A09EEE4F40FE6F70B0F070213E4AE0B9599CF6348B0EAC781225457
6297105104 28179 29054 4E8A105FFD2EFCEF3DBCE0CF1B723D54B7783B2822E1E08693965A73A27913F4
6291790457 40432 65256 7C20F6CF1A09EEE4F40FE6F70B0F070213E4AE0B9599CF6348B0EAC781225457
6297420488 31701 35234 10DC0EF05A42288B9B183B37C1DBD8E9A045E68B6C568DE9FAC30DEBEDECAA44
6298619686 32314 17907 7C20F6CF1A09EEE4F40FE6F70B0F070213E4AE0B9599CF6348B0EAC781225457
6291380556 19205 35068 BDC59488DE979ECCAFDEE11B604181F486AB84423F168DCEC7414248BFEAF20C
6298240738 2847 16224 996855EBA71DE81F10DB842D5FDE2A18E237BE3EB451C62F3EEAE76265209435
6292875860 29671 54172 6200FA44E722E6F93A743D34AF1DA924E81E82BB1FD9EEB3C834CBFC7853B85A

Total of 0 tasks calculated error.
