Total of 100 tasks calculated correctly, accuracy 100.00% 
6316184631 41524 52001 7C20F6CF1A09EEE4F40FE6F70B0F070213E4AE0B9599CF6348B0EAC781225457
6314422283 31525 39581 B50E63B8AAC271D2D137C25245ADF574159486E73EE382EBDE666873FF136DAE
6317448120 32460 60313 7C20F6CF1A09EEE4F40FE6F70B0F070213E4AE0B9599CF6348B0EAC781225457
6323105729 8899 8503 48C00B6849A079A4DF6D1AC0E624AC7779525D1F6A93D3BFFACA9B6E900DA19F
6319839532 39351 30113 16DE616378F4DB203C6E7E40D904D3ADAB820FDF18D3134DDA0BC376388006C8
6316767039 16917 29318 262E5EC0E414061535EC228B002919CD6E865B557CA06E30735BBECA77060824
6315134722 31194 27055 7C20F6CF1A09EEE4F40FE6F70B0F070213E4AE0B9599CF6348B0EAC781225457
6313519128 24456 12311 7C20F6CF1A09EEE4F40FE6F70B0F070213E4AE0B9599CF6348B0EAC781225457
6315480411 37140 37707 7C20F6CF1A09EEE4F40FE6F70B0F070213E4AE0B9599CF6348B0EAC781225457
6315135185 33052 36517 7C20F6CF1A09EEE4F40FE6F70B0F070213E4AE0B9599CF6348B0EAC781225457
6323439293 38887 28823 563B7FDC634A2766DFCEFBE49742BF00A4D584FCBAB2DF9ED9038424C19E0D49
6316902077 39181 54174 CE66E8A9A191939EAA2EE27757F60EC0FF2405DD7CE83838EB9F9B2E3FC6FC45
6320318152 35389 9046 1956E4636B7C06A358E1579399777A85A723A1216FC94D7CE2CE12F2533F7D1B
6319852475 22220 33484 7C20F6CF1A09EEE4F40FE6F70B0F070213E4AE0B9599CF6348B0EAC781225457
6317570277 23214 41919 7C20F6CF1A09EEE4F40FE6F70B0F070213E4AE0B9599CF6348B0EAC781225457
6321841599 18913 59027 4CBE75C5636B10F905BD530FB74B0B84DADD89B7D45EAC8DD4C0664104BEC6B6
6317823433 3227 1337 24AB98FE79CB2E87D520088459F8520A850E15B97667D67572A1AB333D5DBB0F
6313098989 59255 5505 354A2E2BFE01B62324CCBCAD2DED3DE1CA92372533545861F81ECD5A8EB53222
6315236153 52227 23765 F0D8AD74051656DD9EC6F0B4F13A06E752BDAACCE57CE644DD51B6FB72C3BC73
6317126744 55003 42950 AD6D82DBD921B1AA8256217F7666361A3CBC3F3226D4F988AD1FB05240CA70BA
6315261340 10404 33093 7C20F6CF1A09EEE4F40FE6F70B0F070213E4AE0B9599CF6348B0EAC781225457
6319799593 54451 23911 D84B30FE1FFDC8E4A1F166D6B9D328BAC6C1C45FBFD157FDEED26F61B4484AAE
6315209255 45141 63916 688B4249C046286DD5C38EE5F88381CA8700C49CC5C781BF00F2DA5BAF6512AE
6323529812 27686 14009 7C20F6CF1A09EEE4F40FE6F70B0F070213E4AE0B9599CF6348B0EAC781225457
6318066861 39473 35357 8780D55159EF6241DA56E3D47E2357A8E883C72A90A5AC08A628D348AD3F5540
6312810795 13666 7504 7C20F6CF1A09EEE4F40FE6F70B0F070213E4AE0B9599CF6348B0EAC781225457
6321807233 14949 32435 E20B7C445F1074F9EF82A9A7BE224CAE711F374EB72EDB266892124D80644AFE
6321094582 24146 21235 7C20F6CF1A09EEE4F40FE6F70B0F070213E4AE0B9599CF6348B0EAC781225457
6315779173 62317 61431 DF89352A16EB00331A71AF37A3C49276F7C8ED5D38843B2E48F8D1271AA4208B
6315622740 48800 30336 7C20F6CF1A09EEE4F40FE6F70B0F070213E4AE0B9599CF6348B0EAC781225457
6312798054 52101 45542 C3577E7DC278F4AEE3ED53693ECDF45FC33AD7E7659201A5B09F86B72A1EDE9A
6317497417 22442 23656 7C20F6CF1A09EEE4F40FE6F70B0F070213E4AE0B9599CF6348B0EAC781225457
6313227532 24163 29605 185C3CD44391B88368CBC62232291197064401690AC8B09F1CA8C97EC0EEFBC7
6319912881 39402 44149 7C20F6CF1A09EEE4F40FE6F70B0F070213E4AE0B9599CF6348B0EAC781225457
6321018047 39474 53307 7C20F6CF1A09EEE4F40FE6F70B0F070213E4AE0B9599CF6348B0EAC781225457
6324119950 2297 26649 6C3CBDF79E98824FF577A72A43AE7F51B6CE174CC4F79321E1E8D52B270CFF3C
6321345945 30508 44400 7C20F6CF1A09EEE4F40FE6F70B0F070213E4AE0B9599CF6348B0EAC781225457
6318302300 65132 19170 7C20F6CF1A09EEE4F40FE6F70B0F070213E4AE0B9599CF6348B0EAC781225457
6315624099 28041 62764 8439C349F37368FB4437B3E6CB7A08C3CF824443D928BCC686FBFCDC99E8B9B6
6323896546 10195 46650 F8E632CA2BF47B97BE78251A9E33624BB46154E8FC69653FCEB5FAE33CE90A8E
6322236878 33540 47154 7C20F6CF1A09EEE4F40FE6F70B0F070213E4AE0B9599CF6348B0EAC781225457
6320246304 54965 37703 6BA50BAB09D779A8DAC250DE6F55172CE3F5FE8168EF2E30CDE2B79668F5C7E1
6315523061 3313 49493 C2B562AD5F7722B3D16F8998B867C5FB8DCB6BE9BA62FEE253109C3622588E41
6322808273 6293 42692 A9913C6605E0EAF3E94014810DC521D46AEF56FEE20F8FB18D3C978F9A14D1BD
6315185878 857 15704 0B5F21029E15BF47F622CC36B72CD313753CA2E38F2BA66FF42BA106A34A7066
6314323532 34518 189 7C20F6CF1A09EEE4F40FE6F70B0F070213E4AE0B9599CF6348B0EAC781225457
6320239737 35775 65166 269C93AA119697B8A24562066EC082BB3327C503D14F44AEF867D283BE33B6A0
6313714295 38485 21556 A1E028287B1BA2366676B69F3906943F3D973B659D3ED0E434E96EDF3DF42FAD
6314080278 33081 19964 05B7E72A7680E15D0C7309EB7DC11F37A88CC267E4860802BFCD934201A38629
6318513364 33402 3576 7C20F6CF1A09EEE4F40FE6F70B0F070213E4AE0B9599CF6348B0EAC781225457
6320186796 51871 10868 D8241B349545EDA571798E0AC2F98C4F65DE714B146B046CEE81386FF78236E8
6318625245 36324 65028 7C20F6CF1A09EEE4F40FE6F70B0F070213E4AE0B9599CF6348B0EAC781225457
6323444428 1883 65323 A523E60B29402536CBBE92D4B31D4001A5AEC4AD0C24A8AE970BCD469C6DD68E
6323195779 44830 15486 7C20F6CF1A09EEE4F40FE6F70B0F070213E4AE0B9599CF6348B0EAC781225457
6313965043 37478 9765 7C20F6CF1A09EEE4F40FE6F70B0F070213E4AE0B9599CF6348B0EAC781225457
6317520999 58827 36969 3DE4AA5791E3D2AAACB1993A100723DB190E55E0518F1216C9FA994BACE4CE03
6323170413 15234 47341 7C20F6CF1A09EEE4F40FE6F70B0F070213E4AE0B9599CF6348B0EAC781225457
6320319118 436 38317 7C20F6CF1A09EEE4F40FE6F70B0F070213E4AE0B9599CF6348B0EAC781225457
6320459052 12672 12868 7C20F6CF1A09EEE4F40FE6F70B0F070213E4AE0B9599CF6348B0EAC781225457
6319530388 4143 62670 7E2DD02C3BFF9433DD871944F0442C38011A8791BB881BDD9962D3614824F98E
6321111485 62186 3006 7C20F6CF1A09EEE4F40FE6F70B0F070213E4AE0B9599CF6348B0EAC781225457
6322385908 14173 56903 155FF7DC2FE993157E30F2A9FCDEAF161EDFDAE8CEFBD90E752A5AA5F7BF77FF
6318605577 9301 32382 A68926CEBA8BE99BB5E3F55671C58857745ACB47267E66A73332FE8BF26D500C
6318871770 11722 52959 7C20F6CF1A09EEE4F40FE6F70B0F070213E4AE0B9599CF6348B0EAC781225457
6319028428 17436 40929 7C20F6CF1A09EEE4F40FE6F70B0F070213E4AE0B9599CF6348B0EAC781225457
6323207302 52080 54559 7C20F6CF1A09EEE4F40FE6F70B0F070213E4AE0B9599CF6348B0EAC781225457
6317908231 19663 63872 0092253E530262435123586CE76BD38197432594C97C898034A99665439F8FFF
6314624558 55087 53153 23C6B8F3099F463353758D35112349A426F00FFCF4D86303BE2606E0E4D7B0B4
6319982684 32638 51763 7C20F6CF1A09EEE4F40FE6F70B0F070213E4AE0B9599CF6348B0EAC781225457
6318653177 1355 8427 EDC14E7785E8C2D97389AF308BB2C662C921B3F90EEF3605854F1F8D3B71B377
6313184146 27132 57749 7C20F6CF1A09EEE4F40FE6F70B0F070213E4AE0B9599CF6348B0EAC781225457
6318305831 43018 21452 7C20F6CF1A09EEE4F40FE6F70B0F070213E4AE0B9599CF6348B0EAC781225457
6318004893 20940 60434 7C20F6CF1A09EEE4F40FE6F70B0F070213E4AE0B9599CF6348B0EAC781225457
6317094943 10097 34525 7CF9E9014C7F75CB95E8E113F6A32314F3BC3DDCDD1C8DAEF82B17D57FCDE364
6316583054 25973 55023 E4E92A40E13619EE2182B96E434E5030D35C34DA36EC2694F28CAD8ABB0C0F24
6317006234 46623 15001 D99EBC3008412611097D60F007DB7716F826FA93B3B411CB163DCC4B72303DC8
6321632396 1043 57300 A230F463E5A8A9D7286DC64A687AEBAD8F923395F851EAF6C299A748C493A461
6318756812 8146 18392 7C20F6CF1A09EEE4F40FE6F70B0F070213E4AE0B9599CF6348B0EAC781225457
6315648255 47210 16709 7C20F6CF1A09EEE4F40FE6F70B0F070213E4AE0B9599CF6348B0EAC781225457
6317002878 32269 15599 6E8575E79E10BBA9334405E8C48F61D80680091872255013F75199C9455AFA27
6321974003 43384 29797 7C20F6CF1A09EEE4F40FE6F70B0F070213E4AE0B9599CF6348B0EAC781225457
6319965914 38522 59911 7C20F6CF1A09EEE4F40FE6F70B0F070213E4AE0B9599CF6348B0EAC781225457
6313844582 32324 58424 7C20F6CF1A09EEE4F40FE6F70B0F070213E4AE0B9599CF6348B0EAC781225457
6317476056 30446 14935 7C20F6CF1A09EEE4F40FE6F70B0F070213E4AE0B9599CF6348B0EAC781225457
6316018688 41742 42352 7C20F6CF1A09EEE4F40FE6F70B0F070213E4AE0B9599CF6348B0EAC781225457
6319128103 43615 29962 BA86B836FFF465AEBF63D100731A9FACBB9054C7CA2E282E5CB194E38B895CF9
6312940372 53631 810 A7527C9079125CFCF4B927FA1C7343977350B6F731805FBC81E7E8EE38EF900F
6321946814 62947 40548 39F02AF7637FF0684DCC2DAC2F94DE9B220D17AF0098130162A7BFBBF50734CF
6314662580 40270 14070 7C20F6CF1A09EEE4F40FE6F70B0F070213E4AE0B9599CF6348B0EAC781225457
6315425402 18187 64979 BBBC7E8B2C9F640E8ED13136DC7F1DF859A4D35EB0B135BD719586C94B3820A0
6319676083 32213 27527 7FE42186D275B56DA2DA5773BA8FAA7BCBC17E4471F9D6527E6C56A9A9154E93
6318117384 21473 45237 9FC07A99E132CE85788F1F47D4B1F6FE4E57EB76A1F28FCE8E8E3DB555C148B9
6312910949 24458 46466 7C20F6CF1A09EEE4F40FE6F70B0F070213E4AE0B9599CF6348B0EAC781225457
6322209933 4653 57034 CE354B86D467B0D89C88A5F2F2E258DB5DA5F655547DA413B5155C088D763D80
6322235452 26192 28318 7C20F6CF1A09EEE4F40FE6F70B0F070213E4AE0B9599CF6348B0EAC781225457
6315851612 43304 11331 7C20F6CF1A09EEE4F40FE6F70B0F070213E4AE0B9599CF6348B0EAC781225457
6317050411 1740 24015 7C20F6CF1A09EEE4F40FE6F70B0F070213E4AE0B9599CF6348B0EAC781225457
6317199450 25437 36255 568FD5C6083F8187A6B3754CA46A174F3B8974D46D288A3F842141036AC45168
6314551240 63628 3472 7C20F6CF1A09EEE4F40FE6F70B0F070213E4AE0B9599CF6348B0EAC781225457
6322956711 27608 10597 7C20F6CF1A09EEE4F40FE6F70B0F070213E4AE0B9599CF6348B0EAC781225457

Total of 0 tasks calculated error.
