Total of 100 tasks calculated correctly, accuracy 100.00% 
6338204421 56190 18273 7C20F6CF1A09EEE4F40FE6F70B0F070213E4AE0B9599CF6348B0EAC781225457
6341660804 37018 11873 7C20F6CF1A09EEE4F40FE6F70B0F070213E4AE0B9599CF6348B0EAC781225457
6339718282 56124 52423 7C20F6CF1A09EEE4F40FE6F70B0F070213E4AE0B9599CF6348B0EAC781225457
6343786274 12286 20492 7C20F6CF1A09EEE4F40FE6F70B0F070213E4AE0B9599CF6348B0EAC781225457
6339361322 57812 23617 7C20F6CF1A09EEE4F40FE6F70B0F070213E4AE0B9599CF6348B0EAC781225457
6343947732 58542 50087 7C20F6CF1A09EEE4F40FE6F70B0F070213E4AE0B9599CF6348B0EAC781225457
6341711068 36725 21735 F50ED864C49B8BDE281C969A5A1312D32E816F6AC65C3DF25FF9FDFBDD43D660
6345763258 28942 54143 7C20F6CF1A09EEE4F40FE6F70B0F070213E4AE0B9599CF6348B0EAC781225457
6343023679 14548 5501 7C20F6CF1A09EEE4F40FE6F70B0F070213E4AE0B9599CF6348B0EAC781225457
6347212651 35704 51946 7C20F6CF1A09EEE4F40FE6F70B0F070213E4AE0B9599CF6348B0EAC781225457
6338931439 14116 36296 7C20F6CF1A09EEE4F40FE6F70B0F070213E4AE0B9599CF6348B0EAC781225457
6336936939 19998 35513 7C20F6CF1A09EEE4F40FE6F70B0F070213E4AE0B9599CF6348B0EAC781225457
6348222733 31215 19508 CF3C6CE3BCD324CE2A5FFD8E0AD08AF661473F39F39EE2F3AEFBB2E2BE742267
6339400819 39094 22791 7C20F6CF1A09EEE4F40FE6F70B0F070213E4AE0B9599CF6348B0EAC781225457
6337032973 50279 35100 7FE81F5084E6F1368AB56A55EEC738D588DB8C3825935D047E55D2432A9E5547
6344355019 53055 56346 D38A748F21852269D237C413F53AC3A336F5C28A609AEDD14B6040396C9A06ED
6336767737 21963 56835 1E0277FE32AE7E87B74EE90646F77202289EAE81EAD083328228BE35926DEF86
6346007535 28135 56493 88CF9419CFF467401FF593F3898C8B2F036B27251452CED3C673354468628E8F
6346060095 22327 3798 1A9EF0E7FF823C464BA1458561E4DBABBEA946028CE204BE9347F27C04BEAF99
6348077711 17631 22334 12C6E4A9A5BC49F3C5D2CA2103B9069F8DCDF277A52D88816B432466002016DA
6346356799 54254 2250 7C20F6CF1A09EEE4F40FE6F70B0F070213E4AE0B9599CF6348B0EAC781225457
6342967781 62149 22056 FBF2ADB954D29F416D06E72D573AB17B8306985BC82BD226FFCE831B264528CC
6337807024 17297 7699 3C50CFBE0DF9F16A7C0A66380070352F163B4B8C583CAE6248929D1DB4DC896A
6341905830 26012 60034 7C20F6CF1A09EEE4F40FE6F70B0F070213E4AE0B9599CF6348B0EAC781225457
6348186834 10095 54886 BAD79CA3ADED938C7A152AE4E6139FEC696253DE25A88BF32504887D8CDE6108
6346824893 26759 11070 859994C04779617BEA5C93D5D3B5147A10CF7DAFF8D422E598BC99140210C013
6337630883 54990 18779 7C20F6CF1A09EEE4F40FE6F70B0F070213E4AE0B9599CF6348B0EAC781225457
6336753024 32774 6671 7C20F6CF1A09EEE4F40FE6F70B0F070213E4AE0B9599CF6348B0EAC781225457
6340768751 10414 19460 7C20F6CF1A09EEE4F40FE6F70B0F070213E4AE0B9599CF6348B0EAC781225457
6341082459 30938 36712 7C20F6CF1A09EEE4F40FE6F70B0F070213E4AE0B9599CF6348B0EAC781225457
6344533449 44099 6447 2E85577A9E0528116DD033FFD253D8568A19D37C0AF34437E57DCFB20BB29BD4
6337800973 24365 36464 2985C77BC6324CFA84085D325DAF720CA5E5FAC7D84EBF8AB7E4E89A53A70C1C
6344626938 3464 35909 7C20F6CF1A09EEE4F40FE6F70B0F070213E4AE0B9599CF6348B0EAC781225457
6346293755 16277 38883 08CCE7F3AFD3534DB4626D075B657390AEA418ED6AEA14D23DA8C71AF8DE8FE0
6344618404 42501 22439 0466E7E9969CBFF237297AF21727795F39E1A86340D11B1C957E2BA078120ECC
6337331460 32311 40966 1A19E5969BB4662B2C50F045B700C83CE8674FEAB9D6CB597F934D49014F66C7
6341175380 44767 24426 CCFDD9890F0197110268FF455730AB48F1417E0ED318ED3BCE058FCCACDDDFE1
6341487208 43049 25961 DD341D5B73E137553D8C8776D6AC869A429745277C67D4E1A1EA44EF383F451F
6341392558 26424 42128 7C20F6CF1A09EEE4F40FE6F70B0F070213E4AE0B9599CF6348B0EAC781225457
6341535475 9938 19521 7C20F6CF1A09EEE4F40FE6F70B0F070213E4AE0B9599CF6348B0EAC781225457
6338245993 26833 14722 AD283FA6B85302A5100E37617C8397E5CEC22ECD552A1BF14F8080DBF702EC26
6338437108 34854 3690 7C20F6CF1A09EEE4F40FE6F70B0F070213E4AE0B9599CF6348B0EAC781225457
6344525013 29753 60924 70FB8FE6FCC06FF4E50A76CAC7F7BB1EF5303770C3FC88E0657A5075D2A685C8
6339436233 21804 10245 7C20F6CF1A09EEE4F40FE6F70B0F070213E4AE0B9599CF6348B0EAC781225457
6341383912 57008 56997 7C20F6CF1A09EEE4F40FE6F70B0F070213E4AE0B9599CF6348B0EAC781225457
6345198694 36211 27641 0CFA47437273F6D2024C91283BD786AF0FDB2E85B0423364290EDCFF88FC6C80
6337328944 21552 52596 7C20F6CF1A09EEE4F40FE6F70B0F070213E4AE0B9599CF6348B0EAC781225457
6344742870 44210 56829 7C20F6CF1A09EEE4F40FE6F70B0F070213E4AE0B9599CF6348B0EAC781225457
6339693823 27015 25514 E19BCE00C61B3FA18A5EE449EC71BE86B61A36BE1E293E54EAECB8BD53B9645A
6337595138 47338 27176 7C20F6CF1A09EEE4F40FE6F70B0F070213E4AE0B9599CF6348B0EAC781225457
6344473194 56756 63713 7C20F6CF1A09EEE4F40FE6F70B0F070213E4AE0B9599CF6348B0EAC781225457
6340042706 17333 44816 385A5E0DB57870AD204CF75D5122DD3E0F2C152772BCD52F44A39B4F3FBCDF34
6342500087 46177 39230 63F0F3D6F610420D1050E5DDD060A5C0A1CF0AEBE24EFC7184AD388F12487D5C
6338783026 11509 10470 35B8E824CF378B09CE8A3BE2F3C1DCEFAAA2DB766882E05A4B116174EA4995D1
6342716351 27869 16909 AF5B31258DD5A6CBC3B40CB4BCE3BB4A17BBDB30BF0484CA5CB855B513BD686B
6345603990 7761 5625 8941923D57BFEB3CAD3E9952565E3511EBBA0246C241F9B89EDC6D6C3A2DAF3D
6346101350 39387 15075 A9D25418155957ADD2F361ECEB230443B16880703FA045542A6D299768E9FB67
6340912706 49206 62691 7C20F6CF1A09EEE4F40FE6F70B0F070213E4AE0B9599CF6348B0EAC781225457
6338206614 39191 47411 5D64894821701D2E802A38C4A388040A333CFFCEBF72E965EAB341BF7F12CB1E
6341597413 28540 2195 7C20F6CF1A09EEE4F40FE6F70B0F070213E4AE0B9599CF6348B0EAC781225457
6338392041 44837 45603 02E65571FC94A20451AEBA1B555DADEA130FB3CB6BA31DE0752ACD17C60DA077
6340414549 57259 22705 0D0AA05C30A6A71AFE832DC7BDF1695F222ADBD507ACDD94D316E62A24A3C52E
6344667366 2427 21675 86F33F76336912461019B455173C8F67DDC6C5E3CCDCA34665FF663EAA504222
6341589180 16410 21494 7C20F6CF1A09EEE4F40FE6F70B0F070213E4AE0B9599CF6348B0EAC781225457
6338887852 3794 30079 7C20F6CF1A09EEE4F40FE6F70B0F070213E4AE0B9599CF6348B0EAC781225457
6343020740 31138 28825 7C20F6CF1A09EEE4F40FE6F70B0F070213E4AE0B9599CF6348B0EAC781225457
6337917128 28372 61250 7C20F6CF1A09EEE4F40FE6F70B0F070213E4AE0B9599CF6348B0EAC781225457
6342572314 2785 22808 3AED212C8D45A84A8A6177D525B257F9498E8CF2DEE611F608A655A835B31110
6341347981 40578 20654 7C20F6CF1A09EEE4F40FE6F70B0F070213E4AE0B9599CF6348B0EAC781225457
6338982718 2870 20265 7C20F6CF1A09EEE4F40FE6F70B0F070213E4AE0B9599CF6348B0EAC781225457
6345770678 46839 18649 C404FAC44A362E42227BF3978CCB8BB7B704581D327A0E2D8106D0FA3B1EC734
6345289954 2963 63526 8CB69B240BAF46C49068D0D664D3F68B36627F9921BAA603F375EA08D434D55B
6338813670 16808 689 7C20F6CF1A09EEE4F40FE6F70B0F070213E4AE0B9599CF6348B0EAC781225457
6337878883 34323 12048 A54508460A2529A3EB012EF4F2D6F3106952FAA2585F9AF30CC3FF81FECB933C
6343626544 42379 55372 8A016B70BAB533A1C0B8248747FA51CB518BBCECDB859EC6F880CE87BD447258
6342678859 7860 46652 7C20F6CF1A09EEE4F40FE6F70B0F070213E4AE0B9599CF6348B0EAC781225457
6336738371 63758 58395 7C20F6CF1A09EEE4F40FE6F70B0F070213E4AE0B9599CF6348B0EAC781225457
6344169681 60763 55947 A37060F445A74162711EE00B50495A9291E383094723CF0CD13F63FD5A3CB5FB
6345139683 63600 28013 7C20F6CF1A09EEE4F40FE6F70B0F070213E4AE0B9599CF6348B0EAC781225457
6337655341 6196 18366 7C20F6CF1A09EEE4F40FE6F70B0F070213E4AE0B9599CF6348B0EAC781225457
6346309204 53305 27422 64D586E2AE6297391C270E207DF30AE83FE6C73D3A4B16B6BF7233C697C3F09C
6339338847 36433 58060 68937BEB90A1A60B54DB5FECB0CAE17C1CF15886A37BB107E339C1FCB906F3AC
6338091948 49833 34929 8753D0D94FA7A5266A4DF61BF805BE6A73C9AF716C5A13BA520618295E311CC1
6336651021 3480 58171 7C20F6CF1A09EEE4F40FE6F70B0F070213E4AE0B9599CF6348B0EAC781225457
6341308275 38414 9955 7C20F6CF1A09EEE4F40FE6F70B0F070213E4AE0B9599CF6348B0EAC781225457
6338291699 46699 27881 A8BB6804EBE580110484494DDF1DCE97050DE6E0DF37E57ADE1953FAD134B287
6345264693 29166 21735 7C20F6CF1A09EEE4F40FE6F70B0F070213E4AE0B9599CF6348B0EAC781225457
6336716557 37204 34208 7C20F6CF1A09EEE4F40FE6F70B0F070213E4AE0B9599CF6348B0EAC781225457
6342029399 31118 2373 7C20F6CF1A09EEE4F40FE6F70B0F070213E4AE0B9599CF6348B0EAC781225457
6346904636 54977 49781 9DC128DA25B93388257BBF53209E101ED4D6AB9B729477F7A70D58DA11AC0010
6341520725 18139 24024 AC301AA5CEDAE85D1976164F9A616B09290B4C7A31970F1836ED557B6435861C
6347324262 3773 44392 9D93967893F6731FD51BBA1E1B714477CC1B4A9E7E3C2559B81AF33B5436BE50
6346349851 60876 29063 7C20F6CF1A09EEE4F40FE6F70B0F070213E4AE0B9599CF6348B0EAC781225457
6340368200 24242 45504 7C20F6CF1A09EEE4F40FE6F70B0F070213E4AE0B9599CF6348B0EAC781225457
6342850845 61050 28956 7C20F6CF1A09EEE4F40FE6F70B0F070213E4AE0B9599CF6348B0EAC781225457
6341963680 13039 2487 76BF00B17F3017570AE8C49D9E2A0A704326FC0930870AC855A9CE38D85E5498
6339301069 46316 12862 7C20F6CF1A09EEE4F40FE6F70B0F070213E4AE0B9599CF6348B0EAC781225457
6344585137 37114 47507 7C20F6CF1A09EEE4F40FE6F70B0F070213E4AE0B9599CF6348B0EAC781225457
6346788944 15544 28187 7C20F6CF1A09EEE4F40FE6F70B0F070213E4AE0B9599CF6348B0EAC781225457
6346948450 50529 11942 BB0F44F7B117D58772039B3B62A7E9FE107116764313A0A2094E751AF9552137

Total of 0 tasks calculated error.
