Total of 100 tasks calculated correctly, accuracy 100.00% 
625298642 45016 52397 7C20F6CF1A09EEE4F40FE6F70B0F070213E4AE0B9599CF6348B0EAC781225457
625811909 43298 56971 7C20F6CF1A09EEE4F40FE6F70B0F070213E4AE0B9599CF6348B0EAC781225457
634845028 63682 46872 7C20F6CF1A09EEE4F40FE6F70B0F070213E4AE0B9599CF6348B0EAC781225457
625347958 20735 64201 FE4A08A0635F60D5D0D9AB5C3C7B130DEBDDEF937887401E1BA790312A36C30E
626949978 62019 5490 AC6EC7F8838D7A9BB4AC724020045484E191563B3369100AB63909F76E86AB26
633955011 51954 34571 7C20F6CF1A09EEE4F40FE6F70B0F070213E4AE0B9599CF6348B0EAC781225457
636018695 46437 35945 CAC9E8E50FDB9218C6EE863062599ACA133AA64CC0A885BE4ED0F54C4D9E4657
627360638 8141 44981 38A33A5135CAF7A81E840C9707B10032BC87D8A310BCCCB82E7CAC418714D73E
627867013 10886 20394 7C20F6CF1A09EEE4F40FE6F70B0F070213E4AE0B9599CF6348B0EAC781225457
635137646 30410 29589 7C20F6CF1A09EEE4F40FE6F70B0F070213E4AE0B9599CF6348B0EAC781225457
624782827 44613 7663 468BEDFF99532C77CB41667A9F02FF71DFB511A0612272BF97D7F754D43B3E21
631056564 57553 60568 30248A83D78D99FA897BD13BCB44D5ECAAB7A04C7D9EE9C2F83F6ACA763D5527
624920213 55929 55608 DFA34C12DCADEB4DF47790E01D909703A32EC0877C36A2F2E7BD9BD9AAC09EC9
630383528 45263 60035 82108D9F5660EB578AAB127338CE288DF3C470FCB9DC7CB0183C201FF3B5BA48
635377698 48446 21538 7C20F6CF1A09EEE4F40FE6F70B0F070213E4AE0B9599CF6348B0EAC781225457
625180118 4304 11858 7C20F6CF1A09EEE4F40FE6F70B0F070213E4AE0B9599CF6348B0EAC781225457
634014035 56451 60049 E848766E44060317E0A274F2026C0E5DF39AF6FC91B6B86F75FC05D1CCB78E01
632262202 23531 46535 0215F3D22293C08B2B4EB0C70055980BC178268B8CB1028FFCBF40E8E55218A4
632134303 19442 31715 7C20F6CF1A09EEE4F40FE6F70B0F070213E4AE0B9599CF6348B0EAC781225457
634233293 30537 50570 9514294A1D19F7F255FDFE31E116DAFB62E1A29E56578249D622F75C1982D696
633295003 29510 38100 7C20F6CF1A09EEE4F40FE6F70B0F070213E4AE0B9599CF6348B0EAC781225457
628637647 19733 50225 9A499B36F615E1849CD7731CBD66E12320CBBFB0107C120D7CF96CFE9852CC71
628850223 17588 33731 7C20F6CF1A09EEE4F40FE6F70B0F070213E4AE0B9599CF6348B0EAC781225457
633268661 57070 24741 7C20F6CF1A09EEE4F40FE6F70B0F070213E4AE0B9599CF6348B0EAC781225457
634772171 34263 54152 F226ED242722066D8CA6A28331418A6C27D6A60A64B5E7CE056010331F1AD114
626347860 16651 45537 AFF8297D2E8964C3B1CDCD8A0B5E9446AB814CC336E717C68BF7D9240B9EB727
627040800 48826 2366 7C20F6CF1A09EEE4F40FE6F70B0F070213E4AE0B9599CF6348B0EAC781225457
629782424 42004 12216 7C20F6CF1A09EEE4F40FE6F70B0F070213E4AE0B9599CF6348B0EAC781225457
634523461 58188 47309 7C20F6CF1A09EEE4F40FE6F70B0F070213E4AE0B9599CF6348B0EAC781225457
634593590 57703 13889 671C6F65C4E49800029C1E70038BF11FDE4140E6B9DED9C5D09533A8C6AD8359
634619480 47203 1883 F1B415F922FD19A01E088436D13CBE5AA6CA8A57F4EF397B6E170F8E545F8804
626605161 43730 58709 7C20F6CF1A09EEE4F40FE6F70B0F070213E4AE0B9599CF6348B0EAC781225457
631243557 56341 56891 8C17A3E98209091DD435BB750E6AFDDF4A937F16FF9344AC1E473DB256DF700F
627344266 54662 6166 7C20F6CF1A09EEE4F40FE6F70B0F070213E4AE0B9599CF6348B0EAC781225457
627399320 142 21094 7C20F6CF1A09EEE4F40FE6F70B0F070213E4AE0B9599CF6348B0EAC781225457
632422761 58329 14285 42C5D6D7423FB546445008D65C376084BB3B571A4ACDEBD0A02E5BF623425802
636257090 7178 9067 7C20F6CF1A09EEE4F40FE6F70B0F070213E4AE0B9599CF6348B0EAC781225457
629745277 55182 57058 7C20F6CF1A09EEE4F40FE6F70B0F070213E4AE0B9599CF6348B0EAC781225457
629906140 30441 31282 BD19184797EDF5D2443E32794A2D09195D7A223DA24E8E3D1C7481690804256A
628971086 44387 2447 2573F3EC6B99F2C3BE9A7AA314522D5A1312ACC902BD0C9FEE9C68D938AEBCC5
634980333 41458 26512 7C20F6CF1A09EEE4F40FE6F70B0F070213E4AE0B9599CF6348B0EAC781225457
633354354 54008 50835 7C20F6CF1A09EEE4F40FE6F70B0F070213E4AE0B9599CF6348B0EAC781225457
625907144 17754 3397 7C20F6CF1A09EEE4F40FE6F70B0F070213E4AE0B9599CF6348B0EAC781225457
632461895 19158 58506 7C20F6CF1A09EEE4F40FE6F70B0F070213E4AE0B9599CF6348B0EAC781225457
634232779 41841 7710 B5C31954B6467FCD21901C6BC0FC49F40F95EE5E1A9381CD2330150A85F7CECC
630464015 2830 38815 7C20F6CF1A09EEE4F40FE6F70B0F070213E4AE0B9599CF6348B0EAC781225457
625616859 20279 59507 527E44BC8E89D6B98D204141C553DCBFF7DB94E8C04EE940149EB2A7A43A5806
634419055 57749 56274 78B9348BE334BC9D1FD32F7A6FB8F34C5EE359FB2F740E46F46CFF66A030A956
627663182 43138 11024 7C20F6CF1A09EEE4F40FE6F70B0F070213E4AE0B9599CF6348B0EAC781225457
632422857 50087 25775 A1E21E3E99B535D5F046ACE841DED2DD6BB924D294B8DAC515A4A8E119BA1460
632614214 60188 26893 7C20F6CF1A09EEE4F40FE6F70B0F070213E4AE0B9599CF6348B0EAC781225457
634034547 51642 53131 7C20F6CF1A09EEE4F40FE6F70B0F070213E4AE0B9599CF6348B0EAC781225457
632650360 62166 27711 7C20F6CF1A09EEE4F40FE6F70B0F070213E4AE0B9599CF6348B0EAC781225457
630254791 50479 45663 A5B3AE1CA4261B841AF66B0B3128CC4EC5A31E330987C6E9CDC5081D3479CDC2
633601171 39514 52955 7C20F6CF1A09EEE4F40FE6F70B0F070213E4AE0B9599CF6348B0EAC781225457
626146137 7531 17604 1646195D8A0EA255678852307828A7936046D70C2369B8F14558DA3CAD354C0E
631534655 34407 44405 5C421429B5E2324E41C29A1DBAC068A31053303D84E4FD8F7B4817F94EEAAB7D
632364900 37838 20283 7C20F6CF1A09EEE4F40FE6F70B0F070213E4AE0B9599CF6348B0EAC781225457
634601912 52358 59635 7C20F6CF1A09EEE4F40FE6F70B0F070213E4AE0B9599CF6348B0EAC781225457
628331318 58970 2622 7C20F6CF1A09EEE4F40FE6F70B0F070213E4AE0B9599CF6348B0EAC781225457
625655903 6648 38435 7C20F6CF1A09EEE4F40FE6F70B0F070213E4AE0B9599CF6348B0EAC781225457
624976387 50605 3013 A311AE9343F8430CF4870D711B4686B027681DBD8EEB1649BF7D644A17604B1F
635233484 42918 4561 7C20F6CF1A09EEE4F40FE6F70B0F070213E4AE0B9599CF6348B0EAC781225457
633835750 36319 56335 AEC5CAAE1EE234885447A4120592A1B8388BFF50C92CCD672ACDE021AE5C1032
626036560 30919 2202 3D1FE43CC4969428BD8B2FD627FCAACA1B393D9798D397BB9B2A0A708A0BBD03
628005294 48207 60292 D554F7CC4EE433F718FD79125EA4979DA3B0D261C84383672080C7E2185CB19E
627777509 54375 6523 A879F013C0371C9604E7E1168558846DED9E16403DA6BA15DC024239C266D63F
630062622 38380 42051 7C20F6CF1A09EEE4F40FE6F70B0F070213E4AE0B9599CF6348B0EAC781225457
625752771 61562 20696 7C20F6CF1A09EEE4F40FE6F70B0F070213E4AE0B9599CF6348B0EAC781225457
626227935 54793 11010 44025276253B39A5219C6A65C6198DF9710DFD7E53F8C302012E5666E949C75B
630847822 14377 23817 75240EB893BA6E004ACCF79455A062B2B5377527C19F1EA522B4F489D0D7B8E0
626785648 1511 12054 42DB58B5F9F8F446A2D2FB8DFBF8F2CFF4B0D6293E0EA5F591F12CE7E006EF7D
633240140 33772 24720 7C20F6CF1A09EEE4F40FE6F70B0F070213E4AE0B9599CF6348B0EAC781225457
626446925 24359 54208 7A31E754427E06156AD6C87D514B07A871D310FA5574186C84CDC978443BE26B
628653821 11552 39402 7C20F6CF1A09EEE4F40FE6F70B0F070213E4AE0B9599CF6348B0EAC781225457
630653973 60945 30180 920204EC0C216A1716F06551EBCA5684D527B7A59C7AFC99C2CB783B6BA4CE4E
634374959 65292 21116 7C20F6CF1A09EEE4F40FE6F70B0F070213E4AE0B9599CF6348B0EAC781225457
636053734 29898 23070 7C20F6CF1A09EEE4F40FE6F70B0F070213E4AE0B9599CF6348B0EAC781225457
630617754 32456 24073 7C20F6CF1A09EEE4F40FE6F70B0F070213E4AE0B9599CF6348B0EAC781225457
630309059 18570 28498 7C20F6CF1A09EEE4F40FE6F70B0F070213E4AE0B9599CF6348B0EAC781225457
626138645 17791 60871 DA96BC7A9597B7D7427A920BA02DCADEF907143604DC7E206FA81C6168795C81
629868832 43264 45266 7C20F6CF1A09EEE4F40FE6F70B0F070213E4AE0B9599CF6348B0EAC781225457
625523587 63587 3038 38CA05A397DB7A63AA52A3CD1C1A425059C9DE9806739D3A60D378B2C065CDED
629030001 47882 63917 7C20F6CF1A09EEE4F40FE6F70B0F070213E4AE0B9599CF6348B0EAC781225457
628670399 23047 49276 02099BA10AA99E5881135B7938B3B62C80005F516F25A5CA5A11776C168E261F
632853116 14117 16527 7D3A340F772AD36880076FBEAA4AE00C9E89A54EB41ECAAF7AD6447ED3C83BC2
633184551 60000 6697 7C20F6CF1A09EEE4F40FE6F70B0F070213E4AE0B9599CF6348B0EAC781225457
633229675 29079 44174 3214AECE6675B8C9B0BC09BFDED62DBAF94F911B6A2F7E339065BF1DD0B5A0D0
632399328 20964 16138 7C20F6CF1A09EEE4F40FE6F70B0F070213E4AE0B9599CF6348B0EAC781225457
635870845 59415 22855 C83AFCE1C37E4466612A60C070EAA526C580D7ED20C7140EB88ED908C5A63415
633444697 40632 50377 7C20F6CF1A09EEE4F40FE6F70B0F070213E4AE0B9599CF6348B0EAC781225457
629964537 15220 47673 7C20F6CF1A09EEE4F40FE6F70B0F070213E4AE0B9599CF6348B0EAC781225457
629835807 42663 37969 546B9A9B0E8CC7A25585A5AA5452A79C0C62AF279B25D520FBE439224027D1B6
633899219 45380 52003 7C20F6CF1A09EEE4F40FE6F70B0F070213E4AE0B9599CF6348B0EAC781225457
632094836 26944 44851 7C20F6CF1A09EEE4F40FE6F70B0F070213E4AE0B9599CF6348B0EAC781225457
629574860 12368 32040 7C20F6CF1A09EEE4F40FE6F70B0F070213E4AE0B9599CF6348B0EAC781225457
631205753 19709 50143 BE2723436007EEA141A35DCABC9A2CDE850A3619494B9A88401EC12DE266A275
624923493 18019 12397 7AACF7F25153A328E2D7720408028FFDE6D9F14515E8FEF63C77F00BB076A136
635223970 28935 53531 CF5C21EBCC18BBC6ECC16D18E949AA77AA55CB08F7F4894C0AAE4555E67FDC8A
630121669 60 35449 7C20F6CF1A09EEE4F40FE6F70B0F070213E4AE0B9599CF6348B0EAC781225457

Total of 0 tasks calculated error.
