Total of 100 tasks calculated correctly, accuracy 100.00% 
6349896042 32105 63430 CD5140F0041CAD5B43E853BF7DBA2F49C8EE010D7905BBFF0AD3BC31D4895359
6353632153 24278 59004 7C20F6CF1A09EEE4F40FE6F70B0F070213E4AE0B9599CF6348B0EAC781225457
6351107984 50673 10125 2B5654D4E2E93F16645886FAE38A47F702D36C6A9751E1AE4C2E1A44C8C9298C
6353759137 7275 53681 0C027DD1E7AD8933C1C509CA76EB8D8D206B3373FD788945A0B0ECC6BB76D446
6350724809 31466 39642 7C20F6CF1A09EEE4F40FE6F70B0F070213E4AE0B9599CF6348B0EAC781225457
6357539561 16805 38627 CD5DF38E6171663A42B7C8374F778979FF7C8605CE2E023920F6DD5F875B2639
6357806034 37810 40761 7C20F6CF1A09EEE4F40FE6F70B0F070213E4AE0B9599CF6348B0EAC781225457
6354680594 7930 11580 7C20F6CF1A09EEE4F40FE6F70B0F070213E4AE0B9599CF6348B0EAC781225457
6358033972 35800 56346 7C20F6CF1A09EEE4F40FE6F70B0F070213E4AE0B9599CF6348B0EAC781225457
6353506722 38261 28686 5EDCA33D82E8D06336D572F5D88FB83E934C8A42FAD43C13361075384095D320
6353060007 26853 32564 C9449864C40CAE3DD520BB4C86D7297889013E6BA1DB5D2E1A3288E87D526534
6356627197 21635 15991 0EB566CACBF276836027C2212741DAD2EC3593015F1C4E56EEE146F3E791ACB8
6357516907 57083 56860 99FD4842717305C6EF0434EE94985709FD7BBD6052451716D83A68D9AA8A37A7
6353504700 45411 41365 D8EE034E3901AB7A3213C6DFA725026988C109ADA8DCF93B36B1055A6717C0C4
6351812323 55228 62740 7C20F6CF1A09EEE4F40FE6F70B0F070213E4AE0B9599CF6348B0EAC781225457
6351220064 31880 31949 7C20F6CF1A09EEE4F40FE6F70B0F070213E4AE0B9599CF6348B0EAC781225457
6348877802 44386 8695 7C20F6CF1A09EEE4F40FE6F70B0F070213E4AE0B9599CF6348B0EAC781225457
6353946685 53452 36138 7C20F6CF1A09EEE4F40FE6F70B0F070213E4AE0B9599CF6348B0EAC781225457
6350956477 30185 5704 52F7965A2CD88FD1F5EE47BAB4004FC8FAC155E185C2B74F28527C6821D28A98
6348942854 31072 61270 7C20F6CF1A09EEE4F40FE6F70B0F070213E4AE0B9599CF6348B0EAC781225457
6357160077 26805 32111 435863590008D05489ED4FC2FA40F8106CD9385DFC9F0913F9B1B21ADE3646CA
6353365922 7212 8418 7C20F6CF1A09EEE4F40FE6F70B0F070213E4AE0B9599CF6348B0EAC781225457
6355231815 6523 22302 A59FC9F73B2BEE2C910325682BBC48F11E4F975D7185BF3CCFF41E8A06255FA8
6354296292 53995 11210 B967E7110574295550082D6C670D2409F03EB97ADB0899A008C5699FF10CD5BF
6353130781 36697 1188 305184E69E8EF5C007031DD666A7603D63A19812191A3C45981F57AB49DA3A9A
6350847893 31256 30502 7C20F6CF1A09EEE4F40FE6F70B0F070213E4AE0B9599CF6348B0EAC781225457
6354724744 7711 40612 9E4325B589ACF59DE2EBFDFA6D954161CEBD6B05AFB936D01727D8928806CC1F
6351914885 43985 41140 40EABB660BEC64EB863D688EA7E390D6CE213FD9BBB1356D3B8219D08E6C7D26
6353744753 20822 46285 7C20F6CF1A09EEE4F40FE6F70B0F070213E4AE0B9599CF6348B0EAC781225457
6357039316 30663 10185 9C70E0D0DA1B9921D3693E29F254E46A3A2D250494E6530F571D5008D9BD1485
6354890281 43107 31262 43186AAD524DCEB3783718DFE7A75C0A736212B6F9F9164D0EBA42C081C41CA1
6351376910 26350 5273 7C20F6CF1A09EEE4F40FE6F70B0F070213E4AE0B9599CF6348B0EAC781225457
6355247183 2704 51454 7C20F6CF1A09EEE4F40FE6F70B0F070213E4AE0B9599CF6348B0EAC781225457
6349432349 19129 236 1B2E382B1A61976448F72E3B3FDA167883EAFC997046E4032F6637A43308B372
6358128160 4580 3188 7C20F6CF1A09EEE4F40FE6F70B0F070213E4AE0B9599CF6348B0EAC781225457
6352674784 53431 46526 AE4814DADCA0A210C400AC90F81C34100067DCFF2C0C7559DF2285B441B89121
6357508119 36711 45100 72CFF00FE295DF6317F5E881854CC0BFBE3C0E493D7AA7BBAA7A698EE9AEB9EB
6353632439 47094 2874 7C20F6CF1A09EEE4F40FE6F70B0F070213E4AE0B9599CF6348B0EAC781225457
6358514719 10718 15194 7C20F6CF1A09EEE4F40FE6F70B0F070213E4AE0B9599CF6348B0EAC781225457
6349431906 64892 43355 7C20F6CF1A09EEE4F40FE6F70B0F070213E4AE0B9599CF6348B0EAC781225457
6350142038 13141 55211 5726CD198047FF2C26D66A420F864B0B8A83555A949A7159C32C3A82EDE09752
6348514753 59498 55534 7C20F6CF1A09EEE4F40FE6F70B0F070213E4AE0B9599CF6348B0EAC781225457
6356867633 792 31036 7C20F6CF1A09EEE4F40FE6F70B0F070213E4AE0B9599CF6348B0EAC781225457
6352455178 59796 8882 7C20F6CF1A09EEE4F40FE6F70B0F070213E4AE0B9599CF6348B0EAC781225457
6356134381 8779 5788 16DC137E3BACD8EF896DCE4EB5334202B8823F3D5D2EF1695A5F5AB96DEE3E13
6349751743 46704 29526 7C20F6CF1A09EEE4F40FE6F70B0F070213E4AE0B9599CF6348B0EAC781225457
6359808201 22238 65305 7C20F6CF1A09EEE4F40FE6F70B0F070213E4AE0B9599CF6348B0EAC781225457
6351785316 31761 7538 7F52CDC15AE79E77ADD9C1415A47F03A602F01CB8FCF1372EC2F8C3150DF35A7
6354311792 33848 48222 7C20F6CF1A09EEE4F40FE6F70B0F070213E4AE0B9599CF6348B0EAC781225457
6352092878 31411 3649 C7585BFDF2A68E2102C27219B9F918060CF9980BB9FC121D194DF869D77A25D1
6353008000 44772 44059 7C20F6CF1A09EEE4F40FE6F70B0F070213E4AE0B9599CF6348B0EAC781225457
6348610691 39129 13952 90269D8813ACD5668D8BDF081627014FBB3E12EF440E5978C00F8AF9169E536B
6356988389 13160 9934 7C20F6CF1A09EEE4F40FE6F70B0F070213E4AE0B9599CF6348B0EAC781225457
6355756846 568 37672 7C20F6CF1A09EEE4F40FE6F70B0F070213E4AE0B9599CF6348B0EAC781225457
6355597374 20432 42558 7C20F6CF1A09EEE4F40FE6F70B0F070213E4AE0B9599CF6348B0EAC781225457
6351963326 65324 30406 7C20F6CF1A09EEE4F40FE6F70B0F070213E4AE0B9599CF6348B0EAC781225457
6351675040 41094 46309 7C20F6CF1A09EEE4F40FE6F70B0F070213E4AE0B9599CF6348B0EAC781225457
6354096314 50573 56469 B34B71698364D58A93BFA1E56745CFFE20DB2E380F782627931634E49DB1B76C
6356361542 8198 47468 7C20F6CF1A09EEE4F40FE6F70B0F070213E4AE0B9599CF6348B0EAC781225457
6352964246 23937 38718 B8539CBD27FA168FE55318EEAA5B76E6CA60C1859A15F9951A71C14E645F7495
6354078568 58007 28632 6DD13C857BB8E2E0A4C7EECA3802E089B511A5FC256C1B5D928BC8AD14B1DB23
6352108499 41139 17966 0E272CC608B7FFC6EF02F66A703F2AAE3E09FD5769E15AE1B5CB0A0F489BECEC
6353920286 23813 3778 F1BDD52C2CEA6A89C0B42C365AB97212FAF67F3C92EA978EF7464AFD0FBD6CCE
6349182057 45005 45019 645540773E9DC7DE9313184BF2C760E6F4247AB27B263CCC8372B46936C2A63F
6355532445 56996 51170 7C20F6CF1A09EEE4F40FE6F70B0F070213E4AE0B9599CF6348B0EAC781225457
6350808600 22632 10747 7C20F6CF1A09EEE4F40FE6F70B0F070213E4AE0B9599CF6348B0EAC781225457
6352126708 10414 44749 7C20F6CF1A09EEE4F40FE6F70B0F070213E4AE0B9599CF6348B0EAC781225457
6349901934 29927 1006 B0B645D7F55A9CB6CDE221BE8785B51473B22344CB67D3A275A4A6890F6AF45A
6351047541 12604 3314 7C20F6CF1A09EEE4F40FE6F70B0F070213E4AE0B9599CF6348B0EAC781225457
6348993093 53214 15028 7C20F6CF1A09EEE4F40FE6F70B0F070213E4AE0B9599CF6348B0EAC781225457
6349728326 5028 34801 7C20F6CF1A09EEE4F40FE6F70B0F070213E4AE0B9599CF6348B0EAC781225457
6355215964 45712 33079 7C20F6CF1A09EEE4F40FE6F70B0F070213E4AE0B9599CF6348B0EAC781225457
6357165760 43381 51765 AD9684AF1513E701644CC01C01B76EB3FCB80EAD6824A6AF7989E7F27536FE64
6352771533 19700 9090 7C20F6CF1A09EEE4F40FE6F70B0F070213E4AE0B9599CF6348B0EAC781225457
6359500453 51403 14250 7FC98EA7EB7D6F055C88BF172E236D14BD0D7FE1075F3D4A1B1B4B2354B4A4AF
6353649715 56814 26362 7C20F6CF1A09EEE4F40FE6F70B0F070213E4AE0B9599CF6348B0EAC781225457
6349314316 33350 33898 7C20F6CF1A09EEE4F40FE6F70B0F070213E4AE0B9599CF6348B0EAC781225457
6357927284 22444 38173 7C20F6CF1A09EEE4F40FE6F70B0F070213E4AE0B9599CF6348B0EAC781225457
6350133697 64754 4984 7C20F6CF1A09EEE4F40FE6F70B0F070213E4AE0B9599CF6348B0EAC781225457
6354222596 11506 17348 7C20F6CF1A09EEE4F40FE6F70B0F070213E4AE0B9599CF6348B0EAC781225457
6351153187 26488 59583 7C20F6CF1A09EEE4F40FE6F70B0F070213E4AE0B9599CF6348B0EAC781225457
6350768750 54228 12958 7C20F6CF1A09EEE4F40FE6F70B0F070213E4AE0B9599CF6348B0EAC781225457
6353339972 23890 44807 7C20F6CF1A09EEE4F40FE6F70B0F070213E4AE0B9599CF6348B0EAC781225457
6352408374 35204 2424 7C20F6CF1A09EEE4F40FE6F70B0F070213E4AE0B9599CF6348B0EAC781225457
6356955851 44902 26343 7C20F6CF1A09EEE4F40FE6F70B0F070213E4AE0B9599CF6348B0EAC781225457
6356360949 46484 44852 7C20F6CF1A09EEE4F40FE6F70B0F070213E4AE0B9599CF6348B0EAC781225457
6358331722 1250 59012 7C20F6CF1A09EEE4F40FE6F70B0F070213E4AE0B9599CF6348B0EAC781225457
6354633236 53850 14836 7C20F6CF1A09EEE4F40FE6F70B0F070213E4AE0B9599CF6348B0EAC781225457
6352208289 27658 61276 7C20F6CF1A09EEE4F40FE6F70B0F070213E4AE0B9599CF6348B0EAC781225457
6350074752 598 6383 7C20F6CF1A09EEE4F40FE6F70B0F070213E4AE0B9599CF6348B0EAC781225457
6357397563 5361 62296 F29A3E2F67E6FEB92B1543CE5E52A2BDC63B97BE37A4609146A74D8B1E69EF5C
6356516223 22177 62467 E461360EDEEFCC7B1D0CC3D3C0F2A2911FBAF56A66CE737730098BCC3B5629F8
6355198895 21649 11806 2B2D1CFF21625B3BCC0A1B1EEDD7E0A1455DDDA1E2189A7BC62DADED1FB05B73
6351894118 51842 36918 7C20F6CF1A09EEE4F40FE6F70B0F070213E4AE0B9599CF6348B0EAC781225457
6359057958 3118 22131 7C20F6CF1A09EEE4F40FE6F70B0F070213E4AE0B9599CF6348B0EAC781225457
6350486971 53139 31338 9CA29AC51F59864113B6FCD9B7B7877370AB3C139B68C56442C0CA03AB5BD0FB
6358338990 55151 50253 836418E6CB19618BE133F97CE54ED7316355A0992F669B6A258E20BF608DCB2E
6349830487 9057 54598 0D3604A49C166ADF23ECE2DAAB99C6808FF12FF81133151FEF1E02CA5D1E0602
6350752938 58403 43302 9D324122D8F385B40B4264389E2FAAD2E2A8617A111666298EC9DFA7132AD7CC
6354989229 2299 60348 99BF6D9166CB24A7445B7C657B14EB2FF886066CF83AC3A76FE179E83B450EEC

Total of 0 tasks calculated error.
