Total of 100 tasks calculated correctly, accuracy 100.00% 
643922744 53344 755 7C20F6CF1A09EEE4F40FE6F70B0F070213E4AE0B9599CF6348B0EAC781225457
643480300 22830 58726 7C20F6CF1A09EEE4F40FE6F70B0F070213E4AE0B9599CF6348B0EAC781225457
642053692 3070 23026 7C20F6CF1A09EEE4F40FE6F70B0F070213E4AE0B9599CF6348B0EAC781225457
638669049 62966 45217 7C20F6CF1A09EEE4F40FE6F70B0F070213E4AE0B9599CF6348B0EAC781225457
643341617 5711 35888 B2CBDC77625F3DEA8F68C0EB69DECB0D27981FDBEAAB3F8CB0BD899F5DA25FFC
645008188 39929 49070 76927B1D19348D8DAB212F44E0FAAA284834B488BA0BFBCB227DFCB364A7B0CF
639770899 56158 6588 7C20F6CF1A09EEE4F40FE6F70B0F070213E4AE0B9599CF6348B0EAC781225457
641537196 48679 42522 CC5775A44DD5B2D03AA339CFA67F7AEEAB1EECEBDC8C70673887B0DC45E93574
638420429 27579 26336 C132669F84E990491CA3B5BDDC3DFC32A8FAC465B67996F9F1AABF868ECB1F96
638205158 46173 34574 B06A722F6B924E5676581C71B1E9913A2AA52996795B5176C79B6573654E17BD
644109175 56153 51460 8B439FBE89A1166A66534A97742229956A3F4312201AE81C55E4583802170B80
645543655 59875 13474 3EBA022A7A64FFCF8BA5C736D6BB7A0148A688526DC7FAB77EBB2DCDCF90EF69
644373128 27299 22288 296215FC762EBB8218917044233FC73CBA24CC9603BF6D51C95628067FB02957
638074067 60750 2950 7C20F6CF1A09EEE4F40FE6F70B0F070213E4AE0B9599CF6348B0EAC781225457
644416054 41835 13046 4B58CCDC146A75FAA6B84335B426896F38BF7EBAD482CEC689B5D8DE084E5320
647114900 34575 26685 5E0CDD1718E33C0176086E0E4DDCA9666F7F0AF0063A0264BEAB459EF7B889AF
642690714 13101 37322 03B218026682571834E8BBDF9090FD058179C08ECFB7ACC676F42DCA504E92B1
643673371 30480 46517 7C20F6CF1A09EEE4F40FE6F70B0F070213E4AE0B9599CF6348B0EAC781225457
648304040 13735 60572 EA4BCF63736F7CB09062ABD449A7CFD84220DF7EC2492CAA3E35AF35386AA065
644021337 4955 13770 39A1960EAB225992A5E25E1616D298B981C37ED41F8ED252EB0A3FC4FC25CA54
641730091 37223 3617 A7674132CC633E6C0769E2E4D5A5542A388122871893FCA64C399664D672CCC6
647157725 59170 9107 7C20F6CF1A09EEE4F40FE6F70B0F070213E4AE0B9599CF6348B0EAC781225457
637152621 9682 26569 7C20F6CF1A09EEE4F40FE6F70B0F070213E4AE0B9599CF6348B0EAC781225457
640604344 6194 51884 7C20F6CF1A09EEE4F40FE6F70B0F070213E4AE0B9599CF6348B0EAC781225457
648048612 59134 61475 7C20F6CF1A09EEE4F40FE6F70B0F070213E4AE0B9599CF6348B0EAC781225457
645828942 26229 13789 917FE6BDCC6F33918F90C215AC875D297C0758D1D12D2E87FDE3B9F225FDC1A6
646140137 24448 45396 7C20F6CF1A09EEE4F40FE6F70B0F070213E4AE0B9599CF6348B0EAC781225457
646074698 48598 59697 7C20F6CF1A09EEE4F40FE6F70B0F070213E4AE0B9599CF6348B0EAC781225457
643696331 371 28955 504F77B97FB2C70BB16A6EA9D2F1CF392B4C81E7CBAC48C315A663F25BBE64DB
637882836 30654 31324 7C20F6CF1A09EEE4F40FE6F70B0F070213E4AE0B9599CF6348B0EAC781225457
637108475 21001 14927 B66B4AA4172FF5C5ECD96C77B80B264D262EAFD325432AE6F19D4B12455D38BD
647781243 12317 47781 19B0910F957CB8AA75C0E69DEF45990B4724244A9157F306FED119BF554BDBBF
645185682 17009 63243 A3636D7720D5125EA6FAA9C1CBAD8EF191B5E5E15EF34256AB3AF40FD9EF0EAB
641927846 53577 44081 1D7A8B3242CB6A4CBDCD7A3114025503EC3663D6011AC21808E5497C47B06FB0
639144627 13683 48505 13D157D13371577FDC9E0DFA29AF2F9F8EC5DB3ED494D29CFF44B9C1E27D059E
643881018 5544 63393 7C20F6CF1A09EEE4F40FE6F70B0F070213E4AE0B9599CF6348B0EAC781225457
637004137 33229 51048 00C36542168D9BDAB2FDAD3CAA692533EF8E837A32C8E633303F45B6DE73B901
647627659 62089 44775 3C9743574E80AE742DFEE1F1E7B231BD8EC38EF41179B35794B2232D8ABF35B0
643258642 10179 10260 D2E100DC331891622A1ED0AC196CD75C197AEA2D33201B9DF450768238D166AB
647968199 28707 28208 4ADF687F37EAF74647F637C4EC9F2E014402CFB513418E1C5E0910C04E34650B
647847864 49265 240 2B5793B4EFB17BF086D232575003C9E42FA4C38C403D3ACF93A230061010E213
646719027 47895 27721 C66AAF619BCB5216C508700C14F8F1D886A80683D68A027CBEDC5DD8286365F0
648315338 208 34522 7C20F6CF1A09EEE4F40FE6F70B0F070213E4AE0B9599CF6348B0EAC781225457
647097155 7287 11206 B64FDCEB5900E3A3D805C94768EEFAFF80816FC54DBEB1113E6BEE6FA0D676E7
644867392 26380 27877 7C20F6CF1A09EEE4F40FE6F70B0F070213E4AE0B9599CF6348B0EAC781225457
637342762 30595 17118 177F9AA0439E3253A272F2A29D4C3EF4215F343DB2FE63E9AC3DDF099F3ABB71
644730602 23439 22748 4CC9AA0DD034BBB98CAE88F602F42FA661EB9BEFF8E78C4B8C6C3AEBF1AD0ACF
638606195 54649 44289 74E6AB7623EBCAC2CF2EF31E82370BD08C097D3298BF39E2D1E9A12A72006795
642889451 35240 44269 7C20F6CF1A09EEE4F40FE6F70B0F070213E4AE0B9599CF6348B0EAC781225457
644148550 64326 50434 7C20F6CF1A09EEE4F40FE6F70B0F070213E4AE0B9599CF6348B0EAC781225457
637407969 9661 58491 4DF8D73E35178AA1DD2C2080DBF95904A2DF08E1596B79BDF16FDDBB50A9A52A
648308369 21425 35388 727622A76F6C8F7ED11734BAE4E913BE8F1D2FEAD1EFF5FE7C7C422156CD4917
646746464 11368 55319 7C20F6CF1A09EEE4F40FE6F70B0F070213E4AE0B9599CF6348B0EAC781225457
639002836 61399 49520 46DE11F79E39D4A78DCB184BDD5C0620968C9E22808793AC086A52EC4BDCF4F3
639646188 46774 10752 7C20F6CF1A09EEE4F40FE6F70B0F070213E4AE0B9599CF6348B0EAC781225457
644773356 48208 47354 7C20F6CF1A09EEE4F40FE6F70B0F070213E4AE0B9599CF6348B0EAC781225457
642894729 44499 57042 DFEBEEFB910E68C6E74FB2ADE36C08FAFED794D0086B7743A99B36F50200F6DA
645649474 26277 27037 2C715738A2559E18C91A40C1BCCA72A200E5E52670E9C88DC704A63263DE8692
644455272 5632 29689 7C20F6CF1A09EEE4F40FE6F70B0F070213E4AE0B9599CF6348B0EAC781225457
641547485 47401 28895 C95E76DA4BAC946D4DFCF3407A853422D708058AA86BD70157371D447CF8633F
642837476 60385 9559 C29F18011B7F993B13B3093F4FF48D9DD63D2297492F4A813066A9CFF7B3FB17
644227351 14280 34445 7C20F6CF1A09EEE4F40FE6F70B0F070213E4AE0B9599CF6348B0EAC781225457
647179913 46546 48323 7C20F6CF1A09EEE4F40FE6F70B0F070213E4AE0B9599CF6348B0EAC781225457
643107950 59448 65500 7C20F6CF1A09EEE4F40FE6F70B0F070213E4AE0B9599CF6348B0EAC781225457
645816388 6707 54814 A814ACF95269D925A50831F504F58952B817D060361BD3F8C209FB8D6F5DE074
638792991 29269 53133 24CDB947897DFD08557836FE1431DEEF5585ADC464389165F9A758D3099ECBAF
637253352 61213 12963 DECCCFD12D663A618C1C5DF19A8F963CA73BA3308D359C51ACA6199DA1F7711F
637561073 1470 59872 7C20F6CF1A09EEE4F40FE6F70B0F070213E4AE0B9599CF6348B0EAC781225457
637391023 26031 29881 4F794D0B83230325FF1A5F0145B2D741AA5662DAE299B7CEE0873F1A6494D75F
645728664 13152 50419 7C20F6CF1A09EEE4F40FE6F70B0F070213E4AE0B9599CF6348B0EAC781225457
647491582 32449 43802 5C1888E16456E942D353F319B33F2955DACFC47E3BBB54B81AC31E1CD0AC969D
640314505 41357 18721 27B4B1940D5331C64ABED17828EAD41BD3848C5F89B01CA85D20A0F8D131C922
644846416 15037 37591 8C8D325ED9B666BCBA1283F5683E84733FC4AE5FE8BF69AC58C6D0B6A91BCF12
638969960 21520 36716 7C20F6CF1A09EEE4F40FE6F70B0F070213E4AE0B9599CF6348B0EAC781225457
642071848 30231 10113 277289E919E639FDC6E0C04E2CACB80004DB47013265AF5542135318121A7F4B
645946453 41722 41939 7C20F6CF1A09EEE4F40FE6F70B0F070213E4AE0B9599CF6348B0EAC781225457
643408390 29293 40877 26329D8E7CDECCECCD13BBE06CCE98F26E8E5C6C5C412AEE2ABEE26BC8C7CD0C
638153053 44 4797 7C20F6CF1A09EEE4F40FE6F70B0F070213E4AE0B9599CF6348B0EAC781225457
636847231 10773 38446 98FD5E579B393FF878AD80E8D2406BB18CE7B72068FD8E39F6CC2737E01A7CC3
637980608 40903 8311 1574D53DFFA4DD2969CA9BC4D1C7E645FAFE1FB23A9F59B95000E5E10252A8FE
641989761 3153 18586 DB40ADD4EB929CFA0A2A6ABF041AB383D5FD288BF85221F16DBA13494DC6B8DA
643628365 25773 23755 A7B4E331988C82707619E24AEE90DE836CD2528BF51F4EE0586A9FD5BB1FBA40
636697794 61297 204 7E15AFEEBE062D969B8F5C1B4BA9749DEFEB3EC388C37DE52D5640FE7CBBC6BB
642584060 18786 50556 7C20F6CF1A09EEE4F40FE6F70B0F070213E4AE0B9599CF6348B0EAC781225457
637223784 26448 26746 7C20F6CF1A09EEE4F40FE6F70B0F070213E4AE0B9599CF6348B0EAC781225457
639366887 37488 64330 7C20F6CF1A09EEE4F40FE6F70B0F070213E4AE0B9599CF6348B0EAC781225457
639963815 37577 43095 61979C12B7A47138DDC1BB6CC5B7949A84F04812FE1F437B4E1D39067F79C503
645634458 58248 49963 7C20F6CF1A09EEE4F40FE6F70B0F070213E4AE0B9599CF6348B0EAC781225457
647814469 20136 44344 7C20F6CF1A09EEE4F40FE6F70B0F070213E4AE0B9599CF6348B0EAC781225457
641079141 60379 2547 254BF60B4C6024C7D639869A7DE9B17F7DE69FDB0540891C70B2929D4C108BC3
642669317 48395 33514 A5CF8CF0BEEF85EAF8E6B017109302E96BD85BC48C8819C539469081D25054C4
646093752 61502 23572 7C20F6CF1A09EEE4F40FE6F70B0F070213E4AE0B9599CF6348B0EAC781225457
636965821 3012 59135 7C20F6CF1A09EEE4F40FE6F70B0F070213E4AE0B9599CF6348B0EAC781225457
639434393 58664 11079 7C20F6CF1A09EEE4F40FE6F70B0F070213E4AE0B9599CF6348B0EAC781225457
641094121 12700 9140 7C20F6CF1A09EEE4F40FE6F70B0F070213E4AE0B9599CF6348B0EAC781225457
647791286 64342 45766 7C20F6CF1A09EEE4F40FE6F70B0F070213E4AE0B9599CF6348B0EAC781225457
647227394 21527 55282 2201432FCBEF8C07B067F0DC02A83A964C7E7B276741FBC84BCC1150D32B1415
647567870 32342 17571 7C20F6CF1A09EEE4F40FE6F70B0F070213E4AE0B9599CF6348B0EAC781225457
647923345 33097 51998 5DC47F6C365AB809EAF57293362A2B9E63302DEE050708538D3772E83204C822
648216755 8914 11651 7C20F6CF1A09EEE4F40FE6F70B0F070213E4AE0B9599CF6348B0EAC781225457

Total of 0 tasks calculated error.
