Total of 100 tasks calculated correctly, accuracy 100.00% 
6536939186 7223 15571 4882DEED4F58EE02A2856ADEA16425817E14EE4D837C4EFADE2F8B5114D490A8
6534428206 57674 32426 7C20F6CF1A09EEE4F40FE6F70B0F070213E4AE0B9599CF6348B0EAC781225457
6530711221 41920 35279 7C20F6CF1A09EEE4F40FE6F70B0F070213E4AE0B9599CF6348B0EAC781225457
6529788517 11642 49321 7C20F6CF1A09EEE4F40FE6F70B0F070213E4AE0B9599CF6348B0EAC781225457
6540250014 45227 30458 375AB865E87A4C97A256B702EA25C4A0E718ED2D6701FB9F6FEE5F00A308FB55
6531273136 27288 25383 7C20F6CF1A09EEE4F40FE6F70B0F070213E4AE0B9599CF6348B0EAC781225457
6534471288 42244 55479 7C20F6CF1A09EEE4F40FE6F70B0F070213E4AE0B9599CF6348B0EAC781225457
6529986821 43862 17455 7C20F6CF1A09EEE4F40FE6F70B0F070213E4AE0B9599CF6348B0EAC781225457
6534841111 9124 4850 7C20F6CF1A09EEE4F40FE6F70B0F070213E4AE0B9599CF6348B0EAC781225457
6529427917 65394 48501 7C20F6CF1A09EEE4F40FE6F70B0F070213E4AE0B9599CF6348B0EAC781225457
6538712240 4933 40484 53B8A23C4CA380DC67BB5D82CFFAD390AD0EEC84CF37129A2C3BF4BF164F261A
6532702242 36494 49505 7C20F6CF1A09EEE4F40FE6F70B0F070213E4AE0B9599CF6348B0EAC781225457
6537934863 2775 25176 023A811B72925E0E10F5AC724CC3660E6CB6518732434F9FAA9D859C6E5C06ED
6530326324 51666 11228 7C20F6CF1A09EEE4F40FE6F70B0F070213E4AE0B9599CF6348B0EAC781225457
6529631957 3478 11752 7C20F6CF1A09EEE4F40FE6F70B0F070213E4AE0B9599CF6348B0EAC781225457
6537077238 48623 42699 72424FED49EFBD6318DDA9462A4E14DBB3AC7E7E36837AE34171C065BD5C1DBD
6532401719 17498 27897 7C20F6CF1A09EEE4F40FE6F70B0F070213E4AE0B9599CF6348B0EAC781225457
6536928143 5042 53657 7C20F6CF1A09EEE4F40FE6F70B0F070213E4AE0B9599CF6348B0EAC781225457
6539043572 27646 37968 7C20F6CF1A09EEE4F40FE6F70B0F070213E4AE0B9599CF6348B0EAC781225457
6530795994 39142 57988 7C20F6CF1A09EEE4F40FE6F70B0F070213E4AE0B9599CF6348B0EAC781225457
6537102519 17951 59788 F1816593CDDB935A20F83D907872867CD28FCEAD190CCC81F88472216F6E0495
6532863908 33614 21412 7C20F6CF1A09EEE4F40FE6F70B0F070213E4AE0B9599CF6348B0EAC781225457
6533001083 7510 7193 7C20F6CF1A09EEE4F40FE6F70B0F070213E4AE0B9599CF6348B0EAC781225457
6531033494 49238 26143 7C20F6CF1A09EEE4F40FE6F70B0F070213E4AE0B9599CF6348B0EAC781225457
6540137195 51395 15290 B5A77792BCC687E2DB3E89375463E722E5A51F85B796A57481DD91E1C9B860BE
6538840328 58115 55186 BE61C4C6EB4658FDE9365518D16AAEDAB730CF4F6731BBAAFCE4338975909DD9
6531165799 53793 33923 04EC3881067ED57D88A0331DDA4CDC9A2734F064971315591FF5094183ED2D73
6535726168 31646 19910 7C20F6CF1A09EEE4F40FE6F70B0F070213E4AE0B9599CF6348B0EAC781225457
6529815245 1671 39579 A7E1B31667D39986D342E7CBFD26E3A96126FD43BB858361FA68187E49DB3542
6531436185 26409 59018 862F4C7D8624AB761B780847ED44F4396EACBC9ECC60B9849F94499706823FC6
6531892745 50792 3674 7C20F6CF1A09EEE4F40FE6F70B0F070213E4AE0B9599CF6348B0EAC781225457
6531972874 52034 3742 7C20F6CF1A09EEE4F40FE6F70B0F070213E4AE0B9599CF6348B0EAC781225457
6531454698 603 19309 86A1224D62F6D27373107AB6D6477A3D0514A5DCFDF5E150BC733285BB5A170A
6528710679 56247 48410 0FEEE1B118D4768249D463E74E52B64BE4B0F3F2BE0ECCE5F4B88A416E063921
6540280181 19075 61828 4B2B10BB836244DA4CAEF0D53AD6F3A93BECCA160878DD9791AD670E915E9231
6538715925 22396 18799 7C20F6CF1A09EEE4F40FE6F70B0F070213E4AE0B9599CF6348B0EAC781225457
6532539571 18246 7614 7C20F6CF1A09EEE4F40FE6F70B0F070213E4AE0B9599CF6348B0EAC781225457
6539892040 763 49504 9B18E9398E0637B6AFF9B59B55C438910908A5FA8DEA173264827F0551696695
6528974430 15990 27404 7C20F6CF1A09EEE4F40FE6F70B0F070213E4AE0B9599CF6348B0EAC781225457
6534977936 28254 58738 7C20F6CF1A09EEE4F40FE6F70B0F070213E4AE0B9599CF6348B0EAC781225457
6536856343 42423 30964 2694EDCCE7B2962C53CF8F8AEDB6B45BC85A9CD6968075FD517E49B93870F1F2
6529590195 43582 24362 7C20F6CF1A09EEE4F40FE6F70B0F070213E4AE0B9599CF6348B0EAC781225457
6538095324 6656 9080 7C20F6CF1A09EEE4F40FE6F70B0F070213E4AE0B9599CF6348B0EAC781225457
6535229571 28349 46410 CF8402DD4647FDEAFEBA3F666C0F91692536764110AA2A39979CCEF90BB99887
6529422492 9376 24999 7C20F6CF1A09EEE4F40FE6F70B0F070213E4AE0B9599CF6348B0EAC781225457
6537750997 47832 34602 7C20F6CF1A09EEE4F40FE6F70B0F070213E4AE0B9599CF6348B0EAC781225457
6539780049 38594 62860 7C20F6CF1A09EEE4F40FE6F70B0F070213E4AE0B9599CF6348B0EAC781225457
6529802226 53728 61019 7C20F6CF1A09EEE4F40FE6F70B0F070213E4AE0B9599CF6348B0EAC781225457
6539191570 44409 20761 2FDBBD769427F51D4AE6038DDD73D3CCE137EC17878858FC864730D6272BECF5
6532037451 387 10591 71B66518AE3CFB649B3A418CF4E0E56A620A9F25E7194E3418211081497931AE
6531932857 35174 3321 7C20F6CF1A09EEE4F40FE6F70B0F070213E4AE0B9599CF6348B0EAC781225457
6539717703 2092 30343 7C20F6CF1A09EEE4F40FE6F70B0F070213E4AE0B9599CF6348B0EAC781225457
6533982370 4628 23272 7C20F6CF1A09EEE4F40FE6F70B0F070213E4AE0B9599CF6348B0EAC781225457
6537328567 25138 35345 7C20F6CF1A09EEE4F40FE6F70B0F070213E4AE0B9599CF6348B0EAC781225457
6532150792 49491 34153 9D8490DA1D6D070335430C44DD6CFB953646FD58867AF1648642C9826BE4DB56
6531945965 16657 10244 5C770C2464E4A22C850FE506CDC840244A01E8BDE52E2EEA6BDA6C0129EF05F2
6528648636 22404 34375 7C20F6CF1A09EEE4F40FE6F70B0F070213E4AE0B9599CF6348B0EAC781225457
6538678645 32669 26379 9E08B23042439F13E65B6693CB7617A172DF6E0A5CFFEA9D115DBDA3E3BBB822
6534758128 61172 10100 7C20F6CF1A09EEE4F40FE6F70B0F070213E4AE0B9599CF6348B0EAC781225457
6532481516 37519 1522 97BE9DCA422A29E0A2697CD7C4C791FB4CD185050D07105E19324D45D989276E
6531754741 51830 25356 7C20F6CF1A09EEE4F40FE6F70B0F070213E4AE0B9599CF6348B0EAC781225457
6534841819 16096 64373 7C20F6CF1A09EEE4F40FE6F70B0F070213E4AE0B9599CF6348B0EAC781225457
6539021265 63371 49887 B2A064213F2E22DFFAA19ED28B6EF85566CE11BB099DB06EE170E666A197695E
6532935378 53496 42843 7C20F6CF1A09EEE4F40FE6F70B0F070213E4AE0B9599CF6348B0EAC781225457
6529840830 2436 58901 7C20F6CF1A09EEE4F40FE6F70B0F070213E4AE0B9599CF6348B0EAC781225457
6533802336 45393 6933 F07FC065FE164CC17B6F95FF66CCF9819BD3CC2E91ACA29B27EBE4721C52AA65
6540174786 63837 48089 C277F0E0997FD3369114625A6FCF3A60BF25D74DCC3F08F669AD1F4C1C689CB8
6535144428 46706 8235 7C20F6CF1A09EEE4F40FE6F70B0F070213E4AE0B9599CF6348B0EAC781225457
6532528027 65472 5344 7C20F6CF1A09EEE4F40FE6F70B0F070213E4AE0B9599CF6348B0EAC781225457
6537303654 28538 27007 7C20F6CF1A09EEE4F40FE6F70B0F070213E4AE0B9599CF6348B0EAC781225457
6537829499 2857 55123 92430CB7CC6BA16BD04B78A61170FAFF4648889DAF96A9B3B62C6BB5FA275FDA
6535657713 56221 57035 16630712B3A667C96B4CEDFFD8DF23C18801F4AF28D4AAB51A380E9F0853A21A
6531256755 5354 64102 7C20F6CF1A09EEE4F40FE6F70B0F070213E4AE0B9599CF6348B0EAC781225457
6533409427 62495 29051 871BE0FBC2853979A2DF8AE4C9382E55C8A9C212F3933DACC60086316DADB49A
6529632510 36550 28629 7C20F6CF1A09EEE4F40FE6F70B0F070213E4AE0B9599CF6348B0EAC781225457
6537513411 37701 51758 82FFC4382D585589D23B4B630A39E23DF2FB89491CD3527694EE08EA1905BFED
6534829712 2121 39696 0DB459AAD1204332E6E83F8011295A02E8CC5FBBDC2D6EF040DB814A0BED683D
6537182593 62927 49695 52407ABAC0760A0A51DE2C530AE47DC1F890BD65740B8BF1D97AC4B6AD51B741
6532954805 59482 27389 7C20F6CF1A09EEE4F40FE6F70B0F070213E4AE0B9599CF6348B0EAC781225457
6536034987 3198 25670 7C20F6CF1A09EEE4F40FE6F70B0F070213E4AE0B9599CF6348B0EAC781225457
6529918793 33385 4579 2F27B04D128BF561D6450EAC15CA0DCA45F4299261379F8879CB1E8CE465E4A6
6529361446 64852 36163 7C20F6CF1A09EEE4F40FE6F70B0F070213E4AE0B9599CF6348B0EAC781225457
6535956462 36529 39050 F01AB918A6E5AB416702D468F3946EF3016097CD72A1A283E9FB2227D180D7A5
6531215302 36411 13991 0B6942E3F684C336CB8A187D0991D842B392E99B4B136BB52D0DFC66B54DB678
6538414572 28132 33096 7C20F6CF1A09EEE4F40FE6F70B0F070213E4AE0B9599CF6348B0EAC781225457
6537185558 46783 8290 1948E1E3EB6D3620AABA01B29113691F690B011F4E4DDD2DF71AF97719B95E17
6539077771 676 6341 7C20F6CF1A09EEE4F40FE6F70B0F070213E4AE0B9599CF6348B0EAC781225457
6530796760 10603 51182 D1FF8703D97E28DF19F860453CD3A03CA8CCB05050701AAF7246A963C3824FA1
6534425829 48376 9515 7C20F6CF1A09EEE4F40FE6F70B0F070213E4AE0B9599CF6348B0EAC781225457
6532315417 53523 64707 A40910A971976E2E04DB1A74D61212C3D047640CF5606297F11DBA8B681186DE
6531834377 15604 49060 7C20F6CF1A09EEE4F40FE6F70B0F070213E4AE0B9599CF6348B0EAC781225457
6535754067 3850 24862 7C20F6CF1A09EEE4F40FE6F70B0F070213E4AE0B9599CF6348B0EAC781225457
6533261110 63136 56423 7C20F6CF1A09EEE4F40FE6F70B0F070213E4AE0B9599CF6348B0EAC781225457
6529441555 21147 37051 314E00F1370966D93638A88BFDEA10A380BC1FC03A8CBF2AB46A75DBD64EFA86
6533617072 16938 24198 7C20F6CF1A09EEE4F40FE6F70B0F070213E4AE0B9599CF6348B0EAC781225457
6530073952 65321 10503 FCCA2D39E200BF92B17BC5440714E33C89C31CCCC7A68157C89F3D48D5F93235
6529586123 41450 19893 7C20F6CF1A09EEE4F40FE6F70B0F070213E4AE0B9599CF6348B0EAC781225457
6532602515 7089 2137 0566E4BF9EA6CBAF7B60CF28CB6A88709732EEEA7551BD944894D2807380477B
6539417345 45265 5696 4CEEF959C82E62F0064F26568A5DE9E3F6AD44635A221A95149E761A10A7AE55
6534880553 41245 11932 48439B2DE7B00256992E42CFA45123E9C8C802595B2D31D262C974F6A987F3A9

Total of 0 tasks calculated error.
