Total of 100 tasks calculated correctly, accuracy 100.00% 
6573122034 9681 17837 2130859DCAE0C4F4400FB0D795B48B04CBCCFE27BFD27D175A9EB8924014A956
6565753923 45051 23278 47F9405D1FE0A8F9DB83CA5F1D82607D372D0854376F59D39A70DBF5C15431B7
6570600229 17070 33693 7C20F6CF1A09EEE4F40FE6F70B0F070213E4AE0B9599CF6348B0EAC781225457
6574942964 45062 64418 7C20F6CF1A09EEE4F40FE6F70B0F070213E4AE0B9599CF6348B0EAC781225457
6565108720 13675 4032 084A9DCB242BB4BE135EB9B41369B491804620B3100EBD28F8B4BCAD63163700
6573181496 49675 23050 9FB47108F005F674BBEA126B9A47B62F5238C7E15D92EE6CAF2933536084CA3B
6565599750 64899 21942 2D5F605F50B32500C19026A6CA2410372BCE0FC944EB104B9152F4EC60B8BB59
6570582163 15358 3827 7C20F6CF1A09EEE4F40FE6F70B0F070213E4AE0B9599CF6348B0EAC781225457
6570424014 50399 54378 476753D46265365F726085AF0473D1CA94991AA0DD421901F9F6AE41DD2F5777
6569999349 57526 4505 7C20F6CF1A09EEE4F40FE6F70B0F070213E4AE0B9599CF6348B0EAC781225457
6572082356 32940 10220 7C20F6CF1A09EEE4F40FE6F70B0F070213E4AE0B9599CF6348B0EAC781225457
6567129285 65369 15369 722ACD82342FC9B33115A6E9A4AF163B86D24E22EC0006F24B9DEF8C6D624332
6568927553 1213 3075 AFEDFE52BF605D841FD2028BE77BE41C4A4FB78D3751DB4DC86AFA727E0B042F
6573784007 49876 33050 7C20F6CF1A09EEE4F40FE6F70B0F070213E4AE0B9599CF6348B0EAC781225457
6572873218 25573 25591 5976650E921EFA5875A72E919CC9C64C2A3A8CC4DCC7638E100AC2B72539FA9B
6573685264 20347 16969 3A6F7F6B3329479454E2DF27406D67B9CB4554B0E406E2EC55E556D35472956D
6570894269 2930 22010 7C20F6CF1A09EEE4F40FE6F70B0F070213E4AE0B9599CF6348B0EAC781225457
6572912604 34970 2216 7C20F6CF1A09EEE4F40FE6F70B0F070213E4AE0B9599CF6348B0EAC781225457
6573458910 22059 30946 5FAFF484114454049CAD6AB8B68020AEF01E5745498B2A036D681D528932C230
6568266651 13227 259 A387A1DDCE92F50B71E3C956513C909AE7CA03DE652FDC14024A4A63BEC4DAC8
6569153834 52685 34310 6F787FA45A39EC50E2D92345421574622D0EE767B48095B8AD12B4CF59943FB4
6567790214 22692 57694 7C20F6CF1A09EEE4F40FE6F70B0F070213E4AE0B9599CF6348B0EAC781225457
6571674048 9115 40431 A4F35B8CEE95B2A14749C78AC6D767D80B4CD95D5BE754CF465542184FA468EC
6571270903 53676 10356 7C20F6CF1A09EEE4F40FE6F70B0F070213E4AE0B9599CF6348B0EAC781225457
6573397111 22191 8118 E34A24A99D2EA9E0AB5C26E083F188E6108C14F2FDFC0026FA66FD9CF348CEE2
6572260637 46387 17787 814D5E7635E93D8322AFCFF661BB5347FB2BAE21E093C4DD19FE6F0AA3DB780A
6569151123 48146 30798 7C20F6CF1A09EEE4F40FE6F70B0F070213E4AE0B9599CF6348B0EAC781225457
6566783843 44570 17029 7C20F6CF1A09EEE4F40FE6F70B0F070213E4AE0B9599CF6348B0EAC781225457
6570286664 15630 54287 7C20F6CF1A09EEE4F40FE6F70B0F070213E4AE0B9599CF6348B0EAC781225457
6567063960 49947 17639 A2DF3B4AFA85488A80DB70EC35B2408A5B06267B9F85BA143D43FF7836B84326
6569986598 38146 57788 7C20F6CF1A09EEE4F40FE6F70B0F070213E4AE0B9599CF6348B0EAC781225457
6573854782 38828 31753 7C20F6CF1A09EEE4F40FE6F70B0F070213E4AE0B9599CF6348B0EAC781225457
6575588013 30336 13645 7C20F6CF1A09EEE4F40FE6F70B0F070213E4AE0B9599CF6348B0EAC781225457
6571649150 50271 40031 DFDF19466B966CA8F67962E3DA59C6DD005BD516EFC3E909F82A19D2DD349E86
6570608190 38034 32239 7C20F6CF1A09EEE4F40FE6F70B0F070213E4AE0B9599CF6348B0EAC781225457
6573954821 47115 22483 1B2BC899A161CEEE57A0D0E1D06CFD07A3A7873D651B125ED5A1FBD693C6ACBB
6571330141 49323 60327 8991EBE9BAD18A13F9055B7746153411157B71176659C78084C171CD7FE2EFDC
6573760669 46327 34614 7A5CDCFC03A0ED21C58DCFBB1BCCCFEE982B2CE1F70B31628AF5A0E9BEFD4DCF
6569565122 28454 10512 7C20F6CF1A09EEE4F40FE6F70B0F070213E4AE0B9599CF6348B0EAC781225457
6569797997 51668 20985 7C20F6CF1A09EEE4F40FE6F70B0F070213E4AE0B9599CF6348B0EAC781225457
6566536670 32368 30869 7C20F6CF1A09EEE4F40FE6F70B0F070213E4AE0B9599CF6348B0EAC781225457
6573555297 15858 14584 7C20F6CF1A09EEE4F40FE6F70B0F070213E4AE0B9599CF6348B0EAC781225457
6566537084 48587 31295 804FC072F65123B1E487629E35830BF69B031F1A11ECB3366AAE9EFECD7DD8F0
6571211707 30537 38181 69B8BF2374AF2E20AF4CB9957E3244A17B7112F88705EEB6CB3BBD78CBF8425A
6573733460 58479 52168 8B3C0B5ED010543DF770E25A8A0C435664339A52D80199F8793A4F5FC7CFDADF
6572231124 63886 62568 7C20F6CF1A09EEE4F40FE6F70B0F070213E4AE0B9599CF6348B0EAC781225457
6564585316 18818 6187 7C20F6CF1A09EEE4F40FE6F70B0F070213E4AE0B9599CF6348B0EAC781225457
6573787354 9672 48006 7C20F6CF1A09EEE4F40FE6F70B0F070213E4AE0B9599CF6348B0EAC781225457
6565895838 20389 29593 E8A8FB324A3721E4F914BB5A6E5B05247D2807F823C28D433B3240B7C1E82593
6565466408 15916 6752 7C20F6CF1A09EEE4F40FE6F70B0F070213E4AE0B9599CF6348B0EAC781225457
6576097819 64191 36855 ED486CB70964171DF33C897CF5126F39270154FF1B784F4D122777BAE31C1F21
6575309638 37670 50199 7C20F6CF1A09EEE4F40FE6F70B0F070213E4AE0B9599CF6348B0EAC781225457
6571852663 10925 31103 792388494AA5114277377C20495DD13FE2989953D32FC734072EB64E9076F5AD
6570977435 8760 9386 7C20F6CF1A09EEE4F40FE6F70B0F070213E4AE0B9599CF6348B0EAC781225457
6564758712 28243 44989 B046A9BAFCC8EBFD73ECDFE3FEF3589705E30001EDFFE1A86AB75BD83EA36655
6572641385 51432 51799 7C20F6CF1A09EEE4F40FE6F70B0F070213E4AE0B9599CF6348B0EAC781225457
6570103358 19053 33321 3AF280B4C474E06BCF3F1680DBEA2786824107D3AB73523BCF81A8F8D002FAA9
6566971338 12212 306 7C20F6CF1A09EEE4F40FE6F70B0F070213E4AE0B9599CF6348B0EAC781225457
6569665584 38286 11975 7C20F6CF1A09EEE4F40FE6F70B0F070213E4AE0B9599CF6348B0EAC781225457
6568094155 37145 26942 FD4D4018091BACC1A11928D864BB76929C2EFC52F59DC9194883F74DF5CA1125
6571688360 4944 45452 7C20F6CF1A09EEE4F40FE6F70B0F070213E4AE0B9599CF6348B0EAC781225457
6573901521 11555 9596 D2FAEDBF4A5022657D188FE3401CDE6F0D9214FBA76C6AABDFE3CA35EE5A32FD
6564328824 13485 42080 8BBEFE5E07A0F9A4D0932C2D82EC3747DB5B8F2247153C910384307E2B73C72D
6570430872 38235 55464 7680375C9E90ACA5335BED0E6A7E6893A16CA4D331D8FAD4FBC41737DEABE2B6
6566001498 20668 6933 7C20F6CF1A09EEE4F40FE6F70B0F070213E4AE0B9599CF6348B0EAC781225457
6570974819 6247 41007 AC2E0A995D362F970BF028E9BF99ECA8288D95D77803CA8C9C3F3B82448A431B
6571942932 18180 13575 7C20F6CF1A09EEE4F40FE6F70B0F070213E4AE0B9599CF6348B0EAC781225457
6564692418 32457 2789 EE0838819A63DEA6C61DC8F57A87D05EFBE8880A47C58719FD0AC9116F5AFCF6
6569146008 39745 11701 ECADB5327606CB159BE5C121D898019AB65744F1FA2674C7FEBCB76A9E890BEF
6571253858 65365 47139 539EBA2EE074415475D9FE696F6B52482917B383C5B9815B2BFA15D13385FFF4
6565521826 577 33890 66702E2BF1FFDA78A3960E364B90E416BDDD9051795B6266685CDE19AFE38F79
6571077769 42879 499 298C476A9625B703012C2511043FFC77153E808B5862BE244327F435FF109245
6564641244 47911 40403 7C1830169BB91527F41CF0B45FF6509E6F3012B15B640AE3B05778AC60B47BA5
6566016919 31823 152 25FDC46FB77572149DFFA5DF55740D6AA02508D056CE630000296D70E4C47E62
6572809531 57828 297 7C20F6CF1A09EEE4F40FE6F70B0F070213E4AE0B9599CF6348B0EAC781225457
6564309533 34146 11923 7C20F6CF1A09EEE4F40FE6F70B0F070213E4AE0B9599CF6348B0EAC781225457
6564540591 7484 22265 7C20F6CF1A09EEE4F40FE6F70B0F070213E4AE0B9599CF6348B0EAC781225457
6564476429 14616 38619 7C20F6CF1A09EEE4F40FE6F70B0F070213E4AE0B9599CF6348B0EAC781225457
6568773886 37279 59472 C57B16822800BF449A4A0E857F9C238329CBB6B4CA36D18DB2C44C5C3CB4E0AA
6567643724 59061 50394 76B390C7530F2B247BF87D9EBFCE0E1DB1DD7A9ABC961FA3F1CD8A313E4D2B85
6573826960 48302 10690 7C20F6CF1A09EEE4F40FE6F70B0F070213E4AE0B9599CF6348B0EAC781225457
6564374059 43545 36165 6BE74C17000BAA8E4BCF4714C3362A4B6F09BD5EFE304779E83AD029BC185662
6575851229 65323 47525 F1B0791B873F6CE461368ACA1BED1297E824EA58FB5E09AD07DD08C87B7DD92F
6565509688 32318 49024 7C20F6CF1A09EEE4F40FE6F70B0F070213E4AE0B9599CF6348B0EAC781225457
6571375174 19890 26343 7C20F6CF1A09EEE4F40FE6F70B0F070213E4AE0B9599CF6348B0EAC781225457
6567164714 62639 16640 C12412FCCC607EE89D154ED1370D3B994815F883AA4DCA4D402BDD536764289B
6564799705 20218 60438 7C20F6CF1A09EEE4F40FE6F70B0F070213E4AE0B9599CF6348B0EAC781225457
6570041434 59215 24702 ADD6D140335716EA8E4ADA9B8DAD29B9700D0D64E01153851AF1AFD9A592C355
6575474342 60429 37206 8FAFAD623AF01D99ECECA558660C08627D7A0B3161AC7B745EEED6AF305F1398
6570647734 40113 63719 26975FBB6C1CB9C1919F9B9922B8A8AB9AE2DF6DE6ED1AA5FFA0565B5A30EC9D
6566330841 52145 60138 C641789F82B0BE1508705195EAEFBA67A532973DCC65F60ECC263B262202CA44
6574273938 58852 35267 7C20F6CF1A09EEE4F40FE6F70B0F070213E4AE0B9599CF6348B0EAC781225457
6567750911 52829 4002 59DD93DE087C0A3245E62F67B62529E12521B95A8A85933FDED7AF2F835B1F7E
6570531531 42699 39949 0558D5567E637D2591249345D6FB63779FE6C83FCD1CD6F1F5798C8EC808FB78
6573231155 6465 3075 F633C031D8390011560865C5CA16B97D5988C285CC31E8CBAD15DBED3947D681
6565610708 37438 9729 7C20F6CF1A09EEE4F40FE6F70B0F070213E4AE0B9599CF6348B0EAC781225457
6571463186 6311 30022 46C872922DB3AC06C8FB63A8FC882255D39AF6D41F28F66B531A1FBB60708ECE
6565602727 41348 7658 7C20F6CF1A09EEE4F40FE6F70B0F070213E4AE0B9599CF6348B0EAC781225457
6573777018 26235 22438 9A7861506567B2C4DA96D2CB180E63049FCEABF0DDE167AE8B41A9FFF317C06E
6571355915 62468 19454 7C20F6CF1A09EEE4F40FE6F70B0F070213E4AE0B9599CF6348B0EAC781225457

Total of 0 tasks calculated error.
