Total of 100 tasks calculated correctly, accuracy 100.00% 
6584738302 11777 9863 56216D638F069EA881E01754780376441D1B0ABA95605304A19062D383A31CA3
6584703138 17134 51145 7C20F6CF1A09EEE4F40FE6F70B0F070213E4AE0B9599CF6348B0EAC781225457
6576406246 21274 62076 7C20F6CF1A09EEE4F40FE6F70B0F070213E4AE0B9599CF6348B0EAC781225457
6576992819 6637 32705 5C5CE13EA38EBAD70D69D427F7311CF931E9F0484A11E8F04CEC4CC78C14469E
6577294660 31133 61701 64185AC07BEC7D64A4496F7349304D6A1C2913EA07852D1AAAF96711BF79E453
6583247095 37412 56597 7C20F6CF1A09EEE4F40FE6F70B0F070213E4AE0B9599CF6348B0EAC781225457
6580407859 19729 28730 FFBE4D45343A8EAF3832EDC1DB8E46877FA1D54C3DF16532B660FDE403882DEB
6581615665 1985 28766 E75F6C1CC2AA11AC7FBCB3FDCEDAB0828B4809977A9ACEA6BCE300B4A0CF610E
6585211979 28009 6983 930D1B24E4C2FA7D5D69893291304C4B73583F8EE52A8CA817D4F62713946CE6
6582820185 24381 45634 FE085D28FF659C6E07ACDC3D498C096560EE0FD3F78D1409A171B495098DE351
6583478934 38895 18284 69DE9E478394FEE4BBDD689F4CBAB08DF9953B5D413280A2DD1F5D3A52C3BEF6
6578033001 52075 11555 B441FFE4FD5390DD404EA3F4735CC450D19627CD58EEE7C9E307277B33A12247
6582343818 18034 15792 7C20F6CF1A09EEE4F40FE6F70B0F070213E4AE0B9599CF6348B0EAC781225457
6585203537 59680 37929 7C20F6CF1A09EEE4F40FE6F70B0F070213E4AE0B9599CF6348B0EAC781225457
6577652855 46851 33776 58483135CF806BC250A12382F48262B20FBB77CD3F410A9639771B3DC444841A
6580230134 62369 26492 040C142E0FA86DB40BC04A9154DEB8D11BE1EFB5D2765E7080D6E1BA451521DC
6578469163 4619 9278 80633B9A87D91C5681D2A2A88667CD9EB31F6AEFE3C6AB4EC9FE003C78950791
6580867725 64243 39650 D72E5699E2F56ACFBA2F14D75170D3619D536B503DD61B69C71C7A9096A2DE35
6578416856 46581 15667 FB35B5075CFDD7C296FC9D55CE8265C990BD2CFA5903D17ADD61672D0C1A3F8B
6579283316 4494 37169 7C20F6CF1A09EEE4F40FE6F70B0F070213E4AE0B9599CF6348B0EAC781225457
6581423927 13264 32587 7C20F6CF1A09EEE4F40FE6F70B0F070213E4AE0B9599CF6348B0EAC781225457
6578806861 5154 27215 7C20F6CF1A09EEE4F40FE6F70B0F070213E4AE0B9599CF6348B0EAC781225457
6585095466 63143 6949 2CD49FA6EE679F112297AC70CE0DB97A34DC345E4C899F9EAB769CCC86F85B0C
6577639729 30044 16308 7C20F6CF1A09EEE4F40FE6F70B0F070213E4AE0B9599CF6348B0EAC781225457
6585393497 20081 9120 46D5886E80F10C78871F4C507D480991DFE1B24ED408AA5A9EDB4F0A0097C71B
6579626751 15793 45640 B77EB71525D34914AAE324BDB59D007482C0284DCAAB560EB6DF9F18B8C9368F
6586432124 47763 31720 B63F0A417C6DECAD8F2B32AF95BCD85163B8D1B8F0C05005E8878DA1D1424ACF
6579841278 48852 37883 7C20F6CF1A09EEE4F40FE6F70B0F070213E4AE0B9599CF6348B0EAC781225457
6581337871 5563 9002 A4DD3474485E5BC6AB1FCBEA13F9C15C9530EF17FECC67E7CE851A3CFA764EF6
6578588290 57788 8771 7C20F6CF1A09EEE4F40FE6F70B0F070213E4AE0B9599CF6348B0EAC781225457
6586198889 43252 47150 7C20F6CF1A09EEE4F40FE6F70B0F070213E4AE0B9599CF6348B0EAC781225457
6577084993 45607 49878 1D31179A2DC54ECD74FA1492FE45796623EC073C08A728638C7C5F7ED6102F47
6586592979 23767 60410 A85F36840B7A1C0A524D9218500DEC5F6BDCF92027C0D038F7920F54D045ED79
6579700518 54729 6137 57045D94152238848998499CF412973DE9A88FA07893785A904C3BFC13724B40
6578292112 46063 32758 D9B9A7950EABA76C542CD08361A3427F53AD3AE8F33E0E51E519833EA2551868
6587117486 43644 33492 7C20F6CF1A09EEE4F40FE6F70B0F070213E4AE0B9599CF6348B0EAC781225457
6579471887 26287 6324 BD72C94D63B0C2940C22A8EE9A4B3195284A75F85DD917F7920635F7B95FFCF4
6587358207 32622 19720 7C20F6CF1A09EEE4F40FE6F70B0F070213E4AE0B9599CF6348B0EAC781225457
6577964469 58950 12610 7C20F6CF1A09EEE4F40FE6F70B0F070213E4AE0B9599CF6348B0EAC781225457
6579690267 20758 9403 7C20F6CF1A09EEE4F40FE6F70B0F070213E4AE0B9599CF6348B0EAC781225457
6583262229 47728 35875 7C20F6CF1A09EEE4F40FE6F70B0F070213E4AE0B9599CF6348B0EAC781225457
6579820397 35817 58935 D9CCD1ECF537E2359879A362DC51C794BB50F999B5FA927118A4D29E9F1D99DA
6585305065 59550 1629 7C20F6CF1A09EEE4F40FE6F70B0F070213E4AE0B9599CF6348B0EAC781225457
6584576587 49350 16379 7C20F6CF1A09EEE4F40FE6F70B0F070213E4AE0B9599CF6348B0EAC781225457
6579980827 29768 10913 7C20F6CF1A09EEE4F40FE6F70B0F070213E4AE0B9599CF6348B0EAC781225457
6581944148 6658 52026 7C20F6CF1A09EEE4F40FE6F70B0F070213E4AE0B9599CF6348B0EAC781225457
6578701095 49194 11629 7C20F6CF1A09EEE4F40FE6F70B0F070213E4AE0B9599CF6348B0EAC781225457
6577085467 35820 50865 7C20F6CF1A09EEE4F40FE6F70B0F070213E4AE0B9599CF6348B0EAC781225457
6579588115 14114 9667 7C20F6CF1A09EEE4F40FE6F70B0F070213E4AE0B9599CF6348B0EAC781225457
6577431256 4473 15200 674DC76758DCAC29E892B6D4BE015501E56F2A636B890F0DF4DFF426FD106807
6577078392 26508 6889 7C20F6CF1A09EEE4F40FE6F70B0F070213E4AE0B9599CF6348B0EAC781225457
6586608764 36300 14960 7C20F6CF1A09EEE4F40FE6F70B0F070213E4AE0B9599CF6348B0EAC781225457
6579924948 23152 24798 7C20F6CF1A09EEE4F40FE6F70B0F070213E4AE0B9599CF6348B0EAC781225457
6578039264 33270 56434 7C20F6CF1A09EEE4F40FE6F70B0F070213E4AE0B9599CF6348B0EAC781225457
6577235797 26351 48710 438B1B6423A7902FEFB2074D34716687F4A16E50BA01FBDCD98D628A06F45915
6582363537 25278 56743 7C20F6CF1A09EEE4F40FE6F70B0F070213E4AE0B9599CF6348B0EAC781225457
6587614813 44196 11016 7C20F6CF1A09EEE4F40FE6F70B0F070213E4AE0B9599CF6348B0EAC781225457
6585321602 10017 47620 1A6A6982841D18979782FCC7ED23D7C197D8B18CB8B00F8979E1FB52F69C7E71
6579606826 64503 25936 063F6C318EF938FCF193730DC7C905BCBB262B8CEF7036A0C3880A69AC846996
6579992258 35502 2595 7C20F6CF1A09EEE4F40FE6F70B0F070213E4AE0B9599CF6348B0EAC781225457
6577555230 51455 40734 CC36379FB968E3EDA2F6395F6245B5E98A9583F1C586AFE359567CC64DBE2543
6581745134 3783 24154 0D43D8E18548185427E7DFF2B4CBCC0657EEBB0B43492F013DBE4AC030939DD6
6587104748 52106 30987 7C20F6CF1A09EEE4F40FE6F70B0F070213E4AE0B9599CF6348B0EAC781225457
6578839968 3727 62239 675EE48F565E72FCF7A988731600F486DA7D82BE6E20C78D39DAEA1FBA6F8F9E
6586651103 11949 55527 2741717C4E0E7FA976C430E79ADA5D58FB76EAA50E2A4DC65F1CAE8454979B37
6576662745 43774 60189 7C20F6CF1A09EEE4F40FE6F70B0F070213E4AE0B9599CF6348B0EAC781225457
6579780285 15697 48926 87DB5EEFC0DED63133ABA82798649E76746675BEBC2FFE9497C1F12436933397
6583945313 25303 7132 D592A73913D448AA0E260BE29729DE35F75252C1F88E1B5A4EFA24C8033DC3E3
6577717389 54216 63844 7C20F6CF1A09EEE4F40FE6F70B0F070213E4AE0B9599CF6348B0EAC781225457
6578138888 20957 32974 845A4A62864DE1C2B8DCDA9DA8D93C85A3F555F999E7E75650AB8EC79BB61CA2
6577461412 55559 16075 C6681C6AFF1E2FD9EB71EE782ECADA3F75EE1E3D27357FD3A7C36767C5603330
6583733561 65371 24181 63D71A71A46F08FAFDDDD6B56026F1CFBD918D6110458FEF2D05F78EE96DD088
6577266148 8712 64608 7C20F6CF1A09EEE4F40FE6F70B0F070213E4AE0B9599CF6348B0EAC781225457
6582294228 10275 50197 A4F8217769A66B6CB55762D7C94AFDAA0286F80D8448364347DF64FAE6987918
6577973556 52448 5122 7C20F6CF1A09EEE4F40FE6F70B0F070213E4AE0B9599CF6348B0EAC781225457
6588090302 57189 1229 BF6863C9BBFC3E1F8C465129AEBFA422991DFEE86628CC6281158551E0795E01
6585248192 16952 28304 7C20F6CF1A09EEE4F40FE6F70B0F070213E4AE0B9599CF6348B0EAC781225457
6577100379 27167 33127 C9FDF135F40B136FD8CF29D925E15F51237DD055305E1A542E0E86ACF6D0BB8B
6585653068 839 63809 F905434B4AC9703E4B126B89C9DC65242EA5DDF17EEBF0AB13C0C170D013D83E
6585487125 7387 37198 DD38B3F55AF15AA1FE84F406DDBAF40EBE789DA587429BB2CE8CF807AED15593
6578194123 20035 54669 B8A4D450F8A015575B730DE49BB71F6BAD1D7601811170B9E0F046CC5EFB62F9
6588383475 6732 44142 7C20F6CF1A09EEE4F40FE6F70B0F070213E4AE0B9599CF6348B0EAC781225457
6578812898 15256 46612 7C20F6CF1A09EEE4F40FE6F70B0F070213E4AE0B9599CF6348B0EAC781225457
6576456350 28268 49163 7C20F6CF1A09EEE4F40FE6F70B0F070213E4AE0B9599CF6348B0EAC781225457
6585319603 1802 6645 7C20F6CF1A09EEE4F40FE6F70B0F070213E4AE0B9599CF6348B0EAC781225457
6577131875 7101 4651 D2902025DDC8CD3B2CFACE46D764A650B4A7C89B65C53654C046E4095E9F6D63
6578464894 62362 47550 7C20F6CF1A09EEE4F40FE6F70B0F070213E4AE0B9599CF6348B0EAC781225457
6580812568 5099 28090 EC7C0D428A6848667A32ED97C15F5BA94719A3EF02E7C8D5D26C257F0351DC35
6586945022 34172 60195 7C20F6CF1A09EEE4F40FE6F70B0F070213E4AE0B9599CF6348B0EAC781225457
6579449550 3836 54023 7C20F6CF1A09EEE4F40FE6F70B0F070213E4AE0B9599CF6348B0EAC781225457
6581742578 25760 48656 7C20F6CF1A09EEE4F40FE6F70B0F070213E4AE0B9599CF6348B0EAC781225457
6587178304 34060 23673 7C20F6CF1A09EEE4F40FE6F70B0F070213E4AE0B9599CF6348B0EAC781225457
6578886044 27301 26588 96B0D7A2F6DE4C54B8531CE1BCBCBF2B0F3873452CB74FE73EDADA5523390916
6580790455 54562 52019 7C20F6CF1A09EEE4F40FE6F70B0F070213E4AE0B9599CF6348B0EAC781225457
6583498845 33499 39977 A684512E1694C4924A3655B707ECF41948460A122E1F5EBD63B2A4333B080011
6584984843 11131 37409 545FA07911A8C5957B1D0BB36B066670E01639FF3B710D50CE539C978C730381
6585427423 41881 52597 6ED2C616AFC62F0E7F38FBF3C1DCB7EA5D46A538C89690F6585786A3515D4BA0
6583497328 16338 36232 7C20F6CF1A09EEE4F40FE6F70B0F070213E4AE0B9599CF6348B0EAC781225457
6584724682 9388 21058 7C20F6CF1A09EEE4F40FE6F70B0F070213E4AE0B9599CF6348B0EAC781225457
6581316624 60374 57864 7C20F6CF1A09EEE4F40FE6F70B0F070213E4AE0B9599CF6348B0EAC781225457

Total of 0 tasks calculated error.
