Total of 100 tasks calculated correctly, accuracy 100.00% 
6639242617 43661 65111 4CA4077756FF67BA4AF453905A71197DA77D4615542333985D773B943E96DD07
6637566469 8273 61755 98EB9BE7247A361D2B725E3AE1F73DF79E6DE1D06C768DE2A9EA6844C041C3D4
6639834021 39334 29602 7C20F6CF1A09EEE4F40FE6F70B0F070213E4AE0B9599CF6348B0EAC781225457
6642892737 53374 39597 7C20F6CF1A09EEE4F40FE6F70B0F070213E4AE0B9599CF6348B0EAC781225457
6637966197 4364 21102 7C20F6CF1A09EEE4F40FE6F70B0F070213E4AE0B9599CF6348B0EAC781225457
6641350502 38090 30626 7C20F6CF1A09EEE4F40FE6F70B0F070213E4AE0B9599CF6348B0EAC781225457
6641048931 28822 40473 7C20F6CF1A09EEE4F40FE6F70B0F070213E4AE0B9599CF6348B0EAC781225457
6641194311 55933 65533 7A16493FEB0B7836D3EEAE69DBD5771743D6CBC8290BFB5C723585C2067FBA14
6644781983 7405 61266 6F4B3F4DA20430348CC8A10347B023C9191E5984CAC50C1B89F89668CD70A721
6645596000 55976 24809 7C20F6CF1A09EEE4F40FE6F70B0F070213E4AE0B9599CF6348B0EAC781225457
6643158496 37147 32303 2800254B14DDE05B649869AE570DB283D012C5B6BCEC3A1335593AC3EEC49ED6
6641958179 62195 16829 C4BA1EE4C486C98F8B21F28D070932B813C7B29A16DDC0B5D14DED2B0631492C
6648054564 12138 12032 7C20F6CF1A09EEE4F40FE6F70B0F070213E4AE0B9599CF6348B0EAC781225457
6638836470 35285 31324 623453B3168184801A8E3A8DA6E17595A6C3BB7E127B3F1EBD4FD25F64A7965E
6637397134 2594 45399 7C20F6CF1A09EEE4F40FE6F70B0F070213E4AE0B9599CF6348B0EAC781225457
6647300989 34688 19115 7C20F6CF1A09EEE4F40FE6F70B0F070213E4AE0B9599CF6348B0EAC781225457
6642859679 65180 59797 7C20F6CF1A09EEE4F40FE6F70B0F070213E4AE0B9599CF6348B0EAC781225457
6645155994 29989 38646 7E212D3CA61C82E4784FA7BFC075F142372A1CB1DC8A61E597A6DB31A114CE1E
6645178730 17405 61591 1ADA82A69BEAB20DFF7A13ADBDD33C4A5B5B727C5C7ECF0E259D5CC5E8EF7338
6643867475 34950 2020 7C20F6CF1A09EEE4F40FE6F70B0F070213E4AE0B9599CF6348B0EAC781225457
6645448883 14874 34878 7C20F6CF1A09EEE4F40FE6F70B0F070213E4AE0B9599CF6348B0EAC781225457
6638827437 12650 15593 7C20F6CF1A09EEE4F40FE6F70B0F070213E4AE0B9599CF6348B0EAC781225457
6637933682 18866 55367 7C20F6CF1A09EEE4F40FE6F70B0F070213E4AE0B9599CF6348B0EAC781225457
6642074092 60529 3661 70E183AFC69EE154DF818F8DA11BF6A46CD344CC266369BA5B2D8B3FC1A38972
6642551360 45456 55451 7C20F6CF1A09EEE4F40FE6F70B0F070213E4AE0B9599CF6348B0EAC781225457
6648225507 3658 3306 7C20F6CF1A09EEE4F40FE6F70B0F070213E4AE0B9599CF6348B0EAC781225457
6637521291 25059 64106 BB0924A29E0769487B03A41CF45814DF55305B6DB62B9F18163437AF5E8DFBF8
6646247680 22702 12807 7C20F6CF1A09EEE4F40FE6F70B0F070213E4AE0B9599CF6348B0EAC781225457
6642631559 4092 14615 7C20F6CF1A09EEE4F40FE6F70B0F070213E4AE0B9599CF6348B0EAC781225457
6645998539 40800 4122 7C20F6CF1A09EEE4F40FE6F70B0F070213E4AE0B9599CF6348B0EAC781225457
6644345101 55820 6418 7C20F6CF1A09EEE4F40FE6F70B0F070213E4AE0B9599CF6348B0EAC781225457
6641710838 63275 29290 F186FA457E3DD3BABCC1AED46D98AFEA3ADAA692B519CCD16B35EF3AF284B422
6645163706 60004 35263 7C20F6CF1A09EEE4F40FE6F70B0F070213E4AE0B9599CF6348B0EAC781225457
6643854771 62726 29612 7C20F6CF1A09EEE4F40FE6F70B0F070213E4AE0B9599CF6348B0EAC781225457
6641354813 2413 38749 282562F8FA2F51D9FCAC7A23844C3F156D7279F52EEACABD9E4DE922BFF0C802
6640832570 23081 6827 58CDD743FC5D277D7E725E1685F1FBAB943A9DE4E584D4246A94A2CC012A1344
6639785222 62455 57329 6E75F9B5AB5049A818D7568769D8D6A4280940BECD006B15A8371F380565AF64
6644064745 42055 50368 A10A98BAC5229D3045FDE67CED7070906AE5DDC4CC88CB860056A5696463AF20
6642835176 65340 57815 7C20F6CF1A09EEE4F40FE6F70B0F070213E4AE0B9599CF6348B0EAC781225457
6646369319 16439 13990 3626FE9E7E56FDF2B18057F3CF22D8F1BD13A033F12431AC073F469DAEFFD9ED
6639268786 54366 13855 7C20F6CF1A09EEE4F40FE6F70B0F070213E4AE0B9599CF6348B0EAC781225457
6639772663 54552 7592 7C20F6CF1A09EEE4F40FE6F70B0F070213E4AE0B9599CF6348B0EAC781225457
6643896268 14655 57776 57A54AB8B8A9FB7ED0BD9C0AC3632FE415BC227F055F48700A0799AC4303E136
6640042989 11040 54695 7C20F6CF1A09EEE4F40FE6F70B0F070213E4AE0B9599CF6348B0EAC781225457
6647067400 49412 27661 7C20F6CF1A09EEE4F40FE6F70B0F070213E4AE0B9599CF6348B0EAC781225457
6637865779 15197 50752 41D6CEB79C6140EDA86B9231B5ABF04C649D162B72C5AB9A15C0678365757F1C
6642537086 18141 7882 1F69AACDBADBE41204313989E7EE3FC76A3768E6482BCF27EE9F89C521A12C18
6645525357 22659 29204 5FD1CF8F2E7F8A7011EDAAB6662BF30B72332FF36CA79B74AA09E404DD5F310F
6646244770 51361 47379 73ABD46D567F88F9FB956E51BCC105AF33842EAB0D3901A8BD7EBD7A4BDE1078
6636965179 50241 47441 941991BAAAA4A366A2B8325ABE6632877E1CE0C2B77EB1C6DB6FD1AD0CE3A041
6640029180 38452 57332 7C20F6CF1A09EEE4F40FE6F70B0F070213E4AE0B9599CF6348B0EAC781225457
6643443420 14924 6225 7C20F6CF1A09EEE4F40FE6F70B0F070213E4AE0B9599CF6348B0EAC781225457
6645249469 41914 53383 7C20F6CF1A09EEE4F40FE6F70B0F070213E4AE0B9599CF6348B0EAC781225457
6637238227 52204 16453 7C20F6CF1A09EEE4F40FE6F70B0F070213E4AE0B9599CF6348B0EAC781225457
6642142552 13003 48536 0FD1E0BA775277F825DA42E45AB66BFB2F4C920B4D8C4FADE50E9F256F61D4B4
6642597463 54459 1334 EE81DDB79ECD3F83A1CBCB6D1C414067EEC4BF7CF91F998AF93F7F1537CBF5D4
6644912124 61931 13387 177EEB70F3542FEA12966B4BA61855F204014CC2EE6D682694215E74DC08340C
6643646773 1457 48195 93B2E3D52CDCDEA6392A36F48DF733CB037ABF95A230621391BAFA40C8C75724
6640421396 20163 14514 D37C6B1FB8409EEE2642361C0DBAD59B82B167F133A3D10B0B803CBD109C8FBF
6640756703 34792 65174 7C20F6CF1A09EEE4F40FE6F70B0F070213E4AE0B9599CF6348B0EAC781225457
6641797546 53442 32024 7C20F6CF1A09EEE4F40FE6F70B0F070213E4AE0B9599CF6348B0EAC781225457
6645816147 57089 15844 5B47513D535A536F7736A168357BAB18EDB950052F00513FEFACEA5B50285DE3
6637853265 61514 21351 7C20F6CF1A09EEE4F40FE6F70B0F070213E4AE0B9599CF6348B0EAC781225457
6646806708 20275 8261 AFFCDCB53E68D6AC91031B4103C5287A49D748066B8A1B926E0015F1E9AF70C3
6643472589 5506 20545 7C20F6CF1A09EEE4F40FE6F70B0F070213E4AE0B9599CF6348B0EAC781225457
6642954266 44781 50761 E888386ED1DD7D42FBF13DE2DA2DF73BCD370843ECF197BF0AA481948ABC5466
6636831193 22024 13441 7C20F6CF1A09EEE4F40FE6F70B0F070213E4AE0B9599CF6348B0EAC781225457
6642219091 15209 41068 07A0494876343D54514276879DDFC88BFA545467A38E101C3184F70E7857A220
6645347072 37512 28268 7C20F6CF1A09EEE4F40FE6F70B0F070213E4AE0B9599CF6348B0EAC781225457
6647818181 62441 7601 167E82D5B579CC39A9FCA17D47DADFDD153E7CF663D040667BACE6A9D6941C4A
6644292754 61800 54377 7C20F6CF1A09EEE4F40FE6F70B0F070213E4AE0B9599CF6348B0EAC781225457
6644740523 59430 528 7C20F6CF1A09EEE4F40FE6F70B0F070213E4AE0B9599CF6348B0EAC781225457
6641301982 33345 32934 F2C33291EDD69EB8FF2571CD8B998CBAE07E6E0C8691F323693F9CDE25FB5B46
6645611165 61034 23908 7C20F6CF1A09EEE4F40FE6F70B0F070213E4AE0B9599CF6348B0EAC781225457
6643239663 55111 21278 12627377173802799A73776438B753D9B67420D19573B89AA6BC630C84D54547
6637292607 21803 50254 57E08463FE1E78966D2F2CBBD1DFD3D0791DA2FCF7C103277C0DF0CD7164678D
6642314464 17586 53799 7C20F6CF1A09EEE4F40FE6F70B0F070213E4AE0B9599CF6348B0EAC781225457
6642282035 7637 58554 4657F65063655D5A68BA5DB426948CAA22255811B792043C3637A584514EEB1B
6644056520 60682 55000 7C20F6CF1A09EEE4F40FE6F70B0F070213E4AE0B9599CF6348B0EAC781225457
6643683854 3574 37035 7C20F6CF1A09EEE4F40FE6F70B0F070213E4AE0B9599CF6348B0EAC781225457
6639774169 8722 26320 7C20F6CF1A09EEE4F40FE6F70B0F070213E4AE0B9599CF6348B0EAC781225457
6642250701 19405 60316 C450C2331E607A263D4064D1D5AC7DCDD1A025E5B0539A2AA5F3CA50D39EC6A7
6646633014 57777 22970 B08AB957670BFCEBB3075FE9926AF4181C6E5EF835E20A12BCB33E8FCAFA9A5A
6640432740 23450 32863 7C20F6CF1A09EEE4F40FE6F70B0F070213E4AE0B9599CF6348B0EAC781225457
6646676945 46778 230 7C20F6CF1A09EEE4F40FE6F70B0F070213E4AE0B9599CF6348B0EAC781225457
6639903326 44912 2343 7C20F6CF1A09EEE4F40FE6F70B0F070213E4AE0B9599CF6348B0EAC781225457
6640242716 20683 55795 FEF885DAEE2144B069BBB41AB13FBA2933D435E570830AA9DACFE7DDB7364427
6639285479 38545 39153 8DD07BEC5BC867D0E070125BDF3E44FBA66A8EA78171DD3E8156386EE970002B
6641720293 7984 49544 7C20F6CF1A09EEE4F40FE6F70B0F070213E4AE0B9599CF6348B0EAC781225457
6643922563 64074 50408 7C20F6CF1A09EEE4F40FE6F70B0F070213E4AE0B9599CF6348B0EAC781225457
6647618490 15524 35685 7C20F6CF1A09EEE4F40FE6F70B0F070213E4AE0B9599CF6348B0EAC781225457
6637984124 27654 13029 7C20F6CF1A09EEE4F40FE6F70B0F070213E4AE0B9599CF6348B0EAC781225457
6646531413 52931 62137 02B99CF4F83EDE4DA7F70C7F96FE18158B2B6093D49496A5C4699EDE6ACF18CB
6648195842 59451 5390 4AF769DBDF0EA74C0D5D8D9053116882BAF0EC69041A6C8637C36DC3A2DF203F
6640433493 31514 54639 7C20F6CF1A09EEE4F40FE6F70B0F070213E4AE0B9599CF6348B0EAC781225457
6642517115 48163 5327 522B4FF63DDF62F67FFB3E80487D7CF9CE1EAAC27645F58892A5902B5987462B
6643033519 25659 57540 FEF6076ABC1CE2DA255D1709E64A583B035CF192DB1C7D97E1FD1FC07447583B
6648100020 16795 41807 7089F536EE980EA2AF13257D0AD439D0622B02332B3F462D75833DFB5BFC88ED
6637972383 15614 14272 7C20F6CF1A09EEE4F40FE6F70B0F070213E4AE0B9599CF6348B0EAC781225457
6637089399 62459 51425 D9F3D3C08EB9B1FE47962EE74D9E78659A75DADB33890A0B578944D76DA13A69

Total of 0 tasks calculated error.
