Total of 100 tasks calculated correctly, accuracy 100.00% 
6663409313 55579 43833 7663F73A686172C2E2B24C570AB63E74D24FA6276DD134D756A95E6CF802F714
6662985369 20385 40663 1C51939D371DE54CD4B98E5F69A2FAD3A195808BF2A42C7CC40AA6DE08AA8CEA
6670549290 10041 20484 D72B9CDCB3A62B27CD0A021941167E26ABF693768BE125242F7EA0F3D5BF03DC
6662352762 24650 51032 7C20F6CF1A09EEE4F40FE6F70B0F070213E4AE0B9599CF6348B0EAC781225457
6666769428 30554 55656 7C20F6CF1A09EEE4F40FE6F70B0F070213E4AE0B9599CF6348B0EAC781225457
6660717969 41096 43398 7C20F6CF1A09EEE4F40FE6F70B0F070213E4AE0B9599CF6348B0EAC781225457
6670638432 8088 10453 7C20F6CF1A09EEE4F40FE6F70B0F070213E4AE0B9599CF6348B0EAC781225457
6671998369 3334 37330 7C20F6CF1A09EEE4F40FE6F70B0F070213E4AE0B9599CF6348B0EAC781225457
6667415488 6033 38978 9C8623BA8D070DF83D0C062B07112F192C5579C531D96CFEC79AF4D4C81CA168
6660719688 15513 49276 963EF3E4905733DCABCBB17018D0C6B4C0B72B26F998030CCE7A5C2FEC01E9D8
6667725265 8575 62532 971AFF785554FBEDF7F4F6BE85BE167055CB16579BD4463E9B248536675F9E2C
6664593777 22159 5941 ADBA4C2B1B4C3BFBBFA7296943B622966A63F9E32B4149BB482FE13894B722B9
6665000133 49154 28846 7C20F6CF1A09EEE4F40FE6F70B0F070213E4AE0B9599CF6348B0EAC781225457
6669833642 62545 47570 35E61A4DBB92A72BC473AFC08CCAE75D28614BEC9F3085151F2FAFA60EC3422E
6664786238 54022 36068 7C20F6CF1A09EEE4F40FE6F70B0F070213E4AE0B9599CF6348B0EAC781225457
6669009965 41619 23029 FDD74F4A99846475704E7FD5A69B2BA0A50C213AF49FDADE8349A7061D57AFC1
6667375038 58487 52361 380661EEEEDA963353289FEFEE530E6F87A007FC3B107C9988B050B0FD76AB92
6664795271 44115 60155 1FBE2174B71D3D5CDDC9F60744A3D15A765DE38B0BCEB55844513F3F9F43B1D3
6669730410 43669 54158 C42783BAA234B67CD67F94F38A79327BECBFC5707C8DE4513E000B6973B3E7E7
6662176171 34026 39054 7C20F6CF1A09EEE4F40FE6F70B0F070213E4AE0B9599CF6348B0EAC781225457
6668012363 35014 35833 7C20F6CF1A09EEE4F40FE6F70B0F070213E4AE0B9599CF6348B0EAC781225457
6672115104 23358 36758 7C20F6CF1A09EEE4F40FE6F70B0F070213E4AE0B9599CF6348B0EAC781225457
6667453980 31381 62280 779E0E6107403CA2F8B4E499AEF8269A55A0131B7C33624F1A4075690EC36CF9
6662473072 29635 37984 EE294761A8DA7054353BA6FDF28ED0A5F0F963E1FB3AF93D5BE3A11B2A87B5B0
6667157762 26039 34930 267DEBE0831722F7F72AC4499D6A0EF0B5E23B452CA3C53AE4991E73D8BFC2BF
6661536286 7651 27067 897C6D7B385E41D72253F83F8296F1E2EDF08DC3BFECEF1E237CE212DDB2FB03
6666484814 41673 64896 091E63438783DC5C6B709A4B68D6B6480B4F01AB73CFD94AE83EDC98616CFF0E
6668276242 60664 26095 7C20F6CF1A09EEE4F40FE6F70B0F070213E4AE0B9599CF6348B0EAC781225457
6669200563 21378 26461 7C20F6CF1A09EEE4F40FE6F70B0F070213E4AE0B9599CF6348B0EAC781225457
6668526433 42833 31406 14721C98AE442D565828D8B566AC7BA45785B48C91056BBC5ABAB7DF2117E674
6667242355 37400 48226 7C20F6CF1A09EEE4F40FE6F70B0F070213E4AE0B9599CF6348B0EAC781225457
6666178472 50651 19580 49127C4F985E84182EEE1EC5B1344D42A27E359EED80788D0969840BEBBFDE68
6668688093 39707 17816 B8E26B5F9D85BC7D54C182E170C5AF2FB4172E373EE0C65D7EACEA26ABD72A4B
6661547501 6057 30626 A163FD9D43456A010886CD21F8E45EEE379C9FA8A5418338E39067275AA7521E
6663624002 13696 2235 7C20F6CF1A09EEE4F40FE6F70B0F070213E4AE0B9599CF6348B0EAC781225457
6663361282 41693 2301 30A4A0B8979EFCAEFA0EB758AE9FF1C98FC63E0007E94688C24B2C41522B0C36
6670151755 13835 30713 114ED6F04F58F071E939CADBD8A2A1147E2F95DEBD2FB2AD9F4A1159B9E607E6
6668203321 26919 44743 1E352C4DDC3BFE6AD2C24CE00270D7261A2C29FA357328D19C1F0E1A26DC3E9D
6662087895 3222 59999 7C20F6CF1A09EEE4F40FE6F70B0F070213E4AE0B9599CF6348B0EAC781225457
6668460823 41230 49789 7C20F6CF1A09EEE4F40FE6F70B0F070213E4AE0B9599CF6348B0EAC781225457
6662102112 4103 58863 F401B50450998EB3C8E4AFD11A5CFB9F94DC34A1979EF16037ACA822EB5F38C2
6671210112 40065 64043 371E249090D1C332B0F7A3728838A5DDBE2EA5CDAE4AC9439334A211BDDF51DA
6662839015 53046 29162 7C20F6CF1A09EEE4F40FE6F70B0F070213E4AE0B9599CF6348B0EAC781225457
6662342015 43041 38519 BDEF0B5D42503FA60B7980D3C7A60CB823D1C6AFE103C7A1698C6A2BC102B47D
6665153767 52959 13964 2280D9E0B5B005B2BFF77AC161AD3E44C30BB2B7ECDABE4D70C85D965BE35813
6670165387 39325 57600 6D9ABBAC42591A63493590F134A89187386A1D970AD13DAA6A20E1249324B2D8
6662054252 31504 3710 7C20F6CF1A09EEE4F40FE6F70B0F070213E4AE0B9599CF6348B0EAC781225457
6664426684 51484 7847 7C20F6CF1A09EEE4F40FE6F70B0F070213E4AE0B9599CF6348B0EAC781225457
6672006745 20305 62312 39DAB88AA8311B7DB7B1582C5528E761797B65BCB603A72EE0DBF3E567BC364D
6669966177 53330 847 7C20F6CF1A09EEE4F40FE6F70B0F070213E4AE0B9599CF6348B0EAC781225457
6664845514 1418 57341 7C20F6CF1A09EEE4F40FE6F70B0F070213E4AE0B9599CF6348B0EAC781225457
6666058816 23096 57596 7C20F6CF1A09EEE4F40FE6F70B0F070213E4AE0B9599CF6348B0EAC781225457
6667817034 15135 7302 F03EE6B05ED160B7129A105F5A691F0C701E6B1DF20D48F0AA27664B5E87D532
6666166329 44943 29743 3EAC0D3F73F732812BD6AF8B05E201066D26FB4792EB0FCC61D71685684450A9
6661739543 31171 57886 4B0452F68D2614A3C4192B6D65B6B2ACEC085A5B1E4369BB3D5973E103ACE5D7
6663661124 37448 5454 7C20F6CF1A09EEE4F40FE6F70B0F070213E4AE0B9599CF6348B0EAC781225457
6663873385 16159 11567 2F6BAC44ED8D0791A27A5A5A48516772EA5B842F92176EF072BD644049AB3D4B
6667858479 44295 21601 D61ADAE89DCBE8FA033989FBBDC917E4FB39D42E1528EC56CBF0C7A5C1CE6592
6665970270 19253 39741 B767A8DAD7FDE7665FDC711097A64F7AD6B0781B5DA0736860B4CEF851422FC5
6668881872 35564 54524 7C20F6CF1A09EEE4F40FE6F70B0F070213E4AE0B9599CF6348B0EAC781225457
6661114894 61863 48334 B845013672CC91E1C65248D742239639D0CB40ADBD72E1EF1F16822F26AC9175
6662758734 6574 14779 7C20F6CF1A09EEE4F40FE6F70B0F070213E4AE0B9599CF6348B0EAC781225457
6663916579 3181 14542 AC23DAE414DF0840922F66D9A79DE3F87361FF25518A152AC0B5FB9C6EFB6505
6663014907 2933 65211 5AB54053C323F5C1C1608167DC8E960C0B4B03B85192947AF3FB65AE5D976EE6
6661606684 65488 45647 7C20F6CF1A09EEE4F40FE6F70B0F070213E4AE0B9599CF6348B0EAC781225457
6669218961 14836 38050 7C20F6CF1A09EEE4F40FE6F70B0F070213E4AE0B9599CF6348B0EAC781225457
6660878231 34026 27333 7C20F6CF1A09EEE4F40FE6F70B0F070213E4AE0B9599CF6348B0EAC781225457
6672013823 32093 38483 60D951D29B648A242B727B23C5BCF2FA3CF682FA297A3005EA4702B8F6270358
6671430753 18537 16428 679CF0BA8F27419F588539D8619760A51032DFAB7F6E5B84BC321FB42F7DAA0B
6667101139 36309 21004 83A4B409B1E814D13608E1018C588B8DE05CFF1099EBFCFD7148EDF004C07927
6660916150 19689 61267 33852B6D67D447DF65BE4B8D9CDD1451941956DB29189080E3B8E2DA99AC1AEF
6664189101 45413 17340 D995ED467C5D3BF7BDF687E3EBAC79F16385714C82B5EE17A2DD89223A2B485F
6663804490 13742 9775 7C20F6CF1A09EEE4F40FE6F70B0F070213E4AE0B9599CF6348B0EAC781225457
6667982794 36137 16739 571A133301EC31435FE5C7614D1C5EBF0B8290EF08F66D5D0ED7FB47B336FC60
6661461893 540 24287 7C20F6CF1A09EEE4F40FE6F70B0F070213E4AE0B9599CF6348B0EAC781225457
6669350122 1495 7624 FB3835C2908BDB5F7B7A69C84C35ED8D08FD0255D64F3415ABF43D77E88E40B8
6667188444 41782 44315 7C20F6CF1A09EEE4F40FE6F70B0F070213E4AE0B9599CF6348B0EAC781225457
6671108666 5130 55522 7C20F6CF1A09EEE4F40FE6F70B0F070213E4AE0B9599CF6348B0EAC781225457
6662285452 50629 47043 78145F227E6486BE1304A7AF4F30A9DC4C8999D21D8A6E64AAFFD3A3B38D23A3
6670608270 8567 36570 E7C82B6AB63D32570BB06EDA258D7C155493242C9A274480E80D9012C341E665
6669755013 44799 46417 9D304660C021E28FDD332C6AEAFDF7E503664F8E4A88BCDA88D5B94B3F07BC30
6670613788 49785 36053 9CFA410A415EF817403F98357E7463E3ABFB5EBDFE928041A40000B47EFA1A36
6661273530 51426 29699 7C20F6CF1A09EEE4F40FE6F70B0F070213E4AE0B9599CF6348B0EAC781225457
6669812832 37926 25639 7C20F6CF1A09EEE4F40FE6F70B0F070213E4AE0B9599CF6348B0EAC781225457
6669328547 23287 38155 09209671E14670E3A4B1B9E698AAFF8448EB697C805265FDAC16A0BED0A512EF
6660756118 58836 48371 7C20F6CF1A09EEE4F40FE6F70B0F070213E4AE0B9599CF6348B0EAC781225457
6662498387 39238 55171 7C20F6CF1A09EEE4F40FE6F70B0F070213E4AE0B9599CF6348B0EAC781225457
6671686547 19156 34008 7C20F6CF1A09EEE4F40FE6F70B0F070213E4AE0B9599CF6348B0EAC781225457
6666127659 47793 28435 CD11423867FF42BDCB8196364C4C547E13688F4203077BF9EEF2D169125E50DA
6671000259 58414 814 7C20F6CF1A09EEE4F40FE6F70B0F070213E4AE0B9599CF6348B0EAC781225457
6669239095 7194 24649 7C20F6CF1A09EEE4F40FE6F70B0F070213E4AE0B9599CF6348B0EAC781225457
6662816962 44113 2623 DF40A88D4F176201B516C1C87650D1A8DE984B166B41E525DAD5ABEA89BECAB3
6669658762 54003 52330 C33BC3E2E36B91BF77ADA2CCBF48958D9648EC575898158AAD4F4E4A826CF207
6664894560 18646 6599 7C20F6CF1A09EEE4F40FE6F70B0F070213E4AE0B9599CF6348B0EAC781225457
6664117148 6936 29069 7C20F6CF1A09EEE4F40FE6F70B0F070213E4AE0B9599CF6348B0EAC781225457
6671126003 21957 30658 716E0A7DAF3065A6188D53BA35D0F8B8C81933D398B8899C02B3EFFDA3CA1944
6670687242 14318 12013 7C20F6CF1A09EEE4F40FE6F70B0F070213E4AE0B9599CF6348B0EAC781225457
6667370255 17392 55798 7C20F6CF1A09EEE4F40FE6F70B0F070213E4AE0B9599CF6348B0EAC781225457
6664939936 5915 54989 0BCAAAF8F5FE0A97096D0E683EE9EB6E11878A47C31E05D9ADE0907A20E798EB
6662588403 15068 2292 7C20F6CF1A09EEE4F40FE6F70B0F070213E4AE0B9599CF6348B0EAC781225457

Total of 0 tasks calculated error.
