Total of 100 tasks calculated correctly, accuracy 100.00% 
6693986561 18104 42621 7C20F6CF1A09EEE4F40FE6F70B0F070213E4AE0B9599CF6348B0EAC781225457
6687890259 18939 64329 A716B9BB77536F1E57B42517AC6880824D520BD99E96F77989C309C182D3F4F3
6685728875 18813 2496 227FF77DBA74E2AF0B162C57A54E046FE76E5221462CE6FB354086ABF82CC13D
6689799434 58416 36066 7C20F6CF1A09EEE4F40FE6F70B0F070213E4AE0B9599CF6348B0EAC781225457
6687931119 11996 16592 7C20F6CF1A09EEE4F40FE6F70B0F070213E4AE0B9599CF6348B0EAC781225457
6689827354 5785 41748 DF2E38FB23128DCAAE687723B09411E20BC30B576FB3ECF327070CC8E0068DA9
6689340631 19265 15638 1020C58D69DBB9BD7CDF55EEE61B5C2991025EF8EB0F034A6F21AC514F7BEBCD
6686526861 16714 56019 7C20F6CF1A09EEE4F40FE6F70B0F070213E4AE0B9599CF6348B0EAC781225457
6685807211 11868 64460 7C20F6CF1A09EEE4F40FE6F70B0F070213E4AE0B9599CF6348B0EAC781225457
6687513245 4303 39117 00578CF7FED0E2CB6FC0B36DBA679A9ADE3357773C0A6680CD5935326ADD2034
6685357248 61240 51630 7C20F6CF1A09EEE4F40FE6F70B0F070213E4AE0B9599CF6348B0EAC781225457
6696236363 14804 8657 7C20F6CF1A09EEE4F40FE6F70B0F070213E4AE0B9599CF6348B0EAC781225457
6694002421 30581 63594 EB2BC5FEBCFD9B62034AE17F998D221FA651250E8CA8509C1A90A3F99F8490B9
6690484138 14021 6604 C9D512C66D6D5A7AA7F14BBDC0E5EFCE6C4EBD06DF646BC4A7E6AD72E04C1112
6686447506 61687 43535 E624B7A3CA47448E3BF17207BCAD026B4DDE876FCBC257A408748690D60984E6
6685307351 62537 4668 008978D3D91890AA5517C0782E5709A80CC78618F20D59C893A718A8FE577FC9
6685781873 39597 13511 93F43C6FD326C6981F4DE69C5E57B720A5437D238F8D10A414014369BC2EE09F
6689940516 42989 61511 3136E770B5955C87067A790F03E3AC5777C473AF15340E14A4BB78B76D316AEE
6691836553 12982 56554 7C20F6CF1A09EEE4F40FE6F70B0F070213E4AE0B9599CF6348B0EAC781225457
6695058126 27968 21305 7C20F6CF1A09EEE4F40FE6F70B0F070213E4AE0B9599CF6348B0EAC781225457
6691506383 60573 63396 3282537B6C9FDFBDA7D3C1A6782706281AA0224F6055D1910CAF06E2908CA327
6696292443 18433 52766 147949313A6E881ECFFE016F66EBA473D3B40C47B7FDA79CB4B77F9BBB4E5ADD
6690592353 31937 59740 0EA63441766D1A9DAEBBD18ACA67D792818BB9A091E71D304945A73D79B833B5
6691969099 19000 43513 7C20F6CF1A09EEE4F40FE6F70B0F070213E4AE0B9599CF6348B0EAC781225457
6688518888 38349 36153 CB0CFF0EE1F46F7F51BD2585150688F6C544DEFB5663AB5A63485EB5D0C5F7B5
6687891943 46565 3779 6C9505A38E79091E3B4C9929A6E2E6D6606E5D80FA0A195E0D8A3F784BD86613
6688126006 54005 1414 06C64306764D8557BFBED4BF26AE767A0F683E28EEF98C81625A01CF413D41B4
6695294965 20292 60006 7C20F6CF1A09EEE4F40FE6F70B0F070213E4AE0B9599CF6348B0EAC781225457
6685146141 39391 32233 DDBBFE005DF48D030FD4AF041D8D24AA0D0AC2D9C274136170CD36271B2A1822
6696185280 9842 39784 7C20F6CF1A09EEE4F40FE6F70B0F070213E4AE0B9599CF6348B0EAC781225457
6693888375 60146 61753 7C20F6CF1A09EEE4F40FE6F70B0F070213E4AE0B9599CF6348B0EAC781225457
6685358174 57914 31499 7C20F6CF1A09EEE4F40FE6F70B0F070213E4AE0B9599CF6348B0EAC781225457
6688223031 24021 48636 009D3D834198EC6D4D926B6DDAC631EBE7BA62DD47D3942F8ACE71898EDA9663
6687273672 41123 46262 C5B0251654ABAEBDC837342BDE0AD99DEC1F5733A33E69A3AE638293AE630E56
6685737772 4408 63751 7C20F6CF1A09EEE4F40FE6F70B0F070213E4AE0B9599CF6348B0EAC781225457
6689331850 31925 19982 0553ABEF5B83F36C1CDD2713034178A09CF6F4ED9DB4DF7A81D4B12807E65181
6686388939 3807 57888 6EA9B6037A200845DBE9F020F386115548178DF165C93BC110BE72738AA5D7B9
6693579214 40323 17272 3C6229DD472100EB2C081F14F3F647F41BE35E1E4821AADFFD0B26ED000C1C42
6695070865 54187 8935 5005F2028D3AB323437C061895B211C12B62CBD294B02EC6E32F93342B53A1CC
6690839145 50269 39699 FEDAAFC29BCCD2A7EA408D2A1B01396F53783FAEFEA2A5461A87E00D27C6460E
6693158640 2277 15974 F186F8AAC4CA35EEB8CD9E0598547551BFE250D2C9FC8DF318852F7F8E832FEE
6693613723 14429 17259 6FC8FDB2A5B1731A3D2919D349C3A0439D5DA8D8C0A9EC98512708B23D3B8655
6685615241 35669 38546 7F47BC9AFBF2D455FFA5DCE92A4A63EF22BAEE39F00DCD844CD260B40144CCAD
6686913035 33129 18574 39CE82DC545C28E7D108635E0E25F22A1E7EAD838B6085D9C7A8F7337836FDDE
6692269158 27702 64966 7C20F6CF1A09EEE4F40FE6F70B0F070213E4AE0B9599CF6348B0EAC781225457
6695367507 12280 24283 7C20F6CF1A09EEE4F40FE6F70B0F070213E4AE0B9599CF6348B0EAC781225457
6685004375 55250 42847 7C20F6CF1A09EEE4F40FE6F70B0F070213E4AE0B9599CF6348B0EAC781225457
6686036249 23340 51460 7C20F6CF1A09EEE4F40FE6F70B0F070213E4AE0B9599CF6348B0EAC781225457
6686012101 38052 65182 7C20F6CF1A09EEE4F40FE6F70B0F070213E4AE0B9599CF6348B0EAC781225457
6694447791 12443 8387 9D81B05B00ED8BC7BDC42102357D53091AEAF87D447A8F3C323CBC8DD8352280
6686502977 10864 61256 7C20F6CF1A09EEE4F40FE6F70B0F070213E4AE0B9599CF6348B0EAC781225457
6692626882 58741 10570 01D36F902CE1BB0FD0D1FF615576DBEC8A138542DE89501604BCEEC3A83DAD61
6688930974 8707 38092 3404894723D2E0002CA29C0BC3611035C388B5F537A7ED9671FF57B67F82C460
6689646047 17627 23826 0D2F206724F069A653EA8BD8ACEF1AA6D8973FB3F28E20886FD396E73B242476
6685845454 59220 32390 7C20F6CF1A09EEE4F40FE6F70B0F070213E4AE0B9599CF6348B0EAC781225457
6693317694 42431 18473 6B304AC02F9DE44A37CB7818A15E0758A86CDA90950324AF4A1EC0882557836F
6693072807 30869 19230 2AFC06A53159E728E7119480C6A65727DB7C2180CFD7CE4F282D5FAB3846CB63
6690895280 21111 10213 2235DCCD175C4381D9A7D9BE1E44BBE7FF4BFF5715EE7DEBB44B0428B53CF424
6692222951 4901 30402 B09884B29228D55CD34944BAE8C1146546724814CD80A795188FC2BBCA75C171
6686870544 9419 13525 E5E279BBA1B59AAA8804F7ACFEEB969FE497F7D9008E12B5FC3D9A6380CC2FFA
6689188379 20708 23267 7C20F6CF1A09EEE4F40FE6F70B0F070213E4AE0B9599CF6348B0EAC781225457
6688913425 24961 56787 85B1066FFFCCDC9CEF5B8063B8E75D8527B852DE2C610E5BDFB676B650864A15
6693806996 7816 7466 7C20F6CF1A09EEE4F40FE6F70B0F070213E4AE0B9599CF6348B0EAC781225457
6690450079 16389 12647 8DDE14E85EE0FB788F48B5DC3C9BAB009A3748583DBAA32A04F653DFEDEC3BE8
6690076787 20305 40472 84638FE060D10F6D8647A0E0B864125FD0694C6F88921A6E8A97DCED74F8361F
6690831566 65414 46129 7C20F6CF1A09EEE4F40FE6F70B0F070213E4AE0B9599CF6348B0EAC781225457
6692201686 3255 63337 C4DB1B844ED9B322E2099882F909CC325D06C26443FE9AA32C7514984D015A3B
6691472720 31667 59629 3FA3BC1CD2DF7339B48C26E04C79A4528636FAA08D6F918BF0C4D59FE1158893
6693133593 18612 42019 7C20F6CF1A09EEE4F40FE6F70B0F070213E4AE0B9599CF6348B0EAC781225457
6688884655 36820 11694 7C20F6CF1A09EEE4F40FE6F70B0F070213E4AE0B9599CF6348B0EAC781225457
6689449830 60193 51003 80B3ADA743236B0A55335C1F45F210277DEF17C306E2EEAB709E94D0EFC56576
6691812482 49480 21046 7C20F6CF1A09EEE4F40FE6F70B0F070213E4AE0B9599CF6348B0EAC781225457
6694471863 3755 30019 91CA3F47A1C58FE63D4D3154DF5DBA84FF118A710ABD9710F42EA3CB940C3C14
6695124754 19766 23828 7C20F6CF1A09EEE4F40FE6F70B0F070213E4AE0B9599CF6348B0EAC781225457
6694192540 47031 16664 C702FA5982C52FFF6D72325E9A9D32EC9BD3B7DE79A5ACE8151D5515CA822FC5
6690379637 40509 65063 B58AC6118351247A1C0E289BEC6A94C3F942B95D951124603482471517398598
6688992533 47942 33098 7C20F6CF1A09EEE4F40FE6F70B0F070213E4AE0B9599CF6348B0EAC781225457
6694251510 25436 26762 7C20F6CF1A09EEE4F40FE6F70B0F070213E4AE0B9599CF6348B0EAC781225457
6694803004 55335 65131 D61699CA056998EEADA1B4376851A81E232E124B6A8DE0B5BC84FA85F25DBB5C
6694478774 11556 46077 7C20F6CF1A09EEE4F40FE6F70B0F070213E4AE0B9599CF6348B0EAC781225457
6692886110 59630 51887 7C20F6CF1A09EEE4F40FE6F70B0F070213E4AE0B9599CF6348B0EAC781225457
6689257674 29020 28779 7C20F6CF1A09EEE4F40FE6F70B0F070213E4AE0B9599CF6348B0EAC781225457
6692786660 25544 10869 7C20F6CF1A09EEE4F40FE6F70B0F070213E4AE0B9599CF6348B0EAC781225457
6688265037 34664 64598 7C20F6CF1A09EEE4F40FE6F70B0F070213E4AE0B9599CF6348B0EAC781225457
6692119360 55918 23286 7C20F6CF1A09EEE4F40FE6F70B0F070213E4AE0B9599CF6348B0EAC781225457
6692794436 26898 44783 7C20F6CF1A09EEE4F40FE6F70B0F070213E4AE0B9599CF6348B0EAC781225457
6695224632 20434 23314 7C20F6CF1A09EEE4F40FE6F70B0F070213E4AE0B9599CF6348B0EAC781225457
6689194567 21739 51757 26BD5766BE7D969A6858CD2A76F94CFD6531CD2467986FA8EC7CF398BEE06EBB
6686009337 31554 55461 7C20F6CF1A09EEE4F40FE6F70B0F070213E4AE0B9599CF6348B0EAC781225457
6688593025 62321 27740 E295C328E27B2E8CBD9F99690831EE666BD23382E82257A2EA6F6893F29669CF
6691796624 30584 33317 7C20F6CF1A09EEE4F40FE6F70B0F070213E4AE0B9599CF6348B0EAC781225457
6692605399 46135 46888 A630F6A3486478D7B4B9EDEFEB4D6AA6DEC900889BB08DB6F44B91AF90060397
6687404102 36307 3706 B036A0F60EF07E24B73A3F15B04EF369790913DDA5FD970240DA1F2B0914C8CA
6686980230 61268 18231 7C20F6CF1A09EEE4F40FE6F70B0F070213E4AE0B9599CF6348B0EAC781225457
6689189637 45912 20425 7C20F6CF1A09EEE4F40FE6F70B0F070213E4AE0B9599CF6348B0EAC781225457
6692513113 37396 30360 7C20F6CF1A09EEE4F40FE6F70B0F070213E4AE0B9599CF6348B0EAC781225457
6693553021 35643 32140 F61FE12ED2E8D5C1EA1E19CC9080F213E170A543FEFF571032E4FD36DC298FFA
6692834400 22031 36814 6CA7DC30F017C4FCD1359A4FB03DB3AEC49BDD8AE6218672457E2DA78FC852AB
6687711510 11972 40226 7C20F6CF1A09EEE4F40FE6F70B0F070213E4AE0B9599CF6348B0EAC781225457
6686128009 32716 26246 7C20F6CF1A09EEE4F40FE6F70B0F070213E4AE0B9599CF6348B0EAC781225457

Total of 0 tasks calculated error.
