Total of 100 tasks calculated correctly, accuracy 100.00% 
6718639697 53946 51728 7C20F6CF1A09EEE4F40FE6F70B0F070213E4AE0B9599CF6348B0EAC781225457
6719870313 2003 36935 493FE3614F8D68FD08692CBF724E82F9E88DD1BEAB851D45D5282AE394B84A2F
6718913800 35958 34032 7C20F6CF1A09EEE4F40FE6F70B0F070213E4AE0B9599CF6348B0EAC781225457
6719804777 20567 21745 D4B09B9953A9AC996A08AC5B85E9A00D7C273EB5E167073921CECD69C472FB0D
6710748772 11123 57572 37CAB769863C322BF766A8DAF7832F2BDB0C27BA05BF952435A7D11536E9682E
6711269403 17995 45292 C5A3D133009AAEB60607A8314DA24ECDEE1258D4D7767A24C5A204F4D835F743
6718930848 64720 34863 7C20F6CF1A09EEE4F40FE6F70B0F070213E4AE0B9599CF6348B0EAC781225457
6715844520 28153 31555 C1CD69691CAF30F5058C954391C1BAEBB3C9C998649BBF4419C7DA695125024F
6712961669 2502 15580 7C20F6CF1A09EEE4F40FE6F70B0F070213E4AE0B9599CF6348B0EAC781225457
6717510039 28609 13552 270FED70A2949FCF268F10579AE69DE0D68E32F8E0E50D4F3319B29F1402C194
6717803010 9112 40003 7C20F6CF1A09EEE4F40FE6F70B0F070213E4AE0B9599CF6348B0EAC781225457
6710036335 5021 65257 66BABBD2B1B1D88FAD33B434F8336C690B9948803550D91A1FDB31AB0FD4F3A3
6718350199 22400 46084 7C20F6CF1A09EEE4F40FE6F70B0F070213E4AE0B9599CF6348B0EAC781225457
6713790572 46295 53565 C7F076E60E7FE61445306467E39C661899A8948333A3BDC2FEDC52683DD64CC9
6718442669 33053 46246 CBABBEED5588233A9B0D1084C2A258862A4D1EEFB8E1C364FE0CFA5E94B0ADCB
6713383932 36698 28826 7C20F6CF1A09EEE4F40FE6F70B0F070213E4AE0B9599CF6348B0EAC781225457
6719152508 35971 55330 CB3C77A5DDC4BB95882EEF2F94CA88D04639B9629AE6611D18B1F50114CD96D3
6717019647 30595 63956 64C2F49C087FF79DC27BECB95D62C56D5A84F82191C72BB9B299B582F4601075
6711816401 46672 2788 7C20F6CF1A09EEE4F40FE6F70B0F070213E4AE0B9599CF6348B0EAC781225457
6709403587 56657 62945 9D2DF72A3C7FEE6649B7CFC91B367386B8A02B98BA3C0FC8D2F769311C584E4E
6718857789 28246 49946 7C20F6CF1A09EEE4F40FE6F70B0F070213E4AE0B9599CF6348B0EAC781225457
6718999301 27469 57497 708F8718B511B59FE755F3809C7ACB2E5E274F81795BE6A482887666E4E63817
6713921935 7560 41126 7C20F6CF1A09EEE4F40FE6F70B0F070213E4AE0B9599CF6348B0EAC781225457
6711826636 28241 46661 A3E2DB7AE1B8E1AA45DE9AF7097E5D780C3F5A2D9127ABBA413F9F1108911B3A
6712224730 56992 11732 7C20F6CF1A09EEE4F40FE6F70B0F070213E4AE0B9599CF6348B0EAC781225457
6713971884 27320 35102 7C20F6CF1A09EEE4F40FE6F70B0F070213E4AE0B9599CF6348B0EAC781225457
6714588984 34021 56276 18CF4B319FF095398D9AA13E256B2A13A4579178CBB761C229F7A46DE9039FD9
6718452490 1396 35816 7C20F6CF1A09EEE4F40FE6F70B0F070213E4AE0B9599CF6348B0EAC781225457
6718181699 28074 42009 7C20F6CF1A09EEE4F40FE6F70B0F070213E4AE0B9599CF6348B0EAC781225457
6711325562 8254 11769 7C20F6CF1A09EEE4F40FE6F70B0F070213E4AE0B9599CF6348B0EAC781225457
6718575029 6725 6576 21821559021FC3ABDCD032F72622A46BEE25ABCA15A7E819A3DF52AF1C2C1218
6708890798 41284 56443 7C20F6CF1A09EEE4F40FE6F70B0F070213E4AE0B9599CF6348B0EAC781225457
6714588042 31248 41920 7C20F6CF1A09EEE4F40FE6F70B0F070213E4AE0B9599CF6348B0EAC781225457
6715552845 32997 2677 038D1A39885B2E70CC0143B069F8A875FA0153AF720D4196F91FF99731C02369
6711031923 745 6833 3B73CCE4739D24B7BF27A5EF8B21C5568597AF4C14D241FAA1BB82CE2760D3DA
6718135571 27499 56829 C99FDFA04EECFC885EBD589C4CFBD5F65794F77890527DE924B29A7D74BB9251
6717562168 258 61051 7C20F6CF1A09EEE4F40FE6F70B0F070213E4AE0B9599CF6348B0EAC781225457
6710391257 13317 21653 B4C27F5B4E7AFC2683435EDFFB35296BC1F90C6E3E3D9150269ECD0B6B4A2BC8
6715051195 24162 37001 7C20F6CF1A09EEE4F40FE6F70B0F070213E4AE0B9599CF6348B0EAC781225457
6714710859 5829 48915 49AAABF069B5CD74A328DFB64D3FF867AD41BDF02B270AE5F2C9331C49E3E3B0
6711985889 18382 6448 7C20F6CF1A09EEE4F40FE6F70B0F070213E4AE0B9599CF6348B0EAC781225457
6710777428 56469 45871 D0C4F22154F9E36DF6CBFDFBDE438C63F84997A27BE185A4639497911EB7DCE0
6710037044 22776 58709 7C20F6CF1A09EEE4F40FE6F70B0F070213E4AE0B9599CF6348B0EAC781225457
6715826482 32398 61313 7C20F6CF1A09EEE4F40FE6F70B0F070213E4AE0B9599CF6348B0EAC781225457
6714158759 23418 52358 7C20F6CF1A09EEE4F40FE6F70B0F070213E4AE0B9599CF6348B0EAC781225457
6713238033 65425 64951 1C876751193A48D89C9B9F9773A7F4032457C6CF05B8BFDA0F31C6BC4331B6D6
6710854496 40272 33532 7C20F6CF1A09EEE4F40FE6F70B0F070213E4AE0B9599CF6348B0EAC781225457
6716734923 27255 34443 CEC0C2D9E17292C71908FB5EEE2E08D26936DE2594629B265FE7A0D1FC83BD2A
6717615621 42869 6349 86AAB2111433B554123C37FFFF166C5238254A6C90986FC912EA10A40402FBDD
6716146016 7710 65514 7C20F6CF1A09EEE4F40FE6F70B0F070213E4AE0B9599CF6348B0EAC781225457
6709354661 37950 14126 7C20F6CF1A09EEE4F40FE6F70B0F070213E4AE0B9599CF6348B0EAC781225457
6715571416 1350 29528 7C20F6CF1A09EEE4F40FE6F70B0F070213E4AE0B9599CF6348B0EAC781225457
6708871329 19195 24301 23B68486004826F98B6586A15344D3AE04D22D776B9734902CE84A9C6C56D3CB
6717858831 42440 56410 7C20F6CF1A09EEE4F40FE6F70B0F070213E4AE0B9599CF6348B0EAC781225457
6712759935 56390 3357 7C20F6CF1A09EEE4F40FE6F70B0F070213E4AE0B9599CF6348B0EAC781225457
6709297511 14682 43312 7C20F6CF1A09EEE4F40FE6F70B0F070213E4AE0B9599CF6348B0EAC781225457
6713190882 53801 27192 FD61D88FD8E6909F89B0C61617AFE19A304C4766A8CB253EED751305C4C960B9
6715152977 52662 64772 7C20F6CF1A09EEE4F40FE6F70B0F070213E4AE0B9599CF6348B0EAC781225457
6709412498 34111 33649 616C811A783F51041FC8C1C07701ABD0AD9E95B369DFBDE15E2A60133414B3E8
6711042577 58258 2531 7C20F6CF1A09EEE4F40FE6F70B0F070213E4AE0B9599CF6348B0EAC781225457
6715164093 25330 51068 7C20F6CF1A09EEE4F40FE6F70B0F070213E4AE0B9599CF6348B0EAC781225457
6714551913 25548 11523 7C20F6CF1A09EEE4F40FE6F70B0F070213E4AE0B9599CF6348B0EAC781225457
6715036991 3583 53006 69392517D7AF5B5EB3A996D6B67BDCFD887E786B2AB953B428B7785C7CFB96BF
6719615938 35492 63236 7C20F6CF1A09EEE4F40FE6F70B0F070213E4AE0B9599CF6348B0EAC781225457
6716886385 47480 15025 7C20F6CF1A09EEE4F40FE6F70B0F070213E4AE0B9599CF6348B0EAC781225457
6710315250 65099 16340 31684726CC8CD6C43815EBA881F18D74C5EF1E89630E2501296AE211C8B04D07
6708979725 16429 11968 3C0D2449B437FA931F88F17B1036FF693535C50DAB4D24311CBF6D4A88319257
6714449367 53710 34340 7C20F6CF1A09EEE4F40FE6F70B0F070213E4AE0B9599CF6348B0EAC781225457
6715937155 52368 37473 7C20F6CF1A09EEE4F40FE6F70B0F070213E4AE0B9599CF6348B0EAC781225457
6718387034 43806 27807 7C20F6CF1A09EEE4F40FE6F70B0F070213E4AE0B9599CF6348B0EAC781225457
6710729347 22880 59033 7C20F6CF1A09EEE4F40FE6F70B0F070213E4AE0B9599CF6348B0EAC781225457
6710310720 11664 62671 7C20F6CF1A09EEE4F40FE6F70B0F070213E4AE0B9599CF6348B0EAC781225457
6715858570 26746 56716 7C20F6CF1A09EEE4F40FE6F70B0F070213E4AE0B9599CF6348B0EAC781225457
6713471041 1046 12739 7C20F6CF1A09EEE4F40FE6F70B0F070213E4AE0B9599CF6348B0EAC781225457
6714176304 27159 30217 F34F5B2F3B7E6C7213FE8A986E72BE89CF813D3ABEAE72B970DBC09C49006EBF
6715800692 30119 32861 B4DC6782E83450A91BA91E1EFAA99A5307C4ED26861318ADCBC2D5A58F5B09E9
6711288559 30112 36127 7C20F6CF1A09EEE4F40FE6F70B0F070213E4AE0B9599CF6348B0EAC781225457
6708705893 25020 10286 7C20F6CF1A09EEE4F40FE6F70B0F070213E4AE0B9599CF6348B0EAC781225457
6714169905 51798 33604 7C20F6CF1A09EEE4F40FE6F70B0F070213E4AE0B9599CF6348B0EAC781225457
6710228734 40198 14795 7C20F6CF1A09EEE4F40FE6F70B0F070213E4AE0B9599CF6348B0EAC781225457
6711424318 19353 8093 C04A33C5435F8210CC68331CAEE8EFCC94C50BA090F5D9FCC08C2D548BAB79C3
6710097628 51250 16692 7C20F6CF1A09EEE4F40FE6F70B0F070213E4AE0B9599CF6348B0EAC781225457
6711814638 3539 63050 65C950C66C284F0F3472FDF746239A5FB869596451D7F040D2CA18236390F85A
6720161521 36703 34216 658C9B117561C7D972B95303C7A747B500B13E5DB36B47CC0AD90ED5AB1DD16C
6715719825 3420 20142 7C20F6CF1A09EEE4F40FE6F70B0F070213E4AE0B9599CF6348B0EAC781225457
6720068372 7895 6430 518F7F00885B0E4AC3295F5676B0189B6413F159D3613AE2944828EEDEDEE36F
6714594188 28284 1337 7C20F6CF1A09EEE4F40FE6F70B0F070213E4AE0B9599CF6348B0EAC781225457
6712569901 37608 52602 7C20F6CF1A09EEE4F40FE6F70B0F070213E4AE0B9599CF6348B0EAC781225457
6710886736 11912 26545 7C20F6CF1A09EEE4F40FE6F70B0F070213E4AE0B9599CF6348B0EAC781225457
6710107038 60592 31251 7C20F6CF1A09EEE4F40FE6F70B0F070213E4AE0B9599CF6348B0EAC781225457
6709701158 8809 15451 2269B24ED3C479F994BDD91E26E059EB9E33442707840408D6330A64A52B62A4
6711445816 11364 23133 7C20F6CF1A09EEE4F40FE6F70B0F070213E4AE0B9599CF6348B0EAC781225457
6709959222 3439 14285 42B862AFA24085AB719528757822F0B5C20494DF7317589249D1A6496B979795
6716323867 33635 16889 B339223093DC1FAD68FD0298B437F2AE0FBF7D571155A7CD87FAA5D97FBF5624
6716271565 39222 7776 7C20F6CF1A09EEE4F40FE6F70B0F070213E4AE0B9599CF6348B0EAC781225457
6715617929 54727 60768 E5500C02A81D3CC84ACE067BF36AED5FCE1AFD0B2100486DD17CBDFE00CC6951
6714291207 24003 2889 3EA4D5DF6DB1AA14EEFD24EB057CCDE779A3D3F470BF5A2C2C50339D0B3BB8AD
6719372559 42346 3143 7C20F6CF1A09EEE4F40FE6F70B0F070213E4AE0B9599CF6348B0EAC781225457
6712113492 40820 60385 7C20F6CF1A09EEE4F40FE6F70B0F070213E4AE0B9599CF6348B0EAC781225457
6719275256 12038 30757 7C20F6CF1A09EEE4F40FE6F70B0F070213E4AE0B9599CF6348B0EAC781225457

Total of 0 tasks calculated error.
