Total of 100 tasks calculated correctly, accuracy 100.00% 
6763007265 2244 32685 7C20F6CF1A09EEE4F40FE6F70B0F070213E4AE0B9599CF6348B0EAC781225457
6758832096 10330 65316 7C20F6CF1A09EEE4F40FE6F70B0F070213E4AE0B9599CF6348B0EAC781225457
6760520437 46584 15089 7C20F6CF1A09EEE4F40FE6F70B0F070213E4AE0B9599CF6348B0EAC781225457
6762901457 11371 45289 A056620D2EAAFCCA2CF14302978C9BA875D11DEC103D761ABB7971B068F26863
6761113586 18349 11012 5200DF6C07CDC8E7CCEE60318F7D5D3A023AF8E1F49798D2FCF0A217EA45EBC7
6766559883 6294 6938 7C20F6CF1A09EEE4F40FE6F70B0F070213E4AE0B9599CF6348B0EAC781225457
6768292819 18872 34111 7C20F6CF1A09EEE4F40FE6F70B0F070213E4AE0B9599CF6348B0EAC781225457
6762587675 14601 1509 65EC2EA103620612564F4DA2B1DAB6BFE87CEB921DCD339A2AB93787C0A2DC0F
6759047526 44352 39057 7C20F6CF1A09EEE4F40FE6F70B0F070213E4AE0B9599CF6348B0EAC781225457
6763744679 5726 12183 7C20F6CF1A09EEE4F40FE6F70B0F070213E4AE0B9599CF6348B0EAC781225457
6759052913 34642 2904 7C20F6CF1A09EEE4F40FE6F70B0F070213E4AE0B9599CF6348B0EAC781225457
6764652635 41219 24860 20BA1035526E926371FCBBC58DAE515FB598A30A26349E0903CDD20C26FB8A58
6760324993 10674 25869 7C20F6CF1A09EEE4F40FE6F70B0F070213E4AE0B9599CF6348B0EAC781225457
6762877273 55385 35742 46C3B502FCD3F1955317440D35515265D37070B1168977F964EA1A6029C34B82
6767835890 24884 25053 7C20F6CF1A09EEE4F40FE6F70B0F070213E4AE0B9599CF6348B0EAC781225457
6765618390 27762 32686 7C20F6CF1A09EEE4F40FE6F70B0F070213E4AE0B9599CF6348B0EAC781225457
6762001858 33474 3292 7C20F6CF1A09EEE4F40FE6F70B0F070213E4AE0B9599CF6348B0EAC781225457
6764550839 61977 7562 F7E39C72D134C1001D501A5DF1F95126318770429D15C497A428E89154A37ABA
6760184408 58349 38534 3DA07F050C4D8D16F6B0ADB5A5F3F523A1F9FD853AE2864F4B0DD25B3AF9935D
6764493694 19591 44937 9DAF8E7A8B7592747E15BB919A058F1EE6175FAA1B96C06B91C8D7D9D0A2C759
6759401133 60859 23295 11862C202D4A5BBA3374B3C50D403D57A9C795B75B3DD7EF8ACA089BCD390B82
6763148434 55414 60763 7C20F6CF1A09EEE4F40FE6F70B0F070213E4AE0B9599CF6348B0EAC781225457
6757206570 30310 1758 7C20F6CF1A09EEE4F40FE6F70B0F070213E4AE0B9599CF6348B0EAC781225457
6766220942 55873 43648 F057DBA53E30879A470534C7B2D37731EBC19463DD20E57C723FCD489500B554
6763387853 22544 63652 7C20F6CF1A09EEE4F40FE6F70B0F070213E4AE0B9599CF6348B0EAC781225457
6760655347 53141 27777 674514D5D642B01AD10A18AA798343AAA2636C38AE4AA2A80BE480AF5192CACF
6765389316 64707 13241 4CACFC54F6AF913614140406EB42B127654C39F3A5816D97D6DF91E023C0D554
6764742977 27279 44431 98AA45472A73E9AEB2914E6C6C533E0AB09E41357DBACE8BDDE3F7FCFC0695CC
6766984131 39190 60608 7C20F6CF1A09EEE4F40FE6F70B0F070213E4AE0B9599CF6348B0EAC781225457
6761183426 46049 58079 EA1FBABD9B8BC29B5A6A8A410240DF82EECBFA45010C9ACF23A454A441A9B74F
6759869138 17684 35241 7C20F6CF1A09EEE4F40FE6F70B0F070213E4AE0B9599CF6348B0EAC781225457
6766881631 33783 15120 B399FEE9A62F2DA1DCF7F8DEE246760E4E98015BCCF40A9CA67D1CAC407F8667
6762619072 41946 16003 7C20F6CF1A09EEE4F40FE6F70B0F070213E4AE0B9599CF6348B0EAC781225457
6760639981 64788 17249 7C20F6CF1A09EEE4F40FE6F70B0F070213E4AE0B9599CF6348B0EAC781225457
6758111516 50059 13798 46C75E45764C0D0C472191349B296A3F1EDD4C8C544DC52528C8229F9E8D91F7
6767014209 6294 53380 7C20F6CF1A09EEE4F40FE6F70B0F070213E4AE0B9599CF6348B0EAC781225457
6759423064 38334 4126 7C20F6CF1A09EEE4F40FE6F70B0F070213E4AE0B9599CF6348B0EAC781225457
6758817356 36399 52567 CEABE8360B4A1A1C774D4C7679B855AE2AC5A102C0B4FB63A41C76DE140F9833
6766146696 51276 5788 7C20F6CF1A09EEE4F40FE6F70B0F070213E4AE0B9599CF6348B0EAC781225457
6762369269 19508 51702 7C20F6CF1A09EEE4F40FE6F70B0F070213E4AE0B9599CF6348B0EAC781225457
6766804220 62151 8541 55403024C5B311E567B84854818C5C33D0009363B29D7A594A62220A2AD8722B
6759348559 54624 49971 7C20F6CF1A09EEE4F40FE6F70B0F070213E4AE0B9599CF6348B0EAC781225457
6761602307 23251 44178 EF20FD0376D757A4A2512F07C1F674D941FFB6D1BE281CF23CA272479367DEAD
6764519011 18044 52593 7C20F6CF1A09EEE4F40FE6F70B0F070213E4AE0B9599CF6348B0EAC781225457
6763595700 53698 14078 7C20F6CF1A09EEE4F40FE6F70B0F070213E4AE0B9599CF6348B0EAC781225457
6757570001 24100 50308 7C20F6CF1A09EEE4F40FE6F70B0F070213E4AE0B9599CF6348B0EAC781225457
6759557633 22004 58636 7C20F6CF1A09EEE4F40FE6F70B0F070213E4AE0B9599CF6348B0EAC781225457
6762718839 47345 9479 29ED262E487325D0ACB24771EFE7D7D77DB217915ED58D2B774865772831D28F
6762872422 3150 51010 7C20F6CF1A09EEE4F40FE6F70B0F070213E4AE0B9599CF6348B0EAC781225457
6764366936 52001 41902 343B94CEE862EAC530B42BBCB6FC843FC111D139D14999D77DFD7E663745C228
6757356003 45814 16152 7C20F6CF1A09EEE4F40FE6F70B0F070213E4AE0B9599CF6348B0EAC781225457
6761012169 39538 64105 7C20F6CF1A09EEE4F40FE6F70B0F070213E4AE0B9599CF6348B0EAC781225457
6764593143 14049 25666 E29723F02F9E7E97CB2093AB298DA1C3750222E9B632756F00D10A079FA497A6
6763050666 9485 2032 1FD12E27552D338C762B954E85063E4CED5AF37579AA64C44906C3CC4EDFB50A
6760365481 56980 16024 7C20F6CF1A09EEE4F40FE6F70B0F070213E4AE0B9599CF6348B0EAC781225457
6766781763 23734 32938 7C20F6CF1A09EEE4F40FE6F70B0F070213E4AE0B9599CF6348B0EAC781225457
6761858776 57515 39472 B4C8F7811CA3A7510F2FDAD2DFAE7896A91A977EDC62DAB796F3142E43907D26
6763360617 19977 40229 F957A209552795B1EFE7ABF2024C52D6D0BCAC300FB654C0CE0244075F278CF3
6756975603 6842 39092 7C20F6CF1A09EEE4F40FE6F70B0F070213E4AE0B9599CF6348B0EAC781225457
6756585704 37073 26117 6775FF88225582B7378DBF546F385563723C087054E52EF9F543A269D5957646
6757045430 27297 36393 25ECB1075F87408DD02264184CA858C8885E128FC2DF382B5FCEE5F02D962078
6764676082 46447 7070 C956E4E8B52F5E33B7AFDEE2714DA540ADE4FC1D3D92F090543062AF1C4D8E89
6756731611 45152 36110 7C20F6CF1A09EEE4F40FE6F70B0F070213E4AE0B9599CF6348B0EAC781225457
6759618396 13137 8128 0B01055EF18F1F0BC5FED21040A10AB7D2FF52FB8722BB427E3B2D6D24582BE5
6757077238 51749 63260 CD89E408A69B15C497A222585EB52EA0BDEA6FFF42771958419ED2B185F19A14
6762605549 23683 19365 FAA88F18CA62E07A745CA4F0ED2AB6DD5150AFAFAEE4E240980A247A29DD9D34
6759923707 11268 9641 7C20F6CF1A09EEE4F40FE6F70B0F070213E4AE0B9599CF6348B0EAC781225457
6756971389 49439 32139 5A31C9167B3530224B8A43B70ACD44F6278DB3CD8DC4073FAE0B7AB9CC224E75
6758086395 6658 60982 7C20F6CF1A09EEE4F40FE6F70B0F070213E4AE0B9599CF6348B0EAC781225457
6761424967 45832 42948 7C20F6CF1A09EEE4F40FE6F70B0F070213E4AE0B9599CF6348B0EAC781225457
6767019180 18923 30346 E308645F72337B417CF603683DD79C6AD8DFDE02715542B77FD77E7A6C6984CD
6767861782 18719 43091 E59782E7DC8A242621D6B5513A3FB67D33F83E62C3567B90B24C52C72EB0E59D
6758858582 42063 64639 558107FBF872E9ADDBA2F3AB00257D690B6B353BF8F44C27BD07871E3F8143DD
6763612536 49494 11988 7C20F6CF1A09EEE4F40FE6F70B0F070213E4AE0B9599CF6348B0EAC781225457
6762622601 29945 37663 BF2F2604F478A45C5E298904228ABBC85B9761254B843B7903E77A57573DF5BA
6760824786 63610 61578 7C20F6CF1A09EEE4F40FE6F70B0F070213E4AE0B9599CF6348B0EAC781225457
6761462897 26139 54762 19ED6208C1A4AE8D3C02A443298D6C97461E29CA60EF938E6E1BF398456C761E
6757330503 59156 34518 7C20F6CF1A09EEE4F40FE6F70B0F070213E4AE0B9599CF6348B0EAC781225457
6767125719 62885 32176 E6709BB4E64D20870B93CFDC5EA64B03F5DD72E4586BD7A1BB23B4D4DECFA4B9
6762250169 62879 8342 83024C90504063236F2DBF25F601F4BFFFFAD331060EEE956D306ADC3E6987F9
6767127435 47827 5772 EB1CA9FA16C0779C6E284883CDDF4933DB4ED3B38A5F85203FD967B537D6AE41
6763118523 24863 12639 B1E2A26C1140186AD7619EC329EA95120FA4B4DF5A53004888F67FDE945CF1C0
6766722794 37324 27464 7C20F6CF1A09EEE4F40FE6F70B0F070213E4AE0B9599CF6348B0EAC781225457
6760694027 28387 34858 5761AC2A0A9A4176DB6355BDB68AECFA40F3E399125A7FBDA29E25DC136E2BC4
6760875323 8145 17002 94EBC52155249D510F8E41110AC146984EC5D2BE0D67E4240BDABAF9BCBFC058
6759115016 55722 9529 7C20F6CF1A09EEE4F40FE6F70B0F070213E4AE0B9599CF6348B0EAC781225457
6760678524 34736 43112 7C20F6CF1A09EEE4F40FE6F70B0F070213E4AE0B9599CF6348B0EAC781225457
6767518062 52183 8770 CE0E1DAE7C7B2E18290070891FD08E42A9E3F879B6946A78C2D37664A9AC0012
6764414276 45038 54900 7C20F6CF1A09EEE4F40FE6F70B0F070213E4AE0B9599CF6348B0EAC781225457
6757050612 60256 13454 7C20F6CF1A09EEE4F40FE6F70B0F070213E4AE0B9599CF6348B0EAC781225457
6760355311 32881 27467 AA9A2F8F25A216808C90DD4E59FA6EBAA163AC4866D11F0ECDCDE3E7F49909E0
6760117096 11876 63111 7C20F6CF1A09EEE4F40FE6F70B0F070213E4AE0B9599CF6348B0EAC781225457
6760634720 16982 60840 7C20F6CF1A09EEE4F40FE6F70B0F070213E4AE0B9599CF6348B0EAC781225457
6767501627 2815 5260 F4D566550F397B1BD1BC78C7C6956EC5DAAFD1FD0A66D33F48D0236A6CCC61BF
6762522038 54518 7392 7C20F6CF1A09EEE4F40FE6F70B0F070213E4AE0B9599CF6348B0EAC781225457
6761263224 7598 12235 7C20F6CF1A09EEE4F40FE6F70B0F070213E4AE0B9599CF6348B0EAC781225457
6764876255 22195 56330 5146CF9513541BE695C75F53B714E4EF5AE5549BFE1418023992172F65957D10
6761599334 46230 55560 7C20F6CF1A09EEE4F40FE6F70B0F070213E4AE0B9599CF6348B0EAC781225457
6767407371 37633 44672 03E1F4DAD1B719EFF2AE5B910532E3652A43BDCF5B566694392318A9256C8908
6761620248 9699 29765 655FD3C6AFA13DA9033DEDDA7ADB893CFEADD6A278955330023A0736E3C978EF

Total of 0 tasks calculated error.
