Total of 100 tasks calculated correctly, accuracy 100.00% 
6812559713 22408 14435 7C20F6CF1A09EEE4F40FE6F70B0F070213E4AE0B9599CF6348B0EAC781225457
6807809989 20035 58044 802489987E45334DAE3D387E0F5ABFA7DCA4DFE901CB0D78B5DC8F526BC32C51
6809946561 40281 6563 F5B132043EE5D21BB4859885A5F2052618BF15F74BC49F31644C2E8BD78FE810
6811790582 19239 1804 FBB91C386C3584F16EBD681622FD66591A3F9C41EA6DE26CD7003A7B9CE24543
6812707908 43503 3383 2298D97E4406BB7F75EE16D829E4BF05CBC22BE1DCC59EB74CDA677D7DB5E254
6813953576 25408 25920 7C20F6CF1A09EEE4F40FE6F70B0F070213E4AE0B9599CF6348B0EAC781225457
6806620724 9524 39103 7C20F6CF1A09EEE4F40FE6F70B0F070213E4AE0B9599CF6348B0EAC781225457
6811617244 42717 64452 F75D131E35BE8B7221C7474F7DC7DE321B9224F4E2C3DE8CC16550831DD190A0
6808570757 30207 18652 7B8E0139B58BD70CE98E53984DCDF48D43B697DEBB04A835692782776800706A
6806480825 59079 52835 D58B11D85ACC357E4117FB8BCA3F22A105ECE5BA0B357B295972F02928236F49
6814491037 33252 27332 7C20F6CF1A09EEE4F40FE6F70B0F070213E4AE0B9599CF6348B0EAC781225457
6806142047 45912 42171 7C20F6CF1A09EEE4F40FE6F70B0F070213E4AE0B9599CF6348B0EAC781225457
6814567225 44493 8968 BFDC986AF52AC9412E0BE652B4930741C0BA59173BEAD7CE61CBA5FEAC49310E
6807463914 41064 46063 7C20F6CF1A09EEE4F40FE6F70B0F070213E4AE0B9599CF6348B0EAC781225457
6810464267 44415 12791 7954318CF82A51473734EAE062F1416E4308ACE16B0EF718A015A21359D29B45
6810580254 9914 2241 7C20F6CF1A09EEE4F40FE6F70B0F070213E4AE0B9599CF6348B0EAC781225457
6810826315 37431 40107 697838787ADFBFA452E5B9DB60977879FFE466EB1B0E69258DB1EFAAFA97595E
6812276274 46337 41432 464FA9E59593A187FD5F9F4FDD0CBA37635F9F09C2068E99FC578B8632C69568
6808506832 25692 19933 7C20F6CF1A09EEE4F40FE6F70B0F070213E4AE0B9599CF6348B0EAC781225457
6809510133 58858 3200 7C20F6CF1A09EEE4F40FE6F70B0F070213E4AE0B9599CF6348B0EAC781225457
6810516303 35034 22143 7C20F6CF1A09EEE4F40FE6F70B0F070213E4AE0B9599CF6348B0EAC781225457
6808979723 40471 43947 790B5AE9CD4B718AD594E793873AAF7A8F540029CADFEF66B53290E3629524C5
6814032598 8980 5195 7C20F6CF1A09EEE4F40FE6F70B0F070213E4AE0B9599CF6348B0EAC781225457
6813012247 52962 7022 7C20F6CF1A09EEE4F40FE6F70B0F070213E4AE0B9599CF6348B0EAC781225457
6811788771 54518 31087 7C20F6CF1A09EEE4F40FE6F70B0F070213E4AE0B9599CF6348B0EAC781225457
6812012460 23195 36353 0412FFA4F8F7EFA3DA6FB731C25379DCBE2A5EFC9AAFA38EECF3F5990A605907
6813695712 5695 53129 8C4792FA55951D5D39E5C4077660498BA68D1E6E39A9D3485BBEEF8C25883611
6805455481 9980 8582 7C20F6CF1A09EEE4F40FE6F70B0F070213E4AE0B9599CF6348B0EAC781225457
6811845417 21134 7476 7C20F6CF1A09EEE4F40FE6F70B0F070213E4AE0B9599CF6348B0EAC781225457
6813058679 23969 29223 45538770D61BBBFC20C96A9E671743E2E01831C154B70ECC3BAF931236E77C4E
6811498844 59409 7430 6FA81951B51F1936651A0AEFE7699CEA54841435471D4FF34C8774F9AB0A317E
6809467504 52118 65451 7C20F6CF1A09EEE4F40FE6F70B0F070213E4AE0B9599CF6348B0EAC781225457
6807712731 13087 21591 6C5352E4C5372524C559DEE688AC59E3A6C0CD6F71805251EF4ACC6AB5F1BC52
6808038862 45531 14878 2CDFC220C98B3E41CFFD68F80323AA0936C2F318FD2EF9C7ACAF5ADFA9BAB528
6813344168 19792 30478 7C20F6CF1A09EEE4F40FE6F70B0F070213E4AE0B9599CF6348B0EAC781225457
6806733207 13757 8572 73F75F34CBA3AC3DD9404D1203696364961271344D6021B5F67F1B6C3C9A02EB
6806327437 50480 42630 7C20F6CF1A09EEE4F40FE6F70B0F070213E4AE0B9599CF6348B0EAC781225457
6813253375 47411 9060 35420C914C0D285C1061196A057264BDBEC8AFEC75D4713AD0DB3150785B8B41
6815821448 18046 45351 7C20F6CF1A09EEE4F40FE6F70B0F070213E4AE0B9599CF6348B0EAC781225457
6804971664 33642 7230 7C20F6CF1A09EEE4F40FE6F70B0F070213E4AE0B9599CF6348B0EAC781225457
6807989269 16712 47084 7C20F6CF1A09EEE4F40FE6F70B0F070213E4AE0B9599CF6348B0EAC781225457
6813728611 64463 4544 49A673DD9EEF4B499292AF453DCD7860BCCC171C2379E5D5E52E0A482A622E3B
6805235460 1178 54811 7C20F6CF1A09EEE4F40FE6F70B0F070213E4AE0B9599CF6348B0EAC781225457
6814478981 25652 32352 7C20F6CF1A09EEE4F40FE6F70B0F070213E4AE0B9599CF6348B0EAC781225457
6813030591 43390 42159 7C20F6CF1A09EEE4F40FE6F70B0F070213E4AE0B9599CF6348B0EAC781225457
6809125512 11317 13585 335DE15FB6F5981DCE6C304DC844D36F5227313A322F9ED06908F27D4E2EDFB6
6806296483 48718 13307 7C20F6CF1A09EEE4F40FE6F70B0F070213E4AE0B9599CF6348B0EAC781225457
6811684494 10443 26651 3E1C6705E62F38407C7B4162E5CD2D80E58EF42B100AA6D43FB8CB4ED2AEF113
6810147749 43904 46754 7C20F6CF1A09EEE4F40FE6F70B0F070213E4AE0B9599CF6348B0EAC781225457
6814988598 8535 40326 3D1287B1E6C6E3D6EA6B49F0755FF961842962AE83A9CD6AC1E4A493178717BA
6812651374 22007 20336 912F8B9F1E4B8D1AB0A8FB7975ECCECAF4A14EE388FB7976AE2AF0C9258351C7
6806372975 6873 15004 4134E1AA721DD4C1F71384E4B49E87F15A33F46874A968644B271EC748EA5ED2
6816128598 21039 2608 DD98305F6FF8A077BE06DEB87D5011AC530BC255038E6C96D0FC15A65BFF946E
6812682819 26105 61953 155474D922FA31692326B4F2E763151B12E01D304781D45BC0166E7B9055807E
6810628297 24144 23563 7C20F6CF1A09EEE4F40FE6F70B0F070213E4AE0B9599CF6348B0EAC781225457
6816280302 48669 38931 AD26BB93B626DE2B57F72453597B9D90D14DD617627FCA9F4BC244B96FD0749A
6806124309 14911 17132 C2739650662B7ED73CFC5812E3C087C7BAB2B4045C78604C500ADA9324E3893D
6815048230 40004 24283 7C20F6CF1A09EEE4F40FE6F70B0F070213E4AE0B9599CF6348B0EAC781225457
6808258209 39404 3585 7C20F6CF1A09EEE4F40FE6F70B0F070213E4AE0B9599CF6348B0EAC781225457
6811537682 23096 64665 7C20F6CF1A09EEE4F40FE6F70B0F070213E4AE0B9599CF6348B0EAC781225457
6807139401 56681 18958 3E92B70DD0AB8FE74EA07155E3EF66382D601CFE6FD9308C1F4E52A174D1249A
6809014189 36437 33500 4C1A762BDDBC2F36C83972AE4E8C8539354415628DFBADA73744855650C86BEA
6813486794 7706 2451 7C20F6CF1A09EEE4F40FE6F70B0F070213E4AE0B9599CF6348B0EAC781225457
6811295250 24199 8299 C936E75AF88089344DBCCFE4F77B70FA3A4F95D6A97F724A28DFA2747B7A7056
6808774945 41764 36893 7C20F6CF1A09EEE4F40FE6F70B0F070213E4AE0B9599CF6348B0EAC781225457
6811866070 36439 15926 43CC6614E3CD57A26443C71DE27D34079CEE63F2A951C8AAB8162D1A8FF5BA86
6808712562 5289 32124 2E92B563BAD0E5D32EA0B35CA050A364AE6F4290B8B7E74B5195F7E8ACA816F3
6815431598 27376 54919 7C20F6CF1A09EEE4F40FE6F70B0F070213E4AE0B9599CF6348B0EAC781225457
6813236767 19603 53044 8BAAE5542D60B97404ECE9992FE53CEEB61351E952E36E73E919F03FB29565A1
6814405498 54771 29371 8829AA88DEC5614CBFCC25CB36DB72707FEDCFF2EF2AA6CA14F9F604DED9456B
6814938963 5203 50081 0D5C1D6434643F09F027899806987B60578C26A166A748B89D518FA124BF50FE
6812738027 36243 21144 5C8E4D5B27E6BACACC477357307C0637ADF50E4D5BA77A0A4F5EFA3E3CC05016
6812727499 41849 25730 57E435E5F04F53FB46099FB4D889C6422CDEAB3109D03CE6F7C19CFCEC506754
6807034509 4948 16192 7C20F6CF1A09EEE4F40FE6F70B0F070213E4AE0B9599CF6348B0EAC781225457
6807360397 42703 4760 C39431BB17AF6EA1DAF07128DF462457C7A2C9CFB80FFBCFBB986D0BFB4D6D32
6815738946 56036 17817 7C20F6CF1A09EEE4F40FE6F70B0F070213E4AE0B9599CF6348B0EAC781225457
6809467985 1271 10995 BA5C009DFD80F9F8E7A28B2349A2BDA167D8BE0B4E255B0453EE723740A7330F
6804948568 7157 27708 13B9CABE78D3AD1C27A18913AFEE18CAF4DEA14DDE5E62A4F2D2891B8EE884D2
6807902880 18107 53165 90898BC88D8D7C2E5E46BBA780CA6415B840DEB68DE5DAB7083B18BBEB56A365
6811861793 2971 41738 C7510660557D49F231545CDB1A398C4A70AA3027CCA86E95CD004E0684E09254
6809471048 2593 55366 DFBA3CB82ABE4DCC4381267AED7104C72474EA7BA008FE6FFC9A65B4D6D3F3FB
6815440469 52472 48720 7C20F6CF1A09EEE4F40FE6F70B0F070213E4AE0B9599CF6348B0EAC781225457
6811283991 5286 55177 7C20F6CF1A09EEE4F40FE6F70B0F070213E4AE0B9599CF6348B0EAC781225457
6811505064 17850 31133 7C20F6CF1A09EEE4F40FE6F70B0F070213E4AE0B9599CF6348B0EAC781225457
6812654458 54994 11905 7C20F6CF1A09EEE4F40FE6F70B0F070213E4AE0B9599CF6348B0EAC781225457
6812044242 8998 35925 7C20F6CF1A09EEE4F40FE6F70B0F070213E4AE0B9599CF6348B0EAC781225457
6804885362 26466 40622 7C20F6CF1A09EEE4F40FE6F70B0F070213E4AE0B9599CF6348B0EAC781225457
6811861319 22602 61519 7C20F6CF1A09EEE4F40FE6F70B0F070213E4AE0B9599CF6348B0EAC781225457
6808368581 5257 23856 F2E13A99343B10DA5A9381019014F7C9EF24C86ECAAE3864F8A8D18CEBF7F032
6807263741 40253 12268 63DCC86000EC73C3485ED6D58BECBEA12D88BBAF14C0F9EC168C0BED622210F3
6808179833 25874 11947 7C20F6CF1A09EEE4F40FE6F70B0F070213E4AE0B9599CF6348B0EAC781225457
6809648977 53611 8974 1BE1349E474035E1A10FCDFA67741186DEC786D4D574A760B69E1EFCD77560AB
6812015453 10841 34156 D3E6A3B3CEC10EDCD36A260B099B9C846AAD68B1788B8337BAACBF1D6AE273D3
6807102951 823 5468 656D6DE3B9774EEC12E0E26C29C1E3DA35538799F7A7567011BF936AB00F4969
6815185052 38974 13289 7C20F6CF1A09EEE4F40FE6F70B0F070213E4AE0B9599CF6348B0EAC781225457
6806837474 57282 18676 7C20F6CF1A09EEE4F40FE6F70B0F070213E4AE0B9599CF6348B0EAC781225457
6814861692 50613 24169 90E15EE83F83084E9E317B4E74A53513744CCF033F110FE6BE30EF309E06DCB8
6806020317 42629 1692 2A2CF723796996E73FCA96206CAFB515F79DCF55C9C4B7106F4CA04628B589CD
6808808449 20042 14496 7C20F6CF1A09EEE4F40FE6F70B0F070213E4AE0B9599CF6348B0EAC781225457
6816104857 45479 28191 349CC9E4C0A1214B505969A1B55A2E26F802DBD39599E34496653463F5A4E7E9

Total of 0 tasks calculated error.
