Total of 100 tasks calculated correctly, accuracy 100.00% 
6846938379 62334 16443 7C20F6CF1A09EEE4F40FE6F70B0F070213E4AE0B9599CF6348B0EAC781225457
6851397938 36594 43322 7C20F6CF1A09EEE4F40FE6F70B0F070213E4AE0B9599CF6348B0EAC781225457
6845526603 58112 56684 7C20F6CF1A09EEE4F40FE6F70B0F070213E4AE0B9599CF6348B0EAC781225457
6848378516 3276 19366 7C20F6CF1A09EEE4F40FE6F70B0F070213E4AE0B9599CF6348B0EAC781225457
6841855262 23055 17874 11BA47C697843EACE7D5BCB8A03109E6C10E0E93BF9D604BE13F1C44BB7AAE9F
6846995245 46777 30462 0A870B7F8A09873BED3EE64406F66F14234F4D0EA9E7B0E69AEBC10EE00B3D4E
6843209544 22729 11265 0E408D5F8350FCC7F3FE0E27E01BF7731BE3CBBFB8AF06763E8F41F6CDA417F0
6849249143 15330 45186 7C20F6CF1A09EEE4F40FE6F70B0F070213E4AE0B9599CF6348B0EAC781225457
6846255545 56676 44876 7C20F6CF1A09EEE4F40FE6F70B0F070213E4AE0B9599CF6348B0EAC781225457
6849038249 8079 26504 AF7824F99B2F9463A93A38CF16F58815DA35B5C0789687D33283DD58821926CC
6845667329 37959 18643 F519EABB34E605C586664EAE15432E3E837FF6F666DB528B724F8EFB6AC4A01A
6851323603 15825 65509 70675B0332DA05741A1EDE53DB2C461E18994602D1FC17BFE9198754A9100383
6850384623 6901 20022 D721C52C3B7D5822135C0EACD44E58B16954AB65AD66975D1771A03944B5DCB3
6841936078 35223 10371 826020B6725056D5891C4F7F3AD6C08E090AA37B5C9B69FF49046CEE0E3C729A
6844306149 50304 2708 7C20F6CF1A09EEE4F40FE6F70B0F070213E4AE0B9599CF6348B0EAC781225457
6842438449 56537 44025 2D5784B767261FF269C2FFA585DBD10A199F0736D242E4EE762AEF22CA5C48A2
6851869926 17413 41064 8A1D21E749F8950AA4EC755DEAE5A09422EF0970BA3EE2998462F5087807A23F
6843520980 62733 60931 B21684EA1E3E6EFB95B71B2E489C25243F45C6DED7DD6082008226540CDB4501
6840995301 10018 23706 7C20F6CF1A09EEE4F40FE6F70B0F070213E4AE0B9599CF6348B0EAC781225457
6849440214 28216 62037 7C20F6CF1A09EEE4F40FE6F70B0F070213E4AE0B9599CF6348B0EAC781225457
6843120956 46490 42089 7C20F6CF1A09EEE4F40FE6F70B0F070213E4AE0B9599CF6348B0EAC781225457
6841783260 44351 19569 4F8FE1CA9D9B07F0F2292FB6277A3C96A30AC1D36E6F88C619C93E2E11FBC7F6
6850457061 46934 53996 7C20F6CF1A09EEE4F40FE6F70B0F070213E4AE0B9599CF6348B0EAC781225457
6849368778 43951 17339 7F527C1F1F815799581CD29983AF57498D4DF8ACE96518651D56E1AFEDD8C20D
6845557397 56880 58764 7C20F6CF1A09EEE4F40FE6F70B0F070213E4AE0B9599CF6348B0EAC781225457
6844008806 29535 23211 A580A72CEDF6DFE39CF6BA468FCE4CFEDA5ACABCAB99A6B6A23A2A57F153E974
6841415117 21930 35637 7C20F6CF1A09EEE4F40FE6F70B0F070213E4AE0B9599CF6348B0EAC781225457
6851592484 8826 14209 7C20F6CF1A09EEE4F40FE6F70B0F070213E4AE0B9599CF6348B0EAC781225457
6847086363 63889 57431 9D4E72439EF91B34D66218CF4379822C943CD4E6969E62E314F36989C819622E
6849815358 31089 48733 B80A2B615E7D0C457F02E1E1DEA3E101BB302D3A57B96CBA443FC34EBAC92396
6845949132 45863 37997 F2E736E00131C4DF025BBA1146A12B214F67DE59E0DB6967A8DE310DA66C7093
6848800227 31723 59613 14FFE5FAA2CA40E53F04AC61CFAD5EA8D2AB46BE4C7CE7A60F17815715A00D95
6848001202 24532 2088 7C20F6CF1A09EEE4F40FE6F70B0F070213E4AE0B9599CF6348B0EAC781225457
6842289016 4642 29632 7C20F6CF1A09EEE4F40FE6F70B0F070213E4AE0B9599CF6348B0EAC781225457
6851969770 53125 53475 826AE732233ECD3B2B45CD75E55DB4BEC4BD7FDCE5738A5281A52557E0BCDD30
6847343085 47949 42292 75A4D9945AFE55EA81C7408D13CE9E15D3DFCFD61894B8CA0FA15271AF581365
6849775872 8999 11615 19437BAACA3A063F40AAD98482C67EBEC16B9C8CACB07C55D295EE6A9CB105B2
6848020113 3280 10968 7C20F6CF1A09EEE4F40FE6F70B0F070213E4AE0B9599CF6348B0EAC781225457
6840754524 49034 32443 7C20F6CF1A09EEE4F40FE6F70B0F070213E4AE0B9599CF6348B0EAC781225457
6847064282 63587 32034 2BD62849AACE44EC42E7E7DCBBD6F5ADD0F01AA8205AB390A8DE2C54BDAD34A5
6841671215 60577 60948 85F5A041F9B35C444C4B3EB6EA140D7FFF6DED71E7AE636C621851E95070B3A2
6850799354 15366 46401 7C20F6CF1A09EEE4F40FE6F70B0F070213E4AE0B9599CF6348B0EAC781225457
6847939718 53898 17483 7C20F6CF1A09EEE4F40FE6F70B0F070213E4AE0B9599CF6348B0EAC781225457
6843219813 16635 27950 01682CAF943C0AA3BB18B4E420132CCB2DD59492B6F7AD176251B7A5BA806F97
6851770644 41300 63290 7C20F6CF1A09EEE4F40FE6F70B0F070213E4AE0B9599CF6348B0EAC781225457
6846708870 34245 23367 8B2CBBF3AEBFDC07042614D22BF0EB933292812C2E502339BC79447E466FAD5A
6842493099 53364 42532 7C20F6CF1A09EEE4F40FE6F70B0F070213E4AE0B9599CF6348B0EAC781225457
6850219385 21093 63437 1695378148C31F82FC6966014A77CFFA4F9938EB0B6EE97AC0B01A19ABB9AB4B
6852295829 6950 47997 7C20F6CF1A09EEE4F40FE6F70B0F070213E4AE0B9599CF6348B0EAC781225457
6848554512 63567 11107 2D687A4CFEA0BEAC2A9C7E8D6F0BF77638BEA5C2C17C524CF7D7ED29D35A9F5B
6845363002 56027 2442 36E2B46F48FA59343DD75FE34AE18CB47F12128A7A7532084A227B50991607A5
6841399545 7105 29476 C653BF95F098CFF904FCF5D99CFF66D16DC5F449A360C95C9AE1A567B2E23E68
6845124771 26326 52103 7C20F6CF1A09EEE4F40FE6F70B0F070213E4AE0B9599CF6348B0EAC781225457
6846030464 8068 34032 7C20F6CF1A09EEE4F40FE6F70B0F070213E4AE0B9599CF6348B0EAC781225457
6850743671 25607 9680 4C045DC37DC0594798E578241ACDC201E66C3471DBD1BB284F8B9D16433653C5
6850988134 22831 40990 F8F22EA93818F41961C865D6B37D7128A9BB3144A31E68D5A0AB8B2FF3985965
6851660449 55849 37611 604D2AB2F6052819A05F618E1402B2E5408E251018FCDB3D4A87691F7231A2CC
6851827782 40110 42978 7C20F6CF1A09EEE4F40FE6F70B0F070213E4AE0B9599CF6348B0EAC781225457
6844860491 49987 34871 92A885EC277BDAC65A4A777C8EB81080E5E9AB3FECFA98A1C7DC112AEA78A5D1
6848944510 25329 43189 538DCF5AAA04C2A3595F1941F1712F08E8B22E3230EEC35F426DA5BB032AF43F
6843221198 24347 6955 FEDD48C791613F48C2500C5967475CFDC82E46DDA60A018FA915D7774543B820
6850422339 51321 534 324D06E6144203A56E46C11FFA43427406C38E19C409AFE5F0A025CE7CDC907A
6849235332 28482 51880 7C20F6CF1A09EEE4F40FE6F70B0F070213E4AE0B9599CF6348B0EAC781225457
6850390288 53651 16241 E2C8F7D05665F0680AD0D83013D762175FE033F6B60DE4A224DC9FA13597271A
6850403629 62462 40952 7C20F6CF1A09EEE4F40FE6F70B0F070213E4AE0B9599CF6348B0EAC781225457
6845966609 36595 3038 A62F315861780F86796B15E4E94B043FC8886C463EF6E8918D228CDAB7A020FA
6847331485 50845 29919 EA8530BA8A9A82264E370A91E2F495151A791367AA1E895BE32E3BB8BC8D0720
6849848735 41208 10956 7C20F6CF1A09EEE4F40FE6F70B0F070213E4AE0B9599CF6348B0EAC781225457
6851409883 31554 44827 7C20F6CF1A09EEE4F40FE6F70B0F070213E4AE0B9599CF6348B0EAC781225457
6847286434 46471 31401 9E2AF4F891FC30813D753441D5B8B5B183B8E1703B41474B5963686D800BDEAE
6840990038 4247 43376 8C468FE5B02D998B308031683F44775D28D32E0653447CB6BA16880C69F8A25F
6851979457 42019 11200 205D95B4C1CABB1EB47B59487AEB695381F40DD81F25391D233CC11BB1CF4350
6848672421 60767 17870 3E684D8767997DD588CBC2E4DAABDDC4D18E70E3B562AADED53EC5225F72CEB9
6841989873 11803 49077 6C77A8139EE5572F2C9FF02E9C4D82028238E8786BE48FDF6E5D02267941B90C
6850550861 22204 23735 7C20F6CF1A09EEE4F40FE6F70B0F070213E4AE0B9599CF6348B0EAC781225457
6844018699 11140 37006 7C20F6CF1A09EEE4F40FE6F70B0F070213E4AE0B9599CF6348B0EAC781225457
6843784341 2963 32253 FB445116A6D436A4E273E24FAA047B93EE20520C550F0967814361A5D86CDD0B
6848757864 52487 5908 AC537E36B2D6954BC16B3AFD27472FA87833E848BB66E9C3EF3BF4FD8173A48D
6847244912 1524 30621 7C20F6CF1A09EEE4F40FE6F70B0F070213E4AE0B9599CF6348B0EAC781225457
6849027014 37890 27287 7C20F6CF1A09EEE4F40FE6F70B0F070213E4AE0B9599CF6348B0EAC781225457
6847637595 26736 53051 7C20F6CF1A09EEE4F40FE6F70B0F070213E4AE0B9599CF6348B0EAC781225457
6849160528 44837 15789 50410C1D0B874F9127AC083F3B50C2CCC6479A9DEE4B0D81DDEF2F97C4F4A2D8
6849061755 39638 5788 7C20F6CF1A09EEE4F40FE6F70B0F070213E4AE0B9599CF6348B0EAC781225457
6846498646 27011 37005 D14171F45A74FB40EB47C61D760227609CBD1DD508CCAAD24E6DBC2DBE807F19
6850724433 20068 60545 7C20F6CF1A09EEE4F40FE6F70B0F070213E4AE0B9599CF6348B0EAC781225457
6843209853 24835 41584 1098706F9CD623BE908249B4E523E523CB06B8E0AC3C09A2E75F982A2998E6F0
6843773790 23785 52959 9A40853B816F63EA3BA5464D9A803C7ED270248F1976B6C503C939956841B019
6845176253 12349 62420 199B17ADB9A5B9C2FE3FC1E51836EFB91F1353158C0B38B164B929DE3A2B57B1
6841934558 57487 58241 48628F7FC757CC8EBCD8778EF33A187FE42CF3EF5F13590FA4DA392F9F11B773
6847073400 26045 7407 56BAA692F486D720B93219BAB09DCA5DE11C04426CCF962639074711DB15BCF4
6852016464 51704 10981 7C20F6CF1A09EEE4F40FE6F70B0F070213E4AE0B9599CF6348B0EAC781225457
6844408828 5253 10688 13D100930377C9F71C0240100B1C93C2FC58D0EB4D97FA1F195AFA19B5C7EA39
6842748102 25895 3267 C93F39FBFAB8AA2C1BA35B5CC86092CDD01C8845828152EE3225ADAA909CC80B
6851233542 19656 43280 7C20F6CF1A09EEE4F40FE6F70B0F070213E4AE0B9599CF6348B0EAC781225457
6847380891 36392 13001 7C20F6CF1A09EEE4F40FE6F70B0F070213E4AE0B9599CF6348B0EAC781225457
6849473103 40578 39491 7C20F6CF1A09EEE4F40FE6F70B0F070213E4AE0B9599CF6348B0EAC781225457
6848305756 16024 2646 7C20F6CF1A09EEE4F40FE6F70B0F070213E4AE0B9599CF6348B0EAC781225457
6852036636 23658 10125 7C20F6CF1A09EEE4F40FE6F70B0F070213E4AE0B9599CF6348B0EAC781225457
6843903037 19125 472 C9FA46F3E4465E5F47C33BF04BF1EE2A9E7D9B5A589FEE716E5C206AA753639B
6849989497 40581 36040 3B132B015EAFEC0EC3E2B10E882606F0F551ED57A780499BF813522171DEF8D8

Total of 0 tasks calculated error.
