Total of 100 tasks calculated correctly, accuracy 100.00% 
6886038281 40170 40052 7C20F6CF1A09EEE4F40FE6F70B0F070213E4AE0B9599CF6348B0EAC781225457
6883814378 39215 36413 CC9EFF289D2C05C17483B555E87A2D1DA3E44C3A4F0C73652E0CA1D25EF99ACF
6885289514 16257 49681 7B0188397A7F485281B3FF1F802D1BDBF3AFD3DD6666547A7BA15359C615A1B6
6888121830 45512 31521 7C20F6CF1A09EEE4F40FE6F70B0F070213E4AE0B9599CF6348B0EAC781225457
6881988946 53924 17524 7C20F6CF1A09EEE4F40FE6F70B0F070213E4AE0B9599CF6348B0EAC781225457
6884302474 6591 61437 962158823BA581DB221A4A673DBC2787E38362F16D89C0446B02DB59E78D71E8
6887055454 16944 21482 7C20F6CF1A09EEE4F40FE6F70B0F070213E4AE0B9599CF6348B0EAC781225457
6883894462 4292 32272 7C20F6CF1A09EEE4F40FE6F70B0F070213E4AE0B9599CF6348B0EAC781225457
6878775758 30592 23682 7C20F6CF1A09EEE4F40FE6F70B0F070213E4AE0B9599CF6348B0EAC781225457
6882374848 30064 10447 7C20F6CF1A09EEE4F40FE6F70B0F070213E4AE0B9599CF6348B0EAC781225457
6879847677 65518 56463 7C20F6CF1A09EEE4F40FE6F70B0F070213E4AE0B9599CF6348B0EAC781225457
6877624029 10187 46557 9D134D20315FF747F02732B3A9C28EF31B91ADE2A5E5F31E3BA6862A332178CF
6880038188 269 63352 D7759DED057574246C4912CE30952781220563329C960D10293C1F5ED9FA93BA
6886480009 1249 62799 67CC56DBC51FD6D0BEEA98535FD642D85CD58BC745F6A05E724E376EF3A7FEA2
6883284670 47195 31279 F72AE667C5D38551FC3275B80F7A81E2F564E5336330FE5BC41CBB7FF6AA1F39
6884732535 64422 2681 7C20F6CF1A09EEE4F40FE6F70B0F070213E4AE0B9599CF6348B0EAC781225457
6878583256 43644 4435 7C20F6CF1A09EEE4F40FE6F70B0F070213E4AE0B9599CF6348B0EAC781225457
6879222788 62858 56734 7C20F6CF1A09EEE4F40FE6F70B0F070213E4AE0B9599CF6348B0EAC781225457
6883379313 9170 2471 7C20F6CF1A09EEE4F40FE6F70B0F070213E4AE0B9599CF6348B0EAC781225457
6880395189 55621 36884 6E2B17CB8E6E8078DBB8018DB9A3C5723F34598AAC5445AFEA2A739FF9DEC030
6879040961 49444 50081 7C20F6CF1A09EEE4F40FE6F70B0F070213E4AE0B9599CF6348B0EAC781225457
6879821984 58886 9599 7C20F6CF1A09EEE4F40FE6F70B0F070213E4AE0B9599CF6348B0EAC781225457
6887221076 22757 1134 F79AF66D2657CB8F81AF4813255963901552AAC06553CA360FB2E66D07F00484
6885507323 24901 7176 531C82CC3EF100A114207948E47A0988CEBA41287B0EBE4B76A90C10835014DD
6880033549 19822 11213 7C20F6CF1A09EEE4F40FE6F70B0F070213E4AE0B9599CF6348B0EAC781225457
6881454194 2247 18345 B4F15DEF04B83B7520E8EADD65D9D88D9B18FFA09527F644DA8C4098BC4DD28A
6878750269 37725 7541 3D17D0B019D2C17B1A36EED75B1A2A3606A24EEE24A0D669FDC270EA53F46D62
6881481503 24478 12541 7C20F6CF1A09EEE4F40FE6F70B0F070213E4AE0B9599CF6348B0EAC781225457
6879660733 55803 7958 EB8F033BCFCB60F0A6E1585E3368CAA8783F402D35FB40FA95313CA37FDD74CE
6876982246 16280 58736 7C20F6CF1A09EEE4F40FE6F70B0F070213E4AE0B9599CF6348B0EAC781225457
6883138314 21577 6976 79D3FD92895FF3B1B6F4F5023F0F8EC5CC1A07A0D1C94FB98D93ED07DC1B6833
6877997018 4015 60503 14545836D3C4EFD3968AD0CCC937CDEF09B98EB32133BC56E88968AB25F0964A
6886090683 32053 54029 E916C8C197E9483A96557E4F56E36604CD34EE22A6F4EDA07FA17A6353593340
6884577326 55106 62917 7C20F6CF1A09EEE4F40FE6F70B0F070213E4AE0B9599CF6348B0EAC781225457
6878382934 44654 43373 7C20F6CF1A09EEE4F40FE6F70B0F070213E4AE0B9599CF6348B0EAC781225457
6882278213 58262 55633 7C20F6CF1A09EEE4F40FE6F70B0F070213E4AE0B9599CF6348B0EAC781225457
6877474421 22170 51792 7C20F6CF1A09EEE4F40FE6F70B0F070213E4AE0B9599CF6348B0EAC781225457
6881525702 58613 6111 64C3D089FA69C9ED147FB498F157866C24259325E8AD0BF0F542FC63C4A36578
6882050675 19340 12882 7C20F6CF1A09EEE4F40FE6F70B0F070213E4AE0B9599CF6348B0EAC781225457
6884869589 12601 57552 6F7AB18CC75C41E8865B9C225DCA6B843D7D4F24CD510D37393219D31130C4BE
6885172252 34225 62525 77B37E62D27E36E5AABF73A9D85B4D77C4DD21D8D458C705882FFC7862A4F7AC
6877874812 44924 62265 7C20F6CF1A09EEE4F40FE6F70B0F070213E4AE0B9599CF6348B0EAC781225457
6882244963 11493 56965 7CA9C189AE8D36145308A4F9CCF73E656CCBC43E337475DF9813FCA655DEB303
6878838088 27743 10666 E1054414D6A02945A7D9A650A1981D2909491303CED9A96597241F1CE42D7EDF
6885023356 395 35023 D2EA86A0399BA8169A335A2E24387F6D059A8DCF2BD9B6AA35DCA993006681BA
6877679215 8084 44629 7C20F6CF1A09EEE4F40FE6F70B0F070213E4AE0B9599CF6348B0EAC781225457
6884707125 59614 2526 7C20F6CF1A09EEE4F40FE6F70B0F070213E4AE0B9599CF6348B0EAC781225457
6882611845 17799 41970 27AF7495D86A9CB6F573EC02C3B79FF98A37B5515C5D09B10D5E41915293892F
6881315852 49941 20089 7D4C7BCAB5B4EF216493FBE2730458639D4BF29FEEB26075FB4C4971B93BAEF1
6882355355 30072 36747 7C20F6CF1A09EEE4F40FE6F70B0F070213E4AE0B9599CF6348B0EAC781225457
6885920326 17272 48018 7C20F6CF1A09EEE4F40FE6F70B0F070213E4AE0B9599CF6348B0EAC781225457
6887282938 60547 25784 87C3BC851C0FDA9394324B85688EB9E73836A273D638FB9B73FFBBCEA9013147
6877835779 6895 3537 86AA50C164D170E84493DAE0C63F5520AB48C3B9AED099051FFF2405D2874D02
6884072586 48131 6579 89564F8C09F7616DBC6A3DBAFB9AB8F7A2C65F4BA46C68F28CCC3CDC7691B750
6883470726 21233 5345 02E3108FDA1985D2CA30BE3A1F7E5D1A6C79348B491476647EB3FED994BCECAB
6878147391 44577 57813 36024EFBC9F76F9FDEE040C37D20C81F5F78FEB7B506B9D18FAC3B2515DFF200
6883636016 20682 2295 7C20F6CF1A09EEE4F40FE6F70B0F070213E4AE0B9599CF6348B0EAC781225457
6877748771 29694 41342 7C20F6CF1A09EEE4F40FE6F70B0F070213E4AE0B9599CF6348B0EAC781225457
6881038838 41117 23226 E0444DB6ADA021EE6BA11D7C3BF5BCD95D064D33832A00EE32701165F851E0BC
6881370562 40581 65203 48A013CA346EE4FF686CCF8520B997C14559D552DF1EE2DFDFB2B106E355B558
6879092642 2958 47682 7C20F6CF1A09EEE4F40FE6F70B0F070213E4AE0B9599CF6348B0EAC781225457
6883552939 49521 2936 76D7622AA611559BFD9F2DE814FA3941FEA5C789689D58A52218381044730F63
6882320152 397 40015 F521C4CCE20EB5511D019A338F4DFBC3BCBB2A57A3A27EBA7570087445F479F2
6885336248 55737 49041 AE81E50824ADBA89812CC1615329B2A8D107B0AA210E6790E15E8099C8381BC7
6881018743 61232 43615 7C20F6CF1A09EEE4F40FE6F70B0F070213E4AE0B9599CF6348B0EAC781225457
6884556835 21014 4847 7C20F6CF1A09EEE4F40FE6F70B0F070213E4AE0B9599CF6348B0EAC781225457
6883717039 13250 43059 7C20F6CF1A09EEE4F40FE6F70B0F070213E4AE0B9599CF6348B0EAC781225457
6880158551 5663 11340 74C287B347EC4D585401773CAD18971062DFBA229B73DCE700809D5FC4368BB7
6883531434 41503 22271 84663FC3A2CEFFE70404F872FD9FFA67CF9A52257112BDD4BDBB71085AFC4C75
6885386037 65044 26941 7C20F6CF1A09EEE4F40FE6F70B0F070213E4AE0B9599CF6348B0EAC781225457
6887810835 19272 22529 7C20F6CF1A09EEE4F40FE6F70B0F070213E4AE0B9599CF6348B0EAC781225457
6879738619 7981 40141 759ED2A7B4E72F579C92C1FDA48CB1E83A531C743E1F7ED130E8BE613925FA13
6882635603 4495 18458 8C59E0DC1241A2FCD4614DF45D1498985B7D40B39A55D8AE7E3BCFB8B52C333D
6882250295 18755 12545 3F22C97C87FEA923D8E2200385C1E5164D455DC06D22461FDA859357863E9498
6884800951 10092 18666 7C20F6CF1A09EEE4F40FE6F70B0F070213E4AE0B9599CF6348B0EAC781225457
6883972495 56795 1524 B0C298CBB78CB010A99E6BA37A1154BB574756D7E2891429E4D9256B9F123A7C
6878207578 22178 2470 7C20F6CF1A09EEE4F40FE6F70B0F070213E4AE0B9599CF6348B0EAC781225457
6877147549 45012 33058 7C20F6CF1A09EEE4F40FE6F70B0F070213E4AE0B9599CF6348B0EAC781225457
6881631061 4260 9303 7C20F6CF1A09EEE4F40FE6F70B0F070213E4AE0B9599CF6348B0EAC781225457
6880408207 61516 32724 7C20F6CF1A09EEE4F40FE6F70B0F070213E4AE0B9599CF6348B0EAC781225457
6879644273 63830 25713 7C20F6CF1A09EEE4F40FE6F70B0F070213E4AE0B9599CF6348B0EAC781225457
6884150053 44234 3814 7C20F6CF1A09EEE4F40FE6F70B0F070213E4AE0B9599CF6348B0EAC781225457
6885906805 5805 19299 9E30883ADA977C11F9B229C91001C0B83D66154A8E1DC0AD9FACCA14C88246BF
6883304158 61218 62847 7C20F6CF1A09EEE4F40FE6F70B0F070213E4AE0B9599CF6348B0EAC781225457
6886308904 2094 11443 7C20F6CF1A09EEE4F40FE6F70B0F070213E4AE0B9599CF6348B0EAC781225457
6885871036 11688 41781 7C20F6CF1A09EEE4F40FE6F70B0F070213E4AE0B9599CF6348B0EAC781225457
6883421976 9026 7682 7C20F6CF1A09EEE4F40FE6F70B0F070213E4AE0B9599CF6348B0EAC781225457
6883838485 64174 41341 7C20F6CF1A09EEE4F40FE6F70B0F070213E4AE0B9599CF6348B0EAC781225457
6884785675 61450 19781 7C20F6CF1A09EEE4F40FE6F70B0F070213E4AE0B9599CF6348B0EAC781225457
6883024864 21071 43727 784BD31903B72AB59070223E6324F66B3155F783E3B79C09CD78029B727F6712
6887279736 49224 3000 7C20F6CF1A09EEE4F40FE6F70B0F070213E4AE0B9599CF6348B0EAC781225457
6877391316 51906 10141 7C20F6CF1A09EEE4F40FE6F70B0F070213E4AE0B9599CF6348B0EAC781225457
6879664781 40427 8079 018ED81974A37BFD17F5234959F3F7D0303B30BD507027F77A6B82AC13C9EB20
6880834549 60623 59553 00DDAD9394130505401DCFB33364B99AE94678F4F6B207CD4F9B1BB54F4873E0
6886272517 42940 18863 7C20F6CF1A09EEE4F40FE6F70B0F070213E4AE0B9599CF6348B0EAC781225457
6879013440 3809 27775 D6F37562CE208C086677A57693301ADAC5778A971309B21DFAC6B22A8226B6C0
6884707279 38365 48645 162C70AB428CD094479CE711D8EAF76F18715F385E7E9522FCD50543811DFE03
6881551605 17980 48997 7C20F6CF1A09EEE4F40FE6F70B0F070213E4AE0B9599CF6348B0EAC781225457
6885469007 39791 37923 04B119919C6FCCB827F0626D308E3919F7685B0BDBB077A3F134C64E78B9DC28
6880336125 50697 36947 ABBD213F8F8F80A2832DB348DC17550BD45D20BA25379012159F4F358DA2BC16

Total of 0 tasks calculated error.
