Total of 100 tasks calculated correctly, accuracy 100.00% 
6916912048 20146 18905 7C20F6CF1A09EEE4F40FE6F70B0F070213E4AE0B9599CF6348B0EAC781225457
6919262881 56247 6318 B721ED54CF1F8B6C8456225B176E669D51CE13FB70F269E93144B955C36DA861
6913307008 41404 63582 7C20F6CF1A09EEE4F40FE6F70B0F070213E4AE0B9599CF6348B0EAC781225457
6917663583 7882 34567 7C20F6CF1A09EEE4F40FE6F70B0F070213E4AE0B9599CF6348B0EAC781225457
6917208700 58044 10303 7C20F6CF1A09EEE4F40FE6F70B0F070213E4AE0B9599CF6348B0EAC781225457
6917564823 19825 63249 60C25DC315C6FA4368B57A7018B2D196371DF9622878A47BB28F396B02D0538E
6921587373 14330 60341 7C20F6CF1A09EEE4F40FE6F70B0F070213E4AE0B9599CF6348B0EAC781225457
6921528046 12197 32673 D404F4FD2FEE906DFA25AF7393156F8F060B71F9D4B3F1B6D280B5BF4E1D7D3A
6922948287 29781 47459 EDB9C4AF4A690A7B3906E36905985170E7AD3FB0046136B2EC93E8250187FC85
6913940375 14119 32891 03E21CCC7D8C72D971007609FE14EE9095978620149E100CFE6BAEDDF6801BF7
6919375743 46205 25183 FCFF1555863A67E22291556A3BD8EC79FE4EE58A8DEE5E168F0619D093DA0AA0
6922673271 65309 667 D8BAFB62C0C09DA1D690921B7CDB77B32002863804E0B7A3F621ED80B674F0BE
6912560499 46568 39109 7C20F6CF1A09EEE4F40FE6F70B0F070213E4AE0B9599CF6348B0EAC781225457
6924351279 61228 11754 7C20F6CF1A09EEE4F40FE6F70B0F070213E4AE0B9599CF6348B0EAC781225457
6919473587 37077 45114 80E53C557C913370D5B080DFB36276B063A9F933A01C7F0AC4974C5256B559A6
6918780433 30222 48901 7C20F6CF1A09EEE4F40FE6F70B0F070213E4AE0B9599CF6348B0EAC781225457
6919001548 29633 41282 A09557EACCD96154799BE149019EE52D92EC87965FE0880F746EA4087A0C6E13
6913967933 54349 26504 6073BFE93F8082958F1A002B1BAAEC6ED7891F1D355FDBB71B0F7F863F39EBC1
6914085647 57794 64580 7C20F6CF1A09EEE4F40FE6F70B0F070213E4AE0B9599CF6348B0EAC781225457
6921660734 21579 40274 E3438B63E76DA790A12F205D32624D9FE34B8551BA1265B4E72F34E07096B84B
6924255348 7712 20809 7C20F6CF1A09EEE4F40FE6F70B0F070213E4AE0B9599CF6348B0EAC781225457
6917102001 37923 47372 D102FA204E3B1B04DA91691A7E80B2B3F838FD0F2D8F93C4895DB09D10B97EB2
6916031769 20141 12001 1B691DDD8A84EBDF0C80508394ABD7F4E344F610932AE4EB8691AD1BE6510C52
6919934392 62173 36624 CD5699463D1F4925BE3210E1C60C71B43AAC149E3F7F818BEB03A57D28054326
6914335168 53914 33291 7C20F6CF1A09EEE4F40FE6F70B0F070213E4AE0B9599CF6348B0EAC781225457
6919415192 19109 33102 AC19E2C70BAA4CDB0FA472F6C48EB100E9073E4BE056A434696E16EA3472938C
6917047108 58405 64546 47A78F59097387A66BA7F1CFECADE39F21AD0406F20ADF84D0D41C44045F50E2
6919066011 57678 36342 7C20F6CF1A09EEE4F40FE6F70B0F070213E4AE0B9599CF6348B0EAC781225457
6917670803 37614 13835 7C20F6CF1A09EEE4F40FE6F70B0F070213E4AE0B9599CF6348B0EAC781225457
6923767478 24144 29953 7C20F6CF1A09EEE4F40FE6F70B0F070213E4AE0B9599CF6348B0EAC781225457
6920474694 37639 33381 A925FAB8290C5B4B9554A611E69637B835ADD8519565E91D5A1A103373ECEB76
6916430990 14634 9637 7C20F6CF1A09EEE4F40FE6F70B0F070213E4AE0B9599CF6348B0EAC781225457
6924091743 15883 10327 AC174FEBE6B97C1CADB0B55FEDF340E0F4DED5E84BD8926F5384F145587E4433
6917344725 20737 248 F0109DA3EDC8562CA13606DBBCF85D0F6B4CF25B6EE5BBC1E144B1CD8302470E
6913267092 34144 55768 7C20F6CF1A09EEE4F40FE6F70B0F070213E4AE0B9599CF6348B0EAC781225457
6922542744 17667 58254 39FDB2AAC1ECB916F4626AD5B4FD93ACD948F5881E39655228901ED14E07AEDF
6915601634 15853 10305 69DBEA239CD6CE29FFB08EFF7CEAF134D74F8BE878E88B658904B610E585DE6B
6919467941 28269 19353 CE81BBEE3B2AC8CFE9BF08CCFE7B9F93B33511EC2A8D4C0EFBBD962B7DCA3A2F
6917453877 36849 10911 CA40684BA11ACB3A696B0079454AAD3A14F132F28AAADD91D1E99FB0F42CB9DB
6914952513 28392 19918 7C20F6CF1A09EEE4F40FE6F70B0F070213E4AE0B9599CF6348B0EAC781225457
6912567666 6347 18913 C8DCB82A96B01ADD4F75971C2C6B041263AE1BA87047C116699CAD71C90A67C0
6918747616 51205 53073 72DE3DA57D772C9DE6D6F0A981DDC134CF828791B687A567FFB34ECB76F12B08
6919233898 59024 43206 7C20F6CF1A09EEE4F40FE6F70B0F070213E4AE0B9599CF6348B0EAC781225457
6920898096 39025 18790 B09E3474A55901D5CF7BC6F68E34B24736E5EDD62CEA497B653C48EC24E77D10
6912842372 60171 9275 7E1845F2AF031B6DEE796765A5183F0139759D34A295A45C966186D493FD8C9E
6920813131 27566 59453 7C20F6CF1A09EEE4F40FE6F70B0F070213E4AE0B9599CF6348B0EAC781225457
6917963203 25485 20683 F036641A486E856DB224D1359971C6DC52F05B608D0A9716E7541C4F0801C22B
6922385570 17887 9515 573D3514180690888B32DBFDED70C7DCF740C80FDFCDDA11294CF2896F748389
6916162312 58241 39104 64A7D88D70434B3016374BB87725960593F859471D798E0F1769F2DE0C55684B
6915806559 32767 42690 F5C73D8F2D7A20D9B7F7BE471B628FAEB5D5B724F16646710FE925647DAA0102
6920478258 34688 44345 7C20F6CF1A09EEE4F40FE6F70B0F070213E4AE0B9599CF6348B0EAC781225457
6920595128 45064 56619 7C20F6CF1A09EEE4F40FE6F70B0F070213E4AE0B9599CF6348B0EAC781225457
6914093414 16269 61239 BD15F552EF930FB46DEA14EF8F0EE865BAFBB43D12CE79958584F465ED766BF1
6918952388 28374 51035 7C20F6CF1A09EEE4F40FE6F70B0F070213E4AE0B9599CF6348B0EAC781225457
6916189118 5534 51224 7C20F6CF1A09EEE4F40FE6F70B0F070213E4AE0B9599CF6348B0EAC781225457
6921916877 7396 27832 7C20F6CF1A09EEE4F40FE6F70B0F070213E4AE0B9599CF6348B0EAC781225457
6915120090 5013 33473 4658E3251F84F3553BC1AD75213F55A510F4568FED6C8B48507A1E2C482C394F
6917631787 33266 30049 7C20F6CF1A09EEE4F40FE6F70B0F070213E4AE0B9599CF6348B0EAC781225457
6918780212 22071 16829 AFB930377A9FC7FE63F8C2BF245FB66B57B778E1927D3781963FF399BAF859FF
6924176304 32573 22464 5A0A031C02AE377C87DAD5707E7B12F93237E1A8ABF8ACF1B1D8140F150E8843
6920943870 42100 15052 7C20F6CF1A09EEE4F40FE6F70B0F070213E4AE0B9599CF6348B0EAC781225457
6915662299 1189 779 B61A8B8B951A715A6E9DAA77E06247E0A72B17D972C50969559D1CAA50A1B1C1
6923478747 55758 47684 7C20F6CF1A09EEE4F40FE6F70B0F070213E4AE0B9599CF6348B0EAC781225457
6915183063 1327 44248 B9BC5A3A8DF52C379833840588E950D64902EC98A875EECA74D6C137EDA6603C
6918256736 52682 60681 7C20F6CF1A09EEE4F40FE6F70B0F070213E4AE0B9599CF6348B0EAC781225457
6915546629 27242 53293 7C20F6CF1A09EEE4F40FE6F70B0F070213E4AE0B9599CF6348B0EAC781225457
6913908053 38667 41136 8EFD9AFBC6CFCC59CF01EBA5CC9372F57E77B8C9DD46FFB06C3CD4410F4A09A8
6922798609 27674 7390 7C20F6CF1A09EEE4F40FE6F70B0F070213E4AE0B9599CF6348B0EAC781225457
6922376882 11124 26706 7C20F6CF1A09EEE4F40FE6F70B0F070213E4AE0B9599CF6348B0EAC781225457
6913544734 58515 43389 C06A2011990E774CAACC6B43C736D1F4495355079C96166F41D6D76771F7988F
6915721340 20990 866 7C20F6CF1A09EEE4F40FE6F70B0F070213E4AE0B9599CF6348B0EAC781225457
6915026161 59846 16763 7C20F6CF1A09EEE4F40FE6F70B0F070213E4AE0B9599CF6348B0EAC781225457
6915144541 58843 61855 0A04DDBF6C0E1B420BB1C2BB478857420A09A01867D7EE901D3BF6735C869959
6912847102 42593 49234 B07431D6EB28A1C4198B2FC66EAC1BD6F51380F2F56A806D43BB51C93E479C89
6918283556 29479 54856 DFF7ECBEBE7B29D0589528A87CA8124284BDF6E0EFBC6BB5868DE4EB836A2EFE
6921958114 23634 41223 7C20F6CF1A09EEE4F40FE6F70B0F070213E4AE0B9599CF6348B0EAC781225457
6919349617 6076 15471 7C20F6CF1A09EEE4F40FE6F70B0F070213E4AE0B9599CF6348B0EAC781225457
6919660042 40938 3952 7C20F6CF1A09EEE4F40FE6F70B0F070213E4AE0B9599CF6348B0EAC781225457
6924388898 31485 42653 0BC048BD1CBA6EFA4CAC09F386B45142BE3B12D0CDD3A9360C73F89CE8B8371B
6914059560 29390 51219 7C20F6CF1A09EEE4F40FE6F70B0F070213E4AE0B9599CF6348B0EAC781225457
6912804029 7220 54617 7C20F6CF1A09EEE4F40FE6F70B0F070213E4AE0B9599CF6348B0EAC781225457
6915215753 40121 3849 D6A3E216B2DABB08A98173954DF664385507333D1A784ED3C3DE104C9E6DA932
6919084305 10549 36797 82F37EA71698100FE706299A8772A638D01965440FD1E32AA7F27C008992E67D
6917269907 30327 21109 B6BBFF95C5253D94F912680C4DCFE912AAD89AEBF0793B603409795B13A555F6
6913887325 31796 34544 7C20F6CF1A09EEE4F40FE6F70B0F070213E4AE0B9599CF6348B0EAC781225457
6916938591 27443 38792 5F4D1BDB2146DB4201ECF8B7A91E6A40315AC7E3A21A37CA6048F426FD9D8EF4
6919487444 18644 1992 7C20F6CF1A09EEE4F40FE6F70B0F070213E4AE0B9599CF6348B0EAC781225457
6921243096 31075 12425 F071D55F957A08E2923CBB30844DB9D3CB21F9D2958F5AC247FF1646A1673575
6915855243 30736 15692 7C20F6CF1A09EEE4F40FE6F70B0F070213E4AE0B9599CF6348B0EAC781225457
6920743683 10194 64225 7C20F6CF1A09EEE4F40FE6F70B0F070213E4AE0B9599CF6348B0EAC781225457
6914305004 22131 26139 77F25C9F6F3F42A6EBA929A8B6E949F8FB0A7B24B809483E5CF2D01CCC32F5E0
6922573388 9836 3834 7C20F6CF1A09EEE4F40FE6F70B0F070213E4AE0B9599CF6348B0EAC781225457
6920981294 53704 64134 7C20F6CF1A09EEE4F40FE6F70B0F070213E4AE0B9599CF6348B0EAC781225457
6923227702 18221 4593 BA39BC337DF1351A051E37350B85A5BBBE5757D6C1C8C52BCB09B38E12DA60C1
6914543384 42988 48671 7C20F6CF1A09EEE4F40FE6F70B0F070213E4AE0B9599CF6348B0EAC781225457
6918193222 56897 56751 F3018B08452DB4618914F31CA8B7A2C7A2BBCA69711C61F426CE11396BD4E2AB
6921455256 29799 26325 D2BE2D5E7A0E3E501C3B14A30012976687227408E27F68B66A3719DAFD275BC5
6917056020 19215 24365 EF9958536B41CDC5B06D4F21D0AF0643AD53E5AF76F3B9AB0238547114327565
6916182891 14657 38964 E19CABC8D2074E630FA9EBEDC29984AB2F6B0E81875A986D7E40C19490E6A3A4
6913457643 54597 63056 CE27B2FA740433AA185ABBEDC5357362573FBF1B89AB9EEB6EA7012F7F6B88DA

Total of 0 tasks calculated error.
