Total of 100 tasks calculated correctly, accuracy 100.00% 
7031089334 4236 35325 7C20F6CF1A09EEE4F40FE6F70B0F070213E4AE0B9599CF6348B0EAC781225457
7026617248 64090 20450 7C20F6CF1A09EEE4F40FE6F70B0F070213E4AE0B9599CF6348B0EAC781225457
7032032762 8490 40153 7C20F6CF1A09EEE4F40FE6F70B0F070213E4AE0B9599CF6348B0EAC781225457
7023885664 18826 7559 7C20F6CF1A09EEE4F40FE6F70B0F070213E4AE0B9599CF6348B0EAC781225457
7026459666 28103 48555 A421E384C21128B3DEDE31B204DF4C75909677BB4BD976B233E4DF30A0AC328A
7025267034 21731 3195 CF8C4A88281755ABEC297C01C8700B6CFD07E1C893884C0D8E12B37633930288
7026643239 12062 1432 7C20F6CF1A09EEE4F40FE6F70B0F070213E4AE0B9599CF6348B0EAC781225457
7029590171 39450 41638 7C20F6CF1A09EEE4F40FE6F70B0F070213E4AE0B9599CF6348B0EAC781225457
7028244684 17956 28283 7C20F6CF1A09EEE4F40FE6F70B0F070213E4AE0B9599CF6348B0EAC781225457
7020660698 60292 16222 7C20F6CF1A09EEE4F40FE6F70B0F070213E4AE0B9599CF6348B0EAC781225457
7025914357 62101 28115 1B53E9BD91D08B67A472CB405F60316D5A5D3BBC59D205BBDB6B8400495D1913
7022785186 26750 31709 7C20F6CF1A09EEE4F40FE6F70B0F070213E4AE0B9599CF6348B0EAC781225457
7029412894 52140 61354 7C20F6CF1A09EEE4F40FE6F70B0F070213E4AE0B9599CF6348B0EAC781225457
7021118403 7427 9676 5F80E4BE3F3CD1418AD13B3E9741AE481292C0E78132647D07FA8E978E7AEE08
7025108367 1973 20194 B0CD973AD80AD72BD23C7BD56A8A629ED6A2E7496146C3E68FA61E6F38EE716D
7028612748 32799 589 2E8C36E27756642FE89BACF781D0683469F6625D975D19FFD641905211875C6D
7030512895 20015 24382 253FE87AC5E38C8DFD00F7B1EA5376CA1852B97A217951562B9FDBD1FB832902
7029843620 2473 13636 38053106F22D7CD2E32D724D45E0D2166498AF6F7A44531B4FB9929D4412E7DF
7025954327 64372 33881 7C20F6CF1A09EEE4F40FE6F70B0F070213E4AE0B9599CF6348B0EAC781225457
7029641504 62891 8920 0AB87437BA77F30860B09EDDEC24916F0F02464011B0781452467A0A53D9B2F5
7024619600 59069 31472 EC82C1D2523E2ED2C83B40499649BBEE5D481245810FA31BD9FEAE610E24D301
7030656138 22512 34545 7C20F6CF1A09EEE4F40FE6F70B0F070213E4AE0B9599CF6348B0EAC781225457
7032030485 16575 31121 B4FA91D5478842EECAE892A4A06EDF89F1BE72FFA985C506A7D9BAE277EC71E3
7028795951 17344 51315 7C20F6CF1A09EEE4F40FE6F70B0F070213E4AE0B9599CF6348B0EAC781225457
7027404958 20060 49536 7C20F6CF1A09EEE4F40FE6F70B0F070213E4AE0B9599CF6348B0EAC781225457
7030760963 57609 64426 9057D9880184D7B434361D2198D5C2A0C5140D64A267A2A2C4DBD928B77DF696
7031450043 14563 51660 C456B72AFAB2310D9772FB136F5F4E2D7720E33856FF84F2041F402B54A81F9F
7020640300 7711 50024 5B1A2BC33181A63783C6E8EB4180CE00457D45EF4EC9C7547F7D18369FC60993
7031439836 29102 16574 7C20F6CF1A09EEE4F40FE6F70B0F070213E4AE0B9599CF6348B0EAC781225457
7029188537 23486 18367 7C20F6CF1A09EEE4F40FE6F70B0F070213E4AE0B9599CF6348B0EAC781225457
7024170789 18199 9017 01511F18E80094338A4DB663770CEA0B1E51F26516F6C847AEB0F02235DA1E0D
7030887692 56973 31882 B76E31922D819304FF138A0DF0F6B4B3971CD131EFC549C0433BDCBE8B9563C6
7021575892 7893 52980 85718F776261A9E7239F9D00A77A62DF3EF5EAF8A8F4BF7A63D216675F1DEFDE
7021860516 31733 1930 23CECE811648ED8331B84981F6DDB05A26539334AD2ED79DFCC717B541827C7B
7028762840 57931 48447 4ECE1434E73D9706370E33390DCFF98FE5198EC6122D582D25FFE54D43789595
7023316134 20391 21249 342BF864423F3631AF69B3F7757614631950D376322D866630EE4A239E299848
7029998826 50662 15234 7C20F6CF1A09EEE4F40FE6F70B0F070213E4AE0B9599CF6348B0EAC781225457
7020855641 42971 13845 5336D5E475225F7C291D2FF3D64EEC8584666B9A507885CADDEB82FBF60E15A0
7027768076 57173 47120 FBA6DCBCF2926C1B8A2A91870C491C99E6D28F5ACADC2614F88FC0EFE3AC93F8
7028332951 57241 57721 FCBA14C3FC37A1AC11BF5433A18DBDE649EB56E8C140A10AA08EDC5FE8A6C3E3
7030687986 20663 26140 1BE50204E41707FAE43D08BB839C3FC0AECE93460C89BEA90DC812936D73B37E
7026800566 61622 59758 7C20F6CF1A09EEE4F40FE6F70B0F070213E4AE0B9599CF6348B0EAC781225457
7026740297 60633 55945 BC0A881D7FF72D658E19CEF873F2E642F474607461D49F630440C577D1D213D7
7021080412 29928 58123 7C20F6CF1A09EEE4F40FE6F70B0F070213E4AE0B9599CF6348B0EAC781225457
7028969731 63200 9590 7C20F6CF1A09EEE4F40FE6F70B0F070213E4AE0B9599CF6348B0EAC781225457
7022462068 52817 7875 2A58521224E4D0CC7FCD11F010B4307526C5A27D2279BD8E3C866FCE9998BB95
7023453664 43178 12213 7C20F6CF1A09EEE4F40FE6F70B0F070213E4AE0B9599CF6348B0EAC781225457
7020951882 53215 19340 BE99623A8895A8CF4CD053A4EE6328B0EBD1AF4AE13364B1AAFCC39B3AAA5E79
7020655268 20549 8138 DCC0CA460EC1AF1793ED0B06564C58E71592F81AD8D919B8A6261E526B065354
7021027824 47788 43646 7C20F6CF1A09EEE4F40FE6F70B0F070213E4AE0B9599CF6348B0EAC781225457
7030043140 33561 26445 4A7E4CCBED5ED7AD0812E21B372F2749D8915DFBCA784C2720A7C827BA1A552D
7032265247 8033 4884 60D4D18F3C69A9B92BD3506D7453753419D703F05F71186EE3B9B64E3DC53AB0
7025138113 46158 10304 7C20F6CF1A09EEE4F40FE6F70B0F070213E4AE0B9599CF6348B0EAC781225457
7027177799 43372 45839 7C20F6CF1A09EEE4F40FE6F70B0F070213E4AE0B9599CF6348B0EAC781225457
7024803490 9258 44041 7C20F6CF1A09EEE4F40FE6F70B0F070213E4AE0B9599CF6348B0EAC781225457
7032266799 14860 37093 7C20F6CF1A09EEE4F40FE6F70B0F070213E4AE0B9599CF6348B0EAC781225457
7031268971 26667 25863 5F210ED5CD076F642D7EF561AAC826DF9372491C0E506295B6E11A1734C4E3C6
7023115192 14415 28349 65EBF1B5160E09F9879C5563036A991A635B4C1776E6E1895A4EFCAA7C8A37D3
7031124902 53614 36158 7C20F6CF1A09EEE4F40FE6F70B0F070213E4AE0B9599CF6348B0EAC781225457
7028229218 20356 28511 7C20F6CF1A09EEE4F40FE6F70B0F070213E4AE0B9599CF6348B0EAC781225457
7028908440 16143 12724 A7AA1A3700CDFE4B67D340D8C6F6339F52B58F8ECAD013B29F6F488262026465
7030112367 1116 23679 7C20F6CF1A09EEE4F40FE6F70B0F070213E4AE0B9599CF6348B0EAC781225457
7024518975 47548 29518 7C20F6CF1A09EEE4F40FE6F70B0F070213E4AE0B9599CF6348B0EAC781225457
7030801685 49226 34438 7C20F6CF1A09EEE4F40FE6F70B0F070213E4AE0B9599CF6348B0EAC781225457
7020649061 50612 17024 7C20F6CF1A09EEE4F40FE6F70B0F070213E4AE0B9599CF6348B0EAC781225457
7025566533 61845 48993 B3117043E6A8E9892343260F5A59B278089D01BC80425252F4E87E3AC9887993
7025138136 59905 25457 109CDD2472E844356B7D744142CC60E533265846567BA1ED079FAA70F94D6655
7021441825 54779 34420 0D311A2F8F2FEA72D6BE2A221D3E40003BA6253D6FE7258674FDAA158B705FDD
7029008490 21758 44023 7C20F6CF1A09EEE4F40FE6F70B0F070213E4AE0B9599CF6348B0EAC781225457
7029674773 22827 41166 AD7404D6F0B2D4A58874072E58D105C8FB3588D457F9228F4575288EF604EA60
7024692933 12254 35697 7C20F6CF1A09EEE4F40FE6F70B0F070213E4AE0B9599CF6348B0EAC781225457
7025749082 7884 23639 7C20F6CF1A09EEE4F40FE6F70B0F070213E4AE0B9599CF6348B0EAC781225457
7021232874 26579 13197 A60AF206E59694A4EF9E5841DD21018329312114490E621AC542CAC664754DB1
7025461179 60355 11448 25ABA7A6BDFF8E0EE01FE6FB0CA52ECB39F20AAA76996700634DA225F79A3B5C
7021493409 34136 57475 7C20F6CF1A09EEE4F40FE6F70B0F070213E4AE0B9599CF6348B0EAC781225457
7028287205 48075 49366 A56E863B390365FAAAFC03DA7CB1F6AE2A430B296253F977379CA3605C4F9996
7030759915 39618 19912 7C20F6CF1A09EEE4F40FE6F70B0F070213E4AE0B9599CF6348B0EAC781225457
7022964189 6768 16197 7C20F6CF1A09EEE4F40FE6F70B0F070213E4AE0B9599CF6348B0EAC781225457
7022515768 41624 46057 7C20F6CF1A09EEE4F40FE6F70B0F070213E4AE0B9599CF6348B0EAC781225457
7023272383 12337 63601 D763BF861087E60E64F967EFC9D5BCF61363876B86323A606E1A5FB16A08BF47
7027661470 42400 5139 7C20F6CF1A09EEE4F40FE6F70B0F070213E4AE0B9599CF6348B0EAC781225457
7021047796 48503 17187 99E5BF0F2B473D7021DC1CB80504C8D40BCB2AA3E3BF7002E4464DB3D4BE58B6
7023883410 32628 64516 7C20F6CF1A09EEE4F40FE6F70B0F070213E4AE0B9599CF6348B0EAC781225457
7021356080 17262 5639 7C20F6CF1A09EEE4F40FE6F70B0F070213E4AE0B9599CF6348B0EAC781225457
7028023883 30600 3859 7C20F6CF1A09EEE4F40FE6F70B0F070213E4AE0B9599CF6348B0EAC781225457
7026060118 60991 14301 ADE66FFFAB4231B6A498831734FFFF6D07D97AA3405E8D06F0D789724C8C4F6A
7032331510 49911 54495 896619E428C89E336655393C495CB91128D7815986872B919A05D2045132BA2C
7029591480 33820 40940 7C20F6CF1A09EEE4F40FE6F70B0F070213E4AE0B9599CF6348B0EAC781225457
7026473456 9168 3464 7C20F6CF1A09EEE4F40FE6F70B0F070213E4AE0B9599CF6348B0EAC781225457
7024083336 17249 43705 4AB5D668DD9580239A51BF153EA222A4E6BD1A94B856B544E32BAC1BA2CC1B42
7027065551 59842 54160 7C20F6CF1A09EEE4F40FE6F70B0F070213E4AE0B9599CF6348B0EAC781225457
7030746981 27684 20053 7C20F6CF1A09EEE4F40FE6F70B0F070213E4AE0B9599CF6348B0EAC781225457
7022006681 17837 8371 5664FC833C435788D8DC4E748CCE5D33D165CC7E0BEE0A8261FB523FAC3AD358
7020576494 11944 25757 7C20F6CF1A09EEE4F40FE6F70B0F070213E4AE0B9599CF6348B0EAC781225457
7026677510 45331 707 71065F6A73DB7B20E362B941AC5CAD25F6746C33E5C75B8082DED0B4445F0DC6
7024125591 23337 63602 22D9E8CEC159699C0FDFB4B87AC6A20076E0A142ECE887ED24D75295B5D0E416
7031295013 57873 62805 DA8E86D1BFD115817324F3495780A14578F80CF6AD39A559C5CE47E72FCFDB56
7025453812 21742 41846 7C20F6CF1A09EEE4F40FE6F70B0F070213E4AE0B9599CF6348B0EAC781225457
7024084206 61144 55132 7C20F6CF1A09EEE4F40FE6F70B0F070213E4AE0B9599CF6348B0EAC781225457
7020846922 7881 59283 D919CA77D59FA9AADDC15B1B7F35CA89FCFF2969ECB9110463F4E03FD244B044

Total of 0 tasks calculated error.
