Total of 100 tasks calculated correctly, accuracy 100.00% 
7043518708 32273 56948 507BC48A21CE51DCBA662E3429F363B23C79FFAEEDA4C16FEC7A81DF2D22D149
7040256747 3138 19836 7C20F6CF1A09EEE4F40FE6F70B0F070213E4AE0B9599CF6348B0EAC781225457
7042354285 36796 7231 7C20F6CF1A09EEE4F40FE6F70B0F070213E4AE0B9599CF6348B0EAC781225457
7041242375 22208 58152 7C20F6CF1A09EEE4F40FE6F70B0F070213E4AE0B9599CF6348B0EAC781225457
7042194609 49595 57750 5362FAEB85277057D8F17349F1EDC012128ACA357F8DA1F8422719BBF495FDBC
7035643593 34222 47425 7C20F6CF1A09EEE4F40FE6F70B0F070213E4AE0B9599CF6348B0EAC781225457
7037715513 32559 25206 27A9454D4DD0BBDDB70305933941A0527B9D17265EEC89B2B6E75DBB3E4FE29A
7033008037 26485 23991 D2487BDB67CDD0D7F67566EDE2A91343CD4455057EB13097022728C141F70171
7037597029 1476 52741 7C20F6CF1A09EEE4F40FE6F70B0F070213E4AE0B9599CF6348B0EAC781225457
7032770417 30913 10918 3E6F995B88283AF33F3C9C6D4C83C65C131E66123AD15E365AB4BAE16A63A820
7035411993 5558 16666 7C20F6CF1A09EEE4F40FE6F70B0F070213E4AE0B9599CF6348B0EAC781225457
7042627950 27056 18254 7C20F6CF1A09EEE4F40FE6F70B0F070213E4AE0B9599CF6348B0EAC781225457
7036402306 56897 11374 C84C26ACB2AFF8A163E83775D8822BC688AB1DA6D7C62941202ACC0ABB5EB96F
7041696486 20095 29246 418B88EF191D70C157FDC1F92F293C789591A46A6B0EFBDF670FC5232C9AFCB2
7035334410 36858 18827 7C20F6CF1A09EEE4F40FE6F70B0F070213E4AE0B9599CF6348B0EAC781225457
7034691000 40728 25829 7C20F6CF1A09EEE4F40FE6F70B0F070213E4AE0B9599CF6348B0EAC781225457
7036671865 8371 13117 7044F2FCB245793B0E40210DE99C9A855CE22E9EAA71A93F981EA9111E9015FE
7037349397 19076 11680 7C20F6CF1A09EEE4F40FE6F70B0F070213E4AE0B9599CF6348B0EAC781225457
7036831615 47189 48704 EFFD0A13C3AF04152560797EC0E48A9E9D4A0FFE1D27CB2B15471647A975C6B1
7042273661 50215 42668 6413CCA73D13EEE38BF4BAE86BC21B01BAD789C31EED875F3850D5872B5E76FB
7039672141 46812 14113 7C20F6CF1A09EEE4F40FE6F70B0F070213E4AE0B9599CF6348B0EAC781225457
7039400618 37407 37237 9F7C2330BE36BE5ADC34B22D50E4C87D82749D3AC409D459A61079C8279992D3
7033853681 18720 14562 7C20F6CF1A09EEE4F40FE6F70B0F070213E4AE0B9599CF6348B0EAC781225457
7035036857 33295 20669 B91D773CA277C52A143734A0B3D222B440EB7CE539A3FECE058DA38683307FDD
7034324904 29137 26978 89375A2A3FBA43B4E8DA21173D1E129432F807526A9557E0252EF99CACEA56EF
7041625029 63115 50163 15582B55D15D9FF8636399630D7035FAD94F504E12DCCAF0DD57BBD002C3AE07
7035154075 24079 3287 BA705DD15D012524CB559605C4B370DCA126DB1BC5B7B2C35E813163629900D4
7040631857 4017 53498 ACF87B7E0066356E772D10C745168E7711E1D9121C6E779DDB51C9A4CC20A3CA
7037269811 21286 58112 7C20F6CF1A09EEE4F40FE6F70B0F070213E4AE0B9599CF6348B0EAC781225457
7039258832 10491 10846 9A3BE52B664628AAE57A30CFDDFAB19D8A4E43A86B8E2D4F18F92F954A73D1D5
7040656731 30160 23553 7C20F6CF1A09EEE4F40FE6F70B0F070213E4AE0B9599CF6348B0EAC781225457
7042978309 17762 29627 7C20F6CF1A09EEE4F40FE6F70B0F070213E4AE0B9599CF6348B0EAC781225457
7035129613 49255 26160 1D654161E54184D9B35780F14B319832295D892650BC76CFDA0C316936D2C109
7033685937 868 5028 7C20F6CF1A09EEE4F40FE6F70B0F070213E4AE0B9599CF6348B0EAC781225457
7036614635 9516 64676 7C20F6CF1A09EEE4F40FE6F70B0F070213E4AE0B9599CF6348B0EAC781225457
7044215526 29036 28783 7C20F6CF1A09EEE4F40FE6F70B0F070213E4AE0B9599CF6348B0EAC781225457
7042839641 10433 44081 ECE673AB68215B920C534020454CF7CA9181397A33367559D9462AFB48B47AF3
7040297939 65406 53070 7C20F6CF1A09EEE4F40FE6F70B0F070213E4AE0B9599CF6348B0EAC781225457
7037288033 19099 59295 6FA9A65879D3428FA0A017EDCF9C47924278CFAB780BBA7DAF4F967CC8C089FC
7034755315 56690 47125 7C20F6CF1A09EEE4F40FE6F70B0F070213E4AE0B9599CF6348B0EAC781225457
7040098184 60473 56166 48A25F95E20C5F1D52F94973E5D78483F9757130F9FE4185C465DF2B1BA808EE
7035301642 3579 46155 083C2449CE16892B93669CA37DFFEFF4B1E6501665AA128BC2C3C6D252BFE129
7038473859 22652 4121 7C20F6CF1A09EEE4F40FE6F70B0F070213E4AE0B9599CF6348B0EAC781225457
7041294569 54221 1473 DEC258E518161B107F264E799C0CB80775024C3C8E927C8457C0E40E63C46FD6
7032759070 60390 28398 7C20F6CF1A09EEE4F40FE6F70B0F070213E4AE0B9599CF6348B0EAC781225457
7036559527 39979 42587 D3DE3FF3A203B9E34ED9179E2DBD4820970A8671FB2F441BA3DC3E549535E137
7033142298 18528 19312 7C20F6CF1A09EEE4F40FE6F70B0F070213E4AE0B9599CF6348B0EAC781225457
7039111326 22969 15790 F5D950F93C40AF4CA6C58BB84DDDD0D937F46F89B9FC7F720DA00E7D2333CE35
7042387720 51598 18506 7C20F6CF1A09EEE4F40FE6F70B0F070213E4AE0B9599CF6348B0EAC781225457
7034356622 64378 60941 7C20F6CF1A09EEE4F40FE6F70B0F070213E4AE0B9599CF6348B0EAC781225457
7041065297 61733 11001 8F2BF3FA7BE9ECFD2C2422FAE04F93268BA8F9D2E358EA2CC6CEE193A1DE6AE4
7033155204 42836 18925 7C20F6CF1A09EEE4F40FE6F70B0F070213E4AE0B9599CF6348B0EAC781225457
7041848123 17411 21204 FA627A4F1B86FD312EEFBFE6F8B7334B793CD288B00477E729CF1372D8A53B76
7038661963 40964 61195 7C20F6CF1A09EEE4F40FE6F70B0F070213E4AE0B9599CF6348B0EAC781225457
7033774261 27052 64542 7C20F6CF1A09EEE4F40FE6F70B0F070213E4AE0B9599CF6348B0EAC781225457
7041239325 44709 9823 157BC7E8AFBC0B8C591A05682EEE42DC21FAA45FD9D6642CD42EA46DBF1C90F1
7038974186 11826 9717 7C20F6CF1A09EEE4F40FE6F70B0F070213E4AE0B9599CF6348B0EAC781225457
7035554635 27465 30729 595FFA6B2DC76E37010047B1E0D8DB811E10528DA3623E11E178BC2C15A25C91
7042719408 40776 28251 7C20F6CF1A09EEE4F40FE6F70B0F070213E4AE0B9599CF6348B0EAC781225457
7034663081 32074 6745 7C20F6CF1A09EEE4F40FE6F70B0F070213E4AE0B9599CF6348B0EAC781225457
7038775622 35409 64276 9872F43F2C0915419456A5A42ACCDE4F7A52DBB3711F86BD675A0DAB42DF4841
7039461654 4060 9866 7C20F6CF1A09EEE4F40FE6F70B0F070213E4AE0B9599CF6348B0EAC781225457
7033005685 4815 50501 F61FA2747200687CC1BD4CCCA43A70C006F123BAE2E96403BF16BA32E70F9B31
7036456140 26464 37442 7C20F6CF1A09EEE4F40FE6F70B0F070213E4AE0B9599CF6348B0EAC781225457
7034558780 5198 9833 7C20F6CF1A09EEE4F40FE6F70B0F070213E4AE0B9599CF6348B0EAC781225457
7034952098 59731 57589 466463022E930512D483229E1E743AE9CB9DABEBB8C726C7A34B0FD1606CFAFD
7035757463 25322 37295 7C20F6CF1A09EEE4F40FE6F70B0F070213E4AE0B9599CF6348B0EAC781225457
7040338309 4902 23983 7C20F6CF1A09EEE4F40FE6F70B0F070213E4AE0B9599CF6348B0EAC781225457
7042196476 21378 53131 7C20F6CF1A09EEE4F40FE6F70B0F070213E4AE0B9599CF6348B0EAC781225457
7042092305 64989 19236 3ED1BCE2DEF4722553ABFA082B18D9C75CBDF20E757DE319B7E994A20F5D281E
7038087017 65238 19638 7C20F6CF1A09EEE4F40FE6F70B0F070213E4AE0B9599CF6348B0EAC781225457
7041457329 64655 65486 6433A5C779EBBE1E491B77EB5B71B7919A1AA6C7AB56C8EAAE960A7CC38B3CF0
7040957068 11394 55880 7C20F6CF1A09EEE4F40FE6F70B0F070213E4AE0B9599CF6348B0EAC781225457
7039672793 1651 43670 3FFF0F8BA3F3D064EE256D686D8DAF3E69E5A0B1A1217277B8D4A83CD8E37F94
7034099252 41645 57235 CB6D4CFF393B6609383D8F553B6B6AF121E84BFE5886B8DC2809CF635C1E38E9
7036243846 19867 17334 9C1F4E60B1790B34CBE30D296409DCAF6A2A704FCF64DFABFE3194E88D1D2682
7033799804 25728 17160 7C20F6CF1A09EEE4F40FE6F70B0F070213E4AE0B9599CF6348B0EAC781225457
7041613672 44059 29131 DD7A1A018AD93650650F011BF127D64BD1D0A44B57DFB486AD84B21E3C86B703
7042643352 34447 21838 46A5F35886EC7ED2CAAAEF6F64078331127BEAF13A2D2851B8CF7C4C8740F6E8
7036590059 21944 22088 7C20F6CF1A09EEE4F40FE6F70B0F070213E4AE0B9599CF6348B0EAC781225457
7042704634 64602 48694 7C20F6CF1A09EEE4F40FE6F70B0F070213E4AE0B9599CF6348B0EAC781225457
7034824022 35851 44992 509E6EFAE2B2E6AB3CDC393CF91A4D66965CD2C9236E72BDBC4293B672C9FFCD
7042065484 5495 18015 3A40E7D164FC500FE063ADD05834015F1CDD58E8FF2032EE799AE841D2C8FA57
7040738479 29057 44350 800E81E901476BB5E7F0171F094C105E09DB41DFA591E21F4260A662558763CC
7035794430 61424 49710 7C20F6CF1A09EEE4F40FE6F70B0F070213E4AE0B9599CF6348B0EAC781225457
7038937230 11491 43205 A86780C065B73F01AAD3A2DF50307CFEE5A347664DAB351ED1F43EAAD9B03CD9
7035388832 50146 64239 7C20F6CF1A09EEE4F40FE6F70B0F070213E4AE0B9599CF6348B0EAC781225457
7036923970 48926 19138 7C20F6CF1A09EEE4F40FE6F70B0F070213E4AE0B9599CF6348B0EAC781225457
7038770278 32245 1383 2B39DF212844D3391FA6089BEF22CAA67645156FF0323AA2F6199355D0C71EBD
7034105226 37029 2760 C8C67BACA71E47FD9527BB6ACAB2AFF5DA8C00AFE6904343692F6A8E63AAE117
7034812568 36700 8778 7C20F6CF1A09EEE4F40FE6F70B0F070213E4AE0B9599CF6348B0EAC781225457
7034947541 14007 52687 723051C223EAAFB3419B201F0F58FF553C88D499B471BB97795B4430D3D5C6F0
7034593899 12727 32164 58190511E44FC2C214D0EDD468B81AFDBD15B31F66DAFE652ECC275140A55C4D
7041966799 26791 59344 79765F45C6706ACC1885A7FD5B827F774A6B971E8AE102BC9E4C67035E142553
7034610225 60487 2532 E6D177964AC3A41C9EA10A5C22416482A449D2C0F48C9880D3DAF3C2306B7223
7042221267 24101 35495 6CE7EC3B2F625894F2E226CE16497255C03B6763E68A018BEC8605D648E9A8F3
7035120225 34968 4333 7C20F6CF1A09EEE4F40FE6F70B0F070213E4AE0B9599CF6348B0EAC781225457
7035460564 20989 28246 14B3FFA5AA19C1E11861A7BB349E1521449C28B4F64BB7B26F27886703CDB26F
7035603199 905 63153 7E397DE520596153DC70EAB25D3975A1D22CDDEDBF4FF0CA2FA54DDB1735105E
7040565290 52817 39198 1C2F1AC57E57DF2C6E9736E0F8D1B658346AE0AA409274A33C3D11A9F510ACFC

Total of 0 tasks calculated error.
