Total of 100 tasks calculated correctly, accuracy 100.00% 
7050886165 50800 65411 7C20F6CF1A09EEE4F40FE6F70B0F070213E4AE0B9599CF6348B0EAC781225457
7051313777 9265 25092 B9397FC3C05ECBE66A79A3AFEB5E586E7E1FFBF51144CF4CABFA43824AFF2563
7051401698 30276 55879 7C20F6CF1A09EEE4F40FE6F70B0F070213E4AE0B9599CF6348B0EAC781225457
7052794047 23718 1275 7C20F6CF1A09EEE4F40FE6F70B0F070213E4AE0B9599CF6348B0EAC781225457
7053675618 41238 23666 7C20F6CF1A09EEE4F40FE6F70B0F070213E4AE0B9599CF6348B0EAC781225457
7052919136 37533 17798 C2768589A1E2D66D054CCA3AF577B193B71622FCD79FC0584A23CF3EE328EBD9
7054441458 11595 44664 F017DD67021EBFC7A34EC541117853C7DCFDA07407AC4F470879EA1EB7CBCA20
7049624790 42352 54360 7C20F6CF1A09EEE4F40FE6F70B0F070213E4AE0B9599CF6348B0EAC781225457
7055129372 49209 61092 AA0B29A464DFFB5D3F6F241D237C5E99EEDC2DC0AC34941A1F77884C4A5C4185
7050527205 19330 52326 7C20F6CF1A09EEE4F40FE6F70B0F070213E4AE0B9599CF6348B0EAC781225457
7055828174 49685 59512 02C71F37D68D35974FA85EA2518262EB82011E3DC637E6AD3A334EB3DF82B6C7
7052228342 55690 31175 7C20F6CF1A09EEE4F40FE6F70B0F070213E4AE0B9599CF6348B0EAC781225457
7049938335 50083 19915 A27279DD320909FAFE426CF75A6EE0BADDF926744FDF2C2330FB7CCBDA2F8C9B
7054320259 11672 50843 7C20F6CF1A09EEE4F40FE6F70B0F070213E4AE0B9599CF6348B0EAC781225457
7048035750 47038 47382 7C20F6CF1A09EEE4F40FE6F70B0F070213E4AE0B9599CF6348B0EAC781225457
7055073854 13549 9389 DA7BB0743F1A01C799D2DBE579673A024ECD053789EC848059794B85E942A599
7045457895 19966 64237 7C20F6CF1A09EEE4F40FE6F70B0F070213E4AE0B9599CF6348B0EAC781225457
7048312848 37810 55453 7C20F6CF1A09EEE4F40FE6F70B0F070213E4AE0B9599CF6348B0EAC781225457
7049587712 30409 56220 249F5078624028332186DE1B7D08660C546313DEFDFAC3AFD4C08DA717DC21FD
7046605148 7841 53153 0B00F23592906DB6E88D61D1F24FEE87E5CC149B15C210C60135AD59D1548142
7049473584 37542 12619 7C20F6CF1A09EEE4F40FE6F70B0F070213E4AE0B9599CF6348B0EAC781225457
7053917360 52827 47988 032671A98A2A088237348AECE6430CA09108712800A387EE7EAA23F6A46A42C5
7045095668 24545 30066 B752390687EB83866B83C477BC79EAF3515B648DDEDF564E04040D49FBB88378
7052488991 47518 55015 7C20F6CF1A09EEE4F40FE6F70B0F070213E4AE0B9599CF6348B0EAC781225457
7049585133 53818 22701 7C20F6CF1A09EEE4F40FE6F70B0F070213E4AE0B9599CF6348B0EAC781225457
7052467628 60050 31820 7C20F6CF1A09EEE4F40FE6F70B0F070213E4AE0B9599CF6348B0EAC781225457
7051759840 43679 9568 C0A6ED28C60121154AFCAE4ECDB2E41F7E0620FDA3FC9C23010FCE10DDA750A0
7055239327 57392 4347 7C20F6CF1A09EEE4F40FE6F70B0F070213E4AE0B9599CF6348B0EAC781225457
7054525261 27820 43469 7C20F6CF1A09EEE4F40FE6F70B0F070213E4AE0B9599CF6348B0EAC781225457
7054693060 57373 64070 7A2CEEF6BA90A6A0BA07F5B14265277DB0008743CEAF5B6614042A1832F52186
7047983506 17580 27946 7C20F6CF1A09EEE4F40FE6F70B0F070213E4AE0B9599CF6348B0EAC781225457
7053143610 49835 35807 E66044E7CF03DB881CA27C36B8411BB36B562BEE008CE8867F0752D1BCEC8112
7047449413 57358 64786 7C20F6CF1A09EEE4F40FE6F70B0F070213E4AE0B9599CF6348B0EAC781225457
7050448228 59844 7945 7C20F6CF1A09EEE4F40FE6F70B0F070213E4AE0B9599CF6348B0EAC781225457
7053172726 747 33976 A14276514032D61BE85138F37734FE37A7265BB579A6E113204F37454CD673D6
7051904022 21835 27230 B3BA4203EE0D3310B85A1544C1F99E193507BDB0D0A70B4D06060CE3B42FEC8E
7054241545 23502 11783 7C20F6CF1A09EEE4F40FE6F70B0F070213E4AE0B9599CF6348B0EAC781225457
7052916359 8420 26522 7C20F6CF1A09EEE4F40FE6F70B0F070213E4AE0B9599CF6348B0EAC781225457
7050203326 59302 62870 7C20F6CF1A09EEE4F40FE6F70B0F070213E4AE0B9599CF6348B0EAC781225457
7046298997 32552 29620 7C20F6CF1A09EEE4F40FE6F70B0F070213E4AE0B9599CF6348B0EAC781225457
7048481850 38171 7555 083646EB64611C01C3CFAA9E4634E84D86C4400D86B31F26251BAEAAE66572E5
7045354399 10582 26744 7C20F6CF1A09EEE4F40FE6F70B0F070213E4AE0B9599CF6348B0EAC781225457
7047495690 50370 24887 7C20F6CF1A09EEE4F40FE6F70B0F070213E4AE0B9599CF6348B0EAC781225457
7049768842 64085 54749 A2E81F5F9EEF26CADFA14FC19299B034401E679215E1451DA1677F312B68ABE2
7055031047 6377 15276 C942CBE40A489EBF379F423B1E82DA3FE903EDDA018C4631AB1A41F2F5CBBC4F
7048451728 34135 9327 917D0AD67E4A586E66A97BEB08D1A08BBF75331CBCCA37FB8DA470C0216BA7FD
7049454078 47498 59705 7C20F6CF1A09EEE4F40FE6F70B0F070213E4AE0B9599CF6348B0EAC781225457
7053157965 47126 44837 7C20F6CF1A09EEE4F40FE6F70B0F070213E4AE0B9599CF6348B0EAC781225457
7054288482 2771 22790 380D996D4E086E8016B823297352F2FDBEEDC362F6A44E18A8FFA74F4C4A6870
7048994179 52890 43302 7C20F6CF1A09EEE4F40FE6F70B0F070213E4AE0B9599CF6348B0EAC781225457
7052414715 14897 55921 F9ECBAC6D50E3DAE0F961F2EDEA8557D108484B3D1228C33B572980A0B7B2C9D
7055817849 2648 48282 7C20F6CF1A09EEE4F40FE6F70B0F070213E4AE0B9599CF6348B0EAC781225457
7050599240 56665 44217 4694324EF088D8AE31E7BBDBB6DF5D6F96937082C0481C8B8F1A05D4812D5927
7045238008 42411 27299 E737F352BC69CD0F8F851C1569B6359F47511CD8DCD4D4599911EDB2109058BA
7053460745 23919 30422 4AF3FEDA9975DBF2DFB068AAB75BA8C2D6DDB6A525B0BEBE3CFA2289A8914E79
7053352724 27451 34031 F52F1D520EEC34D55F181909BFFD7B596E06D5B3A7262DD349C485B943AC018B
7054301963 34394 39459 7C20F6CF1A09EEE4F40FE6F70B0F070213E4AE0B9599CF6348B0EAC781225457
7051427803 36850 2915 7C20F6CF1A09EEE4F40FE6F70B0F070213E4AE0B9599CF6348B0EAC781225457
7054207123 32853 63399 512CCAAD096D7C44B36BE67D841FF3C62A76B262716801B35F87C2D82948FEE0
7048538061 2191 2430 CB0456AE8552B6AFD1F710885E6DC5F1B5468160F5539C0A4D9FB3380F66B358
7046426281 56040 49276 7C20F6CF1A09EEE4F40FE6F70B0F070213E4AE0B9599CF6348B0EAC781225457
7050714548 47400 26555 7C20F6CF1A09EEE4F40FE6F70B0F070213E4AE0B9599CF6348B0EAC781225457
7053944497 571 42876 7DB8A1B3F7F03CC910EC18AD1B0164A0FB7535221133F016E425604C5A9C5D63
7052525964 25347 17092 98FC45EADEBCB63C9A5367B261602936A48BA30F3104A6EFA93FB275C6F3F55D
7051408614 62623 4481 3B94540B295FFD58801C0A963CBFB6831C36C34E031F76EC26B3DE382E0BDE02
7047382043 65006 45154 7C20F6CF1A09EEE4F40FE6F70B0F070213E4AE0B9599CF6348B0EAC781225457
7054866971 16142 9088 7C20F6CF1A09EEE4F40FE6F70B0F070213E4AE0B9599CF6348B0EAC781225457
7053484114 3166 3944 7C20F6CF1A09EEE4F40FE6F70B0F070213E4AE0B9599CF6348B0EAC781225457
7048281218 22414 28446 7C20F6CF1A09EEE4F40FE6F70B0F070213E4AE0B9599CF6348B0EAC781225457
7047223581 34486 6980 7C20F6CF1A09EEE4F40FE6F70B0F070213E4AE0B9599CF6348B0EAC781225457
7047766589 38165 9923 6269A4A6FBC1C475C8994BCD1A213724C78196D4B7FBD9F75A8F5760441A4320
7052515244 30371 48831 41C26186057B520872E366F0E55766930AAE1B7F0F9EFE328C84674A9C0BAB3A
7056077839 12691 11721 5CC911D98879A9FB93B08BF8F9AADADA1C7C5B7747D23C4E3CF1134851C57CBC
7053417312 19119 8605 58DEDBC44D7F59C96403F16096B5FA02F26FEF53567C3612418C5D09DDBD9931
7053294123 12122 503 7C20F6CF1A09EEE4F40FE6F70B0F070213E4AE0B9599CF6348B0EAC781225457
7052533745 49741 59333 B305EF01A5D9452B983B92306207BAA15FB200705D1591C3EBA87DAEF3031097
7048539813 14675 6901 FD26BED972E6CAED22AAF0DFE576E6B57D389A044CD2843D1600736BE69C176D
7047355420 8791 61571 8CAE689DC224894A487175CD9E1E4537130CE3E0E405ADAF82C9A593344F675B
7054397142 53600 27015 7C20F6CF1A09EEE4F40FE6F70B0F070213E4AE0B9599CF6348B0EAC781225457
7054199741 49557 8776 CF2905C7CE7A19F3130EC5C6976FBC4CE85EA74FF3A8BC24505041B38B065432
7053640331 10524 42617 7C20F6CF1A09EEE4F40FE6F70B0F070213E4AE0B9599CF6348B0EAC781225457
7045721321 21384 17421 7C20F6CF1A09EEE4F40FE6F70B0F070213E4AE0B9599CF6348B0EAC781225457
7047261089 1359 30510 E85C9AFFE3D1B45C62F28C3C8BE30250C2DE2C1CEE80CE2557F22EBD3B51D020
7048461671 60481 46560 32E6A3E1B4029F6ED7C32FACFADB1D2F115A6BDFC5A1CBFACBFCB9EDEE7400BF
7047747552 61544 5356 7C20F6CF1A09EEE4F40FE6F70B0F070213E4AE0B9599CF6348B0EAC781225457
7046025058 14541 40835 6C41FE33C0D8CA81B3FEE60FDCC192B58D44806CBAFB18626B32EB890EFB8D3A
7046451174 29447 46060 34A74FAB6233B9E3DCF874348EC12ACB5CAD99B6E7AF1035B06E649E07E25B6F
7051455659 61184 43703 7C20F6CF1A09EEE4F40FE6F70B0F070213E4AE0B9599CF6348B0EAC781225457
7056283286 27387 4236 28FDAF8F16167CA66EAA0C4ACD04EFF376D7778E35DED44A2C3BB141ECC6A542
7044737525 60234 21681 7C20F6CF1A09EEE4F40FE6F70B0F070213E4AE0B9599CF6348B0EAC781225457
7045461379 4533 30826 E87BFA257AD068C803F2CCDD9F8C88CBF7215788D7FDF992CDDA8CBD78739754
7055302345 25375 63445 9CB34C327C239DF7FC60AC006C8FBCE0C784D9B07BB2E82222F0CCCBCCBB4ABE
7055975508 21830 36367 7C20F6CF1A09EEE4F40FE6F70B0F070213E4AE0B9599CF6348B0EAC781225457
7051547203 15218 20079 7C20F6CF1A09EEE4F40FE6F70B0F070213E4AE0B9599CF6348B0EAC781225457
7048416167 45789 37669 9125509492442F3799C7D6395E5CA4FD790AB47C72E89D742506C5C465B5210B
7052384499 60029 17212 538B1350942ADE1A26FA875AB12D571DC68A907A8AA7CC8DAD822179E2C5CEC6
7055227718 33871 52471 9992FA2D3FDFACB68EC2A873760E85541ABAC2132FE264701B153ED518DF17B0
7053359008 4627 39365 9C1E408234D3FAEEA34E707ABCE62DB65864FA844B7A1BFF55236358AE7D5182
7053791677 10879 61553 E150EE44FC02645218917A632C6E1156D0B75E28E629DE57C8CB07B43D964F82
7044695295 33248 909 7C20F6CF1A09EEE4F40FE6F70B0F070213E4AE0B9599CF6348B0EAC781225457

Total of 0 tasks calculated error.
