Total of 100 tasks calculated correctly, accuracy 100.00% 
7072861631 11375 20148 CC56BB7FEA711BC562C1E3B1516D5A559E45254A288FA84A06B9A2F1A24102CC
7071789271 16570 49699 7C20F6CF1A09EEE4F40FE6F70B0F070213E4AE0B9599CF6348B0EAC781225457
7071518366 17679 27816 2F5030BA3564054C82B6B7646B45F372A38C41A5F8D728D1764F154B4C621CA4
7077557823 10992 9225 7C20F6CF1A09EEE4F40FE6F70B0F070213E4AE0B9599CF6348B0EAC781225457
7070093048 2655 8341 B299A9E70E52243ED4481B0AC8A8620C49330CDE0771F8F79CCDA03688690B34
7072796210 59816 49799 7C20F6CF1A09EEE4F40FE6F70B0F070213E4AE0B9599CF6348B0EAC781225457
7080251936 56890 12876 7C20F6CF1A09EEE4F40FE6F70B0F070213E4AE0B9599CF6348B0EAC781225457
7073260519 11844 25547 7C20F6CF1A09EEE4F40FE6F70B0F070213E4AE0B9599CF6348B0EAC781225457
7071726019 44709 55897 BDA3CC32408ED6FEEA08ADA56A4364DA491FEE225BFB7902EB006E91414ADD4E
7076710605 10788 13199 7C20F6CF1A09EEE4F40FE6F70B0F070213E4AE0B9599CF6348B0EAC781225457
7078333892 11646 11803 7C20F6CF1A09EEE4F40FE6F70B0F070213E4AE0B9599CF6348B0EAC781225457
7070198648 29395 45654 FCEB2A88563DD135D0CB904914D0FFD2B4786F868F79E8B8BFB3CE90BABDED5A
7076657384 3118 27980 7C20F6CF1A09EEE4F40FE6F70B0F070213E4AE0B9599CF6348B0EAC781225457
7068804363 65210 33998 7C20F6CF1A09EEE4F40FE6F70B0F070213E4AE0B9599CF6348B0EAC781225457
7068663814 12801 21543 F3D371BEFD89CEF10E9866B2C9D092574F97FD4653D90AD5E3BDC2007B74E707
7075469205 53609 30911 D1F768DA6219D9332297732D2D3C1694E2F1747ADDAC1486D2C38BF2E71CD301
7078889460 62881 64067 1711F56EF62CDE1E8848DA4FCD5ED8B2E1BF28CE62D9653D39FC20EE6452EC7A
7079347569 55964 30673 7C20F6CF1A09EEE4F40FE6F70B0F070213E4AE0B9599CF6348B0EAC781225457
7073375052 4308 30939 7C20F6CF1A09EEE4F40FE6F70B0F070213E4AE0B9599CF6348B0EAC781225457
7071911550 52914 42946 7C20F6CF1A09EEE4F40FE6F70B0F070213E4AE0B9599CF6348B0EAC781225457
7075029278 63506 7153 7C20F6CF1A09EEE4F40FE6F70B0F070213E4AE0B9599CF6348B0EAC781225457
7075494806 60407 51964 996CF6F73BD40EBC86F48707EFB2774DE549A5E1E560C38DF90682A77BD00B7F
7072859265 37519 55142 51791E74E79169AE07CC1C528C3E1DDC876D0063D5B63D362EFA8C77A8707B36
7079690475 60023 47532 7D90745154C98DE8FFC6B3EC7DF504A7FB82CEA117F40F34E92CAD4681775A8B
7077883212 65325 63456 49DF688E54D33D587FA8AF7C099E989248DC14A49901F4611D44A17E9E60B389
7073573106 55767 19052 A2AD4114BBEBA44949C2D60E715A7F7FBCC305EDD7FA3E52050D34B7A7A716CA
7077517802 23734 25454 7C20F6CF1A09EEE4F40FE6F70B0F070213E4AE0B9599CF6348B0EAC781225457
7074531548 2819 50810 C445602E61FC065CDA156A32D11CCBF882888EE3F2A0476F7D42554EDAE4A3B9
7075822828 53066 35941 7C20F6CF1A09EEE4F40FE6F70B0F070213E4AE0B9599CF6348B0EAC781225457
7070930299 4471 42990 269EF0670E2CCF934B8BB8C54418B7B6893E8DDD921F6CE9061C6033B34C9977
7074896056 41243 61032 9C6A5AC0268A7E0129956FA0DEA509F604E4BFAA6C64F8C089820A9D06F35168
7071563880 19696 32243 7C20F6CF1A09EEE4F40FE6F70B0F070213E4AE0B9599CF6348B0EAC781225457
7071880590 19581 22988 EDAD353AA57A3698CD3B669F2E94A2BA724986E362D48A3CA9404BB2CC2596A3
7076818495 65415 41074 F88A5F209970231A71D62D686D92D50A5C32345D3A4F87D14BD502A9DE98B550
7075597186 19716 24470 7C20F6CF1A09EEE4F40FE6F70B0F070213E4AE0B9599CF6348B0EAC781225457
7070086114 51276 10205 7C20F6CF1A09EEE4F40FE6F70B0F070213E4AE0B9599CF6348B0EAC781225457
7075920610 63252 48447 7C20F6CF1A09EEE4F40FE6F70B0F070213E4AE0B9599CF6348B0EAC781225457
7069341603 5253 4201 BC757C822E9269FBF8B1C7B90F146D5D785EA7B24835C88FF65907534624E39A
7069649068 39672 32817 7C20F6CF1A09EEE4F40FE6F70B0F070213E4AE0B9599CF6348B0EAC781225457
7080223725 13539 26433 FD5F59F99F6F00DEB9AE6991625E21F3F2B0011FF8E236745F9C8F2EFA5DC2A4
7073375282 1066 18268 7C20F6CF1A09EEE4F40FE6F70B0F070213E4AE0B9599CF6348B0EAC781225457
7074622753 52696 61784 7C20F6CF1A09EEE4F40FE6F70B0F070213E4AE0B9599CF6348B0EAC781225457
7077283490 2528 8414 7C20F6CF1A09EEE4F40FE6F70B0F070213E4AE0B9599CF6348B0EAC781225457
7070477283 51133 20417 39F72C9EE9FDDE6F2E06CCE2967C294FD51144A35467881DEED08BCE04B737E8
7076607914 41748 41261 7C20F6CF1A09EEE4F40FE6F70B0F070213E4AE0B9599CF6348B0EAC781225457
7073918368 14755 27074 3BB19BA3FCD3B1B5BA5AE3478D1D1226B3400C8914671B274C659EA99DCFACC1
7073302979 65470 15325 7C20F6CF1A09EEE4F40FE6F70B0F070213E4AE0B9599CF6348B0EAC781225457
7072278874 9031 16285 A3FF627A2D458889749F2D321DBBF2398DC1A62854B1C004E814563628E80967
7072591977 59078 12149 7C20F6CF1A09EEE4F40FE6F70B0F070213E4AE0B9599CF6348B0EAC781225457
7076578166 47796 2635 7C20F6CF1A09EEE4F40FE6F70B0F070213E4AE0B9599CF6348B0EAC781225457
7073688914 63409 58114 1DEF1715C752B837D8697A549AA63E2454788BF58A7D4CAF3CB7E6588C0C7906
7071537083 18124 63098 7C20F6CF1A09EEE4F40FE6F70B0F070213E4AE0B9599CF6348B0EAC781225457
7077250430 901 32958 9FF57C5ABF022B1D62866FEDCD80F3F48C34CA00365D277C90C2B6775ED0E8BC
7070811310 49560 45331 7C20F6CF1A09EEE4F40FE6F70B0F070213E4AE0B9599CF6348B0EAC781225457
7071058323 2736 25093 7C20F6CF1A09EEE4F40FE6F70B0F070213E4AE0B9599CF6348B0EAC781225457
7069025031 25692 23155 7C20F6CF1A09EEE4F40FE6F70B0F070213E4AE0B9599CF6348B0EAC781225457
7078862268 48052 48991 7C20F6CF1A09EEE4F40FE6F70B0F070213E4AE0B9599CF6348B0EAC781225457
7078583875 30009 48080 4E32A187C89496C0C32A3ECA9356558F7F8D80B8764292664CA2E2C56A5C0784
7069234593 48207 49449 B680B3AC4AD8D6F68CE6AF7CE69D606897DDFE6BB1F89ACA886354FDB8AC93C8
7075775651 49993 12002 47B1233A0952E35A88DAF5B0093550375B81D88081439A1BBA54C033464AB7B5
7080297765 17146 38775 7C20F6CF1A09EEE4F40FE6F70B0F070213E4AE0B9599CF6348B0EAC781225457
7077923546 9616 12117 7C20F6CF1A09EEE4F40FE6F70B0F070213E4AE0B9599CF6348B0EAC781225457
7078825900 51603 60542 A6176478A5ABDB551613DEC7D05950D003DBA2677F5768D268DFDEEA37841F7A
7077347613 15401 25331 9D3B68FBDA1C8ABED21087AF7F39E695AF0CE27A909BCCCBA5BFBB74255933C6
7069669799 44006 47440 7C20F6CF1A09EEE4F40FE6F70B0F070213E4AE0B9599CF6348B0EAC781225457
7073258283 5516 18439 7C20F6CF1A09EEE4F40FE6F70B0F070213E4AE0B9599CF6348B0EAC781225457
7073447472 57001 59091 C9071CEB985A293A54A6BF73E8DC20C5642CF30FC7234F76E4E1700E63CEEF6F
7072150111 21311 54965 C7860A89342ABD37C91AD3CA77614B136ADB503F49503679BB9E6E0339C9B82A
7073901522 9740 9808 7C20F6CF1A09EEE4F40FE6F70B0F070213E4AE0B9599CF6348B0EAC781225457
7070078613 39997 36365 2068573CD84A8BAC3C219BA5D9348E88ACE11B8549613B44309393DCE61D00A7
7074777557 33698 36177 7C20F6CF1A09EEE4F40FE6F70B0F070213E4AE0B9599CF6348B0EAC781225457
7075775900 45206 64633 7C20F6CF1A09EEE4F40FE6F70B0F070213E4AE0B9599CF6348B0EAC781225457
7079508522 21276 10301 7C20F6CF1A09EEE4F40FE6F70B0F070213E4AE0B9599CF6348B0EAC781225457
7068813449 39559 32372 28EB5FFEFE6C656A3AD0E28A489FF0206014B1DD8BD14FD9C4662FD1C185A777
7070937077 22458 30826 7C20F6CF1A09EEE4F40FE6F70B0F070213E4AE0B9599CF6348B0EAC781225457
7075318501 30617 65066 082993B3E132F3E2581C57B5F9C6FE7446192193CFE3F67DB3051E391D8FAC90
7069951382 34772 30924 7C20F6CF1A09EEE4F40FE6F70B0F070213E4AE0B9599CF6348B0EAC781225457
7073038274 17239 51620 5CA8C8A7BC81F022760C8E6181F70AA21FEA460BC2946DA39E99A67D207DD4F2
7070857573 10795 31194 D5D17019E07E9705E604DB8E2C0509F6091ADE8F75CC1F36E0D36A3C4085217C
7071208399 23482 20835 7C20F6CF1A09EEE4F40FE6F70B0F070213E4AE0B9599CF6348B0EAC781225457
7069954027 42456 2601 7C20F6CF1A09EEE4F40FE6F70B0F070213E4AE0B9599CF6348B0EAC781225457
7080316713 37096 47844 7C20F6CF1A09EEE4F40FE6F70B0F070213E4AE0B9599CF6348B0EAC781225457
7076509275 2850 34229 7C20F6CF1A09EEE4F40FE6F70B0F070213E4AE0B9599CF6348B0EAC781225457
7071598394 37896 28144 7C20F6CF1A09EEE4F40FE6F70B0F070213E4AE0B9599CF6348B0EAC781225457
7073701338 53837 31974 A5CA8511923C4C96247764980B293A1C4B71D4B659EA27EA65BC797805BB2551
7078396323 47540 43267 7C20F6CF1A09EEE4F40FE6F70B0F070213E4AE0B9599CF6348B0EAC781225457
7077752640 13395 42084 8F9D1CD1035DD9580B0C58D9D8533B89BF62AAFE32FAAD8D804B3ACAFEF70C56
7078820524 37468 42734 7C20F6CF1A09EEE4F40FE6F70B0F070213E4AE0B9599CF6348B0EAC781225457
7070239059 15586 44306 7C20F6CF1A09EEE4F40FE6F70B0F070213E4AE0B9599CF6348B0EAC781225457
7078101144 31772 28859 7C20F6CF1A09EEE4F40FE6F70B0F070213E4AE0B9599CF6348B0EAC781225457
7069558546 60079 26190 F39D4B41D4EADBCABD96EF145EF31E48F68666314C0E653C1B5EC9D63B125FE5
7074971486 35899 6359 F6F6DF4B75B126F73D1E246F4E6A034C531B9CF0FAA6A5CB098F32ABDD37A015
7077354533 43345 54163 546E86A677C8BA18C38D65308DDEE7CF07A507DC2AC19284817A2E90A9A997F4
7070332407 42950 48543 7C20F6CF1A09EEE4F40FE6F70B0F070213E4AE0B9599CF6348B0EAC781225457
7072317742 20726 18583 7C20F6CF1A09EEE4F40FE6F70B0F070213E4AE0B9599CF6348B0EAC781225457
7073103715 16103 36586 59BDCB2DBF9387425B33DF97B73272788186D97555D2E7F715BBDE86CF379612
7075883813 12793 51628 91DE96EC0AAE358FD71089C0DD70ED7BEB54A272A0C4E2611305BD9EEE73D65A
7068504971 2012 650 7C20F6CF1A09EEE4F40FE6F70B0F070213E4AE0B9599CF6348B0EAC781225457
7070859301 9846 6851 7C20F6CF1A09EEE4F40FE6F70B0F070213E4AE0B9599CF6348B0EAC781225457
7069051360 61875 12668 D598CE7E0F21885986132C5D519DE72B9A0EB97A5F490F80EB533255B8C4CFC5

Total of 0 tasks calculated error.
