Total of 100 tasks calculated correctly, accuracy 100.00% 
7086860560 60687 43877 04FDE89D705DB7EC55AEA708B28102EA7E012E6175F4FE1159775CF4257ED2FB
7081806781 48460 1456 7C20F6CF1A09EEE4F40FE6F70B0F070213E4AE0B9599CF6348B0EAC781225457
7091211548 25907 29560 E8760ADF7B3589C09E7C7991BD8256182E516248C05E4892DA92F0C42DFBA4D2
7081611058 17734 18924 7C20F6CF1A09EEE4F40FE6F70B0F070213E4AE0B9599CF6348B0EAC781225457
7082984617 30927 42054 345EA992CF8831CC1493631AF57A378CD775D581AD63FE42534C7277EACD8CEF
7083327185 65421 17944 EAFCC4CC6E852A70FAFF5BAFA353D15FB8C8B2EFA3199A23C206D4A4566EEA11
7091528149 52802 21137 7C20F6CF1A09EEE4F40FE6F70B0F070213E4AE0B9599CF6348B0EAC781225457
7092080738 33371 8932 9E6AB3A7693CCE24234B51CE3A981396B6BEBA3088187FECA46DE30FDE26548F
7083230264 46056 35302 7C20F6CF1A09EEE4F40FE6F70B0F070213E4AE0B9599CF6348B0EAC781225457
7083794956 57986 38933 7C20F6CF1A09EEE4F40FE6F70B0F070213E4AE0B9599CF6348B0EAC781225457
7089823643 58825 55689 18C44AA92525C0E07441E6D080DFB26976B95B73035156DE16EB8880D95151B4
7084529261 38385 2930 A28C64A6F4B0F152A50B1377BCABF2457A65FBC28A4471B1B0EA9D61E09276DD
7089592112 59221 47213 97F6F904B9670A7D231887B6DD34E8A2D9AF74D60C86D0269BEA755BEFC834FA
7089128877 7464 3544 7C20F6CF1A09EEE4F40FE6F70B0F070213E4AE0B9599CF6348B0EAC781225457
7083771758 18669 13091 9F52A64C39B058EE6110CF8F0309F8F6287DDEF1E0AAB8CCCF883C8C43FA59DF
7083971653 35602 20176 7C20F6CF1A09EEE4F40FE6F70B0F070213E4AE0B9599CF6348B0EAC781225457
7089415566 46005 43546 62A14B1839E1F6CD8CC390EDDBABDE89FDF31A47C0819043E951752B7BA252A2
7090067118 31084 36505 7C20F6CF1A09EEE4F40FE6F70B0F070213E4AE0B9599CF6348B0EAC781225457
7086111992 39941 3439 2D97CF3B2D66BF657F4AE5F5B4E5F074B80367580FA81E8AEEC03063F61C1006
7090943757 49406 18999 7C20F6CF1A09EEE4F40FE6F70B0F070213E4AE0B9599CF6348B0EAC781225457
7084524354 41665 48467 FCD6A2A932B11094D2D917A3A19B737806818EF6BD10400DB90D71E6F0FD9F5C
7091674745 55573 34568 88E592ED58BC13F6E56290A363F0FCACA73D5AF7A3E3F86F1FAE184C0FF88D2E
7086661455 48114 20258 7C20F6CF1A09EEE4F40FE6F70B0F070213E4AE0B9599CF6348B0EAC781225457
7081798813 14409 43357 7519A42A00219E80084679B93EE787151CD49EF7EE1ED34AF34B4AE90A87AC74
7089707788 10588 22085 7C20F6CF1A09EEE4F40FE6F70B0F070213E4AE0B9599CF6348B0EAC781225457
7087609626 9888 41306 7C20F6CF1A09EEE4F40FE6F70B0F070213E4AE0B9599CF6348B0EAC781225457
7083391948 52839 64885 2355B1CE63CF01B86B9A75E3DBBF09304586063A15393FDEF6C5621ABEBF914D
7084273725 47952 53407 7C20F6CF1A09EEE4F40FE6F70B0F070213E4AE0B9599CF6348B0EAC781225457
7086893781 38656 48822 7C20F6CF1A09EEE4F40FE6F70B0F070213E4AE0B9599CF6348B0EAC781225457
7087957404 48829 25311 17736A5DC6F33D78B0C8AA17F791104F4D5B3BC7348BCFA832ED71F3EE756644
7087961132 51154 47980 7C20F6CF1A09EEE4F40FE6F70B0F070213E4AE0B9599CF6348B0EAC781225457
7087438552 20316 34093 7C20F6CF1A09EEE4F40FE6F70B0F070213E4AE0B9599CF6348B0EAC781225457
7090967032 38074 4058 7C20F6CF1A09EEE4F40FE6F70B0F070213E4AE0B9599CF6348B0EAC781225457
7086431661 64994 61686 7C20F6CF1A09EEE4F40FE6F70B0F070213E4AE0B9599CF6348B0EAC781225457
7089457774 48043 50192 DCB73CF62333F1379D5FE2DBE54AF8E806274A8FE24120BB963B3F70C475B07E
7090341613 41138 5836 7C20F6CF1A09EEE4F40FE6F70B0F070213E4AE0B9599CF6348B0EAC781225457
7086698436 39622 23107 7C20F6CF1A09EEE4F40FE6F70B0F070213E4AE0B9599CF6348B0EAC781225457
7089588144 62751 22065 832E8F7FB355109E795106F719396EAA321D9AD0262294DDB367D11234E5CE3C
7089440890 53941 60467 56F9B522B673B3AEF6B916A2F7463B5D577AB11F28461CCEAD0CCB64CF68C16A
7085177440 46383 61743 98DBB5A9D887DB012889D44697B6B558AABD6E7E3EE1E8E5F3F45C19694582A4
7088627224 42969 14097 B1B98E6BE8AA09F35D0356799552D372EA1573FAF3BBA71C6F631C85D92B853C
7090029284 39911 55691 D60D0EF43376D8AC7297FBA921CA4DDBA2486F90656E900285839B577F30AD01
7087577829 64768 54808 7C20F6CF1A09EEE4F40FE6F70B0F070213E4AE0B9599CF6348B0EAC781225457
7088263794 31372 51648 7C20F6CF1A09EEE4F40FE6F70B0F070213E4AE0B9599CF6348B0EAC781225457
7091819213 62691 27667 033A55D44F252F0D14F5719BB80A22895C105DBD659DD24E77714873A3FBB14A
7090446577 63345 540 9F5119C3D07FF795937851614AA3763703D9BB4B3D2ADDE9457CB1EBC56F3B5C
7083043685 59051 30829 1951137AD5110B8FB81E1FD30B19A1C69F6217D293FDE4F023EDA92435892EBD
7082401506 46270 56870 7C20F6CF1A09EEE4F40FE6F70B0F070213E4AE0B9599CF6348B0EAC781225457
7088196247 12315 26278 280BD274656C48D8BD6D866E85EE54D284BBD29181BE96A60739044B1478B99D
7087992319 9110 36865 7C20F6CF1A09EEE4F40FE6F70B0F070213E4AE0B9599CF6348B0EAC781225457
7084535353 41643 59489 FBE27B36239DD23E4A7DE2B186362BADFD67993475F1DA59C6D56AEFFA44C245
7081974970 42142 22005 7C20F6CF1A09EEE4F40FE6F70B0F070213E4AE0B9599CF6348B0EAC781225457
7083350570 43228 57088 7C20F6CF1A09EEE4F40FE6F70B0F070213E4AE0B9599CF6348B0EAC781225457
7082292644 24775 48542 FF6493D99523ECF4FA408A7F13C9E4C6806F7D4C1BB0E2A63B95429914DC5AFD
7091070241 41319 50841 484B8BDD9729BDB4C84C3D3E7B6445D7A5F1A23472475C91FD61AB0A64863522
7087421824 37529 38091 0D72B205A5A27AF982591E91CCD8EFA0E940B60B30D884DEDB47C26C887F336E
7087774350 50621 56286 63BEB3B7DCA1C201EB8FC2B0722BF69BF0DA558420FDB1405DDC47F994E490B4
7090559568 27029 44902 F99534572CF25A702CF494870CEAF7907CE0E474AC473EC2AFA828153E4546D6
7089711424 12195 58940 C140E326CCD3742037BA2A55DD6A151C30062882911F7194E81C12F386002009
7082588585 17445 29540 9BE9D3B49D48131CB366AA2EF0EB3026C33FA7B438ADDB5996635D077E292176
7080627400 57024 26960 7C20F6CF1A09EEE4F40FE6F70B0F070213E4AE0B9599CF6348B0EAC781225457
7085348450 18895 23067 03B099815FE7492F161E8BAB26B52F6410677B82E66093B75015212AB808F0D2
7082675933 7762 30675 7C20F6CF1A09EEE4F40FE6F70B0F070213E4AE0B9599CF6348B0EAC781225457
7082168887 33745 61558 C45F8547F82235A8DF09237A5F170229C8FC618382AB54A0F65064D7AE98E14C
7090329493 64309 37836 7A4AF6872AB0084EA0FB74971CCB671863D3BEE287F29AE2FB9E5950611F4A02
7087238116 42261 20680 B4A034023D2635A4E2B6D7F0E2C92571B3E7802840FD188F7B156961EA6B3A4D
7091584959 58944 42368 7C20F6CF1A09EEE4F40FE6F70B0F070213E4AE0B9599CF6348B0EAC781225457
7085794636 20259 54312 FD17F290929D844FDFCD2051F26CA61199D7D72A0DB2E84E359D0101554AFE9C
7083879101 2733 56120 C5F7F4BD770AFBA525417393D7D19168662AC560E7E806CEB139C8E3E2A1040F
7088425730 24924 45232 7C20F6CF1A09EEE4F40FE6F70B0F070213E4AE0B9599CF6348B0EAC781225457
7083984151 25013 49771 CCDF0F20CC87B3A779A81D11D9F9E26119EE34B3CB61EE9BBC85E827EB3A0E2C
7083407428 8169 32285 0C8B05A5D71B202F325AD93EA21D690E3132BB6E34EC02987A2C26F50A73E3F3
7082067401 58270 26964 7C20F6CF1A09EEE4F40FE6F70B0F070213E4AE0B9599CF6348B0EAC781225457
7092158324 12913 11387 8A91135B64A2AA39EE7EF3E66CD67585BB9281288110B7D057309D7B27993A6B
7082157055 32290 32111 7C20F6CF1A09EEE4F40FE6F70B0F070213E4AE0B9599CF6348B0EAC781225457
7084919833 14518 20635 7C20F6CF1A09EEE4F40FE6F70B0F070213E4AE0B9599CF6348B0EAC781225457
7082665300 5112 29116 7C20F6CF1A09EEE4F40FE6F70B0F070213E4AE0B9599CF6348B0EAC781225457
7084003529 48712 49298 7C20F6CF1A09EEE4F40FE6F70B0F070213E4AE0B9599CF6348B0EAC781225457
7086462068 39818 55284 7C20F6CF1A09EEE4F40FE6F70B0F070213E4AE0B9599CF6348B0EAC781225457
7087461167 46659 17096 F882B6A91D947C9B2B10D29D9A99BCD9E4A2342D97B85292E7F6F97605400C5A
7087232003 46266 64651 7C20F6CF1A09EEE4F40FE6F70B0F070213E4AE0B9599CF6348B0EAC781225457
7088806031 24656 45445 7C20F6CF1A09EEE4F40FE6F70B0F070213E4AE0B9599CF6348B0EAC781225457
7090964415 22398 47948 7C20F6CF1A09EEE4F40FE6F70B0F070213E4AE0B9599CF6348B0EAC781225457
7084150201 60141 34083 67B3B80520150D8164B017651208DB32B7AF2A60C6F5FAB536C36DBD0E60E10C
7088563847 48894 30190 7C20F6CF1A09EEE4F40FE6F70B0F070213E4AE0B9599CF6348B0EAC781225457
7080554961 36548 1042 7C20F6CF1A09EEE4F40FE6F70B0F070213E4AE0B9599CF6348B0EAC781225457
7086426314 20159 55182 14FBEF3AC87731188BCE7CAD139599C5F807756CEEE8B0705BE8DBA7AFE1DA4F
7086123933 19169 9947 1AF369C5537C1FC0EF80510F9A4ED9E6614B3C78E13C25CAA20C4C1E78920A94
7086198101 30213 10023 1E6880CFDE197D5A3193D3F59ED14A9350490D56D9D09DB33902A4A2C81EB5CC
7083062996 59063 46014 7369FDC0DBC6ADB9BF1E90ECA3DE08A13A29C316D9C21794B55A86064AA47843
7086603731 57796 51075 7C20F6CF1A09EEE4F40FE6F70B0F070213E4AE0B9599CF6348B0EAC781225457
7086078279 19769 50573 CB9FC96B1FF780BB6365CAE50246DFF2E3C1B75080E494873585ECE09A7F7CE1
7082894069 7503 37780 42F4B4625C1B39494149E99F3045EF1AE8D66E68E6F6CDDE10DBF6D4EBE9B734
7083132505 62564 3727 7C20F6CF1A09EEE4F40FE6F70B0F070213E4AE0B9599CF6348B0EAC781225457
7083799205 59432 57847 7C20F6CF1A09EEE4F40FE6F70B0F070213E4AE0B9599CF6348B0EAC781225457
7082310759 46006 35245 7C20F6CF1A09EEE4F40FE6F70B0F070213E4AE0B9599CF6348B0EAC781225457
7090815386 58886 21863 7C20F6CF1A09EEE4F40FE6F70B0F070213E4AE0B9599CF6348B0EAC781225457
7087133962 19978 49085 7C20F6CF1A09EEE4F40FE6F70B0F070213E4AE0B9599CF6348B0EAC781225457
7090968931 58689 45714 2B3423B8D2FE1B1342BFA8641DF16A95C89FF8024B709719788D58E50FE76165
7085192936 42567 24992 88B3642D774B8589673280C59D1E31F04484C1C89190955506A202684D2A2B3A

Total of 0 tasks calculated error.
