Total of 100 tasks calculated correctly, accuracy 100.00% 
7092622627 3120 116 7C20F6CF1A09EEE4F40FE6F70B0F070213E4AE0B9599CF6348B0EAC781225457
7095965170 18528 28699 7C20F6CF1A09EEE4F40FE6F70B0F070213E4AE0B9599CF6348B0EAC781225457
7096194082 13427 51207 97B7C41C8401B4D3E1DAAE04CF704EE3EEEE405CD46F82D65D538BF3134703DD
7093558081 59701 19936 CD99EE403C852649AD23919FC236D77D88A160623773186CE017985698A0ED3A
7099184475 64032 2724 7C20F6CF1A09EEE4F40FE6F70B0F070213E4AE0B9599CF6348B0EAC781225457
7099873108 41886 14450 7C20F6CF1A09EEE4F40FE6F70B0F070213E4AE0B9599CF6348B0EAC781225457
7102858885 41549 33533 EC5F85DC93A2A9D16BBE12FA1921992051B229B4940E6A0467717B3B91002221
7100566141 7589 22865 74F1BE0AE959AE21EAFCFFC4B3054E614DCB85E7D8FC8BDB532EF0B778B98534
7102666277 47612 52297 7C20F6CF1A09EEE4F40FE6F70B0F070213E4AE0B9599CF6348B0EAC781225457
7102312125 37074 50262 7C20F6CF1A09EEE4F40FE6F70B0F070213E4AE0B9599CF6348B0EAC781225457
7093972841 55016 9948 7C20F6CF1A09EEE4F40FE6F70B0F070213E4AE0B9599CF6348B0EAC781225457
7102015902 6139 23720 48055C8C5DF45784B7F161655C91336F228CDD4C534F4F08D2EB40060C74AC56
7098314931 22001 63366 5729B56412C01748D137D0631295FF1CAC69AA22785E3024FDF84EF9775FD05B
7095050632 39362 57484 7C20F6CF1A09EEE4F40FE6F70B0F070213E4AE0B9599CF6348B0EAC781225457
7093019418 35251 53068 C69D8E758A7D88CD8931FFD8AD3FFF1AB9382713F38A5A42EE4B177CF8899813
7093629693 23750 46709 7C20F6CF1A09EEE4F40FE6F70B0F070213E4AE0B9599CF6348B0EAC781225457
7101552701 26020 15273 7C20F6CF1A09EEE4F40FE6F70B0F070213E4AE0B9599CF6348B0EAC781225457
7101804573 1306 41888 7C20F6CF1A09EEE4F40FE6F70B0F070213E4AE0B9599CF6348B0EAC781225457
7101833017 30613 37967 540611D6422F445127C4B98B960305E3E033431931D27B3E7E0ACAAC99D93B90
7101678544 16516 23727 7C20F6CF1A09EEE4F40FE6F70B0F070213E4AE0B9599CF6348B0EAC781225457
7098801118 19888 16334 7C20F6CF1A09EEE4F40FE6F70B0F070213E4AE0B9599CF6348B0EAC781225457
7099646571 25948 6016 7C20F6CF1A09EEE4F40FE6F70B0F070213E4AE0B9599CF6348B0EAC781225457
7093888544 31165 51640 D1E38A10194C3534B34D324CD84D4E626AA46BD414CDCDD865A059B29453059F
7100475790 14495 5532 4091319DCE64C9CD1809B755C5BFD7FCD36204E13E57B22F322EF363CB5C8226
7104055934 48979 33917 821E5AA0D9957D462F911D05D5F1CAAE3278E302BC42BD85E171319F955B28CE
7092736922 18507 42216 9274700B8CBD76FC8A4AB9CC70B4B11E22C03DAE4A8E36F0A68B7576275812E8
7096927288 27768 25983 7C20F6CF1A09EEE4F40FE6F70B0F070213E4AE0B9599CF6348B0EAC781225457
7092568573 25205 48204 FB6C1045A527D42C257CB6E2F1786288C6B37D49201EDAD1FD3E45C8C01BB41D
7093540137 38863 14475 7F950E3E508C9E5EDDB34BC03858F3A0DF3BBB3610E6B9FE258220795032F99A
7094089602 35539 45902 3046300DF13B4BBE1CB1A3F6F936D6A02C38B2F5D1689D1FDAC74C2F2DB3FE49
7094131250 53418 51317 7C20F6CF1A09EEE4F40FE6F70B0F070213E4AE0B9599CF6348B0EAC781225457
7095147908 62543 17803 BF9D474988439696398F55C3EBE27D5738460A8E6FE81C2E3655A0B41D0D4F66
7098879980 8092 58264 7C20F6CF1A09EEE4F40FE6F70B0F070213E4AE0B9599CF6348B0EAC781225457
7095464565 3548 15256 7C20F6CF1A09EEE4F40FE6F70B0F070213E4AE0B9599CF6348B0EAC781225457
7097384801 5970 39482 7C20F6CF1A09EEE4F40FE6F70B0F070213E4AE0B9599CF6348B0EAC781225457
7101279876 18286 64965 7C20F6CF1A09EEE4F40FE6F70B0F070213E4AE0B9599CF6348B0EAC781225457
7093996498 11768 18385 7C20F6CF1A09EEE4F40FE6F70B0F070213E4AE0B9599CF6348B0EAC781225457
7100860882 56647 20301 776E216C4250A51BB9480AB8595665CB52F59D355377504403EC3778D5409257
7100500957 47350 29407 7C20F6CF1A09EEE4F40FE6F70B0F070213E4AE0B9599CF6348B0EAC781225457
7095167865 3968 32267 7C20F6CF1A09EEE4F40FE6F70B0F070213E4AE0B9599CF6348B0EAC781225457
7096390849 15584 30376 7C20F6CF1A09EEE4F40FE6F70B0F070213E4AE0B9599CF6348B0EAC781225457
7093100783 57921 15042 375D85A76369560FF7DE79B99774245B885C71FD4DFB378337B36D59D7EEF957
7102862884 22189 7500 15B02F8DC98F0506C14004683D1BD12A81E0336F0D21D0F7681ACA23FF0D5E4B
7094355851 7099 41648 D6A135CD1FB853DB1621349CFD2557305AFBB7519FA68249062CCB6523A7F8D1
7093294085 34061 33655 FC5A17DED59A06B8FB097AAA1B7D9BA1A629B777B0E2CAC601FB0FC74382199B
7100279166 3683 11443 26F2E3B64CE95BD26D7E62A594C18556A2B12E4B40EEEDB98126B92662C3C1BC
7102441266 50256 6686 7C20F6CF1A09EEE4F40FE6F70B0F070213E4AE0B9599CF6348B0EAC781225457
7098028595 6952 4690 7C20F6CF1A09EEE4F40FE6F70B0F070213E4AE0B9599CF6348B0EAC781225457
7097983460 49703 32817 F2AAB832221667E16BC04C3D1C938442BEC04BCD2D3A9CAF5938DE08067AF5D8
7099801743 50728 16816 7C20F6CF1A09EEE4F40FE6F70B0F070213E4AE0B9599CF6348B0EAC781225457
7096372873 5186 53473 7C20F6CF1A09EEE4F40FE6F70B0F070213E4AE0B9599CF6348B0EAC781225457
7102683419 53693 49240 73A4DEBDA926779DD0EE9774FE795ECC61A3269B89BBC4AAEA80EBE274F75938
7099800473 24671 2269 B03F065724106FC914E4069907977F62083D3129669732293799BB3E98B7AD4F
7104280202 63060 41456 7C20F6CF1A09EEE4F40FE6F70B0F070213E4AE0B9599CF6348B0EAC781225457
7096981138 23969 54930 F1AD6267C722721CA8ACF6AD66EA1B41F6045FE93ED43B4BFAF03F35F64CADA1
7093774277 15802 59142 7C20F6CF1A09EEE4F40FE6F70B0F070213E4AE0B9599CF6348B0EAC781225457
7093341441 37847 60486 E7E80CF8A117E83B3B78844E4254F1F8AF724973808FF9D296579D8753D9C03A
7098794501 3090 9715 7C20F6CF1A09EEE4F40FE6F70B0F070213E4AE0B9599CF6348B0EAC781225457
7101121554 45930 8256 7C20F6CF1A09EEE4F40FE6F70B0F070213E4AE0B9599CF6348B0EAC781225457
7100999591 37273 1547 D554304F295AB86E64A442BED8B0A14AD7DEC7F2FA9135C05063EC693C825DBD
7097980541 20819 22347 3FFC7B8A49DD844F8066B01FB181A5ED6E863E82FF13D0F6C62DF6BEE035180B
7094611643 14079 44291 D87762C27F94157D19BF7B6507FB8AFE595D6E78EDDC0E81E9459570E38DCBE3
7092457645 1162 15651 7C20F6CF1A09EEE4F40FE6F70B0F070213E4AE0B9599CF6348B0EAC781225457
7096900575 61723 42773 66E24D7E49D4015D49D1DFDC4CD9C90326BA51E6F88AAECD626A92A9A505C95D
7104183421 31947 7924 84BBCB5F0F32A84AEC92F69D42001BC53A656CF0914D885D68FDCEBDB6C9B748
7101967080 34294 52722 7C20F6CF1A09EEE4F40FE6F70B0F070213E4AE0B9599CF6348B0EAC781225457
7102620119 31489 65037 CDD82A10198E4F020671EAA8A1928C930048662719BD49B34A88E20DFB856619
7103041378 7006 43292 7C20F6CF1A09EEE4F40FE6F70B0F070213E4AE0B9599CF6348B0EAC781225457
7101619197 49130 44097 7C20F6CF1A09EEE4F40FE6F70B0F070213E4AE0B9599CF6348B0EAC781225457
7095294688 3788 6251 7C20F6CF1A09EEE4F40FE6F70B0F070213E4AE0B9599CF6348B0EAC781225457
7099559134 62516 6437 7C20F6CF1A09EEE4F40FE6F70B0F070213E4AE0B9599CF6348B0EAC781225457
7096010557 61851 2033 2CC455EB721B214F041B68A8928F1EE9FFCEB8562D2E8C874170E32F30A88177
7096471773 47146 44017 7C20F6CF1A09EEE4F40FE6F70B0F070213E4AE0B9599CF6348B0EAC781225457
7101530547 20772 33521 7C20F6CF1A09EEE4F40FE6F70B0F070213E4AE0B9599CF6348B0EAC781225457
7092935628 55920 55908 7C20F6CF1A09EEE4F40FE6F70B0F070213E4AE0B9599CF6348B0EAC781225457
7102568615 5770 37811 7C20F6CF1A09EEE4F40FE6F70B0F070213E4AE0B9599CF6348B0EAC781225457
7094021888 32592 20521 7C20F6CF1A09EEE4F40FE6F70B0F070213E4AE0B9599CF6348B0EAC781225457
7102916166 31137 45962 7FF2B0BDE4028B2F6EE5B9EFED60D9A3A2858C125B47E41E83CF15E520B8A367
7094410486 29919 14197 BF14C03FC18F8E747053D655C937CA3534963C8E636B2A5A2005F501A5DA8CB0
7100103867 33174 17611 7C20F6CF1A09EEE4F40FE6F70B0F070213E4AE0B9599CF6348B0EAC781225457
7093194553 16156 4702 7C20F6CF1A09EEE4F40FE6F70B0F070213E4AE0B9599CF6348B0EAC781225457
7093802094 50560 5433 7C20F6CF1A09EEE4F40FE6F70B0F070213E4AE0B9599CF6348B0EAC781225457
7102256071 1005 16438 9FF5472FE56F62542DC4E3283F895FDC92D8F0B267BA88F9431C5E4C6C8F0402
7096380464 3921 21018 1B6D7B05B5BD0835E282DAB05ABE7F9E240C4B8645F54DC0260CC80354EB4779
7095960211 50880 2980 7C20F6CF1A09EEE4F40FE6F70B0F070213E4AE0B9599CF6348B0EAC781225457
7101009986 40710 53128 7C20F6CF1A09EEE4F40FE6F70B0F070213E4AE0B9599CF6348B0EAC781225457
7095738070 63094 31156 7C20F6CF1A09EEE4F40FE6F70B0F070213E4AE0B9599CF6348B0EAC781225457
7101229048 31218 50569 7C20F6CF1A09EEE4F40FE6F70B0F070213E4AE0B9599CF6348B0EAC781225457
7104094993 42225 27008 8A63CF93F3AD7157287455A12CB5418DF65DA107083E7EF552FCFD9EDE046B2C
7092702826 25336 45198 7C20F6CF1A09EEE4F40FE6F70B0F070213E4AE0B9599CF6348B0EAC781225457
7099397548 49784 61177 7C20F6CF1A09EEE4F40FE6F70B0F070213E4AE0B9599CF6348B0EAC781225457
7102294231 7938 21690 7C20F6CF1A09EEE4F40FE6F70B0F070213E4AE0B9599CF6348B0EAC781225457
7093271395 13021 3845 DD8B07E0A3284E36F22E36171154EAF96951E7C1980C984B2B6159D50AC8D9C3
7093584004 55789 24880 F5C53479942B44A3C4424C1B8819F3003887332DDC0C409AABA0A0637976484E
7093341305 5683 8084 D027361CA5DA5DEF522158C1731F825604D805023B7E1E64D44B62B4BD86B92D
7099613284 37485 65282 99A270DEB94AC0202080A5516B4D7EE9EB1F2758C9D05450F34C525E35EC0D73
7102257360 45845 60221 914B28D57EF07B54A13118C91A4D28B5E6E9C4E03A9F508A88B28E705D78D8AA
7101859695 59361 11191 22230D2065C5668F879979B02C7B74F97CB21A7EA3E269B98E9CD57399AB47E2
7093308497 33876 30378 7C20F6CF1A09EEE4F40FE6F70B0F070213E4AE0B9599CF6348B0EAC781225457
7093661009 26438 34586 7C20F6CF1A09EEE4F40FE6F70B0F070213E4AE0B9599CF6348B0EAC781225457

Total of 0 tasks calculated error.
