Total of 100 tasks calculated correctly, accuracy 100.00% 
7117428099 41117 32423 361F126EF5E642C1F0CA60808D420397333B2031BBFB3383782DED58A1B02F9D
7119212324 18476 29979 7C20F6CF1A09EEE4F40FE6F70B0F070213E4AE0B9599CF6348B0EAC781225457
7123393619 47237 40372 7108AE88DE617D46E00C3B90D745C92E69F487C7247636D616FE223D9CCA3ABD
7124720347 42473 53847 844D256F637B9760D88C3E9EF948959A832DED4BE24C6842BAFB8BEC8365EA5D
7123199921 53535 35309 D28792BA416D18F4CEB0540C170D36D9263E42C4498D20A09BCF473ADB95C10A
7121004822 30072 8632 7C20F6CF1A09EEE4F40FE6F70B0F070213E4AE0B9599CF6348B0EAC781225457
7128380536 56439 23662 A68FF6FD757E52A713E60A8BC1880E93C8BB7C298B13B3EF139CCE8C97DE345D
7122676701 29465 6464 30CCF50FC05190927936FF1798B0DAC825D7FCD0FE42616DB09CDEFEE58B2CC3
7125393705 64970 56283 7C20F6CF1A09EEE4F40FE6F70B0F070213E4AE0B9599CF6348B0EAC781225457
7125487462 58391 33627 FD6C7E3D630251237D0721054C73B0FF39C71A283DF4CB307561E69473C7FCF8
7125360587 26527 57050 443CE488072BCD7AF751A332905708057F521E9C0129C2165B867C46968482FB
7117789915 4559 47242 3AD03BFE88463AA04B7D085664A15AD0EE4C6A7718D17EF6F075C374356C1F1B
7116822520 27116 64826 7C20F6CF1A09EEE4F40FE6F70B0F070213E4AE0B9599CF6348B0EAC781225457
7124304790 22960 48974 7C20F6CF1A09EEE4F40FE6F70B0F070213E4AE0B9599CF6348B0EAC781225457
7121796392 46384 16059 7C20F6CF1A09EEE4F40FE6F70B0F070213E4AE0B9599CF6348B0EAC781225457
7127069839 42583 52223 F36563AB12AE79D69E326F437446B3653107152F1A0C7AB26EDAD1CBB7A9A776
7124423380 14863 58804 E2EB67E6B7DAA6052F7E2EC7BAA15120BBF4A154008D0F40D4A18F4182ABCB59
7119799186 15173 13871 B238D503348A6196669F6AE6E740A4B2F5BCC9E0C06927E8294FBBA0A68005B0
7128303949 63930 13704 7C20F6CF1A09EEE4F40FE6F70B0F070213E4AE0B9599CF6348B0EAC781225457
7122196901 27028 42676 7C20F6CF1A09EEE4F40FE6F70B0F070213E4AE0B9599CF6348B0EAC781225457
7127174823 15234 46297 7C20F6CF1A09EEE4F40FE6F70B0F070213E4AE0B9599CF6348B0EAC781225457
7128340447 36031 3890 9EC3556A3B95706CD8C685DD39E906C451D0A8C029E314DF0D03D9947AB89963
7117950578 9398 36155 7C20F6CF1A09EEE4F40FE6F70B0F070213E4AE0B9599CF6348B0EAC781225457
7116600350 62245 23775 3FCBFFEDE56A6F8305394A147837EF8F712E225790AA7527AD06685612DA89A1
7124768459 37662 29712 7C20F6CF1A09EEE4F40FE6F70B0F070213E4AE0B9599CF6348B0EAC781225457
7119401544 2441 36699 46759B979C22F43B7252892DF1E1B44541B081AB870BF232A2F988F8AFD7875C
7127143491 39937 56863 A20C1AC873DE6EE837C65B22AC5CD788A4D2A33E12F5917752161FC43EA971FA
7118622733 20555 2298 77823527AA484872AFDC746DA375E027C7AFD9A20C30808E76A8DA8A2D532260
7118410457 131 59433 F6CF01F265D31F0109B24EFDF92D4736B9F51F7B83739758062B2D55F8311059
7121431645 28774 12969 7C20F6CF1A09EEE4F40FE6F70B0F070213E4AE0B9599CF6348B0EAC781225457
7123049937 57891 29415 A6D784F7F8991E6EDCEEA36343556DF91999AB82419E6F4210039F9C642CC0BD
7122831165 56406 4027 7C20F6CF1A09EEE4F40FE6F70B0F070213E4AE0B9599CF6348B0EAC781225457
7117172779 4737 45585 E7EEBE2A206B4937B3B34EA970799C8862551D6406DA64E22276FEF72D3F9F70
7127053430 31905 51979 8980804B30AA9D18748AA7C9D97D827F1F8651240A8B241E0288952C09351011
7119992220 546 48575 7C20F6CF1A09EEE4F40FE6F70B0F070213E4AE0B9599CF6348B0EAC781225457
7125475945 14364 58186 7C20F6CF1A09EEE4F40FE6F70B0F070213E4AE0B9599CF6348B0EAC781225457
7117967469 5770 8463 7C20F6CF1A09EEE4F40FE6F70B0F070213E4AE0B9599CF6348B0EAC781225457
7123680447 39562 46585 7C20F6CF1A09EEE4F40FE6F70B0F070213E4AE0B9599CF6348B0EAC781225457
7126195699 58673 41256 AE1D2C5F8478CA28FB1BFD465FF88F67B0190567439E3A66136156620F532A46
7124254068 39390 54958 7C20F6CF1A09EEE4F40FE6F70B0F070213E4AE0B9599CF6348B0EAC781225457
7126352569 25931 34651 BE79CA1DB37FA6F0A02A3280A3BA42356F5F260F19AC69DC8BB40840CF021331
7121422552 19288 30131 7C20F6CF1A09EEE4F40FE6F70B0F070213E4AE0B9599CF6348B0EAC781225457
7120096266 64939 7588 D7FD7476524D3262A4741097BAAEF078F6A8C408FB8C82AC52EA4A1CEAD27A90
7125520882 59929 51241 5E05B5504D378B0A6C8C2CD931BF2D2F8BE40599C586269492D24CC0C915EFE6
7124270659 31753 10444 0682481CCF5110194852BB71432DFE1D436EFFD7B82B65266CA202D64ECD2F16
7123301547 34693 13126 11747F4609686FF38D782981CE38BAAB9A77AFF2462FB49172E5E3482E6CF44F
7126327363 29412 51915 7C20F6CF1A09EEE4F40FE6F70B0F070213E4AE0B9599CF6348B0EAC781225457
7118884987 5303 46874 303E7B5632A1DDD027100184F27BCA18B1D90191BE012FC801D4B67D99B70B91
7128090311 54428 51018 7C20F6CF1A09EEE4F40FE6F70B0F070213E4AE0B9599CF6348B0EAC781225457
7121788295 38231 57160 5704550E5A3514FBA257E6344330D040C1EFF3F76F82BAA311E50DF046F95756
7120204650 2290 45087 7C20F6CF1A09EEE4F40FE6F70B0F070213E4AE0B9599CF6348B0EAC781225457
7116632464 29126 60688 7C20F6CF1A09EEE4F40FE6F70B0F070213E4AE0B9599CF6348B0EAC781225457
7120392778 613 21338 29FE8023CD687BFD8C72F8F99937113DB6FE2E5A7E730291F211B935C82B5504
7120501954 15836 40069 7C20F6CF1A09EEE4F40FE6F70B0F070213E4AE0B9599CF6348B0EAC781225457
7126572303 30459 6048 9598AA601ED9B11FE28E76216F7BD30E2521494749E1B8C9A9D28379F5FFB308
7126889236 41347 6649 1C53C5F26CA7E65C1D389835DEE2E5779F2FF5DC63C57EA9A8E5EE4E4A15FC7B
7120019895 20025 29890 365F9641C063F451C867D5C6F03A2B97F2EFACEF9705BB880218B992A8E78F18
7124133039 14711 63776 F79B031F6947DBCC80A2E9D5CD7710386154DD92B2572C72BF37F7DA06C755AC
7117643280 34655 24538 795791E65A1D01538C55C689E0A6138B691F910B961E91B531A3174F35E02166
7117204894 62095 42993 9532F3B52E0C53636529B33D7AEB1EDDA85917F2A5D68E8A02942A2642FA85CD
7118339115 15510 5526 7C20F6CF1A09EEE4F40FE6F70B0F070213E4AE0B9599CF6348B0EAC781225457
7119803602 45164 3898 7C20F6CF1A09EEE4F40FE6F70B0F070213E4AE0B9599CF6348B0EAC781225457
7128059422 2444 11105 7C20F6CF1A09EEE4F40FE6F70B0F070213E4AE0B9599CF6348B0EAC781225457
7117255135 38537 54241 15138B5B0DBB8E84853C4771BD72F059634394ABADDDD0536FCA8AF59D9237E8
7127523185 45414 12461 7C20F6CF1A09EEE4F40FE6F70B0F070213E4AE0B9599CF6348B0EAC781225457
7121421459 3705 11711 0D8E287BCDAFDD83904DACE4EBE34D9F46E9DEAA9D73198710DB3D02CE2B5E10
7121131391 8760 50865 7C20F6CF1A09EEE4F40FE6F70B0F070213E4AE0B9599CF6348B0EAC781225457
7125400287 39136 21612 7C20F6CF1A09EEE4F40FE6F70B0F070213E4AE0B9599CF6348B0EAC781225457
7123790391 24898 15487 7C20F6CF1A09EEE4F40FE6F70B0F070213E4AE0B9599CF6348B0EAC781225457
7121409105 59372 45027 7C20F6CF1A09EEE4F40FE6F70B0F070213E4AE0B9599CF6348B0EAC781225457
7119023910 18902 35930 7C20F6CF1A09EEE4F40FE6F70B0F070213E4AE0B9599CF6348B0EAC781225457
7126271790 10980 7499 7C20F6CF1A09EEE4F40FE6F70B0F070213E4AE0B9599CF6348B0EAC781225457
7122137158 48169 62072 6E8E66442464B5625C4B7B7EDE7832C2FFB68FC35ED965090464F84B2702FC4F
7121325758 24413 50584 0EE52835891D2B54AB9A2EEDD1342D61CE073489912F85CB300122B3F0EE7AFB
7125985429 64419 41167 849129E73F0742A33275611DAF0C82A2018ACDB4B621EAA0AB2BF5BA9B12F503
7128263690 59639 61504 C9E0BAD48D252DF3D15E4A76B95A34C714E6AF0103CA3372A820D04AD3D95BC9
7124704358 49002 45438 7C20F6CF1A09EEE4F40FE6F70B0F070213E4AE0B9599CF6348B0EAC781225457
7119943714 36064 5492 7C20F6CF1A09EEE4F40FE6F70B0F070213E4AE0B9599CF6348B0EAC781225457
7122953165 5428 18008 7C20F6CF1A09EEE4F40FE6F70B0F070213E4AE0B9599CF6348B0EAC781225457
7118827346 19762 8199 7C20F6CF1A09EEE4F40FE6F70B0F070213E4AE0B9599CF6348B0EAC781225457
7121083862 29443 8027 737B7F8451B52BC8B5C11DE2C6D5D4F01F45995AC113AAE249E502B776FDF75B
7125313101 1640 14321 7C20F6CF1A09EEE4F40FE6F70B0F070213E4AE0B9599CF6348B0EAC781225457
7122976254 5402 26969 7C20F6CF1A09EEE4F40FE6F70B0F070213E4AE0B9599CF6348B0EAC781225457
7126737480 56074 40348 7C20F6CF1A09EEE4F40FE6F70B0F070213E4AE0B9599CF6348B0EAC781225457
7117409087 41628 38560 7C20F6CF1A09EEE4F40FE6F70B0F070213E4AE0B9599CF6348B0EAC781225457
7117834252 19539 20899 9D983E948E61C9F9953CE526247E05D3520AA07D20D30DCCD9BE1802D08A2BC0
7125706073 44196 30032 7C20F6CF1A09EEE4F40FE6F70B0F070213E4AE0B9599CF6348B0EAC781225457
7121487148 33401 55881 8231BB54D7A43CE1ED46DC16064C9E68A7E4CFF118780257E15A6BE24CFD1DD9
7117795067 52602 22269 7C20F6CF1A09EEE4F40FE6F70B0F070213E4AE0B9599CF6348B0EAC781225457
7116995206 4825 39686 C129C4E9F52B6E68C2C06895BBA48B55B0045BF0096B7FCA822D5EF6D531411B
7118837317 47921 38731 29C916B89EC02890A0CEBD9E84390BB526DC8F80E0233CF60F841FBB0BF8DB1D
7125247993 3698 15284 7C20F6CF1A09EEE4F40FE6F70B0F070213E4AE0B9599CF6348B0EAC781225457
7119417152 52970 20312 7C20F6CF1A09EEE4F40FE6F70B0F070213E4AE0B9599CF6348B0EAC781225457
7118615477 60267 60229 6A7A57698A4D5C6F56C14FF40A53D1E4497CF993094E225CCC9716694109C8A7
7118373411 3603 1122 968E81D4DF50EB1DDD21F2C96C2CF673958A43C4D179FA07A4C521AB067DD35A
7119176908 56382 55047 7C20F6CF1A09EEE4F40FE6F70B0F070213E4AE0B9599CF6348B0EAC781225457
7120880132 17589 36583 040A752027F007B6E37174EBC1192644F68A40E13312C5F389F2D37A52ABEF20
7117647215 32314 46084 7C20F6CF1A09EEE4F40FE6F70B0F070213E4AE0B9599CF6348B0EAC781225457
7122650192 13521 21372 C204374AA1B6591E1C23A9C31920466283C49FC4402085B001279D66F7EA7B91
7122309719 40892 53609 7C20F6CF1A09EEE4F40FE6F70B0F070213E4AE0B9599CF6348B0EAC781225457

Total of 0 tasks calculated error.
