Total of 100 tasks calculated correctly, accuracy 100.00% 
7130043397 5768 20498 7C20F6CF1A09EEE4F40FE6F70B0F070213E4AE0B9599CF6348B0EAC781225457
7138056254 465 2343 30573B963BD33E54D20908E25E25CEFC9C86533B1C4352E31C16CE2A4BA72377
7134501358 3198 18555 7C20F6CF1A09EEE4F40FE6F70B0F070213E4AE0B9599CF6348B0EAC781225457
7131336541 33966 54259 7C20F6CF1A09EEE4F40FE6F70B0F070213E4AE0B9599CF6348B0EAC781225457
7133180047 23206 10097 7C20F6CF1A09EEE4F40FE6F70B0F070213E4AE0B9599CF6348B0EAC781225457
7138346282 29570 57295 7C20F6CF1A09EEE4F40FE6F70B0F070213E4AE0B9599CF6348B0EAC781225457
7134209934 37196 22056 7C20F6CF1A09EEE4F40FE6F70B0F070213E4AE0B9599CF6348B0EAC781225457
7129032102 31296 14337 7C20F6CF1A09EEE4F40FE6F70B0F070213E4AE0B9599CF6348B0EAC781225457
7138088470 48492 61511 7C20F6CF1A09EEE4F40FE6F70B0F070213E4AE0B9599CF6348B0EAC781225457
7131090731 28395 19011 110B393B69CA832477681F4C6D4DC9BDDFFC04C9590B1DC84CB0EECED7A100F3
7133935776 17246 15958 7C20F6CF1A09EEE4F40FE6F70B0F070213E4AE0B9599CF6348B0EAC781225457
7139261836 27399 61914 D2D90390930F221DD73F05B01B1A0ACF170094CFAA03BA23E6EB237E329556C0
7131932318 36981 23262 3D5361C66926D68A97846276343E516ECB580DCBE986FBCCA179AF116B374F8C
7137786340 4822 29882 7C20F6CF1A09EEE4F40FE6F70B0F070213E4AE0B9599CF6348B0EAC781225457
7128546051 45001 9057 BDB3E2E499DCBDEF1E663CB235B085702BF0ECF21A70F4A053B21AFA3C4C5CFF
7137469796 27028 12671 7C20F6CF1A09EEE4F40FE6F70B0F070213E4AE0B9599CF6348B0EAC781225457
7136153928 50690 53665 7C20F6CF1A09EEE4F40FE6F70B0F070213E4AE0B9599CF6348B0EAC781225457
7137003628 54982 26466 7C20F6CF1A09EEE4F40FE6F70B0F070213E4AE0B9599CF6348B0EAC781225457
7129217400 64251 28430 C593EFF8B52C72E202EFAA5149D0EEF29E8C41BAB7A0F762AEC827446F359701
7134913398 60555 25250 0F3074C53CEDFB0F5DE384CA166A23B1633E8EF6AD795280AD1AAE079E1F62D8
7136014790 46229 62777 DBE52A697C8227305608ED4C213C9D333AC453A84AD9B69FA1B303A8B49C891D
7139197614 27328 10234 7C20F6CF1A09EEE4F40FE6F70B0F070213E4AE0B9599CF6348B0EAC781225457
7134508473 28220 48925 7C20F6CF1A09EEE4F40FE6F70B0F070213E4AE0B9599CF6348B0EAC781225457
7130302938 26465 54199 B91DAE03F33ADA5ACE9CD4D797FD90824AC686434967301D03B29A1FF6352998
7138598577 56363 14416 3B1637CB0B79DCC7214F3092A3BB48D4222BF93F423E96B9CE4956730E48FE5D
7131100956 52233 31225 DA13ADF67E528BB5121BC203D21D6EC29A6988BC7DF0AAEE54CE866EA7DC54CC
7136011735 32758 55580 7C20F6CF1A09EEE4F40FE6F70B0F070213E4AE0B9599CF6348B0EAC781225457
7131206635 12621 63885 819E6F111A7117A079F74C1FFE1731C0597BBAD7DF9BDDD4811477B185CB0456
7139111615 65493 38347 93155A374A2FC902C776CC6CD19E985843B1C22F9381664771271C42F598F1F3
7140041558 37278 35229 7C20F6CF1A09EEE4F40FE6F70B0F070213E4AE0B9599CF6348B0EAC781225457
7129948948 3173 9642 723219DE4B3C4ADE2C3461CEBA53BC9566D7B509C09DD00CF407E61E3A446221
7138832431 17170 9050 7C20F6CF1A09EEE4F40FE6F70B0F070213E4AE0B9599CF6348B0EAC781225457
7139248179 19674 26304 7C20F6CF1A09EEE4F40FE6F70B0F070213E4AE0B9599CF6348B0EAC781225457
7137364996 41748 46359 7C20F6CF1A09EEE4F40FE6F70B0F070213E4AE0B9599CF6348B0EAC781225457
7134293819 23447 40799 964619431D5523375971D37640444D31B75E79E636D0BB118AE98CD6C70D65BC
7137889612 57789 59022 00C3E28FD7027E04859C6457A9DF22E3F100F8E1C2288DE2582195B61666135A
7134957142 50149 54587 DA3D9F1A562CEC2DCAB823D143C883AD042267841B03BDE70B40BF1CB26AE64C
7137525511 18679 9927 0FB0158FC9E6AB40AD512AEB802334A905437570E486AD541744BCBDE7894B48
7130846741 49989 41959 1190201EBBB1143012E27AD49F3C1486AF27950B71D63D7DC847174C9C7D1D75
7131921489 34707 57414 DC06104E091CE94D73F819771D812A91F8EB4163B7607F67197CBFB25A3144A0
7131934729 42638 29268 7C20F6CF1A09EEE4F40FE6F70B0F070213E4AE0B9599CF6348B0EAC781225457
7136391813 1760 1746 7C20F6CF1A09EEE4F40FE6F70B0F070213E4AE0B9599CF6348B0EAC781225457
7138475505 5301 59809 AA7310E4EA7EC3CE659A70B1B37E2AA0960EECECBEE0E200A95096E852F26FE6
7139245298 10635 16262 AE91D446A4B9309BC5D1E21486D5A17536188E8B4D014114A3EAAA9693A1C6BD
7131978585 47830 46483 7C20F6CF1A09EEE4F40FE6F70B0F070213E4AE0B9599CF6348B0EAC781225457
7129107638 53364 16345 7C20F6CF1A09EEE4F40FE6F70B0F070213E4AE0B9599CF6348B0EAC781225457
7128871190 10180 20618 7C20F6CF1A09EEE4F40FE6F70B0F070213E4AE0B9599CF6348B0EAC781225457
7138471094 60020 49841 7C20F6CF1A09EEE4F40FE6F70B0F070213E4AE0B9599CF6348B0EAC781225457
7136712017 36354 13912 7C20F6CF1A09EEE4F40FE6F70B0F070213E4AE0B9599CF6348B0EAC781225457
7135748334 51805 7793 1B3FBEE58D6E09EBBCFB720FB37C8B1DC03CD43D960374875AF3EC92A24562BB
7130694587 52729 46071 044446CB492D15C10A6B32CD32D01060D9D7AA5C1B413C3300DFF202A9F72FE8
7132829358 4824 20597 7C20F6CF1A09EEE4F40FE6F70B0F070213E4AE0B9599CF6348B0EAC781225457
7139957206 6529 54849 82B48DAF04835B481D8D6297D2CEEEF02298EAFE89DAE8BDA9E6DCBE857BF904
7129189445 38121 11725 77AE211F4E91A4B714CB700A6821FD95BB9F38B6EDBA67CE776BCE83A25264D7
7134788719 28392 10916 7C20F6CF1A09EEE4F40FE6F70B0F070213E4AE0B9599CF6348B0EAC781225457
7136050009 24911 27746 0248FCA47FC1B8E604CBB46A32CDCDB16C74A63FDB0A8D696BF593EF226E3908
7139434407 37376 30923 7C20F6CF1A09EEE4F40FE6F70B0F070213E4AE0B9599CF6348B0EAC781225457
7138270710 52999 30938 17B85168CEA479943F80840B26B59631C99414B61A6F51880DFF7E25FF4AE4D6
7135208050 34747 36901 2642942A6E1279442BDFCB874D3F2D1DBA6E9151E880115373CA7AC1BE9FD53E
7133314749 50510 26213 7C20F6CF1A09EEE4F40FE6F70B0F070213E4AE0B9599CF6348B0EAC781225457
7139880894 48745 16417 EA379DE9E1417364202C800E004300DD33E2404514ECB46C3302DE874B8A9199
7132218166 12917 60847 615D69E79D0DB4972B3F5691D29D5EE3E43ADCE2ED8B49A92BA693A770A1F21D
7134282871 6630 10338 7C20F6CF1A09EEE4F40FE6F70B0F070213E4AE0B9599CF6348B0EAC781225457
7133150091 20516 41396 7C20F6CF1A09EEE4F40FE6F70B0F070213E4AE0B9599CF6348B0EAC781225457
7130218894 45847 33846 40552A70EAFEAADD8E18C4D2FEF4F60C4F830034CE236E2F85E803CDD8BF9F20
7133263869 61910 32738 7C20F6CF1A09EEE4F40FE6F70B0F070213E4AE0B9599CF6348B0EAC781225457
7133882774 63534 46876 7C20F6CF1A09EEE4F40FE6F70B0F070213E4AE0B9599CF6348B0EAC781225457
7130108665 61301 50806 9A91C4D62C6BEC75609D494E1E6A48FDDD9AE0F27D2BABF49E2957ABBCCF5B0F
7128770446 5507 8041 220E03DCE04A0CCB0EBA62A50B3C9C7B969C7744EF06BE9247AA1243E5F0A13F
7130704907 34634 19005 7C20F6CF1A09EEE4F40FE6F70B0F070213E4AE0B9599CF6348B0EAC781225457
7131570176 58638 18329 7C20F6CF1A09EEE4F40FE6F70B0F070213E4AE0B9599CF6348B0EAC781225457
7130784075 61500 13974 7C20F6CF1A09EEE4F40FE6F70B0F070213E4AE0B9599CF6348B0EAC781225457
7135489721 55871 9664 1F61009DC6641919652B1CE0B7E6BFD0E500BB6399A4518ADCA98D26F51547D7
7134792982 37694 20613 7C20F6CF1A09EEE4F40FE6F70B0F070213E4AE0B9599CF6348B0EAC781225457
7138647449 61572 17598 7C20F6CF1A09EEE4F40FE6F70B0F070213E4AE0B9599CF6348B0EAC781225457
7131902688 27729 10439 4159C9EAEBD948D928E357583BEE4D12A286E155E7C61C55AE93D8E1B88D8A38
7131970409 36091 6978 6689BF1840BE27365D2E99C8686E53005F0F89C9ED902DEE0195F04EBC55EFDB
7138353693 48628 39678 7C20F6CF1A09EEE4F40FE6F70B0F070213E4AE0B9599CF6348B0EAC781225457
7139274697 7049 20674 C2E196A4D2BB2131C144E27252624D8189FECD86D17DA7E2D50F9C0EC8A474BA
7136763213 59242 23056 7C20F6CF1A09EEE4F40FE6F70B0F070213E4AE0B9599CF6348B0EAC781225457
7138721230 51642 48252 7C20F6CF1A09EEE4F40FE6F70B0F070213E4AE0B9599CF6348B0EAC781225457
7139163662 62552 36305 7C20F6CF1A09EEE4F40FE6F70B0F070213E4AE0B9599CF6348B0EAC781225457
7132574086 56319 8628 C9256A12F80D5A224CCA9FB6AF96188713BB2FC210CA1ED820CF1D7B8689C702
7133749226 57297 45733 367D3C7884C315361B1A95EC55AAA254D0E7445ADE8F721AEF3478073C9EF4E6
7137730526 20353 26249 A34E5FF7717BA4CBFB0BA204868E1FB2E2D27BE17C78D84E6F192E60E4B92F71
7134407873 28215 6199 F8C7D25873DE002796BBB424131D02C61F402668F355535C1E9DDECC16886C89
7129909336 16089 10184 CFCB8FE4BE0DE21E0C400A0CACAC612D054579D12C492A25704D4AC386A10606
7131972005 56470 40175 7C20F6CF1A09EEE4F40FE6F70B0F070213E4AE0B9599CF6348B0EAC781225457
7136530813 44129 9710 85F3EAA921812925B8CC41BBDE0929AA5331A792AEDB8C9FA09F9A117925EDCC
7136729962 47364 52128 7C20F6CF1A09EEE4F40FE6F70B0F070213E4AE0B9599CF6348B0EAC781225457
7136574568 11546 23879 7C20F6CF1A09EEE4F40FE6F70B0F070213E4AE0B9599CF6348B0EAC781225457
7132308493 21947 43068 C6CD235ADCDEC5D600EE9BD4C0887ABD2E2CDC8C7D48DBCA8D7A66677CB35B3E
7139409519 37775 19441 7D5CE2DB5B8A86C3D6ABDFF4A7FF0E97E07112244F4B3070F68FDE5D2C0A6D79
7129410368 50668 49984 7C20F6CF1A09EEE4F40FE6F70B0F070213E4AE0B9599CF6348B0EAC781225457
7135809705 21007 56043 40F96C581EE44B1D6F51A8D5F36023F82BE42139424ADD2DDA06E3C32B85829B
7130979812 4982 920 7C20F6CF1A09EEE4F40FE6F70B0F070213E4AE0B9599CF6348B0EAC781225457
7130690847 20547 33125 0DE7ADE25BB9D9BE02C4FA9CF901B16F073F56C5916C922DDA71C93BA630355E
7139079904 14116 48958 7C20F6CF1A09EEE4F40FE6F70B0F070213E4AE0B9599CF6348B0EAC781225457
7138029028 40130 19700 7C20F6CF1A09EEE4F40FE6F70B0F070213E4AE0B9599CF6348B0EAC781225457
7130680769 24908 23355 7C20F6CF1A09EEE4F40FE6F70B0F070213E4AE0B9599CF6348B0EAC781225457

Total of 0 tasks calculated error.
