Total of 100 tasks calculated correctly, accuracy 100.00% 
7175384432 14949 25738 DC2669E64E1B05C2DBAE13143DF06D2B38332788BBF933E8D01549158A6D1ABB
7174702380 30066 20541 7C20F6CF1A09EEE4F40FE6F70B0F070213E4AE0B9599CF6348B0EAC781225457
7165247002 22396 25863 7C20F6CF1A09EEE4F40FE6F70B0F070213E4AE0B9599CF6348B0EAC781225457
7164676937 23359 11369 8D467FDB6CB19544134356B356EA1F5ACD662B2AE8D07BC744A07BB0A8BE3EF3
7165340939 33931 12889 E52C8F384AC988282F9D4F160DB5A1069AD36EE5B12D841C5D42A4BFAC5CE54E
7164683294 58432 11620 7C20F6CF1A09EEE4F40FE6F70B0F070213E4AE0B9599CF6348B0EAC781225457
7176003140 27603 19715 F0E1911E957AD505AE73FEBD274B343273BF3B9990498444A88C4A691D4FB2D3
7169581075 456 3275 7C20F6CF1A09EEE4F40FE6F70B0F070213E4AE0B9599CF6348B0EAC781225457
7170264865 45449 47348 637CFEB18C6858A2423C85CF8746C516F8CC9D5DDE741F4E68D6CE2163385653
7170422647 58781 3763 0B735AEF826DC04EE8B13F202BE053AE1E7D2BF56DD997DA23634190BBC241AB
7168831691 15877 4951 54F58C8F69C486A5235F926C60103F833D51206502862DD596A5DB89C04FA730
7176038463 15974 17057 7C20F6CF1A09EEE4F40FE6F70B0F070213E4AE0B9599CF6348B0EAC781225457
7166516823 40517 37897 E90505EDABE7B178FCC4FBBB281EF53638A4378E78A57A71640B0AFF9644800E
7170194714 20728 17768 7C20F6CF1A09EEE4F40FE6F70B0F070213E4AE0B9599CF6348B0EAC781225457
7174691770 13964 2423 7C20F6CF1A09EEE4F40FE6F70B0F070213E4AE0B9599CF6348B0EAC781225457
7165948886 44334 51349 7C20F6CF1A09EEE4F40FE6F70B0F070213E4AE0B9599CF6348B0EAC781225457
7169396838 18248 51841 7C20F6CF1A09EEE4F40FE6F70B0F070213E4AE0B9599CF6348B0EAC781225457
7168736772 58054 48456 7C20F6CF1A09EEE4F40FE6F70B0F070213E4AE0B9599CF6348B0EAC781225457
7175320968 53704 24301 7C20F6CF1A09EEE4F40FE6F70B0F070213E4AE0B9599CF6348B0EAC781225457
7171800151 41742 9740 7C20F6CF1A09EEE4F40FE6F70B0F070213E4AE0B9599CF6348B0EAC781225457
7171869203 61454 53979 7C20F6CF1A09EEE4F40FE6F70B0F070213E4AE0B9599CF6348B0EAC781225457
7173232040 30792 24813 7C20F6CF1A09EEE4F40FE6F70B0F070213E4AE0B9599CF6348B0EAC781225457
7172830197 58933 20952 D5EF0CF765C99F7DD0C1A3DABA4C4DBD5976E59F86F101023C4BE400E7B57F62
7172484074 16080 61385 7C20F6CF1A09EEE4F40FE6F70B0F070213E4AE0B9599CF6348B0EAC781225457
7174833048 2868 41624 7C20F6CF1A09EEE4F40FE6F70B0F070213E4AE0B9599CF6348B0EAC781225457
7175324369 38145 17046 33FA939B2A195AF68D0775EAFB57406B905ABD0D97221E185950AF74D372B2A6
7164724958 26915 45574 C395846B1B85DC004E2D045162E35E62431129647C0CFF9BBC990D345780FD56
7172610321 65135 54399 A1E6364C02885294598A2F2C4367B5BA9D4C062E2C21CD0236FC83F8ED1BA531
7174667754 41335 20290 EC4046F574ACCBFB5EB3A01BA6C4E52B5D5E3386632647C17BDF595DFA71FBE1
7168536853 64128 34973 7C20F6CF1A09EEE4F40FE6F70B0F070213E4AE0B9599CF6348B0EAC781225457
7168174116 24263 16396 C1188E44FF59B762531E410082DD84011C0B621145D68E8191870572512BB844
7169473528 35211 48433 20C09EDDB3D12A3B85F8273769511CF9FAFD7DCDBA19E2168741D99459DB773F
7173829699 16940 44114 7C20F6CF1A09EEE4F40FE6F70B0F070213E4AE0B9599CF6348B0EAC781225457
7171908323 25811 24744 8732F6ADA1DDAA2F7047FD8CE0E3C02AC14DF94C9007A2F6069BC9BE5E5AB275
7168261485 42472 28553 7C20F6CF1A09EEE4F40FE6F70B0F070213E4AE0B9599CF6348B0EAC781225457
7167462595 27680 46224 7C20F6CF1A09EEE4F40FE6F70B0F070213E4AE0B9599CF6348B0EAC781225457
7172655737 28185 3007 C782E21F63C333277776055D6CBDB76835943F1CD317573284DC3AFB91389206
7165969415 23074 32048 7C20F6CF1A09EEE4F40FE6F70B0F070213E4AE0B9599CF6348B0EAC781225457
7165711213 27477 858 F779A3DD31081F040A6453C55ACF19273121BE0714B917F2B71D6E4A43EE4225
7167086181 8254 61142 7C20F6CF1A09EEE4F40FE6F70B0F070213E4AE0B9599CF6348B0EAC781225457
7175365858 32188 44225 7C20F6CF1A09EEE4F40FE6F70B0F070213E4AE0B9599CF6348B0EAC781225457
7170362556 52323 45101 64FE503CA5455A585AA499C533BB18F947CDD9C815E184A531740AAF1F1BB472
7172422909 23280 52108 7C20F6CF1A09EEE4F40FE6F70B0F070213E4AE0B9599CF6348B0EAC781225457
7175429218 40756 15024 7C20F6CF1A09EEE4F40FE6F70B0F070213E4AE0B9599CF6348B0EAC781225457
7170538772 17640 5676 7C20F6CF1A09EEE4F40FE6F70B0F070213E4AE0B9599CF6348B0EAC781225457
7167171658 52189 17406 472004880A1A1ED2E926706AA2F969C37A9D3844EFE9A2E1F9E6A4FD56AC205D
7174243779 45426 39073 7C20F6CF1A09EEE4F40FE6F70B0F070213E4AE0B9599CF6348B0EAC781225457
7164839700 28794 27563 7C20F6CF1A09EEE4F40FE6F70B0F070213E4AE0B9599CF6348B0EAC781225457
7169476169 52997 4041 5CB696FFA84D58548500DC7BAF1DD53345CA8CEDEB6D4001773903E76D8B7A7A
7167427591 13159 9011 4F927556A1FC83F597B1C4D1F0A3924D578B4F3E55ECD8A8897B743CEA028C11
7167024724 31537 15416 E5EF1423212F0F18BC799CA993E221482C26D546900A1DDAD93DBC3C3884C2DF
7172972187 35347 49778 F43713949C2647569E3ABA463A5DC88E743BD89D136FD203923C0A3622746918
7165908512 22661 36782 02811854DAA6E0C86778F274E122578A4FDB2DD2ECDC0B63193180CDE6DE74A8
7173742101 14963 57604 848F3FBBF11522ED3B8382D43D322D3C1AA665DA1DC91319FFA251F6DB0EAF6E
7171486512 31503 62009 DD470E23A101C9D164C2835C0540598EB63AA43456C492EDCA45C6C2547F5909
7175152549 10752 31565 7C20F6CF1A09EEE4F40FE6F70B0F070213E4AE0B9599CF6348B0EAC781225457
7174230577 25662 54476 7C20F6CF1A09EEE4F40FE6F70B0F070213E4AE0B9599CF6348B0EAC781225457
7175999876 25005 61665 65ED52AE0C2084901D9E8E01597A576FF92C06EB4ED3BFB0F7B435F33C9073A9
7169579968 49050 5093 7C20F6CF1A09EEE4F40FE6F70B0F070213E4AE0B9599CF6348B0EAC781225457
7167908395 29454 7231 7C20F6CF1A09EEE4F40FE6F70B0F070213E4AE0B9599CF6348B0EAC781225457
7167099931 25418 30607 7C20F6CF1A09EEE4F40FE6F70B0F070213E4AE0B9599CF6348B0EAC781225457
7172232572 5729 42545 A54107AE9EB722BE590468C558D9C3EB0B511BCC8B83F25B26398B5A29793EEA
7172410404 36631 28692 CA5E3E35B6198342E25AD28E33DB9C0C245BDC38AE74EFF04DB3496340ABBDD9
7167647761 27113 30855 1CAF0A82326DE6226614A614D007934A09BB5124C182CB2F9E219AC319BDA20F
7165157894 32014 22622 7C20F6CF1A09EEE4F40FE6F70B0F070213E4AE0B9599CF6348B0EAC781225457
7168389176 19142 27892 7C20F6CF1A09EEE4F40FE6F70B0F070213E4AE0B9599CF6348B0EAC781225457
7175042019 21294 16049 7C20F6CF1A09EEE4F40FE6F70B0F070213E4AE0B9599CF6348B0EAC781225457
7169680309 21738 64602 7C20F6CF1A09EEE4F40FE6F70B0F070213E4AE0B9599CF6348B0EAC781225457
7170925513 11736 38260 7C20F6CF1A09EEE4F40FE6F70B0F070213E4AE0B9599CF6348B0EAC781225457
7169933464 31321 27939 AF78CD4F9240263667806D862E99C4534B31DE2F467ED30DAD238BD980B7F877
7173988124 40359 6433 53A5A9F2165C0ACA019D296B80B26F4D09D9BBFC81CE9C6FE9B4B2BD4A5E2E3B
7169912165 19293 19165 24440065EFFE7E0D7459DA50128475AB720BEF3C6EB12E74ED7B5DE5C71B8221
7170002540 18684 30534 7C20F6CF1A09EEE4F40FE6F70B0F070213E4AE0B9599CF6348B0EAC781225457
7166555361 1392 34471 7C20F6CF1A09EEE4F40FE6F70B0F070213E4AE0B9599CF6348B0EAC781225457
7168230845 36588 55201 7C20F6CF1A09EEE4F40FE6F70B0F070213E4AE0B9599CF6348B0EAC781225457
7170310440 59633 11738 51ED06BF84E20311E90C4A0719854B54E514256F614C6BD6A4D02121DB0FA3A8
7169180769 2747 34173 6FF9349F7EE9CE795A1836623424372EEBE0A53649B6438673ACC0597701FF10
7176256647 31821 11292 71488BAF0367D45B76746FD8F3617BB6877A6BEBE407F1C2E583A9EC62D2D093
7168744709 1358 325 7C20F6CF1A09EEE4F40FE6F70B0F070213E4AE0B9599CF6348B0EAC781225457
7164875805 40168 49140 7C20F6CF1A09EEE4F40FE6F70B0F070213E4AE0B9599CF6348B0EAC781225457
7168477345 3562 13923 7C20F6CF1A09EEE4F40FE6F70B0F070213E4AE0B9599CF6348B0EAC781225457
7167042498 16194 8147 7C20F6CF1A09EEE4F40FE6F70B0F070213E4AE0B9599CF6348B0EAC781225457
7169538664 46339 31502 FBB2DD526DD01EDE9B4EAA1E6B75CB8A5E4189D7F716954731EABD106BC54701
7173075141 34872 45919 7C20F6CF1A09EEE4F40FE6F70B0F070213E4AE0B9599CF6348B0EAC781225457
7167047325 33955 29205 337638A023797818B705177C2028922B131C2E2E4F2BF0D0DD845A5A94D63E4E
7167719493 7915 34709 2FC638EBB007849F9660D4915A5DB0B108B0C79E868A0778B0AC045212F247F2
7167488231 4243 22202 0B103F481547FFF1B45E1DD81CA1D3368AE481A0080DC4FB3C48A4489491A048
7174589856 13934 13324 7C20F6CF1A09EEE4F40FE6F70B0F070213E4AE0B9599CF6348B0EAC781225457
7166033352 58657 41982 975E723980A3B5C739E909895F89825BDE28554AFD6CD14B865737F6CD053300
7167604354 63958 18333 7C20F6CF1A09EEE4F40FE6F70B0F070213E4AE0B9599CF6348B0EAC781225457
7167252281 51428 29555 7C20F6CF1A09EEE4F40FE6F70B0F070213E4AE0B9599CF6348B0EAC781225457
7173417657 11968 55229 7C20F6CF1A09EEE4F40FE6F70B0F070213E4AE0B9599CF6348B0EAC781225457
7175455950 47888 56272 7C20F6CF1A09EEE4F40FE6F70B0F070213E4AE0B9599CF6348B0EAC781225457
7172303000 37799 35791 C8F7A489509BF0E619B8C923D8038B77537156F9D3BADB1294B4333CEC1C5E8C
7170629084 43381 10950 17FDD7D44803012436C40FE95B55802B5F8F9BE2C35C977414416CB5DD50954E
7175844628 56037 58263 C42317B841F8150D56D936665BD51D9D0356E56479EC09AD4E7C4A04D2755649
7166663941 31481 13692 B75022321EFF4BF2DC42CC03CA594E176796E8B88C6B67CE8551FFAD04B9099F
7167312429 36079 20091 D80B563BEC8AEEFA5A44E2248DA78613848EFA1E14547145B6E63F00A71D2F32
7169229706 9108 14071 7C20F6CF1A09EEE4F40FE6F70B0F070213E4AE0B9599CF6348B0EAC781225457
7169107792 13716 39440 7C20F6CF1A09EEE4F40FE6F70B0F070213E4AE0B9599CF6348B0EAC781225457

Total of 0 tasks calculated error.
