Total of 100 tasks calculated correctly, accuracy 100.00% 
7245818736 8828 43327 7C20F6CF1A09EEE4F40FE6F70B0F070213E4AE0B9599CF6348B0EAC781225457
7246370953 17751 43579 FB124332E6872F8098A1B218AF61BDEE04F5348BD81D1D0721E9E152E88269B9
7244598598 31024 36937 7C20F6CF1A09EEE4F40FE6F70B0F070213E4AE0B9599CF6348B0EAC781225457
7239389153 25268 10138 7C20F6CF1A09EEE4F40FE6F70B0F070213E4AE0B9599CF6348B0EAC781225457
7241783306 34687 55504 1A925571B0D38F811408746EE51CF5C55CB24D512437A05A79E0D334E2A97E38
7243430590 22599 56947 4556A85C554238A8E3B4D8DA4A24E7E9304E9120018D51535ACB4B6B2F08538A
7236495885 15167 4329 3656B9E41FF07D9A88AAA5803679CB526D85FD414E21EA305AB001FAD12BDA96
7244026605 17789 51560 89A4F7D301962A893D074A6845EB35C334A0DD90208BC6E2454CF49BBF081989
7239637302 24858 63430 7C20F6CF1A09EEE4F40FE6F70B0F070213E4AE0B9599CF6348B0EAC781225457
7241042974 25688 47211 7C20F6CF1A09EEE4F40FE6F70B0F070213E4AE0B9599CF6348B0EAC781225457
7240523765 56630 63954 7C20F6CF1A09EEE4F40FE6F70B0F070213E4AE0B9599CF6348B0EAC781225457
7239072199 60805 60645 50CAF4D3187ED59F06777A4A7EDB446D74393C75F89F25C04A78C6E8C5C7DEC1
7240373153 53332 27630 7C20F6CF1A09EEE4F40FE6F70B0F070213E4AE0B9599CF6348B0EAC781225457
7248074977 30711 16113 AD3DEA9395A761D3A65CDB6253EA7CBCBAB900152756055EEB10E1914CBE3082
7242479365 7327 20396 28429A1CD62BB61769CA6B5D71184F1B70EC72D0FD281FBA8202075F0357973A
7244915162 55890 64928 7C20F6CF1A09EEE4F40FE6F70B0F070213E4AE0B9599CF6348B0EAC781225457
7243093166 11016 34663 7C20F6CF1A09EEE4F40FE6F70B0F070213E4AE0B9599CF6348B0EAC781225457
7238613570 55378 34464 7C20F6CF1A09EEE4F40FE6F70B0F070213E4AE0B9599CF6348B0EAC781225457
7240754447 61097 58774 AC6E02DFB0D1A3065A9123909B1E1B56B26A89A11E23265A4E244D11F42881CC
7243754224 11077 60863 FC80CE79964B219CE0AB21E05D30636933DA21F2028758AFE32BAB94AC4D437A
7238898699 15982 17574 7C20F6CF1A09EEE4F40FE6F70B0F070213E4AE0B9599CF6348B0EAC781225457
7238872546 18681 53898 64AB974E30272BC1A23D9C415CC454EB3BF28E3B6120BEE6457097EEB5FBD846
7237272304 8458 27758 7C20F6CF1A09EEE4F40FE6F70B0F070213E4AE0B9599CF6348B0EAC781225457
7245247399 11772 60372 7C20F6CF1A09EEE4F40FE6F70B0F070213E4AE0B9599CF6348B0EAC781225457
7239395230 50298 19871 7C20F6CF1A09EEE4F40FE6F70B0F070213E4AE0B9599CF6348B0EAC781225457
7239082963 30418 56322 7C20F6CF1A09EEE4F40FE6F70B0F070213E4AE0B9599CF6348B0EAC781225457
7241807797 55613 28917 C1C6B00ACCC467DA941B7F80CED6141DEF7EDCCD4DE8FF9F137AAC598BA03EF3
7243620502 62223 33475 B90687ACE169BE59729EFC2AF8774C3F5ACC2E580DBDC2377144CD45674EBF7E
7239846043 17069 14659 1241680CD8E2035ED3E3836AEEA5790A617177F0F6C094DEBE2F679F39C04A55
7239820304 5628 42500 7C20F6CF1A09EEE4F40FE6F70B0F070213E4AE0B9599CF6348B0EAC781225457
7237202997 14060 57462 7C20F6CF1A09EEE4F40FE6F70B0F070213E4AE0B9599CF6348B0EAC781225457
7240430598 3869 16885 954C48CAA6A12BEB6AE704138CD17C652D685D0825FB9A4921287D54CBD73DDE
7244707025 6989 5373 FAEF38AA2858CF5839C1E9D410A230D6D18039DFE438ABE1CAE6A1AC5D599CD2
7242235859 45177 53603 5DFEDF8E4A8D5B4B6DD83CDAA87EDAAB4B85C3A95F876C7E47CF66C9DD06ECB8
7244143276 62927 61850 A2225E6F9BAA3ED74346194486C15EF57DE2F4B9FA0F284D42903F49783E306B
7243554866 54273 48469 9014AFE29BCB3DE7EC3E6E4B3FFF0C91CFB35CF3FE4A517B0B6683D783721617
7241390212 53593 39348 A4FE9423430AE8D5C27A3D093705204977E499BE73B9896E215041E31D5CBB1A
7245079138 25191 42752 63D8DA1FA4515347379D12E965C460EA97B3B7A391238E224A36A911DDE9CFA8
7236532445 30237 22870 15DAAAECBFAF08A57D37AF0A01C46755B765E1757C4EC75582A77E33FFF8DE4D
7240637968 4942 28019 7C20F6CF1A09EEE4F40FE6F70B0F070213E4AE0B9599CF6348B0EAC781225457
7243735074 30091 34636 EA9A10CBC6D2780D337EACBA288A914B7EC98957AC80B377EC5F70CF818BEA2A
7239771412 17650 52295 7C20F6CF1A09EEE4F40FE6F70B0F070213E4AE0B9599CF6348B0EAC781225457
7246297239 31099 52781 F4320C0B0A7016AB96514E4D1905EFA9D68FD960B9458E0DFD3BC4C9F3A68525
7242899673 46713 47966 39A7C05369CE51BA7FF2B2F3B56CB56B9B4C3FCC36E1DF49513551EE69488EA3
7236784804 54277 47786 5189A351FB0823A8556C303F1EEEA0F666EDD1C255AF8F89BA348DBCFA842755
7246994722 37445 11491 2AD669308D0AB4FCA9CF36DD56FD8C687B9200C37967E3D1BFD689C9F34B6C56
7239530053 39352 48293 7C20F6CF1A09EEE4F40FE6F70B0F070213E4AE0B9599CF6348B0EAC781225457
7236640620 40792 19750 7C20F6CF1A09EEE4F40FE6F70B0F070213E4AE0B9599CF6348B0EAC781225457
7244195919 57003 13165 07321815A603DCD83D09673C5232143BE39ACE876CB45AD7AD1AC8D555E7452A
7245178634 13949 7761 78BF3AB750EAFFF38A56BDB1FC9B3E0B47B2AC61181AC36D04C33C8329E5FE6B
7237653775 34409 9685 9C5FFC16087CF6184CA3B39A18DCAC77186492AAEC887CFCE7335D0A4386A64B
7236891794 26774 4365 7C20F6CF1A09EEE4F40FE6F70B0F070213E4AE0B9599CF6348B0EAC781225457
7244249303 54527 26696 4693C0C60790B07862BF83D2310ADAAFA6C28A0A4015B821D71C3AB5CE45915C
7237727624 51833 18166 18CEC61E3FF476C8C03E53705145D589957B7B54831B417DFEE3259E31600102
7237149314 63136 23507 7C20F6CF1A09EEE4F40FE6F70B0F070213E4AE0B9599CF6348B0EAC781225457
7240759707 14284 13632 7C20F6CF1A09EEE4F40FE6F70B0F070213E4AE0B9599CF6348B0EAC781225457
7237620971 21646 24759 7C20F6CF1A09EEE4F40FE6F70B0F070213E4AE0B9599CF6348B0EAC781225457
7237177225 45013 4523 4136460BB65EACE5940972B1DADAC0DAA5653E2E9A21A51FBFE2FB069A23FF71
7245488649 20838 3803 7C20F6CF1A09EEE4F40FE6F70B0F070213E4AE0B9599CF6348B0EAC781225457
7245822056 24846 64502 7C20F6CF1A09EEE4F40FE6F70B0F070213E4AE0B9599CF6348B0EAC781225457
7237132505 14025 31149 8675A05457F528461A29E16281484C01B5D17A47EF7C287BE9DD2DFE0741D3BF
7242457917 23041 34644 09A856F89AE60E08A046D256DC7F2487E8EA7C0464F53510D6C490824FA0D21C
7248027381 37506 51560 7C20F6CF1A09EEE4F40FE6F70B0F070213E4AE0B9599CF6348B0EAC781225457
7244348491 40895 59863 39C5DDC14E4D4694F2A1E62788015878CD073181FC25ECE38EB347A299E81E5E
7244009097 50957 39692 5AF89DA5FBAF342DFCC5905FB16AD16F6757E95E56E385E837198B1C24C19BA0
7243595272 36167 16788 2F75E4DAEB69881818213A4940272C27D3BE1B4C2801CEF5B828C6F9DA081B08
7236657730 8022 35469 7C20F6CF1A09EEE4F40FE6F70B0F070213E4AE0B9599CF6348B0EAC781225457
7242728659 21409 16394 F1F1DD291A9DA05EC79B4C84805D30BCFABCB43A9074B6A609A9B9ABD64DE6EA
7239061913 20878 50069 7C20F6CF1A09EEE4F40FE6F70B0F070213E4AE0B9599CF6348B0EAC781225457
7237021156 37413 61256 A0FA0E2AC380BF47EF7A05BDB6284C8D66935FF4FF38D9AF07C4F8BCFEB78FB3
7243640023 48908 62228 7C20F6CF1A09EEE4F40FE6F70B0F070213E4AE0B9599CF6348B0EAC781225457
7240370860 37465 62986 7B5744B3378C870FFF14622AEAB359F60E721D769DDA738E1F88DC38C5ED98ED
7244933053 63178 23408 7C20F6CF1A09EEE4F40FE6F70B0F070213E4AE0B9599CF6348B0EAC781225457
7238163963 56869 22979 F61949C7FEB177A8E934026F4B441B09563A0693D72EF21672BD8AEF5734F071
7237411711 29623 52648 DC154377A29CE45A3F3803A62E8201D8B90F43A1439B925B7C82072982B1AE68
7242864484 62086 33129 7C20F6CF1A09EEE4F40FE6F70B0F070213E4AE0B9599CF6348B0EAC781225457
7237563140 45425 16888 CF9664881681761D04591D238D2FC64D1BC1EE40618F567D076AC3174E7758CD
7242329522 45286 10706 7C20F6CF1A09EEE4F40FE6F70B0F070213E4AE0B9599CF6348B0EAC781225457
7238002915 25990 56361 7C20F6CF1A09EEE4F40FE6F70B0F070213E4AE0B9599CF6348B0EAC781225457
7245783863 16755 40690 94F5706A45CDD37849BF32FF5A8E58B04371EA0D7CFA1F27089C9293287DA9C6
7240313655 39387 49453 EC6F161B7467E6F7FB843E3D8B9F2B6F9F2723CE39664BAA8FD01021FC5EF13D
7243523302 45300 32214 7C20F6CF1A09EEE4F40FE6F70B0F070213E4AE0B9599CF6348B0EAC781225457
7243936996 54353 51130 DCC99995F336C65D17B551F088D517BD6926D9609DDCDF5D8C252FF2D5B84DA7
7237109467 50658 43691 7C20F6CF1A09EEE4F40FE6F70B0F070213E4AE0B9599CF6348B0EAC781225457
7239791558 11553 43105 BFCECCEF8BA7C192075B14F556DAA65247B33F8EA96AADA1673AB904D4A29BEA
7236953908 36298 6701 7C20F6CF1A09EEE4F40FE6F70B0F070213E4AE0B9599CF6348B0EAC781225457
7246266211 555 42675 EA0406EEF7C2E360572C744126C6D56C29681BA91D7DA3CA0301CBCC5A8881B4
7237213129 63558 14006 7C20F6CF1A09EEE4F40FE6F70B0F070213E4AE0B9599CF6348B0EAC781225457
7242370505 39781 60610 DB3BC16A8048F9D4191EE4C15EDEC17ADCBB472EE3240ACA7A39EDDFDD1F28FD
7242907396 12284 14186 7C20F6CF1A09EEE4F40FE6F70B0F070213E4AE0B9599CF6348B0EAC781225457
7236916753 18775 48450 97FDC02D1506A742F47250D2B4FF33D0190F74BB9D2AE59FB40A8DD10F5111F5
7239170134 17535 5013 15297B9325C4060F08344E9320D85FDECB6F0A2A3F312F76FB5E942CC3145578
7240787179 7337 17385 3E12C66820769518363D8599C74DEEE0710635D119AB852301EAC13E55C0B07F
7242935540 20018 49482 7C20F6CF1A09EEE4F40FE6F70B0F070213E4AE0B9599CF6348B0EAC781225457
7243363232 25255 26937 D2A6EA5EFCC834470C037AE3AFB99909447FA91F4DB373EBEEE6F376AD5DA5EB
7248304771 12951 52130 62ECDDC912F92D74F95755CE658DDF44F2EA52D5F0FDCC337EC8FA4F9CDBE3F7
7242367702 54726 48402 7C20F6CF1A09EEE4F40FE6F70B0F070213E4AE0B9599CF6348B0EAC781225457
7240610226 46806 45476 7C20F6CF1A09EEE4F40FE6F70B0F070213E4AE0B9599CF6348B0EAC781225457
7244494284 6249 13319 67B781C8DF7A01A3D638610D3C2B77625653668CC86587535DBFEC6DCFA3B683
7241473998 25264 13447 7C20F6CF1A09EEE4F40FE6F70B0F070213E4AE0B9599CF6348B0EAC781225457

Total of 0 tasks calculated error.
