Total of 100 tasks calculated correctly, accuracy 100.00% 
7251770031 33642 33716 7C20F6CF1A09EEE4F40FE6F70B0F070213E4AE0B9599CF6348B0EAC781225457
7249994689 61194 46261 7C20F6CF1A09EEE4F40FE6F70B0F070213E4AE0B9599CF6348B0EAC781225457
7250434716 36586 53772 7C20F6CF1A09EEE4F40FE6F70B0F070213E4AE0B9599CF6348B0EAC781225457
7251640185 39554 30483 7C20F6CF1A09EEE4F40FE6F70B0F070213E4AE0B9599CF6348B0EAC781225457
7255534801 17126 25406 7C20F6CF1A09EEE4F40FE6F70B0F070213E4AE0B9599CF6348B0EAC781225457
7258440708 27222 23097 7C20F6CF1A09EEE4F40FE6F70B0F070213E4AE0B9599CF6348B0EAC781225457
7254934764 2694 19562 7C20F6CF1A09EEE4F40FE6F70B0F070213E4AE0B9599CF6348B0EAC781225457
7259589591 52977 18586 987F56B499AA79AC50BFD2E68E2303CE0E353AE2E6DEAC5EC5AFA96230028B20
7256038507 2479 4057 87762505F21923A61DDD94B128F29E424EE8B5B0D949D7B5DF510F48E46730E8
7256158096 27796 19980 7C20F6CF1A09EEE4F40FE6F70B0F070213E4AE0B9599CF6348B0EAC781225457
7259038154 27658 55258 7C20F6CF1A09EEE4F40FE6F70B0F070213E4AE0B9599CF6348B0EAC781225457
7249302544 14706 47966 7C20F6CF1A09EEE4F40FE6F70B0F070213E4AE0B9599CF6348B0EAC781225457
7256073072 46187 40633 2156CA32D416E53ED6CA2D0F09A71EBACD4A33305301A23E44F8A010660F5C05
7256875245 9657 45407 752ECD55769BA924CA5356B5BF2CE4A0016B07F8240A62A8F879D0310634CEE2
7250245597 38796 31260 7C20F6CF1A09EEE4F40FE6F70B0F070213E4AE0B9599CF6348B0EAC781225457
7253843140 44561 44842 7674113298F19BC96CE8A9803451E1CB0849EDAB9573FE3DBD5C771446F216DA
7260224436 47823 2287 E6A03F9FB0B8476342575938C7860893660C7D673E0A47A8402C1B0FD8AB35FD
7251188411 17795 42102 77AFBC6744340A8DA2FBF19B353E546A714EB72BA455E636B38F68BE10F9E4EC
7252231958 60373 52611 8B75EEBD2BEBAE3A7562323342D2F5BD07C9E022BFAEE1D86285F848EA335689
7249657630 46848 65008 7C20F6CF1A09EEE4F40FE6F70B0F070213E4AE0B9599CF6348B0EAC781225457
7259171555 35274 1870 7C20F6CF1A09EEE4F40FE6F70B0F070213E4AE0B9599CF6348B0EAC781225457
7249773478 25694 53451 7C20F6CF1A09EEE4F40FE6F70B0F070213E4AE0B9599CF6348B0EAC781225457
7253730939 16644 12999 7C20F6CF1A09EEE4F40FE6F70B0F070213E4AE0B9599CF6348B0EAC781225457
7255686354 41578 7353 7C20F6CF1A09EEE4F40FE6F70B0F070213E4AE0B9599CF6348B0EAC781225457
7253549008 1815 23373 6A576A2EA052F0367D2850DAFF036761D0F4B801F7A1B1F333BAA5EC6CBA737A
7257208455 34835 27507 2577AF37AD262D51670FAE9EE8DD784795021909F10E2E30C8DCA79F8B698DDC
7252496673 36888 65040 7C20F6CF1A09EEE4F40FE6F70B0F070213E4AE0B9599CF6348B0EAC781225457
7254767293 32960 15773 7C20F6CF1A09EEE4F40FE6F70B0F070213E4AE0B9599CF6348B0EAC781225457
7257585534 37524 13107 7C20F6CF1A09EEE4F40FE6F70B0F070213E4AE0B9599CF6348B0EAC781225457
7249655701 11011 16634 3987740117F7F02E9B73A4C3B2B0EF82A9B874935FD219884AB6BE91C0F77865
7259793308 61621 54717 2DAAF4C332D9B254FD8E1D0C41906A1993EFB2BDA8EB124693BC77DEBD45682F
7259156902 16170 13184 7C20F6CF1A09EEE4F40FE6F70B0F070213E4AE0B9599CF6348B0EAC781225457
7259505218 20280 37530 7C20F6CF1A09EEE4F40FE6F70B0F070213E4AE0B9599CF6348B0EAC781225457
7257817385 36158 6178 7C20F6CF1A09EEE4F40FE6F70B0F070213E4AE0B9599CF6348B0EAC781225457
7250781489 19468 16506 7C20F6CF1A09EEE4F40FE6F70B0F070213E4AE0B9599CF6348B0EAC781225457
7248664854 61790 27529 7C20F6CF1A09EEE4F40FE6F70B0F070213E4AE0B9599CF6348B0EAC781225457
7259752722 5627 49451 FD797B3CB2BDCD27606AB93BF54EF823D9191894EF080CB9865B7E440820E9DF
7258433606 10818 2947 7C20F6CF1A09EEE4F40FE6F70B0F070213E4AE0B9599CF6348B0EAC781225457
7258445908 38152 13553 7C20F6CF1A09EEE4F40FE6F70B0F070213E4AE0B9599CF6348B0EAC781225457
7251046344 47333 50614 E3284D19E5BDF5944E62D2246DF5AC941D8BCF8121127A97601499EAA2CB9AC0
7251766722 63609 18696 46CB02E56484C8FBE30D0E02DFEA77F0D3B95055F576F64C9C85DC5D359D5B95
7255595894 8156 10850 7C20F6CF1A09EEE4F40FE6F70B0F070213E4AE0B9599CF6348B0EAC781225457
7258457100 13978 19430 7C20F6CF1A09EEE4F40FE6F70B0F070213E4AE0B9599CF6348B0EAC781225457
7251270168 57391 32236 23B09CD523159A8A50313DDAF9CF5BDACFE0391388B8BFF19A03165A12437BD4
7252744959 13520 38263 7C20F6CF1A09EEE4F40FE6F70B0F070213E4AE0B9599CF6348B0EAC781225457
7258132459 63101 46126 8220EA033E65A8B6CCC9B1CF0471C8C5359994969C7C0F3604F98ECFDF6A9095
7256196359 63833 24276 E9A27392D1EA969F1060E7DBC41705D9508980E1D48BE34C37F4080DC3DF788D
7258220925 30649 11423 317E4D3EA263D5A34B648FFAAEE418922A925FB1626A8D57CA7845BED76AAD59
7250227002 6086 10592 7C20F6CF1A09EEE4F40FE6F70B0F070213E4AE0B9599CF6348B0EAC781225457
7251566979 11176 469 7C20F6CF1A09EEE4F40FE6F70B0F070213E4AE0B9599CF6348B0EAC781225457
7250395484 20317 54795 099230A9C446EDB9ACD388828A49618AAEE29F3411F117BFB89315DFD16843E5
7256772081 1890 58272 7C20F6CF1A09EEE4F40FE6F70B0F070213E4AE0B9599CF6348B0EAC781225457
7256970060 14362 13730 7C20F6CF1A09EEE4F40FE6F70B0F070213E4AE0B9599CF6348B0EAC781225457
7251221830 24031 11683 5C942F1D5628DFC432E2C62D45558BD93C7DC648BC3A843373F0E7D7374E8E7F
7256739964 50801 61627 98EC15BEF15A22264BFFB0FF3478F37642FE4178D86B3256DF6015223D6028F3
7251057068 62665 2189 7ACA0C2F178F217E346EFFFABE153E1CB9BCB406B6AD1AA9CEA97E9AB6290196
7253557044 37264 22888 7C20F6CF1A09EEE4F40FE6F70B0F070213E4AE0B9599CF6348B0EAC781225457
7258143943 56855 26738 8C85E0998ED50682417483FEA0D6D15CE619CA8B4117838038E2396CB37F4679
7255656840 2006 42223 7C20F6CF1A09EEE4F40FE6F70B0F070213E4AE0B9599CF6348B0EAC781225457
7249404790 64818 41674 7C20F6CF1A09EEE4F40FE6F70B0F070213E4AE0B9599CF6348B0EAC781225457
7256170075 12792 34660 7C20F6CF1A09EEE4F40FE6F70B0F070213E4AE0B9599CF6348B0EAC781225457
7248682030 52767 38536 D0BEFECE61F8659E444C8F3089263C8E97DB61E0C0D704114FD0B8A34C29E68F
7258355994 15868 51905 7C20F6CF1A09EEE4F40FE6F70B0F070213E4AE0B9599CF6348B0EAC781225457
7251523907 19468 5445 7C20F6CF1A09EEE4F40FE6F70B0F070213E4AE0B9599CF6348B0EAC781225457
7253354139 48164 15343 7C20F6CF1A09EEE4F40FE6F70B0F070213E4AE0B9599CF6348B0EAC781225457
7254268140 23593 5846 734EFC4AA3D44E51A790197D055F5D04C89B99FD3B971EB3EA96BF52FE5C4520
7255808790 33219 55251 51227B63A27B6AD63F3CA8556B87283CBD0691E70C7553C62268EAD86CBAE328
7252858969 1266 53218 7C20F6CF1A09EEE4F40FE6F70B0F070213E4AE0B9599CF6348B0EAC781225457
7257808813 19977 17533 2971793038B4BCC04B4FC87B27976D95AEDC8CC3D6E025CC57F4AFA7CAF0A1C5
7249295728 52257 5593 8C65507F1DF6EF8DFA8832B5AEF73733A24574678D978A72062CF96BE30EDC61
7259461271 50046 37211 7C20F6CF1A09EEE4F40FE6F70B0F070213E4AE0B9599CF6348B0EAC781225457
7254653465 24352 50399 7C20F6CF1A09EEE4F40FE6F70B0F070213E4AE0B9599CF6348B0EAC781225457
7248749232 8130 47915 7C20F6CF1A09EEE4F40FE6F70B0F070213E4AE0B9599CF6348B0EAC781225457
7259608498 36532 27630 7C20F6CF1A09EEE4F40FE6F70B0F070213E4AE0B9599CF6348B0EAC781225457
7252301958 7330 57663 7C20F6CF1A09EEE4F40FE6F70B0F070213E4AE0B9599CF6348B0EAC781225457
7254170512 51427 27532 42554FE049176F9B54EE1AF1E61BA0E42C10227F7DF2BCAF6C936CF81DEEDB2F
7248943291 44726 61228 7C20F6CF1A09EEE4F40FE6F70B0F070213E4AE0B9599CF6348B0EAC781225457
7258603283 9536 33863 7C20F6CF1A09EEE4F40FE6F70B0F070213E4AE0B9599CF6348B0EAC781225457
7251289003 59693 49886 040AC27B78726B53F5FD26443984BB76B369C1EC3139C9FE60DD7DAD00B51598
7258618530 34461 49028 23117BEEE62F4AB34D7AC4F5F0661A7D37230C5B24CB25486DF84F3640BF6ACA
7257603054 13232 26508 7C20F6CF1A09EEE4F40FE6F70B0F070213E4AE0B9599CF6348B0EAC781225457
7252661296 55255 41867 EB0AD349A8760CBDA7C0CBD301168D5D4B07C6E293B19EBED7588471C219983E
7251686117 60176 60016 7C20F6CF1A09EEE4F40FE6F70B0F070213E4AE0B9599CF6348B0EAC781225457
7256877020 40023 23341 ED41D3E2EC11512B1DB8BFF462D646D3BE1DFC80BEAF32DE1A7ECACC72181A25
7251020925 63465 51742 F0121F71E8F24786732493D5120D7DF731F774F5D65F0D58827050C7340D9E27
7254341963 44771 26259 1F38B18B8E3A199D05E64C43C787655280CEE6043E46BC741D9D165364256F9E
7256144353 61856 4030 7C20F6CF1A09EEE4F40FE6F70B0F070213E4AE0B9599CF6348B0EAC781225457
7254698384 50467 3193 2A1985BF44CD7A2C1F9E137B4F4C843DD72C895409BCA6D03B773FD673D5B985
7253668325 14291 52824 6417D45DFB4818F1051A839338F17E007308E7EB0734923B2408FE30B6FA0002
7254715460 15879 1555 74F44C9C9A8773A62A1C5102B22D201E391A5D750488A662DA822FEDC8ED7172
7258320232 32582 13134 7C20F6CF1A09EEE4F40FE6F70B0F070213E4AE0B9599CF6348B0EAC781225457
7260072869 35822 45262 7C20F6CF1A09EEE4F40FE6F70B0F070213E4AE0B9599CF6348B0EAC781225457
7260007997 14436 58301 7C20F6CF1A09EEE4F40FE6F70B0F070213E4AE0B9599CF6348B0EAC781225457
7249940306 4290 41317 7C20F6CF1A09EEE4F40FE6F70B0F070213E4AE0B9599CF6348B0EAC781225457
7249190961 14870 36894 7C20F6CF1A09EEE4F40FE6F70B0F070213E4AE0B9599CF6348B0EAC781225457
7249301525 11889 12242 8D551D071EF6DF6F1882E5D777B549C187622754B9ED277D609C2EA26ED36016
7252702686 18258 35837 7C20F6CF1A09EEE4F40FE6F70B0F070213E4AE0B9599CF6348B0EAC781225457
7256356744 6579 64776 8A9DFE001B96E784B007EF5990DCD29E9BDF24D424272B9DB27C88E3C4FE51C7
7253271854 57400 17503 7C20F6CF1A09EEE4F40FE6F70B0F070213E4AE0B9599CF6348B0EAC781225457
7252883140 7630 1373 7C20F6CF1A09EEE4F40FE6F70B0F070213E4AE0B9599CF6348B0EAC781225457

Total of 0 tasks calculated error.
