Total of 100 tasks calculated correctly, accuracy 100.00% 
7279280872 10097 12977 CCD9D9D0F84090DCEEEBA2E3ECB801BBDD20DF93E1ABC2C958BF55FA4DE2F138
7280617504 35512 14930 7C20F6CF1A09EEE4F40FE6F70B0F070213E4AE0B9599CF6348B0EAC781225457
7279959915 15922 16914 7C20F6CF1A09EEE4F40FE6F70B0F070213E4AE0B9599CF6348B0EAC781225457
7273553428 65038 37827 7C20F6CF1A09EEE4F40FE6F70B0F070213E4AE0B9599CF6348B0EAC781225457
7278622590 37193 34296 9C7DAD5D3560B16438B63936F0E34BE85417D443804BB9A18B9C393484278740
7276111835 65392 35291 7C20F6CF1A09EEE4F40FE6F70B0F070213E4AE0B9599CF6348B0EAC781225457
7278128655 20768 3315 7C20F6CF1A09EEE4F40FE6F70B0F070213E4AE0B9599CF6348B0EAC781225457
7277969423 48522 59720 7C20F6CF1A09EEE4F40FE6F70B0F070213E4AE0B9599CF6348B0EAC781225457
7276010952 30302 6615 7C20F6CF1A09EEE4F40FE6F70B0F070213E4AE0B9599CF6348B0EAC781225457
7278145317 55719 50291 BA15173A721C2320E962B156F48C1C83956508ADDE7CB7FB0689F52770A52FF8
7276485904 52920 56970 7C20F6CF1A09EEE4F40FE6F70B0F070213E4AE0B9599CF6348B0EAC781225457
7278083745 50021 44862 81FD03FE3E865CB2A2C6807216159858AAB25B8D72C0C6FFFD66A995891C5EF5
7278451267 7178 28889 7C20F6CF1A09EEE4F40FE6F70B0F070213E4AE0B9599CF6348B0EAC781225457
7283324230 52595 17435 738ED9C86BE6110DC74221BAF00B9F7174437E09134BC7F21C2F107218952684
7276642043 11328 51914 7C20F6CF1A09EEE4F40FE6F70B0F070213E4AE0B9599CF6348B0EAC781225457
7274859435 20232 10290 7C20F6CF1A09EEE4F40FE6F70B0F070213E4AE0B9599CF6348B0EAC781225457
7274131901 45800 24334 7C20F6CF1A09EEE4F40FE6F70B0F070213E4AE0B9599CF6348B0EAC781225457
7277101781 65296 33215 7C20F6CF1A09EEE4F40FE6F70B0F070213E4AE0B9599CF6348B0EAC781225457
7282349896 46444 33109 7C20F6CF1A09EEE4F40FE6F70B0F070213E4AE0B9599CF6348B0EAC781225457
7280974831 33252 5841 7C20F6CF1A09EEE4F40FE6F70B0F070213E4AE0B9599CF6348B0EAC781225457
7274576981 62059 30047 4AF45F9C48CF2FBF9EF0D7CF692E0DC114DFAAEF3299303827DC13DED0F1CBBC
7282172094 42280 35722 7C20F6CF1A09EEE4F40FE6F70B0F070213E4AE0B9599CF6348B0EAC781225457
7281129718 44761 14694 FA90DECAFACF4DBD97075368E078CC18326F210B95AFBE72514739E07817B098
7275568486 28414 39449 7C20F6CF1A09EEE4F40FE6F70B0F070213E4AE0B9599CF6348B0EAC781225457
7281333286 14602 42417 7C20F6CF1A09EEE4F40FE6F70B0F070213E4AE0B9599CF6348B0EAC781225457
7273644327 21568 17275 7C20F6CF1A09EEE4F40FE6F70B0F070213E4AE0B9599CF6348B0EAC781225457
7274856328 37829 18676 0B207F1116DE4A0B72ECA22ABFB8AB4DF15A551D84986EF93CDDA0F35F98421E
7279358301 56508 59371 7C20F6CF1A09EEE4F40FE6F70B0F070213E4AE0B9599CF6348B0EAC781225457
7278289020 16101 54601 65C84108B56742F0220E6647C24A334AB4C20BF5CD689526EC3DB075CA68A9F4
7274551792 35252 15904 7C20F6CF1A09EEE4F40FE6F70B0F070213E4AE0B9599CF6348B0EAC781225457
7282325093 35841 52426 F6151D9FA4A0C8F617786768CF629EA2F8374D4E067E1095CD679951F15E9939
7273788417 7171 10114 F8DE81A7E3EAAAB1A09DA532236EDD80936F427A3F982800FF42C60E01127612
7280355434 16288 36306 7C20F6CF1A09EEE4F40FE6F70B0F070213E4AE0B9599CF6348B0EAC781225457
7275211215 15915 39941 6D8FC704272BBBACBEB48636CF226DABB54EAB8C65B3A44B3E96718FEB8FBB19
7283052245 11713 56631 75371036593F0A3A3469F95665C0171D2FDBB83DE6140E4192CD5D677DAD1992
7282390688 42418 53332 7C20F6CF1A09EEE4F40FE6F70B0F070213E4AE0B9599CF6348B0EAC781225457
7274586278 38802 19869 7C20F6CF1A09EEE4F40FE6F70B0F070213E4AE0B9599CF6348B0EAC781225457
7280677581 22157 30832 92C245FA5D1C138E117762078A74B11ABEC146A40DF29AC7F4329440E8E26C4B
7276340161 54846 64329 7C20F6CF1A09EEE4F40FE6F70B0F070213E4AE0B9599CF6348B0EAC781225457
7278189553 27742 19353 7C20F6CF1A09EEE4F40FE6F70B0F070213E4AE0B9599CF6348B0EAC781225457
7283829007 20285 56096 F9C977A91F1E505758CCD37D4A5B06BEAF0D450D0C20EF99CE6F1B2A7C9D1D67
7280682455 38782 47072 7C20F6CF1A09EEE4F40FE6F70B0F070213E4AE0B9599CF6348B0EAC781225457
7278473596 26125 57917 8D5F8A46AF56EF45A99C8DDA75A53B9A4F205A2CB601F4A8F69F5312F44816CE
7277216009 51818 11233 7C20F6CF1A09EEE4F40FE6F70B0F070213E4AE0B9599CF6348B0EAC781225457
7284225470 61922 51509 7C20F6CF1A09EEE4F40FE6F70B0F070213E4AE0B9599CF6348B0EAC781225457
7277647235 16954 25197 7C20F6CF1A09EEE4F40FE6F70B0F070213E4AE0B9599CF6348B0EAC781225457
7280153255 40760 45423 7C20F6CF1A09EEE4F40FE6F70B0F070213E4AE0B9599CF6348B0EAC781225457
7283893893 29484 55133 7C20F6CF1A09EEE4F40FE6F70B0F070213E4AE0B9599CF6348B0EAC781225457
7278994416 3185 54578 C9B0A94D1796888BD7EF6F6A252B3141AB451947F075E66BA8921A5C7003DF7C
7276786688 60667 42345 3D4A5FB7BB55352C7814E89679D27FCFB60CD8F6DA1D212C85309C9559A60517
7278403471 30677 63912 899C163685C86B57F8575D4314DAE9CC6E0D1FE85B9601E04395AF559E4C1FB0
7276244310 27732 23448 7C20F6CF1A09EEE4F40FE6F70B0F070213E4AE0B9599CF6348B0EAC781225457
7277031798 50241 8446 08C6C7B42053ED1C6CF424AD8477B263179DC31F2CDC52631558BCADAE3D4806
7279043791 38840 24995 7C20F6CF1A09EEE4F40FE6F70B0F070213E4AE0B9599CF6348B0EAC781225457
7281047301 60563 49534 866B766A298159C309D413339820E5618D995C7EE2BB8985385A66601D3281B3
7277770412 53999 49566 9D2C5936DF62FDC1F11979BBCAEB9456492B101C7389C3B68468E1592B40FCCA
7272481022 9115 62272 6374D360D0EB2E1B22C57F3E991D87A9090A0F737FD726DCEB9D8B0C2484026F
7283348177 35294 37805 7C20F6CF1A09EEE4F40FE6F70B0F070213E4AE0B9599CF6348B0EAC781225457
7274776730 62816 7569 7C20F6CF1A09EEE4F40FE6F70B0F070213E4AE0B9599CF6348B0EAC781225457
7277013703 24325 56886 46B3CFD8E472E602E89CA4E0C73100B72F43EE3FFE87D13AB0EAB0832196120E
7279827403 36053 23451 29B77F1B17F2CF299D3D16CE84601072614D305502CA3EC4F1B123648C08E654
7279901297 37559 49256 7A8E8155728BD92A067F17B9B4A8CF8E2F3268620FCC0E268EEA190640504BAD
7281626022 63861 42720 CB5195C42AD265C3EBC9C998184CEB6C21D5715BDF8D53EC147F548E86A9D1F6
7280196986 56958 18742 7C20F6CF1A09EEE4F40FE6F70B0F070213E4AE0B9599CF6348B0EAC781225457
7280727747 41982 42051 7C20F6CF1A09EEE4F40FE6F70B0F070213E4AE0B9599CF6348B0EAC781225457
7276986879 35907 63867 B40182EC8EDAD619E3501C7A0DC1AE01D7F8AEDF6445D53574AF2212C3BB00E6
7280743325 37220 42152 7C20F6CF1A09EEE4F40FE6F70B0F070213E4AE0B9599CF6348B0EAC781225457
7283934684 21642 22163 7C20F6CF1A09EEE4F40FE6F70B0F070213E4AE0B9599CF6348B0EAC781225457
7277444504 32101 49085 99B45C5DCC12CFDA38DE6A42E15FCA787DB1C11F657A2A14CE0CB85107A01582
7273263325 10725 39596 5AEC20899D7FF82C0282D904439E4091A5D85CEDFB940D0A34F114056496BCE5
7275109792 4678 52511 7C20F6CF1A09EEE4F40FE6F70B0F070213E4AE0B9599CF6348B0EAC781225457
7276102850 5259 46466 F8D82FF54DC2A64E6F474ACAF93932EE8D8C62A556068DF86D0829277608D131
7276552905 5616 9802 7C20F6CF1A09EEE4F40FE6F70B0F070213E4AE0B9599CF6348B0EAC781225457
7274594878 59112 61329 7C20F6CF1A09EEE4F40FE6F70B0F070213E4AE0B9599CF6348B0EAC781225457
7276959913 28106 9666 7C20F6CF1A09EEE4F40FE6F70B0F070213E4AE0B9599CF6348B0EAC781225457
7278616944 64170 29253 7C20F6CF1A09EEE4F40FE6F70B0F070213E4AE0B9599CF6348B0EAC781225457
7277555636 6248 9189 7C20F6CF1A09EEE4F40FE6F70B0F070213E4AE0B9599CF6348B0EAC781225457
7279610095 34940 60333 7C20F6CF1A09EEE4F40FE6F70B0F070213E4AE0B9599CF6348B0EAC781225457
7276978714 8864 23863 7C20F6CF1A09EEE4F40FE6F70B0F070213E4AE0B9599CF6348B0EAC781225457
7275949820 48397 54537 47AA4A368C841A3A525A6108831930CD53C7EA0050ECD147F111F1C07EB9C736
7275034500 65159 60862 5B0A4E11F958BE0FFA65D152F45F860A2DCE352AE59A78F201E051F76D739B02
7283341146 38131 10676 C3B87841DAC55E6CC107F77F5B6F4A6C83CDDA8165F26AFE6E290FE52E7A6CD4
7275873916 56783 48863 A44CDAA5692266FE343ED706EB203418CFA505911AAFFD1374AB1139E2A81F03
7278029329 21076 55764 7C20F6CF1A09EEE4F40FE6F70B0F070213E4AE0B9599CF6348B0EAC781225457
7279820021 22208 55380 7C20F6CF1A09EEE4F40FE6F70B0F070213E4AE0B9599CF6348B0EAC781225457
7284075598 46091 52086 B2DA8BE7C310D79B65E86567A85FE3A69E0D1558135F9FE8FA86823565ABEEEB
7281382423 12738 62151 7C20F6CF1A09EEE4F40FE6F70B0F070213E4AE0B9599CF6348B0EAC781225457
7275295714 2710 40444 7C20F6CF1A09EEE4F40FE6F70B0F070213E4AE0B9599CF6348B0EAC781225457
7278905049 16354 49882 7C20F6CF1A09EEE4F40FE6F70B0F070213E4AE0B9599CF6348B0EAC781225457
7283472667 41196 22982 7C20F6CF1A09EEE4F40FE6F70B0F070213E4AE0B9599CF6348B0EAC781225457
7273124409 20297 33382 B2D72A6ED35311684BCD8F4BC19F42DFE6418E31F22D21DF83FA02B24D0F7AED
7272809043 58879 47770 3BB21D54E60DAA4E6259138E60871B1EAD2BD29EAEA56230935421B6F6A7C82C
7276357353 52450 51038 7C20F6CF1A09EEE4F40FE6F70B0F070213E4AE0B9599CF6348B0EAC781225457
7275473363 3152 28513 7C20F6CF1A09EEE4F40FE6F70B0F070213E4AE0B9599CF6348B0EAC781225457
7277666526 49148 3183 7C20F6CF1A09EEE4F40FE6F70B0F070213E4AE0B9599CF6348B0EAC781225457
7284124922 14779 47754 15145F51D8E31707B01AE109B61F156A7199F2265188672AC8B1A3FCC4FFE293
7275514344 51142 4233 7C20F6CF1A09EEE4F40FE6F70B0F070213E4AE0B9599CF6348B0EAC781225457
7284222778 44028 25250 7C20F6CF1A09EEE4F40FE6F70B0F070213E4AE0B9599CF6348B0EAC781225457
7280157089 11188 53304 7C20F6CF1A09EEE4F40FE6F70B0F070213E4AE0B9599CF6348B0EAC781225457
7284116126 59221 42622 2380AA18C4FC9E77A2621EBC3CED10B68BFE79334F2BA02326C3DAE93A155495

Total of 0 tasks calculated error.
