Total of 100 tasks calculated correctly, accuracy 100.00% 
7288734312 58734 50464 7C20F6CF1A09EEE4F40FE6F70B0F070213E4AE0B9599CF6348B0EAC781225457
7285292957 40130 46684 7C20F6CF1A09EEE4F40FE6F70B0F070213E4AE0B9599CF6348B0EAC781225457
7292141270 8704 18582 7C20F6CF1A09EEE4F40FE6F70B0F070213E4AE0B9599CF6348B0EAC781225457
7292948587 20738 12458 7C20F6CF1A09EEE4F40FE6F70B0F070213E4AE0B9599CF6348B0EAC781225457
7284685663 60358 50304 7C20F6CF1A09EEE4F40FE6F70B0F070213E4AE0B9599CF6348B0EAC781225457
7290322689 2126 25673 7C20F6CF1A09EEE4F40FE6F70B0F070213E4AE0B9599CF6348B0EAC781225457
7294254791 1312 13358 7C20F6CF1A09EEE4F40FE6F70B0F070213E4AE0B9599CF6348B0EAC781225457
7294161625 44590 49467 7C20F6CF1A09EEE4F40FE6F70B0F070213E4AE0B9599CF6348B0EAC781225457
7296126186 59755 18111 742D42F58577AAEA739F3E94AB08BC50070F68D9B0614811779B3F8C3B73275F
7294500404 35000 10976 7C20F6CF1A09EEE4F40FE6F70B0F070213E4AE0B9599CF6348B0EAC781225457
7288442619 4904 22673 7C20F6CF1A09EEE4F40FE6F70B0F070213E4AE0B9599CF6348B0EAC781225457
7292874202 29654 52801 7C20F6CF1A09EEE4F40FE6F70B0F070213E4AE0B9599CF6348B0EAC781225457
7291731736 17706 38274 7C20F6CF1A09EEE4F40FE6F70B0F070213E4AE0B9599CF6348B0EAC781225457
7289686748 59802 47806 7C20F6CF1A09EEE4F40FE6F70B0F070213E4AE0B9599CF6348B0EAC781225457
7293871762 49010 41688 7C20F6CF1A09EEE4F40FE6F70B0F070213E4AE0B9599CF6348B0EAC781225457
7291448486 42005 36251 D71131804F2FE208A83D8AC295EE039E7B3F9442192268C9890EDD7EBA56B24A
7289084154 11629 42361 611A5D8752DD337D6F137E9A369B61AB470F51FE3316454B67CF79080F47CC13
7295307731 27265 47667 3CFC2D3DF4C3AAE5D201E005417440E4A0F1D153626245C72C1FB604EEBF8F2F
7285082608 42730 46075 7C20F6CF1A09EEE4F40FE6F70B0F070213E4AE0B9599CF6348B0EAC781225457
7290760245 30412 64776 7C20F6CF1A09EEE4F40FE6F70B0F070213E4AE0B9599CF6348B0EAC781225457
7291542458 12188 24988 7C20F6CF1A09EEE4F40FE6F70B0F070213E4AE0B9599CF6348B0EAC781225457
7287371126 10923 10100 C72B5A83AAED9A90DBE4D4900D08996B0009B72C859D0B2FC7542DDD874D7145
7287755560 17925 62550 7D7F52BEB421160BDF64F146CF81A27CEC7CAAE2CE97F654D7B2CBE128F865F9
7291410195 15163 20450 A0C85F08EA0EBA108C43FD8AFE80AF32C628496CB2112602EFE0A172759559BC
7284933358 5911 63783 7381DFB6878135C0E4D3E9E49E28C39843191EEF90390723AA210B86588F5367
7292661410 60363 44219 B5AD84AD53F1245C189202EDA86A1FF47FDCBF98A3A0913C1825AAA157E42F98
7290924687 22420 28998 7C20F6CF1A09EEE4F40FE6F70B0F070213E4AE0B9599CF6348B0EAC781225457
7284934403 17371 39317 BF6192CE9F020ED0E51A0EC7016606684BEF5EEAE094DD56EF4F7604CF7A1E7E
7290097128 5648 56859 7C20F6CF1A09EEE4F40FE6F70B0F070213E4AE0B9599CF6348B0EAC781225457
7293052547 13002 39060 7C20F6CF1A09EEE4F40FE6F70B0F070213E4AE0B9599CF6348B0EAC781225457
7292590580 49983 35977 BC5A85D2E010174CBEBAC40E84E8B13A1C590A161034AC8C83208925A6DA864B
7288875104 8316 41796 7C20F6CF1A09EEE4F40FE6F70B0F070213E4AE0B9599CF6348B0EAC781225457
7286424382 25456 5545 7C20F6CF1A09EEE4F40FE6F70B0F070213E4AE0B9599CF6348B0EAC781225457
7293380103 9448 7910 7C20F6CF1A09EEE4F40FE6F70B0F070213E4AE0B9599CF6348B0EAC781225457
7286713063 2732 1891 7C20F6CF1A09EEE4F40FE6F70B0F070213E4AE0B9599CF6348B0EAC781225457
7295835666 32717 54791 1902AFDE75D895F1A0A2679C7734D9C32A4E3E58ABCE463638C28F40C18EBC9B
7287499509 13597 35198 A20129B34CAA4DCE389897E2BCEB400843E217B374E6E73387AE24C94D5F6E0D
7294872801 28191 43436 1F13DBD98DF840631312D1015C81156D2C45E5B0945B42B3489656E8D5B27A88
7288297449 46640 55240 7C20F6CF1A09EEE4F40FE6F70B0F070213E4AE0B9599CF6348B0EAC781225457
7295149832 8627 1705 00D9AB2788C3906AB12F125985FDAA44547930CF52F9B18F65C168A1EA984F23
7294887049 7658 16436 7C20F6CF1A09EEE4F40FE6F70B0F070213E4AE0B9599CF6348B0EAC781225457
7293403576 3669 26480 CB693CAE5872B9A10DF49B8EC83D57CE3C5DD0FCAE35CB303EA40D26F8AF3D87
7290902994 24188 57502 7C20F6CF1A09EEE4F40FE6F70B0F070213E4AE0B9599CF6348B0EAC781225457
7290482526 22110 29347 7C20F6CF1A09EEE4F40FE6F70B0F070213E4AE0B9599CF6348B0EAC781225457
7284742084 20364 1853 7C20F6CF1A09EEE4F40FE6F70B0F070213E4AE0B9599CF6348B0EAC781225457
7287996196 8240 13361 7C20F6CF1A09EEE4F40FE6F70B0F070213E4AE0B9599CF6348B0EAC781225457
7293056185 15987 15315 74B16A75D8C5337EE35791626CFE498BF3B81F5C0E035305856FCFBD24188F0E
7295581996 60123 34087 D13BADC5001ADFD96B901299EBDDFB6E2C32114664FBD31186B92669B8B3F067
7288221811 3401 48519 11AA9EA9395BF779E5A752C94C792CADD45102359825D437F71E7F2ABE68D419
7291769436 40497 50320 5593365B4ECA5F63620EF64FB843E761565EA66B581CD37AAD825F4FE0F8AD33
7285966232 35100 45012 7C20F6CF1A09EEE4F40FE6F70B0F070213E4AE0B9599CF6348B0EAC781225457
7289616030 29453 49237 EF4A39DB739D1F60D5E5054EB641BCD6A88A1A5794CFC8796FC4DC78B2C29984
7289491174 62579 61005 824131FB024C001F7B76421625B84D7BA68732D93066CAACBF174C6FFD48B85E
7294941422 5027 25843 C0FEE09F80811469122523DE615D6D8BA662152A27DBD6477A5A902912DF318A
7285876418 62828 40398 7C20F6CF1A09EEE4F40FE6F70B0F070213E4AE0B9599CF6348B0EAC781225457
7289676003 24996 16677 7C20F6CF1A09EEE4F40FE6F70B0F070213E4AE0B9599CF6348B0EAC781225457
7294380211 37483 41542 1933523A828719CD1733917A3A98BA3162FE5A73FC9DC2C10E3842E66FDA3345
7291731376 40687 60898 FE9EA1A5E08074862F3F7478B20DA82CBCFC29ECC9F4DED79900063988C5E61F
7287193067 56342 14513 7C20F6CF1A09EEE4F40FE6F70B0F070213E4AE0B9599CF6348B0EAC781225457
7291349980 60299 40501 0F11C03483090C1EB8C4B16DA7081324CAAE4441B9535688D95C81E0066C9A15
7293829351 16375 36554 1DC7F34F78158D24C3449D0492A51E156DA2D06E0F234B324BE0AE1B24C86814
7288209172 30699 22966 AA8CF9A72D6A80CCA14D44EF1A5DA92A33B12BCB8E756B018F50A7E3AD6B2866
7295986574 33518 20505 7C20F6CF1A09EEE4F40FE6F70B0F070213E4AE0B9599CF6348B0EAC781225457
7293330782 30333 11423 2C6EE2C9125F722879DA94F5DA96258638DA77AD9A733B7DDE15E1791CA2EC37
7288941213 47828 59262 7C20F6CF1A09EEE4F40FE6F70B0F070213E4AE0B9599CF6348B0EAC781225457
7287523206 38495 2124 73211884AE85C0B8EC4823938FCBADFF77FB67F23AA0797259B39B1C5E8292CA
7288179118 6951 50477 E3199113A383582F0ED4EA0349EF8DD7F9EF9C67620FAF2E3D768E449A04B5B7
7290116286 64574 7197 7C20F6CF1A09EEE4F40FE6F70B0F070213E4AE0B9599CF6348B0EAC781225457
7295479138 54013 61754 C52E29F41D5799B9F4EE04364A4E6D85944CE9AE9B3CC9FA10271971602A34BD
7288970506 17106 52714 7C20F6CF1A09EEE4F40FE6F70B0F070213E4AE0B9599CF6348B0EAC781225457
7294813201 47378 58538 7C20F6CF1A09EEE4F40FE6F70B0F070213E4AE0B9599CF6348B0EAC781225457
7286071163 46032 42479 7C20F6CF1A09EEE4F40FE6F70B0F070213E4AE0B9599CF6348B0EAC781225457
7288543600 6744 13547 7C20F6CF1A09EEE4F40FE6F70B0F070213E4AE0B9599CF6348B0EAC781225457
7293811197 900 368 7C20F6CF1A09EEE4F40FE6F70B0F070213E4AE0B9599CF6348B0EAC781225457
7290922359 42640 8458 7C20F6CF1A09EEE4F40FE6F70B0F070213E4AE0B9599CF6348B0EAC781225457
7285513239 10325 32002 682E5AFE7274D0461FEB8CAC463BEAF45EFE52875F7CCB58CBC0A77A204D7CDD
7291571458 46820 38252 7C20F6CF1A09EEE4F40FE6F70B0F070213E4AE0B9599CF6348B0EAC781225457
7293036420 51345 39088 52230EF664517AA8A279F9EE8C1ACB3801C3EED3F815C6F26582ACCD28BB9CC6
7292157821 30552 18341 7C20F6CF1A09EEE4F40FE6F70B0F070213E4AE0B9599CF6348B0EAC781225457
7295139600 17499 56897 259F4ED8FF47346837812B9A32942C385D461CC446291A193798F4BD33A367A2
7290329758 25327 19095 1397A788D9DEB3184C00CDA42FBDEE282B3FABEFA6F507A00B677EE500C160E3
7290005673 49941 21311 8BA0B455CF900BD3093FF531BDBDE7F97E9378906494C775527DDA9C6D912A66
7295471423 42365 15692 0E92A7F9095E5AAAE6146DB254C6A21D0FCA8B4A4C1E8B23220C6FC4859E234B
7289295760 56800 32346 7C20F6CF1A09EEE4F40FE6F70B0F070213E4AE0B9599CF6348B0EAC781225457
7294055602 19146 38732 7C20F6CF1A09EEE4F40FE6F70B0F070213E4AE0B9599CF6348B0EAC781225457
7295568270 26186 4360 7C20F6CF1A09EEE4F40FE6F70B0F070213E4AE0B9599CF6348B0EAC781225457
7289727959 40181 61378 FFF7AB6006F4ED499722D2C288736206EAE9E607B3EEB0AE29E5656DE2CA16E5
7284978671 63677 24520 FBE2B18E7A03926075D657318A8509A05D939A72486377BCCB4BD6DBE1805795
7284646087 15102 56775 7C20F6CF1A09EEE4F40FE6F70B0F070213E4AE0B9599CF6348B0EAC781225457
7294438552 40009 61579 8F9EB39EA028B2AFFD046A27A6730B7CE03D6C10F089842B07008C9BFD38938D
7289507619 58833 16432 A5B7BFF47D8AA295591926E31057B4DF20298BB3D30BE15100C3AF3837FB5DB5
7289632902 59930 18943 7C20F6CF1A09EEE4F40FE6F70B0F070213E4AE0B9599CF6348B0EAC781225457
7296132149 46776 22384 7C20F6CF1A09EEE4F40FE6F70B0F070213E4AE0B9599CF6348B0EAC781225457
7286233576 44320 45824 7C20F6CF1A09EEE4F40FE6F70B0F070213E4AE0B9599CF6348B0EAC781225457
7295511581 47758 15763 7C20F6CF1A09EEE4F40FE6F70B0F070213E4AE0B9599CF6348B0EAC781225457
7295230619 19315 51841 02A9C4E8F65B40200DB7D7226193178DF247A7AE43E89E898AEF3F30937C8E3A
7290972707 30591 25748 864333E2DB8D8E29D23A3628ABB6B7B10DBFCAF363B4C35D70BEF816DB150F68
7288794422 26126 19773 7C20F6CF1A09EEE4F40FE6F70B0F070213E4AE0B9599CF6348B0EAC781225457
7290185321 12919 8462 C73FCEADC61D2FFB3C84830756BA2FCCE5ABDBE36F9D8F2130F8E1AB363A561B
7287912263 26803 6359 27CF6AD2A8317A17AB6C8DA9755D64253766797EA9724446CEBC1215FADBA5E6

Total of 0 tasks calculated error.
