Total of 100 tasks calculated correctly, accuracy 100.00% 
7307507666 39346 6616 7C20F6CF1A09EEE4F40FE6F70B0F070213E4AE0B9599CF6348B0EAC781225457
7305212121 21033 4411 CA83A8111AC35CCCFEC533E111647F86FDB29BA1717B527AA4A59B0DC93CF681
7303936455 46398 52788 7C20F6CF1A09EEE4F40FE6F70B0F070213E4AE0B9599CF6348B0EAC781225457
7306674416 687 48559 CB8B6EB2039998DA038CC8D50E48D01C60021971A344397001A65569880CE89B
7297045928 47579 63189 45C2D63D8E96AD087357A0F577F11B51B9472384355055C1DA72C9736698BE6D
7307968180 2340 46257 7C20F6CF1A09EEE4F40FE6F70B0F070213E4AE0B9599CF6348B0EAC781225457
7307929307 38821 63983 5979564D4CE4FE52EFE8D8732E27DE64370F2F75499D05BDC9685B8A6556A7F3
7300471885 58656 43493 7C20F6CF1A09EEE4F40FE6F70B0F070213E4AE0B9599CF6348B0EAC781225457
7300306345 37083 61214 D440116E502036A67B8A2727C1BDA75BD6D7F510E2FF8BB9E208240BD9098370
7307464975 65137 33555 912E69F0CADF960D817F3AA8AA5FC01CA03C4CCAE023700BFDD1DBFD1ED36039
7306083140 57814 49169 7C20F6CF1A09EEE4F40FE6F70B0F070213E4AE0B9599CF6348B0EAC781225457
7303723778 26653 22290 F6C22A81FB1A1B68DC3090B1724C0DF858445E3962534946E3F243BAD80F465B
7300028947 54932 35478 7C20F6CF1A09EEE4F40FE6F70B0F070213E4AE0B9599CF6348B0EAC781225457
7297397116 29696 24840 7C20F6CF1A09EEE4F40FE6F70B0F070213E4AE0B9599CF6348B0EAC781225457
7297475346 12811 62687 BA86B11A40E19E6D2F5B9CCC735CB8B2026D5D7DC317065F1580D7396014A98F
7307386452 29949 13417 64004428F6B90E194C9F33A3FCC7DF418B672F657D83F188B3AE803FEF6AA48C
7304056848 7735 24973 B20C06D6ABB3C9D53813F292776237D8D90748A6DB0804CC13F3519AB9DF57AC
7304660846 14383 17404 1AAEB79899C168C05EA7081C5F3D1BC889A69FCA56026A026C7B43F865C2DE04
7305670048 17412 21755 7C20F6CF1A09EEE4F40FE6F70B0F070213E4AE0B9599CF6348B0EAC781225457
7305453445 11071 63075 010D047A813772C9E534F70ECC692D7B60C1BE058267A656516A2E00BA1A0223
7302782614 18423 28611 0A065F583433FED71802CA78F4468D1C7E21E08EE92248AF6F6D7BEC601A84EE
7301103965 13978 59224 7C20F6CF1A09EEE4F40FE6F70B0F070213E4AE0B9599CF6348B0EAC781225457
7304679519 31930 18220 7C20F6CF1A09EEE4F40FE6F70B0F070213E4AE0B9599CF6348B0EAC781225457
7303705531 7618 6733 7C20F6CF1A09EEE4F40FE6F70B0F070213E4AE0B9599CF6348B0EAC781225457
7307310420 25239 34559 5743975C8BA74B50C186206B12D517D4E8B7E5EE140B0577AD9D0F2B9AEF24E6
7300160338 19264 54351 7C20F6CF1A09EEE4F40FE6F70B0F070213E4AE0B9599CF6348B0EAC781225457
7304745161 3125 5316 AAE42E19BC85AD5DEF330F6BE78C9970CDD06E1BD51FB0BB68C8B56B0FE75821
7306794463 10876 726 7C20F6CF1A09EEE4F40FE6F70B0F070213E4AE0B9599CF6348B0EAC781225457
7297125878 52174 52974 7C20F6CF1A09EEE4F40FE6F70B0F070213E4AE0B9599CF6348B0EAC781225457
7306755702 8316 25677 7C20F6CF1A09EEE4F40FE6F70B0F070213E4AE0B9599CF6348B0EAC781225457
7298437765 61565 64937 65250A65DDFB4ECB48E31002D2EEA09ECBE9A65853B9B06DB1DC2855CA70BE3B
7301928011 23345 39488 DCE952B33A14A75A507372E184FE2AF2065B3E4CCF560595801E9BC18A2AD1BC
7301947534 65520 41181 7C20F6CF1A09EEE4F40FE6F70B0F070213E4AE0B9599CF6348B0EAC781225457
7300209624 25773 5583 0E7EC8E4A3A3E65C1E35101DC14CB3EBBF62022027DD9FF7B41A27DFBC46CA23
7297959556 58224 51117 7C20F6CF1A09EEE4F40FE6F70B0F070213E4AE0B9599CF6348B0EAC781225457
7302904137 33987 15210 F03ECB95365E93E35B2B6436D6EB2CB621A1D603696BF93E56D3A2CDCE4640B6
7299924117 32395 10138 DE199836187A601C62BC734607435F2C40E25239251F312118B588BCCEB84FB5
7306318056 13603 44675 7139F39906C2FA7490FF64EA2CE621C862E7AAD9F892858E144C974FFB8411B4
7306440624 50512 40247 7C20F6CF1A09EEE4F40FE6F70B0F070213E4AE0B9599CF6348B0EAC781225457
7305887373 29809 29197 C3E8F6DFE128590FA3D81A4B90EE30F87EF8E616CA24BAC8DEF32EF726F9C8F6
7297307643 65033 13271 A9A3773EB3AA63457F0406BD569A9A71A9D5114066B3E5B26341F4D676D4DD02
7304318961 50518 46610 7C20F6CF1A09EEE4F40FE6F70B0F070213E4AE0B9599CF6348B0EAC781225457
7304280802 18381 22374 8F548B108015D4533038BAE2E1D4D207CC90DC420537267AE06A10CBA1FF44A6
7305550313 34417 8580 1784FDABFD0852D690B4206394D55F911D922E0242CFF64EEA019F9DEC713D6D
7297475379 21439 53098 9FAAD5E746647D944C3B7EC59ED7A2C888A24FFDEB4CAC537E547496E3DB99BC
7301279091 19883 9371 347C48E64BCFFCA0C62FC850BB344DA4EF969202BEB8D345A0DF6120EB702145
7299748533 54217 39838 CAD92E2EDE82CD70BC0D2B25AE405F02D1D52069C73558E4A1CE83D164DDBE11
7302038984 57660 27601 7C20F6CF1A09EEE4F40FE6F70B0F070213E4AE0B9599CF6348B0EAC781225457
7308102457 60290 48722 7C20F6CF1A09EEE4F40FE6F70B0F070213E4AE0B9599CF6348B0EAC781225457
7300623411 48729 31518 4DFE4308AEA17B5D015CBC9577BAD0649E3B844BBF0119F8243AE89EEA381554
7299335402 21952 46616 7C20F6CF1A09EEE4F40FE6F70B0F070213E4AE0B9599CF6348B0EAC781225457
7303328612 55573 62033 42147C828B56F314ED09DADFC8BF1D7155D564B7F57720C073A4F3CF13E81FD0
7306582999 18504 13768 7C20F6CF1A09EEE4F40FE6F70B0F070213E4AE0B9599CF6348B0EAC781225457
7296889291 56645 27407 1662B41215FF37824FE01E3716EE1440D6135CAE6B2A212B2151648EA34C1C1C
7303656678 18120 11816 7C20F6CF1A09EEE4F40FE6F70B0F070213E4AE0B9599CF6348B0EAC781225457
7297093688 6514 49864 7C20F6CF1A09EEE4F40FE6F70B0F070213E4AE0B9599CF6348B0EAC781225457
7298810755 44469 46973 221DF5AC4190BCFE5602C28F83C4A181A3D2B9BCA8870AADF2C0BE1D111DF1A9
7300541388 63975 44339 9F38011FF842DE84355BEEE5804A64FF4B2D48F8B256BFAD4B63660805259229
7296819061 19136 30077 7C20F6CF1A09EEE4F40FE6F70B0F070213E4AE0B9599CF6348B0EAC781225457
7299689388 28438 23454 7C20F6CF1A09EEE4F40FE6F70B0F070213E4AE0B9599CF6348B0EAC781225457
7307511879 50015 47714 851D91B734FD5FE50B35DD6ABBBFB37BF45AA8C0E91C9D1AF0D87D3881AA305C
7297094070 54758 51406 7C20F6CF1A09EEE4F40FE6F70B0F070213E4AE0B9599CF6348B0EAC781225457
7300606852 48093 56022 5F1CFEF4D6C413431484A661FBBDA35D47E57809D2325DCF119BD238BEC51556
7298905146 48234 64053 7C20F6CF1A09EEE4F40FE6F70B0F070213E4AE0B9599CF6348B0EAC781225457
7305709509 2410 13999 7C20F6CF1A09EEE4F40FE6F70B0F070213E4AE0B9599CF6348B0EAC781225457
7301646695 56815 32194 7AAB49D8F0C829B4D4C33D150DB1BF49F49B68A1AF2F1C38F3B71541FA628721
7298122866 19197 50352 B1E4AAB7C2A68AE2ACAE1D2BE480E0F28841DA862C85535AE00D0ECF10F2BD0E
7304482954 21104 4497 7C20F6CF1A09EEE4F40FE6F70B0F070213E4AE0B9599CF6348B0EAC781225457
7298730662 5478 60903 7C20F6CF1A09EEE4F40FE6F70B0F070213E4AE0B9599CF6348B0EAC781225457
7302203639 38340 26024 7C20F6CF1A09EEE4F40FE6F70B0F070213E4AE0B9599CF6348B0EAC781225457
7306045502 32027 64402 10534AB39D42B19B19F8B89D7EEE45FD902BC855958E66B9C06E2CE5E0EBDE10
7304611987 24082 48708 7C20F6CF1A09EEE4F40FE6F70B0F070213E4AE0B9599CF6348B0EAC781225457
7305552562 34423 1399 89BB49B336B2C2CF1756FE7C3A8532E44A395D112B60AE1E79DCA60C2BF976C6
7308266475 60380 26885 7C20F6CF1A09EEE4F40FE6F70B0F070213E4AE0B9599CF6348B0EAC781225457
7307540256 4742 51117 7C20F6CF1A09EEE4F40FE6F70B0F070213E4AE0B9599CF6348B0EAC781225457
7297435515 38043 26682 BB58DDCD43C3C0AC4D03C618DBEBE7B6ADF70A0F0CE973D7D42F3C0719FE7718
7306665379 7723 35420 30DA894341088608E81DFD53465577806FCD1658499FFD26646DE82FF5EA0A22
7297204642 11831 5137 AF245E8A0D86B15054EF3C6F700D219D485016D4EFC513D429CF73E9CCBDE2DF
7307313005 49508 41524 7C20F6CF1A09EEE4F40FE6F70B0F070213E4AE0B9599CF6348B0EAC781225457
7301867305 36077 10704 4127262932CC65E05211962406363C4F70322A40CABC6405FF198FC38D8160B5
7299923323 13229 43468 DE1E4E8A1DC76E64F83D06BD1BC71A788F362C3B0D4D82F961E274DCCD01B258
7301969349 24475 35568 97AD8CDA3FB706DA1D363435651E5BAA6713FA645813C3F34D3D0F564EDF0F1C
7303018730 58702 32821 7C20F6CF1A09EEE4F40FE6F70B0F070213E4AE0B9599CF6348B0EAC781225457
7300360902 61167 40630 6B648247D3CE8498F7E18B3708915AB134CA571C9E737208C1D46226118CED58
7302890918 24404 43759 7C20F6CF1A09EEE4F40FE6F70B0F070213E4AE0B9599CF6348B0EAC781225457
7296998991 25171 8385 5EF47C57CC642D2BA665052800A1A01FB16E5F438A476A8736051FA7453454B8
7307879240 41964 60002 7C20F6CF1A09EEE4F40FE6F70B0F070213E4AE0B9599CF6348B0EAC781225457
7298638844 53687 18273 335EE0F9C34C5B7A3372C75E1F084E4227EAC087E41E99B1A98F1838B5C895DC
7300733166 46346 61652 7C20F6CF1A09EEE4F40FE6F70B0F070213E4AE0B9599CF6348B0EAC781225457
7306660583 59640 22840 7C20F6CF1A09EEE4F40FE6F70B0F070213E4AE0B9599CF6348B0EAC781225457
7299324344 20923 52590 233013DBE182B7286E3E82F72C47E907CC387521CAE3E3D00B65ACA2972DE54B
7301045392 11637 14410 A0E2A321C85643AABBA99C93EADD15206316167260ECCD45F0BD931FB2A291CE
7302475853 31621 31264 EC410CC0C32932E1BDCD1A4B780C8566158D9E488FD37960C42369DB62232AB9
7296522154 58355 62525 74BBDECA73C4329897477D54E5937E0C64845C5A6C30DA851B500DE7D0B8FDAA
7301156500 15718 19679 7C20F6CF1A09EEE4F40FE6F70B0F070213E4AE0B9599CF6348B0EAC781225457
7303302539 27205 47239 7D2DDB5A98F0D9E9EB33DBBAED5FF763C1B3396F6954B6D79397BFDFF73487D9
7302516547 24504 42159 7C20F6CF1A09EEE4F40FE6F70B0F070213E4AE0B9599CF6348B0EAC781225457
7306934296 41032 24542 7C20F6CF1A09EEE4F40FE6F70B0F070213E4AE0B9599CF6348B0EAC781225457
7296867783 414 40123 7C20F6CF1A09EEE4F40FE6F70B0F070213E4AE0B9599CF6348B0EAC781225457
7304452331 4927 32464 FC6F10AB55FC62F19E970078747D32C27AB0B15C34B6EC7725CDEF45A2662152

Total of 0 tasks calculated error.
