Total of 100 tasks calculated correctly, accuracy 100.00% 
7317988528 60902 38533 7C20F6CF1A09EEE4F40FE6F70B0F070213E4AE0B9599CF6348B0EAC781225457
7312633512 32216 37628 7C20F6CF1A09EEE4F40FE6F70B0F070213E4AE0B9599CF6348B0EAC781225457
7317839032 12531 42105 46C580672DC870B4C4181CAB1DCC20BF4AD5DBC8B862A5380F21C4FF71281E4B
7317753126 55003 51030 366EC37BC44394332684B79D4563FE3CF64A49F7D3E6EBA358C7DC7273986C0A
7313671691 41975 36203 E8D80E54745816521265BB56359B7632C3CA4F0E1277C478D1C1810D40FA2261
7310366864 4246 570 7C20F6CF1A09EEE4F40FE6F70B0F070213E4AE0B9599CF6348B0EAC781225457
7317655274 60583 61629 9C0C1719AB580E1D4608983CD76CC0575F71147DF72843F91009635E702C5947
7316652720 48014 61288 7C20F6CF1A09EEE4F40FE6F70B0F070213E4AE0B9599CF6348B0EAC781225457
7320235318 14867 18657 2BE2E3FE72C3029787525AA772E1E89790047F1ED298625C3010D3CD69A28B2C
7310024931 4786 65323 7C20F6CF1A09EEE4F40FE6F70B0F070213E4AE0B9599CF6348B0EAC781225457
7314056616 36187 17825 8C0B9892721D56AE8B50DE53FB09449E5CC298FF70CEC8743A62E261A1D80118
7308638387 60899 28443 A4F40F20BA71214EA41D54F32E29D580093B251A93D32F061FC0F11706003943
7313809645 44454 25053 7C20F6CF1A09EEE4F40FE6F70B0F070213E4AE0B9599CF6348B0EAC781225457
7312597388 18929 32151 79973B6F9D68AC01D0943841D3FADE553DDAA2DDA6189A1412E66EC773C8A4F1
7310774208 17880 2752 7C20F6CF1A09EEE4F40FE6F70B0F070213E4AE0B9599CF6348B0EAC781225457
7311080785 39787 28135 5D5475D94C2933DF02DF322D2391174EF45ECE7760960015231C106259440527
7315746248 39765 41705 FDE0DA9D7CA91A8CFB3CD117177028B98E769756001EBC0F807CE11F13913AFC
7316448719 2995 3693 40D291F6E137FE35E9E69F9ECE1951AD6342C6E4674D29EA127BBB8BE50E41DB
7314177729 36826 46310 7C20F6CF1A09EEE4F40FE6F70B0F070213E4AE0B9599CF6348B0EAC781225457
7311129981 20110 43929 7C20F6CF1A09EEE4F40FE6F70B0F070213E4AE0B9599CF6348B0EAC781225457
7315564263 64335 496 ED9BE7999D305DFB1909F3ADFA744289602D32FCB4459D871BA2A8EE2D48EA0C
7311778390 38044 58026 7C20F6CF1A09EEE4F40FE6F70B0F070213E4AE0B9599CF6348B0EAC781225457
7320272521 31535 64018 BCDD25824AB6C25BB22EF5AD012A9FA7A6072146464F800DD7F66F865614DF94
7319923755 31837 52883 AA17D378CFF1C0BA00DD2DB390602AF0529FB36F7D3E37B80216A398CE5735B7
7311477441 19579 64441 7A24AC8BD42EF6E278FCDF36A07A58BC6E9D08FFC28257F9B41192A022B02A16
7317995475 21462 39490 7C20F6CF1A09EEE4F40FE6F70B0F070213E4AE0B9599CF6348B0EAC781225457
7316603845 65132 13136 7C20F6CF1A09EEE4F40FE6F70B0F070213E4AE0B9599CF6348B0EAC781225457
7312157601 37016 39025 7C20F6CF1A09EEE4F40FE6F70B0F070213E4AE0B9599CF6348B0EAC781225457
7319027326 852 33601 7C20F6CF1A09EEE4F40FE6F70B0F070213E4AE0B9599CF6348B0EAC781225457
7318435441 18166 8183 7C20F6CF1A09EEE4F40FE6F70B0F070213E4AE0B9599CF6348B0EAC781225457
7314944092 28200 46099 7C20F6CF1A09EEE4F40FE6F70B0F070213E4AE0B9599CF6348B0EAC781225457
7312515229 23979 44788 E1FE7E766FA5256D50155C9AB8E02FC4C6B5796F8ED4B78CD3E64B766081E073
7315023767 33870 59905 7C20F6CF1A09EEE4F40FE6F70B0F070213E4AE0B9599CF6348B0EAC781225457
7314223808 39233 62883 EBC6AF5D6EC713AE025BB321632FD2FC785F88E3D9B7D3DB6BCF76D22F3D916C
7312855633 59064 4485 7C20F6CF1A09EEE4F40FE6F70B0F070213E4AE0B9599CF6348B0EAC781225457
7310899364 8191 30968 408FABBF2B2AB39250C7D6BB52D154619AE82CF7F3C3EE5578980337B575E0BE
7319106069 23701 28307 F74D976EF359ACDEF853448F350DCFF92A678F7C25E1A9B7D2689DE097BC09BB
7316994345 30755 31466 17BF706A8A4B929361304D7E9A8420F09F0247C6CD0AB3FA7321E46A85E0CBA2
7309405853 35933 49653 F0DC2BA83BEFC0FC7F070841B289C776B9166C2F5B038FF490444CF68A2DEFA8
7318251304 62722 37605 7C20F6CF1A09EEE4F40FE6F70B0F070213E4AE0B9599CF6348B0EAC781225457
7318320152 65341 28123 074E5B3EF7A5288ED6AA54248C0BF96890E96064AAF8C288D7F3C1EA65388E1A
7314907296 30306 58999 7C20F6CF1A09EEE4F40FE6F70B0F070213E4AE0B9599CF6348B0EAC781225457
7313531220 56443 486 6C47E692D55C79A38F4BDF6A8A65EE2BD4DA02D637D574F22F6F9BE8CBA631D8
7317787000 65393 45632 6AA6240F6E72EFEF632060F0893CBF6CA84DC4D01AB5AE6E51B5A3967FCC4575
7309693187 7582 19711 7C20F6CF1A09EEE4F40FE6F70B0F070213E4AE0B9599CF6348B0EAC781225457
7309968683 59257 30896 A146C9AFD5002509E3FBBFC68A4E54D965A10E41C80FBBECC70145C101A89B3C
7314692497 26598 57663 7C20F6CF1A09EEE4F40FE6F70B0F070213E4AE0B9599CF6348B0EAC781225457
7319279355 25940 57456 7C20F6CF1A09EEE4F40FE6F70B0F070213E4AE0B9599CF6348B0EAC781225457
7313214816 39139 41037 0B6ADC978CA5CD9C8A5F923793B4CAB3FC54AEA6AF7EA62CC8C06A50F7274D69
7320044928 54599 59376 A0A7EB7882AEEA1EFC02270EB0C11CC59BD317238E7F7B753015313408AFB38D
7311480424 55451 38123 55D4AD4C9EBE292F166B4F9816B342C0C8F490DB60CA5CA0085491AFC1F59401
7313912344 27706 41427 7C20F6CF1A09EEE4F40FE6F70B0F070213E4AE0B9599CF6348B0EAC781225457
7317637159 39067 62166 D638AE3D9B4A43A44BE0BE6172A0C22DED5518C2258EF2A7044573A2AB07505C
7312256239 26516 10342 7C20F6CF1A09EEE4F40FE6F70B0F070213E4AE0B9599CF6348B0EAC781225457
7315226237 5702 34365 7C20F6CF1A09EEE4F40FE6F70B0F070213E4AE0B9599CF6348B0EAC781225457
7309586736 4085 48849 1584EC570E00115219BBA8DA6371B81264946BF48289DE2F25DB1BF28C3DA517
7315681876 30212 49506 7C20F6CF1A09EEE4F40FE6F70B0F070213E4AE0B9599CF6348B0EAC781225457
7313312846 47372 61083 7C20F6CF1A09EEE4F40FE6F70B0F070213E4AE0B9599CF6348B0EAC781225457
7319417141 40939 4536 5688B20FCF786FDB48B3B7B31BEA25B8FE447F6E7AA60EEAC1B6EDC513EFB51F
7309181850 38571 19130 C97D5D85C3DA73483A1F692224749BB523C1CC03D0EB4DED1BDAC11947BE213C
7310346716 60920 63812 7C20F6CF1A09EEE4F40FE6F70B0F070213E4AE0B9599CF6348B0EAC781225457
7315629749 37327 39189 A963017D571CE69E7D666652C3295FE4032B2C60D90325FDC146A2B9A298BC19
7318021685 60921 35586 E937F6054AA76AE77E6C496C34C44E5A4247758AA6C100000CBD59F8A98A2D00
7314564457 37096 33290 7C20F6CF1A09EEE4F40FE6F70B0F070213E4AE0B9599CF6348B0EAC781225457
7310781290 45239 8689 9D957C616A5D161342F3B00BD987233A9042FB6C6CD93C7364FCC02E5D66B10F
7315940016 39118 47706 7C20F6CF1A09EEE4F40FE6F70B0F070213E4AE0B9599CF6348B0EAC781225457
7311941477 37253 125 43233D69BE422D103589AE0F078E52D2D782BB470F0BDE4BCFC3A220F9A2FC82
7317604768 20344 45817 7C20F6CF1A09EEE4F40FE6F70B0F070213E4AE0B9599CF6348B0EAC781225457
7308906415 12292 20953 7C20F6CF1A09EEE4F40FE6F70B0F070213E4AE0B9599CF6348B0EAC781225457
7316763969 58289 40353 E091FA4A7D165CD01348F077D48122BCA7C81AC604A7562E8D119EAE51C30C32
7319003884 52256 22075 7C20F6CF1A09EEE4F40FE6F70B0F070213E4AE0B9599CF6348B0EAC781225457
7316239241 36056 36138 7C20F6CF1A09EEE4F40FE6F70B0F070213E4AE0B9599CF6348B0EAC781225457
7319861805 49825 57916 80554F9970E7CAF9FC1A44894F9AECE11CE21B680744F915EFAB6DC6CCCA6A68
7310500115 6971 48630 8B40DFD50CF9CC45C5281EC3043F4762128CD2A22782CA7BC63478534865C438
7312392666 43468 45115 7C20F6CF1A09EEE4F40FE6F70B0F070213E4AE0B9599CF6348B0EAC781225457
7311077657 12247 63665 1A9379BF992EEEF5964FF434325A280858B6B5C7837DCE920E1A1E0ADDDA00F1
7314495006 64603 63394 A0CB1DE0C287260C2A365F28D656F4BB6A6F61163DAECE481C18A673BDC68A82
7319747010 58591 40273 D092B6F9A2117F53E8C300EDABDA66B86F3711D8F94102FE770068C9AE2B2F5E
7316979667 36699 24131 2DC3704E20A1E595E717BC5494FDA39BE8E60755BABE9815AF22B73C85EE717B
7318819718 49508 62341 7C20F6CF1A09EEE4F40FE6F70B0F070213E4AE0B9599CF6348B0EAC781225457
7318706223 53812 11915 7C20F6CF1A09EEE4F40FE6F70B0F070213E4AE0B9599CF6348B0EAC781225457
7311168602 49582 52592 7C20F6CF1A09EEE4F40FE6F70B0F070213E4AE0B9599CF6348B0EAC781225457
7311460821 15786 52798 7C20F6CF1A09EEE4F40FE6F70B0F070213E4AE0B9599CF6348B0EAC781225457
7319659683 11464 33643 7C20F6CF1A09EEE4F40FE6F70B0F070213E4AE0B9599CF6348B0EAC781225457
7312291465 24956 40630 7C20F6CF1A09EEE4F40FE6F70B0F070213E4AE0B9599CF6348B0EAC781225457
7319318282 2340 11501 7C20F6CF1A09EEE4F40FE6F70B0F070213E4AE0B9599CF6348B0EAC781225457
7315618438 54621 33171 A194104F781B7F2D412BB47D0A8279677CCA65283A8011F7B93E45715C9C6D32
7311864554 49368 49406 7C20F6CF1A09EEE4F40FE6F70B0F070213E4AE0B9599CF6348B0EAC781225457
7310389193 22341 52628 24601D915B5C6824F4A71865C0EA6D46C9361CCDDE214A8695654044C3E286AE
7314551778 13419 30904 173B3FAA1F08049229F0C4924F0979788554118BBD984EC7C8B37A71557582DB
7309998164 11319 46653 C33D6968741E9FBF1AB6CB477D90A8D0BE47CB12B980FA6978D3194F13697602
7311829387 37621 37070 3C8FC9FFCD2B9FEEB42897A8B0F88C3850C829B9720833C6AA00BF8E317587D4
7316793933 58941 3428 D09236AA8B70EA0413FF42068EEFF84358BA246C4C4F395698B219CE5A8D472D
7313065277 64982 9847 7C20F6CF1A09EEE4F40FE6F70B0F070213E4AE0B9599CF6348B0EAC781225457
7319590301 50419 36782 317D1C3289B09C7370959D2D09194A7BCCB537EE74FB0381E359D9BCDBC6E9D2
7309555153 18147 47146 CF567D2D11D1F80004367A1B3562940B7EC052EF6A4624960540F5EDEE2355DA
7313578167 21259 32422 8AFE1831A6CE334AC35BC24BB636A877FBEB34BAF599603AF59EAD64A2A95D81
7311463516 64773 8864 DEB757774EDE17C339729E49A653B8363E2896B10A477437F2A602AE86C57932
7308767240 54828 21017 7C20F6CF1A09EEE4F40FE6F70B0F070213E4AE0B9599CF6348B0EAC781225457
7318443783 64830 63365 7C20F6CF1A09EEE4F40FE6F70B0F070213E4AE0B9599CF6348B0EAC781225457

Total of 0 tasks calculated error.
