Total of 100 tasks calculated correctly, accuracy 100.00% 
7401366977 38599 51176 52AB7B3DA8CAA9B8C05F3B438E3A02AD3AF943962E0FAE2789863385A6BE01AB
7392678669 16741 59591 0EEBAD71869566B9091F52293A4299410BA7CC6C7BDCB1552066D7CDFF76A565
7395659870 9733 60219 24DCDA0A7E256AD1E431019687A21C88BB0B1284BA9C29FA7EA108A05C3C8D63
7398695239 59564 38110 7C20F6CF1A09EEE4F40FE6F70B0F070213E4AE0B9599CF6348B0EAC781225457
7392723183 9068 25256 7C20F6CF1A09EEE4F40FE6F70B0F070213E4AE0B9599CF6348B0EAC781225457
7401691184 24114 50608 7C20F6CF1A09EEE4F40FE6F70B0F070213E4AE0B9599CF6348B0EAC781225457
7398210026 21228 1498 7C20F6CF1A09EEE4F40FE6F70B0F070213E4AE0B9599CF6348B0EAC781225457
7396395879 23395 63349 4C1803E284A400AB49E7BD72F54C9B3441B81449C0A69B46A26D6EB520B709CB
7397539954 22080 54859 7C20F6CF1A09EEE4F40FE6F70B0F070213E4AE0B9599CF6348B0EAC781225457
7400353344 55037 28583 D6CD33BB79B2D50CBE27D6AA2BEA5107C25EDCB627CEA8B5CD384DA88831D647
7404135934 63870 5901 7C20F6CF1A09EEE4F40FE6F70B0F070213E4AE0B9599CF6348B0EAC781225457
7403330568 7509 7173 D3419ABC8EC760AD331490FCDE5D9A76AE60D725522FABFC57F97EF7CEC93E21
7399980314 18513 4068 6E20874E72A92D19A5401E0A832071741C3557ACD94752082AD90D8E4655F96C
7398768467 15590 62824 7C20F6CF1A09EEE4F40FE6F70B0F070213E4AE0B9599CF6348B0EAC781225457
7401952986 59810 57180 7C20F6CF1A09EEE4F40FE6F70B0F070213E4AE0B9599CF6348B0EAC781225457
7395771039 5965 24239 3DF69B5EB643E3BECCCB66F5DCB1E87892F0FA34609EB3E9BDD0CC5002467F8F
7396205580 7351 57078 B07212E81932896BC6885279893D4DC84F6E23931160C4C40C8E06C9DC917946
7396661322 6578 15775 7C20F6CF1A09EEE4F40FE6F70B0F070213E4AE0B9599CF6348B0EAC781225457
7404037394 19536 38407 7C20F6CF1A09EEE4F40FE6F70B0F070213E4AE0B9599CF6348B0EAC781225457
7396520898 63229 61032 5E6F162D0763B8C4C1F2A268E135CDE58C2D58F7931A33B2A43EC0411EA3EECE
7400045080 49976 36073 7C20F6CF1A09EEE4F40FE6F70B0F070213E4AE0B9599CF6348B0EAC781225457
7395278418 38664 49289 7C20F6CF1A09EEE4F40FE6F70B0F070213E4AE0B9599CF6348B0EAC781225457
7395649413 33456 44187 7C20F6CF1A09EEE4F40FE6F70B0F070213E4AE0B9599CF6348B0EAC781225457
7403924719 11139 11180 B2244FFAEA4989E10C5DCBF7AB53E4F44E7DFDF52482AC43DA570E866BD73CB4
7400853878 35559 24275 C551C03A01598960E3CC16CF00D7E4510086F534D54FDC743DF80C4C13F07B90
7400181665 34417 38090 98E0879DB1DA0E37CBE287700EA23D7B7CDBA64CFBD57B921D36ED8305AE11EC
7400351309 43788 44525 7C20F6CF1A09EEE4F40FE6F70B0F070213E4AE0B9599CF6348B0EAC781225457
7399451039 38303 13345 68E1D6A020A4AA2F6BE5FEDCA89C333C46AB4F684CB86C4612ED60D79CAA81D9
7392762390 19615 4796 C67BB21C6D8F8F5B1F030C7AD254EAB4CC4791E1C073D5F14A3601BA7076A577
7393692304 37194 44932 7C20F6CF1A09EEE4F40FE6F70B0F070213E4AE0B9599CF6348B0EAC781225457
7392696491 8965 21793 ED528B1F497A060097DDDC8BA87568E488FD4770FAF08073C2B14B5CCF96D4FD
7396377574 32025 50430 D8D2AAF276207E34D483F36236A6E8C27B96DE8CE76ACFEFF9CC682DE4AB8E6C
7399535620 45879 54686 34CE9395ECB221781CDE5F1ED67ABCFBB14D2D7326C99C7077B27CA668F8835B
7396654868 49168 12378 7C20F6CF1A09EEE4F40FE6F70B0F070213E4AE0B9599CF6348B0EAC781225457
7394136707 39763 17041 CF3B7936D57827E888AFDDD4D1CB3BB9FBB2E3A90219353B83E1201AF1747FE5
7399704972 22569 41679 EDB0A3DD9016B131FB134F1016DBC36DEF8FBA89691320AE8A05791AA366BF1C
7392966332 22714 29618 7C20F6CF1A09EEE4F40FE6F70B0F070213E4AE0B9599CF6348B0EAC781225457
7395300589 43476 2022 7C20F6CF1A09EEE4F40FE6F70B0F070213E4AE0B9599CF6348B0EAC781225457
7403918322 38490 11297 7C20F6CF1A09EEE4F40FE6F70B0F070213E4AE0B9599CF6348B0EAC781225457
7399359449 32659 14373 54DC0A58C6ED7A9AB0A8ABBA57C4CCD0232DBCDCB53880FF3F24E8CB0F4D584B
7396960672 56643 16808 E94CC47E3593A71E7665F599F39E849A5C995A2B62B791CB3C0B0C681A9CBB5E
7399220617 33815 57463 D947143EE6C52F312E222CA67C25527D9F31EEEEA5E62C0715BCFDD3448A292A
7404120492 47300 65364 7C20F6CF1A09EEE4F40FE6F70B0F070213E4AE0B9599CF6348B0EAC781225457
7395353052 37885 10523 1B4BAF010C839539F6D2B177C1C22409D0D65FB2738B0F3A6A1970CD5F09355C
7397994034 52681 60840 C98A894690296602298234C5BC64E68F2BEFA4170469876CDBD6EA5F0F49AD39
7394970863 51084 28731 7C20F6CF1A09EEE4F40FE6F70B0F070213E4AE0B9599CF6348B0EAC781225457
7399784107 14422 56809 7C20F6CF1A09EEE4F40FE6F70B0F070213E4AE0B9599CF6348B0EAC781225457
7396559135 56599 25457 82BD8A8B8FBA5F2C675ABF59BCDED4A325A8336BC988C9A5BC0E4B2042A6C218
7396761519 14191 51965 2390055C7A1446227CA7130E892CA0B77166A45486E540B5F13E86D5356E9F56
7402189047 58750 52000 7C20F6CF1A09EEE4F40FE6F70B0F070213E4AE0B9599CF6348B0EAC781225457
7394527006 17864 1762 7C20F6CF1A09EEE4F40FE6F70B0F070213E4AE0B9599CF6348B0EAC781225457
7393011953 16300 42370 7C20F6CF1A09EEE4F40FE6F70B0F070213E4AE0B9599CF6348B0EAC781225457
7394177688 29688 43701 7C20F6CF1A09EEE4F40FE6F70B0F070213E4AE0B9599CF6348B0EAC781225457
7401452659 26360 47291 7C20F6CF1A09EEE4F40FE6F70B0F070213E4AE0B9599CF6348B0EAC781225457
7402796790 25173 35124 F3E46F1A9BBE9FE1C2E15CAAFE27352E64B3469B4670B206BEAAE9BF93B90247
7395593194 4351 36684 22DD4BA8975B1B9F120D38B4BC38AB71C6F003788B6E8F36740E16B885E7AA34
7399612466 17288 58529 7C20F6CF1A09EEE4F40FE6F70B0F070213E4AE0B9599CF6348B0EAC781225457
7401764020 43405 14069 916952BDE81B1F65AE8F9F2ECE84A235208043E7ABDA9C67AD5F3F2C44D7EBDB
7396904210 13198 62438 7C20F6CF1A09EEE4F40FE6F70B0F070213E4AE0B9599CF6348B0EAC781225457
7396682845 91 31081 5CE988FA40FFFB84D73AB130A9CC40B834F805091A5BEE9B4595F2551312BAD9
7392927453 38646 14346 7C20F6CF1A09EEE4F40FE6F70B0F070213E4AE0B9599CF6348B0EAC781225457
7392796648 60704 63945 7C20F6CF1A09EEE4F40FE6F70B0F070213E4AE0B9599CF6348B0EAC781225457
7394451244 59293 63861 CCFCE90337E6342993CB82988DC50662924C1995037364EF9DFA60278B84EE39
7395241316 44265 58946 7A92D9714199C3913981657C28B427210FE44FF714FCA08C5A6627F4905628DA
7399259455 64821 50600 CAC61C6123A09719ADA79F332D2DF54E924631977DFE6DAB44FFA642013D3647
7403173655 3706 36859 7C20F6CF1A09EEE4F40FE6F70B0F070213E4AE0B9599CF6348B0EAC781225457
7402603292 21641 49318 CBD321ED86B822AE33A6CD327B97C37C9438EDCF56B348A96F5BAE94DEA35AA5
7392756384 35044 37402 7C20F6CF1A09EEE4F40FE6F70B0F070213E4AE0B9599CF6348B0EAC781225457
7400964582 62824 13897 7C20F6CF1A09EEE4F40FE6F70B0F070213E4AE0B9599CF6348B0EAC781225457
7397205513 39384 17485 7C20F6CF1A09EEE4F40FE6F70B0F070213E4AE0B9599CF6348B0EAC781225457
7400393233 36002 65137 7C20F6CF1A09EEE4F40FE6F70B0F070213E4AE0B9599CF6348B0EAC781225457
7399959417 45077 27451 0D012193AC04D7AA9F83771E738A66ED5EF4049CA5CF3D213FC9AB7032A10A00
7402492194 30072 8091 7C20F6CF1A09EEE4F40FE6F70B0F070213E4AE0B9599CF6348B0EAC781225457
7397440330 61268 46418 7C20F6CF1A09EEE4F40FE6F70B0F070213E4AE0B9599CF6348B0EAC781225457
7401419504 60164 21350 7C20F6CF1A09EEE4F40FE6F70B0F070213E4AE0B9599CF6348B0EAC781225457
7403723766 2537 51931 3C97F831E9D2CAEF329965020ECC9589994F7D9F2DBE65CE17D7BD1766B9C908
7402515282 10612 55561 7C20F6CF1A09EEE4F40FE6F70B0F070213E4AE0B9599CF6348B0EAC781225457
7398501603 10105 34452 4C5DC60155EB6C76AA1B24C3DE217A4E98C2392897E3990D6C8D20D249A8379D
7396568731 26975 63570 B7D519F5946E403E252AB314719C0EBA14076A48E91E33C4CFC7B86D29B8F102
7393446737 38926 30784 7C20F6CF1A09EEE4F40FE6F70B0F070213E4AE0B9599CF6348B0EAC781225457
7398803476 8092 18746 7C20F6CF1A09EEE4F40FE6F70B0F070213E4AE0B9599CF6348B0EAC781225457
7395013667 12990 56287 7C20F6CF1A09EEE4F40FE6F70B0F070213E4AE0B9599CF6348B0EAC781225457
7398505003 24012 2365 7C20F6CF1A09EEE4F40FE6F70B0F070213E4AE0B9599CF6348B0EAC781225457
7401873441 25786 3970 7C20F6CF1A09EEE4F40FE6F70B0F070213E4AE0B9599CF6348B0EAC781225457
7401665781 41383 60585 DEADE558876C281D2C8516A17AF1A9F4CB12DF09318C7B96E89B6D1B6A64C56A
7394205159 17076 30505 7C20F6CF1A09EEE4F40FE6F70B0F070213E4AE0B9599CF6348B0EAC781225457
7393515221 20668 48731 7C20F6CF1A09EEE4F40FE6F70B0F070213E4AE0B9599CF6348B0EAC781225457
7398718806 57167 60790 E56634567206DE683D6C22C4315BB84E300EB0DFE0EB728612B9EB40288760B4
7395370154 1696 11369 7C20F6CF1A09EEE4F40FE6F70B0F070213E4AE0B9599CF6348B0EAC781225457
7398845901 34884 48317 7C20F6CF1A09EEE4F40FE6F70B0F070213E4AE0B9599CF6348B0EAC781225457
7404277900 60787 29947 6F56BE7F641D068B8335A4D7274CAB042ADA1B55FDB2C4965D1932D75A71DBE9
7400587640 45043 39754 7F0A6F7B5032799DEE385B14E8D7FCE369710AA4184A6F3376490A1E824983D4
7402044191 13880 11912 7C20F6CF1A09EEE4F40FE6F70B0F070213E4AE0B9599CF6348B0EAC781225457
7398439225 20281 18178 0BE5ACAD76BD559B7E7E561AB94C9002090CAE5B93E86F879EDBC35E814DEE13
7397131027 54369 5263 32133743DD18B0410CECAEC4C84324DCA426DD65D0730FB6117F48BD692C034D
7402436932 528 57335 7C20F6CF1A09EEE4F40FE6F70B0F070213E4AE0B9599CF6348B0EAC781225457
7394206769 63064 23979 7C20F6CF1A09EEE4F40FE6F70B0F070213E4AE0B9599CF6348B0EAC781225457
7395869313 35740 43680 7C20F6CF1A09EEE4F40FE6F70B0F070213E4AE0B9599CF6348B0EAC781225457
7399473117 31585 43821 CB96C42AADB78CAA11389C49F6F80C5AA53AAC9E18E63C73FBCBCB84D6A4971B
7395266823 38944 52251 7C20F6CF1A09EEE4F40FE6F70B0F070213E4AE0B9599CF6348B0EAC781225457

Total of 0 tasks calculated error.
