Total of 100 tasks calculated correctly, accuracy 100.00% 
7428011914 43479 51699 F0ACFED2BDC49AB73FCB75AC4A1AB723B133285DBE724EFCAFFAD261731371B6
7423659190 26902 19879 7C20F6CF1A09EEE4F40FE6F70B0F070213E4AE0B9599CF6348B0EAC781225457
7425833309 8860 61744 7C20F6CF1A09EEE4F40FE6F70B0F070213E4AE0B9599CF6348B0EAC781225457
7420665434 11944 30899 7C20F6CF1A09EEE4F40FE6F70B0F070213E4AE0B9599CF6348B0EAC781225457
7419247174 19397 45377 31C9ABBE723DB55D4B33FBDB3FB3AB6F4A4357B2B5D9293CFE3925338D997134
7425964153 40939 14699 E1453F82A8C2735742C95628B16228C3620C6EE5B89CF6EBC30278990937415D
7417750743 39630 35501 7C20F6CF1A09EEE4F40FE6F70B0F070213E4AE0B9599CF6348B0EAC781225457
7417818739 36176 47354 7C20F6CF1A09EEE4F40FE6F70B0F070213E4AE0B9599CF6348B0EAC781225457
7425424557 39930 63826 7C20F6CF1A09EEE4F40FE6F70B0F070213E4AE0B9599CF6348B0EAC781225457
7422425165 49984 49314 7C20F6CF1A09EEE4F40FE6F70B0F070213E4AE0B9599CF6348B0EAC781225457
7417574638 12122 5594 7C20F6CF1A09EEE4F40FE6F70B0F070213E4AE0B9599CF6348B0EAC781225457
7422728507 7439 41947 85846AA27F029ABD01DECA8C5C927E41F70AE1183713902304385475D676EAA4
7426769488 45498 49717 7C20F6CF1A09EEE4F40FE6F70B0F070213E4AE0B9599CF6348B0EAC781225457
7417681610 16361 22142 BCD23982A746959875E015B926D3F5AB14783C0F520B5F8BAC49682355B4DFAC
7426879172 49336 18244 7C20F6CF1A09EEE4F40FE6F70B0F070213E4AE0B9599CF6348B0EAC781225457
7421427435 17765 65323 364CE42686BBC940071F72EE85BAC42317DB47AFD12C1A47F96FFA6CCFCD7067
7419480008 1978 58468 7C20F6CF1A09EEE4F40FE6F70B0F070213E4AE0B9599CF6348B0EAC781225457
7424130230 30018 50680 7C20F6CF1A09EEE4F40FE6F70B0F070213E4AE0B9599CF6348B0EAC781225457
7424455885 61382 16191 7C20F6CF1A09EEE4F40FE6F70B0F070213E4AE0B9599CF6348B0EAC781225457
7417126799 14508 1411 7C20F6CF1A09EEE4F40FE6F70B0F070213E4AE0B9599CF6348B0EAC781225457
7418785228 54990 39389 7C20F6CF1A09EEE4F40FE6F70B0F070213E4AE0B9599CF6348B0EAC781225457
7416760737 63512 62342 7C20F6CF1A09EEE4F40FE6F70B0F070213E4AE0B9599CF6348B0EAC781225457
7419656148 45191 48789 20C78EA2E12F0AFFCF9FF8D2B641A56B1A09B82E32361479197B6BD4F9421850
7426647338 13790 8943 7C20F6CF1A09EEE4F40FE6F70B0F070213E4AE0B9599CF6348B0EAC781225457
7426830399 21818 6085 7C20F6CF1A09EEE4F40FE6F70B0F070213E4AE0B9599CF6348B0EAC781225457
7422795111 23825 40564 936AA15537603F89445AACAEB1E3986FD272C22D342F37533923B990BB7F02C4
7419521534 28344 38942 7C20F6CF1A09EEE4F40FE6F70B0F070213E4AE0B9599CF6348B0EAC781225457
7423606250 26712 49602 7C20F6CF1A09EEE4F40FE6F70B0F070213E4AE0B9599CF6348B0EAC781225457
7426415306 2088 11819 7C20F6CF1A09EEE4F40FE6F70B0F070213E4AE0B9599CF6348B0EAC781225457
7424450814 26022 5965 7C20F6CF1A09EEE4F40FE6F70B0F070213E4AE0B9599CF6348B0EAC781225457
7417238207 2995 34777 924A03E74DBE0816CE8499C5EB7A725F2DA6CB444A44420E6A234DD36C4E6F07
7424518218 2949 14341 B6C2DB3A222E53353B1ED5B86180515BBC0580D15CAB11D62ADCE86AD51D5AE8
7419639705 52220 44438 7C20F6CF1A09EEE4F40FE6F70B0F070213E4AE0B9599CF6348B0EAC781225457
7419262391 52922 9740 7C20F6CF1A09EEE4F40FE6F70B0F070213E4AE0B9599CF6348B0EAC781225457
7420150191 5622 20585 7C20F6CF1A09EEE4F40FE6F70B0F070213E4AE0B9599CF6348B0EAC781225457
7426965045 29513 37172 DB83D0DE62A1DE492604216A21E88F4BF7C53C928F3A2E17C5493B582D89EBAF
7424675831 38306 65003 7C20F6CF1A09EEE4F40FE6F70B0F070213E4AE0B9599CF6348B0EAC781225457
7419004010 59488 44432 7C20F6CF1A09EEE4F40FE6F70B0F070213E4AE0B9599CF6348B0EAC781225457
7419003061 14695 27952 AB37BB1D2332A2AC5C84354985527DD1D56DC3196E31A3FD726D46056FF2E7ED
7427250143 11213 55888 37B0FAF9A0370CBA0CDFA7A460F6DE1ADA529E6509BA6F70501DF83A6EC7F769
7420218293 4473 8924 8E507A006FA9AA171A7776F1D581D06791914DAF8140F4C234D85FB46D022214
7419439866 32479 36129 CDEDA23528D76F023187ACF2DBA79EA2A94B0010C5CF8523258A98E2DFBD79B6
7417886647 19832 56813 7C20F6CF1A09EEE4F40FE6F70B0F070213E4AE0B9599CF6348B0EAC781225457
7418349684 30345 32596 CD39C1D57188C69EFFA3720CACB8A9BDA8AB133A9379FFB9E361595713573B3D
7417559005 51084 6138 7C20F6CF1A09EEE4F40FE6F70B0F070213E4AE0B9599CF6348B0EAC781225457
7419788619 16991 50490 934084EB9A0139476C44C46F570E6EA5DB1F55E12EA8583F2BA1AD63EF00F7A6
7421318946 40726 45726 7C20F6CF1A09EEE4F40FE6F70B0F070213E4AE0B9599CF6348B0EAC781225457
7427864799 16509 27341 068745D524C41BB1C2CE0211F15300B9A771C380514F9E050B23F6A11F6CB676
7427244289 24306 42401 7C20F6CF1A09EEE4F40FE6F70B0F070213E4AE0B9599CF6348B0EAC781225457
7419121019 1835 36347 837E21A1769E8409F7A547AE94B0E6BED9640EFF91DDE11CF4E10F372C992075
7421000937 18471 18846 312BBC406FCB1DFDC2DA021A4841359BD2D3ED0165DC36A9A161B28539141674
7417645140 56796 24228 7C20F6CF1A09EEE4F40FE6F70B0F070213E4AE0B9599CF6348B0EAC781225457
7421556233 64591 29126 F73491029473E50263C8609CFD862F2E43461F9CCEAD3A387916FF27CE5A3753
7417679223 3821 21508 FD89C7B6116FC58AF3722C28A8476F888492682972F7102CE305A6C266F3908D
7417012756 9717 61866 95F78A30473DB2C41F0D7F368030350078E2C71A9DFE8EC663CCD315A8779B39
7423054403 53227 29124 61233ED316890850D7E4DA463925FF51A10A38AA6B39AB0B10A012A37E8E3CBF
7424326919 39648 23846 7C20F6CF1A09EEE4F40FE6F70B0F070213E4AE0B9599CF6348B0EAC781225457
7419664291 50037 27471 D0C8C39634488503AF7FE72D4A4655575B7A0686BEA596D80C5ECE6066F0BEE2
7426115731 21640 14234 7C20F6CF1A09EEE4F40FE6F70B0F070213E4AE0B9599CF6348B0EAC781225457
7426417854 55352 10338 7C20F6CF1A09EEE4F40FE6F70B0F070213E4AE0B9599CF6348B0EAC781225457
7422995226 49397 383 A23B6C0169861E5AD6F973BFE840E073C8716866D90FC10C974B3C8881244375
7424987706 24965 30054 DBDBBF380E96A8D0DE46AC6B3D38907E0C4F1A49C6A343046A33A496811A66E7
7423862795 34945 28846 9FEB9E5E3C6F6F2AAD620716044EC03E78C71A5E3520A388F4726577BA52F3C8
7428262395 4267 2737 E29432ADE59AC7AB7AB5987D7456E245497BD42E15CA32109D5B09CA7A0194C9
7428176673 52440 33619 7C20F6CF1A09EEE4F40FE6F70B0F070213E4AE0B9599CF6348B0EAC781225457
7416620284 59873 30296 51FDC21F7EF4033C4E5CDEEAAA13512A4AA61B68A9A52102F519834F7203DD42
7418954496 14730 55751 7C20F6CF1A09EEE4F40FE6F70B0F070213E4AE0B9599CF6348B0EAC781225457
7425989786 2006 27988 7C20F6CF1A09EEE4F40FE6F70B0F070213E4AE0B9599CF6348B0EAC781225457
7428117539 65422 18097 7C20F6CF1A09EEE4F40FE6F70B0F070213E4AE0B9599CF6348B0EAC781225457
7418730877 26038 18758 7C20F6CF1A09EEE4F40FE6F70B0F070213E4AE0B9599CF6348B0EAC781225457
7422575902 55777 62974 493BDCBF68DD2169FDF66389DE3E453BE6263DBC613465352FDF1AA0378D9839
7418265348 33321 12266 4D76FB1DE2B797FE899A8D86EAFCDE5BF0FBC7CAD8B039AED6FCC673FE748F81
7416739045 37052 63902 7C20F6CF1A09EEE4F40FE6F70B0F070213E4AE0B9599CF6348B0EAC781225457
7425952741 34975 13099 6BAD9E1CC30FA01A2EAE9DC5FE78B0F40AF83AB07270F80CAD09530A37ABFFC8
7418245700 36312 1319 7C20F6CF1A09EEE4F40FE6F70B0F070213E4AE0B9599CF6348B0EAC781225457
7424943983 60858 26077 7C20F6CF1A09EEE4F40FE6F70B0F070213E4AE0B9599CF6348B0EAC781225457
7423684285 23113 58514 BF7918665E708C3B0FF971D9C8BA379E10ACF622FE698452022A7BB3EAC6C889
7425577136 40914 17832 7C20F6CF1A09EEE4F40FE6F70B0F070213E4AE0B9599CF6348B0EAC781225457
7423292257 30079 33423 0C5AB4EB683D962215D81B8A2D0DDE71ACBC5F33455341A15E03BDAB0F8CBFB0
7424168934 41364 38640 7C20F6CF1A09EEE4F40FE6F70B0F070213E4AE0B9599CF6348B0EAC781225457
7424057357 6655 52811 BABAA51F12907B448155670B309F530673908FA0A331FF10F07F2E5183197F76
7421032505 6133 64429 A0744E3E4D3686985AA335536DD87169D91C3D37660DD45F3AA19FF447980D4E
7417888968 65241 38717 92A2EC6C9EA3384D0A58B17EA1DB09B93FC542AFB02ED50FC67B9712EC60678D
7417649824 41421 16971 AE66EC22BB5B76CEDCE054200B07BC37F85AE410A45FE83439EB60372FCEFF93
7425496640 11550 31682 7C20F6CF1A09EEE4F40FE6F70B0F070213E4AE0B9599CF6348B0EAC781225457
7425743852 63224 56616 7C20F6CF1A09EEE4F40FE6F70B0F070213E4AE0B9599CF6348B0EAC781225457
7424878287 398 14547 7C20F6CF1A09EEE4F40FE6F70B0F070213E4AE0B9599CF6348B0EAC781225457
7425063820 32997 15350 8BA7A8929080F97B87F560DDACCC2724DAFFC3668AD0CF55F05F5FB211A18D98
7420581852 28153 53737 F7D66E36C635DF49FD6D88613A55C85E13427950747C65E631301311C3F64EB8
7421311253 18271 2877 4454B3E7C18C3D53209681A9B9AE362355F901943DF2D2937CE9DB0A53F9E51F
7425894581 29068 18046 7C20F6CF1A09EEE4F40FE6F70B0F070213E4AE0B9599CF6348B0EAC781225457
7420089128 13624 41458 7C20F6CF1A09EEE4F40FE6F70B0F070213E4AE0B9599CF6348B0EAC781225457
7426584486 36434 28712 7C20F6CF1A09EEE4F40FE6F70B0F070213E4AE0B9599CF6348B0EAC781225457
7422076293 16293 50063 78DC18DD0655CADD6F71204B35B84AA1C471A8A4FD78B93EA19364D004687528
7418376988 50919 47003 6D4D2C320CABD699F5F6DC272D19D5157F090DA6C06C2EE61EF56EA9F4571B7C
7423729357 62807 59003 C66400F379BB5E4364C3DC366E6818FB8A988EDE536131BABF1C13C86572432A
7425686541 39275 49305 3DC09DE9EA0730D0E166C69C3646D58D3B2939F5BA6DE9A76A28FC62D9ABA332
7420822406 24607 8919 20F9F0B698983307E4BCD64A7FB90E453D0C9EE8B7AC0E45CA7CA896C1A0DFC8
7422156731 62678 49833 7C20F6CF1A09EEE4F40FE6F70B0F070213E4AE0B9599CF6348B0EAC781225457
7424459003 15585 49758 324CF569698AEDFA267F13DD2EB20311BABE104D20AEF9FCFDF039E4123C0F86

Total of 0 tasks calculated error.
