Total of 100 tasks calculated correctly, accuracy 100.00% 
7429206512 36237 51596 7950E21F32FE1BB0E9578122DE994643EA80D4C490B45D570D10CE3D3282624A
7436935982 5966 47844 7C20F6CF1A09EEE4F40FE6F70B0F070213E4AE0B9599CF6348B0EAC781225457
7434931790 7214 10720 7C20F6CF1A09EEE4F40FE6F70B0F070213E4AE0B9599CF6348B0EAC781225457
7435127068 47175 60443 218D312BCE2911CF7A625FF3A133D57FBB0CE6F0B74BE1A5AB20C21AC5834D90
7440237330 35904 11231 7C20F6CF1A09EEE4F40FE6F70B0F070213E4AE0B9599CF6348B0EAC781225457
7430991841 2826 30544 7C20F6CF1A09EEE4F40FE6F70B0F070213E4AE0B9599CF6348B0EAC781225457
7430465213 53725 32728 0BBDC51B48E4D2A76D1BC9904CF260B3CBA397D0C464521A7EA3FCE5D790310A
7438177025 55967 6987 18E9695CC4C32109FFDE8E040EC03662AA192B54D7EE01B16BB2C91A6DFAAF07
7436931347 29572 63727 7C20F6CF1A09EEE4F40FE6F70B0F070213E4AE0B9599CF6348B0EAC781225457
7431807421 57146 62111 7C20F6CF1A09EEE4F40FE6F70B0F070213E4AE0B9599CF6348B0EAC781225457
7432610845 14032 62458 7C20F6CF1A09EEE4F40FE6F70B0F070213E4AE0B9599CF6348B0EAC781225457
7438055908 40755 15087 0C0F5BB411D430EC1D3F62DD98AB131C2E1ABAA7460871DF3225FB78CAB39688
7440275258 34566 8628 7C20F6CF1A09EEE4F40FE6F70B0F070213E4AE0B9599CF6348B0EAC781225457
7431132320 46730 36548 7C20F6CF1A09EEE4F40FE6F70B0F070213E4AE0B9599CF6348B0EAC781225457
7430639701 25384 36731 7C20F6CF1A09EEE4F40FE6F70B0F070213E4AE0B9599CF6348B0EAC781225457
7434180770 61602 38482 7C20F6CF1A09EEE4F40FE6F70B0F070213E4AE0B9599CF6348B0EAC781225457
7431690479 53877 37478 B7D02E6942903031D64622E29536B583AA5DF41B96108E538F46E5D9EDDDD494
7439189707 14598 22828 7C20F6CF1A09EEE4F40FE6F70B0F070213E4AE0B9599CF6348B0EAC781225457
7436191224 48873 898 8194F870DECF4112B5324DC7645C94E3DB728560B86BC8E5E7EEDD500FDA1CD4
7436329840 32584 56679 7C20F6CF1A09EEE4F40FE6F70B0F070213E4AE0B9599CF6348B0EAC781225457
7435436095 33307 34042 D3F156F0D937E5750921F151502DCC1275033DA54B174026A1FF3C1328283B39
7432199640 50223 16562 E1E5E93E85081D08C72B9FCFE4EC2DB9C7725D638D9E9928C9A58B5DEF2B2A3E
7431467390 60300 49454 7C20F6CF1A09EEE4F40FE6F70B0F070213E4AE0B9599CF6348B0EAC781225457
7431222621 4534 51682 7C20F6CF1A09EEE4F40FE6F70B0F070213E4AE0B9599CF6348B0EAC781225457
7434176771 63310 46265 7C20F6CF1A09EEE4F40FE6F70B0F070213E4AE0B9599CF6348B0EAC781225457
7431801259 31785 49199 BCD9406E472CD21F2B2E4011B7686BE6B4B93B4FBE1F6E2289BA244EAC58B26B
7434028026 16348 7441 7C20F6CF1A09EEE4F40FE6F70B0F070213E4AE0B9599CF6348B0EAC781225457
7429955495 57397 2962 46DAFF64F7DA00C3736D77E57C614E2FEFA2501E8F15EF4395A76F10487FE02A
7433040799 25112 1730 7C20F6CF1A09EEE4F40FE6F70B0F070213E4AE0B9599CF6348B0EAC781225457
7434124969 18578 11672 7C20F6CF1A09EEE4F40FE6F70B0F070213E4AE0B9599CF6348B0EAC781225457
7432995792 17321 26733 B091BB25B45A21CAA09058CBDB22F865E5D71FF30982903186EA55DBD95F7DDD
7437780988 3856 9948 7C20F6CF1A09EEE4F40FE6F70B0F070213E4AE0B9599CF6348B0EAC781225457
7434890682 3516 33381 7C20F6CF1A09EEE4F40FE6F70B0F070213E4AE0B9599CF6348B0EAC781225457
7436814215 45966 17425 7C20F6CF1A09EEE4F40FE6F70B0F070213E4AE0B9599CF6348B0EAC781225457
7429102837 30601 48933 436E4B00B72B19A0297B267D282ACB2864F9A8B2C84CC4386F3510ECE2024B83
7439660363 17307 2179 EA9B2AE9F2252AEA544B2169B1048476C3D89215CA2E987AADA6E5D827C9EE5D
7433519595 10533 46443 D9D3A9116B50B62D7B5D9F6954B8D3BBD3A0D2350BEF207144CD18E2CFACAFB6
7433565274 5130 58481 7C20F6CF1A09EEE4F40FE6F70B0F070213E4AE0B9599CF6348B0EAC781225457
7439184641 53132 19735 7C20F6CF1A09EEE4F40FE6F70B0F070213E4AE0B9599CF6348B0EAC781225457
7438484798 31491 56123 1F5DF81111D349DCA9BF2C901F0EFDD104C72F01D573284D3A21231BF8E786C5
7437128650 7210 57855 7C20F6CF1A09EEE4F40FE6F70B0F070213E4AE0B9599CF6348B0EAC781225457
7429518359 57926 38684 7C20F6CF1A09EEE4F40FE6F70B0F070213E4AE0B9599CF6348B0EAC781225457
7432891558 58950 19890 7C20F6CF1A09EEE4F40FE6F70B0F070213E4AE0B9599CF6348B0EAC781225457
7434344938 21292 54570 7C20F6CF1A09EEE4F40FE6F70B0F070213E4AE0B9599CF6348B0EAC781225457
7438003984 64879 16588 F162C9A6C85EFBE64FC3C4444D4DC6E71FD49F73EF05135F523253C1ED79FB5F
7429929449 61301 29612 8937F669747B83D791385351E61EE98B8E2B67BC7DA4A8279BCDE2B3291D7C9E
7432716228 51572 25146 7C20F6CF1A09EEE4F40FE6F70B0F070213E4AE0B9599CF6348B0EAC781225457
7438497288 43494 18690 7C20F6CF1A09EEE4F40FE6F70B0F070213E4AE0B9599CF6348B0EAC781225457
7438078680 42820 7552 7C20F6CF1A09EEE4F40FE6F70B0F070213E4AE0B9599CF6348B0EAC781225457
7430053390 10080 25917 7C20F6CF1A09EEE4F40FE6F70B0F070213E4AE0B9599CF6348B0EAC781225457
7436494941 65359 29653 44F660D8E97234DEADB4FBFF00AC7D94B5CD5A4651E0BFC6B93AF9B433376349
7435347277 57108 64710 7C20F6CF1A09EEE4F40FE6F70B0F070213E4AE0B9599CF6348B0EAC781225457
7435928025 59065 44703 30C9603DC4B0F6DC88CE2A9A872CE3A19136AB32D107D27EB2C27D699423EF24
7432197160 20360 36448 7C20F6CF1A09EEE4F40FE6F70B0F070213E4AE0B9599CF6348B0EAC781225457
7434262895 60097 16213 5A662CA114E0F1BDCBEC6BE1AC4E541492108F7EF36AD2563156DE81B236FACC
7436311751 45068 61220 7C20F6CF1A09EEE4F40FE6F70B0F070213E4AE0B9599CF6348B0EAC781225457
7433074041 1059 11092 E1BFCA47CB052FBF12150D6B077B88102736ECCCEA4EDB696CF596541F9664E6
7430396742 11559 47703 4DE852B7148BC8C0FE7A06E2B27D485DA0985EA1065242ADF8331BEF3EEB0DB3
7436922353 11135 1018 7F911E55EDA2A6F15DDE83A2B7373744515E969BAE9242CE9227F3FBABA6DAA6
7439550049 29293 9880 B4412A2B5B965446BF2AF095047F73EA7A9F0E4D877D65B3881998108C8C6542
7439023961 18054 60279 7C20F6CF1A09EEE4F40FE6F70B0F070213E4AE0B9599CF6348B0EAC781225457
7434913216 755 64325 14C70296B4E60BF0241EBF89E3AC2B3DCB71E0C1884C4198F30317F2EADBE98E
7430552610 2699 64380 8412A10EF78575C3950759F6C166B5492D608959B50C08C32F097FD16BA9EEBF
7438240486 35718 7004 7C20F6CF1A09EEE4F40FE6F70B0F070213E4AE0B9599CF6348B0EAC781225457
7434645768 63045 3619 8BC0ED39145D6F721969290A2DDD1E14A5D435AF4D4B10377BE6326154E3D68A
7431909005 62824 23213 7C20F6CF1A09EEE4F40FE6F70B0F070213E4AE0B9599CF6348B0EAC781225457
7440171964 9919 3367 82B5265693ED80ACAAA89FA4277840121BC3872DC51090D7669F2AE1D69F64A0
7436606366 7263 25801 C6BEDF33145D285A0159D5491D3C5D6F023B8A91E327BD268EFA86E2A2C73C84
7429335470 38417 42901 0D6DB69BE4E6A72F861AA3F3DF53DA2B099DF1D906E5369CA7252EFFC69746C0
7431332272 56331 55993 02F2DBDBB76D44E40F2EDE64211553C0F3579F614E533EA12877494E071F3892
7433904282 40177 3683 6819BFA79DF750D76B8773599BC3C9FE8673117F69B4192A3AA0726F58DB9CC3
7439353629 13778 31087 7C20F6CF1A09EEE4F40FE6F70B0F070213E4AE0B9599CF6348B0EAC781225457
7428559634 22570 54622 7C20F6CF1A09EEE4F40FE6F70B0F070213E4AE0B9599CF6348B0EAC781225457
7438189913 23179 42584 35CE993DD08C47A8750A89494C64D4C594DEC4C8DFAB73C8198AFFB90F3B0F0A
7435399369 39465 39354 8E1C97EEADCFCBDBBF51BF71E99994B874BFC277B16BEEE16F581172596FC750
7431217559 34550 47137 7C20F6CF1A09EEE4F40FE6F70B0F070213E4AE0B9599CF6348B0EAC781225457
7435250531 26459 52515 DF465EAFA5590B01AA322BB8DD8677B46A5A0C2F917A3708B8FE3612AE0B8136
7429602226 12624 20389 7C20F6CF1A09EEE4F40FE6F70B0F070213E4AE0B9599CF6348B0EAC781225457
7432237980 34775 55821 606E4E78FE9A479AC1A01B2B7BAA99C7A7A8ECE1F27025F975AD17362BB21B12
7435160620 32359 50269 53C18A2BEF1B8BF4FAA95ABF9217343F86CFE4A5AF0DD1273567E2FF4894A7CC
7429174920 40929 28791 90B57075DE4272EC47DBC14BBEC20C0715D887218F20576B7552E68BFCC9E95B
7439120076 39774 50804 7C20F6CF1A09EEE4F40FE6F70B0F070213E4AE0B9599CF6348B0EAC781225457
7437152555 33820 15724 7C20F6CF1A09EEE4F40FE6F70B0F070213E4AE0B9599CF6348B0EAC781225457
7433035068 42593 50820 F7B01CF4EBE3CC724E52563175734669D9999FCDE71BCAF13C713445A3D1AC57
7430649462 16764 8534 7C20F6CF1A09EEE4F40FE6F70B0F070213E4AE0B9599CF6348B0EAC781225457
7429787260 59525 16184 046BCD7D9A9197FE72B1B4099199FC28FC3174C73D7DB100662E6A97C4B05A4F
7429150346 23124 6133 7C20F6CF1A09EEE4F40FE6F70B0F070213E4AE0B9599CF6348B0EAC781225457
7435909350 53097 43314 406A90116D4D6055168C85BF1A524D9DBD45E63988EF362CDB30F6DF3A27AC5B
7434820989 52845 11468 E5828A90171F046F5E6F9F9EE3D2A76CFEFE5DAB4B9B7E6796284E64E3BE55C0
7429608269 9760 42473 7C20F6CF1A09EEE4F40FE6F70B0F070213E4AE0B9599CF6348B0EAC781225457
7439448529 20255 26214 FD295B3860C2700741579BC50E49F1687C34A957C13D3A8F1F3CBD6C4273208C
7438924832 15056 52016 7C20F6CF1A09EEE4F40FE6F70B0F070213E4AE0B9599CF6348B0EAC781225457
7436304092 20766 6854 7C20F6CF1A09EEE4F40FE6F70B0F070213E4AE0B9599CF6348B0EAC781225457
7438440203 41318 30939 7C20F6CF1A09EEE4F40FE6F70B0F070213E4AE0B9599CF6348B0EAC781225457
7437937972 2353 42531 592033C0F3EDFC5FDE411BE33DAEB5A1168CE0481B0B7E5984456D6D8F00111B
7429213251 49628 62721 7C20F6CF1A09EEE4F40FE6F70B0F070213E4AE0B9599CF6348B0EAC781225457
7432877187 38913 10724 41B16F99C21F1C86322313FC5B0C1DC5DA4992D9012F81DCB10CF9EB5E946BE0
7430475029 57736 8162 7C20F6CF1A09EEE4F40FE6F70B0F070213E4AE0B9599CF6348B0EAC781225457
7437471195 40458 1408 7C20F6CF1A09EEE4F40FE6F70B0F070213E4AE0B9599CF6348B0EAC781225457
7438224437 47985 49755 9C0616A7A7129CE304BEF5781B0CF933681F8AE0886360D84693E4AC35BE6491

Total of 0 tasks calculated error.
