Total of 100 tasks calculated correctly, accuracy 100.00% 
7450575789 44048 10110 7C20F6CF1A09EEE4F40FE6F70B0F070213E4AE0B9599CF6348B0EAC781225457
7443625136 25299 33812 77D66DCD26668BBC648E8EB8B0C6E853184CEF9EA04AF41DA4CF036007D35E54
7445118019 44283 36358 7F22B4B555682999AA331B4A2413E3D51551BD284B215211631257028354EB38
7449122213 19719 60017 34593F437827BD00A482B42D1D53CE43D6BA9B6EAA96F5F85F504E2660D531DB
7452068244 62017 23445 ED68B64975E4603A02735B8139BFA87DC1054462DB77778B2FC6CB18E4A5E66D
7440723040 30166 57347 7C20F6CF1A09EEE4F40FE6F70B0F070213E4AE0B9599CF6348B0EAC781225457
7450046718 37786 5461 7C20F6CF1A09EEE4F40FE6F70B0F070213E4AE0B9599CF6348B0EAC781225457
7440826862 38371 19435 0154DD3A737A8D520DF4F164678C72D0F5C70EA2FFFE72D9212A49F85A170243
7447365417 54004 38822 7C20F6CF1A09EEE4F40FE6F70B0F070213E4AE0B9599CF6348B0EAC781225457
7445556933 3339 570 2D8E70F0D5DF343450F84A8760E010E95F75C02BD215AE7B3C52BBAFBE2DE5C4
7441756763 63994 14709 7C20F6CF1A09EEE4F40FE6F70B0F070213E4AE0B9599CF6348B0EAC781225457
7444844716 34578 59251 7C20F6CF1A09EEE4F40FE6F70B0F070213E4AE0B9599CF6348B0EAC781225457
7450222976 60095 24072 CB36499ADB5BF4F8F7338B2A7F2C3FF7B2EF942B3E46AA4E401137E4E6D23A5A
7452109199 61954 19541 7C20F6CF1A09EEE4F40FE6F70B0F070213E4AE0B9599CF6348B0EAC781225457
7447468635 7541 31693 3E1F22FC9814984808B520C1E91BCE0887BF8BF7E80D7455B3EB515B0D79653F
7444579551 23584 46701 7C20F6CF1A09EEE4F40FE6F70B0F070213E4AE0B9599CF6348B0EAC781225457
7445099998 6581 5332 7C326A4BBD76D3376CA134C3954E9D9C78F3C07BD1A2F0F7A2A459C302C9D1B8
7446042072 43689 11267 9ECBE0930E5DE4A1DF7B73825BDF48568D577785D6EE00A26185BA95C371F912
7446174280 10064 21283 7C20F6CF1A09EEE4F40FE6F70B0F070213E4AE0B9599CF6348B0EAC781225457
7446052701 25764 53891 7C20F6CF1A09EEE4F40FE6F70B0F070213E4AE0B9599CF6348B0EAC781225457
7443867462 42466 54515 7C20F6CF1A09EEE4F40FE6F70B0F070213E4AE0B9599CF6348B0EAC781225457
7449335556 23212 5440 7C20F6CF1A09EEE4F40FE6F70B0F070213E4AE0B9599CF6348B0EAC781225457
7449619972 12945 61403 71E77C38FA4D6465F82679E27FAA05783D965191A159CD5E3D0492BCEEBE2BEA
7445949209 12798 41973 7C20F6CF1A09EEE4F40FE6F70B0F070213E4AE0B9599CF6348B0EAC781225457
7442265457 28540 46332 7C20F6CF1A09EEE4F40FE6F70B0F070213E4AE0B9599CF6348B0EAC781225457
7450623591 43195 28955 06BD542BEFF4D0DE3BCAD6D098A095C23C2AD97FBF98AA37C1CDF0D7A38D1B32
7445209507 64845 14066 60CAF8648EE3890044EED19ECF1857892AC727473FF514BC8829CA325DF8E869
7446991671 14287 13896 9FF11A7577CF04BC26C36908195AEBE43387F44BCF51D260BBA94FCFA5372400
7448204635 45132 34654 7C20F6CF1A09EEE4F40FE6F70B0F070213E4AE0B9599CF6348B0EAC781225457
7450337399 1624 60833 7C20F6CF1A09EEE4F40FE6F70B0F070213E4AE0B9599CF6348B0EAC781225457
7451545749 52659 23007 713BF3CD6163B716805EF4772DA1C3C7197FFC3A0D515EDE44ECE53C205E0AD1
7448496925 45462 64294 7C20F6CF1A09EEE4F40FE6F70B0F070213E4AE0B9599CF6348B0EAC781225457
7441168163 47273 33077 2FF381457BEDF4C17B60D90E7B96B7090842E0A032244D8D629854CA4A78C12B
7450770071 41388 19128 7C20F6CF1A09EEE4F40FE6F70B0F070213E4AE0B9599CF6348B0EAC781225457
7447612748 41216 12947 7C20F6CF1A09EEE4F40FE6F70B0F070213E4AE0B9599CF6348B0EAC781225457
7443404113 49108 36140 7C20F6CF1A09EEE4F40FE6F70B0F070213E4AE0B9599CF6348B0EAC781225457
7451090755 33787 38679 64D85AC66EFF1814E17AABAF9600371B692E9ED16B889516FEEB9CE0256CB54F
7441266856 58705 16123 7A2387E25914B89ECFB281747741D671AD81C8BDA53CE3E3708386261D3CE77E
7446865385 30501 22325 0B3EC178B53F972F7D05FBD035A686AAEC94AB87F410FDDE265C334422EC3C7C
7448049975 62262 23829 7C20F6CF1A09EEE4F40FE6F70B0F070213E4AE0B9599CF6348B0EAC781225457
7441844642 50673 61627 8EE6774E855945BA72957D50DC25FA493D8C2B4844D7D91E52CAEA484C09F3DF
7451639259 42064 1595 7C20F6CF1A09EEE4F40FE6F70B0F070213E4AE0B9599CF6348B0EAC781225457
7449796703 35713 41525 7E50650B111764C2A5CB648F3375F3912AC3119D601F6C978B13023018DF63BA
7446527133 31752 51636 7C20F6CF1A09EEE4F40FE6F70B0F070213E4AE0B9599CF6348B0EAC781225457
7447407873 61548 36239 7C20F6CF1A09EEE4F40FE6F70B0F070213E4AE0B9599CF6348B0EAC781225457
7446033033 58701 25376 F1BDB81788BC63839EF2881FD2F566CD6D6175CEBF1E6E048B5BE83F7509BDBD
7450280474 5030 34230 7C20F6CF1A09EEE4F40FE6F70B0F070213E4AE0B9599CF6348B0EAC781225457
7450547869 37150 1585 7C20F6CF1A09EEE4F40FE6F70B0F070213E4AE0B9599CF6348B0EAC781225457
7443494611 23359 60664 755973950C67CE49224DBC9567DD7E06D55A6FED60C87EE290C73A5F8FA5A47F
7443707310 42730 25869 7C20F6CF1A09EEE4F40FE6F70B0F070213E4AE0B9599CF6348B0EAC781225457
7446921407 54628 42355 7C20F6CF1A09EEE4F40FE6F70B0F070213E4AE0B9599CF6348B0EAC781225457
7448088101 14217 4808 7BB2FF55D5594DB5C53593A359193D9529025FD752213FA7A2359159A7BF03F6
7451283585 8360 8099 7C20F6CF1A09EEE4F40FE6F70B0F070213E4AE0B9599CF6348B0EAC781225457
7445633201 31784 31870 7C20F6CF1A09EEE4F40FE6F70B0F070213E4AE0B9599CF6348B0EAC781225457
7440892146 35057 19972 D1F1CEA3E687ACCD90AEF5DA267D4D0F6FC4281BDB9C4C1F650B296AD9199E79
7447166897 6434 62480 7C20F6CF1A09EEE4F40FE6F70B0F070213E4AE0B9599CF6348B0EAC781225457
7451517905 53924 63622 7C20F6CF1A09EEE4F40FE6F70B0F070213E4AE0B9599CF6348B0EAC781225457
7446956666 24332 43934 7C20F6CF1A09EEE4F40FE6F70B0F070213E4AE0B9599CF6348B0EAC781225457
7446212568 62234 18514 7C20F6CF1A09EEE4F40FE6F70B0F070213E4AE0B9599CF6348B0EAC781225457
7441187110 20077 58768 6B5070752618A9C51392212886D20C57CA6F9A52A64078534C135EBAF9318524
7444454783 47458 41471 7C20F6CF1A09EEE4F40FE6F70B0F070213E4AE0B9599CF6348B0EAC781225457
7448900683 39991 4179 E24D6022740BFB49AFD9FF3490E2BB5C6ADEABCA2AFF4F66CD377DF77ADE617D
7449724736 61927 11530 3F5D0CB8CC5390FC74FCC556DF16ED30E34885FF3A95EF17DBBCC44D3873AB8B
7443740635 52035 21127 A882A2E38000023A9DF55B15AF98E9B7BB9C1BD2CF183EB058A47180FEEA06B9
7441887440 14858 64839 7C20F6CF1A09EEE4F40FE6F70B0F070213E4AE0B9599CF6348B0EAC781225457
7445475390 6390 38789 7C20F6CF1A09EEE4F40FE6F70B0F070213E4AE0B9599CF6348B0EAC781225457
7446035092 50520 40527 7C20F6CF1A09EEE4F40FE6F70B0F070213E4AE0B9599CF6348B0EAC781225457
7445964077 14190 23253 7C20F6CF1A09EEE4F40FE6F70B0F070213E4AE0B9599CF6348B0EAC781225457
7446358337 54242 57431 7C20F6CF1A09EEE4F40FE6F70B0F070213E4AE0B9599CF6348B0EAC781225457
7441307805 38493 39878 32D10E65F0A931F4759FF8D6B3DD66E854D8991F42D7D85F4200FC83D77F0355
7450522305 49856 24262 7C20F6CF1A09EEE4F40FE6F70B0F070213E4AE0B9599CF6348B0EAC781225457
7440485262 3368 60624 7C20F6CF1A09EEE4F40FE6F70B0F070213E4AE0B9599CF6348B0EAC781225457
7446888021 40867 36485 42552F717802137D0C3639D1150A27C79145D77D007C553C4C70735E666513B3
7451247590 33242 45306 7C20F6CF1A09EEE4F40FE6F70B0F070213E4AE0B9599CF6348B0EAC781225457
7446420165 16679 45048 24F6D71D6F448EF722C902670AA6F8AB80AB1DE2371D4292C2111E4D3BD96617
7441552939 17642 32076 7C20F6CF1A09EEE4F40FE6F70B0F070213E4AE0B9599CF6348B0EAC781225457
7448245525 56233 13814 75D9FE87CA5028DA1BE61ED270B1A26429A17FC57A09730DF60CCA102ABDB958
7441085368 11027 61518 F995B80594AD06B09BFE335141ED837402A42D87F08698E827F3C7181E27B5B6
7450720615 6019 26317 D76E21B50C31AA62593F8812CD4307C6C3140AE77E2B976702963330551FDA2A
7441599735 62372 50651 7C20F6CF1A09EEE4F40FE6F70B0F070213E4AE0B9599CF6348B0EAC781225457
7443363912 11103 51900 3D4B7B3106A8F705531C25BBD66FFB1237972011BF17D331914E14D0FF7A65C4
7442160569 32753 54584 7F8F29BE7B32434F3B3CB4B4AFEECD18FDDB73F391E67FF148E8337CB644B4B9
7449791703 60433 5143 52CF9686A18CA64B87667A097AB0C15E3A4DC85A21380F128CD818D253223AA0
7450265125 54264 58283 7C20F6CF1A09EEE4F40FE6F70B0F070213E4AE0B9599CF6348B0EAC781225457
7451883774 54711 50399 6CF8A4529A606B869046BC1F5F5463F536059F90790862CD93D3950505554FED
7448830429 9592 35365 7C20F6CF1A09EEE4F40FE6F70B0F070213E4AE0B9599CF6348B0EAC781225457
7446790013 24664 56120 7C20F6CF1A09EEE4F40FE6F70B0F070213E4AE0B9599CF6348B0EAC781225457
7445290308 11633 61582 F1CF1C7BFDFF5AEDD5F8D0497C712536D8785DEB63A6FBBA30701DBE9EE0C012
7444279980 14092 10847 7C20F6CF1A09EEE4F40FE6F70B0F070213E4AE0B9599CF6348B0EAC781225457
7452047233 4159 59096 3D9CED8919F1EA42ADBD1F2F82BBB7E47876EC9B71EED232F45D7A8D714E61B0
7442830234 10125 36164 54BDC4A1CB440A8F3A35638A634F7C095D7B8A82621431C57423E078281F5F8A
7443231863 33736 27319 7C20F6CF1A09EEE4F40FE6F70B0F070213E4AE0B9599CF6348B0EAC781225457
7446206574 36682 8461 7C20F6CF1A09EEE4F40FE6F70B0F070213E4AE0B9599CF6348B0EAC781225457
7449313753 43948 11327 7C20F6CF1A09EEE4F40FE6F70B0F070213E4AE0B9599CF6348B0EAC781225457
7450977283 25770 24005 7C20F6CF1A09EEE4F40FE6F70B0F070213E4AE0B9599CF6348B0EAC781225457
7443627659 33319 17396 17DB928E59486BA37CE221F5871E5DC91200DCD310A5F2A6B45F80B5BC1571FC
7451325612 60251 29262 0558A94E3042820552F9423853AF895CC7573340B7874934DDB45E357616B074
7447103369 56369 59911 59855C449B2C288626FBCCFF6C4926EF15785FD9F08EF72302EB10831BF9628C
7442378953 17467 57700 675E8DCD44A92B3BF48517CA8CAE000C8E3F4DD19E51976F97B564239F520067
7449639387 797 10402 6C983D12C509831BA54252FB3C6FC03E7487C279AE980465FB3950EE0BC60FB0

Total of 0 tasks calculated error.
