Total of 100 tasks calculated correctly, accuracy 100.00% 
7463962926 1814 5255 7C20F6CF1A09EEE4F40FE6F70B0F070213E4AE0B9599CF6348B0EAC781225457
7454122797 46423 27525 156AC944233F892D2EE5BB2FE85F0431392FAA1946B6CD609212D3D2BB84B9AE
7462118258 33583 2925 D8DA89A57FFD619256FC4DB4409071576FE403DBADCD14F078770831A96A8A0E
7453079023 45456 44766 7C20F6CF1A09EEE4F40FE6F70B0F070213E4AE0B9599CF6348B0EAC781225457
7461166892 58310 3155 7C20F6CF1A09EEE4F40FE6F70B0F070213E4AE0B9599CF6348B0EAC781225457
7463266099 33475 48353 DEEFF379CDB19A80A78547694896E1209D7BC6EC08A47C53A70E0A0861513351
7453624780 48818 8629 7C20F6CF1A09EEE4F40FE6F70B0F070213E4AE0B9599CF6348B0EAC781225457
7459835213 59189 4635 0313EB06FDEE19D3C07A8DE4AFF41B204F236A5AC0C9DB77C3AC941FFABDE5E0
7456601533 53124 11252 7C20F6CF1A09EEE4F40FE6F70B0F070213E4AE0B9599CF6348B0EAC781225457
7456827798 23833 14443 FCBAF26EC0917FFBB9D016EEDC9CA599BE566BD4F592A793F49A96DA8691CF1A
7458179654 12299 42813 8AE48173C6C6EEEFDE2F1CE15263A244A9B0C75B4EB3EF0307AADC4CA6125C1D
7462312572 17223 9250 DED01D96265180652FFDDFD1F022F1FC9547AA7F8A78D3778D6CC126CA31F0F8
7462613727 1893 22540 30DDAB870D14AF29EBD0E7F3562F4D334F5A484976CD5404CA3A276ACB6BC11E
7452772202 10018 17025 7C20F6CF1A09EEE4F40FE6F70B0F070213E4AE0B9599CF6348B0EAC781225457
7459634233 46354 8761 7C20F6CF1A09EEE4F40FE6F70B0F070213E4AE0B9599CF6348B0EAC781225457
7459008075 61645 40474 AC6BD5DDA445EF03E9E0F41FDDF92C61504A19A468A537A44E66A058D01B9026
7461811459 748 21216 7C20F6CF1A09EEE4F40FE6F70B0F070213E4AE0B9599CF6348B0EAC781225457
7453778439 5702 35872 7C20F6CF1A09EEE4F40FE6F70B0F070213E4AE0B9599CF6348B0EAC781225457
7456748068 62536 16565 7C20F6CF1A09EEE4F40FE6F70B0F070213E4AE0B9599CF6348B0EAC781225457
7461189490 2235 10329 19FBC69508B4B3EA6D458E471BA481CA6ABD1C4134E62DDD18C72A426152D70F
7459497362 43658 35171 7C20F6CF1A09EEE4F40FE6F70B0F070213E4AE0B9599CF6348B0EAC781225457
7458094792 24576 15780 7C20F6CF1A09EEE4F40FE6F70B0F070213E4AE0B9599CF6348B0EAC781225457
7459887667 12782 61490 7C20F6CF1A09EEE4F40FE6F70B0F070213E4AE0B9599CF6348B0EAC781225457
7454589120 48046 31393 7C20F6CF1A09EEE4F40FE6F70B0F070213E4AE0B9599CF6348B0EAC781225457
7455868995 41877 41976 3C5DB1DEDCA79973271B0E08E261DA0E85CF1A6A7B4438DF93D5AF5FEC7C2A2D
7460441235 44166 46949 7C20F6CF1A09EEE4F40FE6F70B0F070213E4AE0B9599CF6348B0EAC781225457
7459955252 14580 752 7C20F6CF1A09EEE4F40FE6F70B0F070213E4AE0B9599CF6348B0EAC781225457
7456914995 45979 22776 4D5E80B42083565E7855769D26C881E44142B91AE982C68689352B0881C91CA3
7453733063 49203 13755 00817DB53743EA974CE49A79C4DBCA8DD8F237E6EF19267759306BFECC46508A
7459329478 48098 27701 7C20F6CF1A09EEE4F40FE6F70B0F070213E4AE0B9599CF6348B0EAC781225457
7461121181 10521 4436 9A65C7A048D909D3F4371AD7D69D8FDB8BE0D62BAC3979B19BE66042DF370E5D
7453020384 61097 40250 111527D4AE09617D67FECD4610C7418AEF2BA2EA14C0B3178AFDAE61CC9A9B49
7457922343 47632 2086 7C20F6CF1A09EEE4F40FE6F70B0F070213E4AE0B9599CF6348B0EAC781225457
7461338182 18698 25173 7C20F6CF1A09EEE4F40FE6F70B0F070213E4AE0B9599CF6348B0EAC781225457
7456526414 39668 24779 7C20F6CF1A09EEE4F40FE6F70B0F070213E4AE0B9599CF6348B0EAC781225457
7454423625 5666 65244 7C20F6CF1A09EEE4F40FE6F70B0F070213E4AE0B9599CF6348B0EAC781225457
7462275409 2911 20559 32E1664AB7F4434E8634F3DF8343606A859592A22D53B9A238131ABC26CB193D
7452871442 41069 58443 3C576BAC10B6CB0DB1DB8BC4E3A51B9A8F8C86D320CF4642AED80DF6D4C878C5
7460603227 34393 9090 1326DA7CFBEE4039C36C35EDB9F0BB24DCCD496F4DBC071ED69D6A95ED9B3C57
7463197200 19461 53019 112305831E38AAF5EBDB580812574E52BCC1284D4719BE7A92ADA76EDCC6A3C6
7458072979 60046 57267 7C20F6CF1A09EEE4F40FE6F70B0F070213E4AE0B9599CF6348B0EAC781225457
7453224320 52253 47756 B7B6BA7CBD534F7EB08255DF5755583B747138D2D2327398FE6ECB5A4F44CE56
7460268024 49243 27024 FE6A164853157AECB7BDB2732909358B8838CD0A57DCB5D21B2A7884AA8A216C
7455242092 56645 32795 233702F5A5E0EC26507335124C7ABD93F66737BD8F9590D9E3FB8496998D0F22
7454749815 24234 12900 7C20F6CF1A09EEE4F40FE6F70B0F070213E4AE0B9599CF6348B0EAC781225457
7457583916 7949 21399 35B76A65A1CCCEC7DA90E98323F5CF89B67B562B5B40BEBBAB3ACD08649EA47C
7462433127 16952 1122 7C20F6CF1A09EEE4F40FE6F70B0F070213E4AE0B9599CF6348B0EAC781225457
7462959341 24954 25461 7C20F6CF1A09EEE4F40FE6F70B0F070213E4AE0B9599CF6348B0EAC781225457
7454119377 52676 11635 7C20F6CF1A09EEE4F40FE6F70B0F070213E4AE0B9599CF6348B0EAC781225457
7462188409 27555 10576 E00717B36930D440A1E5958EA456E2AD61C1CAB02A9D6E207FF1F66B1A9CA4A6
7461841967 46709 35955 368D5113001D2F5B0FE0C22A4C8D90695F0431FAD97856307A44E12FC5D122C7
7454095697 2044 62848 7C20F6CF1A09EEE4F40FE6F70B0F070213E4AE0B9599CF6348B0EAC781225457
7459829250 37198 10358 7C20F6CF1A09EEE4F40FE6F70B0F070213E4AE0B9599CF6348B0EAC781225457
7458099112 43478 47626 7C20F6CF1A09EEE4F40FE6F70B0F070213E4AE0B9599CF6348B0EAC781225457
7464238360 58060 12583 7C20F6CF1A09EEE4F40FE6F70B0F070213E4AE0B9599CF6348B0EAC781225457
7454511596 8259 28003 FB77235B96C1BB1D724C1990CB37565F9E56CB26126D1757241D9D72A0BEFC57
7463090745 51411 31282 E93673C262ABC2780A34B102B10BB51515E11ACA9713667A8F365F0F69ECBAF2
7454532920 53743 28430 9C21117760B63C937DAA62FB574B458A6FCC560D8F7DF59AD2481CA207B5CB44
7461189779 50935 9509 0A6F80FE7ABD26EADF8540439671BF34BC7FC49515E6532A39BB040E772F7969
7463151751 22919 936 3E494ACF7679397E90A7ACD3832A5A311405DFE4A13BB70A3C14F384FAF3E0AA
7461690426 59062 56737 7C20F6CF1A09EEE4F40FE6F70B0F070213E4AE0B9599CF6348B0EAC781225457
7455824009 41020 15248 7C20F6CF1A09EEE4F40FE6F70B0F070213E4AE0B9599CF6348B0EAC781225457
7454399979 37271 15670 283836A9CC99626FAE86D9EC65154617F99131A0F086BC6F1CDA6787C8156CE7
7455516082 44867 39555 CC482DFDCA9B7E1F104B2CFBDA3DEC832230EBD3FF0EF1686A21EB49909AAA43
7455262511 17564 2385 7C20F6CF1A09EEE4F40FE6F70B0F070213E4AE0B9599CF6348B0EAC781225457
7455014947 2134 56768 7C20F6CF1A09EEE4F40FE6F70B0F070213E4AE0B9599CF6348B0EAC781225457
7456375068 58434 49389 7C20F6CF1A09EEE4F40FE6F70B0F070213E4AE0B9599CF6348B0EAC781225457
7463920315 6052 11648 7C20F6CF1A09EEE4F40FE6F70B0F070213E4AE0B9599CF6348B0EAC781225457
7455528872 2255 59788 B4F12031F8FA3C02A4A8309000CBEC65269AAB38BDABAABC8CE0EC25A4039E9D
7452627071 60547 1584 2EB49E4054E0D3C954BF4152BDE0B84B6FD901FA6C9B2A6A026E03E8397E765B
7460760937 8706 59542 7C20F6CF1A09EEE4F40FE6F70B0F070213E4AE0B9599CF6348B0EAC781225457
7464325655 26396 42300 7C20F6CF1A09EEE4F40FE6F70B0F070213E4AE0B9599CF6348B0EAC781225457
7464074602 28498 40041 7C20F6CF1A09EEE4F40FE6F70B0F070213E4AE0B9599CF6348B0EAC781225457
7459629381 63271 29294 DFBE155EF4DD988FF4D200EFEA7380A330F595C41F06825184CF41913B2A9476
7458266069 50052 25029 7C20F6CF1A09EEE4F40FE6F70B0F070213E4AE0B9599CF6348B0EAC781225457
7453702868 59822 10370 7C20F6CF1A09EEE4F40FE6F70B0F070213E4AE0B9599CF6348B0EAC781225457
7462554541 47282 50365 7C20F6CF1A09EEE4F40FE6F70B0F070213E4AE0B9599CF6348B0EAC781225457
7460816349 8062 29828 7C20F6CF1A09EEE4F40FE6F70B0F070213E4AE0B9599CF6348B0EAC781225457
7462092562 21001 15349 CB0090AFB8F09F55D17D052839119F9F51C6F4B72FEC3B6F096DB86C9FF65F95
7453613989 26144 35085 7C20F6CF1A09EEE4F40FE6F70B0F070213E4AE0B9599CF6348B0EAC781225457
7453293793 40989 19189 C3F2E344EF21E531923EF98FCDD6FAF02664982054826025FDEC012264ADA715
7458704152 63006 21088 7C20F6CF1A09EEE4F40FE6F70B0F070213E4AE0B9599CF6348B0EAC781225457
7455643009 23052 31579 7C20F6CF1A09EEE4F40FE6F70B0F070213E4AE0B9599CF6348B0EAC781225457
7460271008 1997 46765 7FCCD80A92EF982A4367AA2CB23C0219AE61F7F4A01EACEBA4B2462C4178BBBA
7453552304 54130 36100 7C20F6CF1A09EEE4F40FE6F70B0F070213E4AE0B9599CF6348B0EAC781225457
7456811933 404 32094 7C20F6CF1A09EEE4F40FE6F70B0F070213E4AE0B9599CF6348B0EAC781225457
7460901099 24796 16148 7C20F6CF1A09EEE4F40FE6F70B0F070213E4AE0B9599CF6348B0EAC781225457
7458122278 41847 58334 288A9BC5EBBC6DB809C2B966538E42B3CC3290932B0301D7A732964DD5936E9C
7459149460 2051 58228 C512F339BE3F0DFA2CC50C32E000E2D5043BB6EB0FB713C27334D8486812E04E
7456143716 27970 21922 7C20F6CF1A09EEE4F40FE6F70B0F070213E4AE0B9599CF6348B0EAC781225457
7457108712 22986 57916 7C20F6CF1A09EEE4F40FE6F70B0F070213E4AE0B9599CF6348B0EAC781225457
7452448153 13409 13593 DBDDA379853470DD35CFF4736BA9DF4C86555E7791CB620C3A1D67AE00CA539E
7456300912 31224 55313 7C20F6CF1A09EEE4F40FE6F70B0F070213E4AE0B9599CF6348B0EAC781225457
7455082122 64985 6089 EF3F9BFBB75F51308AF0502D411E94EF2ACFA576A8007075A32582426F58A493
7454782657 43613 17255 F6130A84B989B52D6ADE119085EB7912D74D12D480F6F31D34605A51502C1524
7458744156 43338 27953 7C20F6CF1A09EEE4F40FE6F70B0F070213E4AE0B9599CF6348B0EAC781225457
7457185882 52825 18533 B8E140A48E5800E2399AC1786DCF12DB62FA58AF575F8431FDFE5CFF9A859559
7461769815 48641 53798 DC90B315FB33DD587144EC12C8C0DA90872F684B1CA4BCD6501C2023D0E3CA61
7457386359 36141 59224 9E4B5B5220F75AC046397913ACC37BB284C21C04B69755E056F8597D602E4F3C
7464342080 9485 59049 C5FB312B72CAE730CDE8B88BCA16680B5DDEC778FC1C242A22D9464AE0C49BBA

Total of 0 tasks calculated error.
