Total of 100 tasks calculated correctly, accuracy 100.00% 
7472442817 26208 62180 7C20F6CF1A09EEE4F40FE6F70B0F070213E4AE0B9599CF6348B0EAC781225457
7474913967 40327 5476 F0307A76C4CC0DF81A7CDC372C4EDFC91F533C7B28E8292492FDA6C25017D2A2
7472629656 64838 47398 7C20F6CF1A09EEE4F40FE6F70B0F070213E4AE0B9599CF6348B0EAC781225457
7472408461 54867 9472 5C3B374625D3E8224800B436675E06C1743F527D953D45D9F75F8460C270C83D
7473238837 62982 11615 7C20F6CF1A09EEE4F40FE6F70B0F070213E4AE0B9599CF6348B0EAC781225457
7472899150 29386 43516 7C20F6CF1A09EEE4F40FE6F70B0F070213E4AE0B9599CF6348B0EAC781225457
7472935346 57475 32957 051C9AAA131B2A048DD7365B05D965996757B6E68D95D9E3B9A40BA1380875C7
7467094502 19862 21644 7C20F6CF1A09EEE4F40FE6F70B0F070213E4AE0B9599CF6348B0EAC781225457
7467662058 16562 3786 7C20F6CF1A09EEE4F40FE6F70B0F070213E4AE0B9599CF6348B0EAC781225457
7474962863 43256 45000 7C20F6CF1A09EEE4F40FE6F70B0F070213E4AE0B9599CF6348B0EAC781225457
7472897900 28370 12784 7C20F6CF1A09EEE4F40FE6F70B0F070213E4AE0B9599CF6348B0EAC781225457
7475944750 40662 37882 7C20F6CF1A09EEE4F40FE6F70B0F070213E4AE0B9599CF6348B0EAC781225457
7475343288 31661 2798 5FD31127A64933FDB51DB825DD1F27B2CEAF5B97136BC7BF50CCE8CE32FFBF35
7468588760 2453 42722 01F8BD0912667A6AB9F9078B0E74BCEE7D794972FA2522791311FF9B100D8951
7468333770 9970 50946 7C20F6CF1A09EEE4F40FE6F70B0F070213E4AE0B9599CF6348B0EAC781225457
7471565947 38864 25192 7C20F6CF1A09EEE4F40FE6F70B0F070213E4AE0B9599CF6348B0EAC781225457
7474245250 19000 24538 7C20F6CF1A09EEE4F40FE6F70B0F070213E4AE0B9599CF6348B0EAC781225457
7465299976 55564 9030 7C20F6CF1A09EEE4F40FE6F70B0F070213E4AE0B9599CF6348B0EAC781225457
7470942635 63115 27250 9863C24A53CCD43856B6573E04E6226CA51A0FC6FEB70A1D07904393310FECA9
7468683953 44253 49444 8E2F2BB7917EE98EA0E000984E2D9E7BBDA24788A081B6F9476CB6376C339388
7471227535 59305 9111 19B31FF826F8C8F1D58F44BEC4CB9CD3F015563E1787846CF482BF6F632DE788
7472281893 27177 10110 9ABAE54B7DB9AD948D5AD1A30CF770CFCFFE913FB051BC0D353AD76E1F374B10
7464672870 26803 60002 C5C9EEAF4ADD62B6B57C31F9999D687D512369B7F5B6E52491D973003A421C42
7465214522 27117 54100 478B7F0251A81DE4BEA2B2128973B0EA4018F6B86D70FA188B808DF296CE9C22
7469930755 3118 18260 7C20F6CF1A09EEE4F40FE6F70B0F070213E4AE0B9599CF6348B0EAC781225457
7472851304 14771 18825 6D64CF26A9A296F2C31294BAED42CBE64CA94FCE2E514678494452F0D63E05AD
7464935994 52327 16397 194354CDA883AC69EF08458AD39D03351CD01EB5906CEC4889729FBD61BEB745
7470008978 46771 62234 281BF617803E4BCE48907BA97E96201BF416F43B982BBFE5884C5711757E4921
7471605791 39931 44642 E9C8284BA426F73C93262CD54B710C691BD6A267879031A57AF8A188C6E16EAA
7471243318 27949 64680 53261DD60FB28EED5C4395E45EB3174FF08106D8208D6959D315D7C06B06D00D
7471235669 33311 12324 5C114CFA51C18E2EDA58E06805AACA614919A4064C329D20CE91FD999A27F55F
7475504552 16570 14565 7C20F6CF1A09EEE4F40FE6F70B0F070213E4AE0B9599CF6348B0EAC781225457
7466895006 10128 15775 7C20F6CF1A09EEE4F40FE6F70B0F070213E4AE0B9599CF6348B0EAC781225457
7470441799 7656 27002 7C20F6CF1A09EEE4F40FE6F70B0F070213E4AE0B9599CF6348B0EAC781225457
7475629986 12723 60313 E6F0D0F56DA89306E78D5792DA0522C2E7BDD7100A54BD237791BDD76C0BD502
7467834265 46186 33146 7C20F6CF1A09EEE4F40FE6F70B0F070213E4AE0B9599CF6348B0EAC781225457
7470272328 5451 19685 9888DFA62FA5017D6782CFDDBF3111167733005681CB070D884FE649BA5B87B0
7470830691 34987 33921 EC5D7D14E6BEC43DAEBBC0CAD8D70ABB5BE9D95FED1E59CEC3C0F892333F3942
7473575829 18374 18892 7C20F6CF1A09EEE4F40FE6F70B0F070213E4AE0B9599CF6348B0EAC781225457
7471636808 40663 33425 2C9A03FA947A78FF8A429E518CF9DB9B4146B3E2F3FD8338A01D879EAF8EA694
7466842536 35889 12311 ACEB75E1431623A36D8DEEF361417D9B1B0B6E2D288327A822F5469A814B7733
7469461443 63423 52882 ADD28382157BF591B4901B03FAE6C637F4C0B502194AD73626DA662927F22DC1
7474683851 55023 20949 A4E2ABA5287C1660448700232F48AC622CC0C5A2C9A554FF2414581C5B1A0528
7465544224 30598 64985 7C20F6CF1A09EEE4F40FE6F70B0F070213E4AE0B9599CF6348B0EAC781225457
7467415734 14402 65512 7C20F6CF1A09EEE4F40FE6F70B0F070213E4AE0B9599CF6348B0EAC781225457
7474893768 25385 33761 C883ED3872999E4AAE787A0FEF0F7A3EAF64C7739876400AFF05B81B6EEE577E
7466876306 50733 48644 DB8CF3A86BFD2495A3B6050CF4CF8A2D33DBCF3920175BED719E31B91572AB48
7471499872 13109 20045 3123B832DB016E76969E4D56B7868819677F47CC76E584E4BB451374DAA9D545
7466754786 48598 36309 7C20F6CF1A09EEE4F40FE6F70B0F070213E4AE0B9599CF6348B0EAC781225457
7475018241 14888 14653 7C20F6CF1A09EEE4F40FE6F70B0F070213E4AE0B9599CF6348B0EAC781225457
7470719217 38838 2509 7C20F6CF1A09EEE4F40FE6F70B0F070213E4AE0B9599CF6348B0EAC781225457
7475568138 15784 28914 7C20F6CF1A09EEE4F40FE6F70B0F070213E4AE0B9599CF6348B0EAC781225457
7467696235 20378 12172 7C20F6CF1A09EEE4F40FE6F70B0F070213E4AE0B9599CF6348B0EAC781225457
7474937808 34422 59519 7C20F6CF1A09EEE4F40FE6F70B0F070213E4AE0B9599CF6348B0EAC781225457
7472183395 42480 13071 7C20F6CF1A09EEE4F40FE6F70B0F070213E4AE0B9599CF6348B0EAC781225457
7471814762 63982 10082 7C20F6CF1A09EEE4F40FE6F70B0F070213E4AE0B9599CF6348B0EAC781225457
7469277027 15487 57429 8B08ACCD3220FEC4C243C9620B4D6EF7F40C07C8D6552CF31A584C87882C2D91
7467062946 27863 59522 D6014BBBD8CAEE185F93599A3B5E468EDACACC17DC55AA4661C77AA882DA6E83
7475059768 26547 28142 2859C436E72A0994E22FA0CA10E89C07F1A68D29EF0516F7694E217A7306F3CF
7475624808 30847 48089 D065D11696D84618F8EC0DF80B9C4E0253B52469E0CC1697AE75F863B9005EB2
7476007161 52591 1202 5BFF0DC543954FA11916FA8BF6DFCE052F112F91E60C4C35523B6B3EF5D467E1
7470286783 7994 61405 7C20F6CF1A09EEE4F40FE6F70B0F070213E4AE0B9599CF6348B0EAC781225457
7466290055 23253 49132 FE7F3E2F77EDE56784ED40BD4438C9012D06A12938D6FFCEBC0979C16CAD55F9
7464816191 61071 25348 254DFCD7AE9212182E6D7F9CDB357A40F55B89F5D0FE1A3E66172016B64CBFFB
7471533742 55737 22592 5F1337270C8C16072A0ECA3400BE337131E4E62E9131765F421180C7214D8538
7473426785 6347 60003 35F80D8F24B5D3991D2565D0CB5FC4410AE3CEF343876C31847817FBED83D050
7465878073 40676 30066 7C20F6CF1A09EEE4F40FE6F70B0F070213E4AE0B9599CF6348B0EAC781225457
7468091657 1685 51739 BCE7348F5391B004A7915B0347AC73B510B99A6928CB5F0CC557AAE773E1D548
7468725668 63246 47272 7C20F6CF1A09EEE4F40FE6F70B0F070213E4AE0B9599CF6348B0EAC781225457
7472910436 14275 39308 CBAECCC5FA4B7F4BEDF51A68433D539899C0DC84DD8DB84FB6B53BBF021945E3
7474973452 9363 8436 F090B2499A777E51E0CCE0B26B9BB753C34D15785426C7B420C7BBD3F2044080
7473352672 37466 63285 7C20F6CF1A09EEE4F40FE6F70B0F070213E4AE0B9599CF6348B0EAC781225457
7474748130 44431 49802 247E71D4840F9C4E1828DCDECFB19D6C5BFF0EC77D95481E19380FB4D5B0D40C
7474237692 34053 3422 3D2CF53A1392D059C0E71335808D915823DD53533DC33471F9BC82E95E98E26C
7471427045 43168 61003 7C20F6CF1A09EEE4F40FE6F70B0F070213E4AE0B9599CF6348B0EAC781225457
7470204865 45621 33990 3DC9349E910B31AF5CE5D5B4DE9C87B564C76667E29DCDD4F143F2155B52B0CD
7466914456 26772 36049 7C20F6CF1A09EEE4F40FE6F70B0F070213E4AE0B9599CF6348B0EAC781225457
7472862039 4033 40903 52746F2FC5B35A71E4E2C3E1CD742B59173B2C24882FFD0ACA36C40337C0AB07
7474906541 50502 33848 7C20F6CF1A09EEE4F40FE6F70B0F070213E4AE0B9599CF6348B0EAC781225457
7471700117 23647 42881 67A14B04F507E2CC59E0132BF7EBDE6FB61F1EF623FE128CBDB1E377BF67D83C
7471024666 24018 56275 7C20F6CF1A09EEE4F40FE6F70B0F070213E4AE0B9599CF6348B0EAC781225457
7464795091 25049 36257 19DD035F0C6DEC0B1B4920CA5271D4669575C1D079F9B732AFE3BD243ABB1FC4
7473386878 54460 62980 7C20F6CF1A09EEE4F40FE6F70B0F070213E4AE0B9599CF6348B0EAC781225457
7472879369 47904 19359 7C20F6CF1A09EEE4F40FE6F70B0F070213E4AE0B9599CF6348B0EAC781225457
7471194725 32331 52442 9F33BCA5FBA462E6B5D6EA247CCC3658401CBA633103BAAEE54AAE4BA9AD4781
7472594468 40410 48341 7C20F6CF1A09EEE4F40FE6F70B0F070213E4AE0B9599CF6348B0EAC781225457
7471119415 46001 27821 3B97421859A2E583AFD0D64FF001B5F94550C621DD2D5487A837AA4F7E2BE4B3
7467282327 62784 6876 7C20F6CF1A09EEE4F40FE6F70B0F070213E4AE0B9599CF6348B0EAC781225457
7471371226 30361 10735 E2820553E5E180B3E9D1CBE7E88D5DF957FB9EB24510C584224A1914C94DC0B8
7467499338 51344 16400 7C20F6CF1A09EEE4F40FE6F70B0F070213E4AE0B9599CF6348B0EAC781225457
7473395344 2454 35269 7C20F6CF1A09EEE4F40FE6F70B0F070213E4AE0B9599CF6348B0EAC781225457
7466202680 38760 17924 7C20F6CF1A09EEE4F40FE6F70B0F070213E4AE0B9599CF6348B0EAC781225457
7468782893 46882 53680 7C20F6CF1A09EEE4F40FE6F70B0F070213E4AE0B9599CF6348B0EAC781225457
7471958969 8590 17739 7C20F6CF1A09EEE4F40FE6F70B0F070213E4AE0B9599CF6348B0EAC781225457
7471278521 1150 45759 7C20F6CF1A09EEE4F40FE6F70B0F070213E4AE0B9599CF6348B0EAC781225457
7467872727 7056 53714 7C20F6CF1A09EEE4F40FE6F70B0F070213E4AE0B9599CF6348B0EAC781225457
7466432673 13528 33832 7C20F6CF1A09EEE4F40FE6F70B0F070213E4AE0B9599CF6348B0EAC781225457
7472740193 46241 31499 43C12688296AA8805045DCEF3625C1818B2603DC3D73A811775F6DC7C6718A7A
7469268878 7242 11189 7C20F6CF1A09EEE4F40FE6F70B0F070213E4AE0B9599CF6348B0EAC781225457
7466454684 14042 40032 7C20F6CF1A09EEE4F40FE6F70B0F070213E4AE0B9599CF6348B0EAC781225457

Total of 0 tasks calculated error.
