Total of 100 tasks calculated correctly, accuracy 100.00% 
7496069188 55729 60271 9D88D1A2012D8909A2480D60075D4FD13A7AB6AD77826226653DC6CDBB60D79F
7494551058 24588 12624 7C20F6CF1A09EEE4F40FE6F70B0F070213E4AE0B9599CF6348B0EAC781225457
7491166877 384 41222 7C20F6CF1A09EEE4F40FE6F70B0F070213E4AE0B9599CF6348B0EAC781225457
7497398586 1458 53841 7C20F6CF1A09EEE4F40FE6F70B0F070213E4AE0B9599CF6348B0EAC781225457
7499318521 10468 16376 7C20F6CF1A09EEE4F40FE6F70B0F070213E4AE0B9599CF6348B0EAC781225457
7496846017 10165 2537 F0F6F36A22DA2126DEEE93F6D57BF46D130899938E9029A93BEADDED45D96A2D
7495450026 34760 46337 7C20F6CF1A09EEE4F40FE6F70B0F070213E4AE0B9599CF6348B0EAC781225457
7498548428 45222 25610 7C20F6CF1A09EEE4F40FE6F70B0F070213E4AE0B9599CF6348B0EAC781225457
7493634221 58278 2084 7C20F6CF1A09EEE4F40FE6F70B0F070213E4AE0B9599CF6348B0EAC781225457
7491463343 21869 10090 C42DECE62132D171CF3DE8E38F4F7C755949204B8683EEF6B9D0479BFB3FBB47
7492226309 11329 23104 19DD95E3AD7E93E71E6E6E26D7A3137EBF3D4C0B5CAF1274B1D69E61765388E8
7499330481 34378 38258 7C20F6CF1A09EEE4F40FE6F70B0F070213E4AE0B9599CF6348B0EAC781225457
7497524613 34026 43116 7C20F6CF1A09EEE4F40FE6F70B0F070213E4AE0B9599CF6348B0EAC781225457
7488683158 46686 49706 7C20F6CF1A09EEE4F40FE6F70B0F070213E4AE0B9599CF6348B0EAC781225457
7495983123 1022 23949 7C20F6CF1A09EEE4F40FE6F70B0F070213E4AE0B9599CF6348B0EAC781225457
7489022874 26488 30029 7C20F6CF1A09EEE4F40FE6F70B0F070213E4AE0B9599CF6348B0EAC781225457
7500334104 1730 39960 7C20F6CF1A09EEE4F40FE6F70B0F070213E4AE0B9599CF6348B0EAC781225457
7494215177 48963 29976 6446092B27D488ADC977D6B70F90170B746FCDC11AFCD183BA9379364F46CA6F
7497202801 25922 16530 7C20F6CF1A09EEE4F40FE6F70B0F070213E4AE0B9599CF6348B0EAC781225457
7496864808 9528 15756 7C20F6CF1A09EEE4F40FE6F70B0F070213E4AE0B9599CF6348B0EAC781225457
7492528582 42419 24137 29FEA41BD1A136B242A0788E6AAD9007EEB4F98B2CC3C1D70A5DDD60C902EA6F
7499160118 3959 13200 A5CF1365A46EC4FE58D50B17C915B6B56375B2969FAC7BF8393566DCCD26321D
7489141384 37029 40256 92F0094C4078729E28113946DC0CC43BF4CF3672764931E969B1E2DF300E8BDD
7490242075 61868 38461 7C20F6CF1A09EEE4F40FE6F70B0F070213E4AE0B9599CF6348B0EAC781225457
7496106930 18552 9031 7C20F6CF1A09EEE4F40FE6F70B0F070213E4AE0B9599CF6348B0EAC781225457
7497059847 28513 56027 51C8FFB0725437C212551F96B72F433212310E40BC999523B0F0E4BD9796DA9A
7490222947 45658 55092 7C20F6CF1A09EEE4F40FE6F70B0F070213E4AE0B9599CF6348B0EAC781225457
7489415179 162 15965 7C20F6CF1A09EEE4F40FE6F70B0F070213E4AE0B9599CF6348B0EAC781225457
7492494262 24511 30031 FB44CAE833B1BBE5F0AB4C28CA83B9B12B68E8174369F33F7DAFEFCB46869B6C
7494299325 37009 64084 21017B6DF9F6383BE7D7642D69F57D87A18E76A870A6D9A853A53F8F1B264949
7494284695 43085 46108 566B58A7C895EF5ACC9658DE7A5033F73C514C5075D9968E5A6E4E20F5D2A32B
7496035837 26511 20732 9E9F19C7CBA0B09E43420C273A00EED35017F68465268C882FB51CD6EAD18A44
7493816334 29744 36210 7C20F6CF1A09EEE4F40FE6F70B0F070213E4AE0B9599CF6348B0EAC781225457
7496038485 8637 49763 A09B20707990F76FEC157222E3C47344B814A2C4CB39CA629000964FFA98C023
7497448813 64096 55828 7C20F6CF1A09EEE4F40FE6F70B0F070213E4AE0B9599CF6348B0EAC781225457
7489359992 52736 36179 7C20F6CF1A09EEE4F40FE6F70B0F070213E4AE0B9599CF6348B0EAC781225457
7496418239 13052 38515 7C20F6CF1A09EEE4F40FE6F70B0F070213E4AE0B9599CF6348B0EAC781225457
7490714340 17132 18445 7C20F6CF1A09EEE4F40FE6F70B0F070213E4AE0B9599CF6348B0EAC781225457
7490611536 10924 37395 7C20F6CF1A09EEE4F40FE6F70B0F070213E4AE0B9599CF6348B0EAC781225457
7494849294 10200 52628 7C20F6CF1A09EEE4F40FE6F70B0F070213E4AE0B9599CF6348B0EAC781225457
7498013260 13582 1563 7C20F6CF1A09EEE4F40FE6F70B0F070213E4AE0B9599CF6348B0EAC781225457
7493997286 28561 53497 30295A2EB76532688940A4D824338B4DF91DE3FB2A73C4A1C5A87FFAB4DB101A
7489363791 3173 29412 176F94C6C91E1D26980EF15325865930FE0027E088EB8F5291E07FFC63F0DE17
7498723512 9837 41986 7ABA1BB73DDEFD6433048D7EDBDE4D48D1269D3DD06AB92D86F3D6FF5AB7A53F
7494869705 57279 1091 47955EEE805C9A5491118833D51467FBDB3760ACA43942B68CE2BDF5B18919BF
7488926806 14504 8573 7C20F6CF1A09EEE4F40FE6F70B0F070213E4AE0B9599CF6348B0EAC781225457
7489873657 33497 57665 C0911D74DF536E2DBAE01E77F82F92EFFE0B8A52224394AC23E7B6777679E7BE
7497609207 6771 10331 48ADAEE4D11E31F8741F2A0696DD3138CA295ECABCAB6C88E23C4655DEC449B0
7492161025 23850 16168 7C20F6CF1A09EEE4F40FE6F70B0F070213E4AE0B9599CF6348B0EAC781225457
7489933153 54441 39535 22BE7B0E9C2AA28D7E18DEAC4ABE1CB51AB636370A9B04003AE84104C8A051C0
7495779494 59699 32774 705BBC21E0B562A8D649916EA92C3ECD1F3915B5DD201B2EA0E9F6087117EAF8
7493922230 37133 4734 8BD71B7D8C9C223EF39A72F6C8A9E73543A4D5DB8B2A87C9265F9124E481E076
7493024771 4802 8999 7C20F6CF1A09EEE4F40FE6F70B0F070213E4AE0B9599CF6348B0EAC781225457
7496883584 33142 54404 7C20F6CF1A09EEE4F40FE6F70B0F070213E4AE0B9599CF6348B0EAC781225457
7497547778 34563 52085 EF4CF8A7335BAC10ABF87A3620FA5B928E4EF9AE52056BC40B0EBB2FD2EB5229
7497730057 52750 47820 7C20F6CF1A09EEE4F40FE6F70B0F070213E4AE0B9599CF6348B0EAC781225457
7493413315 13307 18758 4A83AD89687047E46E9442DF81D38039634F2266E5608D92045CD22666720EE9
7494138311 36657 2009 FF51A85C1A6416FF5670D2B8B65F0ACC84E46703E307B263F5054AD72867DF24
7497255319 38457 40014 64DF402259B66E938999D930EAA9AF2439E6F8ECB7634D54C266D11BA6D97521
7492340326 37868 26490 7C20F6CF1A09EEE4F40FE6F70B0F070213E4AE0B9599CF6348B0EAC781225457
7488690579 11595 11535 786F4855344AAB125206203B82159B28D498701FDFA1EAF083A978A17ECEA2A3
7494078811 4746 50759 7C20F6CF1A09EEE4F40FE6F70B0F070213E4AE0B9599CF6348B0EAC781225457
7489053071 4274 26571 7C20F6CF1A09EEE4F40FE6F70B0F070213E4AE0B9599CF6348B0EAC781225457
7494752622 65281 36444 D8BB42CF612D0FF6E113B08A989004D1D663064ED276D5668B8A28892BF1A7DB
7499215138 24855 31749 2BCC6C0A19207753CA73CA6D049B0713DE4AF88347B766C82F9973D18348626D
7489093487 3550 43017 7C20F6CF1A09EEE4F40FE6F70B0F070213E4AE0B9599CF6348B0EAC781225457
7493108376 57722 529 7C20F6CF1A09EEE4F40FE6F70B0F070213E4AE0B9599CF6348B0EAC781225457
7496028475 57938 17845 7C20F6CF1A09EEE4F40FE6F70B0F070213E4AE0B9599CF6348B0EAC781225457
7497670232 51219 61975 8DA8C7CAC41DFBD13066C9BDB3D31519F594A439E4A89BCFC5221AC731CA5CB6
7497680120 21140 5132 7C20F6CF1A09EEE4F40FE6F70B0F070213E4AE0B9599CF6348B0EAC781225457
7498250316 8730 41897 7C20F6CF1A09EEE4F40FE6F70B0F070213E4AE0B9599CF6348B0EAC781225457
7497618527 32590 48230 7C20F6CF1A09EEE4F40FE6F70B0F070213E4AE0B9599CF6348B0EAC781225457
7491561171 35247 61921 C50C19A25F99145F416E3219EB9DE7304DEB76D3940736026D603436F086BC75
7495319248 392 25738 7C20F6CF1A09EEE4F40FE6F70B0F070213E4AE0B9599CF6348B0EAC781225457
7495813144 55803 34301 244CC0A730593414651975F19014BF78A13411D604D9E855410FF2A8D2A1F458
7489811032 15022 43550 7C20F6CF1A09EEE4F40FE6F70B0F070213E4AE0B9599CF6348B0EAC781225457
7489002642 32285 37109 C964096C69928364CE44F5FBF4FBD0BE57968E1CECFA0AD8F83FD28068055214
7492102363 556 12905 7C20F6CF1A09EEE4F40FE6F70B0F070213E4AE0B9599CF6348B0EAC781225457
7492788467 42662 53527 7C20F6CF1A09EEE4F40FE6F70B0F070213E4AE0B9599CF6348B0EAC781225457
7490310057 40277 44712 1EF31F3B8BA8F02E2BC05517D6C5A8F2F79152B1B7A716A8DC41FB7B7572E9E6
7489623455 8917 21326 CDEDC5D503CD363C3BF5A48A49ABBF7A9C2670F7F58FB9601F15A5B8CCA66A02
7492502343 42049 34523 A06E88C13C8F5B845906B00365618CEC86A5D131E61177E29CA85C2B78AC2957
7495049354 31505 50558 D1CC69B6E5DA7F3A51E79B4EAEF2E956B0B7DDE4CC9E4CF87E4BBDC75FB983E5
7492633416 15034 30107 7C20F6CF1A09EEE4F40FE6F70B0F070213E4AE0B9599CF6348B0EAC781225457
7497232789 59252 65229 7C20F6CF1A09EEE4F40FE6F70B0F070213E4AE0B9599CF6348B0EAC781225457
7494798144 2835 13274 1411038CE211E96284A3301D0AD6B499401A7C7649C254AA6045636A86F021F7
7493826404 24994 20894 7C20F6CF1A09EEE4F40FE6F70B0F070213E4AE0B9599CF6348B0EAC781225457
7491861501 51645 35299 5CB5D5F9EE655114AB5EDB887A7C9A2EC843518240F07282B871EA32F0A57558
7488850934 2678 62994 7C20F6CF1A09EEE4F40FE6F70B0F070213E4AE0B9599CF6348B0EAC781225457
7492448807 50366 11443 7C20F6CF1A09EEE4F40FE6F70B0F070213E4AE0B9599CF6348B0EAC781225457
7497406546 26377 25972 6B9C939117F999394938C0E3E384FF86B2B55C8C561A0D8B54ADA7A728D92548
7497982395 10873 39848 20CF1501386D3786EF3D0D32EA7BFC05EC25D952FFE41F1F1E39FC4EEA08FA06
7498023531 62876 57339 7C20F6CF1A09EEE4F40FE6F70B0F070213E4AE0B9599CF6348B0EAC781225457
7498223356 63502 63055 7C20F6CF1A09EEE4F40FE6F70B0F070213E4AE0B9599CF6348B0EAC781225457
7495707758 48044 207 7C20F6CF1A09EEE4F40FE6F70B0F070213E4AE0B9599CF6348B0EAC781225457
7499987330 51492 219 7C20F6CF1A09EEE4F40FE6F70B0F070213E4AE0B9599CF6348B0EAC781225457
7488763104 56730 43986 7C20F6CF1A09EEE4F40FE6F70B0F070213E4AE0B9599CF6348B0EAC781225457
7492602035 50906 54808 7C20F6CF1A09EEE4F40FE6F70B0F070213E4AE0B9599CF6348B0EAC781225457
7492651704 33461 32250 3FBB7176AA348952E1D9DC54FE02A95498C7AB36236788A5C4779E6E30696F2B
7499405840 39047 32085 1D4D4BFAA4A9F128173B931CF6C9618B02F575AB57F346CE8EA7E9EDE8CE5A55

Total of 0 tasks calculated error.
