Total of 100 tasks calculated correctly, accuracy 100.00% 
7503488042 49832 46723 7C20F6CF1A09EEE4F40FE6F70B0F070213E4AE0B9599CF6348B0EAC781225457
7507370738 18409 16178 531775CCD373CDEF3BA7A5F8FEC0C96D56CD80FC4F4D5065B67C77CCE8903688
7501528276 17783 8313 750CFA0F36166DA4908FB507101129397BBB1631D5FF295FE979D2669E6A9898
7503490406 42697 59948 1B5EAAF98D3C13DDBCC59E83B00A0FAD5C1FB631595DF0F36610E44F95C13379
7506226014 63198 47183 7C20F6CF1A09EEE4F40FE6F70B0F070213E4AE0B9599CF6348B0EAC781225457
7504106023 25795 62219 2A7A823933A2C4B384F4FE6FAE2A0BFCB2CD113583C45E2F0D0C48F0522DF987
7507112561 22867 58954 0A501DF069E4885C6485182791CE4C56ADB6181C5FA2C405E60FC6B0C0126A0D
7509418988 7840 13669 7C20F6CF1A09EEE4F40FE6F70B0F070213E4AE0B9599CF6348B0EAC781225457
7501882061 8544 15166 7C20F6CF1A09EEE4F40FE6F70B0F070213E4AE0B9599CF6348B0EAC781225457
7505479963 20309 11620 BAC5982DE3397CE5A7AF9887B00B05488A79B369D252492A54CEB03931F14DC6
7501017047 5762 37683 7C20F6CF1A09EEE4F40FE6F70B0F070213E4AE0B9599CF6348B0EAC781225457
7511840615 23148 48578 7C20F6CF1A09EEE4F40FE6F70B0F070213E4AE0B9599CF6348B0EAC781225457
7502093746 20884 104 7C20F6CF1A09EEE4F40FE6F70B0F070213E4AE0B9599CF6348B0EAC781225457
7507133397 9924 59441 7C20F6CF1A09EEE4F40FE6F70B0F070213E4AE0B9599CF6348B0EAC781225457
7509378762 56956 38454 7C20F6CF1A09EEE4F40FE6F70B0F070213E4AE0B9599CF6348B0EAC781225457
7500987502 43311 14107 51955510A971F871C936D0A8E7F642F2B02329FDB24B381746662E779DA3F089
7507009202 56948 31470 7C20F6CF1A09EEE4F40FE6F70B0F070213E4AE0B9599CF6348B0EAC781225457
7503086130 41458 32419 7C20F6CF1A09EEE4F40FE6F70B0F070213E4AE0B9599CF6348B0EAC781225457
7511917817 760 11101 7C20F6CF1A09EEE4F40FE6F70B0F070213E4AE0B9599CF6348B0EAC781225457
7507623184 29818 26644 7C20F6CF1A09EEE4F40FE6F70B0F070213E4AE0B9599CF6348B0EAC781225457
7505911787 44299 19060 350C317D0ACFACD02FDE2CAEEC22B5D79792A0A34178F75DABEF284F37C4298E
7509645679 25577 4000 8CF572220B20E0B43B72FDDA439DAC76531869238982D336B96DE8F008330A0A
7509277414 38622 60634 7C20F6CF1A09EEE4F40FE6F70B0F070213E4AE0B9599CF6348B0EAC781225457
7506749266 63977 15179 9595D62A7D5C092FE35D811441AF2DB417DF9D01EBC20B845A2324C9CE7A8C3C
7508425858 31903 22393 704E9D07ED1FEC4E2F91C93E05236F8352E396A840597FF332BFE35417D4C1D3
7509486104 43910 47846 7C20F6CF1A09EEE4F40FE6F70B0F070213E4AE0B9599CF6348B0EAC781225457
7501341423 2800 26807 7C20F6CF1A09EEE4F40FE6F70B0F070213E4AE0B9599CF6348B0EAC781225457
7508816687 43980 56946 7C20F6CF1A09EEE4F40FE6F70B0F070213E4AE0B9599CF6348B0EAC781225457
7510953110 26396 26251 7C20F6CF1A09EEE4F40FE6F70B0F070213E4AE0B9599CF6348B0EAC781225457
7503517021 20464 50100 7C20F6CF1A09EEE4F40FE6F70B0F070213E4AE0B9599CF6348B0EAC781225457
7510101484 18750 8641 7C20F6CF1A09EEE4F40FE6F70B0F070213E4AE0B9599CF6348B0EAC781225457
7502405307 3377 48587 F289EAFA077E7253B196586F121A5C4921858453D549D029CD1591FA94BFF2D9
7510319013 19923 20123 59F0D979B27C60A3B3042E15702287D28786C33495B6FA906EAA610B828822C8
7507089807 27120 39396 7C20F6CF1A09EEE4F40FE6F70B0F070213E4AE0B9599CF6348B0EAC781225457
7509779506 22776 47580 7C20F6CF1A09EEE4F40FE6F70B0F070213E4AE0B9599CF6348B0EAC781225457
7510941137 37682 17575 7C20F6CF1A09EEE4F40FE6F70B0F070213E4AE0B9599CF6348B0EAC781225457
7501052940 63582 9471 7C20F6CF1A09EEE4F40FE6F70B0F070213E4AE0B9599CF6348B0EAC781225457
7501091148 52635 25498 E10FC6B7C0F8E362816A05E0E403E8F97F88F978C7BF748AC8913D1CFC38CD8E
7509975645 60172 60081 7C20F6CF1A09EEE4F40FE6F70B0F070213E4AE0B9599CF6348B0EAC781225457
7502059176 5553 29082 47D1782180D79F126EF66D76A1E38D1A3678710B93B6DA4A9BDD2C3D2B26DE52
7508887597 20384 25583 7C20F6CF1A09EEE4F40FE6F70B0F070213E4AE0B9599CF6348B0EAC781225457
7507106947 21578 55848 7C20F6CF1A09EEE4F40FE6F70B0F070213E4AE0B9599CF6348B0EAC781225457
7502686866 20067 49162 1D9162B9C9B8A2A4BE37DAC9AF6FD2663F5A0E4B621BFB52DE6B45E900CD9523
7505125680 58973 24595 0C7FA8C420F6F485FA5B0AE1376D73785F8CB635C189496D1D987C4C5065A430
7503279731 22539 791 0A1DD4BF77EA90C397E3B8574BF38B11CCE368DAB6B250E8439A1F7D8C3F4598
7509733622 42493 19520 9250C6A2062AE706F22A7560975A066A162969284DCC1E4385B718C84E89A517
7501762901 2822 55096 7C20F6CF1A09EEE4F40FE6F70B0F070213E4AE0B9599CF6348B0EAC781225457
7510227290 8456 41898 7C20F6CF1A09EEE4F40FE6F70B0F070213E4AE0B9599CF6348B0EAC781225457
7502414092 11192 55960 7C20F6CF1A09EEE4F40FE6F70B0F070213E4AE0B9599CF6348B0EAC781225457
7501137094 12757 38079 6E0CA7120AFB094A155081CFD4AF8AEA06AD243C25124C492A6EA81C912A3E53
7503182656 18264 26776 7C20F6CF1A09EEE4F40FE6F70B0F070213E4AE0B9599CF6348B0EAC781225457
7509582642 25510 23599 7C20F6CF1A09EEE4F40FE6F70B0F070213E4AE0B9599CF6348B0EAC781225457
7509047444 39826 49759 7C20F6CF1A09EEE4F40FE6F70B0F070213E4AE0B9599CF6348B0EAC781225457
7506327893 50787 48796 DBBBDE5FBC775215350CFF8EABAE1FD110D2EBA814C2024767CD0EE3B1A20735
7508541298 3143 31129 C9136291D7FD261F44E2F1F1B2F9A8986500FA7CBD8DE0AF891E144384FF6076
7505982540 47322 5485 7C20F6CF1A09EEE4F40FE6F70B0F070213E4AE0B9599CF6348B0EAC781225457
7507696890 15330 43985 7C20F6CF1A09EEE4F40FE6F70B0F070213E4AE0B9599CF6348B0EAC781225457
7504843536 41970 62467 7C20F6CF1A09EEE4F40FE6F70B0F070213E4AE0B9599CF6348B0EAC781225457
7506097927 45193 28914 EE3A33A393A9409E0D4A318A3EB132F5115DD12E17F4996BE25B65B462C1DDA7
7503428640 50476 20550 7C20F6CF1A09EEE4F40FE6F70B0F070213E4AE0B9599CF6348B0EAC781225457
7500662989 46061 41325 9DD2ADBEA7BB4E85B27B6BC6635D8EB840BA2FB94150A74E4B0C75E5434E0F0D
7507693987 34417 13017 69B9A0B2B7B4B10ECA99D45DF5DEB6F9DAB46175BA728DAEE2A4B764860F44AC
7502598374 14764 44076 7C20F6CF1A09EEE4F40FE6F70B0F070213E4AE0B9599CF6348B0EAC781225457
7503056448 22914 16696 7C20F6CF1A09EEE4F40FE6F70B0F070213E4AE0B9599CF6348B0EAC781225457
7507761247 27513 3675 C7506F88648BB13F977CAEEEF50F271EFAA721A46566319A97264F355E4CCEA7
7506800390 4570 53940 7C20F6CF1A09EEE4F40FE6F70B0F070213E4AE0B9599CF6348B0EAC781225457
7508556782 62604 57824 7C20F6CF1A09EEE4F40FE6F70B0F070213E4AE0B9599CF6348B0EAC781225457
7510836979 64543 7999 70726D7A696E653C688F4E3DAB71A7B48D79D494C79097CEA76F612D6B56AAC8
7509654051 32422 25845 7C20F6CF1A09EEE4F40FE6F70B0F070213E4AE0B9599CF6348B0EAC781225457
7504357549 12300 40910 7C20F6CF1A09EEE4F40FE6F70B0F070213E4AE0B9599CF6348B0EAC781225457
7506743771 50651 44439 B861F01B303042A8E2CDB3F00842E556A150514774161CD6BF9A9DF3B265569E
7506530350 29895 11223 A7AAFCFA6250AD91FD97E655214CE87E154E53BF2056247245C6A4C7FDB80E2D
7510921094 24464 15271 7C20F6CF1A09EEE4F40FE6F70B0F070213E4AE0B9599CF6348B0EAC781225457
7503981443 52240 58606 7C20F6CF1A09EEE4F40FE6F70B0F070213E4AE0B9599CF6348B0EAC781225457
7501085361 6010 64111 7C20F6CF1A09EEE4F40FE6F70B0F070213E4AE0B9599CF6348B0EAC781225457
7502205101 17919 54611 E739C6245D9528E13C766552B22ADFA8F3E4055D6257722E46F6B291EB9C4B20
7512245246 11148 11986 7C20F6CF1A09EEE4F40FE6F70B0F070213E4AE0B9599CF6348B0EAC781225457
7512307252 12730 39465 7C20F6CF1A09EEE4F40FE6F70B0F070213E4AE0B9599CF6348B0EAC781225457
7505711625 33860 36661 7C20F6CF1A09EEE4F40FE6F70B0F070213E4AE0B9599CF6348B0EAC781225457
7506182091 11076 26794 7C20F6CF1A09EEE4F40FE6F70B0F070213E4AE0B9599CF6348B0EAC781225457
7502587214 34545 19324 C84C9E8DD37E929F8F574BF0BD92AE0AB8E3F453C59DCDAE856A57A261EB6CF5
7507926537 2424 5687 7C20F6CF1A09EEE4F40FE6F70B0F070213E4AE0B9599CF6348B0EAC781225457
7508032111 6295 15106 D0AF4CF4AE9A597C16E2A49E23BD1724F8D0048119A0215E60356E9898AAD454
7503856643 26487 47349 2E91E2702E059ED589F80D00500E295F7009F973F7206B3B8F32F897C177B006
7507522790 26667 29789 F454BFBAFB106786B309E2E804A071FD78EA9A83ECDA9D7AF0BF654BB63796D0
7511861093 17871 8716 C3EA0435BCF7EC77535FDE5710942E9AB6D56BF327CBCD59E344EAA2E21DC981
7503569974 44796 64597 7C20F6CF1A09EEE4F40FE6F70B0F070213E4AE0B9599CF6348B0EAC781225457
7501499881 7013 64452 AB970CE6A0C2C21C42C0EF4119962BDDB55CA9295D033DE3EEB760F55675D085
7510156458 6360 51213 7C20F6CF1A09EEE4F40FE6F70B0F070213E4AE0B9599CF6348B0EAC781225457
7504598218 59277 47708 1649F50C731DE2799386B93DA179F3C502994147EA8DC0D1300573DADE575EE0
7508098605 58376 7489 7C20F6CF1A09EEE4F40FE6F70B0F070213E4AE0B9599CF6348B0EAC781225457
7511007870 49176 42822 7C20F6CF1A09EEE4F40FE6F70B0F070213E4AE0B9599CF6348B0EAC781225457
7503516227 8595 62805 F44105591E41C6BEC2701FD41391DF1AE7F789EF50690E619252DC2D9DE7A904
7507047640 63126 59824 7C20F6CF1A09EEE4F40FE6F70B0F070213E4AE0B9599CF6348B0EAC781225457
7509845284 44726 16606 7C20F6CF1A09EEE4F40FE6F70B0F070213E4AE0B9599CF6348B0EAC781225457
7507046160 54768 31834 7C20F6CF1A09EEE4F40FE6F70B0F070213E4AE0B9599CF6348B0EAC781225457
7505432245 498 22103 7C20F6CF1A09EEE4F40FE6F70B0F070213E4AE0B9599CF6348B0EAC781225457
7507456325 10562 15433 7C20F6CF1A09EEE4F40FE6F70B0F070213E4AE0B9599CF6348B0EAC781225457
7509711724 24526 21886 7C20F6CF1A09EEE4F40FE6F70B0F070213E4AE0B9599CF6348B0EAC781225457
7504550831 28234 55434 7C20F6CF1A09EEE4F40FE6F70B0F070213E4AE0B9599CF6348B0EAC781225457

Total of 0 tasks calculated error.
