Total of 100 tasks calculated correctly, accuracy 100.00% 
7530244044 56201 58720 35F6DF40359775E727604AB9ED769FB5930E5E08E5F1938794C0C8130A05EE7C
7527256417 49257 39557 60C68C624071D74BAFAB64E568FEE9D9D54014CC478DD835A3FADCD362D307F2
7527373491 8778 61725 7C20F6CF1A09EEE4F40FE6F70B0F070213E4AE0B9599CF6348B0EAC781225457
7532608366 13562 21843 7C20F6CF1A09EEE4F40FE6F70B0F070213E4AE0B9599CF6348B0EAC781225457
7526907083 55287 44900 930F544C644FD56B184310C7EBDF9568860C6934F7BF885F597354CCA89CB524
7533461597 6561 57442 EA90E29C1C118DE7559AF6AE7744298A4F8B6571E4571ECD5E3173096279E6AE
7527725691 57958 47239 7C20F6CF1A09EEE4F40FE6F70B0F070213E4AE0B9599CF6348B0EAC781225457
7524604126 21229 29687 8F5A902765F8EF8B8E824B7FEFBE274BDA1CDAA4426DD9AFB8EEA10F753DA40F
7528497984 27047 40758 8720A2BB815F752A3159F8D64B573BCF9193D12EA0EAEDE9468B04C6B64C329D
7531756190 45800 22844 7C20F6CF1A09EEE4F40FE6F70B0F070213E4AE0B9599CF6348B0EAC781225457
7526167276 18078 33846 7C20F6CF1A09EEE4F40FE6F70B0F070213E4AE0B9599CF6348B0EAC781225457
7530184535 34607 21609 60D99D5E14FC7B8673F61A2025B648990DA6823F2FC827B7B63C15D947367881
7524698972 4566 17335 7C20F6CF1A09EEE4F40FE6F70B0F070213E4AE0B9599CF6348B0EAC781225457
7532494045 23029 32568 8DB7F7DD1E72423AF2E7318B1762317509042C877D9A7FBE1A44CF80283BF5EB
7524582398 29076 44060 7C20F6CF1A09EEE4F40FE6F70B0F070213E4AE0B9599CF6348B0EAC781225457
7532845725 24508 19429 7C20F6CF1A09EEE4F40FE6F70B0F070213E4AE0B9599CF6348B0EAC781225457
7532072409 46415 10401 C34FA00188B11B9CC2E918A384A810BE9B2C6D31D0348CC5679A8ECE78B0529B
7532559937 51187 34165 ABD0B281AA6DEED3D09271242CEC76819B4397F13840973C4349514F836B6170
7527461038 26214 15680 7C20F6CF1A09EEE4F40FE6F70B0F070213E4AE0B9599CF6348B0EAC781225457
7528313501 55588 54070 7C20F6CF1A09EEE4F40FE6F70B0F070213E4AE0B9599CF6348B0EAC781225457
7524812775 44165 46288 768705722A69C0CF2866E27DD2A0819A8ACF6FDAFD936115396FBF797DBA42D2
7525363971 17561 56835 0C4D14ED15518896F7EA8ECD13DCD9877B4D93CE7883182A7486829498FAA2AF
7531822193 39960 37665 7C20F6CF1A09EEE4F40FE6F70B0F070213E4AE0B9599CF6348B0EAC781225457
7524486409 17037 51831 22E4F382516509DE7A0689624FFD64A7BFB8AF421549A8636CC3E6DED47E55FD
7531388932 64998 53574 7C20F6CF1A09EEE4F40FE6F70B0F070213E4AE0B9599CF6348B0EAC781225457
7530905332 6426 16496 7C20F6CF1A09EEE4F40FE6F70B0F070213E4AE0B9599CF6348B0EAC781225457
7532745105 3125 15129 4B701C6AEE04D6B57FF7D2FF4E5DEEA7C6A9A419285DA03211E4FA787D3F8677
7528198854 61185 21005 99B10753BC330B1499549ACB6D15A1629167E4E4C6EA286E9C74FB4772F7F98C
7531973618 19682 5794 7C20F6CF1A09EEE4F40FE6F70B0F070213E4AE0B9599CF6348B0EAC781225457
7525007432 29779 34127 9063E9353CA783E7FBA93EBB79DA0B9CCEAFA7CB82A2640E57A947C84D8478B1
7525721388 14342 31361 7C20F6CF1A09EEE4F40FE6F70B0F070213E4AE0B9599CF6348B0EAC781225457
7527632329 55888 48302 7C20F6CF1A09EEE4F40FE6F70B0F070213E4AE0B9599CF6348B0EAC781225457
7534871034 54697 57664 8FE68F8B9B7F61AFD147DD908C384C1B2369DDA0E2BB1165AADB91B60F148592
7534845736 12374 55540 7C20F6CF1A09EEE4F40FE6F70B0F070213E4AE0B9599CF6348B0EAC781225457
7525508686 25712 37130 7C20F6CF1A09EEE4F40FE6F70B0F070213E4AE0B9599CF6348B0EAC781225457
7536195479 22988 41402 7C20F6CF1A09EEE4F40FE6F70B0F070213E4AE0B9599CF6348B0EAC781225457
7531556157 34826 59906 7C20F6CF1A09EEE4F40FE6F70B0F070213E4AE0B9599CF6348B0EAC781225457
7528014122 28251 33670 E46D0AE9303B38334D08A26AB89283A5C0417017ADF5E5B495D10DC8D5A30BAE
7530485948 12013 55195 B8B51DDD4D589D3373CF6A5FAC769EB90FEF2592686EA0082B353F92FC5B5D91
7527267106 56173 16984 F8D38E937D26425AA48FF558CDA4BD793B80079584A3A7666B2E2A8D42FDCF2C
7534220619 47025 51646 8F5CBA5251E466CD4F558173536DDAE9577096B1BBFD42D8EFE0BCB36C2D9899
7532171527 49453 13603 F9B12B8F034CE6C43690BBE2339379C8AC49267CCD4CA8FA2B41758746BD2F35
7529280386 63571 61510 669E241A281688AAC451B9A546412CFFA960063334D32B87B1C0691C3A1C74C9
7529747033 36056 25905 7C20F6CF1A09EEE4F40FE6F70B0F070213E4AE0B9599CF6348B0EAC781225457
7531251371 16281 41398 4A8892F2CDCB7209E7EEE8A64857D2C0AD564BB404B3C99CA8F663269D00DC28
7525445658 63629 34751 085EA8215892B9372A96A6FD415F7A1D33247656E99EF8348247DAEED7EAAE56
7531596213 36952 43093 7C20F6CF1A09EEE4F40FE6F70B0F070213E4AE0B9599CF6348B0EAC781225457
7536065279 20810 4864 7C20F6CF1A09EEE4F40FE6F70B0F070213E4AE0B9599CF6348B0EAC781225457
7526441975 40408 39562 7C20F6CF1A09EEE4F40FE6F70B0F070213E4AE0B9599CF6348B0EAC781225457
7524902472 61065 15268 AB585BD60509349D2AAF7FA3E9F4F383E6D40A1164CACDCB122C538981A84885
7526717768 24214 11948 7C20F6CF1A09EEE4F40FE6F70B0F070213E4AE0B9599CF6348B0EAC781225457
7533983185 44999 51585 9D0E22E0F3747ACA4156DBD9622A4D8F7FC4F388468C4D3F27AFA9FEF032EDAA
7531832310 59429 24697 96B4E3BBAC662A9D1F2D2632CBABD060DC4E5676BE9EC8D7CA609809E69B340E
7532846148 56178 1782 7C20F6CF1A09EEE4F40FE6F70B0F070213E4AE0B9599CF6348B0EAC781225457
7525080492 58148 26102 7C20F6CF1A09EEE4F40FE6F70B0F070213E4AE0B9599CF6348B0EAC781225457
7530480303 57644 11113 7C20F6CF1A09EEE4F40FE6F70B0F070213E4AE0B9599CF6348B0EAC781225457
7530736141 21944 41203 7C20F6CF1A09EEE4F40FE6F70B0F070213E4AE0B9599CF6348B0EAC781225457
7528124239 59405 35860 8AD035ECE927C6378D4EBC249B62485524C071094338FB02A1648D49BB5921B4
7525880222 56617 26553 AF54BB47DE95CF5C3AC6AAA7E248C52391DFA80C0902AB7758D78E6333C36F37
7535067811 23816 51814 7C20F6CF1A09EEE4F40FE6F70B0F070213E4AE0B9599CF6348B0EAC781225457
7525318319 35853 29265 95225AF8933AEBD2E8B351008847C5324A20EF317EFA3B251DA0FE08F90C1052
7528380513 45884 24820 7C20F6CF1A09EEE4F40FE6F70B0F070213E4AE0B9599CF6348B0EAC781225457
7525904742 9722 16470 7C20F6CF1A09EEE4F40FE6F70B0F070213E4AE0B9599CF6348B0EAC781225457
7534709920 11679 59388 5933B921105DE0FBEAA957AFB9045C8C228942CC65D9D616B3D501DD857265EA
7527093476 3610 30178 7C20F6CF1A09EEE4F40FE6F70B0F070213E4AE0B9599CF6348B0EAC781225457
7531604237 9313 21128 613B9DED921AAF1348B398A1EA5BCFF8105A6788B0E052343DE534D0F6CD557A
7531115805 29911 56637 AC34246E98F319589CCC867D59F009C4DAC9EF6763AF29949B2B346856FA913B
7533591718 48879 31423 52D04BA2C4DDA6CEB8BC769164D9883D9602E546223296C448A91E990EE1DD37
7527417980 18560 64884 7C20F6CF1A09EEE4F40FE6F70B0F070213E4AE0B9599CF6348B0EAC781225457
7534560835 51589 53975 FFE0EAC309EDDEDCFA7CECFE11582210FE714365C0BBAFC3C712131373E28938
7531927917 36068 23886 7C20F6CF1A09EEE4F40FE6F70B0F070213E4AE0B9599CF6348B0EAC781225457
7531625827 23036 5213 7C20F6CF1A09EEE4F40FE6F70B0F070213E4AE0B9599CF6348B0EAC781225457
7527264521 13222 45314 7C20F6CF1A09EEE4F40FE6F70B0F070213E4AE0B9599CF6348B0EAC781225457
7535420503 14355 53786 DDAAB839A018F2B26C43BE430BEF34318807EF47D7479F852A2AC4702B9677AC
7530659373 61503 65221 0F28BF61B11DA852237C6F29201EDF2D8C984DEE90B63E60463C1AF2092A4594
7535167671 59638 11247 7C20F6CF1A09EEE4F40FE6F70B0F070213E4AE0B9599CF6348B0EAC781225457
7527389735 26408 46227 7C20F6CF1A09EEE4F40FE6F70B0F070213E4AE0B9599CF6348B0EAC781225457
7525521760 30101 58046 500A7AA2C15F589461E27F82967ED173A63C1760D2E94FEB8549D8587E57C1B8
7532763517 36386 35556 7C20F6CF1A09EEE4F40FE6F70B0F070213E4AE0B9599CF6348B0EAC781225457
7524512289 40707 7020 13E27B9308020C80853B5BAECC2B35DCFF8E369AFBE78D394578FDF56A3E739B
7534473895 4040 54631 7C20F6CF1A09EEE4F40FE6F70B0F070213E4AE0B9599CF6348B0EAC781225457
7524835689 882 27799 7C20F6CF1A09EEE4F40FE6F70B0F070213E4AE0B9599CF6348B0EAC781225457
7528380042 28302 35040 7C20F6CF1A09EEE4F40FE6F70B0F070213E4AE0B9599CF6348B0EAC781225457
7532078679 28244 36117 7C20F6CF1A09EEE4F40FE6F70B0F070213E4AE0B9599CF6348B0EAC781225457
7533390034 47622 7475 7C20F6CF1A09EEE4F40FE6F70B0F070213E4AE0B9599CF6348B0EAC781225457
7533340676 5954 29401 7C20F6CF1A09EEE4F40FE6F70B0F070213E4AE0B9599CF6348B0EAC781225457
7525824511 18772 17198 7C20F6CF1A09EEE4F40FE6F70B0F070213E4AE0B9599CF6348B0EAC781225457
7531761442 26978 49718 7C20F6CF1A09EEE4F40FE6F70B0F070213E4AE0B9599CF6348B0EAC781225457
7527492224 13400 2483 7C20F6CF1A09EEE4F40FE6F70B0F070213E4AE0B9599CF6348B0EAC781225457
7526645308 61067 55435 A5B36D088070B6872C4053D160673F9ED225EC6A0ED7D430033E76EFFC13DB0F
7531327083 19787 30242 348DB6A663CA1B0462F6BD5C71FA8C406C7ADD6193AB123ACDB46F966EB5447D
7534958426 59683 64707 168AFD003A40A2C43BC8E5860143FF25BD9A3FF8D59CD8799B63BA1B8B6416A4
7534109222 55621 9244 1BCE2143E93517A002410765DA2777FBF415AB2E7CA8F772B5E9A3D5D65732FF
7529438140 56683 7822 61C58FFCF60019D58026594E06F97F13FD6F8BC6E644386EE658B142C4E1C129
7532972959 50425 54917 4C55FC6A929D8E6040AB28A1EBAC88F73EBC5E1AF5C1750667517E5544309435
7536313307 34065 32373 374408E2BBF0C0749AF6A808513B3D6864C0ED0DD39A411027B08CCF0465DAE9
7534634729 10907 822 E0FC0A565392527C68AA19E8C6FBF4F5B0CC9ADD7998357CF8DD719346F587E3
7526984660 58285 47821 FD6C4E529CDB476392CC495B5E46804F068880B31B00238EB68D74BED9147CD4
7525623117 51579 24048 33315692391946A988B4DAE5511AA5819B81450784FCF65015E72DC001F51E4E
7529434780 52769 13018 11C09B65ED049F7722F36C2FB0DA97B1E09E4E018E4890D1B62C235AD5E56B2C

Total of 0 tasks calculated error.
