Total of 100 tasks calculated correctly, accuracy 100.00% 
7539504651 5659 62357 73BDF44BA6703D363FD81380BF4E5A5DC0772695457A5DDB4CC4B2F9B0F697EB
7538772775 25612 24987 7C20F6CF1A09EEE4F40FE6F70B0F070213E4AE0B9599CF6348B0EAC781225457
7537247688 7096 17960 7C20F6CF1A09EEE4F40FE6F70B0F070213E4AE0B9599CF6348B0EAC781225457
7539101969 25859 4216 BBA68750CD76435B30466AD94A4D1ACBCB839C6400575E7D974F36CE9A4C88FC
7543160774 39143 6637 2016010461460FD6E9FCDF5F12FD7FC5C850BE2377A1E8C60B5AC1AC88FA0CEF
7544482373 3344 44515 7C20F6CF1A09EEE4F40FE6F70B0F070213E4AE0B9599CF6348B0EAC781225457
7542208093 59573 21788 ECF165F65C5E67F252FA0F724448DEF920717498E3CE178C1E49F27634C3D3C7
7544591086 58351 60629 E70670A01A49220BD0543FF3491DEE2BE8C49D57A97EC8275F92255E94085B9E
7542303943 39122 21555 7C20F6CF1A09EEE4F40FE6F70B0F070213E4AE0B9599CF6348B0EAC781225457
7537296204 46256 35352 7C20F6CF1A09EEE4F40FE6F70B0F070213E4AE0B9599CF6348B0EAC781225457
7537891603 7756 28704 7C20F6CF1A09EEE4F40FE6F70B0F070213E4AE0B9599CF6348B0EAC781225457
7544832927 35138 41444 7C20F6CF1A09EEE4F40FE6F70B0F070213E4AE0B9599CF6348B0EAC781225457
7538939693 13598 53217 7C20F6CF1A09EEE4F40FE6F70B0F070213E4AE0B9599CF6348B0EAC781225457
7543694586 11394 46195 7C20F6CF1A09EEE4F40FE6F70B0F070213E4AE0B9599CF6348B0EAC781225457
7546017311 33032 26920 7C20F6CF1A09EEE4F40FE6F70B0F070213E4AE0B9599CF6348B0EAC781225457
7536759031 49930 55488 7C20F6CF1A09EEE4F40FE6F70B0F070213E4AE0B9599CF6348B0EAC781225457
7546652584 59665 47060 B75CE5D8AB77906414A1304839A4B4C6229EA0C5B8FC392928A9E08988089669
7537825820 63460 49410 7C20F6CF1A09EEE4F40FE6F70B0F070213E4AE0B9599CF6348B0EAC781225457
7546700662 42271 1321 2EA3878BB246291FC370B3B9612B342CC432E157EA6DDB59314DA5DF91D2C527
7539083919 13761 62034 CEBE159FFAD2D77B77D9D279EAE5D2A28610AB0100B141D3901F8D18D94ED1AE
7541288052 14672 1571 7C20F6CF1A09EEE4F40FE6F70B0F070213E4AE0B9599CF6348B0EAC781225457
7540468677 52094 13023 7C20F6CF1A09EEE4F40FE6F70B0F070213E4AE0B9599CF6348B0EAC781225457
7542413111 45184 41259 7C20F6CF1A09EEE4F40FE6F70B0F070213E4AE0B9599CF6348B0EAC781225457
7546454054 40957 30078 FBAEB9D8E0B8C983CF0A74C85AC91442DA4055C5EDAF84F03820F4FEB3A37C86
7537024346 51912 11489 7C20F6CF1A09EEE4F40FE6F70B0F070213E4AE0B9599CF6348B0EAC781225457
7538490678 2846 22226 7C20F6CF1A09EEE4F40FE6F70B0F070213E4AE0B9599CF6348B0EAC781225457
7537981912 15705 59432 A05A1DB57BE5BD22FDDD5F1031A46B5D9F7581B05686AB15985B441420829065
7543215751 31882 60904 7C20F6CF1A09EEE4F40FE6F70B0F070213E4AE0B9599CF6348B0EAC781225457
7547211920 41631 32370 2F6E5CD604DC23E69548A760FF73654B52BA9A9BAA52A4769D68B499687418B6
7542193945 63526 53722 7C20F6CF1A09EEE4F40FE6F70B0F070213E4AE0B9599CF6348B0EAC781225457
7538133696 55261 33896 E920464A3CD1ABB80A3A57F13B60D1166FF2CD537D5F546EA1C574A38AE242CC
7538823303 2346 4532 7C20F6CF1A09EEE4F40FE6F70B0F070213E4AE0B9599CF6348B0EAC781225457
7544279426 48753 41863 461DC5F03EE649B5471C4D519AA9CEE0197500E7E2FB15392410D7C6135E4C34
7540478284 33846 18372 7C20F6CF1A09EEE4F40FE6F70B0F070213E4AE0B9599CF6348B0EAC781225457
7546167050 38322 24890 7C20F6CF1A09EEE4F40FE6F70B0F070213E4AE0B9599CF6348B0EAC781225457
7538532803 38129 13369 05E2467859390A8D696DB10D734C6FFEAC2AB343E7FB304237A65705ABE00CDC
7536556662 35579 39175 FEB487335ECB99EC0D5D4828C04EDD4C35DAC1345C247E24C01DD59A36EF5D98
7548027084 1027 29927 EB60009A6021E9503FCF876BC4CE6288B34D0C2D663AB24A1A52FCB2BC4178FF
7536940280 45530 25263 7C20F6CF1A09EEE4F40FE6F70B0F070213E4AE0B9599CF6348B0EAC781225457
7543489552 33904 62375 7C20F6CF1A09EEE4F40FE6F70B0F070213E4AE0B9599CF6348B0EAC781225457
7540076188 13695 30389 44CE85A44B3DFD5EEA626FDEC5078078A56EB71C8F140363EF433864732E921D
7537358962 6397 8561 6698307C3E3BF557D60419CFF0D707218F8649FA91C4FB37DE8972E8B6FBAECA
7546781962 22146 47 8EF9C860BBD73BB1BB6E6E5DD97701BECA11A6266A45FDCAF478E3A0CAB7F739
7547872296 44665 54918 DCF7F6C50CA730E73BB573C9DB537FC7CFF138E4A5E8617EFD2B154DC763E667
7540271971 14053 37251 E325E2F69DB0F7ACBBB0197A14294A61D679F0BB941B658BC2939E8158358E9F
7541785618 53324 10934 7C20F6CF1A09EEE4F40FE6F70B0F070213E4AE0B9599CF6348B0EAC781225457
7538933694 8935 34261 77511AC5DB1839BA43ED5EAA6016ECB35AAD2E5CC385A634A0DF13B556EE210F
7545282573 5756 2828 7C20F6CF1A09EEE4F40FE6F70B0F070213E4AE0B9599CF6348B0EAC781225457
7544421503 46313 5807 043DE99425402147CBD5B5F1FF6899472495B2C445DEC4D4AA523EAAD10D5E71
7541134281 59641 14556 727FA492C6D2653B82FFEFF455DD1E5A2627ABCAB0EBDD943023C12B27452EA8
7539313312 42578 33819 7C20F6CF1A09EEE4F40FE6F70B0F070213E4AE0B9599CF6348B0EAC781225457
7547897895 56883 7954 A270A31C034452A2DEB0AC459621D184AF8109FFE595E8B08A4310106FA3D159
7546639677 34967 44376 A9FC753AFEDB15C42EE60065BE85EB9BD171739C91AE9EE4A96298A615F46A82
7544103739 63163 62160 DB81A1224010CE5EDAD1BE586EA981F04087D1F86DB75D730849CF49F34438D5
7538904737 34978 1858 7C20F6CF1A09EEE4F40FE6F70B0F070213E4AE0B9599CF6348B0EAC781225457
7547723910 45137 3686 1802DC0FE97E7A073263E7FB19D4794CB770D75D764C0BEFFAA4C4A24027B715
7539130693 3131 60921 DED9F269C44D73E285836B7286EE7A035281780E449A7160DD020126E296FD21
7541877684 51048 64487 7C20F6CF1A09EEE4F40FE6F70B0F070213E4AE0B9599CF6348B0EAC781225457
7540808354 45171 25245 0D6807A754765BD5AD7F4EE287D94B09CB24184028B4A96B7360D748624FAC3D
7541394974 51957 60036 C442588BD0CB20457DE71E8E6EB59747AA788F816E8EAF3B5F81554F3630837D
7546450425 33687 36070 AF887862E0A861D975FF1D4642D57E7E382B19D55BDB8509C6CC08D79B3A8D2E
7538161538 15519 8613 14C5C1258CB1B2A63269D054A87AC82FD80E7B4B09CAD00992F3D49D66A90EE3
7536655824 46504 24115 7C20F6CF1A09EEE4F40FE6F70B0F070213E4AE0B9599CF6348B0EAC781225457
7538468272 49575 22722 FC52B761C9C43DFCF49B32FC6F54F36237ED284ECB1C0000625C3F3D6A023BB2
7541982664 1307 78 A4C5192838E294DABC230B789EC2E11F7A1EC5159A1B3713D306058F666D19B9
7546919456 24728 63753 7C20F6CF1A09EEE4F40FE6F70B0F070213E4AE0B9599CF6348B0EAC781225457
7538278648 43667 38331 BFF314F671404B47D7CBD55E12791211A4BD92839C17D37FC1D82522AB076979
7540812479 39503 43985 867EC60D1581B76E27ADB95BB94E101B1E5D88E52C730A557A27192DDEB9F360
7546058603 31250 39981 7C20F6CF1A09EEE4F40FE6F70B0F070213E4AE0B9599CF6348B0EAC781225457
7546076960 59920 25860 7C20F6CF1A09EEE4F40FE6F70B0F070213E4AE0B9599CF6348B0EAC781225457
7541181871 32803 32021 6BA31A25A0D0BBBFAFC4E4204F376B30D4AB89D906F2E437E82CD31471D6136B
7536902620 410 3534 7C20F6CF1A09EEE4F40FE6F70B0F070213E4AE0B9599CF6348B0EAC781225457
7540042579 19235 58861 2FD3A30DCDB608ED5570897C92B8F30CD5FC39447C8B435DBF2BD35A98027F5D
7537244985 61999 25204 3F57882A07FBCB48F74BCCB197312EB3C639625E0D810152720B6B3DC1D67701
7540066584 12445 60344 A32981251FE972EF5D9B5E7C7161B326F117B92F084BC381EA45471CCA8DB989
7538036504 59413 50935 E30130273E56F14F5F686E3B9FAE9D7A49598A17335D8031515938113F0E4946
7546988731 60148 35950 7C20F6CF1A09EEE4F40FE6F70B0F070213E4AE0B9599CF6348B0EAC781225457
7537635075 21903 58670 34E288F8289A4F0C93CC12AADB9C216CCED941862AA241F81CC5E27070ABDBC9
7547764437 56319 54763 69A545F6BA27BD07FFF9C4F4E95FD86F162DDBC6E93E57277DBEBB459A3EF992
7546730263 30498 54489 7C20F6CF1A09EEE4F40FE6F70B0F070213E4AE0B9599CF6348B0EAC781225457
7537940168 28419 48094 5BED6934E1B7A3F284D01CF2728D6499FFC47C6A6C976204474E8AACFBEFD6F6
7546072794 21230 29729 7C20F6CF1A09EEE4F40FE6F70B0F070213E4AE0B9599CF6348B0EAC781225457
7543503548 28053 52152 289057AA1E7E892B2F57CC76355FA6A61C3DBAA9C4D23C5A14FBDACBE32032B6
7546773064 17104 34776 7C20F6CF1A09EEE4F40FE6F70B0F070213E4AE0B9599CF6348B0EAC781225457
7539497606 36019 27419 BBD4F0C3C80F537C9E9BC03505DB84BAB022BE5DA27BA0FD23DD536F66AD23FE
7539052910 33290 51349 7C20F6CF1A09EEE4F40FE6F70B0F070213E4AE0B9599CF6348B0EAC781225457
7538007431 41266 8038 7C20F6CF1A09EEE4F40FE6F70B0F070213E4AE0B9599CF6348B0EAC781225457
7537440608 42158 47154 7C20F6CF1A09EEE4F40FE6F70B0F070213E4AE0B9599CF6348B0EAC781225457
7539452941 31608 47251 7C20F6CF1A09EEE4F40FE6F70B0F070213E4AE0B9599CF6348B0EAC781225457
7543938643 19709 35894 FB20D138DE71C67226462DE357CF525909406341A8D06496C0D5C134D7724695
7547766706 31610 9848 7C20F6CF1A09EEE4F40FE6F70B0F070213E4AE0B9599CF6348B0EAC781225457
7540833088 38108 17547 7C20F6CF1A09EEE4F40FE6F70B0F070213E4AE0B9599CF6348B0EAC781225457
7540090052 3578 6079 7C20F6CF1A09EEE4F40FE6F70B0F070213E4AE0B9599CF6348B0EAC781225457
7539335549 1503 47677 305205CFF6A11F5C36C21BC43685FF12FBB07893811F639C0D7F3798E9B78520
7544483219 11135 11453 F316D31E1F6728C3DC4739C62E5667AEBB4C83BAC88619EC527368B3B1BA08F8
7545174465 29821 4276 5C72D39F8B541F5E3FBCD555AAA977A35292F425E876E11B48F7289509329B7A
7540116714 56975 20050 78A3CBF49F6C80CB01380D6DF6E7C3A7CD9EA613C30243747229CDB4DC69EC78
7537988589 46496 46065 7C20F6CF1A09EEE4F40FE6F70B0F070213E4AE0B9599CF6348B0EAC781225457
7542202912 42133 21903 91145A42A5EBB88B2807AE3FF204EBB24F2F722B72D982D24DB2AE2E5A37B118
7540436561 50590 15780 7C20F6CF1A09EEE4F40FE6F70B0F070213E4AE0B9599CF6348B0EAC781225457

Total of 0 tasks calculated error.
