Total of 100 tasks calculated correctly, accuracy 100.00% 
7585568309 44723 3963 FF7922B2713F0E99C70B7F42A39CC4E68B4BFC2F430D580015082FEE582D163D
7589292148 4272 15733 7C20F6CF1A09EEE4F40FE6F70B0F070213E4AE0B9599CF6348B0EAC781225457
7587331085 16492 53977 7C20F6CF1A09EEE4F40FE6F70B0F070213E4AE0B9599CF6348B0EAC781225457
7591430133 14404 17493 7C20F6CF1A09EEE4F40FE6F70B0F070213E4AE0B9599CF6348B0EAC781225457
7586663078 50497 61760 8EB4AF88B185EF3B373242E6448037C4A2F2897BECD6AF6EA3DDF9EEA1FD08C1
7593663498 26959 10227 49383382EB03A99C033D2E41967F8FBD663C26F886AA2D1715C84344DBA9CB45
7594328608 41161 65070 F5EE1D7A1E0F7BBF3FDE6DB5AD9026178915D2003E525636E82A34197DCA8CFA
7586670275 38441 21464 B28D272A6A262040EA7DE47E812D08033E5F064C395F38A059D33B393A01A1A1
7589891859 21038 33438 7C20F6CF1A09EEE4F40FE6F70B0F070213E4AE0B9599CF6348B0EAC781225457
7585835681 37685 50135 3A32A8CD5EA68725DAF21275E93FFB735D777640EAD17EBCBB368D086755A714
7590608538 7798 53970 7C20F6CF1A09EEE4F40FE6F70B0F070213E4AE0B9599CF6348B0EAC781225457
7588924265 23926 30080 7C20F6CF1A09EEE4F40FE6F70B0F070213E4AE0B9599CF6348B0EAC781225457
7593345462 46151 56078 E841E41F55469BD59C541D60967E228069D2E63953629172879B95EB531955AC
7593455792 60270 32160 7C20F6CF1A09EEE4F40FE6F70B0F070213E4AE0B9599CF6348B0EAC781225457
7585323971 24856 57816 7C20F6CF1A09EEE4F40FE6F70B0F070213E4AE0B9599CF6348B0EAC781225457
7592866716 47253 36551 519CA49BF323EF5A14BC22EB3C36DCA381F7B575BE76ABC10E5C313DF8E75F21
7594003042 58871 7531 917971DCF4077BBDD24BCD9D0E08852C9232A8BAE9464EBA32923678D37237B1
7593081120 63844 5440 7C20F6CF1A09EEE4F40FE6F70B0F070213E4AE0B9599CF6348B0EAC781225457
7593374236 7367 39294 01791C2ADBA0EBEDA218E64C25559482CE3258FA52D8163CE0FEE8EAC2BDF46E
7591076114 49233 15622 8AE9FD2EBAE717BBF9A2FBCFE4D83D44DDF4DCE18FD9C10CC111E78E5490B496
7590093835 39022 21142 7C20F6CF1A09EEE4F40FE6F70B0F070213E4AE0B9599CF6348B0EAC781225457
7592497864 14804 28055 7C20F6CF1A09EEE4F40FE6F70B0F070213E4AE0B9599CF6348B0EAC781225457
7585707525 41808 59013 7C20F6CF1A09EEE4F40FE6F70B0F070213E4AE0B9599CF6348B0EAC781225457
7594482042 7034 24929 7C20F6CF1A09EEE4F40FE6F70B0F070213E4AE0B9599CF6348B0EAC781225457
7586064096 56888 11793 7C20F6CF1A09EEE4F40FE6F70B0F070213E4AE0B9599CF6348B0EAC781225457
7590554834 43786 46319 7C20F6CF1A09EEE4F40FE6F70B0F070213E4AE0B9599CF6348B0EAC781225457
7593465813 9761 1039 5D42F134E471CC911720F219A488E3DF8C5F715A172B08CF2BA157DF3DD8E220
7585470865 19773 42288 5DB6A2C6C2559EE95A33E58CDF075C5DD463FF2ED994A9139D444E80151E2C96
7592363016 7721 25447 D4124F83DDBE1E8C4404A5141F70178EEEE91599C4F6F24139EC924A33169E61
7589778174 31480 33442 7C20F6CF1A09EEE4F40FE6F70B0F070213E4AE0B9599CF6348B0EAC781225457
7593613267 37230 17771 7C20F6CF1A09EEE4F40FE6F70B0F070213E4AE0B9599CF6348B0EAC781225457
7587818229 17696 5405 7C20F6CF1A09EEE4F40FE6F70B0F070213E4AE0B9599CF6348B0EAC781225457
7595220188 18782 5822 7C20F6CF1A09EEE4F40FE6F70B0F070213E4AE0B9599CF6348B0EAC781225457
7586268157 37895 30084 B689433A5B9B6AAADDF6063BAC6608F8C88BE6AB5BD87B7F0E00FFDAD604FB64
7594001595 32309 64814 2C22F2BAB78AFE8CF822AEF098E9C5EBC9330ADE2AE50527BC98D21E98B787B6
7587513035 25647 42997 36D9A4589D7CFC026BE2788DF000306BF49419F29D587DA3560EF186C3118B81
7590942914 6684 58338 7C20F6CF1A09EEE4F40FE6F70B0F070213E4AE0B9599CF6348B0EAC781225457
7596181565 19472 47682 7C20F6CF1A09EEE4F40FE6F70B0F070213E4AE0B9599CF6348B0EAC781225457
7585263399 38552 33642 7C20F6CF1A09EEE4F40FE6F70B0F070213E4AE0B9599CF6348B0EAC781225457
7589732719 61109 64899 0544F3C46C497021C6CAA57BEB6F16BA74B45ECFA2420270C7D13C28CE0EFA52
7587378659 30126 25916 7C20F6CF1A09EEE4F40FE6F70B0F070213E4AE0B9599CF6348B0EAC781225457
7586186775 40428 29954 7C20F6CF1A09EEE4F40FE6F70B0F070213E4AE0B9599CF6348B0EAC781225457
7590137285 56131 18785 1A1342869BF70D433C8523144DA53A608CCA5C76AA2B67412C1A66FBB5F02CD1
7595104399 3585 35322 EF09A375C2AA9CFF8BE5CCE771DB79D491E9F31CAA1EAE1B41F7441DF009A6A2
7586330010 7679 45028 23C60124D29EBFC1E6B3B37C8F276487D0BD8309690B0F28FF9B9F5A80638E61
7591545771 56543 8352 142D5930046F8FF256F46A07BB99EFF0C1B16211C2A3706ECA4A1F3B0A0F0701
7584879786 28964 1279 7C20F6CF1A09EEE4F40FE6F70B0F070213E4AE0B9599CF6348B0EAC781225457
7584581709 18082 57571 7C20F6CF1A09EEE4F40FE6F70B0F070213E4AE0B9599CF6348B0EAC781225457
7590938865 12901 61028 57BCB88BDBD4AA7B8795F0622ECD5C2C23A0C33E0F03C8779CD77B27B31C56C6
7592403895 8872 19631 7C20F6CF1A09EEE4F40FE6F70B0F070213E4AE0B9599CF6348B0EAC781225457
7592413354 54244 34441 7C20F6CF1A09EEE4F40FE6F70B0F070213E4AE0B9599CF6348B0EAC781225457
7594554987 61933 4938 E3618C24852D9964788BFB95A3EC079D013719671F3C610F846EDAE0BAE922C5
7595762175 31576 61922 7C20F6CF1A09EEE4F40FE6F70B0F070213E4AE0B9599CF6348B0EAC781225457
7594030332 2495 34292 4AF2E6AFA130F783F08DCABD0A4A9A1E382A23186139ACA9B5E0C1C1DA4DDB3B
7594428470 33666 48066 7C20F6CF1A09EEE4F40FE6F70B0F070213E4AE0B9599CF6348B0EAC781225457
7588803152 51143 3867 10984000071B0E902BE24A2B66C797746079F872BE7BB17A2DC534171A9D8F94
7592121972 26718 7734 7C20F6CF1A09EEE4F40FE6F70B0F070213E4AE0B9599CF6348B0EAC781225457
7594889623 1213 24904 EDA5BE6452B9CC1B26A4CAB52498E3C93B6BABF9138D682BA340B9366E5CAFF3
7592561432 31761 8946 E8882CF8AEB76DF498E6A46EB738A470D74FA04795E2FAD8DA1F0A8D1E8D7E7F
7594384551 35432 44268 7C20F6CF1A09EEE4F40FE6F70B0F070213E4AE0B9599CF6348B0EAC781225457
7594842919 11291 18164 B1C1EF24468C7A11BA237CD61E067612D7BD00E156E0B21291BF69869093ED6D
7592822341 2409 50571 D37F63AE064E11E301DAFDFF99756D48541ED8E992F046FB3BE82E09A1AF27BD
7592583416 55118 13198 7C20F6CF1A09EEE4F40FE6F70B0F070213E4AE0B9599CF6348B0EAC781225457
7594567950 8460 35171 7C20F6CF1A09EEE4F40FE6F70B0F070213E4AE0B9599CF6348B0EAC781225457
7592663265 25257 55306 245C9CD14677D47881C60B8CF6B58BF656803AFA99228D5617F89C00BCF970BC
7586969729 10118 49303 7C20F6CF1A09EEE4F40FE6F70B0F070213E4AE0B9599CF6348B0EAC781225457
7591974115 41940 8953 7C20F6CF1A09EEE4F40FE6F70B0F070213E4AE0B9599CF6348B0EAC781225457
7595369109 5806 54841 7C20F6CF1A09EEE4F40FE6F70B0F070213E4AE0B9599CF6348B0EAC781225457
7589207608 49522 42319 7C20F6CF1A09EEE4F40FE6F70B0F070213E4AE0B9599CF6348B0EAC781225457
7587204253 1875 34294 268D1818547F67F7D725091639AA478F348BFFA85C0B15E3FE47E27757485C1F
7596270293 47976 27396 7C20F6CF1A09EEE4F40FE6F70B0F070213E4AE0B9599CF6348B0EAC781225457
7586358965 56563 4356 35C1FE687C7111C0885E86B96710FD7196DDE2E9338A37EEE83CCB71A85E3284
7592451036 5189 56066 5C5631D2FD61B668D5486607D0862A084B0EC2A47226EC21C819B07351D0F3DB
7589191788 12206 65315 7C20F6CF1A09EEE4F40FE6F70B0F070213E4AE0B9599CF6348B0EAC781225457
7587084484 6964 2200 7C20F6CF1A09EEE4F40FE6F70B0F070213E4AE0B9599CF6348B0EAC781225457
7588340865 12807 26916 08BE118E81AECB9042DC063B2BF6E342A6648F29149335B733CC89EACA0B5CE1
7591387532 18049 38044 05574954105E752274DC8F685A51A8B2A51C4B36E9C3450567169656AD9D562D
7590255790 40141 51585 85C2480B27E4C340129E8DCE5798E6D6D5A0D1132DBC041C8CBE62391B671CDB
7593160412 20216 51967 7C20F6CF1A09EEE4F40FE6F70B0F070213E4AE0B9599CF6348B0EAC781225457
7595478491 65029 51649 FE61F5CD8D8FD6D3E5B76A8E9B3687169850D9CFA35A1CD31D75B5E239D61DFF
7585924283 46021 27223 1C5191BC1F6AD055BE7AE04C4EB47B5F3782C8E4893960DF34A7C923C4B54880
7595702447 23398 25275 7C20F6CF1A09EEE4F40FE6F70B0F070213E4AE0B9599CF6348B0EAC781225457
7588292756 27373 30996 60A6EA40585D245AC197AA980C5942D1459223B070842B81AD6EBDED7BD1D11E
7593255692 44676 17120 7C20F6CF1A09EEE4F40FE6F70B0F070213E4AE0B9599CF6348B0EAC781225457
7594464733 19411 32838 4BC2B54AE390FAFE5B218E442404279800922CD576D24A3B9F5B18D48C1B2B45
7591159185 41258 61297 7C20F6CF1A09EEE4F40FE6F70B0F070213E4AE0B9599CF6348B0EAC781225457
7590199670 51440 45432 7C20F6CF1A09EEE4F40FE6F70B0F070213E4AE0B9599CF6348B0EAC781225457
7589114454 20415 40894 9017E8DFA594B5168E1A7589779F77A39EBE019D1655EC40D77B95BF0326FB60
7588385982 50994 29455 7C20F6CF1A09EEE4F40FE6F70B0F070213E4AE0B9599CF6348B0EAC781225457
7587709117 55475 25938 8A0843B3C3E689BA11D110AE2D6E3C74E1D822265D002D1106C26ED2426168B3
7586672403 15291 47790 1E4F234964F896185372DADFB1EF88F413E23001C4E240DB7D9BD7367740FEC7
7587517438 24150 7478 7C20F6CF1A09EEE4F40FE6F70B0F070213E4AE0B9599CF6348B0EAC781225457
7596087502 47765 18252 B00EB7C0B5681AB60828BCB67085F28AB4186218DD840240D7CC429486B059B7
7592579443 6426 37411 7C20F6CF1A09EEE4F40FE6F70B0F070213E4AE0B9599CF6348B0EAC781225457
7586225018 25064 10989 7C20F6CF1A09EEE4F40FE6F70B0F070213E4AE0B9599CF6348B0EAC781225457
7586905357 49577 10045 7C7DF61CA382C1AFE002E82D5F52F2381B17F6664385D5F1DBB9BAF83D230BFD
7584654802 62007 37181 9834BB1C52C31A3FD1ACB84E01F69483D4F1778CF3EA971CA013F9DCEA2997FA
7593580014 10528 39107 7C20F6CF1A09EEE4F40FE6F70B0F070213E4AE0B9599CF6348B0EAC781225457
7594024135 4738 1267 7C20F6CF1A09EEE4F40FE6F70B0F070213E4AE0B9599CF6348B0EAC781225457
7592617206 22072 52373 7C20F6CF1A09EEE4F40FE6F70B0F070213E4AE0B9599CF6348B0EAC781225457

Total of 0 tasks calculated error.
