Total of 100 tasks calculated correctly, accuracy 100.00% 
7606358201 44325 8473 A20DCBD7988EC08D7515EAC0266D906A97704D6625C9BEDAF978A334107E20C1
7601511295 47475 21852 027363FB14CF1A500A1B86A32BBE158707668F365B448E60AA744231D46AAD35
7605629879 63310 45242 7C20F6CF1A09EEE4F40FE6F70B0F070213E4AE0B9599CF6348B0EAC781225457
7603244819 23524 65021 7C20F6CF1A09EEE4F40FE6F70B0F070213E4AE0B9599CF6348B0EAC781225457
7604485093 34659 35051 A5C1054CECA369B9A604D0C3671A94884E3B7CAAE2E92C763BF532F50B3E01A1
7602636441 11223 54777 13C29A674E307DAC7FA7845E10E5190552BCBCFB2C55E032CB967217D2F8776D
7598772591 6013 53604 9504AA2F8DAD5C18AC513387203A9C1457B916AE476E9BE38AD31A79AC74B76B
7600158897 50582 41875 7C20F6CF1A09EEE4F40FE6F70B0F070213E4AE0B9599CF6348B0EAC781225457
7604002164 30087 16514 650D1FEF99C7AE1822918371BCC6CF1AAA3644EBC0D513B4FFC20D4BA5AB71C8
7598308746 6711 23357 EA004D811FA31490E36087F878E9EB7A1D35448E3B27063D258CF2D7CA858771
7604331127 48606 28552 7C20F6CF1A09EEE4F40FE6F70B0F070213E4AE0B9599CF6348B0EAC781225457
7598777693 13789 12173 50257D77FE9610DEB450829B6DD0D90C220CDFB0DBFFAEBFD5D2283A8BD7D958
7605362104 56510 29804 7C20F6CF1A09EEE4F40FE6F70B0F070213E4AE0B9599CF6348B0EAC781225457
7606314905 14055 12130 AC5E35C216561409D2A0BBFE85157D62E51C5D651CF7D3C4D2C38A5A51AE474B
7604238198 63535 11268 B46B348FFD5D11E2397FA05CFC66DDD12F326E5A60C4E002A905F86163512FF7
7602624198 25290 33783 7C20F6CF1A09EEE4F40FE6F70B0F070213E4AE0B9599CF6348B0EAC781225457
7599574337 55808 1136 7C20F6CF1A09EEE4F40FE6F70B0F070213E4AE0B9599CF6348B0EAC781225457
7605481902 15997 22907 08E3A74AEE4C6713B8A171203963C603FCEE5A178722236B2EF4AD55F0B41D72
7604547513 51791 54982 8B06FD73C3B3F7859FC8BD9F1D4704B2E1AE6B4A7BE1B6E8406BB34515402010
7599356963 53375 8771 E2156A6B8840C90A3BA6D044389CF44BC799E6CD11814A8148E332FBA06714A7
7601626522 46877 3319 AF05BD851D61FB0B2C6EF90A6FE1E4D51AEE62B7899080F99EA6C9938B512EA8
7603156899 13189 7174 7E78313A5958B10FB804029FF1C41286016A6B929A202052BEAF8B7AC80B7F03
7607600611 47654 25607 7C20F6CF1A09EEE4F40FE6F70B0F070213E4AE0B9599CF6348B0EAC781225457
7602855701 45093 36423 8F1B5D11E39C7F53811CD39879E9A3ED01D282C7D8C78572AADF1F5DB4EAAFCB
7606895218 50946 37470 7C20F6CF1A09EEE4F40FE6F70B0F070213E4AE0B9599CF6348B0EAC781225457
7607972311 11136 39640 7C20F6CF1A09EEE4F40FE6F70B0F070213E4AE0B9599CF6348B0EAC781225457
7602583244 16002 14803 7C20F6CF1A09EEE4F40FE6F70B0F070213E4AE0B9599CF6348B0EAC781225457
7599950165 34272 16455 7C20F6CF1A09EEE4F40FE6F70B0F070213E4AE0B9599CF6348B0EAC781225457
7600338627 47465 41353 33EC152D57E7A01C35806D31E86C2A60A68DD85426D8E145A88D3C4C6A380DA1
7606613650 4587 8048 7DF4B449B0FC5D651DBBB523598C93C5B0A4878A5E4E125DD7A5AD0C11940D56
7601956176 58402 18046 7C20F6CF1A09EEE4F40FE6F70B0F070213E4AE0B9599CF6348B0EAC781225457
7598778857 60147 12452 0623C9411823FB69C6A6F19391EF28B82794183512B5B6002B51A8DF21995E41
7607420444 3285 32362 E1E4FF57B9DDAB32391A6FDA4744EF294FD166FC390C767D14A48F67C97D58B8
7604701665 1548 44953 7C20F6CF1A09EEE4F40FE6F70B0F070213E4AE0B9599CF6348B0EAC781225457
7606061266 22884 41502 7C20F6CF1A09EEE4F40FE6F70B0F070213E4AE0B9599CF6348B0EAC781225457
7596717867 29349 26612 D57C4D71B7B45943808E94ED9E1FD2D307F359E5DE02B9E9379B86AB8E8C64C3
7600167007 32698 48751 7C20F6CF1A09EEE4F40FE6F70B0F070213E4AE0B9599CF6348B0EAC781225457
7605350145 63752 40355 7C20F6CF1A09EEE4F40FE6F70B0F070213E4AE0B9599CF6348B0EAC781225457
7608098246 32425 22680 0DF500BE1FADA6407CD6C134FEA4D26E90EB289F1C20B4C653806040098DE3EF
7599384718 14879 12937 BF1D775D19766C6990F8EE26DF9FDFBE1BC6834865CE3AEDBCF86B870F382121
7606503927 6551 60175 40EE8C22BC3D4D1E9E6505E20E27B2BF065118685A0B7380F3A30EFE03F90D43
7607778457 51448 294 7C20F6CF1A09EEE4F40FE6F70B0F070213E4AE0B9599CF6348B0EAC781225457
7603039171 13711 11604 8500F16FA4B56674444061DA284275AE0ECD5013C15CBED142C74355D49BBE40
7598056628 22029 33382 E52EE9EB73F47F3C9F2BC6080113B778E2705CDA016F4C809785687FC7FD86A9
7596692536 61141 50498 37B99E4D52AB52810EF4F29A31F83FF8CCE4058570B86AC6CBCD93C70F7B658F
7601097297 49096 13561 7C20F6CF1A09EEE4F40FE6F70B0F070213E4AE0B9599CF6348B0EAC781225457
7599622725 7644 52432 7C20F6CF1A09EEE4F40FE6F70B0F070213E4AE0B9599CF6348B0EAC781225457
7604143243 49152 49800 7C20F6CF1A09EEE4F40FE6F70B0F070213E4AE0B9599CF6348B0EAC781225457
7607535942 5734 50027 7C20F6CF1A09EEE4F40FE6F70B0F070213E4AE0B9599CF6348B0EAC781225457
7598939310 45810 47957 7C20F6CF1A09EEE4F40FE6F70B0F070213E4AE0B9599CF6348B0EAC781225457
7602072522 28010 49599 7C20F6CF1A09EEE4F40FE6F70B0F070213E4AE0B9599CF6348B0EAC781225457
7607257705 44148 34352 7C20F6CF1A09EEE4F40FE6F70B0F070213E4AE0B9599CF6348B0EAC781225457
7603023388 40605 54074 38014275F29A216CB158B106E95C1E1C89242B66F757B5B58D47106736622809
7606216513 63159 12545 6CDCF8FA3E63F45142B5A28F0AE78F72C20FC857C08B5125E6B5C3E860FC0AF8
7601539215 12162 30123 7C20F6CF1A09EEE4F40FE6F70B0F070213E4AE0B9599CF6348B0EAC781225457
7608218137 6994 38422 7C20F6CF1A09EEE4F40FE6F70B0F070213E4AE0B9599CF6348B0EAC781225457
7598316894 46257 1207 CFF9E84B22980D3AFAD85E63BDE3A99B3AD332B79933C5A17992D8EFEBCD9F12
7605185391 33552 49903 7C20F6CF1A09EEE4F40FE6F70B0F070213E4AE0B9599CF6348B0EAC781225457
7608180809 8259 49702 CD86875743371CCC75A7235AD46FDAE9FBC88E2E5F248B44974A37686F83633F
7597951431 1163 56544 8ACE2DAE57462A36951D1F4AEA7E323CCB855C358FC8FF41CEAFD0579C2DBD76
7596888351 55909 47375 3E28108FD6FD845C28692389A3FE3F549C68BC545AB1B02F063F2E15008DD2AD
7605478426 15650 9554 7C20F6CF1A09EEE4F40FE6F70B0F070213E4AE0B9599CF6348B0EAC781225457
7603844087 33887 42485 779C304B7133E1E3C3FEE8AF48C102F549660BCDBDF79476C9776E78A7C9BBEE
7607278313 3258 7969 7C20F6CF1A09EEE4F40FE6F70B0F070213E4AE0B9599CF6348B0EAC781225457
7602375630 45194 48755 7C20F6CF1A09EEE4F40FE6F70B0F070213E4AE0B9599CF6348B0EAC781225457
7603798403 53567 5583 E0BC62FD0A65A6CF5D4A1ACBA4919BBA3546922A26B097506CB6747B47B21050
7598706555 48369 93 BEEA1613BACBBDAFA35159562E9324D7CEE8DB0AF4B13348CCE5C6F2724F67E2
7607221384 12621 59074 4730924EF4DAB63EB6763989C43B1C64CD7F5E1691ECA269F08F79C93695F61A
7605148468 11793 52204 0F781EDC78819575ABD42E305EB321861E2C76B31AEA19E8370E9292AF630AC8
7599007122 2671 5680 6ABBA5978E4967B33D6D41EFAE68B385CAAE1D3837E3B7A7A4431A9A18D734E0
7599559438 8029 20247 CCF27C7B6CFA2DD060CED1D13BE23154EA3B579E1543298337D682B92AEEF30C
7600610695 48299 46692 6B4A41A3007D2EE075033CF053BA881E965A6B8E5F0E84F1545A414176856ACF
7600607386 38097 24862 1E0B1AF72A3B303B45C9C5353359D903B188F539458A2B6011D5F60F09C109DF
7606631636 45937 20406 DA5B9EC809AF7E7D583E7E2D44E4582CB512D57D8806AA81C19AD418863C0A02
7608207001 2975 12724 738826EBAA29BD31EBF897A32F078EABC0B065749B6362F2CEB0E5CCA0A672A8
7605752583 24620 58755 7C20F6CF1A09EEE4F40FE6F70B0F070213E4AE0B9599CF6348B0EAC781225457
7606222779 32004 51849 7C20F6CF1A09EEE4F40FE6F70B0F070213E4AE0B9599CF6348B0EAC781225457
7600456099 46910 32406 7C20F6CF1A09EEE4F40FE6F70B0F070213E4AE0B9599CF6348B0EAC781225457
7603885059 46346 62099 7C20F6CF1A09EEE4F40FE6F70B0F070213E4AE0B9599CF6348B0EAC781225457
7601698743 38810 24845 7C20F6CF1A09EEE4F40FE6F70B0F070213E4AE0B9599CF6348B0EAC781225457
7601580082 19332 50040 7C20F6CF1A09EEE4F40FE6F70B0F070213E4AE0B9599CF6348B0EAC781225457
7601215057 50256 28661 7C20F6CF1A09EEE4F40FE6F70B0F070213E4AE0B9599CF6348B0EAC781225457
7603991479 17381 10178 60AE0336E19B91E053BC904351D4729933BF27B90283CE2B64434F189F5B1EFF
7602477077 10985 6966 21EEB2FE84FAB578FE959842DA48F6246C3A7418F04C5BA552EA205AEB21207F
7605206547 46068 15175 7C20F6CF1A09EEE4F40FE6F70B0F070213E4AE0B9599CF6348B0EAC781225457
7608303666 16080 62395 7C20F6CF1A09EEE4F40FE6F70B0F070213E4AE0B9599CF6348B0EAC781225457
7601252112 19498 30042 7C20F6CF1A09EEE4F40FE6F70B0F070213E4AE0B9599CF6348B0EAC781225457
7599377382 33781 31696 110554E5C9CA5C8112FF455E92519DD146566BED49F467EA1EE7C4712BD55644
7599705847 16571 9569 914F8527BE7742189F94571383EA60B0AFFAAAFC92ABAC831C1BEE6A39DEE2AB
7599687159 29602 13433 7C20F6CF1A09EEE4F40FE6F70B0F070213E4AE0B9599CF6348B0EAC781225457
7607933279 2085 10498 1660EDC8AFAC7E2CD421A872B46096B0F98CBFEA6359B20EE68236D10EC08592
7606187123 15345 16413 007CE55ABD5E4061A3E77D55249916F127D190C69101DFCA7C3E9ED5237ECBB2
7607386347 38191 11555 72F9318E7ABDED36FE3E2CEF2D47FB6DCB54AFF3523DFC32240359C95EFA411E
7605310882 7889 53631 A0F8F25CAADBA742682D4A75CA82781D3A6BF13430C55FC10C5B9A97E1CB42C0
7600122449 37624 35762 7C20F6CF1A09EEE4F40FE6F70B0F070213E4AE0B9599CF6348B0EAC781225457
7599728516 15075 20502 3E26EEBB45117101D3208ACFB7082285874D5BFA6E3D0EAC9103E505624EC48E
7602000647 54780 40988 7C20F6CF1A09EEE4F40FE6F70B0F070213E4AE0B9599CF6348B0EAC781225457
7599386805 12203 59338 4C7388C364F4D534DA4BF4EBB1D8224830541B6CBD8686F01BC5AF14741BDF53
7604116367 12379 28543 A7A422E64918376D5A497CB69C8D37E4D795E1B2573146A6C7C3A0FBA6F2CD21
7603941531 27830 31503 7C20F6CF1A09EEE4F40FE6F70B0F070213E4AE0B9599CF6348B0EAC781225457

Total of 0 tasks calculated error.
