Total of 100 tasks calculated correctly, accuracy 100.00% 
7626981148 37907 23734 BC36A9C439A4D3786AC8980127FED80726D4ABFD7AADBCD50FC583293301F3DB
7621274010 49879 29770 842AE43E0B9244DD919A4BF34BE70777B61A69F82E0E510F2D6B5545384ABC85
7631021695 60899 27017 C528822B38BC4984DA503ADDDFA6E9398115C7B837631F7D72F765F6711D6F85
7629142403 61491 11585 EA418082A9B3491325F12EB49900A5A22380DF6BE234663AECC83BC69EDB933B
7631426052 12577 5832 E92A0C59B33D585F54072B8468D2FCD6B403931DFD85B4EB9775C5F42234B344
7622655878 5973 27988 F561ECB5E876201D5819EF98E35A5891FEE0F522401F48F30C92675537D0BDEC
7623724901 43430 50375 7C20F6CF1A09EEE4F40FE6F70B0F070213E4AE0B9599CF6348B0EAC781225457
7620854519 40152 18782 7C20F6CF1A09EEE4F40FE6F70B0F070213E4AE0B9599CF6348B0EAC781225457
7623531939 42034 24917 7C20F6CF1A09EEE4F40FE6F70B0F070213E4AE0B9599CF6348B0EAC781225457
7630429986 32811 17941 B164E17CB65AF34BE6A15D0EA649DB47E7BFA903767075125CD01CA600726E2F
7623956469 53842 34704 7C20F6CF1A09EEE4F40FE6F70B0F070213E4AE0B9599CF6348B0EAC781225457
7630142157 59460 42979 7C20F6CF1A09EEE4F40FE6F70B0F070213E4AE0B9599CF6348B0EAC781225457
7630002656 7216 14257 7C20F6CF1A09EEE4F40FE6F70B0F070213E4AE0B9599CF6348B0EAC781225457
7625861060 8036 23630 7C20F6CF1A09EEE4F40FE6F70B0F070213E4AE0B9599CF6348B0EAC781225457
7630851023 55145 13336 681959F98DDA89559EE0F836E6017F318B78A5D0536F1C4CC1D18E22A400EFBF
7628560606 30390 5543 7C20F6CF1A09EEE4F40FE6F70B0F070213E4AE0B9599CF6348B0EAC781225457
7622955575 30835 32689 0820F7EC5D763A377E0EEE90D65A3F74F6BFA50BD4DCFF5CA5B3D58878995FF9
7623995960 19015 38827 8042504B065AA1073A58E8E0E6F189D55ED56026C18BA070CEF8ADC07C5E99FB
7627098192 42022 65251 7C20F6CF1A09EEE4F40FE6F70B0F070213E4AE0B9599CF6348B0EAC781225457
7630643653 24789 38099 2F872EC0B30E1888D434FE0CB546602ACB191DABCFC0992A08BA2266BF9178FE
7622179674 16147 65369 C45E87323B29D5AB8B88C0D5A7321BCA39261F69D2F79E3ED88BBA1A4EE0ADB2
7622122162 2266 31418 7C20F6CF1A09EEE4F40FE6F70B0F070213E4AE0B9599CF6348B0EAC781225457
7627633411 14524 65052 7C20F6CF1A09EEE4F40FE6F70B0F070213E4AE0B9599CF6348B0EAC781225457
7624742389 14876 41512 7C20F6CF1A09EEE4F40FE6F70B0F070213E4AE0B9599CF6348B0EAC781225457
7625509520 55941 12887 BA1BD294369B86937506B80358B5C13D5D56860F0B859A0A5F125AC295981303
7625716510 391 53304 21329399B64ACE144E51A7A7032A2340EA1CEAF3347411686B0EC145A2EABF0D
7624956476 35458 58068 7C20F6CF1A09EEE4F40FE6F70B0F070213E4AE0B9599CF6348B0EAC781225457
7630286475 58509 42405 0F2A8BABD166E4D27F0664CCA279DF163EADE59B94C131D45B88033C6528C025
7625737565 208 41759 7C20F6CF1A09EEE4F40FE6F70B0F070213E4AE0B9599CF6348B0EAC781225457
7630821160 49228 18378 7C20F6CF1A09EEE4F40FE6F70B0F070213E4AE0B9599CF6348B0EAC781225457
7624987807 62986 1538 7C20F6CF1A09EEE4F40FE6F70B0F070213E4AE0B9599CF6348B0EAC781225457
7622193475 17238 47493 7C20F6CF1A09EEE4F40FE6F70B0F070213E4AE0B9599CF6348B0EAC781225457
7627739249 6578 4011 7C20F6CF1A09EEE4F40FE6F70B0F070213E4AE0B9599CF6348B0EAC781225457
7622262330 33609 57404 4E8C760C84166551989843509D73FCF03BA89C496CA2B613134A0342FD8593F9
7623614791 21536 47156 7C20F6CF1A09EEE4F40FE6F70B0F070213E4AE0B9599CF6348B0EAC781225457
7622947030 28755 30504 92FCE9061602008FE2F39769DE8831021943BB7BC99B90ED2CC2D50C50A40594
7625998274 7761 20093 E0D04E4CD35F4FFE0312022EF7172E7AA71863418BAC29494027F1B8B0D63D35
7630917142 22251 54277 0AC1E76781C7D7F9CC0DF9698E063318A03CB6C4B8322634783CB03CE302B32A
7625655162 33571 37955 3BD13AE1A889F66B9600AB010F702F9C622C35B5FD0AD6CA975F8CA312DFC56A
7622335168 27656 10698 7C20F6CF1A09EEE4F40FE6F70B0F070213E4AE0B9599CF6348B0EAC781225457
7622011484 39479 13447 912270936641561EB93EFEF1D854CF76A54E8EFFAA975961538E4AB6E9529020
7623024515 858 6005 7C20F6CF1A09EEE4F40FE6F70B0F070213E4AE0B9599CF6348B0EAC781225457
7623344363 62170 55981 7C20F6CF1A09EEE4F40FE6F70B0F070213E4AE0B9599CF6348B0EAC781225457
7624973768 45060 20438 7C20F6CF1A09EEE4F40FE6F70B0F070213E4AE0B9599CF6348B0EAC781225457
7624232466 14825 63938 A378FCDEB40D269ED247130C6CD824DFAAA4CE30D612F98439B1424DD2DE1699
7627821189 39265 41284 8BDE62E10FD32D820B99A951F48F27EFED0F2A150E093D98594286D03C447881
7622582587 18223 23279 0E4D51857C967ECCDC608074DC4ADDC59211EDDE06222DA380093D0521D84DCA
7628112782 46071 57916 6667EDC04E7E0591F10FB56F7EBAC69C9AD82E66FD3207C5B9D46DEF07D45F75
7630871411 55597 10073 0F462205ADAE3C2D9B9B4206913AD5A7E7FB643859448445E07AC50EB8B5460D
7630178965 48969 59174 8B167BFAD1DCD2C5E0F189F71C7BD08C6AC6AD0D5DEF0AA14D2DC3DCB159B704
7623457605 33129 24786 924BF81E1862BA08948103482DBEF4A29584B43402350D0AA862EF331B989D0D
7623403601 53022 15009 7C20F6CF1A09EEE4F40FE6F70B0F070213E4AE0B9599CF6348B0EAC781225457
7628512885 55843 36083 A15DC4069E080EF2C05C5E140946A9DE9CD1ADE7D9AFB6C6433A243B5A3608BF
7622939406 26199 2343 2D537DFB976B2CAE19F5574B86A334C3E844E37B7EFF0B0173585A05ACF657B8
7627763842 11824 4864 7C20F6CF1A09EEE4F40FE6F70B0F070213E4AE0B9599CF6348B0EAC781225457
7623174389 49661 32908 2458E2807EEBE2397A833620AB27D9F63CB5601CFF4E9F76CAD32EFCE6FF1CC5
7631750273 23615 15771 D0FD962EA0F518AAC187BC167AEC22823A418D2C66D10C776AD8345490FB7F8F
7630420258 41451 4190 DDAE5430C9684D8EBB3E9930B9E047ACAB9FC69ADBAA95150EA6B4AA7DE279CE
7628292428 18015 7393 2EC0C00A66B8EEC37A5277E18A08F77BA988A4AF6BD8AEE4502C472585AD290C
7627242714 3144 24076 7C20F6CF1A09EEE4F40FE6F70B0F070213E4AE0B9599CF6348B0EAC781225457
7623017559 63671 2568 A4DF44EEC827678F7BC247E9272D248DF4472CB77FAED2BA7948499B055BDB12
7626125248 60524 54331 7C20F6CF1A09EEE4F40FE6F70B0F070213E4AE0B9599CF6348B0EAC781225457
7626098276 35626 64646 7C20F6CF1A09EEE4F40FE6F70B0F070213E4AE0B9599CF6348B0EAC781225457
7627999736 43834 4051 7C20F6CF1A09EEE4F40FE6F70B0F070213E4AE0B9599CF6348B0EAC781225457
7628219716 61370 65053 7C20F6CF1A09EEE4F40FE6F70B0F070213E4AE0B9599CF6348B0EAC781225457
7627600560 2076 31335 7C20F6CF1A09EEE4F40FE6F70B0F070213E4AE0B9599CF6348B0EAC781225457
7621795876 34721 12596 AC189B992EE92B5586EFCE3D9C6E729A5AAFFC0CC8DD2D2F74E5DAA21B761074
7627520290 10553 2718 BB0947176141DC36907AE16BE17E1F6A2BEED82481903C10463EE5C68CCAD633
7622373790 48753 61786 4A468130CE477E84E47F59F4E6C00F2BC1F6A7017BBF54E701C13D3D7376F56E
7626248288 33166 36499 7C20F6CF1A09EEE4F40FE6F70B0F070213E4AE0B9599CF6348B0EAC781225457
7630741553 22892 39051 7C20F6CF1A09EEE4F40FE6F70B0F070213E4AE0B9599CF6348B0EAC781225457
7622503611 9892 56660 7C20F6CF1A09EEE4F40FE6F70B0F070213E4AE0B9599CF6348B0EAC781225457
7621808941 12534 21738 7C20F6CF1A09EEE4F40FE6F70B0F070213E4AE0B9599CF6348B0EAC781225457
7621176452 36653 8220 5F8A69F99E73697E2DEA911B93DCADE1335E51061B4CAE0DC2DE1EDE79D17458
7631982916 51953 62184 C6E94F161C87A6DC621E24262197CCF8F2F765949E44227E8EC8CB91E7250981
7629434181 33330 9091 7C20F6CF1A09EEE4F40FE6F70B0F070213E4AE0B9599CF6348B0EAC781225457
7630726104 39963 38771 8C637683F5AD0E240E377F820AC03DE8DC6943231945A9D64218C599C0503A66
7625218652 9458 56548 7C20F6CF1A09EEE4F40FE6F70B0F070213E4AE0B9599CF6348B0EAC781225457
7627054884 5261 7057 5AF0B454AE30D65844FCA0791FD01B0113142CDD92E7C53FE7E4C20FF61F3D9F
7627514784 37863 17487 8D7FD6B5C7A12B7D42C27570CD6202CBFF8C97C97DD51AF1FBEA3435F15A5C22
7624932139 8242 41834 7C20F6CF1A09EEE4F40FE6F70B0F070213E4AE0B9599CF6348B0EAC781225457
7626767818 30097 51217 708FF25A33146537369D9387E2BE2758DB503FBBD3273548FCF27F2CC2317359
7625084412 3613 19707 A5381B62A83CDF776E4AE631CD00120364235FEC19A29C966A83DBC5243F02C0
7626839405 20576 29889 7C20F6CF1A09EEE4F40FE6F70B0F070213E4AE0B9599CF6348B0EAC781225457
7621222726 50780 41364 7C20F6CF1A09EEE4F40FE6F70B0F070213E4AE0B9599CF6348B0EAC781225457
7621394693 12859 52564 30B8C147A42BF2624342548E71DEF6C4CA9114C6BB78A9464A8EE48208CE0BEE
7623229563 39011 53005 0C9A2CFE1EE648265040BC61A84405FCEB09A160611A13217ABBDC5CF5894F60
7624493231 62056 3099 7C20F6CF1A09EEE4F40FE6F70B0F070213E4AE0B9599CF6348B0EAC781225457
7628101756 38783 16805 1C0BAB5EE2AEB6298D32D6642955F2749E9E04702811E9C13647045721DCA656
7627422148 45741 59547 3FC4BC23CDDED3419488AB74A2246845A4F149A93DE69B9A0599EF6ED37D542A
7624010569 23561 57974 71C3E7470433EE0DBA44D715AB669C7E02837DD3B8A14F01FBBEADB9801F2F35
7626093469 34168 25486 7C20F6CF1A09EEE4F40FE6F70B0F070213E4AE0B9599CF6348B0EAC781225457
7625298914 12529 44027 10F46EF56BA11A5C32F26289116632E2AFA5B29EB39EC9A8930FE1E5E7DD21C9
7622330805 36146 5723 7C20F6CF1A09EEE4F40FE6F70B0F070213E4AE0B9599CF6348B0EAC781225457
7624357867 6085 61769 290A1CDF4AF01B826B6B807B244F29565AB74EB53F3E70150FAFC056770F52C4
7625744659 5095 33975 72A07D9AA40460F4B63235729282363E9E2A155F0D99F7DA29EE7708558695D8
7624027483 41197 25162 2C54E95CEDD969A49F85336993A5C1DA1F7E8DC2EE05357A6B4728BCE1FA97BD
7622116793 43275 40034 B492BE2B3F8C26ED654AF1D8017B37BE00EEC6DC754C39772B15658EF569F748
7625241747 22120 26801 7C20F6CF1A09EEE4F40FE6F70B0F070213E4AE0B9599CF6348B0EAC781225457
7628866796 49126 4869 7C20F6CF1A09EEE4F40FE6F70B0F070213E4AE0B9599CF6348B0EAC781225457

Total of 0 tasks calculated error.
