Total of 100 tasks calculated correctly, accuracy 100.00% 
7640351473 54182 34689 7C20F6CF1A09EEE4F40FE6F70B0F070213E4AE0B9599CF6348B0EAC781225457
7633948509 40676 3138 7C20F6CF1A09EEE4F40FE6F70B0F070213E4AE0B9599CF6348B0EAC781225457
7641251826 20010 1556 7C20F6CF1A09EEE4F40FE6F70B0F070213E4AE0B9599CF6348B0EAC781225457
7637308350 2129 3871 AD30DD8701AA1E1D9777496012F7C2862E7B2C9FF52701B11DAC7CC8C51E29BF
7641803041 52480 52223 7C20F6CF1A09EEE4F40FE6F70B0F070213E4AE0B9599CF6348B0EAC781225457
7644218859 28638 15990 7C20F6CF1A09EEE4F40FE6F70B0F070213E4AE0B9599CF6348B0EAC781225457
7634263743 37726 5479 7C20F6CF1A09EEE4F40FE6F70B0F070213E4AE0B9599CF6348B0EAC781225457
7635769442 38815 11175 263AB04A2E7247E47BF4D905A6B4C9B09447400F041C5152A1690EB6485CC742
7634488267 5156 23784 7C20F6CF1A09EEE4F40FE6F70B0F070213E4AE0B9599CF6348B0EAC781225457
7633079727 19720 4768 7C20F6CF1A09EEE4F40FE6F70B0F070213E4AE0B9599CF6348B0EAC781225457
7637199379 17860 29271 7C20F6CF1A09EEE4F40FE6F70B0F070213E4AE0B9599CF6348B0EAC781225457
7635778921 32463 50284 7BD2154C63D7DDC921814ABFB2614187B2CC277EA360D977DDC37FC4E4556D71
7639560322 25172 30239 7C20F6CF1A09EEE4F40FE6F70B0F070213E4AE0B9599CF6348B0EAC781225457
7639835276 63239 1993 55174FFE6353562425A5434A18D41B8298D9C010F5F3FF981D9D745E36266570
7637344905 26178 19329 7C20F6CF1A09EEE4F40FE6F70B0F070213E4AE0B9599CF6348B0EAC781225457
7638121073 56674 23870 7C20F6CF1A09EEE4F40FE6F70B0F070213E4AE0B9599CF6348B0EAC781225457
7640373225 7509 22599 C8AE913BFCB0634245BBA42F11A25E0AFE76AA7A624DAA70D81DC4F08D08AE1D
7640802273 56313 51752 1867242E8F54F3E1D8935744C2865DD6EA68AADE3D9BC2825174E68C8E09B4C4
7633720330 16514 38385 7C20F6CF1A09EEE4F40FE6F70B0F070213E4AE0B9599CF6348B0EAC781225457
7636412136 26483 17004 C0D9EFFEC09ECAB768DDF8832E220739781ACFC976822C98271C378BE090284E
7638604655 21035 3375 526A88D42A2142E267CFFBFDD54CB25AEC96FEBAEED0A104AD9EEDE0B7ABD5A3
7633657523 50324 58541 7C20F6CF1A09EEE4F40FE6F70B0F070213E4AE0B9599CF6348B0EAC781225457
7642862692 38893 21363 6DB990E38002579EA9ACA1F3A51E80B0D11221DC32033E37092A5B902E73261E
7633856227 35622 63190 7C20F6CF1A09EEE4F40FE6F70B0F070213E4AE0B9599CF6348B0EAC781225457
7639714393 19066 61558 7C20F6CF1A09EEE4F40FE6F70B0F070213E4AE0B9599CF6348B0EAC781225457
7644224267 37028 33361 7C20F6CF1A09EEE4F40FE6F70B0F070213E4AE0B9599CF6348B0EAC781225457
7634013111 43773 19076 489BA2CD0951937C2C3AC480E8FB25A8A631E73CB6D9CC449D32F2CF871CD43E
7636211731 41562 31439 7C20F6CF1A09EEE4F40FE6F70B0F070213E4AE0B9599CF6348B0EAC781225457
7638053875 9414 47687 7C20F6CF1A09EEE4F40FE6F70B0F070213E4AE0B9599CF6348B0EAC781225457
7637150302 20118 62683 7C20F6CF1A09EEE4F40FE6F70B0F070213E4AE0B9599CF6348B0EAC781225457
7634092749 21307 19282 A05D784010FB243BF782AA6DFC794DFBF10DBDF806D9199A70060401CFE81D3E
7643464795 40595 45798 F62F316FD7498BA6AAFE41D2F3A481EF5040098EB73E08F47EF279EB34C250EB
7637235412 21424 60493 7C20F6CF1A09EEE4F40FE6F70B0F070213E4AE0B9599CF6348B0EAC781225457
7639415934 43584 34109 7C20F6CF1A09EEE4F40FE6F70B0F070213E4AE0B9599CF6348B0EAC781225457
7635314956 17610 36222 7C20F6CF1A09EEE4F40FE6F70B0F070213E4AE0B9599CF6348B0EAC781225457
7637956751 65227 34750 3594039E82AA28FE36441597D2DAEC69C79BB9CE47B1C75AAD17F4D12D45165D
7636660664 3099 12322 1B6E04595352863BE2EFF0CDFE423030DEFFD56A45742A7FAAFF4117D4D0D6FC
7636577388 39680 42641 7C20F6CF1A09EEE4F40FE6F70B0F070213E4AE0B9599CF6348B0EAC781225457
7634072826 30263 52714 813061FBECA3D3303649BC1302135A5B959B8450D2FEDBBB145AE97C0081972A
7635130035 48238 8998 7C20F6CF1A09EEE4F40FE6F70B0F070213E4AE0B9599CF6348B0EAC781225457
7635696891 52453 23287 52A1718E06113F9AA7D8B3A540FA80859B675E0EC3BEADB93073B4C4ABD454A0
7639133739 44313 46346 113EC14D6DA2B38087CA2D384957727685ECE9A37595A6873E1B6842DDE12276
7638350810 49712 32624 7C20F6CF1A09EEE4F40FE6F70B0F070213E4AE0B9599CF6348B0EAC781225457
7637116193 41118 2880 7C20F6CF1A09EEE4F40FE6F70B0F070213E4AE0B9599CF6348B0EAC781225457
7637552175 38029 23855 97A92325C5BA8FECECA69AE81DCFAD3768F581236129770824EFD85799115E44
7633615478 40774 58851 7C20F6CF1A09EEE4F40FE6F70B0F070213E4AE0B9599CF6348B0EAC781225457
7633302512 42638 38328 7C20F6CF1A09EEE4F40FE6F70B0F070213E4AE0B9599CF6348B0EAC781225457
7641692143 21455 52619 8DD12C3043B37B1F68EB25AB1033F4D562AD9218D074CE2751C6C13A9F667036
7636896272 21434 2637 7C20F6CF1A09EEE4F40FE6F70B0F070213E4AE0B9599CF6348B0EAC781225457
7639590228 44110 6316 7C20F6CF1A09EEE4F40FE6F70B0F070213E4AE0B9599CF6348B0EAC781225457
7638271826 2009 27832 78DA1CE8836B6F14270AEF14CD405180A9B45932180FEC4D89722BD0F5E2D86A
7641346241 64858 13216 7C20F6CF1A09EEE4F40FE6F70B0F070213E4AE0B9599CF6348B0EAC781225457
7637123971 48272 56813 7C20F6CF1A09EEE4F40FE6F70B0F070213E4AE0B9599CF6348B0EAC781225457
7638348392 39679 23341 4CF5B2CA39E8EF25218DC8D290FD9E5FB13B7BFDBAB2DB318B4EC203A16968C9
7640995141 4646 59256 7C20F6CF1A09EEE4F40FE6F70B0F070213E4AE0B9599CF6348B0EAC781225457
7637211462 4282 40635 7C20F6CF1A09EEE4F40FE6F70B0F070213E4AE0B9599CF6348B0EAC781225457
7635922636 51461 46750 A7E215B2102270D1EBA35B537606A6653054FE46E61FC222D464782D6BBFD8BD
7637462509 11463 27687 1701B2C910045093548870EDD5DF8980DDEC7447983DFF33E04424B4BA66B7D1
7639793366 26174 49042 7C20F6CF1A09EEE4F40FE6F70B0F070213E4AE0B9599CF6348B0EAC781225457
7641440159 9984 62031 7C20F6CF1A09EEE4F40FE6F70B0F070213E4AE0B9599CF6348B0EAC781225457
7639377923 45920 28368 7C20F6CF1A09EEE4F40FE6F70B0F070213E4AE0B9599CF6348B0EAC781225457
7641803274 26841 3475 3DF87F29F51D8B7EAAB1FA50EA3FE961980102B04B2D249AA019529AA4171DF1
7636064234 51138 44419 7C20F6CF1A09EEE4F40FE6F70B0F070213E4AE0B9599CF6348B0EAC781225457
7641342714 54377 25655 52DDAAC463884F51A875E1F4C1C29FDED7A2740EE5382A61E803B13A316C22A3
7633757289 43594 5319 7C20F6CF1A09EEE4F40FE6F70B0F070213E4AE0B9599CF6348B0EAC781225457
7638512173 59318 31341 7C20F6CF1A09EEE4F40FE6F70B0F070213E4AE0B9599CF6348B0EAC781225457
7635828931 58393 26577 4FB0A054CDE03056728E77D896ECA178EB35BA91C4E7F968DCD98DAA30648CBE
7632713811 1342 35518 7C20F6CF1A09EEE4F40FE6F70B0F070213E4AE0B9599CF6348B0EAC781225457
7635750174 37203 60274 B75A08C52FFA8B29FD0465C99B1D115830CF8427A92BE2CBD90691CC75767B59
7636424598 26028 10001 7C20F6CF1A09EEE4F40FE6F70B0F070213E4AE0B9599CF6348B0EAC781225457
7633913925 52687 28835 FA2DBE3B1A91912A24D78E8176CB6EE32682311B257B99ACEE4A76E26EB944F2
7639194592 23576 55009 7C20F6CF1A09EEE4F40FE6F70B0F070213E4AE0B9599CF6348B0EAC781225457
7636220746 57150 21345 7C20F6CF1A09EEE4F40FE6F70B0F070213E4AE0B9599CF6348B0EAC781225457
7632435020 37887 40811 E05D8C2FB479F4D8A0F555CDFBC315E3FA495E452BFC894E03A2060AEC461F98
7637253265 55731 15694 3126BB69E95A60503041E5D4C36F7C0DF3FBDA2F956FDD156D6CEE8C5ABE45CB
7639506990 17819 59608 1689A5E69C5EE364C426191111E1F8229525AAC8AFD08B02B82B95083299F082
7641763190 45099 49394 6B2B34B79413F43E086FF454D45FCC6CBDF822D48F9D5B6D23859A163D8DC893
7637799021 1841 48194 F0205D316107B86D67B67C7DFBB0721F2022BF0F348A99A0FF075147A7F77FDB
7640228054 56677 56681 226004CD09D92B6DDFA4C56E4637433A7A7EF5E7CDE443E65B584AC175DD0FB7
7637419987 27180 39026 7C20F6CF1A09EEE4F40FE6F70B0F070213E4AE0B9599CF6348B0EAC781225457
7636411301 23114 51276 7C20F6CF1A09EEE4F40FE6F70B0F070213E4AE0B9599CF6348B0EAC781225457
7634051448 5869 29187 DB0FC70AE526E8F867D9468132AF31215E63512A89D022CDF089C4EEE29B0536
7632692910 41057 36642 5DB688D1809F62739CAF361782BEFB47CDC43FF7AB280A2CB6B0A13F06D7E933
7637297426 18378 60401 7C20F6CF1A09EEE4F40FE6F70B0F070213E4AE0B9599CF6348B0EAC781225457
7635752944 41086 20259 7C20F6CF1A09EEE4F40FE6F70B0F070213E4AE0B9599CF6348B0EAC781225457
7641843959 12525 22098 9FBE22DE89AA62FD720CB195D23D5E538CEFE5F022847F33D62511B1BC3D5658
7641616308 46436 42178 7C20F6CF1A09EEE4F40FE6F70B0F070213E4AE0B9599CF6348B0EAC781225457
7642376907 36854 18985 7C20F6CF1A09EEE4F40FE6F70B0F070213E4AE0B9599CF6348B0EAC781225457
7638571132 17451 57833 4E62A002196D1DAD773CEF2E5AFD7F74BD246734F85E6D7A4DF39A9D9830A8E1
7635491631 45585 43556 F78BC603F99DDF6549FF09348781A5F8B594677015B54C8B9D83AADA4D5D378A
7634326803 42137 58830 7AABB8B2A96B28DC77E6773B0DB8AAB1E603A1B53572CD557E6D502D51FDB882
7641903188 34445 5203 FE0836CBB5748AD01440E05FD1AD05C0D3480C30E69D75B8D8DBFFD8E1D426DD
7637984493 6809 29994 A3C05CD3DF91D68D681448F06D194C12F1F77C5954706D47DECFDF99A085506C
7639533910 17909 37861 E6B9525697236D3FD75E85CF942E9690DD138165770526173F8DC4771B3BA17E
7632568302 8000 28688 7C20F6CF1A09EEE4F40FE6F70B0F070213E4AE0B9599CF6348B0EAC781225457
7633790927 58934 36658 7C20F6CF1A09EEE4F40FE6F70B0F070213E4AE0B9599CF6348B0EAC781225457
7633170008 20673 48026 BC52D57475F4D9C762FD0E146A786530E1D713C3A7F79FABE4CEBC6AE5B6D85E
7635115147 10749 22344 D229872ABCD06E1D36E9D1D2E549735F53BE59E48227385273FBC191CC4BADBC
7634427712 51958 59419 7C20F6CF1A09EEE4F40FE6F70B0F070213E4AE0B9599CF6348B0EAC781225457
7640486984 51816 19472 7C20F6CF1A09EEE4F40FE6F70B0F070213E4AE0B9599CF6348B0EAC781225457

Total of 0 tasks calculated error.
