Total of 100 tasks calculated correctly, accuracy 100.00% 
7651184008 7819 50566 599BDD43E7AA499419F2804B165111889C134CC3E055069755E9F4C2E471B794
7649089211 5021 2858 04E11AB2D7E4D0FDEE8794C44C79AFA06758695CB68EAF4B07DF05D6C8BF2936
7654077115 8149 48039 CA71CD8692253FEAF507BB18FDA3ADB65D4A1142CB4EE923D003CDD683834FDA
7650489231 45674 64177 7C20F6CF1A09EEE4F40FE6F70B0F070213E4AE0B9599CF6348B0EAC781225457
7645565894 60718 38848 7C20F6CF1A09EEE4F40FE6F70B0F070213E4AE0B9599CF6348B0EAC781225457
7650622919 22313 45877 E0B22A885B8C0096FC5001CC46861165431C29D8316CDB5DADEDCE4D2D6C4F94
7646153420 52960 4285 7C20F6CF1A09EEE4F40FE6F70B0F070213E4AE0B9599CF6348B0EAC781225457
7653698484 43816 30996 7C20F6CF1A09EEE4F40FE6F70B0F070213E4AE0B9599CF6348B0EAC781225457
7648982298 2206 52559 7C20F6CF1A09EEE4F40FE6F70B0F070213E4AE0B9599CF6348B0EAC781225457
7654120082 1648 5898 7C20F6CF1A09EEE4F40FE6F70B0F070213E4AE0B9599CF6348B0EAC781225457
7647525662 12037 63000 E4B1D572662F565D034B8231A6954AC2EE836310CE137B6646F88B45642B1F87
7647097451 17013 27123 501BCC0A69129BD57B78B1BD7461CC97D29260B8756D527ACF1FE5AFDF9A191C
7654001500 45950 42003 7C20F6CF1A09EEE4F40FE6F70B0F070213E4AE0B9599CF6348B0EAC781225457
7650839414 61594 24435 7C20F6CF1A09EEE4F40FE6F70B0F070213E4AE0B9599CF6348B0EAC781225457
7654862565 12815 57785 5340382D998F966AEAFFAC86409CAFE69800F45A053F1C6E30412D6134CD6768
7652616533 21793 13453 4147C627FC9E03550F9E5B56D63065982E077AAFD8F09483AD74917BDDE7EF8A
7646063653 27430 807 7C20F6CF1A09EEE4F40FE6F70B0F070213E4AE0B9599CF6348B0EAC781225457
7650900861 26680 41269 7C20F6CF1A09EEE4F40FE6F70B0F070213E4AE0B9599CF6348B0EAC781225457
7650168285 27384 6236 7C20F6CF1A09EEE4F40FE6F70B0F070213E4AE0B9599CF6348B0EAC781225457
7654244431 38299 37404 B33F397E130E82CFD71DD9CDFCC161E03B34A1A6D9F48563A7EE2F2A65D54C45
7647851490 10749 36742 AC082DD9F6C09C0230B994340727A306BDD5D370AAEED5C16DE513C95885D536
7653616414 29552 3294 7C20F6CF1A09EEE4F40FE6F70B0F070213E4AE0B9599CF6348B0EAC781225457
7653462036 39751 26115 60D77D6188A35F12855890FAF8BDB3AF5E50FC042DF6D0AF3196D3C8FCD8FC69
7654537187 21648 9668 7C20F6CF1A09EEE4F40FE6F70B0F070213E4AE0B9599CF6348B0EAC781225457
7652980523 20119 53175 57E2C3AF421D3C5DE4960E632EEC95A0F9348765A00DC6895E12ED959EF20778
7648327780 46470 30832 7C20F6CF1A09EEE4F40FE6F70B0F070213E4AE0B9599CF6348B0EAC781225457
7650578131 4122 58123 7C20F6CF1A09EEE4F40FE6F70B0F070213E4AE0B9599CF6348B0EAC781225457
7646709191 44743 52502 94D9976E27D5AEBD11FD4053200EBA82C1277E1CF3D4CA15C18A23CEABA87497
7653261262 54535 28181 7F7ECE80CF46EF2A8220DF54A0A8B0A9D2007FFD4C951BBA54AEB27D0FE2BBA4
7644947364 27723 16758 8D29AE22C6D6EECBFD0521B2FAE16B8E81D9AEDA4D31873F1DE4A39EF2F0755C
7648272170 15407 47424 92A250E7BBD80FC2DCF4AA20B40FAAF67C12CC051AACC1C96AD765FFA04515C4
7650201720 51825 43724 014C7F94D6246DCCCF013E7182C061DDA4B9792AB7675CC93DB146E2A9C10479
7652744562 47756 26635 7C20F6CF1A09EEE4F40FE6F70B0F070213E4AE0B9599CF6348B0EAC781225457
7650363023 308 18115 7C20F6CF1A09EEE4F40FE6F70B0F070213E4AE0B9599CF6348B0EAC781225457
7649528971 12267 12563 18C063EF20EB924ABA0DDB0F0BED5D8FDA9E7DC1875C13D3F7B47F39DBA6B03F
7649239518 2810 28240 7C20F6CF1A09EEE4F40FE6F70B0F070213E4AE0B9599CF6348B0EAC781225457
7647376191 27773 43858 3B0FF88AB241D4BE5ED3179E043502B9C961306F52682E7254D92F504483802C
7652686573 42076 22989 7C20F6CF1A09EEE4F40FE6F70B0F070213E4AE0B9599CF6348B0EAC781225457
7648499267 61205 37770 2BBB8728B9133AAE0E7031FD012BC3D3BBDE9E9FC691B517FD935828BB94451C
7652038576 7615 12418 57E43BF52C3F9C82042EB8792358603961B02C121CE6C7485D8E8748036C1610
7654395976 51855 1533 82119AD5CCADD9454A04D8CD09A1D51A3A5B496E1E04F2BFCAA2AF231FE11A9B
7649475819 22589 8941 9D6181143D052B8E98C955ACA61AD19CE421D767D2A9F4DEC05DEE7A2E159F48
7655011424 52122 47966 7C20F6CF1A09EEE4F40FE6F70B0F070213E4AE0B9599CF6348B0EAC781225457
7651773993 43994 49120 7C20F6CF1A09EEE4F40FE6F70B0F070213E4AE0B9599CF6348B0EAC781225457
7653378907 36044 29068 7C20F6CF1A09EEE4F40FE6F70B0F070213E4AE0B9599CF6348B0EAC781225457
7649694464 64869 21774 8F191D3F728AD38040A0B5E5518E5FCFFE68F289086B7566AF821A1B22849BEB
7650018112 40782 382 7C20F6CF1A09EEE4F40FE6F70B0F070213E4AE0B9599CF6348B0EAC781225457
7646787044 16140 40698 7C20F6CF1A09EEE4F40FE6F70B0F070213E4AE0B9599CF6348B0EAC781225457
7656193282 9848 1628 7C20F6CF1A09EEE4F40FE6F70B0F070213E4AE0B9599CF6348B0EAC781225457
7647518769 61403 17600 BB87004511396E7DDE2EBD601760362A6800A2C7AD20805757DC9A3377E2A0C7
7651452821 62016 36427 7C20F6CF1A09EEE4F40FE6F70B0F070213E4AE0B9599CF6348B0EAC781225457
7645327335 54148 64919 7C20F6CF1A09EEE4F40FE6F70B0F070213E4AE0B9599CF6348B0EAC781225457
7651133723 12744 9250 7C20F6CF1A09EEE4F40FE6F70B0F070213E4AE0B9599CF6348B0EAC781225457
7646618630 21642 52862 7C20F6CF1A09EEE4F40FE6F70B0F070213E4AE0B9599CF6348B0EAC781225457
7655517688 24146 60708 7C20F6CF1A09EEE4F40FE6F70B0F070213E4AE0B9599CF6348B0EAC781225457
7649366237 43272 1410 7C20F6CF1A09EEE4F40FE6F70B0F070213E4AE0B9599CF6348B0EAC781225457
7645934134 12420 11776 7C20F6CF1A09EEE4F40FE6F70B0F070213E4AE0B9599CF6348B0EAC781225457
7655084521 23662 50185 7C20F6CF1A09EEE4F40FE6F70B0F070213E4AE0B9599CF6348B0EAC781225457
7645930378 45586 58734 7C20F6CF1A09EEE4F40FE6F70B0F070213E4AE0B9599CF6348B0EAC781225457
7648114129 62609 19185 F84FD9AC48F31C3B2700D50A70C857FB715588DD5AFEF65D7CF1B8E82EF91FFE
7648252324 12114 44517 7C20F6CF1A09EEE4F40FE6F70B0F070213E4AE0B9599CF6348B0EAC781225457
7646417679 56578 11503 7C20F6CF1A09EEE4F40FE6F70B0F070213E4AE0B9599CF6348B0EAC781225457
7655250759 3396 31974 7C20F6CF1A09EEE4F40FE6F70B0F070213E4AE0B9599CF6348B0EAC781225457
7649693519 27183 17195 568EBC2D015697C45F76AEDA47D4D0A7026096185559C76254EAE59B950187DD
7645886444 7583 21072 82D925FD3C457A4E1D84F81839C5A37423D0A8D5B59F7033B5716F2E86CFF4D1
7649098814 23285 3040 AC9DEE230CC9B64A27B3002838ED33AA58C608ED18E4ACCCE8AEE0E30677FE28
7648142318 12326 49989 7C20F6CF1A09EEE4F40FE6F70B0F070213E4AE0B9599CF6348B0EAC781225457
7651070876 64751 57505 F0BDA97ADE98DE4E28BD599BE4C3D725DA215E75AE7628CAB511F410650F2A24
7655179447 304 60099 7C20F6CF1A09EEE4F40FE6F70B0F070213E4AE0B9599CF6348B0EAC781225457
7648551499 22684 44005 7C20F6CF1A09EEE4F40FE6F70B0F070213E4AE0B9599CF6348B0EAC781225457
7651507339 21114 57148 7C20F6CF1A09EEE4F40FE6F70B0F070213E4AE0B9599CF6348B0EAC781225457
7655220761 29932 59516 7C20F6CF1A09EEE4F40FE6F70B0F070213E4AE0B9599CF6348B0EAC781225457
7654991341 20446 27452 7C20F6CF1A09EEE4F40FE6F70B0F070213E4AE0B9599CF6348B0EAC781225457
7648104457 40352 25133 7C20F6CF1A09EEE4F40FE6F70B0F070213E4AE0B9599CF6348B0EAC781225457
7649716932 43129 55873 FBAB1974F4237A127F777BA423F8430EC077D26D3716E6B38A7400A5E4D31B05
7652908760 61307 43216 9C216380F7FD5BE044BA4C54968A395E516DC3D7B4491DD32DDEC53FA34D14D8
7647183409 47809 3241 608ECDF326EEC9E24E20ACD61B3E05D0254B0C2C63E83DE8F80A68B513484988
7655205078 1403 31322 C64F986237EB2FA74B57F3EA2BF79E3F958A59225BA52157EEDB8AD257A7C447
7649435526 55451 64037 ACE131DAA1747724323E21E965162477C4A0BD3DE2DD8964B98B4D9F87748E07
7649086112 53508 19122 7C20F6CF1A09EEE4F40FE6F70B0F070213E4AE0B9599CF6348B0EAC781225457
7655908414 20738 54493 7C20F6CF1A09EEE4F40FE6F70B0F070213E4AE0B9599CF6348B0EAC781225457
7653175409 57752 55514 7C20F6CF1A09EEE4F40FE6F70B0F070213E4AE0B9599CF6348B0EAC781225457
7644726625 13369 33305 64537974DFB9158EE681AD337CCC085FF26F0D6F25BDC45250EE6E58E1B4F315
7646916242 59141 38096 E2EEE69E1B2EFDC8232659F144A80C4E525BB38354C85291A28525827CFDA272
7653695967 53060 23626 7C20F6CF1A09EEE4F40FE6F70B0F070213E4AE0B9599CF6348B0EAC781225457
7651969342 24907 28633 A8D8237D3A11F26BD6B5891BF6DB6FC5818066A068914F7FCC578B9A9A56FF85
7652165387 17949 25399 930BC4D3806216D3BCCF49F6858BB28CC15F01A476B012A4FE9BD43E4A851E32
7645515285 2788 11388 7C20F6CF1A09EEE4F40FE6F70B0F070213E4AE0B9599CF6348B0EAC781225457
7645836288 34213 23318 F66E16F5A30B8736284CB8598AA468D96A7A3D45E87FEA4549387E8EAEEDEBB9
7654960997 52800 5217 7C20F6CF1A09EEE4F40FE6F70B0F070213E4AE0B9599CF6348B0EAC781225457
7651890536 16132 22693 7C20F6CF1A09EEE4F40FE6F70B0F070213E4AE0B9599CF6348B0EAC781225457
7650461037 14136 57916 7C20F6CF1A09EEE4F40FE6F70B0F070213E4AE0B9599CF6348B0EAC781225457
7646752908 55584 34565 7C20F6CF1A09EEE4F40FE6F70B0F070213E4AE0B9599CF6348B0EAC781225457
7650802836 55763 10079 61D488A28674A98D4E646BA39C7CACB7C2E9A8E0420E55AFE6D6CAF22001750C
7652326865 64847 41531 A7548ECCCD55B35F03BAC44BCE4540587EC3F704133F86FF242DBFE8964C20ED
7646581194 15561 5225 C96422F92B7347B540FD0484851BEE10D3492D9B50C79EAC325B08BE2FF9DA08
7648685359 54051 35282 2EAAD760CDA087B2B78948A3832935608CE63EFD37F2D8262185646BF4C44291
7653485655 16502 38346 7C20F6CF1A09EEE4F40FE6F70B0F070213E4AE0B9599CF6348B0EAC781225457
7655119356 61987 55122 45F655D6CB6B7E083C83FBA71A05072FCADBF6949A1859E01053FA84BAAE5D4A
7651391515 20668 41749 7C20F6CF1A09EEE4F40FE6F70B0F070213E4AE0B9599CF6348B0EAC781225457

Total of 0 tasks calculated error.
