Total of 100 tasks calculated correctly, accuracy 100.00% 
7662927111 24369 59446 1236D1CB899256B187A04C0B6098DD40069A5485A847BC9D4385061457DDBA91
7667600806 22329 54230 09966C252874747C80B76C624A497F887345616740B2149F5B5B2B2A2709F7A7
7660345138 40387 29886 C6BB8D3F1A41C41175B97FED7648C389E06C72DD8FC4EF3B888FD84B2358562B
7658795080 38650 23171 7C20F6CF1A09EEE4F40FE6F70B0F070213E4AE0B9599CF6348B0EAC781225457
7667655960 20579 56694 A6AC9FC2CB849D4667A2985F81DB6BED1FABB9863205BED0AEEFB9F6F2557767
7665773536 40036 2599 7C20F6CF1A09EEE4F40FE6F70B0F070213E4AE0B9599CF6348B0EAC781225457
7664007991 42457 6011 62430CE5065F4BE5E16725D9D8892CEC6267686A415379AF7BE68750BCAA807B
7660838786 25205 894 4068A2F82EC57F93F50CC0256DDAE0C2872D6E30C608F3DDB8F9BB32150DD89C
7661082930 27758 20791 7C20F6CF1A09EEE4F40FE6F70B0F070213E4AE0B9599CF6348B0EAC781225457
7667298367 31453 42422 213A42017D58C9171C081070CF72F4F6FC6BFAD58513D19C12B10B52E987489C
7658526720 38756 53145 7C20F6CF1A09EEE4F40FE6F70B0F070213E4AE0B9599CF6348B0EAC781225457
7663549093 37700 38389 7C20F6CF1A09EEE4F40FE6F70B0F070213E4AE0B9599CF6348B0EAC781225457
7661859608 34599 23693 3A11DAA1346056D3ACEE7019D90EF26FA48C3D0FB1EB28D65481576C4B8E2BC1
7667043078 225 54963 806D4C935BE4122AF917C8D9DC21E1D8246919BC70D25B887A592A7B7EC862AD
7667826313 19775 51182 AABF379767D55F3C45688F68C5F29F2F0C69C589513C57614237E6012986F761
7662507282 16813 40205 7581641646CEA1B24210E26156E9EEC10A6813C43ED9A59AF17762F842C3B33F
7663569646 1853 20285 05E6AE8C01FECB349524D92E3B897A46AB032B25583C63073E86C784E4B94A1E
7666760262 5673 31759 BD440B0A091D5B85497CED5B8B1593179BF22C2806E790D00977D2C327B2B50D
7663636144 33097 63886 B3B3B0FFFB681F7EC0F74D9230592EF6FE725C6533D67E14A98FA0DB8E9EB3D6
7657763178 25763 11224 119F64A8C0E80EFB476D87077D89DEFF0E7F06E36D763E32FF2DAC5196ADB8C0
7658330517 54690 50637 7C20F6CF1A09EEE4F40FE6F70B0F070213E4AE0B9599CF6348B0EAC781225457
7658229152 59203 19838 1F94E8353D1A47FAFFC86FD593E49C151EC6BA7522140A9559A732C193B4F4DC
7661746565 57152 19790 7C20F6CF1A09EEE4F40FE6F70B0F070213E4AE0B9599CF6348B0EAC781225457
7657946707 24628 37663 7C20F6CF1A09EEE4F40FE6F70B0F070213E4AE0B9599CF6348B0EAC781225457
7658167541 27919 61070 D2AA0A3323183A8BF05815C35B4F3ACE47EB47DD1858301255A1D9B642F9B603
7660825072 15228 14979 7C20F6CF1A09EEE4F40FE6F70B0F070213E4AE0B9599CF6348B0EAC781225457
7663354044 39485 26251 7FB77FA5EFE4BEAC1AFF08859A83C2211DD5A4005D951BDA0A04D78B70B47F3F
7666189791 21569 424 B541D86D0A9928DA655B91F50C2DB22D5347F1ACC104F4987E481E07D7EBD2F9
7668016845 62326 6398 7C20F6CF1A09EEE4F40FE6F70B0F070213E4AE0B9599CF6348B0EAC781225457
7660194525 40209 21213 558BAB8953884244DBF573EFDF3A818B3863052892272BBA29E712C259C16304
7661316725 40147 62572 594D009797FEF05075C3DE969D132890EBE7075B284AF1ADB01D37E78D907BAD
7665974203 44489 5555 B8BDABAA9576EA060DB41EE69C76B849D186E965A94E3D6CC2E62846E90E0D0F
7667512256 6483 33203 8CFCEBE235BAEC3D139FF5670B7FA2F210925465B0AAB87C25361204D0D93E1B
7664910367 22728 7850 7C20F6CF1A09EEE4F40FE6F70B0F070213E4AE0B9599CF6348B0EAC781225457
7662846080 65003 25596 FB454C8DA4E8038FECB45DA3A22F4563F2D16C9330716A57CA9969730C1B2611
7661845266 50863 25785 F8FCDC9B7D1DCF545FBB54E40956EF2BB06A0A9EF9F5EC9C0279BD1625C09D30
7662855045 48186 21669 7C20F6CF1A09EEE4F40FE6F70B0F070213E4AE0B9599CF6348B0EAC781225457
7662709126 41525 992 678E9667D9E5DA0A49FA92F766080E833786F08EE59AE52FAFD0170E34EB5412
7663679483 14017 24440 DE43DE261F7906C4476F66040CE1CE345E5EA63E7AC62B7825051E96E70FA738
7658359850 64998 29591 7C20F6CF1A09EEE4F40FE6F70B0F070213E4AE0B9599CF6348B0EAC781225457
7667798686 19472 65353 7C20F6CF1A09EEE4F40FE6F70B0F070213E4AE0B9599CF6348B0EAC781225457
7658434011 10862 9777 7C20F6CF1A09EEE4F40FE6F70B0F070213E4AE0B9599CF6348B0EAC781225457
7658703493 16365 13028 7696DEF678AA48E3C11266BFE6E5778632F5CA0134FBC1C5059771799DF53A64
7661403618 61768 55202 7C20F6CF1A09EEE4F40FE6F70B0F070213E4AE0B9599CF6348B0EAC781225457
7663293621 13884 30725 7C20F6CF1A09EEE4F40FE6F70B0F070213E4AE0B9599CF6348B0EAC781225457
7660041534 29619 52959 6E93CA5C02687A8DDF44A3A7EF27D3B3E1A64A68B4CF2F73764207C8320B417F
7659468043 56 51703 7C20F6CF1A09EEE4F40FE6F70B0F070213E4AE0B9599CF6348B0EAC781225457
7664868923 62507 35851 D2161CCFE32E6909DEF25D9061C1D1DEF959BCD6B43BF89832ADEA44A45FDB59
7660715758 19087 6435 62175F28F1D5364B991EA2141202DC684D6DA6AB6D33F1B22CADCA9E883FCA3C
7661098137 12763 3644 59F10CA6E1F84A04EF529E33701E2EDD0DF7B82E070EF0CFA01B57F0EB840511
7665967363 28954 20452 7C20F6CF1A09EEE4F40FE6F70B0F070213E4AE0B9599CF6348B0EAC781225457
7659889599 52483 41699 2B916D7533EFA02E474C15F31F81C08BA78A587D9517B26741EE937533706E48
7662386330 28856 62665 7C20F6CF1A09EEE4F40FE6F70B0F070213E4AE0B9599CF6348B0EAC781225457
7660719024 46304 43807 7C20F6CF1A09EEE4F40FE6F70B0F070213E4AE0B9599CF6348B0EAC781225457
7662804739 61811 12706 A79FC17609972907045A72D7D2DB0D2E48AD17DC4511E1F4070C99C85FADD258
7667260858 506 21324 7C20F6CF1A09EEE4F40FE6F70B0F070213E4AE0B9599CF6348B0EAC781225457
7662398977 18267 9380 988CE2FEB0A41863BF002609791E6589A6FBCA7283DC850CA9742DE64AF12836
7662706033 33389 38962 18CD1E3FB8D432F8B948F659159FCD48F53B6097E3E2AFA2DD78253F1E0B591D
7667783463 29900 28704 7C20F6CF1A09EEE4F40FE6F70B0F070213E4AE0B9599CF6348B0EAC781225457
7664993069 49486 8801 7C20F6CF1A09EEE4F40FE6F70B0F070213E4AE0B9599CF6348B0EAC781225457
7661287335 58123 9934 F5E036885B250A8C90CE83FFE1EED6ECC7C966BFF210E88FEB0E4F714484C9F5
7662360410 5578 33665 7C20F6CF1A09EEE4F40FE6F70B0F070213E4AE0B9599CF6348B0EAC781225457
7661270277 9112 3444 7C20F6CF1A09EEE4F40FE6F70B0F070213E4AE0B9599CF6348B0EAC781225457
7663599401 8556 15277 7C20F6CF1A09EEE4F40FE6F70B0F070213E4AE0B9599CF6348B0EAC781225457
7662903203 31053 55638 49F8B29FA835851AC6B79123A379D69F6032E26236E9CC77D807E6B24A0125EA
7667191485 35257 40325 644F4B1B57D9E9216D28B86B983F7E49F65528C9E49DEA0B50462E4FBED1BD98
7667037224 60840 14132 7C20F6CF1A09EEE4F40FE6F70B0F070213E4AE0B9599CF6348B0EAC781225457
7662097917 34929 12367 354C1D9FDDF7A90216DC3E98288A2879248F55EA440E42F6E4B9767948F39136
7660907645 42818 28065 7C20F6CF1A09EEE4F40FE6F70B0F070213E4AE0B9599CF6348B0EAC781225457
7659965275 11425 9489 5F0BE95B57AB283FE703D01A55C70FB9E1AB03F9CF06459134CDCC24E85D7881
7662815113 34171 25997 F08D0BB1072B449DB596A48553CAAFC35798813B72C15D499D2730A3B55140C0
7667660654 57069 26705 D82C6584D433FDE74B66568260970EA932E39EDABE301E48F4C6A96C8BA2156B
7663809104 44633 27493 B7FAA2625E19A7BA61BE8B40D8569BB358986931E6EBB628BF42BD6D48836A96
7668151051 13132 23379 7C20F6CF1A09EEE4F40FE6F70B0F070213E4AE0B9599CF6348B0EAC781225457
7659038224 7370 30033 7C20F6CF1A09EEE4F40FE6F70B0F070213E4AE0B9599CF6348B0EAC781225457
7668027068 11528 50809 7C20F6CF1A09EEE4F40FE6F70B0F070213E4AE0B9599CF6348B0EAC781225457
7659484742 14105 8091 8ECA6B332EC76332A29BD920D0335AAEACF88388B48AE97373C40535623821F9
7665197914 55969 27708 1253EF8587C8745CBBB3353D5A1A690635541CECFBC289B1B63476F64E85F33C
7658371301 53845 35856 3CC0487B4BC9817363B2B4192803C03306ACED0FFF5289D5D88803326249287B
7656816202 6903 53408 033087D5F59454CBA2E237FA9E6D3F27A0D098BF5C93476416A8A45413F8D970
7656796078 34775 61156 BDFE5283DA9937742838AD589FF9C1DB32D60EC49FA3814831F2D2455D5D776C
7661371532 11520 6673 7C20F6CF1A09EEE4F40FE6F70B0F070213E4AE0B9599CF6348B0EAC781225457
7659216782 38152 27262 7C20F6CF1A09EEE4F40FE6F70B0F070213E4AE0B9599CF6348B0EAC781225457
7660910109 18872 60502 7C20F6CF1A09EEE4F40FE6F70B0F070213E4AE0B9599CF6348B0EAC781225457
7666722004 27836 34638 7C20F6CF1A09EEE4F40FE6F70B0F070213E4AE0B9599CF6348B0EAC781225457
7660566653 4373 22890 7C2F18E8AB5BC93811530A4E51614F78EFE1AA9C3FFD44DFCD4FDA086369D6B7
7660040468 61032 50994 7C20F6CF1A09EEE4F40FE6F70B0F070213E4AE0B9599CF6348B0EAC781225457
7658603286 56487 52519 2225BE64BCD91BCC0C1EB75B7FE4838E53DAC502126965A04F5CA1D880301041
7659501090 57448 42648 7C20F6CF1A09EEE4F40FE6F70B0F070213E4AE0B9599CF6348B0EAC781225457
7662780749 54832 27352 7C20F6CF1A09EEE4F40FE6F70B0F070213E4AE0B9599CF6348B0EAC781225457
7657679448 35133 30693 A73886EBEA5AD65E7C852C85C1A5515B52D3AA87300E888F2E1B6ABEAEF708B8
7659287891 49720 7848 7C20F6CF1A09EEE4F40FE6F70B0F070213E4AE0B9599CF6348B0EAC781225457
7656957756 50081 35351 8307333A293A670B40F9B7C1B5AD648876FDBBF78AE20425A581322DE382DB56
7664055480 22925 4350 82CEBE51B5FBEFE34BAC0774683D3266C0F2EA1A3EBD44FA736FC7430CD106A1
7663736114 25506 46718 7C20F6CF1A09EEE4F40FE6F70B0F070213E4AE0B9599CF6348B0EAC781225457
7657082553 46419 598 D7C85917E31FA8793676C3437E30F41757B8335275C5AE960598510D5C141F01
7662567535 50020 46415 7C20F6CF1A09EEE4F40FE6F70B0F070213E4AE0B9599CF6348B0EAC781225457
7660825193 23100 8867 7C20F6CF1A09EEE4F40FE6F70B0F070213E4AE0B9599CF6348B0EAC781225457
7657298226 60934 63116 7C20F6CF1A09EEE4F40FE6F70B0F070213E4AE0B9599CF6348B0EAC781225457
7659720844 50197 52575 CA57F4FA5C6AC010CF90F0E0487C53F19AD6E8E544559F3F250679137618FEE6

Total of 0 tasks calculated error.
