Total of 100 tasks calculated correctly, accuracy 100.00% 
762314925 5284 23129 7C20F6CF1A09EEE4F40FE6F70B0F070213E4AE0B9599CF6348B0EAC781225457
763145059 18157 58913 2D5EDDCE9137C818299E899B75B355FE18DAC251C66BC141A4E606E54D1DF7B9
758244489 14627 29397 5C4C8C7C2AC94AD1123D6E5407B9E0A5D7DBF67C5515ED4F1C5C6CC8B2470912
765238830 62982 22028 7C20F6CF1A09EEE4F40FE6F70B0F070213E4AE0B9599CF6348B0EAC781225457
760777620 44705 15298 4D48D29F70925D35F13963A54FA8F535DB99F347E32E7ED36CD7F1F9FDD7B6BB
765202645 61196 19625 7C20F6CF1A09EEE4F40FE6F70B0F070213E4AE0B9599CF6348B0EAC781225457
765077389 46177 20251 1065CD5BB1D490668FD8647EAC926AC086BE68B8AF89928532D419EAC7B14288
758210741 49500 32629 7C20F6CF1A09EEE4F40FE6F70B0F070213E4AE0B9599CF6348B0EAC781225457
767483149 10758 51251 7C20F6CF1A09EEE4F40FE6F70B0F070213E4AE0B9599CF6348B0EAC781225457
757803041 62759 16818 92A3134A7608F1A305A79A316FA3A858D05F2465F2B0CDA709EBAA4C8B7E003D
759777325 26304 62945 7C20F6CF1A09EEE4F40FE6F70B0F070213E4AE0B9599CF6348B0EAC781225457
763189533 11571 61086 5091EF55C1A47D891C0FB20C29BE694558F08865780F9DA86A94E46DF5A22A44
757276364 51547 59308 EDA90912A8645D917694DBDC6683197EA6A1DA6DB76275C7ABEB75AD5364C7E4
763952085 62045 36864 D508D2B81487589B9E4EC8B20A38510D9D3A0342203F1BD08B3FF7D86C860937
764210540 15872 19012 7C20F6CF1A09EEE4F40FE6F70B0F070213E4AE0B9599CF6348B0EAC781225457
766988763 11864 239 7C20F6CF1A09EEE4F40FE6F70B0F070213E4AE0B9599CF6348B0EAC781225457
758447344 59862 51064 7C20F6CF1A09EEE4F40FE6F70B0F070213E4AE0B9599CF6348B0EAC781225457
758398012 59241 64939 98F7691D0A7C708A4BD12D991292294C4E7782570CDE04731AF079C786E88281
758020162 52800 46870 7C20F6CF1A09EEE4F40FE6F70B0F070213E4AE0B9599CF6348B0EAC781225457
764637949 54162 10037 7C20F6CF1A09EEE4F40FE6F70B0F070213E4AE0B9599CF6348B0EAC781225457
758256482 38649 48988 A4BF692C24CC45514A3030759FB8721444E62D52A703F23151951732FEF89E60
761823431 24991 3812 59D7E62272FB8CACBC529CD3185CDADA95C14AF3EA5168D47D3FA92400DF7005
761757367 12758 20659 7C20F6CF1A09EEE4F40FE6F70B0F070213E4AE0B9599CF6348B0EAC781225457
763249022 62098 203 7C20F6CF1A09EEE4F40FE6F70B0F070213E4AE0B9599CF6348B0EAC781225457
766069808 6358 56033 7C20F6CF1A09EEE4F40FE6F70B0F070213E4AE0B9599CF6348B0EAC781225457
763816004 13154 10651 7C20F6CF1A09EEE4F40FE6F70B0F070213E4AE0B9599CF6348B0EAC781225457
767044493 33 16611 9AED2A76ED21586A275685E163668480A4D7F7530304F2AA796FBE9C6177E98F
766853633 59368 43046 7C20F6CF1A09EEE4F40FE6F70B0F070213E4AE0B9599CF6348B0EAC781225457
758887546 17890 47505 7C20F6CF1A09EEE4F40FE6F70B0F070213E4AE0B9599CF6348B0EAC781225457
768265250 11285 32232 367232AC4073C99371CE7C3BF4FC4E90E3006C491570E7FA42B2315615EADBA2
763000828 42085 45840 7109C8B9FCC07DD148C1D3EBB64DF36179235E4C71F2CC4D4176C60379F8B6E2
760548561 25848 22096 7C20F6CF1A09EEE4F40FE6F70B0F070213E4AE0B9599CF6348B0EAC781225457
762169172 52723 10668 B7B13AF2AAE028A8EE8E1286B6D9E741BA660B414671255970D217B2DDA1E0CB
767601564 57045 2959 0243A8A5482162F25397687847649F421615616638EA00AF77F89471BB0DC51D
764068510 64034 29523 7C20F6CF1A09EEE4F40FE6F70B0F070213E4AE0B9599CF6348B0EAC781225457
767672392 25571 61857 8CF1A149B3BE038F7C684B55025B5FE72434B805B5C4796E2B9759017D3BBD78
760178443 64420 47400 7C20F6CF1A09EEE4F40FE6F70B0F070213E4AE0B9599CF6348B0EAC781225457
758543125 2383 52565 35464FF1DD41297D5B51B96C95D80ADD058370717794072426C178496DE84C87
767847682 61915 29012 7DC908793D9738F865C3820F28232C295527DB1541C65BBD6240C17EB4DD3052
762066440 17747 33390 BBBE2B59C22150875646D063143B929DD3F3EFF5DEDBB5CEBE50291EF15C395B
759436933 21897 5125 0032E2A8512AB5319A104C105A6EDAAB293F14C9B7EE65BD6BF13149C9B5503E
761212224 63421 61940 96D832A6714686623909E37616FB5E1267E01084E08B12C6DBBBCC4CD37EBBB0
766851308 61527 42939 FAA80C1D10B6CE69C6BB375B8DE6A81DD2CC88197C2772CA0E074E59304BF145
759511381 3603 49543 8D39E3C4E4A891B0C3F9DBBA0244ECA7DD34DFB9621124961E21670F0FE2B290
764574316 26377 155 00320DF8F066FFEFF7B22CB6E40A1C8D5773771A7C1B5341BA88FE6CCE7ECB97
760680726 1643 14881 0124BFC1296278AB50AABEE5275D2E5A4C9646F0064D8C15DD9057CAF1B7EBC1
766388528 782 32244 7C20F6CF1A09EEE4F40FE6F70B0F070213E4AE0B9599CF6348B0EAC781225457
761182152 13307 25271 A215220F2274A64A769BE197207A2B12693D56EC63B78CE0D01CFFC3695E4FCB
764056655 37197 58164 88668CE24174EAAAD61A29CF87213DBB506AF8201D1B25A868EF64F252000243
757403896 18687 21577 C006AFCE4A999BE879B6E635F13A653D8F04EFBC28570243326C8AB20B8D72B7
764182326 44005 46573 1916B44374E000F3CB9FFEAE082CD9169EB5E7245747C91BDB4044712D81BDA2
759980322 65342 7408 7C20F6CF1A09EEE4F40FE6F70B0F070213E4AE0B9599CF6348B0EAC781225457
765287871 35685 55418 D8B8E193A35B3A03D9B917AA34BC1DE33558B5AF6B11839EA6C1F4B8F1DF7015
757690934 36866 13465 7C20F6CF1A09EEE4F40FE6F70B0F070213E4AE0B9599CF6348B0EAC781225457
766303410 50771 39090 30D4B2A4B749783E90213CD0DBC4A50CFE976FCADB2ADB7E4D4FFAE7FE032043
757073108 25639 57258 8B3677E0829CC3374C87CD9DE63559D4561D240C90C8800D5155E122A8FB9233
761603980 42292 4193 7C20F6CF1A09EEE4F40FE6F70B0F070213E4AE0B9599CF6348B0EAC781225457
758095005 30174 40283 7C20F6CF1A09EEE4F40FE6F70B0F070213E4AE0B9599CF6348B0EAC781225457
764655204 54166 52268 7C20F6CF1A09EEE4F40FE6F70B0F070213E4AE0B9599CF6348B0EAC781225457
758995364 44997 15574 914BE63136C5007BE15770C6D5CCAD9D01EF8874CF646C20A2D913137DFCFBDA
764732372 47698 19385 7C20F6CF1A09EEE4F40FE6F70B0F070213E4AE0B9599CF6348B0EAC781225457
766026169 14420 25803 7C20F6CF1A09EEE4F40FE6F70B0F070213E4AE0B9599CF6348B0EAC781225457
760128649 62508 39154 7C20F6CF1A09EEE4F40FE6F70B0F070213E4AE0B9599CF6348B0EAC781225457
767884345 7860 34010 7C20F6CF1A09EEE4F40FE6F70B0F070213E4AE0B9599CF6348B0EAC781225457
767044424 54590 27977 7C20F6CF1A09EEE4F40FE6F70B0F070213E4AE0B9599CF6348B0EAC781225457
758637788 5070 59853 7C20F6CF1A09EEE4F40FE6F70B0F070213E4AE0B9599CF6348B0EAC781225457
759259970 54896 1923 7C20F6CF1A09EEE4F40FE6F70B0F070213E4AE0B9599CF6348B0EAC781225457
760670747 39010 26167 7C20F6CF1A09EEE4F40FE6F70B0F070213E4AE0B9599CF6348B0EAC781225457
766545543 42894 63412 7C20F6CF1A09EEE4F40FE6F70B0F070213E4AE0B9599CF6348B0EAC781225457
763639287 21810 9210 7C20F6CF1A09EEE4F40FE6F70B0F070213E4AE0B9599CF6348B0EAC781225457
768035564 39897 3865 782C5BE46D6185B1379C1C7F0D49F6BFF88DDC5D0A8B25A3CE09400CABABA10B
763163257 7126 29869 7C20F6CF1A09EEE4F40FE6F70B0F070213E4AE0B9599CF6348B0EAC781225457
765050312 45301 57942 48EB0D562757B5316F18A9D0C7DC93B06C5D07A99B3735B62C85CEDCBEBC1AA1
761103000 60391 59793 431D7864692D464F1CCE1D4B12935BF694CF6AB7490BCCCC61BB283F09A562E5
767818564 51232 56422 7C20F6CF1A09EEE4F40FE6F70B0F070213E4AE0B9599CF6348B0EAC781225457
760904414 47351 19094 A4E73C892D69764B9C9D5864CEFA4BEE9D4F986AD12EE0364C3DFD7C29CAD88F
765677568 33312 39662 7C20F6CF1A09EEE4F40FE6F70B0F070213E4AE0B9599CF6348B0EAC781225457
761992906 7956 47533 7C20F6CF1A09EEE4F40FE6F70B0F070213E4AE0B9599CF6348B0EAC781225457
764772235 57308 44405 7C20F6CF1A09EEE4F40FE6F70B0F070213E4AE0B9599CF6348B0EAC781225457
757143795 20761 27019 AA41222FD9D0A69713AC000AFC6E3451173CB4EFA950440EC26188908B94F2A1
762309695 21931 39412 DCFC6831A62F727440215A5D89601744188DCB4372EDE0AE76479699BB4094E9
764596410 50563 41081 C65561BFBD9C9CD947445023BA1B15FEA5487C686B0FD1B5AC790E82076F44A7
763801530 10347 29520 944547ABA96DDDDCA1B5916D2CAEC2C7209FDB6B2B88365523831A7767121BA3
759164248 46107 4974 9EF1E801CD1C162B022BA258EC35A9D006DF23A6CD761A80BC14CC25DEEAA51A
766568112 26249 17368 D8186E7ACD585F034E80F75E84BDD43B3A76E93ECD07FB85C1E932440223971D
766069835 21603 52452 2379083290050A461251915DE76E46BF8AD75EE6443A9A316FEB7996FC0C59D6
767691749 10372 25923 7C20F6CF1A09EEE4F40FE6F70B0F070213E4AE0B9599CF6348B0EAC781225457
758648786 29987 38160 61F233C50F30171C9AB4EE2231D758573CE98B951CDB8623B17A6FB3142B46E7
758894923 56146 19263 7C20F6CF1A09EEE4F40FE6F70B0F070213E4AE0B9599CF6348B0EAC781225457
761581897 35819 62532 29304A585756A4F2A6B2BEC3CBA3D1ACB947CDC9AAFC140B6D19CB74FED6D23A
765749823 64608 50845 7C20F6CF1A09EEE4F40FE6F70B0F070213E4AE0B9599CF6348B0EAC781225457
759889289 33063 22526 2B9263370C7AE653CDB25F8A05B248BB696C3B3507F83937D6D59916F129AB9D
759405636 24981 15437 4B92496FE0846E5662A9A349EDF75F450CEFE46F50ABCCB2941E9224FD371A8D
757947006 39696 54662 7C20F6CF1A09EEE4F40FE6F70B0F070213E4AE0B9599CF6348B0EAC781225457
765473537 25363 45849 B0504652BB702CEA3FC50A27F55EC1C8447D22359BEDCF02F1F36D9B7AFAE93C
761692667 29302 2557 7C20F6CF1A09EEE4F40FE6F70B0F070213E4AE0B9599CF6348B0EAC781225457
763445891 35520 12707 7C20F6CF1A09EEE4F40FE6F70B0F070213E4AE0B9599CF6348B0EAC781225457
758320821 27707 55149 1A7C8BBE1CDEF7178434980846ED500ADC1FD057E45DB5FF8F2D66E968ABCF63
767747389 12847 49205 450EDEF95034B2E3148AE1809374B061A09FE665567E6FE73D5A7517C5765E72
764369545 4394 46886 7C20F6CF1A09EEE4F40FE6F70B0F070213E4AE0B9599CF6348B0EAC781225457

Total of 0 tasks calculated error.
