Total of 100 tasks calculated correctly, accuracy 100.00% 
7675540626 47620 50811 7C20F6CF1A09EEE4F40FE6F70B0F070213E4AE0B9599CF6348B0EAC781225457
7670828333 37591 17604 27EA932F9B91BE4EAC360FD0753E536D6274C429FACEF5EC0E5FCAA48EDFD532
7672899151 39769 18621 E8F0FB001CFE9DD8F9B3830D9427B8C8BEE5CDAEE5BFE2DCC4FC12CC56F7A1CD
7675281360 45821 28561 5FA7A24CA5DF94077F957D8275008098A4803D3FE2D0F16AE1113BC0991B8967
7673369161 23790 47486 7C20F6CF1A09EEE4F40FE6F70B0F070213E4AE0B9599CF6348B0EAC781225457
7672135080 13156 38635 7C20F6CF1A09EEE4F40FE6F70B0F070213E4AE0B9599CF6348B0EAC781225457
7677442070 61013 18350 368A25356AF19CEF65CCF0454B5D3CA8F06CD99E04778FC8A3D7F193A8243D31
7669697891 26677 54893 41CD8186B596F8A9119E3EC5E16C5B392E1B16B63F82D59AFFCF6BB94B94C73D
7676768417 48943 44253 4ED7508F868C45055850767B35F7F17DB6DF57BE71175A6E431DF23A5C172A50
7675569450 3444 42551 7C20F6CF1A09EEE4F40FE6F70B0F070213E4AE0B9599CF6348B0EAC781225457
7669845611 43542 43931 7C20F6CF1A09EEE4F40FE6F70B0F070213E4AE0B9599CF6348B0EAC781225457
7673722852 40024 28321 7C20F6CF1A09EEE4F40FE6F70B0F070213E4AE0B9599CF6348B0EAC781225457
7679045983 8462 57855 7C20F6CF1A09EEE4F40FE6F70B0F070213E4AE0B9599CF6348B0EAC781225457
7669895707 25523 2787 1E523C2196AFF0EA2C20BE0A202C9F0D220C464BF81C2F13CCB668B406BBC7DE
7679918060 14395 13453 9157B12A2F6F8D44C54CC2A52B4F4CE920B347B3BBAEDAAFD5C4E2993645E98B
7674949099 29206 26233 7C20F6CF1A09EEE4F40FE6F70B0F070213E4AE0B9599CF6348B0EAC781225457
7675757594 63206 52121 7C20F6CF1A09EEE4F40FE6F70B0F070213E4AE0B9599CF6348B0EAC781225457
7678065062 51359 57644 8C11C3D89D0A815142458C1298E6DE563F3DAD2BF570C4B7F365D3A1007F2388
7675223978 6838 106 7C20F6CF1A09EEE4F40FE6F70B0F070213E4AE0B9599CF6348B0EAC781225457
7674011670 21129 7078 F7FF94F19820CE069165039AAB14D046E33D235A1C3478C6A7A9484EAF812043
7672401284 34140 31092 7C20F6CF1A09EEE4F40FE6F70B0F070213E4AE0B9599CF6348B0EAC781225457
7668859049 46039 37180 2A8FD3B854A643213D623A0B4FD4531CB2D9F2C7877EDA0E7CA7048D5B840C58
7669922809 34899 3820 74A600E20135EE921B32649DF0FDA16A927C19A78A33BD3F1470BB47C2277C8D
7673347902 53580 19488 7C20F6CF1A09EEE4F40FE6F70B0F070213E4AE0B9599CF6348B0EAC781225457
7670452888 59305 5441 E7D6851841F319921247951AFCA637693DD19D2EEC279F58FE99B3A43C1E0253
7674593061 53946 7075 7C20F6CF1A09EEE4F40FE6F70B0F070213E4AE0B9599CF6348B0EAC781225457
7675248235 62229 65086 9B1216AF3D91A11255F64FFCD07A18D4331547D9EABCF6DF1A1C43EF82229756
7669722618 50367 57510 473F5A1208BE2229256BB9AA12A2BE483F9C39E6A384879AB3C81387765C2F70
7679381640 54538 64483 7C20F6CF1A09EEE4F40FE6F70B0F070213E4AE0B9599CF6348B0EAC781225457
7669469682 43235 47286 C74BE040EB4FD3D8A7D65983079E6052A0CCDD1230F535ABD77E4712BBA1EEDB
7679096006 28988 54437 7C20F6CF1A09EEE4F40FE6F70B0F070213E4AE0B9599CF6348B0EAC781225457
7672914309 63942 27906 7C20F6CF1A09EEE4F40FE6F70B0F070213E4AE0B9599CF6348B0EAC781225457
7673695848 53417 28150 5A92C1C783C5329C64D9B3557541470412E24B5A3CC47554516ACAD4454BA101
7674692848 47518 60600 7C20F6CF1A09EEE4F40FE6F70B0F070213E4AE0B9599CF6348B0EAC781225457
7669638189 16622 41439 7C20F6CF1A09EEE4F40FE6F70B0F070213E4AE0B9599CF6348B0EAC781225457
7669339890 27369 29641 C1DD97E6437600E2CC418E38300843A014E089DCDDBF22ACBA6E8923B109254B
7672028136 46276 44039 7C20F6CF1A09EEE4F40FE6F70B0F070213E4AE0B9599CF6348B0EAC781225457
7672720425 52529 29952 A808F219F24CC66BB69CDE5A4909319CA8993D9580C354EA947C09B3D5045CA7
7669618936 60250 12479 7C20F6CF1A09EEE4F40FE6F70B0F070213E4AE0B9599CF6348B0EAC781225457
7677907965 61624 51459 7C20F6CF1A09EEE4F40FE6F70B0F070213E4AE0B9599CF6348B0EAC781225457
7675972224 6933 61917 AF8CC20A7F9FDCE3A6052BEBB14FC2F5F794FBC3C244888859AF2C44F113E6B7
7674844750 50004 19831 7C20F6CF1A09EEE4F40FE6F70B0F070213E4AE0B9599CF6348B0EAC781225457
7680167256 6503 36853 B4FCA98843D51A1E705226C5BB5005E9E4521D252BB4FDCBD2A07B0F69437E64
7677898709 20176 50160 7C20F6CF1A09EEE4F40FE6F70B0F070213E4AE0B9599CF6348B0EAC781225457
7672863767 60117 50936 3469C20B72A9FC220B21B223C0AC122356992B8313039548E800C204C838E1AC
7672675743 33616 35434 7C20F6CF1A09EEE4F40FE6F70B0F070213E4AE0B9599CF6348B0EAC781225457
7670899197 28972 30463 7C20F6CF1A09EEE4F40FE6F70B0F070213E4AE0B9599CF6348B0EAC781225457
7674629264 8370 61733 7C20F6CF1A09EEE4F40FE6F70B0F070213E4AE0B9599CF6348B0EAC781225457
7677748720 18018 19512 7C20F6CF1A09EEE4F40FE6F70B0F070213E4AE0B9599CF6348B0EAC781225457
7678989944 28983 28604 C620ECA4C799931DAD052261A8280EA31B0CDDF8E26168A68FCAFC1D8F419D3D
7674520281 40917 27795 A6AB186B6D7A4FD9E126E56BAA8B56E96AB1DB14CADCEEC3D1872687CE3C7C63
7669675854 3498 25225 7C20F6CF1A09EEE4F40FE6F70B0F070213E4AE0B9599CF6348B0EAC781225457
7677499896 37332 55388 7C20F6CF1A09EEE4F40FE6F70B0F070213E4AE0B9599CF6348B0EAC781225457
7678715265 62468 34216 7C20F6CF1A09EEE4F40FE6F70B0F070213E4AE0B9599CF6348B0EAC781225457
7675215432 5237 50887 2170F7480ADD382DB9200DAF4127C6AE716865AC5690395CE34D7C7C500FCF6A
7669011123 34718 32161 7C20F6CF1A09EEE4F40FE6F70B0F070213E4AE0B9599CF6348B0EAC781225457
7673224330 2268 15013 7C20F6CF1A09EEE4F40FE6F70B0F070213E4AE0B9599CF6348B0EAC781225457
7671526373 33689 36511 BBDE90420F01C10337A315AF610F2776914FBE5678F6BE2BD8393E3834371CF6
7670323718 29437 5358 92511009CD1FF26C95408A9CCA0655C4E57A50878CC4DA8D350E555434DD147B
7672780711 54937 55913 9BA185477F380BA0AF9D12592A54DBBC336C63742F2989F2A4214CABF0DE31E2
7671856414 44550 14584 7C20F6CF1A09EEE4F40FE6F70B0F070213E4AE0B9599CF6348B0EAC781225457
7675303589 56268 15962 7C20F6CF1A09EEE4F40FE6F70B0F070213E4AE0B9599CF6348B0EAC781225457
7673875393 54209 41266 2AD754F6D5B8AEA21FE3D1CE3FE897B482539925257BB736DE282B6C8AB196C0
7677442832 20737 60464 1201EE04CE65538F54346CA697EC65D7431C2396DBB5BD66CEEBA51F15C756C2
7670816619 21651 6647 C8AD185A80825037134299A31236818C99D200E895C8C24A529BB1E2C5874209
7676401608 36812 49450 7C20F6CF1A09EEE4F40FE6F70B0F070213E4AE0B9599CF6348B0EAC781225457
7676257980 54104 14988 7C20F6CF1A09EEE4F40FE6F70B0F070213E4AE0B9599CF6348B0EAC781225457
7673208201 14950 51887 7C20F6CF1A09EEE4F40FE6F70B0F070213E4AE0B9599CF6348B0EAC781225457
7670345297 53474 35023 7C20F6CF1A09EEE4F40FE6F70B0F070213E4AE0B9599CF6348B0EAC781225457
7670231400 56792 55123 7C20F6CF1A09EEE4F40FE6F70B0F070213E4AE0B9599CF6348B0EAC781225457
7679610134 45290 17568 7C20F6CF1A09EEE4F40FE6F70B0F070213E4AE0B9599CF6348B0EAC781225457
7671362388 20694 15957 7C20F6CF1A09EEE4F40FE6F70B0F070213E4AE0B9599CF6348B0EAC781225457
7671389669 3535 45258 AE5222BCEE3190A2B055E320FE8ACB1A3577B11ED2C9CF42C4CC2B2362B988DB
7677211223 14673 22984 5C86CFCE2770073C849867912F81E4C8170EF786C7370F77803EBD3695B3E4FA
7671326784 14722 55331 7C20F6CF1A09EEE4F40FE6F70B0F070213E4AE0B9599CF6348B0EAC781225457
7674081282 35631 52772 6E43B79E36BF4138F2F59483C515E6AB563AC21B046D727E9AD865A40382E21E
7673438395 3794 46774 7C20F6CF1A09EEE4F40FE6F70B0F070213E4AE0B9599CF6348B0EAC781225457
7679860050 18948 6468 7C20F6CF1A09EEE4F40FE6F70B0F070213E4AE0B9599CF6348B0EAC781225457
7677291719 23780 50208 7C20F6CF1A09EEE4F40FE6F70B0F070213E4AE0B9599CF6348B0EAC781225457
7678654927 36026 12801 7C20F6CF1A09EEE4F40FE6F70B0F070213E4AE0B9599CF6348B0EAC781225457
7669787356 56103 56545 4A654F6BFD35540684ED31C4F820FD414FFB65AA0BCCBAB104202B9EA1CFEEAD
7674782429 44303 4944 078120074891ADCED0A38D1E0E07FBE831A03370623D8E8B332F2D74296CCF10
7678106227 3573 51308 8590FC8FEFDF47A5A37E22D2EBE4D4D6DC5D60CAA2DA9EB4D29F2697116F898B
7675964260 64280 14552 7C20F6CF1A09EEE4F40FE6F70B0F070213E4AE0B9599CF6348B0EAC781225457
7673266438 34657 29996 027CBBEF2DF2B48A7B6EB61FBF1B3D7E318617C83651819FB46F66210CA337F3
7677929450 33479 64689 7386EC510A64E8259E6E4150987884D13A55134EA5A0F26CF0D4BEB1EC75AAB0
7672327028 30632 64334 7C20F6CF1A09EEE4F40FE6F70B0F070213E4AE0B9599CF6348B0EAC781225457
7672821456 18446 37182 7C20F6CF1A09EEE4F40FE6F70B0F070213E4AE0B9599CF6348B0EAC781225457
7677056087 46883 29331 6C19B41BAFFAE4965DA03C3A1EF77CEEE29EE1A7EF38F0077A44EB0DB5485C6C
7673147858 30574 19894 7C20F6CF1A09EEE4F40FE6F70B0F070213E4AE0B9599CF6348B0EAC781225457
7680385433 30395 35634 3DC1821451A44E5E26C113BCF618A8A4AEF76391CE557106706C297D45EEE96A
7676626168 10156 54380 7C20F6CF1A09EEE4F40FE6F70B0F070213E4AE0B9599CF6348B0EAC781225457
7680164331 63788 49529 7C20F6CF1A09EEE4F40FE6F70B0F070213E4AE0B9599CF6348B0EAC781225457
7670161502 19731 12307 2D3318BD136894731C04EB6F3CD513AB7D8695DA6713537C084A9ABA5FDD972F
7671755177 55003 45980 B2ED502681500E330362C5899CEE649ED70A700960427BD373D6EFDF5C39F875
7669169119 33039 33712 2660D7313B4D61161489D23132DFCAD09298A85B3F9137B3FB8ECA4B8ACC621E
7679218257 12524 16802 7C20F6CF1A09EEE4F40FE6F70B0F070213E4AE0B9599CF6348B0EAC781225457
7675645223 1078 24168 7C20F6CF1A09EEE4F40FE6F70B0F070213E4AE0B9599CF6348B0EAC781225457
7679632654 63123 47051 4C3E591EAB4B25CFC776A4F6E292B5CFC3AE0A047314F68B2FDC6C6452A1DD9A
7677588145 39873 42429 3774C3B96E48C73B2EC527295EE9CB451808DCA690A0CDEB2ECEBB7F345ED700

Total of 0 tasks calculated error.
