Total of 100 tasks calculated correctly, accuracy 100.00% 
7685446082 23021 40674 EB60C21D92E4B49F6C9FFCE47FEF4328CBE0CB5E5019692205956CA8B2F9231D
7680793379 39702 46410 7C20F6CF1A09EEE4F40FE6F70B0F070213E4AE0B9599CF6348B0EAC781225457
7691485776 43160 34011 7C20F6CF1A09EEE4F40FE6F70B0F070213E4AE0B9599CF6348B0EAC781225457
7689339899 52456 58042 7C20F6CF1A09EEE4F40FE6F70B0F070213E4AE0B9599CF6348B0EAC781225457
7689289791 55959 4972 B6C4CBAE2040FE40D9516AAAAC28B71338C060DAB8F474484706F91739F34615
7685804512 10986 36302 7C20F6CF1A09EEE4F40FE6F70B0F070213E4AE0B9599CF6348B0EAC781225457
7682590696 40493 53119 932B31D4DD9089F99AC3D2552DE1089E5F08DBA3BCE30A5473BB9A5EBEE077E8
7684601609 13640 41179 7C20F6CF1A09EEE4F40FE6F70B0F070213E4AE0B9599CF6348B0EAC781225457
7687780047 7992 21415 7C20F6CF1A09EEE4F40FE6F70B0F070213E4AE0B9599CF6348B0EAC781225457
7681750654 48618 10155 7C20F6CF1A09EEE4F40FE6F70B0F070213E4AE0B9599CF6348B0EAC781225457
7684838827 34976 54124 7C20F6CF1A09EEE4F40FE6F70B0F070213E4AE0B9599CF6348B0EAC781225457
7689060122 33886 12346 7C20F6CF1A09EEE4F40FE6F70B0F070213E4AE0B9599CF6348B0EAC781225457
7685747760 49525 41889 95F766214E5D48FC6F7252ED5A519EE376DC96EB41B84CCCF3B7ACF5A1814E95
7681679686 48551 24137 5B7BA58AF77B8820537551C1DBE60BA956372B9EEF54EAAF004ECA2F70554609
7683918385 11150 28052 7C20F6CF1A09EEE4F40FE6F70B0F070213E4AE0B9599CF6348B0EAC781225457
7685166449 8824 45634 7C20F6CF1A09EEE4F40FE6F70B0F070213E4AE0B9599CF6348B0EAC781225457
7687368278 4688 34503 7C20F6CF1A09EEE4F40FE6F70B0F070213E4AE0B9599CF6348B0EAC781225457
7682605199 13350 21447 7C20F6CF1A09EEE4F40FE6F70B0F070213E4AE0B9599CF6348B0EAC781225457
7681873116 38250 60781 7C20F6CF1A09EEE4F40FE6F70B0F070213E4AE0B9599CF6348B0EAC781225457
7686142764 34461 8291 99A48A9156A1D7FE33D61D4191619952588F6E3F7373FA7D47B4DDB359400813
7681688232 53333 20630 2349CC872E0D5771669F325B73AD27D94E4965F560F248CFB0151320A6F6163A
7682482543 54839 54447 7F583F8CB658580175E395D831F36197EAD4EEDC185774FA6894C08119CC5900
7690150350 31069 61613 EE99FB4535CBF0F7842BA9BD1757A975EE1EA1FF6DB5D3566D7CBB5A8E961962
7692375319 54804 33568 7C20F6CF1A09EEE4F40FE6F70B0F070213E4AE0B9599CF6348B0EAC781225457
7686660566 60904 55027 7C20F6CF1A09EEE4F40FE6F70B0F070213E4AE0B9599CF6348B0EAC781225457
7684294115 19747 56052 F7CACE5A6A8D72B04EAC4EA5E707343883E3B1E30B33926AF24415C8FC5E72BA
7681995556 3174 13584 7C20F6CF1A09EEE4F40FE6F70B0F070213E4AE0B9599CF6348B0EAC781225457
7690296610 62997 59207 324CAB251A7D73DCF38BB9D45B2C8479B7B70821E0F7436C0ADB8B1A10A75CF2
7689628937 43523 41014 4D04D541804DA3EA82041E44D0189D2F0BD2C6BBC5ACA41A65BBEC86703DB53F
7688031540 20693 52067 5D811668A2F3E7E8405793BE01E02019102BBE00D54E026F90DA5BED7C36E7A8
7690198574 6090 6772 7C20F6CF1A09EEE4F40FE6F70B0F070213E4AE0B9599CF6348B0EAC781225457
7683357202 2427 30048 A82B631A78E23FD082B515B916B5048C2CCEA4C26ED18591838A4FBB8408B03C
7680677103 44979 17846 AF418BF4803FD249D184E28EFD4308311F34F12D78E44E875AB6C08420D928B2
7691907988 37880 25346 7C20F6CF1A09EEE4F40FE6F70B0F070213E4AE0B9599CF6348B0EAC781225457
7686222942 17967 53853 C65A4B8C40EFE6C6009903C93D5165D6C112ABBC30B29279E2F5C28D9FE251BC
7684755992 32654 5835 7C20F6CF1A09EEE4F40FE6F70B0F070213E4AE0B9599CF6348B0EAC781225457
7688274127 3179 37969 16A1F6CEEE5DAFF14C444E818A7828A9A143798C6E3678A8093CE33698E654F9
7689614067 14001 65480 22E69E357AC742A03BCFFF884E4EA09F96AF3F9B21B239BE070FC3DF38815FC8
7681078722 23649 1364 A5C84921BC9F388FF1CC08E73F15D67F7230B218869C6ECF6155C14FE23C4A7C
7681011003 23054 56437 7C20F6CF1A09EEE4F40FE6F70B0F070213E4AE0B9599CF6348B0EAC781225457
7684135194 47885 55615 8D37387A6672375CF5FBE1E501CA703B6C5006040A50DC6B23EC454FD470455F
7685114595 10743 62644 A3EDB49CE304B65570B384D7234BE42A9DCCEAD9A024E68A2B76EC4587BBBCF6
7681245555 34035 28616 DB5DF8683F4E17EE3F1DC5FD6ABE75F05E7EEBD4C85280DE91492A3AD07E2DE1
7690417570 55309 41629 5B20E639D867E723EF26AB8D8ECEECCF314777B511022A4518BEB3DACC0179B7
7686249180 49960 37075 7C20F6CF1A09EEE4F40FE6F70B0F070213E4AE0B9599CF6348B0EAC781225457
7686668867 398 23191 7C20F6CF1A09EEE4F40FE6F70B0F070213E4AE0B9599CF6348B0EAC781225457
7686992456 29783 54355 A66529D70B0385A275DA8EB91465F5B45EFFD88E7C378A041B0784BAAA3C6AFF
7690126264 10914 2594 7C20F6CF1A09EEE4F40FE6F70B0F070213E4AE0B9599CF6348B0EAC781225457
7680772388 27269 44567 C7DA6340A32D48934D517581991B44FDE9F4DDFC88CB57F68D1A87E39DAD3A12
7685993152 2701 23652 506C0A7595E4BE4C27131A928B3C98C341EC1BD358D4E38AE03E8F4150F482C8
7689278927 62198 23743 7C20F6CF1A09EEE4F40FE6F70B0F070213E4AE0B9599CF6348B0EAC781225457
7686916676 60848 39524 7C20F6CF1A09EEE4F40FE6F70B0F070213E4AE0B9599CF6348B0EAC781225457
7685687971 61689 13863 91A6AAFD198DA6943ADB76F354072D0F7834AF089599928138A22237666F491E
7682412443 40439 2731 D19C1E5A21B3337B21FD9946FB4EF189FCB1968212390D9845384E508B1F877C
7689671597 51290 19938 7C20F6CF1A09EEE4F40FE6F70B0F070213E4AE0B9599CF6348B0EAC781225457
7680550178 4048 61308 7C20F6CF1A09EEE4F40FE6F70B0F070213E4AE0B9599CF6348B0EAC781225457
7684300998 9774 50060 7C20F6CF1A09EEE4F40FE6F70B0F070213E4AE0B9599CF6348B0EAC781225457
7691416673 28170 26983 7C20F6CF1A09EEE4F40FE6F70B0F070213E4AE0B9599CF6348B0EAC781225457
7683730338 56806 37167 7C20F6CF1A09EEE4F40FE6F70B0F070213E4AE0B9599CF6348B0EAC781225457
7682963446 54737 45131 A6EC9EA13A1328F87727CFADAE3D878F4169EF31D2181257FE90B5E24D47023F
7683644456 14368 17870 7C20F6CF1A09EEE4F40FE6F70B0F070213E4AE0B9599CF6348B0EAC781225457
7684698864 53601 49110 0F241BE88CF360826C17201EEA448BFF11799EA2A87A10169DA9A4DEB0A71311
7687186616 4741 58165 8B67AA60ED8AABC02F4B13B8B2953E4EE320953C8BF235A49DF76928B7A8925B
7688305136 52118 45250 7C20F6CF1A09EEE4F40FE6F70B0F070213E4AE0B9599CF6348B0EAC781225457
7681906932 22746 46403 7C20F6CF1A09EEE4F40FE6F70B0F070213E4AE0B9599CF6348B0EAC781225457
7683900250 64371 19460 8685647B10B2DF78AC8C3D2ACA8EED70D9B3A3F755AAF91F927F4D95741BDD4C
7690358151 26536 39364 7C20F6CF1A09EEE4F40FE6F70B0F070213E4AE0B9599CF6348B0EAC781225457
7691098348 49000 56409 7C20F6CF1A09EEE4F40FE6F70B0F070213E4AE0B9599CF6348B0EAC781225457
7691699519 54866 24627 7C20F6CF1A09EEE4F40FE6F70B0F070213E4AE0B9599CF6348B0EAC781225457
7684111595 50157 22190 BB863E7569C4D53402FAE123193D2717DEF3F89D9047B42930430898FD473B11
7683977123 33608 21179 7C20F6CF1A09EEE4F40FE6F70B0F070213E4AE0B9599CF6348B0EAC781225457
7687150993 30836 56237 7C20F6CF1A09EEE4F40FE6F70B0F070213E4AE0B9599CF6348B0EAC781225457
7680915236 19791 25249 252372FB232AE6EAB321CD19CF195DFB8F795283D03709664F3C5434B91A6694
7691125024 59817 11322 7D00F85D878641D1232B732C82B8AFA5F2B925FF4B99FF39AACC70FD2293E9F4
7685246300 38805 29093 C03D7CA770F13569D93B30DDAE55605A9AF889BD97A3C5611062EAF9813C1C30
7682777481 22185 33739 B2B6DC5D53CA438BC827CEAB12DCA44B930895D862D30F74267AA0FCBC8D9882
7683708562 33592 48531 7C20F6CF1A09EEE4F40FE6F70B0F070213E4AE0B9599CF6348B0EAC781225457
7682529511 31853 22156 46F4AE9548F6052F185C1CFB97CDCE2B278391504954978928617EE7F2C99017
7690114658 1316 26654 7C20F6CF1A09EEE4F40FE6F70B0F070213E4AE0B9599CF6348B0EAC781225457
7684862605 64818 30746 7C20F6CF1A09EEE4F40FE6F70B0F070213E4AE0B9599CF6348B0EAC781225457
7683223826 49503 59232 0CBA5EB0C6F09DD66F4305F4EBFE2D43246A1236F8B3BABC52B8C02C4DC4FE47
7685935842 59957 55274 764BFBA39C01C9A5B0BFE0DA81CF28A128F59DE700BCB6462813CD79FCF48247
7683373511 25023 20530 7844690398193016D864AA9336764B132A0823EF590D02182DEBDBC5A9BDA21D
7684203011 61533 8410 AB6117B2172D62F1F449A57AC40366DFA1160832DB9115E23394031C79906965
7683325585 14563 40502 0EFF1CEC50E5772326100A476867105E76DA8927CC1F7ED6CFB8A2FF6214DF6A
7686217068 24619 34942 4A9B5F27C3A579BA68545B0AA24726736457610EEB96BFFD7EC02CA4448BA3FA
7689448730 28051 2888 339452A2268CAB584500FB0DB51C825FECC02A16193C9AE62BC5A16D72DDCF61
7681351176 10012 4572 7C20F6CF1A09EEE4F40FE6F70B0F070213E4AE0B9599CF6348B0EAC781225457
7691192792 42665 53675 FECE9937366C5A0A5CDAD03C1AC4297065F165813B6B3D2478251837DFED6ED8
7687666087 2139 14807 8D6564CBA00C526CC13A521DC560710D37390F8876B9D8B9388406812829BF95
7684734037 24815 53337 E39D99DF5D6BD4D53992604147E723781CCCEA643B52A592C89D390EFAE0762C
7684590874 39692 59083 7C20F6CF1A09EEE4F40FE6F70B0F070213E4AE0B9599CF6348B0EAC781225457
7690011093 19494 41835 7C20F6CF1A09EEE4F40FE6F70B0F070213E4AE0B9599CF6348B0EAC781225457
7690987861 46348 28449 7C20F6CF1A09EEE4F40FE6F70B0F070213E4AE0B9599CF6348B0EAC781225457
7689997878 41035 16020 CFF5BEB7FCD64297FBCF073F097E30B0248889CD29F461C93EED2FA76714B31D
7691900221 43061 25125 1560CDD64182D4CEDB6A894AD53536B739586B6D535A11EB735DB6E71AF6E98B
7687367064 35093 26279 9CCAD968E717A48B7997F6F69CED8AFD04F3297615204F3FD5F3D972B471CFF6
7688839689 16250 29708 7C20F6CF1A09EEE4F40FE6F70B0F070213E4AE0B9599CF6348B0EAC781225457
7691301887 44962 59647 7C20F6CF1A09EEE4F40FE6F70B0F070213E4AE0B9599CF6348B0EAC781225457
7682638530 29312 30504 7C20F6CF1A09EEE4F40FE6F70B0F070213E4AE0B9599CF6348B0EAC781225457

Total of 0 tasks calculated error.
