Total of 100 tasks calculated correctly, accuracy 100.00% 
7710457215 48882 26618 7C20F6CF1A09EEE4F40FE6F70B0F070213E4AE0B9599CF6348B0EAC781225457
7710305924 61178 4694 7C20F6CF1A09EEE4F40FE6F70B0F070213E4AE0B9599CF6348B0EAC781225457
7715664043 22679 48912 25EA4A85EA6789DDBF80DB21A59B1BAEF8FDC39E6C228ECA3F0D268F8263F1E8
7704551395 25827 39152 944CB0ED9B76BA4222E25303FE9042F972F92D8535552174AF21AE4FD06A0C90
7704494061 24216 35035 7C20F6CF1A09EEE4F40FE6F70B0F070213E4AE0B9599CF6348B0EAC781225457
7712040976 64183 21295 97405B2E1C6A651900F746979642CA43A691DC16846D70E4D2E14E2AE4417C5F
7711281331 49985 59400 64931FE7593B399852216E2EFD35ADAF9B274400E72523FA8389D3E383F3C565
7705232992 8301 57139 19DCCF0E6C1E6C003B5EE92B1844A3122366AE3579714DD69BC858F6FD0C8927
7715393226 58195 47897 3E70052BD03B97662442B407E5C364763A93FF0112B57913A98825F75A2AFA90
7714855870 62061 61676 1E399DA3E5B5B8A7391897DFE9F47D096600021C799014D0009E100BFB585506
7712675238 64290 4265 7C20F6CF1A09EEE4F40FE6F70B0F070213E4AE0B9599CF6348B0EAC781225457
7714264179 29591 556 A801E36124F6BF2F506F2665D547140F996C4850DCAA70DCB7B7C72C195F77BF
7715657594 52678 56920 7C20F6CF1A09EEE4F40FE6F70B0F070213E4AE0B9599CF6348B0EAC781225457
7711635271 49722 27605 7C20F6CF1A09EEE4F40FE6F70B0F070213E4AE0B9599CF6348B0EAC781225457
7705783122 19804 18407 7C20F6CF1A09EEE4F40FE6F70B0F070213E4AE0B9599CF6348B0EAC781225457
7711454955 61347 20277 60295A8ED44CDEB557219F274F651FCB67DAA2F1E607230BC27A22563C908B36
7710263983 37039 40187 B6C6CCC09BADDCEECCE7B44FE0CC3ACE29A8F5A46F09D78B8B163552F1E68FA0
7705012059 32385 21869 D742EDEBA00248DBCF06BE28CDAAF988A3B27C373A8D6D572908C1BCEDA6F8C3
7704813536 36800 22385 7C20F6CF1A09EEE4F40FE6F70B0F070213E4AE0B9599CF6348B0EAC781225457
7710753903 22104 12468 7C20F6CF1A09EEE4F40FE6F70B0F070213E4AE0B9599CF6348B0EAC781225457
7713014893 60852 8028 7C20F6CF1A09EEE4F40FE6F70B0F070213E4AE0B9599CF6348B0EAC781225457
7706399262 54144 18675 7C20F6CF1A09EEE4F40FE6F70B0F070213E4AE0B9599CF6348B0EAC781225457
7715303803 23344 9349 7C20F6CF1A09EEE4F40FE6F70B0F070213E4AE0B9599CF6348B0EAC781225457
7711367879 43627 41434 E75582B89C210653D59C243D5C4C8865AD64B7669D3756F1940A3852D94BA593
7707735529 1984 57665 7C20F6CF1A09EEE4F40FE6F70B0F070213E4AE0B9599CF6348B0EAC781225457
7708081050 10042 29353 7C20F6CF1A09EEE4F40FE6F70B0F070213E4AE0B9599CF6348B0EAC781225457
7712274245 31871 30501 A8FF333D576655B0E9096E1884F70F3F52246C1E0DEBB72F5935DDB8E919CC72
7713164479 30987 56999 D16394E5CAA4107DC109B6A0F52D991A93A6B1C69A074C93545B4265C862440B
7707459918 28090 63420 7C20F6CF1A09EEE4F40FE6F70B0F070213E4AE0B9599CF6348B0EAC781225457
7705338460 24536 45026 7C20F6CF1A09EEE4F40FE6F70B0F070213E4AE0B9599CF6348B0EAC781225457
7715784483 34526 48307 7C20F6CF1A09EEE4F40FE6F70B0F070213E4AE0B9599CF6348B0EAC781225457
7716212729 30816 5077 7C20F6CF1A09EEE4F40FE6F70B0F070213E4AE0B9599CF6348B0EAC781225457
7714923253 24819 57922 DB9DB7EB1750EEA08AA444E321DA59CAF1351E5C8294E0F01050DD1F5D19D21A
7705127743 53211 14889 2034784ED3C2A16D4C72377B163402B760E06403FFB0164592F818CE3F63EAF1
7707422775 57039 40475 FA8C749D50C273002F83EA60F773DE3F537732A155AB31FEB92E6DA9766CEA1B
7714886209 26750 30375 7C20F6CF1A09EEE4F40FE6F70B0F070213E4AE0B9599CF6348B0EAC781225457
7707900463 27914 28435 7C20F6CF1A09EEE4F40FE6F70B0F070213E4AE0B9599CF6348B0EAC781225457
7713070095 2810 44644 7C20F6CF1A09EEE4F40FE6F70B0F070213E4AE0B9599CF6348B0EAC781225457
7714737358 16129 46684 43083C8BA01868E3DF4B30C366242989F583A6F64F51E10850EBCB9C8584D1AA
7713840247 29367 34253 F04CBAA3F801BA54095D12B767526452B20D9CE49EB15A7C3FF0026BC5B1FEE9
7711979543 55378 4769 7C20F6CF1A09EEE4F40FE6F70B0F070213E4AE0B9599CF6348B0EAC781225457
7707069074 33603 17789 2D250673862EDD4A843318560603875D8E1F9CF242DB24D14F9F86045B087C44
7714020424 6196 50796 7C20F6CF1A09EEE4F40FE6F70B0F070213E4AE0B9599CF6348B0EAC781225457
7710760166 22905 17767 EB00AB68EFC5E04A9EC969705AE44AD5D2DE6A9DD2F198CC4930E207AA9398A7
7710227673 32758 3097 7C20F6CF1A09EEE4F40FE6F70B0F070213E4AE0B9599CF6348B0EAC781225457
7705065442 16535 35136 C7EF0E9855FBC53E3E93C05BC583E7F6A1657D419A9A1F917F67A9672F666275
7715035732 32797 3366 74AA36BECD1A6B7D2E8E612F3F717CC798DEA3E28BD53C1DC78366F0610120DD
7705417387 48479 44390 8A8C928B96338A432C8ACF63ADCF6A673DD9E6651C221AB4C6F05E40136ACDBA
7709982860 19159 21827 4E9367F15B2E2ADC2B9DEE269F143F0778268F1E5475B539F6FB557BB641869C
7706427884 23435 33821 22630FC8FA2C2ED65F5F010C4D8F60E78334178979ECB1DBCBB6876DC52873DD
7704947812 13041 22012 CB4A532B8A709508408E3A07EA42F30BAFD1D8AD0F5223ED6B08A629BC5FEC2B
7714845342 6063 53539 52C17B2DBF390FFCBF5A8518E9E892260CA5043E7543E493CAB2D69809A60EDC
7710114269 13154 48155 7C20F6CF1A09EEE4F40FE6F70B0F070213E4AE0B9599CF6348B0EAC781225457
7707673236 65241 43176 0EE1B13E70BD4C5BD85BA525A4B9DFED1CC8884A8CF124598527F536EE741FBE
7710808897 53628 5635 7C20F6CF1A09EEE4F40FE6F70B0F070213E4AE0B9599CF6348B0EAC781225457
7708698874 4412 29997 7C20F6CF1A09EEE4F40FE6F70B0F070213E4AE0B9599CF6348B0EAC781225457
7706108901 26844 31848 7C20F6CF1A09EEE4F40FE6F70B0F070213E4AE0B9599CF6348B0EAC781225457
7711616321 17488 31441 7C20F6CF1A09EEE4F40FE6F70B0F070213E4AE0B9599CF6348B0EAC781225457
7704494559 41941 26578 2415F259842214B015D92C6DA2F6F707809F6C655A8ED32A07D9725786ED6B7E
7710850258 16156 42065 7C20F6CF1A09EEE4F40FE6F70B0F070213E4AE0B9599CF6348B0EAC781225457
7715010341 49326 48416 7C20F6CF1A09EEE4F40FE6F70B0F070213E4AE0B9599CF6348B0EAC781225457
7704638923 65076 5951 7C20F6CF1A09EEE4F40FE6F70B0F070213E4AE0B9599CF6348B0EAC781225457
7712842502 63878 26189 7C20F6CF1A09EEE4F40FE6F70B0F070213E4AE0B9599CF6348B0EAC781225457
7708794776 44748 14170 7C20F6CF1A09EEE4F40FE6F70B0F070213E4AE0B9599CF6348B0EAC781225457
7709641086 24359 54396 B2FA42747062A9C6D0C84414E21F6AC6FF3B8A79AFEA157E21A3546399ABF76A
7708885481 59931 30014 E8E981201C31C582C2E8AC9F8BD16A16043204063DF015F43E4A1B5FF714D591
7711634780 30877 1862 3929F58441CDC75AB9B48DBD2148491B35335682483B4E93DC084082EDC5C95C
7709658793 30416 48012 7C20F6CF1A09EEE4F40FE6F70B0F070213E4AE0B9599CF6348B0EAC781225457
7706291902 48772 9640 7C20F6CF1A09EEE4F40FE6F70B0F070213E4AE0B9599CF6348B0EAC781225457
7709856221 37427 36467 0B87BB1A8913F11AD2C10F02AF1C4381A68AAD9D92853EF83B5D73935461775E
7713213975 16854 55302 7C20F6CF1A09EEE4F40FE6F70B0F070213E4AE0B9599CF6348B0EAC781225457
7710089285 27183 60956 9BD41BB109840859D5D4E086580419FF31E33F2BE8C14EF4B44AF4BB33D3E023
7705101624 65451 54825 67B5577D007D95B725391EED8E7F563103847DC75DC859FC9807B258605E5A19
7709762513 64757 62839 E284B12DD34A249D28AE940091952F50B71A25F00903CB5188D4D765E117C732
7715184966 51211 42728 0DF4AB38A9937E30ACA8F5D188691331DE1009213119CD79A3C8B7CEE693D505
7713029203 53562 21944 7C20F6CF1A09EEE4F40FE6F70B0F070213E4AE0B9599CF6348B0EAC781225457
7709124999 8474 60549 7C20F6CF1A09EEE4F40FE6F70B0F070213E4AE0B9599CF6348B0EAC781225457
7708432328 3273 11349 C58ECDF02795FE3AC9086920D5F239D119CCB035E96F14E03C795C0943ED7DEA
7714087749 64435 35361 0158F519DA767F04E6819D880872AE4BF7FA8C6F54665F20601FBCE16207982C
7716208965 30958 51472 7C20F6CF1A09EEE4F40FE6F70B0F070213E4AE0B9599CF6348B0EAC781225457
7710885783 26110 38478 7C20F6CF1A09EEE4F40FE6F70B0F070213E4AE0B9599CF6348B0EAC781225457
7707252206 24989 10466 DD1D3684DCB53DAB910F301252F541CA7914E660C7495B68A545508A6E33E492
7706025299 43698 18055 7C20F6CF1A09EEE4F40FE6F70B0F070213E4AE0B9599CF6348B0EAC781225457
7706768004 63760 24216 7C20F6CF1A09EEE4F40FE6F70B0F070213E4AE0B9599CF6348B0EAC781225457
7713986792 26616 2969 7C20F6CF1A09EEE4F40FE6F70B0F070213E4AE0B9599CF6348B0EAC781225457
7708276984 35614 30495 7C20F6CF1A09EEE4F40FE6F70B0F070213E4AE0B9599CF6348B0EAC781225457
7711698923 10355 42808 E6972A1937EFD3FE9AD57CDB431DFB1DF91096076BA2D04B40B1D38971E558E9
7711303753 56295 41112 208B10910443DF69A4822EECC991A3ED739EA0321CA4310BD9503E8A95EE00AA
7706551634 48969 39675 B738A5202D29E93F3E22B39C25676C3A2C3CDA34F24262CD7EE56B19E3631CDA
7711341762 23799 37278 D3AE5A0883CB3C4DF175DC56F02BBBAB8FB3E9CCC028CE63B33A2B1434242609
7709593837 31317 43685 0021A313AE395344C59EEDCC3B01E2C5BD554DCDC4DAD894C567CD8F7B4D0669
7710239721 28890 43089 7C20F6CF1A09EEE4F40FE6F70B0F070213E4AE0B9599CF6348B0EAC781225457
7709324301 16368 50538 7C20F6CF1A09EEE4F40FE6F70B0F070213E4AE0B9599CF6348B0EAC781225457
7711367332 9824 52371 7C20F6CF1A09EEE4F40FE6F70B0F070213E4AE0B9599CF6348B0EAC781225457
7712249205 24823 53119 DF932E7D9F72FB366E9C74A3689FB9CE4CF49D6EC0044D97B2593CAA5AA3CA82
7708590258 22218 33793 7C20F6CF1A09EEE4F40FE6F70B0F070213E4AE0B9599CF6348B0EAC781225457
7713632590 33742 50103 7C20F6CF1A09EEE4F40FE6F70B0F070213E4AE0B9599CF6348B0EAC781225457
7711482667 37148 65261 7C20F6CF1A09EEE4F40FE6F70B0F070213E4AE0B9599CF6348B0EAC781225457
7708074874 1722 31972 7C20F6CF1A09EEE4F40FE6F70B0F070213E4AE0B9599CF6348B0EAC781225457
7712970427 46776 41895 7C20F6CF1A09EEE4F40FE6F70B0F070213E4AE0B9599CF6348B0EAC781225457

Total of 0 tasks calculated error.
