Total of 100 tasks calculated correctly, accuracy 100.00% 
7719255343 52239 25759 349A41B53420D1C7FE961CE4C195442E06475EB2F5D6E26C81E76A2B5C229BE4
7717234726 37622 21552 7C20F6CF1A09EEE4F40FE6F70B0F070213E4AE0B9599CF6348B0EAC781225457
7725026003 34204 2322 7C20F6CF1A09EEE4F40FE6F70B0F070213E4AE0B9599CF6348B0EAC781225457
7717566891 46052 15859 7C20F6CF1A09EEE4F40FE6F70B0F070213E4AE0B9599CF6348B0EAC781225457
7720451203 5567 20171 CD65F39FFC906CC8050DBB931550036036A3A5D0457B6D5166F4EA85FE4F22ED
7722080851 43220 705 7C20F6CF1A09EEE4F40FE6F70B0F070213E4AE0B9599CF6348B0EAC781225457
7722776685 23172 31904 7C20F6CF1A09EEE4F40FE6F70B0F070213E4AE0B9599CF6348B0EAC781225457
7726490466 49168 63947 7C20F6CF1A09EEE4F40FE6F70B0F070213E4AE0B9599CF6348B0EAC781225457
7721222559 8597 9428 BF5B682DBD665301157AAAB4B749EB383E6E5D2C91D8CA88459F6884D86E6343
7721965756 3343 59155 55DA3B829760F90EFAD4CB16AE59E5B5B97831CD1A3B49DCA7FD6A8C75C1EE59
7719298584 51723 40476 576DBA9347D76A804A1A59AEEC7D3F5A60A48BFC9DD93F16D15147A21E06DB48
7717393148 37087 13271 C35680D9C05A8B7D87CDC4A91DBDF5611A1CDE52C095AC558B423340F9D0B888
7718006393 13507 52724 1CECB3AC30B1CEFEC13A8C2890758AA22BF03DBC683F81C372BCFA4B24D6B657
7728225041 24436 5712 7C20F6CF1A09EEE4F40FE6F70B0F070213E4AE0B9599CF6348B0EAC781225457
7719130947 1261 59797 CC921B0CBDB9CB032E10DE7DD861C8CE86F42411C5D6205809931E9CE15CA84E
7726756665 24229 9745 3687B9A2D666515FAB5BE88FF23548A881256F71A7269B0857F041AC91BE91CE
7718477221 39773 11177 BFF85E2D809C8B2F6693FC3788FA57D7CBAE1666A3F9ACB15FB80DB890122515
7721623731 16081 24247 2120AD23F2E8DF8E1B4F2C8E799332F79E762F2B140919FFC4D4F9146A1786EF
7728379333 34200 2245 7C20F6CF1A09EEE4F40FE6F70B0F070213E4AE0B9599CF6348B0EAC781225457
7722754798 31420 11770 7C20F6CF1A09EEE4F40FE6F70B0F070213E4AE0B9599CF6348B0EAC781225457
7725486847 46993 12420 E27FFDE51E0441ECF85E92EA949FAA54A40A2BF037C7BEDD859349BED292B6D8
7723007261 35225 3325 ACC6FC5EDE9B57A4E3D961A767F6E8D40F5CD57CD3E831B8E2A837C96942396B
7722828879 22321 964 2E85427C21ABE4436144B8DF74254C93735B2527E4D1EB0EA01427E418DF8E87
7721893362 264 44603 7C20F6CF1A09EEE4F40FE6F70B0F070213E4AE0B9599CF6348B0EAC781225457
7720499909 39822 54995 7C20F6CF1A09EEE4F40FE6F70B0F070213E4AE0B9599CF6348B0EAC781225457
7723814594 47906 14483 7C20F6CF1A09EEE4F40FE6F70B0F070213E4AE0B9599CF6348B0EAC781225457
7718018523 3414 60744 7C20F6CF1A09EEE4F40FE6F70B0F070213E4AE0B9599CF6348B0EAC781225457
7716732052 38609 10624 0708ACDC6B75F946BE9F41273F53ABED280E2ADD74FC76099609E00E1774932E
7718452841 47297 42120 70DB505751EEB77D349C5AA45FD36D59F3D8E01AEAD21E33D756788D0C21C759
7718648725 43818 55377 7C20F6CF1A09EEE4F40FE6F70B0F070213E4AE0B9599CF6348B0EAC781225457
7719703923 50005 56813 E524BA091AD547FD8CF3E44EE0FE006386883B0A1293A7AB436BD7F0F432EBBF
7722529276 63379 2550 A425F21F0F0C684AB247FD4C6E19C5BC99B7F43D6DA04822498F94441BC5E475
7728321058 35672 724 7C20F6CF1A09EEE4F40FE6F70B0F070213E4AE0B9599CF6348B0EAC781225457
7721250476 48397 8801 199254CBB649D8D99D03521E119F21E4BD605C02A95ADEC1046774839BE28FA5
7726708172 46319 13349 607795EF64B17546059CB55BBDEE7E24054364FA8E5641B05A2312B21CBDCB0E
7717507052 2020 56602 7C20F6CF1A09EEE4F40FE6F70B0F070213E4AE0B9599CF6348B0EAC781225457
7720329269 65292 8637 7C20F6CF1A09EEE4F40FE6F70B0F070213E4AE0B9599CF6348B0EAC781225457
7716638358 30882 11834 7C20F6CF1A09EEE4F40FE6F70B0F070213E4AE0B9599CF6348B0EAC781225457
7726819141 779 33043 81D6A4B2B20F01F61D33001B1ACD81866E36BAC38CE56D086EA238E7B134D29A
7727047661 36757 24497 F1030A9FA7269C22169CC47265558D74E871FFEE32B794C2A3D8BC681CC96DF7
7726419018 64036 17968 7C20F6CF1A09EEE4F40FE6F70B0F070213E4AE0B9599CF6348B0EAC781225457
7718460992 54583 62071 32416C4C0037E187B0C885F5C4377CF3DAE7FDD4CF00AB248A47F5BCFAFF4736
7723047400 45048 41207 7C20F6CF1A09EEE4F40FE6F70B0F070213E4AE0B9599CF6348B0EAC781225457
7721035532 39823 63519 A9A7920F082C5B82D8684C2B91392FFBE152C6DD59D7817C39EFB642377584CD
7719009560 48170 39064 7C20F6CF1A09EEE4F40FE6F70B0F070213E4AE0B9599CF6348B0EAC781225457
7722559215 9823 33294 5EEFDE623AB643442B870C9151DAAB236E98C390EFBA9EDDE03AA49A5FDA035F
7727810526 47351 40712 A076BA4820B41B7FB6389EC5D966034165FAE094193734D00DECB72206B5918B
7727911586 36312 36611 7C20F6CF1A09EEE4F40FE6F70B0F070213E4AE0B9599CF6348B0EAC781225457
7722361563 65252 32156 7C20F6CF1A09EEE4F40FE6F70B0F070213E4AE0B9599CF6348B0EAC781225457
7720287677 25214 58867 7C20F6CF1A09EEE4F40FE6F70B0F070213E4AE0B9599CF6348B0EAC781225457
7718089905 24424 43552 7C20F6CF1A09EEE4F40FE6F70B0F070213E4AE0B9599CF6348B0EAC781225457
7721284728 30860 63651 7C20F6CF1A09EEE4F40FE6F70B0F070213E4AE0B9599CF6348B0EAC781225457
7717704649 26539 44147 CC29647A324A3BE38D7C3A21853403AE5141D5F4F5B0706E14CC6D0F776470CA
7726558416 55584 3700 7C20F6CF1A09EEE4F40FE6F70B0F070213E4AE0B9599CF6348B0EAC781225457
7724245134 58693 41688 6FBDDE5A4C304A086012D4C228F731931194DC4B16D5BAED6CF29EBCFE358F8B
7726356241 56454 60734 7C20F6CF1A09EEE4F40FE6F70B0F070213E4AE0B9599CF6348B0EAC781225457
7728212608 50675 4124 7BE3A436E0CCD0F1E16C9BDE9DF960D44703569F322F9F705417F5CC7B8B6BCB
7716753058 52212 55845 7C20F6CF1A09EEE4F40FE6F70B0F070213E4AE0B9599CF6348B0EAC781225457
7726328174 30991 49204 38DA1D89A5D7437B9E9A04D0B7256FF51C759BDA0723DDC78780F7A0EB20D4D7
7725302252 34308 28593 7C20F6CF1A09EEE4F40FE6F70B0F070213E4AE0B9599CF6348B0EAC781225457
7728308177 29847 63008 8F94EBC2CF46824A2B625F29ECECC0121BDE2198EB75C05154CE9DA699B68CE9
7727057391 61504 36966 7C20F6CF1A09EEE4F40FE6F70B0F070213E4AE0B9599CF6348B0EAC781225457
7726899616 51487 46625 6DC6EB77F8EDA354C884CB19067B7607F52F366C38502148B699C0F90161913E
7724944554 52174 59114 7C20F6CF1A09EEE4F40FE6F70B0F070213E4AE0B9599CF6348B0EAC781225457
7719107693 26549 26590 90D85BEC3FB2D712254606F8DDA2F349B5F56913C37938066E1D7221ABAF9049
7724196215 54178 60662 7C20F6CF1A09EEE4F40FE6F70B0F070213E4AE0B9599CF6348B0EAC781225457
7724882037 670 29126 7C20F6CF1A09EEE4F40FE6F70B0F070213E4AE0B9599CF6348B0EAC781225457
7721709939 36398 61557 7C20F6CF1A09EEE4F40FE6F70B0F070213E4AE0B9599CF6348B0EAC781225457
7724525353 19954 370 7C20F6CF1A09EEE4F40FE6F70B0F070213E4AE0B9599CF6348B0EAC781225457
7723172985 23943 46503 BE24E3A45BC166317B5C978098BC733FA3F0C2EA5702F7364AFFB3531AA52FD1
7718916993 42114 48285 7C20F6CF1A09EEE4F40FE6F70B0F070213E4AE0B9599CF6348B0EAC781225457
7720819373 916 35482 7C20F6CF1A09EEE4F40FE6F70B0F070213E4AE0B9599CF6348B0EAC781225457
7723986976 47719 49111 8D1AEA410BAE88D450740694FC4456C66296010BE06C0213F35D6FAF8241DA0C
7721603968 63726 25302 7C20F6CF1A09EEE4F40FE6F70B0F070213E4AE0B9599CF6348B0EAC781225457
7717307485 27506 29652 7C20F6CF1A09EEE4F40FE6F70B0F070213E4AE0B9599CF6348B0EAC781225457
7720985788 51262 10635 7C20F6CF1A09EEE4F40FE6F70B0F070213E4AE0B9599CF6348B0EAC781225457
7726349469 55888 39987 7C20F6CF1A09EEE4F40FE6F70B0F070213E4AE0B9599CF6348B0EAC781225457
7723916711 41413 26943 F12C5D889EC30AD5CE2009FAD2E5514D7A666114AAE39EC832C4C2B41D227A1E
7722526554 51464 13810 7C20F6CF1A09EEE4F40FE6F70B0F070213E4AE0B9599CF6348B0EAC781225457
7726671709 50217 61500 E29CF8B038EA210B4CA1CA877A80908C8CE166501A85120E84CDD3A08EF3B99F
7719298177 15066 9874 7C20F6CF1A09EEE4F40FE6F70B0F070213E4AE0B9599CF6348B0EAC781225457
7722518931 40458 12683 7C20F6CF1A09EEE4F40FE6F70B0F070213E4AE0B9599CF6348B0EAC781225457
7722141260 42909 5038 4D471653CFB39D4E37CA4DB8601D7CD3D45BA52688FB2B26EAAC509AB3B6F90C
7721938202 38491 26528 DD96B4FFF6179DB9B23C3B3188E9835B99EEC18F88248867223BE8618E710B68
7717832073 14650 17440 7C20F6CF1A09EEE4F40FE6F70B0F070213E4AE0B9599CF6348B0EAC781225457
7717695266 65334 36198 7C20F6CF1A09EEE4F40FE6F70B0F070213E4AE0B9599CF6348B0EAC781225457
7724503810 45654 22278 7C20F6CF1A09EEE4F40FE6F70B0F070213E4AE0B9599CF6348B0EAC781225457
7719308345 12760 6001 7C20F6CF1A09EEE4F40FE6F70B0F070213E4AE0B9599CF6348B0EAC781225457
7726316993 21917 29596 5CA8270A50A46AC4E22734081A03153330DB6153782F18AC54AAAF2D484162E5
7716847567 57602 13064 7C20F6CF1A09EEE4F40FE6F70B0F070213E4AE0B9599CF6348B0EAC781225457
7724294161 25338 50256 7C20F6CF1A09EEE4F40FE6F70B0F070213E4AE0B9599CF6348B0EAC781225457
7726792345 64905 26455 9BC2FD49545E4ABD4D5EEE77140070BD65D308B036EFE6DFE7CB5EB9176C00BA
7727628613 15133 59224 5F7E60AD7821E71C8469D7A137B814C76BC2B65C126436F040D7C29AA34FD11E
7721565850 58880 24648 7C20F6CF1A09EEE4F40FE6F70B0F070213E4AE0B9599CF6348B0EAC781225457
7723562267 16284 55737 7C20F6CF1A09EEE4F40FE6F70B0F070213E4AE0B9599CF6348B0EAC781225457
7721315884 3663 47925 78D72A8A84BD20FF7CCC3F0360CBB745597CC900B7E99CBF36E84820D1F2DF35
7722970094 19764 22890 7C20F6CF1A09EEE4F40FE6F70B0F070213E4AE0B9599CF6348B0EAC781225457
7717946661 46827 8774 D96EAF5C2D8ABA535081F9F8BF358C1F5E53E87C58EBB234D875DFF9DB8D6F33
7726840165 34207 59993 B64A8F0687A8D294F2D1BFAC39D795558DBDB47DD78C278C31CB07496D4A5255
7722588989 65304 61236 7C20F6CF1A09EEE4F40FE6F70B0F070213E4AE0B9599CF6348B0EAC781225457

Total of 0 tasks calculated error.
