Total of 100 tasks calculated correctly, accuracy 100.00% 
7794039585 1544 53932 7C20F6CF1A09EEE4F40FE6F70B0F070213E4AE0B9599CF6348B0EAC781225457
7795643083 10205 25080 00467386C2E61D585B871491DFBA7716DACF5587C3ED2ED1D85703B148BCC568
7789751479 62142 1452 7C20F6CF1A09EEE4F40FE6F70B0F070213E4AE0B9599CF6348B0EAC781225457
7793121152 42918 30257 7C20F6CF1A09EEE4F40FE6F70B0F070213E4AE0B9599CF6348B0EAC781225457
7793637394 19219 17386 09917C46B3C11019DFB47A5C3C07F0FCB1D970F6C0341A109E95B6BEE9F7C56C
7794543084 52502 29931 7C20F6CF1A09EEE4F40FE6F70B0F070213E4AE0B9599CF6348B0EAC781225457
7790186620 33089 49355 9B4FC21CAAD02EAEE93A45351E8CA1B7B21985C25F6B542000325412D18D1541
7796335115 19947 39440 1EFC22C286DEA6426C9E3FFD87A664C4C42CB11854EA1CA4F4187683E2DD4613
7796726829 9184 22039 7C20F6CF1A09EEE4F40FE6F70B0F070213E4AE0B9599CF6348B0EAC781225457
7788565705 4767 34192 4C04C59B4F87D6056296E556EF78B8846E73B5500E184784CB54D2AB034BB238
7795623341 63382 59914 7C20F6CF1A09EEE4F40FE6F70B0F070213E4AE0B9599CF6348B0EAC781225457
7789248218 51732 19658 7C20F6CF1A09EEE4F40FE6F70B0F070213E4AE0B9599CF6348B0EAC781225457
7800228261 2746 2334 7C20F6CF1A09EEE4F40FE6F70B0F070213E4AE0B9599CF6348B0EAC781225457
7796765211 304 64175 7C20F6CF1A09EEE4F40FE6F70B0F070213E4AE0B9599CF6348B0EAC781225457
7797717090 17036 19699 7C20F6CF1A09EEE4F40FE6F70B0F070213E4AE0B9599CF6348B0EAC781225457
7794236942 50682 45623 7C20F6CF1A09EEE4F40FE6F70B0F070213E4AE0B9599CF6348B0EAC781225457
7795017200 53833 4272 8BC81884FE610B82607616C3C567655D51B9E3C43B6C8F1177F82AC10CDB8A5E
7791885131 45123 52101 B77291102429A2D9A1F1DEB2EA1461C983259B1FB3D489C333416789CB29E16F
7797415235 52356 48730 7C20F6CF1A09EEE4F40FE6F70B0F070213E4AE0B9599CF6348B0EAC781225457
7790795132 41826 25115 7C20F6CF1A09EEE4F40FE6F70B0F070213E4AE0B9599CF6348B0EAC781225457
7799800366 38469 64531 B3C35D18E5937EF4B1C348BB44D04B5D3227F997CD474AB35459235E40A7C039
7796602523 44528 44414 7C20F6CF1A09EEE4F40FE6F70B0F070213E4AE0B9599CF6348B0EAC781225457
7796434441 60019 31175 DB5942049E4AE9DDABBCF1F902C25283BC5F4F171981E526A90D603CEBCEEB47
7788771556 33940 63891 7C20F6CF1A09EEE4F40FE6F70B0F070213E4AE0B9599CF6348B0EAC781225457
7792646355 17979 6768 E76B570BC1E74990D4E25CB9DD9F0E0BCF5B6EEC4796E830E66DEE5B3EC1B06B
7796040095 38510 1088 7C20F6CF1A09EEE4F40FE6F70B0F070213E4AE0B9599CF6348B0EAC781225457
7798409683 8856 3941 7C20F6CF1A09EEE4F40FE6F70B0F070213E4AE0B9599CF6348B0EAC781225457
7800321395 51510 31746 7C20F6CF1A09EEE4F40FE6F70B0F070213E4AE0B9599CF6348B0EAC781225457
7796978425 53316 1992 7C20F6CF1A09EEE4F40FE6F70B0F070213E4AE0B9599CF6348B0EAC781225457
7798557016 47854 38863 7C20F6CF1A09EEE4F40FE6F70B0F070213E4AE0B9599CF6348B0EAC781225457
7792862152 3121 2450 9277899512E87053011050FD0CDF35B67424304C82D9F6DA2FCF0BCC0D52E8AE
7791421504 6217 23510 263855A505F2CA8C46C01CEA1A695B46DC8BBB2C5A7818C01A6303C481E547E9
7790744697 47097 52065 BF5480DDF923BAA355F63EDA6D8822A204C0A19EFAAD1EF0F542E450437FA24B
7795843026 13642 39876 7C20F6CF1A09EEE4F40FE6F70B0F070213E4AE0B9599CF6348B0EAC781225457
7797676156 53315 9365 1280D916AA856D229DA203B09E8C2703A6EE9BE8148C51FC32441777CA1C3810
7795922981 556 46744 7C20F6CF1A09EEE4F40FE6F70B0F070213E4AE0B9599CF6348B0EAC781225457
7795205555 391 3756 536853234570D8A5E38B482553B06D87355BD8293758CBD73365190EA9160523
7796689239 62360 16926 7C20F6CF1A09EEE4F40FE6F70B0F070213E4AE0B9599CF6348B0EAC781225457
7798443189 56131 6311 C1D6086C2C6A18680551F38B2160E750932871C5474115B470C5FFA82E47E57B
7791727720 27309 22926 651077A659BC4481ABD13CF6EE903C6DEFD4034D97A14ADF64E3B76E7709ABD0
7788562056 46792 21859 7C20F6CF1A09EEE4F40FE6F70B0F070213E4AE0B9599CF6348B0EAC781225457
7791669564 64219 3089 21DA6EB7001636783D12242052AB0C20BE104BDA26FE1FDFA6CD0A342F7F89BD
7794969993 42019 43194 F1C25C1D10D9ECFCD931353B5FEE522827BE744FF38E6186E26F47BF4D17F8B4
7798169715 39817 23409 BFB3CB5DDC1B147782B84D081B8A8718C67B32EBFB002D0BD8C47BBA27EA82A8
7789313569 23276 11664 7C20F6CF1A09EEE4F40FE6F70B0F070213E4AE0B9599CF6348B0EAC781225457
7796241660 60000 3849 7C20F6CF1A09EEE4F40FE6F70B0F070213E4AE0B9599CF6348B0EAC781225457
7797803779 31573 53282 DC3501C8CDB958617647D1C5414C67D7E50935DF6FD01B06662892ABC3CD7D4F
7799639668 51997 51791 2D9AE10F76613C8B6EA7CD4D80E9F358A48792F3718B38449604560D0D1CC5F0
7794157201 17934 56253 7C20F6CF1A09EEE4F40FE6F70B0F070213E4AE0B9599CF6348B0EAC781225457
7798794416 60124 62532 7C20F6CF1A09EEE4F40FE6F70B0F070213E4AE0B9599CF6348B0EAC781225457
7793031161 32234 54173 7C20F6CF1A09EEE4F40FE6F70B0F070213E4AE0B9599CF6348B0EAC781225457
7790839086 16582 52330 7C20F6CF1A09EEE4F40FE6F70B0F070213E4AE0B9599CF6348B0EAC781225457
7789575306 36876 34475 7C20F6CF1A09EEE4F40FE6F70B0F070213E4AE0B9599CF6348B0EAC781225457
7795491774 47753 31291 296F2A1F6318DBF029CD45B074FA39DBB5F0175B59D96A60BC759E75AAEF99F0
7800145035 60329 8655 57E04EF60098FAB2D4B86061DDFFD0FAB90F4ED313FC5820AD4B2062D405ADF9
7788685577 10508 33481 7C20F6CF1A09EEE4F40FE6F70B0F070213E4AE0B9599CF6348B0EAC781225457
7789635406 50399 25220 874E5FA6A0DCE811749AF859BC5C9A8695462C5A777447F9A48E4F1CAA8EC3F0
7789248910 7526 29934 7C20F6CF1A09EEE4F40FE6F70B0F070213E4AE0B9599CF6348B0EAC781225457
7799171069 10613 37201 178462B9825DDACDEF2A63A78C81B79C7975AD4A4B041142A423F6C1B3A81DD6
7797495941 35713 9053 7136C45D496FEF0BDA1510B4B5FDFE6CFAA4565D6043FB7A5FC6461C3BE58B51
7795357167 49330 20032 7C20F6CF1A09EEE4F40FE6F70B0F070213E4AE0B9599CF6348B0EAC781225457
7792725310 19761 24011 53811ED888A12940EDBDA3BD7DA1B65246F095A9100A02E9829B0BE7199A2E36
7795179973 56530 41590 7C20F6CF1A09EEE4F40FE6F70B0F070213E4AE0B9599CF6348B0EAC781225457
7790097991 5129 61522 69176D76737199D833266631851E0859599AAF48278D0E170B2F150830532A8E
7795446340 53186 29759 7C20F6CF1A09EEE4F40FE6F70B0F070213E4AE0B9599CF6348B0EAC781225457
7798206907 20899 46558 50CA1C70404CF5705C96EE9E43E8172B22D1374E45369F7E54668144CB8D73B2
7789390638 48803 36838 59BEC1E8D31494A67BD76A4E67B52086BA982B58A09530BD17C4884BD5D834E4
7795293999 13778 14411 7C20F6CF1A09EEE4F40FE6F70B0F070213E4AE0B9599CF6348B0EAC781225457
7795528000 5357 46150 5DCE9DE5AA7E7440EFBB8B09FCFB1C35B4017428BCA5AF433BE9F41E172C7117
7794898043 6341 15129 15D0ECFB721AAA2085993393BF3F49CD2217745521D92037A16702EB6944D13A
7798346071 47346 57324 7C20F6CF1A09EEE4F40FE6F70B0F070213E4AE0B9599CF6348B0EAC781225457
7800016889 48341 63365 3A033F82EED1ED06CFA9A25F8D29BB52E37FAA958A347ED3540F78449F2BFB30
7793293072 36788 45513 7C20F6CF1A09EEE4F40FE6F70B0F070213E4AE0B9599CF6348B0EAC781225457
7790697950 51138 37975 7C20F6CF1A09EEE4F40FE6F70B0F070213E4AE0B9599CF6348B0EAC781225457
7795944793 27609 26692 F7E304C30EDB92DFC2811FC0E6BB677C2CCAD8CEAE8351C4E9825262B982C4FE
7793017792 47089 4348 962189FA281F1729ADE53AAE9FC34200B56C40DC09E9911D9A780A548C74EAE6
7789405545 33205 32321 D3A3CC0B399B3BDE2F86C3CD02D5537D660D411C4E7F88CAE29F7D676BED0DC5
7790429670 24004 19993 7C20F6CF1A09EEE4F40FE6F70B0F070213E4AE0B9599CF6348B0EAC781225457
7797313668 23406 39456 7C20F6CF1A09EEE4F40FE6F70B0F070213E4AE0B9599CF6348B0EAC781225457
7790329865 39980 24339 7C20F6CF1A09EEE4F40FE6F70B0F070213E4AE0B9599CF6348B0EAC781225457
7795583352 1403 14083 18D32A5DC33DC5FB200F67DF7E9FD81B45D629DE3740E769FC6AD3E1005D6FBB
7800086954 32411 31727 44DB94E77130DD3BF3A0D1E149C3BB78523DCD581C0C4514AC40602DFF708AE4
7795625672 13101 7150 8CFDCAC908C280DC06363243C427F6F218FC47EF7EA2FA03AE74257B12086B04
7796671959 14490 42052 7C20F6CF1A09EEE4F40FE6F70B0F070213E4AE0B9599CF6348B0EAC781225457
7788794700 65454 38019 7C20F6CF1A09EEE4F40FE6F70B0F070213E4AE0B9599CF6348B0EAC781225457
7798358961 39269 50281 E5145E67BEA22EC9543B9315ECD0D4D377004DB95A19A7FF9B59C5E775AD45F1
7794965269 9919 40251 3EC4A5E9A8B082C9C5FD24BAC9D64661D8AE4842D58400292E1D0C0D409F31C9
7798001591 9692 55734 7C20F6CF1A09EEE4F40FE6F70B0F070213E4AE0B9599CF6348B0EAC781225457
7800106322 51515 33773 10371222647E6150D76AA7612724AF3FF7FE9680BA6826C946A193703760E8BD
7797610095 5536 59528 7C20F6CF1A09EEE4F40FE6F70B0F070213E4AE0B9599CF6348B0EAC781225457
7794346601 6337 35621 08E6B256F63F2AE0C5EBE94191CB9A2883E0A110AFFA0A5A8061E8FD8F8B05C7
7790151929 59815 46666 9F71CF9E9EAC49A06125DBBAF1444AE380FED906E83F29B363EDFEB05DADED25
7789421262 2344 22844 7C20F6CF1A09EEE4F40FE6F70B0F070213E4AE0B9599CF6348B0EAC781225457
7797465498 52465 46283 648CF8519A4C0A0DF40EBED84FA324B01E325D3DF45842F7E48B61C0167D87FE
7799080662 20432 53456 7C20F6CF1A09EEE4F40FE6F70B0F070213E4AE0B9599CF6348B0EAC781225457
7794068086 12241 21353 627D5A91C748375431EEA29E1CEE1CECABE77B44C3BEBD3FBF871A1BD986A052
7793348696 4629 11912 186899FC3AF49F74DD1CFB3A0D3B482D88FCFFC8D9AE1DAE626BCD8FB91FE349
7793397319 31742 25001 7C20F6CF1A09EEE4F40FE6F70B0F070213E4AE0B9599CF6348B0EAC781225457
7792564838 35437 55685 6DD11FE649C827610B6BDFB1B2FAE5C30C3D12BF02385B44289773224AE1EB97
7794638431 722 56040 7C20F6CF1A09EEE4F40FE6F70B0F070213E4AE0B9599CF6348B0EAC781225457

Total of 0 tasks calculated error.
