Total of 100 tasks calculated correctly, accuracy 100.00% 
7803661469 62519 12199 D2D5D3EF657B765973178D45AE0052A640AF53C462D511A89E81B942B6C9F178
7805842079 39782 62605 7C20F6CF1A09EEE4F40FE6F70B0F070213E4AE0B9599CF6348B0EAC781225457
7801766688 43491 49431 2A0A8F01369DB628B74C0877F37C7D10C48E724F0B3A2113FA7FE695F4793B7F
7810711874 26914 37585 7C20F6CF1A09EEE4F40FE6F70B0F070213E4AE0B9599CF6348B0EAC781225457
7810680465 54468 60799 7C20F6CF1A09EEE4F40FE6F70B0F070213E4AE0B9599CF6348B0EAC781225457
7807441554 39754 35874 7C20F6CF1A09EEE4F40FE6F70B0F070213E4AE0B9599CF6348B0EAC781225457
7804464814 5511 24557 C78F3594336F5AD3909DA8DB25E12A96A748010CC1849AEC2DCEAAAC41FFACA2
7801769731 50424 41201 7C20F6CF1A09EEE4F40FE6F70B0F070213E4AE0B9599CF6348B0EAC781225457
7806114372 8185 27999 2E043F210969029FBD59D453939005A9A0C5B49BECC711C7F4FC65121C2B5173
7808531327 39489 51618 589CC2F3404AEC1BE5BA4546777679C1E80A1A42E44416CA028926BBF0C86CE1
7801573698 63902 24876 7C20F6CF1A09EEE4F40FE6F70B0F070213E4AE0B9599CF6348B0EAC781225457
7809259409 48352 46239 7C20F6CF1A09EEE4F40FE6F70B0F070213E4AE0B9599CF6348B0EAC781225457
7806088503 29538 50657 7C20F6CF1A09EEE4F40FE6F70B0F070213E4AE0B9599CF6348B0EAC781225457
7805359902 19318 13847 7C20F6CF1A09EEE4F40FE6F70B0F070213E4AE0B9599CF6348B0EAC781225457
7810973064 35144 13845 7C20F6CF1A09EEE4F40FE6F70B0F070213E4AE0B9599CF6348B0EAC781225457
7803206858 38881 63886 EFAEAB6C3FD377F7FD69D8592D3B223E13DAF104B70A5194ABE9F3407FC0F7B8
7801820804 7878 57268 7C20F6CF1A09EEE4F40FE6F70B0F070213E4AE0B9599CF6348B0EAC781225457
7802772149 32769 19825 B9FE7F1DB0E7E4A72ADBE00E8CE218F195479F1A1596DDC1F43CDDD39889AE48
7800513229 17078 32103 7C20F6CF1A09EEE4F40FE6F70B0F070213E4AE0B9599CF6348B0EAC781225457
7800808102 20832 26685 7C20F6CF1A09EEE4F40FE6F70B0F070213E4AE0B9599CF6348B0EAC781225457
7808642573 41729 31987 8185FCC43F6639593911A2E8885E3A5414EE2418ADDE83589162ABA52E092D77
7801841519 20035 64072 3378C294C642A0433344B5A535EE45801BB67399D4B18FD8CA0FC45D4A19B08E
7807478702 17280 2786 7C20F6CF1A09EEE4F40FE6F70B0F070213E4AE0B9599CF6348B0EAC781225457
7812012260 36664 41103 7C20F6CF1A09EEE4F40FE6F70B0F070213E4AE0B9599CF6348B0EAC781225457
7804100343 37188 52377 7C20F6CF1A09EEE4F40FE6F70B0F070213E4AE0B9599CF6348B0EAC781225457
7801256865 51853 446 7B8FF96747EF9C6467DAE1D5DEB706FE09BECCB6750AD843CEF85B588914850C
7804885255 3668 44235 7C20F6CF1A09EEE4F40FE6F70B0F070213E4AE0B9599CF6348B0EAC781225457
7809690735 43470 3329 7C20F6CF1A09EEE4F40FE6F70B0F070213E4AE0B9599CF6348B0EAC781225457
7809983758 36622 50394 7C20F6CF1A09EEE4F40FE6F70B0F070213E4AE0B9599CF6348B0EAC781225457
7806875445 27422 31280 7C20F6CF1A09EEE4F40FE6F70B0F070213E4AE0B9599CF6348B0EAC781225457
7812055095 17918 41743 7C20F6CF1A09EEE4F40FE6F70B0F070213E4AE0B9599CF6348B0EAC781225457
7804617181 15745 3380 D7F8A2231E3DC31D29F75200248A32F178A4A5F592D865496873C6FD58F52552
7804384030 52545 33736 FE6D0EE7F8A49A4B3C28CE32296DC11D8665CF8D5AA594E922C2DAF2A214ABD1
7807988032 17824 8172 7C20F6CF1A09EEE4F40FE6F70B0F070213E4AE0B9599CF6348B0EAC781225457
7810651642 5334 52986 7C20F6CF1A09EEE4F40FE6F70B0F070213E4AE0B9599CF6348B0EAC781225457
7807446430 53334 17938 7C20F6CF1A09EEE4F40FE6F70B0F070213E4AE0B9599CF6348B0EAC781225457
7811728843 54265 16271 0386DB87F3032FB8674AC3C3FA4BB100AB3406C65CC0B9CC55249AAF4957DC9D
7812188873 23063 3779 B2B7E32184C246623D8C3F55A439B1848FAC0DC9A3DB2F81D87820E709943BFE
7806873584 34515 24510 445E69E2D97281018FFE91B1291905638AA84DF0906B02878F29329EBFFF837D
7803217411 4734 2653 7C20F6CF1A09EEE4F40FE6F70B0F070213E4AE0B9599CF6348B0EAC781225457
7808880481 11122 35707 7C20F6CF1A09EEE4F40FE6F70B0F070213E4AE0B9599CF6348B0EAC781225457
7809564682 46250 10603 7C20F6CF1A09EEE4F40FE6F70B0F070213E4AE0B9599CF6348B0EAC781225457
7809275966 50711 34242 107890063702D5A7A1133A7E109CEE6B77DAE8B4595E9356B6B34C45664B9877
7807130295 30242 29090 7C20F6CF1A09EEE4F40FE6F70B0F070213E4AE0B9599CF6348B0EAC781225457
7804905214 10243 33217 217E3EA1DE2E7E6C203F7ECF3BEE5F2CB8F266B3BCED59937FFFD20A3E116F90
7801570952 18503 36313 060B9813210714D06647BF1D9B359AADE4EC94F72A46D66D5D8A11AA6FFE804F
7809854937 39918 43912 7C20F6CF1A09EEE4F40FE6F70B0F070213E4AE0B9599CF6348B0EAC781225457
7806852879 19925 49362 9C4966816D59C7AA62EED3C67401182835B71CE7362A6C41808BACE747021C88
7808010293 55682 437 7C20F6CF1A09EEE4F40FE6F70B0F070213E4AE0B9599CF6348B0EAC781225457
7809621039 42047 49675 2B5500710D2B62CBCE2228AA0EFD77E0931BA0AA787831B1AAB5013BC71F339C
7808562588 22114 48348 7C20F6CF1A09EEE4F40FE6F70B0F070213E4AE0B9599CF6348B0EAC781225457
7809861059 508 36955 7C20F6CF1A09EEE4F40FE6F70B0F070213E4AE0B9599CF6348B0EAC781225457
7801359958 11192 38711 7C20F6CF1A09EEE4F40FE6F70B0F070213E4AE0B9599CF6348B0EAC781225457
7802709607 39053 32864 ADABDB158C7D37932B87974CC9C615D8251D432CA9C9FDF78938274EBF0AA964
7803468273 18363 48763 29D726F9D556C71BDF57073F8D60AEE8657D1E3E65C58BC05296F39C5931B98D
7802971901 36063 28668 D565EAC7E48EC96287FE565AAFEC18D812B0F78D5979E2938F56BF0A39D3FA92
7802319657 34972 2293 7C20F6CF1A09EEE4F40FE6F70B0F070213E4AE0B9599CF6348B0EAC781225457
7809234756 58669 52247 DCE088ED0B2EBE24A4C1B44F890905128C439A29991A118906D7F1B5CF7AFC9A
7809137954 8072 13985 7C20F6CF1A09EEE4F40FE6F70B0F070213E4AE0B9599CF6348B0EAC781225457
7807339018 55259 29731 898C5F0BBA481850C7337B06AE3DF35351B50987E3A941B2E10ADF0393F3A68D
7808835875 65270 40076 7C20F6CF1A09EEE4F40FE6F70B0F070213E4AE0B9599CF6348B0EAC781225457
7809581173 53744 28799 7C20F6CF1A09EEE4F40FE6F70B0F070213E4AE0B9599CF6348B0EAC781225457
7810131777 47310 18031 7C20F6CF1A09EEE4F40FE6F70B0F070213E4AE0B9599CF6348B0EAC781225457
7808915624 50640 51351 7C20F6CF1A09EEE4F40FE6F70B0F070213E4AE0B9599CF6348B0EAC781225457
7808918711 34539 16980 15BBE1362CD4919D7482907EA45EFBA004280D93BF5999AB2BCE012E99A28396
7805094470 7119 10447 A9D616E4E566EA49F373CF31F62F4C47B2E63F7B3C83870ED02E908FF0DBA121
7805111309 52257 37015 1C21F32E35CFEECEEF1A66DBB57D8EBE2BC38B0F11EB37C47019ABFEF07941CE
7801626805 31603 54313 A30D3654D95D8886943113DF3D6FB6EF2A3F3054E502716C2911E2C927899BB4
7805120346 2013 52625 F190CADE86B9C142FDC6FCDE4CB69DBA753BC65BBAB16EE393CCC0E45AB2CDF4
7807114565 4304 11465 7C20F6CF1A09EEE4F40FE6F70B0F070213E4AE0B9599CF6348B0EAC781225457
7800589839 3873 65448 7F520415E2D6C6215093800DDC3E6BE62F39608DE997AC499047FCB51CEBD2B2
7808246157 60251 37139 84F44128C50C1FCBBD5ACDF0B3D99C89A1497868272869865520230F03334139
7809891997 25845 49619 C5A6483FCC7627D768A511F032EB369C62A0CBC2B5757B4EF4CB920ACF41AA37
7803921399 6333 57013 BC430DCBD772D4D179A642F5CB117D64B1B7F8F51E55C524F116E016804FE0DB
7809369020 1858 8158 7C20F6CF1A09EEE4F40FE6F70B0F070213E4AE0B9599CF6348B0EAC781225457
7804578389 17791 36081 32840C8F5E2F633DECBE3D7E56F3C0BC97E94D0D5779D6EAF78B2C31F1CC4863
7804516038 7674 2619 7C20F6CF1A09EEE4F40FE6F70B0F070213E4AE0B9599CF6348B0EAC781225457
7807506975 13339 43044 AC71DD30195F6485FAC07B661C4F47A5C16D9B53C6E52B0AB0D85B9410EEF0D5
7803724370 1796 14375 7C20F6CF1A09EEE4F40FE6F70B0F070213E4AE0B9599CF6348B0EAC781225457
7802250620 26491 34564 BE354CAAE00E496FFBB870791A8EA300A5282AB2507B9827513495F3CC16C523
7804396571 16965 22382 18C619BF1941705F4B01270DD4B0A9C56CA4E8AABD5693C5E2DC523243FDD2E3
7804033161 33919 2025 6C2E850EFF58259594CF4994A00A30A01459C42CA977153914E12C69498D8109
7805361700 38360 47934 7C20F6CF1A09EEE4F40FE6F70B0F070213E4AE0B9599CF6348B0EAC781225457
7806668047 48013 49600 CD1B1E0980EC6EFAB9ABBC26B205BB6EADCF8A2E62DE5F94197DFBFE080AC41C
7800722949 5577 40917 DB11CAECDBC0AE18C5D2B23F341C76A492E90C2B8D706849CD2AE2BD292834C5
7800890254 28057 53314 C81DF79DA648FAE8670BC60419AFA8BB7E56DD7731E6C86A27585AACFEFED7B2
7806465693 41436 63150 7C20F6CF1A09EEE4F40FE6F70B0F070213E4AE0B9599CF6348B0EAC781225457
7805777210 12022 39152 7C20F6CF1A09EEE4F40FE6F70B0F070213E4AE0B9599CF6348B0EAC781225457
7812199016 58206 42568 7C20F6CF1A09EEE4F40FE6F70B0F070213E4AE0B9599CF6348B0EAC781225457
7810543129 31298 54329 7C20F6CF1A09EEE4F40FE6F70B0F070213E4AE0B9599CF6348B0EAC781225457
7805786619 24320 16085 7C20F6CF1A09EEE4F40FE6F70B0F070213E4AE0B9599CF6348B0EAC781225457
7801039001 14962 23095 7C20F6CF1A09EEE4F40FE6F70B0F070213E4AE0B9599CF6348B0EAC781225457
7808390521 14178 30034 7C20F6CF1A09EEE4F40FE6F70B0F070213E4AE0B9599CF6348B0EAC781225457
7806890337 15156 63600 7C20F6CF1A09EEE4F40FE6F70B0F070213E4AE0B9599CF6348B0EAC781225457
7806086884 21510 4381 7C20F6CF1A09EEE4F40FE6F70B0F070213E4AE0B9599CF6348B0EAC781225457
7805027423 18339 16934 0F8609DC56205BB3C0BDB9E4104E1492979D06290A9787487CA946C5F659369E
7803469716 33467 30034 80EF21437A74FBCEBA6DED4A4340CB7826F52DEB0E93C8CFEA2CDF9EFF2F6255
7804359147 8621 38041 2747B2F2296AB0AD41AAB1FCF2386505631A8CC1CC131B8ECFD2AB433016A50B
7806040381 65318 49164 7C20F6CF1A09EEE4F40FE6F70B0F070213E4AE0B9599CF6348B0EAC781225457
7811702015 17894 7546 7C20F6CF1A09EEE4F40FE6F70B0F070213E4AE0B9599CF6348B0EAC781225457

Total of 0 tasks calculated error.
