Total of 100 tasks calculated correctly, accuracy 100.00% 
7818188789 57040 37233 7C20F6CF1A09EEE4F40FE6F70B0F070213E4AE0B9599CF6348B0EAC781225457
7818974315 45499 19056 DB3129CA42A7538D9BFD32423671EC4DF12DE11828A01BF0E61CA5CF9067D530
7821535193 46098 50597 7C20F6CF1A09EEE4F40FE6F70B0F070213E4AE0B9599CF6348B0EAC781225457
7818916096 10448 2958 7C20F6CF1A09EEE4F40FE6F70B0F070213E4AE0B9599CF6348B0EAC781225457
7822156990 53975 59135 D3824FA1EF2C94383F541ACE322324119CCA0338F2D129CD24D89CF184CF70C6
7821226628 45234 28860 7C20F6CF1A09EEE4F40FE6F70B0F070213E4AE0B9599CF6348B0EAC781225457
7821115184 18781 56786 59B59F711F79A270827D699597E114DC692591E6EE5DAA30F30B8D8D1C7920CF
7812453187 13917 61022 059E4C4FF25751D03F409BEA5ADA97AE0313A45FC4136EE9FB35625A3ABB596F
7813757750 28939 9338 D8C202B5AC469F1C3651926BD8A8E51B15A54FCB46B649E7F68BFAD1016AF801
7822917094 38408 46500 7C20F6CF1A09EEE4F40FE6F70B0F070213E4AE0B9599CF6348B0EAC781225457
7813533378 7289 50812 CF503D817970ECF27BDFF3EABAC56679B570BC00C853C652916240E09F0E407B
7821177066 52783 56837 8FE331DB1583536856C771A8AC1B6DCEAF701FCC6432D3A2D4021D560177F07E
7820206348 24053 42156 C1C63AE70BCAB35B191E5D9E9F3247E370A4ACD0F064F7D3BB5E1C37EDD3D4B5
7815980721 10317 53260 569781AC0521820813C55B7D804C61718E4585D73FE8ABAC5ADC6EE3BAD9879F
7823956715 64277 20607 6C953C58A40A0991C7FE29AFEC00E276676D3C84226F10A417E647C1E483706C
7814632200 48868 15288 7C20F6CF1A09EEE4F40FE6F70B0F070213E4AE0B9599CF6348B0EAC781225457
7816697839 26381 56183 9A70D6057310F441CEA74BB25C7BAB81D91175BF923446184405D1B9B87B526F
7818965175 42056 28300 7C20F6CF1A09EEE4F40FE6F70B0F070213E4AE0B9599CF6348B0EAC781225457
7812725915 41712 46222 7C20F6CF1A09EEE4F40FE6F70B0F070213E4AE0B9599CF6348B0EAC781225457
7813118455 49576 21748 7C20F6CF1A09EEE4F40FE6F70B0F070213E4AE0B9599CF6348B0EAC781225457
7813111565 6117 56149 C13A75FC1FA522021A8C7B60F839BE0A4F5035111F1678ACABB49AFBE36EB3B3
7817570340 46428 48027 7C20F6CF1A09EEE4F40FE6F70B0F070213E4AE0B9599CF6348B0EAC781225457
7817578586 48341 27243 16AB62DA244554DC22B8121765DE1823E6CFA2CA4D22499EAD9E280BE8BE161F
7816166798 57148 56146 7C20F6CF1A09EEE4F40FE6F70B0F070213E4AE0B9599CF6348B0EAC781225457
7813596124 37263 27264 D7F142A6E7487420CDBE7B1841B88F8EA8EE9C9113288913CE9812706F9DFE96
7822295812 29618 59662 7C20F6CF1A09EEE4F40FE6F70B0F070213E4AE0B9599CF6348B0EAC781225457
7815130028 63957 543 4A25DCE0697A9358AA93A8ECD8BA8C9505BD5D5AC297D94238FBEBA04B516ED3
7821385721 19659 29905 40459481E09D13681E402C331617FE0AC150CD4BFD95D72623FD51DDD9218F29
7822542084 25820 30370 7C20F6CF1A09EEE4F40FE6F70B0F070213E4AE0B9599CF6348B0EAC781225457
7816404269 1340 42271 7C20F6CF1A09EEE4F40FE6F70B0F070213E4AE0B9599CF6348B0EAC781225457
7816404620 54920 49139 7C20F6CF1A09EEE4F40FE6F70B0F070213E4AE0B9599CF6348B0EAC781225457
7823147480 49476 25101 7C20F6CF1A09EEE4F40FE6F70B0F070213E4AE0B9599CF6348B0EAC781225457
7821706854 60026 63910 7C20F6CF1A09EEE4F40FE6F70B0F070213E4AE0B9599CF6348B0EAC781225457
7812533425 50561 30551 55F884EAFA3D2E855675A8326DD18CF6E7E3CACAC769918789183FA314B576E4
7814944918 17615 11515 0652BD5C349AB3B45B004DA26B328531A2EB0181E3F640BB5EB4E38159E62BD2
7822194397 26817 44719 D3AB59608CB058936400D186F3E6096AFC11B2761BA7ABC4A0710041911DCF33
7817445367 34448 38124 7C20F6CF1A09EEE4F40FE6F70B0F070213E4AE0B9599CF6348B0EAC781225457
7812447457 31662 23161 7C20F6CF1A09EEE4F40FE6F70B0F070213E4AE0B9599CF6348B0EAC781225457
7822992240 60322 43087 7C20F6CF1A09EEE4F40FE6F70B0F070213E4AE0B9599CF6348B0EAC781225457
7820668509 35883 26722 F204E6FF0B60247719E5FCD73129D3643D95F1523D522784B9F37DD5EE812652
7819335798 17703 65140 552EA8074C34C7EE426707998630D5D9FAFF4A227AE821222BBC049F9919FB93
7821889272 34570 5154 7C20F6CF1A09EEE4F40FE6F70B0F070213E4AE0B9599CF6348B0EAC781225457
7817512007 43373 18414 C439D648662D2AE818BD36BF0E78A171F29F6FFE422F32BE0C8139B3EC7D42C9
7820285523 6428 35278 7C20F6CF1A09EEE4F40FE6F70B0F070213E4AE0B9599CF6348B0EAC781225457
7817755824 18476 37692 7C20F6CF1A09EEE4F40FE6F70B0F070213E4AE0B9599CF6348B0EAC781225457
7816164563 34251 61507 F7F982007EFC40BC7D298694686682302F36DE02D2EE6AC85375E1DAA176E758
7820325523 47334 6307 7C20F6CF1A09EEE4F40FE6F70B0F070213E4AE0B9599CF6348B0EAC781225457
7822249944 10079 52523 A24FE208BA7ABE78C05B49EA714B734B6AEF46D5D035BC58A567263ECF3795E3
7818819493 16602 38480 7C20F6CF1A09EEE4F40FE6F70B0F070213E4AE0B9599CF6348B0EAC781225457
7814270820 54901 59941 8B12BC4942811F62CAB5EF7D252F49C1801C048EAE6A4A9ED1B867C97D84A679
7818505275 15493 60448 B24B666BBA8537A008EBC59AB5B9EB585630EC35437361EC86AB823399BB4B12
7817577109 18929 27641 6BCACA7CE351E807D025CB093F43A4B8B231E7D99A68E06CF76AB1887B5CBEA3
7814386588 60020 34199 7C20F6CF1A09EEE4F40FE6F70B0F070213E4AE0B9599CF6348B0EAC781225457
7818776259 24181 35866 26204496C6CD4E3E8A8058A6C873B2D6856BE250E3920C0CECFD094518738C74
7821910346 62267 9287 8E8FACAC545E00CBE6DF0C4D4E59A60AE6338AAB9615568140F3133C8C447B40
7823000784 38321 8386 53849D1FC16FEAF28F0D69D758CBDD421D96229412784C99BEE511D8232C0E72
7820730550 32539 39872 51E23B978A901BB0B242C44DCD2B10BE2FFB3994DE1EFD1FF58D4D92F3F640E0
7819705362 46513 50150 A62D7C44DAB11D22F26BFB669720FB83661D462E6264C6A9BC04E23EFAEBD291
7822692754 1455 3073 2BE287971FC75FEB7EA8C84B74497652601B1F4B75277C34428DD854173CDFA6
7815057744 39558 5430 7C20F6CF1A09EEE4F40FE6F70B0F070213E4AE0B9599CF6348B0EAC781225457
7819369720 6124 39780 7C20F6CF1A09EEE4F40FE6F70B0F070213E4AE0B9599CF6348B0EAC781225457
7819683722 10714 63121 7C20F6CF1A09EEE4F40FE6F70B0F070213E4AE0B9599CF6348B0EAC781225457
7817651578 30174 35642 7C20F6CF1A09EEE4F40FE6F70B0F070213E4AE0B9599CF6348B0EAC781225457
7812515666 14206 38588 7C20F6CF1A09EEE4F40FE6F70B0F070213E4AE0B9599CF6348B0EAC781225457
7812452304 14293 14988 D7731673CB85FC1935B380E50A95B14502950F42112628CC0BA6389EF5E5BBE6
7815152352 39538 58552 7C20F6CF1A09EEE4F40FE6F70B0F070213E4AE0B9599CF6348B0EAC781225457
7821740635 49045 7441 7939DEC59B11C264B1BB5BEAB693D69C30FA6B1B29A7073B6294D3F08C03B109
7820342097 205 9272 BC04DB92140C0C723DABED449853C247C9A795B92596647B188DA48144163A04
7814977945 37183 41372 DA14082400298FC7F2F78B4583A795DD79EF35A2276C37220A752A2241F20ECA
7816390513 3445 50171 E72D57EF43AB5376B332A8F60874FE42881D8B8B4EA37F10CF0DE965FDA47CCB
7817439862 44638 26722 7C20F6CF1A09EEE4F40FE6F70B0F070213E4AE0B9599CF6348B0EAC781225457
7821639391 33840 40429 7C20F6CF1A09EEE4F40FE6F70B0F070213E4AE0B9599CF6348B0EAC781225457
7824058943 47231 35634 45F01DD8C7535EBDD268C55BDA52F60E42C72D17426EAFF6024A1D69FF8EC47A
7823318943 16544 24391 7C20F6CF1A09EEE4F40FE6F70B0F070213E4AE0B9599CF6348B0EAC781225457
7817974866 38288 23912 7C20F6CF1A09EEE4F40FE6F70B0F070213E4AE0B9599CF6348B0EAC781225457
7819799155 59084 21967 7C20F6CF1A09EEE4F40FE6F70B0F070213E4AE0B9599CF6348B0EAC781225457
7817546870 12753 55323 514EDEE643C01F75F60810E6785A50ED10E28F5294298D4F616DB8AC9619772B
7821772721 48437 10227 A2974EBD9A15585CE1D7F3A98496A8668F4CD645D5A5063FA707D5D1FC0DD631
7822402956 31957 38666 B43F2443945645217142B9119D985130955F893C678424AB28B312F1074F8963
7815440129 51151 26682 4BC4C17523318992DCF7A5EBCDA1900840926C082917D66402BE3FE5649C6295
7821347142 10405 42828 7627218D3A88D77398D2B1F6E81E72F20E3F3B824F3EC780E657A49279CA0E88
7824078957 47115 35248 7F77563FF2838E50DA0ED400497850A76C0308953BC14F75F0E12F1E121B35D0
7822031416 13000 42167 7C20F6CF1A09EEE4F40FE6F70B0F070213E4AE0B9599CF6348B0EAC781225457
7814216123 20109 13288 E2B6C350A3C7964E867AA5FB7236CE4A634077B50454B2090DE24AC0543FF4E8
7815412866 16799 36509 C2E08A48694A983D666E8841CA25A434933DB34E1D60D7B877FF2751D7751373
7819635488 51530 12381 7C20F6CF1A09EEE4F40FE6F70B0F070213E4AE0B9599CF6348B0EAC781225457
7813137937 62977 44285 4253BD5C812DA47D8CF848EC7D9945B309F5843170DE4784CE8E663B513BA6B2
7815092621 30394 22726 7C20F6CF1A09EEE4F40FE6F70B0F070213E4AE0B9599CF6348B0EAC781225457
7823252467 21285 56479 DB499A28B4A71B64CDAC0472247BE9E49BF0AC260CAA10D6B9625FBDFECDF704
7813585894 22608 5014 7C20F6CF1A09EEE4F40FE6F70B0F070213E4AE0B9599CF6348B0EAC781225457
7820503870 16826 59893 7C20F6CF1A09EEE4F40FE6F70B0F070213E4AE0B9599CF6348B0EAC781225457
7816693741 9499 60101 60E485CF0074336DA4159E0DE865239EAD1CD4D4ED03849D570085CE63AC9EB9
7815453163 15185 51022 12711A7A2F255C6E8279E13DF2A175CA5393A421C91A5A8DCD32F24C84F5BB5E
7817192772 48726 18484 7C20F6CF1A09EEE4F40FE6F70B0F070213E4AE0B9599CF6348B0EAC781225457
7816838291 21436 4867 7C20F6CF1A09EEE4F40FE6F70B0F070213E4AE0B9599CF6348B0EAC781225457
7817164483 4916 46894 7C20F6CF1A09EEE4F40FE6F70B0F070213E4AE0B9599CF6348B0EAC781225457
7820553140 13148 49580 7C20F6CF1A09EEE4F40FE6F70B0F070213E4AE0B9599CF6348B0EAC781225457
7813231493 1235 21284 782B05348FBBAD6A78BE67A3529C1CBF05876FFE0FB48A088D1728B124BCF88C
7814632814 54161 7731 3FADA3DF9B519135DA1CBDDBD059A6C74009CD9C9EFE3B530336EA8E7E6EA50B
7817326403 18145 6538 69F8AC140952E7BC46FE521D5120460DE1A80AEA28E5EFE50B2BF7943B27A4D8

Total of 0 tasks calculated error.
