Total of 100 tasks calculated correctly, accuracy 100.00% 
7826246042 6674 64872 7C20F6CF1A09EEE4F40FE6F70B0F070213E4AE0B9599CF6348B0EAC781225457
7826769535 22905 12296 FB5F5202166B300A4E0978EF708BF7231FF453D36E3954E492AE79753A895B07
7831136356 37295 31182 180B32C8E664DDF276920B56CD99EBB1C69215045F116F467B22F019F9580A0B
7824820021 64209 60303 916C3E2A3FF40B95AE4FA6EB7E485300D04B253D419FF3AC361A2230D2E3D646
7836234789 45150 37846 7C20F6CF1A09EEE4F40FE6F70B0F070213E4AE0B9599CF6348B0EAC781225457
7831530489 20097 23999 36AF5921084400B1AC25B89509519733B9B2770A7C63B885C5144870B8BDFB86
7831674781 20655 55832 E6C3BF9E550A0CCC245448101590190BF5FBFB104830A0BD41B9449B744E930C
7825524796 52600 54052 7C20F6CF1A09EEE4F40FE6F70B0F070213E4AE0B9599CF6348B0EAC781225457
7833641807 24559 7424 44CCBF71D15871CD515E8DEDFABC652398D60B42E5B65DA60A13E1D54CC7658B
7831673026 63327 18432 00B31DDAB764139EC0844FFF6A41CA8A61AE63637E28D459A5B10D855E31A42B
7829567427 55723 40546 86269A52166EE27829E433E7E32B7DA81EA344ACDFFDED8A80EA1CF9453FD8E8
7825946752 16846 39127 7C20F6CF1A09EEE4F40FE6F70B0F070213E4AE0B9599CF6348B0EAC781225457
7832451366 24777 23632 DFDF9A593E29FD832D1B89146D6F527E1620B6BC046DC757F25983B4E37E7646
7828446503 44841 34260 E4B7DEF8CE5DA19226C5C396DDE43F78EA960D595ABD67347A3E854A7FC90DEE
7825845195 11749 46458 7E5DDD2810CCFEF9947FA279B87B06CC01E9C95A5ACEF89231F658FA70237626
7826967809 30225 34035 047F493171418E54EEBC8707AE5600B9310E87620831D00CE34AC9169ADB0286
7824706349 50709 34705 0203E7614342B2F38CDC320E8387F373A4EB4CE45543C852CC39D94C7384DC4A
7835478840 23597 29959 85A686E1292D139CE04C612C70B0E11BAF034E3902BE7EEAC24D1C951BE19FE2
7828398641 54280 30184 7C20F6CF1A09EEE4F40FE6F70B0F070213E4AE0B9599CF6348B0EAC781225457
7825259978 26946 51457 7C20F6CF1A09EEE4F40FE6F70B0F070213E4AE0B9599CF6348B0EAC781225457
7825101010 59902 21126 7C20F6CF1A09EEE4F40FE6F70B0F070213E4AE0B9599CF6348B0EAC781225457
7833737657 30072 62882 7C20F6CF1A09EEE4F40FE6F70B0F070213E4AE0B9599CF6348B0EAC781225457
7832367542 4960 39293 7C20F6CF1A09EEE4F40FE6F70B0F070213E4AE0B9599CF6348B0EAC781225457
7834606167 31967 53795 E7F2CC0601C1A1483AA0096FCA53CCFD39956EA68A7F969E5F05E7BE23893B06
7832912240 12938 3243 7C20F6CF1A09EEE4F40FE6F70B0F070213E4AE0B9599CF6348B0EAC781225457
7830980951 63459 24683 F3F51D0BA7C62782FBC0B23AF7AEA13FDD11C12D766644F5413E706FB0D79C9D
7834752920 32474 1811 7C20F6CF1A09EEE4F40FE6F70B0F070213E4AE0B9599CF6348B0EAC781225457
7834460054 33268 7145 7C20F6CF1A09EEE4F40FE6F70B0F070213E4AE0B9599CF6348B0EAC781225457
7833268392 30679 48185 616EE7DE6A47C9610B9D2F710BA556203D7B4C0DD6E4984356D0E8673D9A3AA4
7825585746 10715 62197 10D918F2B96E01A231B178E75109C78EAFD7E43E263D1CE00BE880F87E7538C5
7829866574 64579 34425 C9075776B2D7CCF6B9302F412CA01463FBC459AAEBD13ABE06875397BDAA83EC
7826724390 36077 23169 C7553DE1479D84B051F4AA1A41D3C9D2948D943235DC64FB21C1CAD3AAC45501
7832911614 15406 31508 7C20F6CF1A09EEE4F40FE6F70B0F070213E4AE0B9599CF6348B0EAC781225457
7832034330 16244 25073 7C20F6CF1A09EEE4F40FE6F70B0F070213E4AE0B9599CF6348B0EAC781225457
7833763869 38931 38011 F596A83381143A5B07E977715FC955FC2339F3F142C840015D5F2AA0ECD98E52
7832917673 37137 18816 EECA1786E756A780A9E572D519596A86C7070A74CF45C38B10E54A95AD9F4DAB
7832329570 495 20294 19383496DF500937A2FA04DA39B23D544B98A75D6C99990BF817592346C6DA4E
7831064001 8711 64725 DA809C3B347DDEABE913F6B01AFC4D6D87861CC50F21374CFDCF99CB37E1A7D6
7833648498 27824 52720 7C20F6CF1A09EEE4F40FE6F70B0F070213E4AE0B9599CF6348B0EAC781225457
7826986378 9991 45841 1AC00D61AFF7494EEEA061FE0D598D872BFD91D232AAC2C78B4C5A95B9713C05
7826853568 55049 11202 FE894185F5F4AD3551A920C440832BFFBF7056E6BD0A093E9E924E5C9068A950
7831959149 54720 37329 7C20F6CF1A09EEE4F40FE6F70B0F070213E4AE0B9599CF6348B0EAC781225457
7827848104 39592 58971 7C20F6CF1A09EEE4F40FE6F70B0F070213E4AE0B9599CF6348B0EAC781225457
7833945166 26234 13641 7C20F6CF1A09EEE4F40FE6F70B0F070213E4AE0B9599CF6348B0EAC781225457
7832681234 46948 55516 7C20F6CF1A09EEE4F40FE6F70B0F070213E4AE0B9599CF6348B0EAC781225457
7831760893 1383 14403 7D1E935A195CB1278EA4C917661A4FF06FAC0C69D797CD09BB66331BE0253423
7827573838 225 40371 C655CE923ED949EFB14E3FC52E3192C6CD76690207D558A3C9245F618AB35645
7830994551 64546 59023 7C20F6CF1A09EEE4F40FE6F70B0F070213E4AE0B9599CF6348B0EAC781225457
7825290332 10833 55483 82EDDE30ABEB7C9FEA475BC7FBB0EFBADA6671AB5E13A212E5387BBA84D43AB7
7831479400 26406 29064 7C20F6CF1A09EEE4F40FE6F70B0F070213E4AE0B9599CF6348B0EAC781225457
7832041876 15799 24512 746424596C2B827A69D3E1B2B7413201AC212313FC192E25E572F1C0D23D0F64
7836166187 28948 34818 7C20F6CF1A09EEE4F40FE6F70B0F070213E4AE0B9599CF6348B0EAC781225457
7828101148 59687 25952 85DD1FF3A271B9C6DF16D2EBB8E99324640BC7288153B1D8C81459D9078E770E
7826354462 20970 42956 7C20F6CF1A09EEE4F40FE6F70B0F070213E4AE0B9599CF6348B0EAC781225457
7829960566 10827 25394 C3247647DA56B6BC8569480612C97008B944727D1600B5273B91D8C94A4EE9FD
7835870305 36247 44030 A3B17B3E47EADA1039F94DBCDEE7AF9B70FE72AAC7EF492233021067D11043C6
7827309656 50182 40181 7C20F6CF1A09EEE4F40FE6F70B0F070213E4AE0B9599CF6348B0EAC781225457
7829074714 173 12078 66DC5086D9C88945CDA760A96A212319DE7F7A4B8E0215FC6EC7ED34F6267E87
7829050909 44422 39934 7C20F6CF1A09EEE4F40FE6F70B0F070213E4AE0B9599CF6348B0EAC781225457
7832295586 35456 55755 7C20F6CF1A09EEE4F40FE6F70B0F070213E4AE0B9599CF6348B0EAC781225457
7824797776 46141 52473 8D25D9F94B13A677B8D4EBD5EDD652912E013B000E7258A1E44C7936A984E3D1
7830513814 26078 53598 7C20F6CF1A09EEE4F40FE6F70B0F070213E4AE0B9599CF6348B0EAC781225457
7832607159 16213 57347 C00836E10B33C3EFA98FD8D0834EA15E6EAFF006A348D31AE1663505D7635EB8
7834304780 41566 47556 7C20F6CF1A09EEE4F40FE6F70B0F070213E4AE0B9599CF6348B0EAC781225457
7834496298 38990 26051 7C20F6CF1A09EEE4F40FE6F70B0F070213E4AE0B9599CF6348B0EAC781225457
7834020261 46231 5774 7CABF583909B2EBCD50C6D6B8BE8790F18913DBE5524B5C4B92ED1C4F664A645
7829542278 61106 20387 7C20F6CF1A09EEE4F40FE6F70B0F070213E4AE0B9599CF6348B0EAC781225457
7827389866 11889 871 46AB38F12781D561673D5795D42FEBF24903C043CE20E92A7924896E85CBBB3E
7831511918 48298 16769 7C20F6CF1A09EEE4F40FE6F70B0F070213E4AE0B9599CF6348B0EAC781225457
7829702680 14792 44229 7C20F6CF1A09EEE4F40FE6F70B0F070213E4AE0B9599CF6348B0EAC781225457
7835642255 62859 3190 2113B8E39B018007D8EFB2E79A287EC8AA8399BA6B88759CB7361D925E6F6224
7824627132 23706 16276 7C20F6CF1A09EEE4F40FE6F70B0F070213E4AE0B9599CF6348B0EAC781225457
7832814797 27029 7257 9BD0AF8193292222E1C0FF1911285C210DECF8933A5725D1EB02DB2C2D7795EC
7829153403 8536 41365 7C20F6CF1A09EEE4F40FE6F70B0F070213E4AE0B9599CF6348B0EAC781225457
7833820188 63413 1088 FA2236FF0BF0E27C9AB6CD93DE33689E6FBABB3CD9DE4B7F59C661A032EA3CDC
7832741568 37800 26364 7C20F6CF1A09EEE4F40FE6F70B0F070213E4AE0B9599CF6348B0EAC781225457
7835707583 53046 54807 7C20F6CF1A09EEE4F40FE6F70B0F070213E4AE0B9599CF6348B0EAC781225457
7828550607 27818 15950 7C20F6CF1A09EEE4F40FE6F70B0F070213E4AE0B9599CF6348B0EAC781225457
7826131555 45254 56245 7C20F6CF1A09EEE4F40FE6F70B0F070213E4AE0B9599CF6348B0EAC781225457
7831526360 23567 14126 29E21E393633586F2C83724C16DBCCB3C35A0BE9552C78C5CA13AE4314916EB2
7832839329 32843 17712 2E63D8C4919A4A818F2942EC6E5D36C9F228E980628A14851C9638FDC4BAEA8F
7831475962 3233 8867 3CA02C1AE374AAF2CEC492D241D644C5610D6256E60D602F9437F3C4BBE88117
7835883333 52554 11823 7C20F6CF1A09EEE4F40FE6F70B0F070213E4AE0B9599CF6348B0EAC781225457
7831500999 17805 20577 F280909F6FC0CE9CCC509FF90FC8C7C255B6360CF1D81B3072F888D71AD2ED74
7833028644 12698 17031 7C20F6CF1A09EEE4F40FE6F70B0F070213E4AE0B9599CF6348B0EAC781225457
7825729076 3825 25466 ACE9C592475569FDC9E815E40EC16B049D1E8CA59F08E71B973509F009452634
7830692012 6635 12576 8CA0EBBABEA2561E9DFFAC605C1FF78FACBC941EDB066131020C2D2EAF9E6035
7825038153 14630 37904 7C20F6CF1A09EEE4F40FE6F70B0F070213E4AE0B9599CF6348B0EAC781225457
7829027999 52195 58213 EF3215A568C0061E23DF9C92AB4A21978036C341B99BF74133C83692002CAC04
7834203112 38723 61838 7A4C6B2C0EEC0D65C4AAA9D9FD65B6BCED70B99F561811E6CE910C44A692773D
7835398897 43435 48388 2CEF2D9DC571EC57CC67AC0F814EA8AA2008BBCDE086A7FEA0BBA4A23FEA6CA1
7830980991 64396 53368 7C20F6CF1A09EEE4F40FE6F70B0F070213E4AE0B9599CF6348B0EAC781225457
7825486296 52941 1114 93DFB880D15A19AB815A41FFBE050A4F9CBFFDD53174F5C07466BBC9F761B87B
7830037722 15383 43382 1A7B0E1E82D52B49DB06C1DE568E30C5B948162E70908D6A0DA5D3437273C5BE
7826580547 27385 44250 12D70C3383B6F00F6016219A96997A95FCC65F568E1526BB29AC32CEBDA1D482
7832764326 49727 63161 1824A164F97FE690772C59ABE5B61E3070D8AA34596FFEFE35938A74551DECB2
7833146102 6812 14448 7C20F6CF1A09EEE4F40FE6F70B0F070213E4AE0B9599CF6348B0EAC781225457
7825818309 57008 28272 7C20F6CF1A09EEE4F40FE6F70B0F070213E4AE0B9599CF6348B0EAC781225457
7826328670 48400 64927 7C20F6CF1A09EEE4F40FE6F70B0F070213E4AE0B9599CF6348B0EAC781225457
7831948110 65326 59847 7C20F6CF1A09EEE4F40FE6F70B0F070213E4AE0B9599CF6348B0EAC781225457

Total of 0 tasks calculated error.
