Total of 100 tasks calculated correctly, accuracy 100.00% 
7874737799 38110 56778 7C20F6CF1A09EEE4F40FE6F70B0F070213E4AE0B9599CF6348B0EAC781225457
7882433757 62276 53957 7C20F6CF1A09EEE4F40FE6F70B0F070213E4AE0B9599CF6348B0EAC781225457
7881950068 21941 13372 D57B3EB0959A95C24584119391EC2234CAD6FE0589F5F2F544A408F7EC24331E
7879498653 40426 45372 7C20F6CF1A09EEE4F40FE6F70B0F070213E4AE0B9599CF6348B0EAC781225457
7881047947 53249 831 533DA743B9DDF1102DFE86B1A0FE682620BC6853F384433A214372CF1F7C4E43
7882788212 27576 56017 7C20F6CF1A09EEE4F40FE6F70B0F070213E4AE0B9599CF6348B0EAC781225457
7881719027 53693 58748 6204051DE047A9CC9D2C98D868B9AD0C94A8AAE0F77150A3601BC2292C0A4859
7879542925 36694 30711 7C20F6CF1A09EEE4F40FE6F70B0F070213E4AE0B9599CF6348B0EAC781225457
7882726347 25598 45210 7C20F6CF1A09EEE4F40FE6F70B0F070213E4AE0B9599CF6348B0EAC781225457
7876415450 634 23920 7C20F6CF1A09EEE4F40FE6F70B0F070213E4AE0B9599CF6348B0EAC781225457
7872726752 31282 8773 7C20F6CF1A09EEE4F40FE6F70B0F070213E4AE0B9599CF6348B0EAC781225457
7876528925 23929 20755 F452F87E11BFA7AFE345902235C9789B9F5D8E74682F9F0F725AB0B043996786
7882134341 43055 2238 6A539C0B091F2D089907E9D2C4F00A6B099C9D98545A7E2C7F48BACC468A536E
7877673242 47100 51057 7C20F6CF1A09EEE4F40FE6F70B0F070213E4AE0B9599CF6348B0EAC781225457
7875216120 26738 6312 7C20F6CF1A09EEE4F40FE6F70B0F070213E4AE0B9599CF6348B0EAC781225457
7873033926 18604 21879 7C20F6CF1A09EEE4F40FE6F70B0F070213E4AE0B9599CF6348B0EAC781225457
7884025456 32371 4599 1A6E3E12B050D46C177F2E1A04D900D577A3FDF6A5DAF192551DED0E78002FD3
7877680305 55387 58262 F270DB5D20ACA45ADDC1C1ADDACDE5D70238CCA585B7E20CD2F3C539CD8E3232
7875405472 13874 7491 7C20F6CF1A09EEE4F40FE6F70B0F070213E4AE0B9599CF6348B0EAC781225457
7876101571 64450 42145 7C20F6CF1A09EEE4F40FE6F70B0F070213E4AE0B9599CF6348B0EAC781225457
7874559062 30511 34576 0B296D7C767C0F7ADEC0279C52F9C5AF8DBE1959A663BBA2462056FBDFFAB9F9
7875269111 36489 10991 CF88BF82781EFD7C8A436A7F4FEF2F648C9E4359CFD5EE193B2468246189E7A5
7873795351 5562 60164 7C20F6CF1A09EEE4F40FE6F70B0F070213E4AE0B9599CF6348B0EAC781225457
7880138204 9653 25980 526B8B263C250009F1E0D6EEC8C4D51C88EFCCEB027508E0C6CE9AB873864783
7874867229 61768 1549 7C20F6CF1A09EEE4F40FE6F70B0F070213E4AE0B9599CF6348B0EAC781225457
7878978868 30429 58266 106ECF6B91A6C513057FC0C1440C1AD964B2782FA7802CE2876D3DE709835AC0
7876908065 12381 15396 F22E2FE8746A526E8CADB39B93FCBC48F30E013F62F9E3443C6F1E56998104C9
7873365590 22670 14102 7C20F6CF1A09EEE4F40FE6F70B0F070213E4AE0B9599CF6348B0EAC781225457
7876531438 35164 5014 7C20F6CF1A09EEE4F40FE6F70B0F070213E4AE0B9599CF6348B0EAC781225457
7879509944 4022 44466 7C20F6CF1A09EEE4F40FE6F70B0F070213E4AE0B9599CF6348B0EAC781225457
7877354629 42682 59832 7C20F6CF1A09EEE4F40FE6F70B0F070213E4AE0B9599CF6348B0EAC781225457
7874483327 27063 24240 B674F74016D701F5AE2B1DE9782821B6905CFD40977422DF259D337921FCAB38
7882432319 4604 38675 7C20F6CF1A09EEE4F40FE6F70B0F070213E4AE0B9599CF6348B0EAC781225457
7878067110 38590 53731 7C20F6CF1A09EEE4F40FE6F70B0F070213E4AE0B9599CF6348B0EAC781225457
7877326440 56372 34923 7C20F6CF1A09EEE4F40FE6F70B0F070213E4AE0B9599CF6348B0EAC781225457
7880147255 62737 24971 3235F7A21FC52888BF030E649F4BFD64A8029F22AB8471C64FE722CAF02188F2
7880177918 63200 33406 7C20F6CF1A09EEE4F40FE6F70B0F070213E4AE0B9599CF6348B0EAC781225457
7874906975 57925 38095 7907A12DB09B18C41A8599F328941360103F9A7400C279E945A4623B81A2D265
7878720999 65190 27080 7C20F6CF1A09EEE4F40FE6F70B0F070213E4AE0B9599CF6348B0EAC781225457
7882884071 36333 60526 969471C12CA6EB3521D9167D532CB0E3F6CEC9DFDC23AF6E668F58999E61A832
7875567048 52360 9962 7C20F6CF1A09EEE4F40FE6F70B0F070213E4AE0B9599CF6348B0EAC781225457
7874558444 30617 22476 D096B095FD39C32796FF1F8CD277CC22F6EFAB8A487F43E93A6A3FD4BBF0E071
7880137430 10396 44003 7C20F6CF1A09EEE4F40FE6F70B0F070213E4AE0B9599CF6348B0EAC781225457
7880781876 42690 35711 7C20F6CF1A09EEE4F40FE6F70B0F070213E4AE0B9599CF6348B0EAC781225457
7882843454 14439 43743 22000EB6D1443A8D6014DA9F99FBDE39A128435D87F499DB923E8FD5AF187A08
7878916793 12361 63935 EBB90E2DF30D750E92BFEF246FCE7B6F8BD9014359EF7A8FDD41FB360A0B2FCB
7879548953 48712 61117 7C20F6CF1A09EEE4F40FE6F70B0F070213E4AE0B9599CF6348B0EAC781225457
7884063822 43106 32426 7C20F6CF1A09EEE4F40FE6F70B0F070213E4AE0B9599CF6348B0EAC781225457
7875460442 10924 28857 7C20F6CF1A09EEE4F40FE6F70B0F070213E4AE0B9599CF6348B0EAC781225457
7882859274 19810 7309 7C20F6CF1A09EEE4F40FE6F70B0F070213E4AE0B9599CF6348B0EAC781225457
7878186439 37917 8922 FBEEA6D6B83012E20647CB9C5294E9A62CCC6084E85CA3DA37CE05B50D26F966
7881781615 33254 26722 7C20F6CF1A09EEE4F40FE6F70B0F070213E4AE0B9599CF6348B0EAC781225457
7879783587 63758 41973 7C20F6CF1A09EEE4F40FE6F70B0F070213E4AE0B9599CF6348B0EAC781225457
7880312571 37781 35400 A0F32C27096D1B8937F5E4DEE62220C42F82F7574EF38E98FF4A3E29B9754958
7874009306 20694 3170 7C20F6CF1A09EEE4F40FE6F70B0F070213E4AE0B9599CF6348B0EAC781225457
7879895504 59126 49411 7C20F6CF1A09EEE4F40FE6F70B0F070213E4AE0B9599CF6348B0EAC781225457
7877452182 9880 21013 7C20F6CF1A09EEE4F40FE6F70B0F070213E4AE0B9599CF6348B0EAC781225457
7882545885 22377 51802 DCA361F39CDC5691D39C4FBB104F823AFAE993C47999C8F0E3C97493361B6F4C
7876671812 36827 38967 0EF0F33DFAF48806BCED1F678F48BC6E7C25EFB44C141A70E848E4366A1DA05B
7875668021 5964 32983 7C20F6CF1A09EEE4F40FE6F70B0F070213E4AE0B9599CF6348B0EAC781225457
7877025178 21126 23149 7C20F6CF1A09EEE4F40FE6F70B0F070213E4AE0B9599CF6348B0EAC781225457
7883064767 53424 40833 7C20F6CF1A09EEE4F40FE6F70B0F070213E4AE0B9599CF6348B0EAC781225457
7877477359 55947 49737 2BEC6D2B0B55376DA95CD0EB8DFEA4168764FB7422BA97B751A0B2E679ED2478
7882345511 44487 60615 C725738D7FDE21D6EAD53E2302D5E3D0BA56A0D64CA19ECCC657A4A5107BEC43
7878585076 1415 57609 A7EB3004AB739D92150912328AA3A5465F3664A91292F93F090AD5C9A5CB5639
7877200795 26949 25236 B7BA436DB625E9BCA29128680606C8CCAA94F7BC3D2056665909AE0F3B62EAEC
7874867014 15829 50565 78F1105FCDAE304106284AD52E6D0851D74A1A4A9909CFB9946C968FD4780A2F
7876214218 19648 53142 7C20F6CF1A09EEE4F40FE6F70B0F070213E4AE0B9599CF6348B0EAC781225457
7877860891 13859 21588 0E750D46B564CADDEC21DB638929A944048AAFBB8A74FAD39D631B178EBFFC19
7878460707 14450 62019 7C20F6CF1A09EEE4F40FE6F70B0F070213E4AE0B9599CF6348B0EAC781225457
7878837326 18022 46679 7C20F6CF1A09EEE4F40FE6F70B0F070213E4AE0B9599CF6348B0EAC781225457
7873343802 48653 34428 A5010C5460FE8CB03503F299C431027894DF4E1BAAE962C644B164A19642DF1E
7881825940 52527 55914 8B92BE60ADBAF82EA9812F5B9FC2E2135C04912D4CF4D139A1D1B3A2B06335F1
7873989564 27394 18649 7C20F6CF1A09EEE4F40FE6F70B0F070213E4AE0B9599CF6348B0EAC781225457
7875846828 39563 15177 19156216F9BC0028B9590B88D81B68A889C27E1869C32B6BFE9493ECF1A0EB84
7882665021 17459 40711 8EDCEED46B6612FA582DEB8F440DB706CD17E2130F1563071676DA131DD40A2D
7883128444 9709 11238 BF8F921F43FBA7D9636D4B566D826B349D31B9BDFA388C6335EE7820DD5AB6CE
7880525449 62229 50972 8F06CFDCA140CD7F476F559427785647E5E134FE7EE5FB71E951A07BB899377F
7877344439 63718 5477 7C20F6CF1A09EEE4F40FE6F70B0F070213E4AE0B9599CF6348B0EAC781225457
7880047507 19098 45485 7C20F6CF1A09EEE4F40FE6F70B0F070213E4AE0B9599CF6348B0EAC781225457
7878608948 19116 32744 7C20F6CF1A09EEE4F40FE6F70B0F070213E4AE0B9599CF6348B0EAC781225457
7873366772 28960 32083 7C20F6CF1A09EEE4F40FE6F70B0F070213E4AE0B9599CF6348B0EAC781225457
7876144047 64445 10948 61F723B7BA090763C31E1D66C6477D4DB32465D50A42E00DCED1A3FA507264D9
7880031211 32038 57346 7C20F6CF1A09EEE4F40FE6F70B0F070213E4AE0B9599CF6348B0EAC781225457
7881762584 50578 11741 7C20F6CF1A09EEE4F40FE6F70B0F070213E4AE0B9599CF6348B0EAC781225457
7873776741 4971 5617 31C2C896FA9300505509CA3D9A09E1832D3BA057F95AE9FA4E6FF9B713ED054B
7878006107 37668 50702 7C20F6CF1A09EEE4F40FE6F70B0F070213E4AE0B9599CF6348B0EAC781225457
7882588511 51059 2079 7590D96F825A86A1C2F8A195534A212410A695755D820E826FE56E6EBA7792A3
7882815352 41344 44104 7C20F6CF1A09EEE4F40FE6F70B0F070213E4AE0B9599CF6348B0EAC781225457
7874511809 37203 65366 2509F09BB911433B9DE87003580F5D2E5701A1C6AE0A8CC10D5A28E2F9F75BA8
7875071756 1309 29731 F2E9F12F8DF1767E0F685B70B532345E0BE494AD045BDDA6715948A0841C3FCE
7878708805 55876 32537 7C20F6CF1A09EEE4F40FE6F70B0F070213E4AE0B9599CF6348B0EAC781225457
7879332621 59053 20573 FEBD4FA9CC10D1ACF71E0E72400F50227FE2B9E2CDF6E7B94F37D7AA5A6309EF
7883120320 41826 5661 7C20F6CF1A09EEE4F40FE6F70B0F070213E4AE0B9599CF6348B0EAC781225457
7875081256 59276 48640 7C20F6CF1A09EEE4F40FE6F70B0F070213E4AE0B9599CF6348B0EAC781225457
7883099520 44492 1017 7C20F6CF1A09EEE4F40FE6F70B0F070213E4AE0B9599CF6348B0EAC781225457
7877890771 49722 48921 7C20F6CF1A09EEE4F40FE6F70B0F070213E4AE0B9599CF6348B0EAC781225457
7873668213 15539 2167 A59535C910EF44E712A94C96D61E8C49ADCEAFD5A3E6573DF0DA822730FAC5DF
7879924077 16530 20167 7C20F6CF1A09EEE4F40FE6F70B0F070213E4AE0B9599CF6348B0EAC781225457
7880942759 7621 52238 8BB7990DC5DB2E32A1D46DDFE6EEC02FFF74D1D4E3F3B649F57CC9B5C020A6A0

Total of 0 tasks calculated error.
