Total of 100 tasks calculated correctly, accuracy 100.00% 
7932033009 11791 12483 8396DC1F3420DA61E7FD128CE17F758D1CB80C9C69A67B0A83A834C4214A95B0
7931086070 38789 61273 67181AA13DCFDCFA4CC78719FCF74B0AB91876D8D9B4F01C18FC68FA918C53D3
7924236637 52766 65295 7C20F6CF1A09EEE4F40FE6F70B0F070213E4AE0B9599CF6348B0EAC781225457
7929602655 33336 1631 7C20F6CF1A09EEE4F40FE6F70B0F070213E4AE0B9599CF6348B0EAC781225457
7930178036 60332 61126 7C20F6CF1A09EEE4F40FE6F70B0F070213E4AE0B9599CF6348B0EAC781225457
7929020796 54311 63448 6D819D1D3FABC0DD989A1615345D367DAA0813218637DC0EEC37F8FECD9E2D9A
7925417945 25819 13293 547FBA6F27DBD19F14F314CC3AC82DCE1332C6470AB9E637D717B0821B460B48
7924462337 34880 9445 7C20F6CF1A09EEE4F40FE6F70B0F070213E4AE0B9599CF6348B0EAC781225457
7923345337 36671 54926 CD218830F554B23BE68A2694D34E607C1369095EA8C5ECD188DDC08FF458B4EB
7925543325 17458 6484 7C20F6CF1A09EEE4F40FE6F70B0F070213E4AE0B9599CF6348B0EAC781225457
7921518022 51017 57821 4F9E94C60236CA017E897F48EDED00AEA9152ADC9CAE7457AA59A09533C7EFEA
7924142248 38061 25596 C99AFEFAAC6357EDBAA034EFD28589D4496806E2F747E567DC42CA629DCF4E69
7928826233 14021 43492 2A7F59B82AFD84D2CC728EF2D7F6632D8B56D9EF80CF7C4EAC7F5DFB81EDF791
7923763045 4442 41500 7C20F6CF1A09EEE4F40FE6F70B0F070213E4AE0B9599CF6348B0EAC781225457
7923294623 12772 58271 7C20F6CF1A09EEE4F40FE6F70B0F070213E4AE0B9599CF6348B0EAC781225457
7921726065 22278 52971 7C20F6CF1A09EEE4F40FE6F70B0F070213E4AE0B9599CF6348B0EAC781225457
7927341217 59356 58902 7C20F6CF1A09EEE4F40FE6F70B0F070213E4AE0B9599CF6348B0EAC781225457
7929855549 11590 33149 7C20F6CF1A09EEE4F40FE6F70B0F070213E4AE0B9599CF6348B0EAC781225457
7925332238 64239 27353 24D1564390C16AF387E416CA9218528A951F4D41AF2C721F2C7440FD6A96B04E
7925906021 19029 55517 ED166F326001B71C36D6340413508F783950767B007A0B283968327CAA35C541
7931675309 24956 13596 7C20F6CF1A09EEE4F40FE6F70B0F070213E4AE0B9599CF6348B0EAC781225457
7922083694 12896 40715 7C20F6CF1A09EEE4F40FE6F70B0F070213E4AE0B9599CF6348B0EAC781225457
7928690071 24440 6725 7C20F6CF1A09EEE4F40FE6F70B0F070213E4AE0B9599CF6348B0EAC781225457
7925889438 58631 13047 872CF1164C316483CFF3869617F3153504FA172E3183F534C1A0AF4D953EF9A9
7921225355 57991 23661 4F29D3C04062A60D1F6421CE9A0AA1C2FF67D8822755CDD66F2AD76A110E812C
7922632477 16162 12365 7C20F6CF1A09EEE4F40FE6F70B0F070213E4AE0B9599CF6348B0EAC781225457
7922579480 30638 59586 7C20F6CF1A09EEE4F40FE6F70B0F070213E4AE0B9599CF6348B0EAC781225457
7928640397 8487 45157 0146C9696EB08ABE970CAE82A41C4A661977F01EB711CC4CFAF6F87457A551C1
7924613191 16204 10963 7C20F6CF1A09EEE4F40FE6F70B0F070213E4AE0B9599CF6348B0EAC781225457
7922510900 52649 11354 3A01542AEB373BC9614F10D225B218B511E5B34E9269D0C427B37ED68B779EAB
7922735424 8809 21864 5356097F0C564C70B3E73DEE12C68F0623B09539B1E557CE5DDCA2C442010BF1
7928363007 3291 53910 7A46A3A3B41B169A6A9C9BC28A28068F1038F71E2485760A79D1F4C7C1A1F1ED
7922079643 18659 55080 004D73DA1EB251B0F5651E94F49CE97779C122C0E58AAAF7E48835DA1872B58D
7920841692 44256 62827 7C20F6CF1A09EEE4F40FE6F70B0F070213E4AE0B9599CF6348B0EAC781225457
7925802941 11155 38845 5DB156E0E23D77ACF4B2C9E795A002D45706E8CE85DA6716DC4DEA6F48AB7D71
7924174048 36111 52382 94E4FE7E514B1007A0BEF2DDF06E69F5A11E82C7CCC74ACA28BBAA3F8C02A304
7926510211 13500 22496 7C20F6CF1A09EEE4F40FE6F70B0F070213E4AE0B9599CF6348B0EAC781225457
7924830184 21422 55691 7C20F6CF1A09EEE4F40FE6F70B0F070213E4AE0B9599CF6348B0EAC781225457
7924914326 21801 46857 74ACA4677C3139CF68595B0EF974084BD8BC99A6C79FBA10E71006530F149439
7929134952 31193 51039 08DF6DF7E4D71DB0492AF9AF23BBEBD2B68D27519EBC329751BEDC00898EF44E
7921553087 50313 62388 DF3835556C40547BC76FE82BE8852BF220EB2C1540F1B3D14726E2DC9261FEF6
7924517732 4848 8846 7C20F6CF1A09EEE4F40FE6F70B0F070213E4AE0B9599CF6348B0EAC781225457
7930688445 30293 28779 225D723FAF1ED6AF266AD85E61DFC247A14454B4811BDE4272F219AF56812B43
7924765801 8935 22890 0EC2CC266416565D79F50604622391C0055AAEB315D64AB3C278C217760B9C04
7928147566 58213 24584 FA69ECB96B85FB95C728CA8C12824EF3F60906DF115C4888336B018A1F2C49A4
7925558876 35134 58481 7C20F6CF1A09EEE4F40FE6F70B0F070213E4AE0B9599CF6348B0EAC781225457
7932140301 14506 24017 7C20F6CF1A09EEE4F40FE6F70B0F070213E4AE0B9599CF6348B0EAC781225457
7932251328 62267 62059 B364D59DE2DB97AFA4C1EDEB9F6D11D31B668ED25826D5139534C0021781A7A1
7931905505 29437 46160 0CA820C764CE3473AB2805E847A9E2754955CBD825E23A521A80E4F50AD0BABA
7926723265 40782 43959 7C20F6CF1A09EEE4F40FE6F70B0F070213E4AE0B9599CF6348B0EAC781225457
7923708605 58797 43648 50CC4277684732B6ECEAA33AD6DB7A82ADF468F707C38D631A7D9996604DAB2D
7927231766 59289 1654 62F2FB5B33DE81C6082DB5DC925A19DADA5798D20212908A80E5E1ECD3BBBABE
7922233017 41918 26533 7C20F6CF1A09EEE4F40FE6F70B0F070213E4AE0B9599CF6348B0EAC781225457
7923634152 60336 47960 7C20F6CF1A09EEE4F40FE6F70B0F070213E4AE0B9599CF6348B0EAC781225457
7925324241 50282 12109 7C20F6CF1A09EEE4F40FE6F70B0F070213E4AE0B9599CF6348B0EAC781225457
7924766373 20699 28538 D3A1DC846EBFB8ACEA60D75F1BC17568D1C84E62B5D0A8D8DED576F34E2BE8EC
7928903423 1654 10226 7C20F6CF1A09EEE4F40FE6F70B0F070213E4AE0B9599CF6348B0EAC781225457
7924896820 1598 52119 7C20F6CF1A09EEE4F40FE6F70B0F070213E4AE0B9599CF6348B0EAC781225457
7921226356 44438 21902 7C20F6CF1A09EEE4F40FE6F70B0F070213E4AE0B9599CF6348B0EAC781225457
7928137058 9086 55099 7C20F6CF1A09EEE4F40FE6F70B0F070213E4AE0B9599CF6348B0EAC781225457
7923438573 46828 32591 7C20F6CF1A09EEE4F40FE6F70B0F070213E4AE0B9599CF6348B0EAC781225457
7922931358 13220 64077 7C20F6CF1A09EEE4F40FE6F70B0F070213E4AE0B9599CF6348B0EAC781225457
7927444613 37429 31688 EB949E7286CDA2501FC0838C6B035A49FEAC7ACA1E87EC2F2E5C31A04D368B70
7924387759 13839 30906 F28D851B295FB33229F630AF4F8403119C66651040BBF4E0212A3A1F7B3B961E
7927015252 7915 55260 2E098E6A485C1520078C70E1ABA1553FAD3A5019424D132F1B825FB21C7B31EF
7924718731 17827 1085 E679CEDA29CAB32EB2D58EA5D3019B7AC9B71EE2E0CA7AD8B5E23A3DD93C2A01
7921404966 1683 11582 E596435ADCE1241A9C18DA8870E52C77912CC00412C69EBD934BB9BBADB4FA0E
7921065394 30366 53452 7C20F6CF1A09EEE4F40FE6F70B0F070213E4AE0B9599CF6348B0EAC781225457
7921501365 10933 56158 3CB637E5109C548E0AE74306D2B84192D6F3D5854E8040FD365F2F0F3214A927
7928302732 14941 44350 3F48A0B1BD235FD1E32CF2F06345395B5FF0CFEDA85B3EDD02537AA1B4F5F07E
7928534717 54687 38547 5418B9A54EAED6774D8125DF18D1262B062F16367C796305C8BE56F0AEA00142
7930913207 26890 19806 7C20F6CF1A09EEE4F40FE6F70B0F070213E4AE0B9599CF6348B0EAC781225457
7925380355 54109 19327 EE42E9E2ADD0A924E1EBE1C670250B05AF9183DE0BE2E0A6BC018C737A21F4DE
7927099137 37617 41184 D632FB20D55A0FBD39747C9B49DEED8BC8A705C8DB512422E8BDEEC42972526E
7928883692 25884 1564 7C20F6CF1A09EEE4F40FE6F70B0F070213E4AE0B9599CF6348B0EAC781225457
7924114542 62427 50303 C770270F74C981C1E0F1FBD1DDB570C718F17F7608EEFA0A9439D447F15C2B0E
7926674143 9863 26554 B5ABB6B9F56EBDF30D75FB5F1B8A269ACF76FDA9D6EA847310529364A764D68D
7929141067 5451 18876 ACD77B4EDCB528EB75FD28691626C571EA43FF5427425CB927C46C6E83835AAB
7921242433 30905 23251 49823DE0E5B755D5400A946DD5FB88220129023287643E021CE071FFACE7D720
7923217341 43359 40452 7CA7E0CE16CE3F95328B3BC81162C6BB969C4B938C01E1C5D27FBE510CF9D725
7922256996 45932 19180 7C20F6CF1A09EEE4F40FE6F70B0F070213E4AE0B9599CF6348B0EAC781225457
7923540142 1312 3875 7C20F6CF1A09EEE4F40FE6F70B0F070213E4AE0B9599CF6348B0EAC781225457
7931261926 64887 24378 C40CBA30502C60412D308A3C20362B11A7B693234CDF98A75077107AD89B29FD
7929954405 40928 34903 7C20F6CF1A09EEE4F40FE6F70B0F070213E4AE0B9599CF6348B0EAC781225457
7921959528 48039 24855 075AC5F27E5D5790F83A60ED7C46E016584C5A6CAE06BDF12AC5FFE35E75A3B9
7928011665 10043 53643 8DC9BAC25E8637B98237A313287E438F9964B04AB516233CBCE6A340E28DDD7B
7925112284 34146 52368 7C20F6CF1A09EEE4F40FE6F70B0F070213E4AE0B9599CF6348B0EAC781225457
7927923082 43827 24812 3CF6D5FAFC19AA9F730C54C613B6224C54AC2E82E576B66E8A73D4C204EED441
7924376754 13962 23788 7C20F6CF1A09EEE4F40FE6F70B0F070213E4AE0B9599CF6348B0EAC781225457
7926873539 54459 51489 7A4A0581D45E6FF375E4DD10C3A98C904EAA9E64BFCDD3263E2C422FE4BFC146
7923998079 32451 20489 B63C8FE8FD69926622CB59AC3F46CEFE7CF06B2ED185F255A4C293F57C03464D
7929643720 14051 930 647F193F5341006BF83F9F2C58B39215DFB5A3F8205A416EA6D7EA5ED305E7F5
7927867812 54265 15396 D2CDA2A1A4A028A92C01606F2C70BED660310C35D913ED24EB005FA281BD2D7D
7923416930 49409 39527 B1B4558321D8C4792374A9AA6FA8B12F9C2413049B02F6C9334773D67E89293F
7930267400 35876 16890 7C20F6CF1A09EEE4F40FE6F70B0F070213E4AE0B9599CF6348B0EAC781225457
7930128718 29073 46966 565C23D4387342E7CA825A522FAD8682B22C40FAE6D8544890EA876C6325E087
7922794573 11821 40687 11D780E689B17F44E0C9DBDCDE84D721E14B9C0DCCA3452FF1CE430B95169BB1
7921498961 45086 4275 7C20F6CF1A09EEE4F40FE6F70B0F070213E4AE0B9599CF6348B0EAC781225457
7928258564 7417 1694 B1BABA8B148BB13255D863B43D192ACF950BD26B6FFF8BD699A1C8F648DF191E
7923545236 51090 29431 7C20F6CF1A09EEE4F40FE6F70B0F070213E4AE0B9599CF6348B0EAC781225457

Total of 0 tasks calculated error.
