Total of 100 tasks calculated correctly, accuracy 100.00% 
7942503561 5213 54317 157B7A038F6AB9C58AD3140A06EFD6F5A483F5924FC1B98CC29894993376193C
7940292790 55803 32964 D797A4EE5B44241665376E4B70CB2C739CE94A8588046DAC55A18779A0DD9026
7942374237 3788 12547 7C20F6CF1A09EEE4F40FE6F70B0F070213E4AE0B9599CF6348B0EAC781225457
7936835266 16311 13098 67BF0BFAEBED2C36746DB43F66D7F6D4554F7F9F6162D5D1B5CB351908F8DF21
7942406903 43466 51453 7C20F6CF1A09EEE4F40FE6F70B0F070213E4AE0B9599CF6348B0EAC781225457
7940637520 60922 11351 7C20F6CF1A09EEE4F40FE6F70B0F070213E4AE0B9599CF6348B0EAC781225457
7942351243 54374 47600 7C20F6CF1A09EEE4F40FE6F70B0F070213E4AE0B9599CF6348B0EAC781225457
7933187911 3574 35397 7C20F6CF1A09EEE4F40FE6F70B0F070213E4AE0B9599CF6348B0EAC781225457
7933545015 64335 8006 73639E57F21E5AAA7FB8DDE7D9EB419B8903F603FD69018626C8927F06A33422
7940723767 57842 13563 7C20F6CF1A09EEE4F40FE6F70B0F070213E4AE0B9599CF6348B0EAC781225457
7932587297 60724 59956 7C20F6CF1A09EEE4F40FE6F70B0F070213E4AE0B9599CF6348B0EAC781225457
7938939822 45641 65331 68FB443F5320666E55C370152F88C404A1AEB8C4170CF54CA6FC17B95584BB10
7937743296 26960 25558 7C20F6CF1A09EEE4F40FE6F70B0F070213E4AE0B9599CF6348B0EAC781225457
7935369954 4336 57003 7C20F6CF1A09EEE4F40FE6F70B0F070213E4AE0B9599CF6348B0EAC781225457
7935034176 16370 44213 7C20F6CF1A09EEE4F40FE6F70B0F070213E4AE0B9599CF6348B0EAC781225457
7943289304 3984 28376 7C20F6CF1A09EEE4F40FE6F70B0F070213E4AE0B9599CF6348B0EAC781225457
7935527010 64755 33809 B458A3B597A18E74974BEC00C84D998A5C08BD0868E596DE965A8A37A4EBD606
7938312485 55223 18868 A58ECF1DBE908FB768DC1B40877A47AA0631F757D11D8EE5DC296C287266B45C
7938326290 17679 25205 C064C929FA7A8A9D3BFE7B879E66E169CE37F8AE55F7E8FBA3E7EF00C2342770
7935953178 38892 57404 7C20F6CF1A09EEE4F40FE6F70B0F070213E4AE0B9599CF6348B0EAC781225457
7933036994 58085 55894 195DEDFA36F471805CE036F4AAAFDF78E7DCBF2B0B0A2A9512699764446BF4A7
7943461082 43273 8287 AB3006688BFE2EF54A6EB1618726C5E88367FEBB373B03BF7CDE03652D873A14
7938273271 42452 44151 7C20F6CF1A09EEE4F40FE6F70B0F070213E4AE0B9599CF6348B0EAC781225457
7937444711 62641 6684 52F9911009F02C6B5A9DE1F6F38942F110FC453B565208B6236990C3B3FF81D7
7943873813 48795 63840 F2B4282030986255F835D625F2880D21C1F18DB0E595CFE03912E3D72A01B32E
7944072974 33741 61518 795FB37C038F6F8EFFA6DFB1761CF35B17E02493180F26A1AC718876F02ADEC7
7941595828 25197 11733 278286CB0A1B3F0616E9B84E53197CA651A7FE0BBA6B126F9D9A741DDC556093
7941202132 9444 57312 7C20F6CF1A09EEE4F40FE6F70B0F070213E4AE0B9599CF6348B0EAC781225457
7942690331 23682 64157 7C20F6CF1A09EEE4F40FE6F70B0F070213E4AE0B9599CF6348B0EAC781225457
7939061511 1215 42093 850301F7DC2EA4E52DB29EC8587A51DA5A6C6424C1B2422A844ACE28B4677D6F
7944119704 2782 11433 7C20F6CF1A09EEE4F40FE6F70B0F070213E4AE0B9599CF6348B0EAC781225457
7937199485 29049 16264 D85D750B8AC985D891C0CD7AEB42B7BF39D61B376DF325345798423FF97A31FC
7938663654 44271 8307 8454EA9D1AB8A7465D3655EAB0CA229C769EA3A203ACD8583B7C714221466518
7932598166 31312 24204 7C20F6CF1A09EEE4F40FE6F70B0F070213E4AE0B9599CF6348B0EAC781225457
7939356653 4000 16558 7C20F6CF1A09EEE4F40FE6F70B0F070213E4AE0B9599CF6348B0EAC781225457
7941834389 63986 24239 7C20F6CF1A09EEE4F40FE6F70B0F070213E4AE0B9599CF6348B0EAC781225457
7939934872 13000 30570 7C20F6CF1A09EEE4F40FE6F70B0F070213E4AE0B9599CF6348B0EAC781225457
7932959200 17315 50813 D16D290101A57A99F2792C9FF3AF91D357F9CF95F139A104CBF8E1C4711661A1
7941351776 28004 20485 7C20F6CF1A09EEE4F40FE6F70B0F070213E4AE0B9599CF6348B0EAC781225457
7942536363 8761 53726 9D41B6932021D8E7DF8BEF84A75F1E7199414782D96FF5D214D4D978DA6F431D
7938241490 38929 13618 B602EE6EA24CE916E093A28C56BD43AC0CAB7FAD49987B0B23F991E68BAEBD58
7932891130 15295 64922 7A9463C5B819A58EEA63950E7F00575D61350ED4799AC3587C9732C9C841C8CC
7933475937 62159 47044 65F0156C79DDA6AD74C1AE10FAA83EE3A77125E157F130A5DF5884E27853CC7A
7940602350 4996 54262 7C20F6CF1A09EEE4F40FE6F70B0F070213E4AE0B9599CF6348B0EAC781225457
7938154006 13850 11352 7C20F6CF1A09EEE4F40FE6F70B0F070213E4AE0B9599CF6348B0EAC781225457
7943541670 18108 40998 7C20F6CF1A09EEE4F40FE6F70B0F070213E4AE0B9599CF6348B0EAC781225457
7938505190 3625 2244 7E2763B5DD5DB7DC7ED5BC9AAC6893E297832A036937350C8F13723610F4BE61
7932889025 26966 39664 7C20F6CF1A09EEE4F40FE6F70B0F070213E4AE0B9599CF6348B0EAC781225457
7939486629 14039 26220 268CD467AEAE9EEFBE4A3ECE680E17FA4BD28360B41271F3947F15A84AF085C5
7940369044 40194 41840 7C20F6CF1A09EEE4F40FE6F70B0F070213E4AE0B9599CF6348B0EAC781225457
7932944418 1562 40235 7C20F6CF1A09EEE4F40FE6F70B0F070213E4AE0B9599CF6348B0EAC781225457
7939106475 41885 36125 20FCF68E1955A7A0CC8938B16919FF2B0BA0C0347600947799EEAA4D3262EB7B
7934764524 11832 13304 7C20F6CF1A09EEE4F40FE6F70B0F070213E4AE0B9599CF6348B0EAC781225457
7936469096 56071 23961 6E1068491223A0134A694783572783286D0E75870EFC5E00EAC07FB86B926D2C
7932596584 15168 61420 7C20F6CF1A09EEE4F40FE6F70B0F070213E4AE0B9599CF6348B0EAC781225457
7943671358 31035 11550 3612D0D81801465738F46CE18152F1D0F4429F57457DCFAE5F917A22AB618329
7944279862 47782 29796 7C20F6CF1A09EEE4F40FE6F70B0F070213E4AE0B9599CF6348B0EAC781225457
7935916250 14500 29333 7C20F6CF1A09EEE4F40FE6F70B0F070213E4AE0B9599CF6348B0EAC781225457
7940150891 52733 12620 C51F9C4EC00C5BF686811E8BD4754B90480B8667F421404D2983DF225E46628C
7939503091 55536 16959 7C20F6CF1A09EEE4F40FE6F70B0F070213E4AE0B9599CF6348B0EAC781225457
7936645666 23244 25705 7C20F6CF1A09EEE4F40FE6F70B0F070213E4AE0B9599CF6348B0EAC781225457
7942972095 20303 41954 82344515903AA4D997409E6846E03CDA0820D9AC37F23010E97BF158F52D3BC3
7934778086 41526 11995 7C20F6CF1A09EEE4F40FE6F70B0F070213E4AE0B9599CF6348B0EAC781225457
7935330111 2190 44054 7C20F6CF1A09EEE4F40FE6F70B0F070213E4AE0B9599CF6348B0EAC781225457
7939510684 43818 58323 7C20F6CF1A09EEE4F40FE6F70B0F070213E4AE0B9599CF6348B0EAC781225457
7932725176 48753 13619 D1C5CB9651FE61AB3D77BF0A8A923BC215093B35353581AAE90A72B56686C47E
7941950096 14822 14057 7C20F6CF1A09EEE4F40FE6F70B0F070213E4AE0B9599CF6348B0EAC781225457
7932847056 36658 58114 7C20F6CF1A09EEE4F40FE6F70B0F070213E4AE0B9599CF6348B0EAC781225457
7942068735 566 20712 7C20F6CF1A09EEE4F40FE6F70B0F070213E4AE0B9599CF6348B0EAC781225457
7934435161 50340 55164 7C20F6CF1A09EEE4F40FE6F70B0F070213E4AE0B9599CF6348B0EAC781225457
7942943384 6682 39210 7C20F6CF1A09EEE4F40FE6F70B0F070213E4AE0B9599CF6348B0EAC781225457
7937167453 58986 50618 7C20F6CF1A09EEE4F40FE6F70B0F070213E4AE0B9599CF6348B0EAC781225457
7940620543 12618 460 7C20F6CF1A09EEE4F40FE6F70B0F070213E4AE0B9599CF6348B0EAC781225457
7933285600 5327 54930 05D98116CC0BA8363382435E032B2B4076C17E4939C0D4E19958B0F6A61D6BEB
7935912196 43345 65495 7240DF50B888555F3518F1CB86B5310B155DBEA2AA314BCE9A5413F53840F716
7935030062 64519 43317 C84B42B383E1F96E1CEB15BF761554CF3031441A2069C40CFF1F2581362BBC1E
7941755809 50945 18423 C3FDCCBC53580E3154BD245F832F2642F2F597E2C5DAF2F2D24CD8CD0D5CE03C
7941745093 28628 7830 7C20F6CF1A09EEE4F40FE6F70B0F070213E4AE0B9599CF6348B0EAC781225457
7940049520 31725 14845 FAFFA1682A86CDA2CC239FD803FBF4718E4BB8371171F8DEF4ED939B0C551CF2
7941718846 56107 57349 744032295D07F1C6CC05DD543B3305D3FDF9E51660A15AB0D0209BF1CA5BC8EF
7939730397 45169 18967 E87AD7D6C2ECD3B06F623B5F12761B882284FB5634CEC85745E7658F91F07E10
7941343225 15005 10093 8EF1F78BE162ED1990AA77F70BF5969DAF14B39278ADFB971FF8BB42684DAE74
7940495654 24358 7463 7C20F6CF1A09EEE4F40FE6F70B0F070213E4AE0B9599CF6348B0EAC781225457
7937725193 64288 35733 7C20F6CF1A09EEE4F40FE6F70B0F070213E4AE0B9599CF6348B0EAC781225457
7933636442 46884 17863 7C20F6CF1A09EEE4F40FE6F70B0F070213E4AE0B9599CF6348B0EAC781225457
7934656492 47054 3125 7C20F6CF1A09EEE4F40FE6F70B0F070213E4AE0B9599CF6348B0EAC781225457
7943812423 42423 3066 B54BD181974F1A47417107E6A6BFD049611746B56D9875EB3B05157F43E181BE
7936895282 52122 18363 7C20F6CF1A09EEE4F40FE6F70B0F070213E4AE0B9599CF6348B0EAC781225457
7938130592 21634 24176 7C20F6CF1A09EEE4F40FE6F70B0F070213E4AE0B9599CF6348B0EAC781225457
7934872348 11022 46231 7C20F6CF1A09EEE4F40FE6F70B0F070213E4AE0B9599CF6348B0EAC781225457
7934782482 4840 37026 7C20F6CF1A09EEE4F40FE6F70B0F070213E4AE0B9599CF6348B0EAC781225457
7940717143 45510 5885 7C20F6CF1A09EEE4F40FE6F70B0F070213E4AE0B9599CF6348B0EAC781225457
7934447067 53478 58693 7C20F6CF1A09EEE4F40FE6F70B0F070213E4AE0B9599CF6348B0EAC781225457
7939634578 53174 46700 7C20F6CF1A09EEE4F40FE6F70B0F070213E4AE0B9599CF6348B0EAC781225457
7939251853 3942 62745 7C20F6CF1A09EEE4F40FE6F70B0F070213E4AE0B9599CF6348B0EAC781225457
7942440730 65283 17427 D72EBA3FDF005C4FC362320AFA753C12B298A88FFB49DBBCF224758492E00691
7939634829 63834 5055 7C20F6CF1A09EEE4F40FE6F70B0F070213E4AE0B9599CF6348B0EAC781225457
7938462942 15235 20116 18FC65ACAF8C59AD981CC0BAF9A9CEA41D45C09FAE77E9E1EC41621DB9B0BDE3
7937725108 48096 64215 7C20F6CF1A09EEE4F40FE6F70B0F070213E4AE0B9599CF6348B0EAC781225457
7939935971 31893 28626 C201751D005956B7A8490522C6142A2B74405198FFDDBF382B99A3438867C2C0

Total of 0 tasks calculated error.
