Total of 100 tasks calculated correctly, accuracy 100.00% 
7946527883 4022 51187 7C20F6CF1A09EEE4F40FE6F70B0F070213E4AE0B9599CF6348B0EAC781225457
7949844608 30646 15547 7C20F6CF1A09EEE4F40FE6F70B0F070213E4AE0B9599CF6348B0EAC781225457
7946380951 15771 5055 30A14C3CBC5A8AA00C86C4533124AD03B521C41394CA9AC94EC7552CF8398917
7946814251 30217 13491 151CA6822AC8079201944DE58697D8F45BBE642ED7B6897BC5DCE9D75FF7775C
7947517171 52451 15273 5824FD0145E0FBF813DF8A5AD948E9F893BD894DDDB4C7747933335C2015A53F
7953361450 33847 4329 7696F87B0F038795CBC59A1DB62772101D5CA1A4F546588DC22DFE53D0718304
7949761522 1924 29204 7C20F6CF1A09EEE4F40FE6F70B0F070213E4AE0B9599CF6348B0EAC781225457
7945837030 59865 29888 32050187DED22D0274E3B909B300762FACCD97DFB545D2F99DB2E129B9ABADB5
7944833341 29856 37567 7C20F6CF1A09EEE4F40FE6F70B0F070213E4AE0B9599CF6348B0EAC781225457
7955515369 46837 11072 AF23A406E0F7BC7B5EE7148C69A49ADC381A4BF24D7CA9F9435951E8E0A2E509
7944899410 17189 29383 1134C8B2C28E8D90EF98BAFA67D6EB7ABE5B387E336FF708D81C52944B3C0519
7952193282 29987 52372 8F608C3EF6E79C6550B1A86EF2425B8CDCAAD0722A9A7E31E65FE938D3D71E28
7955565002 35628 19890 7C20F6CF1A09EEE4F40FE6F70B0F070213E4AE0B9599CF6348B0EAC781225457
7948394475 46260 36122 7C20F6CF1A09EEE4F40FE6F70B0F070213E4AE0B9599CF6348B0EAC781225457
7955484999 30888 9822 7C20F6CF1A09EEE4F40FE6F70B0F070213E4AE0B9599CF6348B0EAC781225457
7948090239 2224 49289 7C20F6CF1A09EEE4F40FE6F70B0F070213E4AE0B9599CF6348B0EAC781225457
7951050710 2252 19147 7C20F6CF1A09EEE4F40FE6F70B0F070213E4AE0B9599CF6348B0EAC781225457
7948906378 60323 54564 9EA032022E6612FB5007405D7387AF12F23878218AE3AB02BECB3C765413DC58
7944832422 58805 28701 0AA2BFBD4DD806481152F58450A81C8F49929EF4EAEF1BF087614435E3C66778
7955105049 11982 28537 7C20F6CF1A09EEE4F40FE6F70B0F070213E4AE0B9599CF6348B0EAC781225457
7946174393 38508 17656 7C20F6CF1A09EEE4F40FE6F70B0F070213E4AE0B9599CF6348B0EAC781225457
7953291386 1435 51076 8B3200341E69B8B1AA167B7BAD5B35622F5AC49D8B6ECC2110C2AC97253C5D40
7952744211 20314 31509 7C20F6CF1A09EEE4F40FE6F70B0F070213E4AE0B9599CF6348B0EAC781225457
7951046899 56500 33406 7C20F6CF1A09EEE4F40FE6F70B0F070213E4AE0B9599CF6348B0EAC781225457
7949812683 38394 45524 7C20F6CF1A09EEE4F40FE6F70B0F070213E4AE0B9599CF6348B0EAC781225457
7946064388 9779 65408 3E7F078158F1CCA5C6B7CC8897507E55C3554B57F71F3117930E5EEE7B44F052
7944711250 65266 8286 7C20F6CF1A09EEE4F40FE6F70B0F070213E4AE0B9599CF6348B0EAC781225457
7946678127 63150 58502 7C20F6CF1A09EEE4F40FE6F70B0F070213E4AE0B9599CF6348B0EAC781225457
7947731902 30251 1224 4B9301BE998FAC052DB3BD8A6AB2D6D88E8BD6F43EEDD2213F2B4243E19139D3
7951834321 51913 40347 F0BAB2F47E673D32FD10543271A31CC0E6FE92FA66A5BAA908553DFDB814028B
7953481192 58466 31966 7C20F6CF1A09EEE4F40FE6F70B0F070213E4AE0B9599CF6348B0EAC781225457
7953911996 14898 32129 7C20F6CF1A09EEE4F40FE6F70B0F070213E4AE0B9599CF6348B0EAC781225457
7953798201 56012 14303 7C20F6CF1A09EEE4F40FE6F70B0F070213E4AE0B9599CF6348B0EAC781225457
7951528665 60424 3971 7C20F6CF1A09EEE4F40FE6F70B0F070213E4AE0B9599CF6348B0EAC781225457
7951418367 30020 61240 7C20F6CF1A09EEE4F40FE6F70B0F070213E4AE0B9599CF6348B0EAC781225457
7954091450 58876 21834 7C20F6CF1A09EEE4F40FE6F70B0F070213E4AE0B9599CF6348B0EAC781225457
7954004333 13964 59631 7C20F6CF1A09EEE4F40FE6F70B0F070213E4AE0B9599CF6348B0EAC781225457
7952393946 51131 50969 9F49F762A47A805FA7624B5593B688A78ED919760924E5DEFCEB9C081B4965F5
7953127263 55899 37969 4E6625F73AD80FFF49FF3F80FE76FB6F7BFE5C7BF4B6F10B06B3672365B5CE6A
7954684220 20433 50168 F1CF6E7C98EA423E806834732C05625BF49AFE5C1511544BE99455845AB524CD
7947274674 7481 831 103266D5AB3DFF1C430B6BF628FCBB1780C0EAFC7C887A1ACC93EB48A39524AF
7946233695 27872 54694 7C20F6CF1A09EEE4F40FE6F70B0F070213E4AE0B9599CF6348B0EAC781225457
7954698487 48556 12672 7C20F6CF1A09EEE4F40FE6F70B0F070213E4AE0B9599CF6348B0EAC781225457
7954224948 16380 54018 7C20F6CF1A09EEE4F40FE6F70B0F070213E4AE0B9599CF6348B0EAC781225457
7952316024 27286 22779 7C20F6CF1A09EEE4F40FE6F70B0F070213E4AE0B9599CF6348B0EAC781225457
7952856023 46161 5850 CA751335EAC74DDA1AE8147F0ED886522B1B19895CCA239196BE10B67AC0777F
7950001238 43691 13221 E09D18E9B370FFA7615E22BF934C705B9401E52195156B2923CB97A8D433C5F7
7953197243 9551 25354 C3C0369CA57BBCC0DC7D75524FEE221EEC8F9B0F3915186A9D9E5AA03FBAF0F0
7952077061 60760 6182 7C20F6CF1A09EEE4F40FE6F70B0F070213E4AE0B9599CF6348B0EAC781225457
7944763027 54941 11392 327F4AA6B2375671F1C34E13E5C45A280EF3FF84C8FA66FA5707710063C9C9C5
7952398674 20510 7989 7C20F6CF1A09EEE4F40FE6F70B0F070213E4AE0B9599CF6348B0EAC781225457
7945959675 25170 64004 7C20F6CF1A09EEE4F40FE6F70B0F070213E4AE0B9599CF6348B0EAC781225457
7952070506 12871 40398 426BD8BC3C4DB7EEB117C4193881CDC9909C954969139EE34C590162E19A570E
7948928988 14949 51647 CC3C622983EFDD723FAC0DFE931C6A7082295F63E291664BC102A8E9DAB256E6
7955463481 35411 12588 7A753F070BE12746FB4CB90CDA90943FFF758C71F1206A954B437BBBA51B8E80
7947899739 59034 9489 7C20F6CF1A09EEE4F40FE6F70B0F070213E4AE0B9599CF6348B0EAC781225457
7949704082 41627 23797 51C29BF18CE9D84AFCA34D28B876DC2984DA085C36ADDEFADCB18446412BBEE8
7948889473 57185 29279 5E01941B87A4A81DF2D615DCE99CCD2EDC351BA79EC2C1BC8E9CBA9579918288
7949963356 53132 37015 7C20F6CF1A09EEE4F40FE6F70B0F070213E4AE0B9599CF6348B0EAC781225457
7948953677 32436 17045 7C20F6CF1A09EEE4F40FE6F70B0F070213E4AE0B9599CF6348B0EAC781225457
7951996056 24093 44556 FB9456021F4BE375595DDD4AEEF6A069C1C75CD11E1D0132221116F7AC1730AE
7947034634 5141 33812 6D2302E0E1C6A3C96E50862AB5B2B31CA2B2EA74E5832995BCCEAE208E12AFBB
7952771905 52129 78 0F8856A1DF00BE8E40740AB378A5FE9A472598AF0B295151EDF3356110D6EE9C
7948306853 8476 25425 7C20F6CF1A09EEE4F40FE6F70B0F070213E4AE0B9599CF6348B0EAC781225457
7955450965 9496 21589 7C20F6CF1A09EEE4F40FE6F70B0F070213E4AE0B9599CF6348B0EAC781225457
7948818754 5990 46749 7C20F6CF1A09EEE4F40FE6F70B0F070213E4AE0B9599CF6348B0EAC781225457
7955119884 52645 23204 A1571394E1F795C9E5C4E0D74616408DED7E7B3A86E798B8210C0AF62025C410
7953888008 34800 57464 7C20F6CF1A09EEE4F40FE6F70B0F070213E4AE0B9599CF6348B0EAC781225457
7945086941 32498 41293 7C20F6CF1A09EEE4F40FE6F70B0F070213E4AE0B9599CF6348B0EAC781225457
7948087879 36664 33049 7C20F6CF1A09EEE4F40FE6F70B0F070213E4AE0B9599CF6348B0EAC781225457
7952133698 55915 3790 F9787C52477CFED339A723B581F2F2DF34623E5CBCB4A4F1947546ED073B9C7C
7948984506 33773 5236 03B8D6CAE195CEC81A8ED111E046591D8A12EA8F4508E6C5058802B61C5DC083
7946836899 62811 20951 126746486E6A833652DEDDA9818B4D61B83DA4F25912422F5F22B82981065A52
7946542348 63481 3625 4586722E038857F160144AE720B1CB715EC3CAF47A218D35A73C140AC6B4E54E
7950238669 61264 25028 7C20F6CF1A09EEE4F40FE6F70B0F070213E4AE0B9599CF6348B0EAC781225457
7949092818 29055 30501 0547BAF6BCEFF047E3CA59D602D8FEDE5A00CF07F7D4EDBFE21B229A9F9ED437
7952787035 43502 30019 7C20F6CF1A09EEE4F40FE6F70B0F070213E4AE0B9599CF6348B0EAC781225457
7948527316 38899 59283 660ED077F2A6153006CAF42E8063A206A9C108C49DCCE77C850D1578FCED1EFB
7949959278 54972 47047 7C20F6CF1A09EEE4F40FE6F70B0F070213E4AE0B9599CF6348B0EAC781225457
7949905970 6833 59931 4F0573A4CD31F80A750B89E4D721BA0672D99C36BECEBE3F9DBB59DEA7924F6A
7944956448 27219 6114 A011BFE821BEB274BF37B30BEEB5F5E415448769023D05B1E863BC9D8F668971
7951546286 48399 13854 1FE1505AE6985386232FC089CFC6F76431FD0F57CEB2252B3C01E71323E7644B
7945687865 38401 25485 4D272C742C3C3BB320CC407B32D3DF6C338B5600F9647F9618A766F01337013C
7955330206 16015 38194 AE30CE4FD69D8510D4504DA24C2AA375857FBCDD3C69AAA66FBD949511916FA9
7945728260 19251 37782 A761F52FF5FF7CCA1D01788C2358D210BFAAD34BBD8BE7860EC9192C6568763C
7945825939 45292 25052 7C20F6CF1A09EEE4F40FE6F70B0F070213E4AE0B9599CF6348B0EAC781225457
7954546270 49846 35913 7C20F6CF1A09EEE4F40FE6F70B0F070213E4AE0B9599CF6348B0EAC781225457
7953413752 4071 38441 CE4A8E8FFA27EEF7758EBE1E3922891D372BA3BB51D027356F3691B467F644B7
7952488357 6408 9048 7C20F6CF1A09EEE4F40FE6F70B0F070213E4AE0B9599CF6348B0EAC781225457
7945715377 40143 39183 94052C694B4CE0CAC1C149AB425E244B7783F8EFB08023E746ABC5A798C4576C
7952398409 42922 49267 7C20F6CF1A09EEE4F40FE6F70B0F070213E4AE0B9599CF6348B0EAC781225457
7951507503 5063 52600 EFB997E942C7B34ACE21E26FF22DF905F65D7E9E1CDACF2C4B0935F2689CB7DE
7952382342 22703 37962 5C2719984ABEA2AAB07DE397B36AD53D9FF7C5B94DC303B620BEA45B56939F18
7944977193 10993 63586 AEDD1D3B62EA82C785B1CD23472F2C7896F8DBA492DFE3109A63AED1A2E53742
7945117173 24410 54267 7C20F6CF1A09EEE4F40FE6F70B0F070213E4AE0B9599CF6348B0EAC781225457
7946924648 35942 20364 7C20F6CF1A09EEE4F40FE6F70B0F070213E4AE0B9599CF6348B0EAC781225457
7948819716 51348 56486 7C20F6CF1A09EEE4F40FE6F70B0F070213E4AE0B9599CF6348B0EAC781225457
7947699251 36827 13550 DE236050C0FC6FDAB2AF9E2B928A58F09D1B35D5A818811FB50F425A282DDC9A
7950833691 62527 62069 2C8F94EA57125F1C6318FF78DD0686F6B12B3FBA1294C9C72B03F7C4B1A26CEB
7949431944 29785 7181 A2C3D5B32703EE78A413468E7B4E15314140ACA2ACDF477BC415D68AD1F3AF44

Total of 0 tasks calculated error.
