Total of 100 tasks calculated correctly, accuracy 100.00% 
7961348730 31014 56131 7C20F6CF1A09EEE4F40FE6F70B0F070213E4AE0B9599CF6348B0EAC781225457
7961937576 42913 47309 F788B06D11D86E541D5FDB665B59CAADC5F59390840A346B982458A9FC15489F
7961912076 3947 40876 FFA32539331E7F1A4FC28735C3B08E201B440B4659C5330F4CE0C345A6AD0E0D
7959896100 17526 54261 7C20F6CF1A09EEE4F40FE6F70B0F070213E4AE0B9599CF6348B0EAC781225457
7962923016 29659 9019 436A5B99592D44A10E94AB62546F66BB1060F329B533BA0F4AE4D44512E5D173
7959995879 19340 18346 7C20F6CF1A09EEE4F40FE6F70B0F070213E4AE0B9599CF6348B0EAC781225457
7960028451 3107 35998 7938AD85EC6165A684F0CA2D3CDA2911ECE29B69D8CFCB7C2C7E7CB32C38828E
7959183780 48222 42789 7C20F6CF1A09EEE4F40FE6F70B0F070213E4AE0B9599CF6348B0EAC781225457
7957484042 13432 7494 7C20F6CF1A09EEE4F40FE6F70B0F070213E4AE0B9599CF6348B0EAC781225457
7960823574 9031 27095 C224E3B901BE09EC473F02BB5D8DC6CFC2E2DBF61B9334FC69B26ED97D924BEA
7959632414 44952 1140 7C20F6CF1A09EEE4F40FE6F70B0F070213E4AE0B9599CF6348B0EAC781225457
7966115878 24288 42812 7C20F6CF1A09EEE4F40FE6F70B0F070213E4AE0B9599CF6348B0EAC781225457
7961808878 15315 3564 75894F93107FFAD2B9C98B10356E8374D97E8E2AE336D25A74FD9895AF18D5D6
7959923567 7470 27016 7C20F6CF1A09EEE4F40FE6F70B0F070213E4AE0B9599CF6348B0EAC781225457
7960517492 47665 55369 27B481E38B9D6CF8DB6EFD6DCE51738ADFF1B4DF30A880DA8EAFCEE3792565AC
7967738958 26273 45092 0D32B382A765B9EA83040CE34EE11E246BB5BBA48535BE996E57FB0C52EADEC3
7964564634 38464 20348 7C20F6CF1A09EEE4F40FE6F70B0F070213E4AE0B9599CF6348B0EAC781225457
7965650317 43875 47495 D7EE5F4BF4C2589C19C325D3D3B0BE6563A13EBA45884A43E410ABB269D7C47A
7957803814 46619 23417 1002715C021C147C88194CAFAED8C0B5EBEE91DF32D14FEDA7F7BD2B7685351E
7957752225 7160 8249 7C20F6CF1A09EEE4F40FE6F70B0F070213E4AE0B9599CF6348B0EAC781225457
7959277564 13006 33784 7C20F6CF1A09EEE4F40FE6F70B0F070213E4AE0B9599CF6348B0EAC781225457
7965839242 43926 35912 7C20F6CF1A09EEE4F40FE6F70B0F070213E4AE0B9599CF6348B0EAC781225457
7959949480 44569 14777 3FC2D4EB5AC12344EA2F66536A2FC6FF8061940BD6646E2983B75226C822070D
7957730626 41576 39671 7C20F6CF1A09EEE4F40FE6F70B0F070213E4AE0B9599CF6348B0EAC781225457
7963517990 32071 3120 7C16C3E85A9103C5CB5DCA867B88D7849F83308AE76A5388C3AECB644700AB6C
7960464882 34057 19350 238702DD1E982BA2BA7A95162ECA36D4C8E7A32D242706518A69C95875B3BDCB
7959869029 45285 4260 0539EA41BB5AA70C6EBDAF5A5517CCEA9B77B37866DEFC35563E7B8948659A88
7960625970 16855 12161 81920167C528EE7ECAC7188A953882741B2F75DA5247D5FD35DD1CA62A510072
7963637366 37162 990 7C20F6CF1A09EEE4F40FE6F70B0F070213E4AE0B9599CF6348B0EAC781225457
7961555921 16053 62260 A7497DEE2F5994F9B767DE9C60AB8A9F9D3AD97D980CA82DABDCDF38F5CE88C0
7962426324 58854 16854 7C20F6CF1A09EEE4F40FE6F70B0F070213E4AE0B9599CF6348B0EAC781225457
7960836422 37683 40159 61FF5E807A149714044BC46DD3B59EDCAF71CFE6526C8D0C5EBDB5A1A8A43F76
7960289380 3425 41997 01A72FFA55B7E2047A5B6054742CB52162E2D9AD742ED5448D33CF043C84B535
7959430081 7251 47616 D1CBE4BBD6FC22DE84038DE723664AD71E40B722D3F323158ADC80163D577740
7966684024 21030 37491 7C20F6CF1A09EEE4F40FE6F70B0F070213E4AE0B9599CF6348B0EAC781225457
7965407795 64233 22311 4D5343537BBDEE0272951A06C043601FA815D55DF9BBD213C719FD85ACE952D4
7967026399 51857 23906 337845F9067539DCF7036990336493E10B4FABE842D18DCCFC85802AD1F99D60
7964618889 54063 25462 439E25FB0AC10BDFEA43A9BAD01E8A76F8371463E3965E3680AECDC351CCD643
7964748903 47329 33782 46EFF1CD226E22EF49BC7CEDB31AE51EB40DEC80EDAB8FB65A734113C60806E0
7961629004 37704 23662 7C20F6CF1A09EEE4F40FE6F70B0F070213E4AE0B9599CF6348B0EAC781225457
7964280041 54949 22229 B2C68ABD6628B737BD2E4034A27768C8E5605E7459D950B3CC07800C5AAB9C12
7967229825 53251 7718 9F51ED0C804706423B009B88A4F89255560B4B8CA150B919D5C3416609B76738
7959544157 39661 37291 BB63BB68745CD26B5809BF5DDFC4BBBA39E351B297C67EA91AB87AB57FD1480A
7958759744 5846 57643 7C20F6CF1A09EEE4F40FE6F70B0F070213E4AE0B9599CF6348B0EAC781225457
7958036954 40685 7674 D4FD3669E3DA69028970694B658FE81432396887ECC01017B105B2AEDF31DC45
7964755323 10209 24309 F63F29B9A37337D1364D415326A3ED42CB6E614E199681690EEAB7596275662F
7959772942 60196 22038 7C20F6CF1A09EEE4F40FE6F70B0F070213E4AE0B9599CF6348B0EAC781225457
7963043594 63158 52008 7C20F6CF1A09EEE4F40FE6F70B0F070213E4AE0B9599CF6348B0EAC781225457
7967215482 54793 26934 842DC5D0121EA38106ECBE1FF8478778EC3429F87A830638D167D0549A8007DD
7961364649 40756 44030 7C20F6CF1A09EEE4F40FE6F70B0F070213E4AE0B9599CF6348B0EAC781225457
7964436423 27610 6701 7C20F6CF1A09EEE4F40FE6F70B0F070213E4AE0B9599CF6348B0EAC781225457
7963536038 3395 17952 6B41A20B789219233BAC2029609EEE94270DF820BC0A26D2274BEC20702F80D4
7966106808 21954 7036 7C20F6CF1A09EEE4F40FE6F70B0F070213E4AE0B9599CF6348B0EAC781225457
7956891878 32481 22229 D9E504C58D7BDF265312D9C0A11CBA58C911AAC6E7ADBEAD41FB3D184BC54C0A
7960635276 17133 51978 B858619B080F69602EEA8B680C08F9D06469121BC04579F33F0E23C2E74CD5F5
7960370723 20792 8715 7C20F6CF1A09EEE4F40FE6F70B0F070213E4AE0B9599CF6348B0EAC781225457
7957969472 62639 19166 F224FB89930D447CAE55B1689F80CC69E6DA7CD200FEC713A77E6257AE3E0A6C
7959749046 29015 46011 5C768A41195C79E7362DF61D538D22AC58DD72682044797449C3B6CD607B3056
7967487788 62386 31210 7C20F6CF1A09EEE4F40FE6F70B0F070213E4AE0B9599CF6348B0EAC781225457
7957270112 33269 8473 7FEAC55FBFE2C8EB7BA5A006EDC91F5C4DEB59555B877A425AFB82D34DA4B8E6
7957058803 17242 47697 7C20F6CF1A09EEE4F40FE6F70B0F070213E4AE0B9599CF6348B0EAC781225457
7963685475 12884 18909 7C20F6CF1A09EEE4F40FE6F70B0F070213E4AE0B9599CF6348B0EAC781225457
7964199717 63805 35729 B7447FD123EF572812DDFFB9032ABBF459BE59B8E1760AA47B7515F7F112E087
7964663445 25211 30480 4324F8F2AF57BA4F073436D1979A4B96310B93573422BE811C056D12C2F4E7D8
7965520453 53022 23147 7C20F6CF1A09EEE4F40FE6F70B0F070213E4AE0B9599CF6348B0EAC781225457
7964073630 24895 9949 E5AB0D1EB7BD42EA67937FDC2776A152389A0311F99C0365F44AFFA2711F972D
7961479077 22510 60560 7C20F6CF1A09EEE4F40FE6F70B0F070213E4AE0B9599CF6348B0EAC781225457
7963769841 48496 6624 7C20F6CF1A09EEE4F40FE6F70B0F070213E4AE0B9599CF6348B0EAC781225457
7959613693 53100 28315 7C20F6CF1A09EEE4F40FE6F70B0F070213E4AE0B9599CF6348B0EAC781225457
7962058484 27350 14143 7C20F6CF1A09EEE4F40FE6F70B0F070213E4AE0B9599CF6348B0EAC781225457
7963514274 1168 64120 7C20F6CF1A09EEE4F40FE6F70B0F070213E4AE0B9599CF6348B0EAC781225457
7964500329 9929 14636 6645A85A0498B706702DC639906CDE6500EEB593C550DCC81D1F94695424B598
7961969301 31261 57894 DB7639605B6F8D2FA8539C487EC5135061FA945019956A4365E775DC9C690EB5
7958432079 16583 22512 5347C10C1DEB5E9FE10E7ED2B1AE3DD963C68D3809E51F45ADE080AF6B5D7459
7963079548 11151 11208 95DB5B3332225356E450D0AFCA8E8E0833FE48E350BE6A1EE8C063C290AFCF18
7963693649 38464 17441 7C20F6CF1A09EEE4F40FE6F70B0F070213E4AE0B9599CF6348B0EAC781225457
7960376152 41468 7294 7C20F6CF1A09EEE4F40FE6F70B0F070213E4AE0B9599CF6348B0EAC781225457
7965591370 63310 18182 7C20F6CF1A09EEE4F40FE6F70B0F070213E4AE0B9599CF6348B0EAC781225457
7967525439 20938 56772 7C20F6CF1A09EEE4F40FE6F70B0F070213E4AE0B9599CF6348B0EAC781225457
7958225977 15003 5895 DBE9BB797D995372549105B2D66B70ED9478DC635517425312EFD2565914D959
7958681180 25815 48421 CE1E5A3087A45A41A697C9449940F03CC9A8741ACCED5E0A60A2F392E35B64C5
7964083492 6389 63422 E1172F94B315E33DCC0585FCAFA31A8512F0F9E87D2F20F0DC93147987DE4CBD
7957987297 22688 7081 7C20F6CF1A09EEE4F40FE6F70B0F070213E4AE0B9599CF6348B0EAC781225457
7957228249 14879 33291 170B437E7A9EA1427A56C64659657335DC184C9AA9D4B28924E8A38F9A8D5A9F
7967398065 45036 31678 7C20F6CF1A09EEE4F40FE6F70B0F070213E4AE0B9599CF6348B0EAC781225457
7959841730 31189 41126 FF4D0D21548082AD13DD0B2CC54DB33C18890B28EBEBD2E523E3678EAD3C11D0
7963735446 1125 32227 207F9AB36B67398716180BDF3486046163EE68D99B5F6F804D6B5928B543A7A4
7963371904 11195 56647 E1DFFD8A56140632549114B2DD42198F1FF9B6D131E74E4B9636560A868C5398
7966358374 61167 2736 ECA77317BCCACCBFF6AA33BD6B9C771F765C02BBBDF495B0A65628B262F53207
7958227852 13667 45156 6BF7359530DC740FDFA789F9B8ED3862D1FEC3B55CE53BBF9E1A9000D8181B02
7966447301 9687 31726 EADBCE2517FD52D1CF3CFAB3CFE55F87309882C1CE2759EFB36DC6C911281EFA
7965512480 61719 34847 40FB2902A8AC0D46CA2EF2DD02336EBA0E529A19FC7A4CA4FB7BF0070B961B06
7964687877 51470 46146 7C20F6CF1A09EEE4F40FE6F70B0F070213E4AE0B9599CF6348B0EAC781225457
7963030217 21143 11559 451E4FA7CAD35336A85455843ECB9C1DECE92AD404AB3B8E229321476F7B47F5
7968066013 32864 37200 7C20F6CF1A09EEE4F40FE6F70B0F070213E4AE0B9599CF6348B0EAC781225457
7962003486 4400 14758 7C20F6CF1A09EEE4F40FE6F70B0F070213E4AE0B9599CF6348B0EAC781225457
7958127004 34338 15749 7C20F6CF1A09EEE4F40FE6F70B0F070213E4AE0B9599CF6348B0EAC781225457
7961044115 2248 12092 7C20F6CF1A09EEE4F40FE6F70B0F070213E4AE0B9599CF6348B0EAC781225457
7957901699 31486 32787 7C20F6CF1A09EEE4F40FE6F70B0F070213E4AE0B9599CF6348B0EAC781225457
7965989560 27980 54982 7C20F6CF1A09EEE4F40FE6F70B0F070213E4AE0B9599CF6348B0EAC781225457

Total of 0 tasks calculated error.
