Total of 100 tasks calculated correctly, accuracy 100.00% 
7970662029 11956 54719 7C20F6CF1A09EEE4F40FE6F70B0F070213E4AE0B9599CF6348B0EAC781225457
7973479667 47782 47714 7C20F6CF1A09EEE4F40FE6F70B0F070213E4AE0B9599CF6348B0EAC781225457
7973939786 13718 59891 7C20F6CF1A09EEE4F40FE6F70B0F070213E4AE0B9599CF6348B0EAC781225457
7969862398 28065 11981 8D0DB5A65B6185877E3BAB6F9455E958CB303233DAFAED205FDFEFFD64305853
7980056304 47412 49928 7C20F6CF1A09EEE4F40FE6F70B0F070213E4AE0B9599CF6348B0EAC781225457
7977216375 475 5277 2CA26A8A0A8F326F8AE231D08257F25B57A7052D47B686EC08F7FE82C227080B
7969824425 7312 28312 7C20F6CF1A09EEE4F40FE6F70B0F070213E4AE0B9599CF6348B0EAC781225457
7972977018 3130 61800 7C20F6CF1A09EEE4F40FE6F70B0F070213E4AE0B9599CF6348B0EAC781225457
7972584552 56997 60068 C71A9FB81F05837F7A3A5719E3F20806DE287E11BDC7C714A94C1F6E3E9FA901
7974049857 9819 31335 5153CD1967CBD756DA6F916FD69AAD0DB9F2B81C2C7354B8AD6D2A6B51DE6BBB
7972108492 39086 62252 7C20F6CF1A09EEE4F40FE6F70B0F070213E4AE0B9599CF6348B0EAC781225457
7975431430 59904 39688 7C20F6CF1A09EEE4F40FE6F70B0F070213E4AE0B9599CF6348B0EAC781225457
7977603778 58952 47081 7C20F6CF1A09EEE4F40FE6F70B0F070213E4AE0B9599CF6348B0EAC781225457
7972496375 7574 51569 7C20F6CF1A09EEE4F40FE6F70B0F070213E4AE0B9599CF6348B0EAC781225457
7969985453 65447 34365 E066B57AEE81D63C06B1B23F16AF457EF6F9B7F218B9CEB07CFB4302DD39E0F1
7973615815 63739 63138 94B8AA5751231AAF4FF742CEAD569D0AFE82DFB0D21E9B146C0C5CA2CA6E2C14
7972335182 53244 18684 7C20F6CF1A09EEE4F40FE6F70B0F070213E4AE0B9599CF6348B0EAC781225457
7976971869 54288 20017 7C20F6CF1A09EEE4F40FE6F70B0F070213E4AE0B9599CF6348B0EAC781225457
7978430354 56501 9020 730800888E2D02D11179B335EDAE2210EC0739E3DA1A609A1EA5D2310FDA4F1C
7975282737 25244 20657 7C20F6CF1A09EEE4F40FE6F70B0F070213E4AE0B9599CF6348B0EAC781225457
7977050214 7619 46313 67485EEC4DC2005DB996E09C7A38D0197F641DC95AA13D9245AA82843F48B03E
7978252289 26486 18763 7C20F6CF1A09EEE4F40FE6F70B0F070213E4AE0B9599CF6348B0EAC781225457
7979186085 37106 10104 7C20F6CF1A09EEE4F40FE6F70B0F070213E4AE0B9599CF6348B0EAC781225457
7973075552 13953 57214 330359B03E52C982443EDA44F2EDB1AFE89C824BE965D257D65509F02708A972
7970548374 11081 27736 C1BEBA0F5621B40BD94CFA231993AC5650DC5974E8D7139A2CBFA2100C91E28A
7977153023 30342 35392 7C20F6CF1A09EEE4F40FE6F70B0F070213E4AE0B9599CF6348B0EAC781225457
7975872223 38994 20847 7C20F6CF1A09EEE4F40FE6F70B0F070213E4AE0B9599CF6348B0EAC781225457
7978716947 37127 29358 58CA1A754348FDD0F6D3F2AE1056B630A7E373590DB03867C28BD1B79EA6B7B0
7968897622 15603 2284 1660EC6100FDD8C724D04E0B6059B1AC412E3492EB0F1FE6CE2E8233A761286E
7973956295 60817 10862 874DA569A6034CE5E9B3E167AFD0CD8BBC4695DF7B3F08E74C75E6E15BC4087F
7972052177 60570 16491 7C20F6CF1A09EEE4F40FE6F70B0F070213E4AE0B9599CF6348B0EAC781225457
7968881657 65074 39126 7C20F6CF1A09EEE4F40FE6F70B0F070213E4AE0B9599CF6348B0EAC781225457
7973040814 51155 54645 C49936C5BF6022A6FA3E1CD5A8B8EF6EC53F00507188C121EED64FF100486A33
7973243998 39649 47369 0AD41A9E5BB5D5B311BFB5C17C8E6CC5B97CAA1CC2026B97CDB824F027081C23
7974116811 30514 41281 7C20F6CF1A09EEE4F40FE6F70B0F070213E4AE0B9599CF6348B0EAC781225457
7969045374 59618 5150 7C20F6CF1A09EEE4F40FE6F70B0F070213E4AE0B9599CF6348B0EAC781225457
7975364755 31976 54290 7C20F6CF1A09EEE4F40FE6F70B0F070213E4AE0B9599CF6348B0EAC781225457
7974606232 43063 5429 281C28805AE638038DC2D2E2A5E618347E2358591FED46FC35F24E07759BF3D8
7974915735 31047 30252 9B8FE3077DCA559E424E4E19C0A7923C8C6C2D8E27B78E84AFCEDD86DC51290D
7979441643 11533 25623 CC6F903308227A00BE4E53257A5714338ACA1AE76D0444F72CB77F5F42650004
7971486965 62102 50454 7C20F6CF1A09EEE4F40FE6F70B0F070213E4AE0B9599CF6348B0EAC781225457
7976921673 33532 31018 7C20F6CF1A09EEE4F40FE6F70B0F070213E4AE0B9599CF6348B0EAC781225457
7970005706 37635 26005 344C31036B0CEE7D37E21B78A7DC153DFC99A0AB4B35C0B84FA27592AD67CC89
7970500481 64275 13598 E3885856707D62F96CD67A69C054A88CAE6D3EBD0CE147B319235C206892E94C
7978617490 9584 26066 7C20F6CF1A09EEE4F40FE6F70B0F070213E4AE0B9599CF6348B0EAC781225457
7978259590 55681 27687 50F9227FC3D8B02A739C619DE8B63775F6BF9EBBBA78A7AE8C401B70119F1678
7974399016 50840 35672 7C20F6CF1A09EEE4F40FE6F70B0F070213E4AE0B9599CF6348B0EAC781225457
7972481297 2830 36954 7C20F6CF1A09EEE4F40FE6F70B0F070213E4AE0B9599CF6348B0EAC781225457
7974731523 59384 62750 7C20F6CF1A09EEE4F40FE6F70B0F070213E4AE0B9599CF6348B0EAC781225457
7976255974 31119 31980 6C79080CA47B34A259739622F43B0FF737E4D4A7E04262E539EA4488D0B05B65
7979190088 257 54374 DE7E4DB90EC6F0AA487A11AC4BA9792FAE66DB2AC0704AAE71FECDE1993CB096
7976556334 60187 29668 2F5F2B3FA8FDC6B99420AA9EE90F0B18F76A174FDAFEB61C8D5F00A2E8C99612
7970707372 17759 12849 0DFB65717EC0A45792FA2D0449D1212F013A02A58B693F10B1FF5486FEA63F3D
7973114943 8726 24049 7C20F6CF1A09EEE4F40FE6F70B0F070213E4AE0B9599CF6348B0EAC781225457
7977906760 37572 9057 7C20F6CF1A09EEE4F40FE6F70B0F070213E4AE0B9599CF6348B0EAC781225457
7976312060 24415 16215 10303060A780FBD29A4A373DD6B90EA9235674D73409B205504050DF67D2AAAE
7973775619 22596 14675 7C20F6CF1A09EEE4F40FE6F70B0F070213E4AE0B9599CF6348B0EAC781225457
7970948029 27218 15313 7C20F6CF1A09EEE4F40FE6F70B0F070213E4AE0B9599CF6348B0EAC781225457
7975670319 12832 59652 7C20F6CF1A09EEE4F40FE6F70B0F070213E4AE0B9599CF6348B0EAC781225457
7978299898 55390 26357 7C20F6CF1A09EEE4F40FE6F70B0F070213E4AE0B9599CF6348B0EAC781225457
7976397160 7770 58619 7C20F6CF1A09EEE4F40FE6F70B0F070213E4AE0B9599CF6348B0EAC781225457
7976923976 31570 41401 7C20F6CF1A09EEE4F40FE6F70B0F070213E4AE0B9599CF6348B0EAC781225457
7969149149 16418 47040 7C20F6CF1A09EEE4F40FE6F70B0F070213E4AE0B9599CF6348B0EAC781225457
7970115336 44765 40844 A7E784FDD18EDD9288AE3254FE4A65D6F9404CCF7B45F691932ED452BC7FA4D6
7970607213 14621 52526 C3796C813D104AA94ABC3601802DA0F4CDB5DE3DED01E9A29037A69784444D14
7970627789 20100 64565 7C20F6CF1A09EEE4F40FE6F70B0F070213E4AE0B9599CF6348B0EAC781225457
7974630543 1062 55696 7C20F6CF1A09EEE4F40FE6F70B0F070213E4AE0B9599CF6348B0EAC781225457
7972896586 34711 55381 94B88948B051696119B4FE0C3873CD0F4ECCA7FC9D65BA6F15DCC25CA4934849
7980165602 18349 34150 8280DF4B92E0B2D60EF9BBE2A1CB045E091519EA57615529957868E9B40E0E58
7970232613 18679 43659 01870751623FA3822082B2146692F9683E55AAF0F33CB53905715D30F54591CE
7971210885 14131 4804 CBBCF0888C8C27C99236E3FC92DCDAAE5A7BAE47A4228C65C8C6B2E3085B5D10
7972737531 53458 18154 7C20F6CF1A09EEE4F40FE6F70B0F070213E4AE0B9599CF6348B0EAC781225457
7979146487 18228 23049 7C20F6CF1A09EEE4F40FE6F70B0F070213E4AE0B9599CF6348B0EAC781225457
7976303327 53627 56844 AE95BDAE736A4EE476527D8F4C64A35565CDA65517EFB8CDD3D63AAD8185285E
7977364656 62951 54705 15D9B4FA5697D4C02421C47C6E6BB3E87FB83AE154736A2A3E9EAF1751F2F68C
7969160286 34691 33050 4846D3676A500694607AF667792597B3C818920DFFDC5CE2C8CD3555CFF3681C
7976225870 13675 43578 B0F4F63629571603E77AC0B8700CE5E1F2071EAD249066C94332F887885F1B3A
7974375775 4855 44442 F69953642F84A013BB526EC92C3B7E5E9A7109487B09BF71192E4500962C3FDF
7977647115 17577 49347 5E16FE8C0DA3CF20AE462975000DB2E567D9030FE9ECD0819BF6F38508CB02CA
7974191116 57855 50351 046383248B8439DA53A39DD8867D091FD358CDFFCC5C3D9A79E04615DCD587EC
7970110096 12906 42935 7C20F6CF1A09EEE4F40FE6F70B0F070213E4AE0B9599CF6348B0EAC781225457
7977359985 53861 4526 A0774DD88B16642CD3DC747846E2CE00CA0137E839E9464DB000B84E25586B66
7972523100 6748 8844 7C20F6CF1A09EEE4F40FE6F70B0F070213E4AE0B9599CF6348B0EAC781225457
7973538675 28214 63082 7C20F6CF1A09EEE4F40FE6F70B0F070213E4AE0B9599CF6348B0EAC781225457
7978374389 8417 13089 7B58150AD8F18AB95F9BA6BED36737AAD30B93D6B35A200CC93C09849FEF3493
7975308344 58070 12810 7C20F6CF1A09EEE4F40FE6F70B0F070213E4AE0B9599CF6348B0EAC781225457
7977345815 43156 982 7C20F6CF1A09EEE4F40FE6F70B0F070213E4AE0B9599CF6348B0EAC781225457
7973967214 23868 57835 7C20F6CF1A09EEE4F40FE6F70B0F070213E4AE0B9599CF6348B0EAC781225457
7978542341 26466 15932 7C20F6CF1A09EEE4F40FE6F70B0F070213E4AE0B9599CF6348B0EAC781225457
7973482046 59730 9838 7C20F6CF1A09EEE4F40FE6F70B0F070213E4AE0B9599CF6348B0EAC781225457
7978568909 54508 25058 7C20F6CF1A09EEE4F40FE6F70B0F070213E4AE0B9599CF6348B0EAC781225457
7974919354 29096 3614 7C20F6CF1A09EEE4F40FE6F70B0F070213E4AE0B9599CF6348B0EAC781225457
7979417699 55630 21070 7C20F6CF1A09EEE4F40FE6F70B0F070213E4AE0B9599CF6348B0EAC781225457
7978235589 55328 11678 7C20F6CF1A09EEE4F40FE6F70B0F070213E4AE0B9599CF6348B0EAC781225457
7976486754 49926 31325 7C20F6CF1A09EEE4F40FE6F70B0F070213E4AE0B9599CF6348B0EAC781225457
7974756104 45127 985 FE00038C8A63C679FC1850D7CB5A4EA5FC42F551648DBCB844BF18C0541E778C
7979969550 48414 4527 7C20F6CF1A09EEE4F40FE6F70B0F070213E4AE0B9599CF6348B0EAC781225457
7972668878 64850 44270 7C20F6CF1A09EEE4F40FE6F70B0F070213E4AE0B9599CF6348B0EAC781225457
7977114410 5843 62181 C221C3196068B4A1EFDFE5804BF7FE3F92BAEA3B2210388124EBF37DBE30DE6F
7969496473 23846 37069 7C20F6CF1A09EEE4F40FE6F70B0F070213E4AE0B9599CF6348B0EAC781225457

Total of 0 tasks calculated error.
