Total of 100 tasks calculated correctly, accuracy 100.00% 
8008250214 52431 4410 D2746B34104FB2AE9EB28CEEDCDD967B4A155AF76D7E5940E4239240EFF13FE0
8010198911 46652 42324 7C20F6CF1A09EEE4F40FE6F70B0F070213E4AE0B9599CF6348B0EAC781225457
8013524111 17295 45987 0E55DDB8FCB0175D8902743E75B07846076BA8FCEB188B5C3A1DD7E9A0D4C04D
8012676321 31085 12665 4ECE8BE7FFC7B823286048898E93E8863708BD9383A0C9F266DA3AED7A0CB271
8014171804 55959 48724 838BD9A0334EECD0C2EEC15D4771BD6C5E76419EB9E81A40EA55CAA981C6B45B
8006167405 57303 61754 A0E80F0838676090F1B36231CBF4EFF07689F0BAEC5590ADB4B869D2702C2E1B
8013396039 9603 30024 B2287F5BE9A89895795387999192284D6E5566F34B0930072373D5F529AA9522
8015450716 17484 61536 7C20F6CF1A09EEE4F40FE6F70B0F070213E4AE0B9599CF6348B0EAC781225457
8004715046 37353 14748 25FFA3C8C9E3FDBBA0AEDE4327F5895598FD678558252757263A90305B59B418
8012419259 41997 51430 750B47CFB6D58970C8084C029C127FF059F2189D9D16CE4425E84565524CE6E0
8015376568 49507 39772 E430375CC1EA9B1E55E14E09025A8E411E2DC7FD442D7A6093278414CC4E0182
8007723681 16051 49786 3B25F3D5A79692123A135AF94672D95BDF1431F485BAA4602C34BB0ABE4E02C5
8011342098 34619 18650 4B4D65858AFAB5FCD327AFBF6CF9F8323648E7CC91D2A3BB7EBE2CDB787CD49D
8016260471 40791 42792 BD95482AE20E72885A127534ADF8F8CD358B3C07F031E98C52524570567014FA
8009915969 57438 21265 7C20F6CF1A09EEE4F40FE6F70B0F070213E4AE0B9599CF6348B0EAC781225457
8006784687 4343 11169 E39691BF9170666E9AD2ECE9E4F88694563C70540E7F0F5369F2E9B305C568C1
8011601442 32945 30651 78D4B8FE15984BC18A44F196F6AA919665F3332A679EA6C1F18FC5B76D0803CF
8004841429 18016 42792 7C20F6CF1A09EEE4F40FE6F70B0F070213E4AE0B9599CF6348B0EAC781225457
8006232955 31184 21843 7C20F6CF1A09EEE4F40FE6F70B0F070213E4AE0B9599CF6348B0EAC781225457
8005888849 29008 49757 7C20F6CF1A09EEE4F40FE6F70B0F070213E4AE0B9599CF6348B0EAC781225457
8009647787 7551 39615 8FA0925041D599E4A933F9F24216C73EBC078F132EFBEFB1E6698C8811A21D7E
8005725372 23676 64612 7C20F6CF1A09EEE4F40FE6F70B0F070213E4AE0B9599CF6348B0EAC781225457
8008406754 40223 15963 737AC237846A061F3DD9BF16E049644BCB0F60D88E3213E3A5377C2ABB64E686
8008523012 42693 19011 248DB6D9B0B6509CB7E622047765CA793BC5546834BB5DCD795E34B84D93E5CB
8016028692 4676 45042 7C20F6CF1A09EEE4F40FE6F70B0F070213E4AE0B9599CF6348B0EAC781225457
8009493883 6761 32641 ECB961C34D17440F24CF975D490A18E9368761DFAC799232804AE81188697ECB
8008934803 62532 34694 7C20F6CF1A09EEE4F40FE6F70B0F070213E4AE0B9599CF6348B0EAC781225457
8006039042 2709 21480 385C1FFEF9E700B8397598907359DDA7B82E2A572DEB904E3029F364643C9A9B
8012758407 33971 6515 6DB1CAA860071C7D5DB7BE03ACB6AFA494DCA44909F37727548D2333336E7C39
8007274901 59053 10966 69C4D88C63C342E8902448236B19786910200287B98CE0DCF883A1869016F93E
8008878328 927 31209 8BD8D43C95C7945A403BA8DFE7A77A1214E3AD49D2C7BEE9F26A72756034992E
8014077086 33146 62006 7C20F6CF1A09EEE4F40FE6F70B0F070213E4AE0B9599CF6348B0EAC781225457
8016093703 41312 39655 7C20F6CF1A09EEE4F40FE6F70B0F070213E4AE0B9599CF6348B0EAC781225457
8010609867 11980 24448 7C20F6CF1A09EEE4F40FE6F70B0F070213E4AE0B9599CF6348B0EAC781225457
8008592888 35322 35487 7C20F6CF1A09EEE4F40FE6F70B0F070213E4AE0B9599CF6348B0EAC781225457
8005706998 4109 42337 DB879BC6992C859393DEFFAB2937CE6D4958C2780EDCF2C10541656C1803BACB
8008076464 14569 27895 C2788FCC72DE3ED02ED56D02C0A04335747D6983A29D9D75D08C708EED50CF45
8009694133 24802 11717 7C20F6CF1A09EEE4F40FE6F70B0F070213E4AE0B9599CF6348B0EAC781225457
8015373389 1240 7021 7C20F6CF1A09EEE4F40FE6F70B0F070213E4AE0B9599CF6348B0EAC781225457
8013792142 45025 8055 E28720D1889F05911FF084278201E5829566C5EFC836E1F48D2CAE17E2103F58
8011540879 20717 49801 21967D8B98710FC2FB48A9EB774C5A3CEC3573CB7213D3C0F92562D586DE54E0
8006159536 14320 17982 7C20F6CF1A09EEE4F40FE6F70B0F070213E4AE0B9599CF6348B0EAC781225457
8007268919 29626 9474 7C20F6CF1A09EEE4F40FE6F70B0F070213E4AE0B9599CF6348B0EAC781225457
8008248891 32414 1096 7C20F6CF1A09EEE4F40FE6F70B0F070213E4AE0B9599CF6348B0EAC781225457
8015492945 34198 58236 7C20F6CF1A09EEE4F40FE6F70B0F070213E4AE0B9599CF6348B0EAC781225457
8004765489 10655 14175 4E835B847F6F6F14AF11144DF2FFB1538B6020E283747337AEA599691167F559
8009632127 40765 52073 E13FA3E641EFC6D52A5488241B2A7B55B9CB3E07CC2DFD37F53851A68A5C657B
8007796843 62957 33773 D6973E01D72C518BABE88BE7395578492FAC0FCDE2E4FFC4DB3FCF88B56BC8B4
8014121722 34017 44323 BA710ABA2D5E018F14EBCC1F3D7DD0EAAD7CA225584DF150F157A1B141331804
8005226834 21364 23343 7C20F6CF1A09EEE4F40FE6F70B0F070213E4AE0B9599CF6348B0EAC781225457
8007184180 23815 9952 BFB0D9952E911BA41CBC9A9F163CB2313D8E1D7A489AD2B6D7AE02674B040A1C
8013551463 27293 63969 97761A33DA0C66720E6AEB6FF7ED25A9461C5CE6CAEF7050D9A749E1CE4C952E
8008182300 32804 31337 7C20F6CF1A09EEE4F40FE6F70B0F070213E4AE0B9599CF6348B0EAC781225457
8009002292 38102 38850 7C20F6CF1A09EEE4F40FE6F70B0F070213E4AE0B9599CF6348B0EAC781225457
8005254550 34995 51402 4DED0B4A25CCD5412EEA0162A77401B81F6C6334776FCCF3B4761A38E35776BF
8011138003 52006 14958 7C20F6CF1A09EEE4F40FE6F70B0F070213E4AE0B9599CF6348B0EAC781225457
8006203645 32322 16420 7C20F6CF1A09EEE4F40FE6F70B0F070213E4AE0B9599CF6348B0EAC781225457
8013928065 33562 26799 7C20F6CF1A09EEE4F40FE6F70B0F070213E4AE0B9599CF6348B0EAC781225457
8009774694 25300 50160 7C20F6CF1A09EEE4F40FE6F70B0F070213E4AE0B9599CF6348B0EAC781225457
8012492636 19902 49806 7C20F6CF1A09EEE4F40FE6F70B0F070213E4AE0B9599CF6348B0EAC781225457
8008677856 30028 53651 7C20F6CF1A09EEE4F40FE6F70B0F070213E4AE0B9599CF6348B0EAC781225457
8008242610 41327 62627 C8BEEBA10CB65245F11620E5276AA7E7579DAD5C3DB6CB82B1C9C0509A2C426B
8011735009 17237 37292 8D7ABF086BE6A655EC2B33793CFFF5613100E376C580D27A90E68C000AD2C0F8
8013787498 57544 57028 7C20F6CF1A09EEE4F40FE6F70B0F070213E4AE0B9599CF6348B0EAC781225457
8014702176 58107 40059 8E0EDF6D70A36CAA0A31065FC5279DB3030E345CB9235F59C4C65E3D1D30C22A
8007858731 44164 9277 7C20F6CF1A09EEE4F40FE6F70B0F070213E4AE0B9599CF6348B0EAC781225457
8012273145 38662 2638 7C20F6CF1A09EEE4F40FE6F70B0F070213E4AE0B9599CF6348B0EAC781225457
8012209267 57042 31632 7C20F6CF1A09EEE4F40FE6F70B0F070213E4AE0B9599CF6348B0EAC781225457
8011436970 29980 47722 7C20F6CF1A09EEE4F40FE6F70B0F070213E4AE0B9599CF6348B0EAC781225457
8010241248 39157 53371 B0082F3DD6001BBC0A020A952C344123E5D85C0F1E011A840B54F356A3238EDA
8007979237 24351 6201 07660FAEBA41A3AB1D4D4903729443B4C5BBB7F58319FABF54B94E1642B54078
8012205975 39501 7902 3922999A320FC7DFE3C4407494892AD91A2312FF1382165D4BD8F6B16145738D
8013205736 50247 23711 FFBDB363373F8FA07625F6344128DD18CEC76E62DA0E5554279105618E5F9415
8013517299 37881 12159 FC26407F77664E2BCB74F4F143AAC448A32C85C04F9B3659AE27904AD85769EE
8011404944 59603 18068 3D1FF5D4CB084E48ED2BD3332744482F3FFE1B58BEF55855D40F9CA0CE463252
8015105006 6556 27970 7C20F6CF1A09EEE4F40FE6F70B0F070213E4AE0B9599CF6348B0EAC781225457
8015887836 44671 65522 C1BDC4F09838D092D353D6E329B7D7FE89EBE8DAA3C3853A9A0E30F9E1CF4DF8
8011033870 40667 25776 22A2712C5176F8D74D2B52F58A5A1F8924C1F51F0A5D4B86299C3B8025193748
8010450052 4312 40500 7C20F6CF1A09EEE4F40FE6F70B0F070213E4AE0B9599CF6348B0EAC781225457
8007039345 19022 10070 7C20F6CF1A09EEE4F40FE6F70B0F070213E4AE0B9599CF6348B0EAC781225457
8011339065 43407 3847 106541687CED035AF97C9686D00DFFE6F52E9056DF464E72F8463F129B87F809
8008079812 27764 54792 7C20F6CF1A09EEE4F40FE6F70B0F070213E4AE0B9599CF6348B0EAC781225457
8016290400 59719 49198 70EB285D2F84AEB2EF7F1424C10F25C263FBBBDCCEAA9364C87ECFC5B9C38D61
8006573646 51951 61027 C64DD79AB4F12B64DA02987BB8C085C0B8F0DB558B9AC47E9CFA289B4ECDDDD7
8006670216 26520 32062 7C20F6CF1A09EEE4F40FE6F70B0F070213E4AE0B9599CF6348B0EAC781225457
8013094826 49860 468 7C20F6CF1A09EEE4F40FE6F70B0F070213E4AE0B9599CF6348B0EAC781225457
8014240119 26966 36026 7C20F6CF1A09EEE4F40FE6F70B0F070213E4AE0B9599CF6348B0EAC781225457
8008480622 35667 44561 4D105F08512F6FF61B485321E0B8C880694269CAF82785B9269D31FD395043CE
8007903909 21766 9055 7C20F6CF1A09EEE4F40FE6F70B0F070213E4AE0B9599CF6348B0EAC781225457
8007828924 52933 58866 CD9596EDA382ADDDBB9AD537206FE98A09AAF7976C386483FC071FF35FC1EC31
8012478713 17844 14633 7C20F6CF1A09EEE4F40FE6F70B0F070213E4AE0B9599CF6348B0EAC781225457
8008344240 42395 37883 F9CB041B5615AD315C98CDCCF7FCC7D0FFFAC9022D0DBCF1C9F1F611066F3351
8013324924 34483 5721 3FCB8C498BC15CE0DFACD74F3A339F85F9129177262EF3B39959F15E474BD8EF
8013873959 46008 52885 7C20F6CF1A09EEE4F40FE6F70B0F070213E4AE0B9599CF6348B0EAC781225457
8011303249 51875 64724 339B051E4247A2AA998F8352653221EFE4712B7FCE56706EAF1DE073C4812D0F
8013031536 34955 25376 862FDD99141D353394492CCD0837B53BC6CFF5A941937E120916902E86FB4187
8011916456 5052 45457 7C20F6CF1A09EEE4F40FE6F70B0F070213E4AE0B9599CF6348B0EAC781225457
8013815031 58656 28733 7C20F6CF1A09EEE4F40FE6F70B0F070213E4AE0B9599CF6348B0EAC781225457
8008372360 58613 39007 F2DDA2EF43E2802AD4C03AE31681D3AC88A7C6CC19BB80C0394CB90C038F7950
8014207140 58426 27162 7C20F6CF1A09EEE4F40FE6F70B0F070213E4AE0B9599CF6348B0EAC781225457

Total of 0 tasks calculated error.
