Total of 100 tasks calculated correctly, accuracy 100.00% 
8032663547 19511 1023 AF5B0F4FDD0E17EC50D464E8A3646C61AB22080C07A2BAEB31F4639EF90E1BFB
8035229135 18507 40487 E6A237BAA16042107C952B90370A367778246EF0FDA99981145DA5EE8CD71338
8033784262 36191 33419 1CD164279938EAAFD8362CCEE778E7D1863D3061E5C05ABC33AA98798F812B8F
8029447872 7192 25834 7C20F6CF1A09EEE4F40FE6F70B0F070213E4AE0B9599CF6348B0EAC781225457
8036891306 59073 14977 0537A475C8F7F59B588A5DD90D9AC7932D6D7B2AC5359C56016DB59539CF029A
8030240624 62673 59477 754F277BD137605D55E31D0F0329098F03BDE6FB83E3A424F8D82723881C2687
8029709495 46111 35888 A86B97F5FBD904ED1D0EFE6531BFCE86A4602F5173EEED27C2CCD6AB55DB873D
8038048715 45190 19719 7C20F6CF1A09EEE4F40FE6F70B0F070213E4AE0B9599CF6348B0EAC781225457
8029734842 42808 9623 7C20F6CF1A09EEE4F40FE6F70B0F070213E4AE0B9599CF6348B0EAC781225457
8031435894 41716 304 7C20F6CF1A09EEE4F40FE6F70B0F070213E4AE0B9599CF6348B0EAC781225457
8037333158 25072 53817 7C20F6CF1A09EEE4F40FE6F70B0F070213E4AE0B9599CF6348B0EAC781225457
8032218051 61124 62508 7C20F6CF1A09EEE4F40FE6F70B0F070213E4AE0B9599CF6348B0EAC781225457
8039137700 5934 52060 7C20F6CF1A09EEE4F40FE6F70B0F070213E4AE0B9599CF6348B0EAC781225457
8036183204 17298 45502 7C20F6CF1A09EEE4F40FE6F70B0F070213E4AE0B9599CF6348B0EAC781225457
8035695752 5376 10373 7C20F6CF1A09EEE4F40FE6F70B0F070213E4AE0B9599CF6348B0EAC781225457
8032094212 4872 5704 7C20F6CF1A09EEE4F40FE6F70B0F070213E4AE0B9599CF6348B0EAC781225457
8036260755 36819 51499 4EC5DB4430D48B4F1D12193F31BB08FC0097A44295025B44797EE9A0D60AC5B1
8029966758 35974 28544 7C20F6CF1A09EEE4F40FE6F70B0F070213E4AE0B9599CF6348B0EAC781225457
8033663200 19448 54765 7C20F6CF1A09EEE4F40FE6F70B0F070213E4AE0B9599CF6348B0EAC781225457
8037800605 44561 53858 5427C869784D50BEAE69E3253B3204BC5A973AF65781E929A4647C082A9D811F
8032794955 50745 14878 346C1CC964E2CEA497833737F4600845711C69F6E60396841961714BFF4A6D3B
8034648639 54285 51055 A289F098EFDFA55D28F51E1D7D798B6F3739AEB576D58F09A540477CA8B3533F
8034112343 21970 77 7C20F6CF1A09EEE4F40FE6F70B0F070213E4AE0B9599CF6348B0EAC781225457
8029873032 5674 22322 7C20F6CF1A09EEE4F40FE6F70B0F070213E4AE0B9599CF6348B0EAC781225457
8039387572 60304 36564 7C20F6CF1A09EEE4F40FE6F70B0F070213E4AE0B9599CF6348B0EAC781225457
8032800643 53232 40309 7C20F6CF1A09EEE4F40FE6F70B0F070213E4AE0B9599CF6348B0EAC781225457
8036536935 2727 1741 5DA7C13F4EC864417B926B982993493CBB37FA0627AB926CA0DD49D7A7E6DAA1
8036759861 54777 45790 A49FC67B37D894D222FEFE661C745B9CC90C030D60384E412CE5E15C6DF1AD79
8032739512 9215 51472 DB9A2CE1A824D29530E64983ADF63BA211C1B47522AD3F5730B9B436E7E4D090
8032113617 25479 48114 A97D654F275E18A495C2A0EE9488B39FAC39A9E15B54CF622EEF4090912B10B2
8038133843 47432 6010 7C20F6CF1A09EEE4F40FE6F70B0F070213E4AE0B9599CF6348B0EAC781225457
8038726396 22407 40354 E4ACC210B2923E5194705694F1BCEDD9D5262531D8F5D82425F990C3C54085F6
8037971145 37556 13085 7C20F6CF1A09EEE4F40FE6F70B0F070213E4AE0B9599CF6348B0EAC781225457
8037407018 13722 12639 7C20F6CF1A09EEE4F40FE6F70B0F070213E4AE0B9599CF6348B0EAC781225457
8028482552 41759 42721 91C1CD2F8D76BCCA73C85C6A90A062BA2ABD232154AD7C48A2137B64BA505CCC
8035613587 22409 63057 C7BEA4FDD1F0B379D7253987D7D8ED129DE8CDF87D2FA03F2FC2D90EF25184D8
8040032377 26104 26688 7C20F6CF1A09EEE4F40FE6F70B0F070213E4AE0B9599CF6348B0EAC781225457
8034981951 35247 29046 73DF48F85E2FDA9A2BA014A653FAA15F2A17D1F1A50DDA2C18967FDA0BB17965
8029924494 53209 14114 F3ABDC24DA3839E0304CB55D390BEF4646D9AF7083C5DACFC09532DC6C591034
8033548919 58445 17868 31F1CACDF96D9437114CDB92E21CE68343BF6A9F8E94E3BEF79D94C58DD7BD75
8032926517 54956 28924 7C20F6CF1A09EEE4F40FE6F70B0F070213E4AE0B9599CF6348B0EAC781225457
8030755096 61294 46760 7C20F6CF1A09EEE4F40FE6F70B0F070213E4AE0B9599CF6348B0EAC781225457
8028768411 28084 56029 7C20F6CF1A09EEE4F40FE6F70B0F070213E4AE0B9599CF6348B0EAC781225457
8030906584 32246 34967 7C20F6CF1A09EEE4F40FE6F70B0F070213E4AE0B9599CF6348B0EAC781225457
8036539546 22534 63366 7C20F6CF1A09EEE4F40FE6F70B0F070213E4AE0B9599CF6348B0EAC781225457
8038142169 33222 12644 7C20F6CF1A09EEE4F40FE6F70B0F070213E4AE0B9599CF6348B0EAC781225457
8038876660 35123 64917 7DEDC24631CEB3D11576AEBA567CD61283720F7D07ACF18D84615882D86FDA9D
8028938285 4284 29360 7C20F6CF1A09EEE4F40FE6F70B0F070213E4AE0B9599CF6348B0EAC781225457
8034709573 32381 60944 93CE0406A1C7F843736D8E74231A59783A95B58AF13992EB0403A95E40366719
8030247359 2777 44009 8AF3DE799D510C0B3A0373C79DB72E8ACF226869DF0F396A2944E81DB778C427
8038394091 269 22061 8275A11692110F8AC78B5657BFBEF75193C820D9F3BAE94287BA7DE66A4A54A9
8030466977 5952 64240 7C20F6CF1A09EEE4F40FE6F70B0F070213E4AE0B9599CF6348B0EAC781225457
8036120672 3648 6035 7C20F6CF1A09EEE4F40FE6F70B0F070213E4AE0B9599CF6348B0EAC781225457
8029484574 1244 62608 7C20F6CF1A09EEE4F40FE6F70B0F070213E4AE0B9599CF6348B0EAC781225457
8036201795 54966 57668 7C20F6CF1A09EEE4F40FE6F70B0F070213E4AE0B9599CF6348B0EAC781225457
8034236170 53968 15566 7C20F6CF1A09EEE4F40FE6F70B0F070213E4AE0B9599CF6348B0EAC781225457
8030972925 56335 40257 AC2D1B680226208A997DC6E78B31EEBA7320159617CE7057C9BF366DD6CAB941
8030238548 31400 11640 7C20F6CF1A09EEE4F40FE6F70B0F070213E4AE0B9599CF6348B0EAC781225457
8028587199 37079 975 70E68922A0A1519436B5AF1B133D51A5A110AAF2D01F645C8A96D0C5A7B748A5
8037726140 46422 9874 7C20F6CF1A09EEE4F40FE6F70B0F070213E4AE0B9599CF6348B0EAC781225457
8035548644 5140 16525 7C20F6CF1A09EEE4F40FE6F70B0F070213E4AE0B9599CF6348B0EAC781225457
8037498162 10631 35879 74B9A256522EF30C0D783446A043AE0C7B87649EF37275844AE3B8241EF5D422
8034529609 17820 17820 7C20F6CF1A09EEE4F40FE6F70B0F070213E4AE0B9599CF6348B0EAC781225457
8029096551 64473 33238 E9917D493A8F1A0F5F2812E422D4E9C92CFF271B33DA0DA9D7A51A094EFD183D
8035950517 1999 60108 23F5E1FBFE975278C27554502EB37FC1AEA843F0B54A8A4C0ECDF7CFCC63E6CC
8031676802 64606 16759 7C20F6CF1A09EEE4F40FE6F70B0F070213E4AE0B9599CF6348B0EAC781225457
8034457921 55267 20137 A11B861492B8F6E865A4F25D2E57E3CBD309CC7294A32A0B9A59BE3B424D20E1
8032537446 38934 9204 7C20F6CF1A09EEE4F40FE6F70B0F070213E4AE0B9599CF6348B0EAC781225457
8036985528 21653 7270 E39527C4E8598CEDBBB8C338A4C79FA90FF4947FDBFFF75662E822A9003D481C
8040114640 4233 40067 5B24E11E3F17FEA946F8B9CC8D16BAE1AD83F973304121428566DBC78074AD62
8032390714 39622 6876 7C20F6CF1A09EEE4F40FE6F70B0F070213E4AE0B9599CF6348B0EAC781225457
8031525870 5916 32396 7C20F6CF1A09EEE4F40FE6F70B0F070213E4AE0B9599CF6348B0EAC781225457
8035755900 21781 473 554D4C775FF66584C66CCA3356A5DFFA6EB364A6BEEB126AE7578522FAF90629
8034517038 23991 57618 B5D692CF88A652EAC2154AA3D4563B3AA55190C485B39563CB27778AAC7E210A
8036478252 6687 35537 FBCEA891EE3017E2364132A4C940BD0A0989CC21824DEE37A57B98CE34DF7A8C
8032902331 45363 49094 E4D3A4765C7DFBD29957196DF852C32A77D2433E48FD4E9F2D938C0F8EC7CF1E
8029789247 113 34127 2ABFCF6648A631D91DEBFBFE4B0A1133E803B7BE4F1BE0BC32C30A06C6B85075
8028670822 47194 57843 7C20F6CF1A09EEE4F40FE6F70B0F070213E4AE0B9599CF6348B0EAC781225457
8030238709 61703 54914 66CD5AAA2FA2103E56CD3FA2B043BC31B76425B1B8CA7EF9D1B54C09348A9A9D
8029235570 59012 20488 7C20F6CF1A09EEE4F40FE6F70B0F070213E4AE0B9599CF6348B0EAC781225457
8035379953 47851 58513 4D606606D261C2E51F5F12E6072320EC311A92B63264DC6E4C8840543906D10A
8031714647 45689 15624 5133FBCE4252B54B49CF0174F08E0B20724BEB62FD353D9306993093AA4D5353
8030165935 59939 51799 0602EA2920A80C450544D13045BD56EAF8E295F155828D48CF0122AA87B0179D
8037359494 53555 44536 5147CB943D1D51BB11D3C002717703E5D36E1398D91EE5CAA4A202F1C10ED9BF
8037197652 50680 43618 7C20F6CF1A09EEE4F40FE6F70B0F070213E4AE0B9599CF6348B0EAC781225457
8030604009 56813 49407 FEC5C8550D1082D7B192CEFF678369B3E42E0DF77CAD5DB90E39864F6B169269
8034294637 61005 7893 C376D404B35879BAB9EC1F13A5FB70FD8B90E9614B23B72AAB29EF67B8A8692C
8028449974 55848 20732 7C20F6CF1A09EEE4F40FE6F70B0F070213E4AE0B9599CF6348B0EAC781225457
8034042436 35971 54106 39F2504F2BCAB5537F0B823121D1EBA654E8D262AE05E5D81E49AC2720FE480E
8036049923 55849 61144 DAE02CB3187049ED12373BEF594C30F8174BBA75684F18E3E0C700C14167AAD6
8039635538 25834 10149 7C20F6CF1A09EEE4F40FE6F70B0F070213E4AE0B9599CF6348B0EAC781225457
8038020603 50034 57324 7C20F6CF1A09EEE4F40FE6F70B0F070213E4AE0B9599CF6348B0EAC781225457
8030223947 42288 10032 7C20F6CF1A09EEE4F40FE6F70B0F070213E4AE0B9599CF6348B0EAC781225457
8031890950 43391 45481 ABC18249F6B966136BC24768412755DAC9B9C9F7E6C92A97BB3B1C57B6DDAC8F
8039403115 24122 30250 7C20F6CF1A09EEE4F40FE6F70B0F070213E4AE0B9599CF6348B0EAC781225457
8035539800 25854 28759 7C20F6CF1A09EEE4F40FE6F70B0F070213E4AE0B9599CF6348B0EAC781225457
8028971867 50976 56071 7C20F6CF1A09EEE4F40FE6F70B0F070213E4AE0B9599CF6348B0EAC781225457
8031306219 314 65059 7C20F6CF1A09EEE4F40FE6F70B0F070213E4AE0B9599CF6348B0EAC781225457
8038629864 6727 16370 9E1F53847E2EE7D018A859BB2A83FE775EB4F4B58350B0BB46F56A34F8CD8C91
8032146951 62226 5804 7C20F6CF1A09EEE4F40FE6F70B0F070213E4AE0B9599CF6348B0EAC781225457

Total of 0 tasks calculated error.
