Total of 100 tasks calculated correctly, accuracy 100.00% 
8052112776 35502 23376 7C20F6CF1A09EEE4F40FE6F70B0F070213E4AE0B9599CF6348B0EAC781225457
8048911510 13242 57409 7C20F6CF1A09EEE4F40FE6F70B0F070213E4AE0B9599CF6348B0EAC781225457
8045150364 49295 37043 50C8ABBB6377E9137B34A2744925E54A2A4F66FD532D5BA06CD5B3318984B749
8048623714 40902 36179 7C20F6CF1A09EEE4F40FE6F70B0F070213E4AE0B9599CF6348B0EAC781225457
8047032356 1701 42504 9CC7AC97F69433AFA1629E96AB4DC2F4E4E87451B588ABAE181B83B92F3ACEC9
8046055573 21586 33946 7C20F6CF1A09EEE4F40FE6F70B0F070213E4AE0B9599CF6348B0EAC781225457
8045209945 6578 48449 7C20F6CF1A09EEE4F40FE6F70B0F070213E4AE0B9599CF6348B0EAC781225457
8047695266 19314 30560 7C20F6CF1A09EEE4F40FE6F70B0F070213E4AE0B9599CF6348B0EAC781225457
8048904934 24703 18818 D8AE5080CA4507320AE6CBA03BE0CB3671F1424063EB1D473F973E80605BFE88
8040575789 34354 23648 7C20F6CF1A09EEE4F40FE6F70B0F070213E4AE0B9599CF6348B0EAC781225457
8051954192 42404 5949 7C20F6CF1A09EEE4F40FE6F70B0F070213E4AE0B9599CF6348B0EAC781225457
8044704533 20078 16458 7C20F6CF1A09EEE4F40FE6F70B0F070213E4AE0B9599CF6348B0EAC781225457
8047429440 15099 54130 25FA53080C218C125369526EB754862903D080D534CEDD755D5B7CD234F042CF
8046468793 10346 63996 7C20F6CF1A09EEE4F40FE6F70B0F070213E4AE0B9599CF6348B0EAC781225457
8049321008 16875 40634 F5713B0F178F4B8ECADCE32C0E2FB839E7842E705659BE74CBC94C74598D2853
8043431436 64177 32453 A42A56746F4C7689D078D04E368FAFEF20158B0735CD3E4A6357E4A25BB0EB8A
8047813240 14196 64197 7C20F6CF1A09EEE4F40FE6F70B0F070213E4AE0B9599CF6348B0EAC781225457
8042389714 15175 53218 DAD7A47317CBF3343C2088AEA6B99A4C4BE0B81F84ED364CA6D9FF6AF9094805
8042709296 46298 6212 7C20F6CF1A09EEE4F40FE6F70B0F070213E4AE0B9599CF6348B0EAC781225457
8046156122 27782 41589 7C20F6CF1A09EEE4F40FE6F70B0F070213E4AE0B9599CF6348B0EAC781225457
8043652137 57825 56510 7F951B845944C56FF515F4A2B40E8AE8207AB598AED057B83D8BDDEFD5D679C9
8046151481 53260 46190 7C20F6CF1A09EEE4F40FE6F70B0F070213E4AE0B9599CF6348B0EAC781225457
8044985830 61853 28797 E5CFE3BDEFC15471E80C6807D02A4A95DA12D8122EB94652F35A439FADBB8CAC
8048340468 63607 27266 D6714741F8D0BC93E6404A0A3DF22F5D836CDB2E168B27702D7309DB4AE45B51
8043461884 3693 42571 A363CA2C7C81DEB901DBB9B72F3594A0B95F428EC09CE79C576CB0194BD8CB2A
8050582400 13591 13229 5F67243C38CD2BCF2F7A8C3928468018347386A1CEF930AF52FEC8A257EBF2CA
8045722366 17231 52406 9CAC3CB0BA49D019A5E6E249B766466E85E71D1084412ED603CDF2606B9E4607
8041079863 33169 14622 1DDE9ABB751D944598ADF633C8972259A49C49782F979AE2925C45EAFF154F7A
8052239821 43649 38040 FB17C73667079B2CF4D28E8ED7269AB6DAFCA289DF9F4DB49E6F4085A390CFE8
8043356789 1385 16965 86AC2056C7F7AEC98C363F3F284C1C19FC53BBABDB4344A87997E9A7752EAF54
8050482901 17492 29556 7C20F6CF1A09EEE4F40FE6F70B0F070213E4AE0B9599CF6348B0EAC781225457
8046217625 8340 30923 7C20F6CF1A09EEE4F40FE6F70B0F070213E4AE0B9599CF6348B0EAC781225457
8048433749 31933 10937 B0E01144A6DA58FC2ABEC27481B1D740511FBF747FA56533E1B27A974E19F980
8040777466 55419 24218 3DEAB10AF2E312ED051401D2343DED97AA6FF1BB63058288704ED4FED37666C5
8043820864 11947 36842 E7086B8B2DD7C912E430DAA20E021981CB65643873B351815CEC6C922A841CCF
8049680258 34464 20627 7C20F6CF1A09EEE4F40FE6F70B0F070213E4AE0B9599CF6348B0EAC781225457
8048977954 135 58327 6C42F83ABD2F7ACDEC68C5B2C22A180EA96020B42D6FFA07BBC70E8FF6CBABC4
8040833623 2027 27082 8AB5439AAB18BD1EC01DFF51384A535AFD3E27D304EAE37799E69A48DFB4E13B
8045572922 16526 18136 7C20F6CF1A09EEE4F40FE6F70B0F070213E4AE0B9599CF6348B0EAC781225457
8047301608 73 1582 2897E1749F39B7F0F02FEABE9D6D7939E7CAE5D9862CF216F9A24411DEDC5F7F
8050446763 24728 5827 7C20F6CF1A09EEE4F40FE6F70B0F070213E4AE0B9599CF6348B0EAC781225457
8044758532 14566 58016 7C20F6CF1A09EEE4F40FE6F70B0F070213E4AE0B9599CF6348B0EAC781225457
8047498615 58543 52691 CF512DEC3DA4A75E043A8FB5FF4B66B3DF3E19B413283FC7247592F0B4EDD335
8043406861 42230 44726 7C20F6CF1A09EEE4F40FE6F70B0F070213E4AE0B9599CF6348B0EAC781225457
8048357415 59821 60262 069075CF4D72A88085ACB87671948052AAF2FE5C4AAF27EF487678640AEB3783
8041719879 39825 47542 7F7F412DFEFA2ABBC052D1CBE8CD201D6E84802129CE2DAB77E9F8180218157B
8049393160 57979 59272 C055DAE32CF9FA2132E0B52A13129FE034424F4A4B8D004A444815D43872DA6E
8044577462 38455 52856 96098607AD6EB88D63DDECA6F035F0DAF3C58CD78B0939FCB3021B9D9E4C7BA6
8044005425 58533 24982 46AE1B724F40D3640EEDA5743469F505F90E0D94CD424291C3F887CCEC9D813B
8045295932 30425 3695 91FD3D054E46BA29F07FB1DC52A100A30C8B22C33662E1D4815E8C018BA797C7
8044874233 14548 3829 7C20F6CF1A09EEE4F40FE6F70B0F070213E4AE0B9599CF6348B0EAC781225457
8041547972 23193 29218 99792996C8434B6F76AC492F2EB3727DD46D30742266EDFF8B927E8ACD6DE80B
8049360919 43570 51007 7C20F6CF1A09EEE4F40FE6F70B0F070213E4AE0B9599CF6348B0EAC781225457
8048452580 23982 28208 7C20F6CF1A09EEE4F40FE6F70B0F070213E4AE0B9599CF6348B0EAC781225457
8045064679 14020 8606 7C20F6CF1A09EEE4F40FE6F70B0F070213E4AE0B9599CF6348B0EAC781225457
8048548512 15986 18912 7C20F6CF1A09EEE4F40FE6F70B0F070213E4AE0B9599CF6348B0EAC781225457
8050820881 18865 36291 C58C4491E68D166773E8A57B7BCC9698711615A3D37119BC00599B5FDEFD86F3
8043546786 41761 36209 C5C3D56BCD79B5B02F0C50A01F63662050DC6003D07084DA5224D2590893713C
8047521659 8540 33859 7C20F6CF1A09EEE4F40FE6F70B0F070213E4AE0B9599CF6348B0EAC781225457
8050735911 38594 16283 7C20F6CF1A09EEE4F40FE6F70B0F070213E4AE0B9599CF6348B0EAC781225457
8047349506 38297 51096 EDC29545A3AFD8C69B95744AB57BE90EA26EF3104911C5C8E2B2DF4715197B69
8044927669 15300 20901 7C20F6CF1A09EEE4F40FE6F70B0F070213E4AE0B9599CF6348B0EAC781225457
8050975291 62243 6229 CE8CB6BA431A6EC32D222B8458345AD0DEA263A7DE37978798919403E2547D0E
8043421220 24979 15251 CFEB62CF0458B0164519025909C7D66E335FD1D4B92A7FAEDADD073CAA648D12
8047322644 49564 58740 7C20F6CF1A09EEE4F40FE6F70B0F070213E4AE0B9599CF6348B0EAC781225457
8049056313 35003 17082 C47110A3502887C8C0812480CC0E6373315DF24FAC4D600847B502B08E2F1E2B
8047868080 11404 25298 7C20F6CF1A09EEE4F40FE6F70B0F070213E4AE0B9599CF6348B0EAC781225457
8043348787 5183 13190 DD2492C67F69C71C9EBF9812363C8294836920EC024B0FF75789A5F63C9D865B
8046149033 9036 13461 7C20F6CF1A09EEE4F40FE6F70B0F070213E4AE0B9599CF6348B0EAC781225457
8045735630 11008 56598 7C20F6CF1A09EEE4F40FE6F70B0F070213E4AE0B9599CF6348B0EAC781225457
8044534988 41800 58312 7C20F6CF1A09EEE4F40FE6F70B0F070213E4AE0B9599CF6348B0EAC781225457
8051017061 44571 19910 189267265816D4077927D0F41C7E436D1E7DE443EC52136B2735E7CDEF404E18
8042719971 45330 28272 7C20F6CF1A09EEE4F40FE6F70B0F070213E4AE0B9599CF6348B0EAC781225457
8050463432 7970 21530 7C20F6CF1A09EEE4F40FE6F70B0F070213E4AE0B9599CF6348B0EAC781225457
8047430759 48857 27775 1336A8BAC821279F7FC76D4768217ED299488C7AC3C2B5F56419B9383FD07B9C
8051724149 31362 27208 7C20F6CF1A09EEE4F40FE6F70B0F070213E4AE0B9599CF6348B0EAC781225457
8043762554 4485 17700 C9F9D73C26E47E6A182F7AB28C2A50020E16034080C4789E0C949BB1DB15FC39
8042976896 53588 4047 7C20F6CF1A09EEE4F40FE6F70B0F070213E4AE0B9599CF6348B0EAC781225457
8040979986 10123 50016 5AEBC3FD9442419B019D83AEB58BA483F83EBC4FB801E46E9142E2BF3CD4901E
8051706957 30201 27932 5F4E1598DECA3E557120DFE4FD5C008E9CA7E4163CAB1ABDEAA46E86664031A6
8048816279 3784 19060 7C20F6CF1A09EEE4F40FE6F70B0F070213E4AE0B9599CF6348B0EAC781225457
8048402294 15985 12310 7227582B1B2EA7F62F3D7EA6F43602492DC109EA0D2B6567974C87DB14192781
8049788637 23367 33178 345300055D52D15AA00ED00D6492325F690D0A960DB23699CECA16717FC5D18D
8042924020 20776 41972 7C20F6CF1A09EEE4F40FE6F70B0F070213E4AE0B9599CF6348B0EAC781225457
8047280167 28048 18185 7C20F6CF1A09EEE4F40FE6F70B0F070213E4AE0B9599CF6348B0EAC781225457
8040817258 107 37165 1AC0023121980C38DF963D97A801C4DC5ED12B12EE53CE624578E0272F1BF488
8044118148 6168 39389 7C20F6CF1A09EEE4F40FE6F70B0F070213E4AE0B9599CF6348B0EAC781225457
8050559999 54301 36163 4C69C2A8550642E6F94A6E7FEE1F24280294BE222B2B19FF6B0F472B3D482BDF
8041705100 63353 41981 E833395EE1261CFAADAB2C2673E498EB1C0CF03499034E8C7099246F0551EC42
8049715442 4342 14427 7C20F6CF1A09EEE4F40FE6F70B0F070213E4AE0B9599CF6348B0EAC781225457
8049889590 24586 23111 7C20F6CF1A09EEE4F40FE6F70B0F070213E4AE0B9599CF6348B0EAC781225457
8051661119 4368 54508 7C20F6CF1A09EEE4F40FE6F70B0F070213E4AE0B9599CF6348B0EAC781225457
8048531787 5536 33445 7C20F6CF1A09EEE4F40FE6F70B0F070213E4AE0B9599CF6348B0EAC781225457
8047015554 40945 25751 B7910BC6343584068411238581B2649799945FB2285A0D964E4CCCFD77F48650
8045280008 43964 48891 7C20F6CF1A09EEE4F40FE6F70B0F070213E4AE0B9599CF6348B0EAC781225457
8051668968 63456 34712 7C20F6CF1A09EEE4F40FE6F70B0F070213E4AE0B9599CF6348B0EAC781225457
8045564122 41154 38044 7C20F6CF1A09EEE4F40FE6F70B0F070213E4AE0B9599CF6348B0EAC781225457
8051401262 14719 27639 20FD114F130C7F22B538DD3BEBD81969159344C4A6C8F0D60022DF6D808B68FF
8044290544 17254 22337 7C20F6CF1A09EEE4F40FE6F70B0F070213E4AE0B9599CF6348B0EAC781225457
8050559846 45010 31053 7C20F6CF1A09EEE4F40FE6F70B0F070213E4AE0B9599CF6348B0EAC781225457

Total of 0 tasks calculated error.
