Total of 100 tasks calculated correctly, accuracy 100.00% 
8073611292 12854 42594 7C20F6CF1A09EEE4F40FE6F70B0F070213E4AE0B9599CF6348B0EAC781225457
8066299806 23996 8713 7C20F6CF1A09EEE4F40FE6F70B0F070213E4AE0B9599CF6348B0EAC781225457
8067114510 15945 56086 263B72C70DC37681FA7D0AC6CD208961678E82AC145779499D5D2B21A21AB3E3
8069035632 24990 12100 7C20F6CF1A09EEE4F40FE6F70B0F070213E4AE0B9599CF6348B0EAC781225457
8070058253 7066 30204 7C20F6CF1A09EEE4F40FE6F70B0F070213E4AE0B9599CF6348B0EAC781225457
8072382672 14495 25082 C5BB9E44F16B999ECC5FEA6F89E74D79F5DFFF284515EC5BE14B08D9CB3E2878
8066767228 51164 22693 7C20F6CF1A09EEE4F40FE6F70B0F070213E4AE0B9599CF6348B0EAC781225457
8073495204 7824 4741 7C20F6CF1A09EEE4F40FE6F70B0F070213E4AE0B9599CF6348B0EAC781225457
8067925883 10121 32402 FE2A53A7038B69E0332DDAB323A78EE0AAB59DA0005300AE3CAAC676341FFB5D
8068904242 21169 21021 1442357B73FC5DF11E4F6B518F5AA24DCE4C3543EABE3B0FC9AF39AFDE047627
8071817421 49634 46917 7C20F6CF1A09EEE4F40FE6F70B0F070213E4AE0B9599CF6348B0EAC781225457
8069741006 56756 6760 7C20F6CF1A09EEE4F40FE6F70B0F070213E4AE0B9599CF6348B0EAC781225457
8069017460 40792 43021 7C20F6CF1A09EEE4F40FE6F70B0F070213E4AE0B9599CF6348B0EAC781225457
8073593911 9089 30047 176C602456CD2C229462409ED8E27499CEE70E537919E2F363F3A21FB010BCF3
8064698164 28582 43907 7C20F6CF1A09EEE4F40FE6F70B0F070213E4AE0B9599CF6348B0EAC781225457
8067621098 57800 24688 7C20F6CF1A09EEE4F40FE6F70B0F070213E4AE0B9599CF6348B0EAC781225457
8065016161 15634 28501 7C20F6CF1A09EEE4F40FE6F70B0F070213E4AE0B9599CF6348B0EAC781225457
8069736040 31030 30190 7C20F6CF1A09EEE4F40FE6F70B0F070213E4AE0B9599CF6348B0EAC781225457
8067913755 56216 3375 7C20F6CF1A09EEE4F40FE6F70B0F070213E4AE0B9599CF6348B0EAC781225457
8065672820 16874 28572 7C20F6CF1A09EEE4F40FE6F70B0F070213E4AE0B9599CF6348B0EAC781225457
8074484357 29413 6983 AF137F5F9C996912D21C9179F0959B0C768F42D52C577C9F35ED5BEB7B6F15DD
8073005850 38804 54308 7C20F6CF1A09EEE4F40FE6F70B0F070213E4AE0B9599CF6348B0EAC781225457
8065031834 42967 43960 BFA371B09C48C5AF0BB33EF3890964E1F29C00B2262ACB56FD93EC139660930B
8071383506 15837 40076 3CF2ADF7B4CF6A48E7777B5B509165035CCDF3529F3E12BC4E0433BC46C75731
8073613349 28359 39040 EB2D01846C7A25C77225F288598A13CB259292E01E72455E0820AD37C1247A1F
8074754243 1863 40429 FF841014B9832718861362AA81CB595BCEED809720A75B31F27153E662CBB7C3
8064916804 61749 3249 A92B3747ACE203EE742C274CAA14D40D24A42055C27A6FC489C0A3E74DA5BFBF
8071222862 3621 40449 D09275B820F74895A007F0841B1995E09E2E1AB80159FC9E0B5DECD5506D35BF
8076126499 40531 25901 8EA8E1083FA304730117135C493253D375469D55749747F992F0E548BB2F7C86
8068850645 62565 53731 C3CB368D5C137B1762DF9075E650DEB20D010EB158D31E811FB865F4A6C28093
8069288617 49931 28867 BDE19DD7588E71AE22C318FFD1C022C02ED2D05D93EF1F1B3A0D500036CF4705
8073473335 24734 30253 7C20F6CF1A09EEE4F40FE6F70B0F070213E4AE0B9599CF6348B0EAC781225457
8073176242 61729 4459 331FB0F64DB95FEF66ED3622596D31508A8ADCE3832ED3D97A82D9DEF93D346E
8068695595 20036 6543 7C20F6CF1A09EEE4F40FE6F70B0F070213E4AE0B9599CF6348B0EAC781225457
8072155995 30988 51663 7C20F6CF1A09EEE4F40FE6F70B0F070213E4AE0B9599CF6348B0EAC781225457
8065606906 1133 61784 1920AC372D62D2CB2E94B9DF088DEA8A493FBB4F640ECFF15CDC56A8B9A065C1
8072812006 25699 16531 05A0642D2D0810F45CFFC15ECF0230AF18EACC94EA711C17BCA1F3E67A881DFA
8073813754 26740 42583 7C20F6CF1A09EEE4F40FE6F70B0F070213E4AE0B9599CF6348B0EAC781225457
8067113073 3165 16420 13A63C501671E0E46C2EF91E3EB6381198E29C5587F052881CD8DEC061F542B6
8068059677 63271 49016 BC95BC136137BC9BE47A7981E94C015D37ED63953BE90AA0C5E948D73762E7A7
8074034672 50729 14051 C605995580347451EF12CE689E4B85AD52DC1EB75DB65F29AFD85681C459CC2A
8073841286 64420 42052 7C20F6CF1A09EEE4F40FE6F70B0F070213E4AE0B9599CF6348B0EAC781225457
8065474797 13908 28240 7C20F6CF1A09EEE4F40FE6F70B0F070213E4AE0B9599CF6348B0EAC781225457
8073799191 38527 32530 8C06C7D6A1EA4E4B503EE43E5283C4CB591CA5F27028358C5CBB6DF7DD895D65
8068023294 64775 15800 0CB2EEC08F1E7F6A3EDEC2C992D23C0355C8202634A369F1484E110FFB085F22
8071022105 42917 14880 27CC0509A1CCB8A96AF26D8D90F29DCCCB24A583C6FE03AAFA477ECDBF04C8A2
8066192702 54276 18391 7C20F6CF1A09EEE4F40FE6F70B0F070213E4AE0B9599CF6348B0EAC781225457
8066736295 46005 54348 8C4855C8F7B8A2F107D3EDD984FF2F06F004FBF5452F8F01FA4AD51F9CDE3FC4
8072366636 32665 37655 E1F243326C692FAFC5CE06157E8DA3F3D63B706EEB40369B2A2B00F72636D56B
8070334282 24863 2169 1641223E898E76651CA0767D0196B62A9A3CAF0E8183B29662CA4BB13E6F17DC
8071828309 36340 17850 7C20F6CF1A09EEE4F40FE6F70B0F070213E4AE0B9599CF6348B0EAC781225457
8075670848 7062 37802 7C20F6CF1A09EEE4F40FE6F70B0F070213E4AE0B9599CF6348B0EAC781225457
8066188814 2726 64228 7C20F6CF1A09EEE4F40FE6F70B0F070213E4AE0B9599CF6348B0EAC781225457
8074393733 39134 19476 7C20F6CF1A09EEE4F40FE6F70B0F070213E4AE0B9599CF6348B0EAC781225457
8075734223 15735 15045 618076C352ED9F478A23300E334FA5DF8148E7F1044F58B906DB35EAB5BDBA5F
8075113341 15963 44330 83B605BAC012EB5D277DB4A0488A869764E2FADAFF6284FD779F0DCA4623B3A4
8067274947 64646 51426 7C20F6CF1A09EEE4F40FE6F70B0F070213E4AE0B9599CF6348B0EAC781225457
8076314823 7846 52090 7C20F6CF1A09EEE4F40FE6F70B0F070213E4AE0B9599CF6348B0EAC781225457
8073851157 8192 13887 7C20F6CF1A09EEE4F40FE6F70B0F070213E4AE0B9599CF6348B0EAC781225457
8075694160 15169 50670 53AEFD4EFC3DA5A1C769AF1FBB8780CDC5267EAB7A543CA62E23044356DD7795
8066492197 6329 17241 1FC59EEE742958232CBAB1988341817C750FAAB54F88DCF945098F9551ACB41C
8066050646 58375 13314 9463D83C6DA393FA7F93FE56354E32DC6288379E2CB98D908BD6FFDDE73646AA
8070159914 47515 31256 5DEAAA0B84AB881E34C2F87F643D958D3695A45C8A487A3FE201FB9F7A20FC22
8068475879 43142 10106 7C20F6CF1A09EEE4F40FE6F70B0F070213E4AE0B9599CF6348B0EAC781225457
8070422170 64387 34794 D2F03456E66F94D7287D8E6B7BE712AF5B01F52ECF1A422A34DDC989C87F704C
8071185000 16267 48749 5C99B02278C7395C5FF21C4DE682258220B7A3BD84CBCFE0CB5F29215E135B80
8065883628 56913 6227 BA21C5CACAF20BB8571D5D7BD1D6BD34C2F3BF46564FF0D1CBFD11B3B72580E0
8067734789 4585 38986 57502FF4E0A2CC47D76DA16328C3A42EF465C5ABE0F01CAE913FA16D621DD117
8066694237 45715 60189 0621290DD497C15E84839AD5C3C2904AFE069C463419FFEFFBC077ACC4A7CA05
8065620824 55878 54539 7C20F6CF1A09EEE4F40FE6F70B0F070213E4AE0B9599CF6348B0EAC781225457
8068574325 40273 23186 F660254CB3A9238DA2D11D2BD0CDCD5959D05B03109D4DD7A4354E98C4049792
8073773395 56838 35086 7C20F6CF1A09EEE4F40FE6F70B0F070213E4AE0B9599CF6348B0EAC781225457
8068372581 28737 60770 1F0066449206F0016F895A26426E3111A8FA893D54CC0468C829787583A4D96E
8069810624 35987 15428 17B7B2771787FEDB2999E7A29C227DC05FDAE4DE0B337EB3D69A37EEA8817C1D
8069296221 50241 49827 FEDF88D0E8419A435BF22823BC9ED6C936889D11AA23F2748095FCCF8E296ABD
8066352941 45627 13642 FC2E7DDA51CC84F9D7E98050326934E04EB0CA6062500A6B2CCC7011885010BB
8066591659 35857 43160 8D4EFC6E94F5F46DFE8BF70FA35A04FDB997D2FD1B332DE5C0A47E7573D30E3E
8072504321 17086 55268 7C20F6CF1A09EEE4F40FE6F70B0F070213E4AE0B9599CF6348B0EAC781225457
8066055458 6510 31683 7C20F6CF1A09EEE4F40FE6F70B0F070213E4AE0B9599CF6348B0EAC781225457
8072687809 59739 21029 972BC7881F34FFAA89FE8618FF33515F5C0E8F5B6BAA5091DEDD412ABF57212A
8064723373 10304 11215 7C20F6CF1A09EEE4F40FE6F70B0F070213E4AE0B9599CF6348B0EAC781225457
8076264338 61003 42540 4CE8E6C1ED69EE42E7B6D4784A298BE0CC1E96A23974D203F57877B1278DCADD
8074546294 37435 25787 1BBACF6E522A555CE89E74165D622F5E7F6C14D76C5480AD2CAB6BDE0538D6B1
8066355258 9125 2865 C44DD98376F1F5855ABCF3F0C1CF901F8BF5609B755E9A35917A2F99CE91D450
8072591102 6191 22769 8138BD4B24E8D7F05DA06FCD01B208CD3F2984A721DCCFF17AA21B587E62DD65
8067655527 9388 37696 7C20F6CF1A09EEE4F40FE6F70B0F070213E4AE0B9599CF6348B0EAC781225457
8067717455 48132 38726 7C20F6CF1A09EEE4F40FE6F70B0F070213E4AE0B9599CF6348B0EAC781225457
8069778781 33660 44391 7C20F6CF1A09EEE4F40FE6F70B0F070213E4AE0B9599CF6348B0EAC781225457
8068369889 11928 51971 7C20F6CF1A09EEE4F40FE6F70B0F070213E4AE0B9599CF6348B0EAC781225457
8069281360 48493 40182 6750BE733133012EC250DFBF82C7B63DA52BAFA5164335FA708346289A1D0CDC
8065664062 15276 60900 7C20F6CF1A09EEE4F40FE6F70B0F070213E4AE0B9599CF6348B0EAC781225457
8073694268 13592 652 7C20F6CF1A09EEE4F40FE6F70B0F070213E4AE0B9599CF6348B0EAC781225457
8074301433 53407 52997 D1E7A3F3CE969ACAB00FE4F31EB3B019A3F6C8A75A24C5052A81AC5B103498FF
8068956863 37858 2743 7C20F6CF1A09EEE4F40FE6F70B0F070213E4AE0B9599CF6348B0EAC781225457
8068329022 15626 30752 7C20F6CF1A09EEE4F40FE6F70B0F070213E4AE0B9599CF6348B0EAC781225457
8074556347 32224 16589 7C20F6CF1A09EEE4F40FE6F70B0F070213E4AE0B9599CF6348B0EAC781225457
8070945377 40972 59634 7C20F6CF1A09EEE4F40FE6F70B0F070213E4AE0B9599CF6348B0EAC781225457
8075090907 53134 38832 7C20F6CF1A09EEE4F40FE6F70B0F070213E4AE0B9599CF6348B0EAC781225457
8074718024 45596 42723 7C20F6CF1A09EEE4F40FE6F70B0F070213E4AE0B9599CF6348B0EAC781225457
8065354054 60254 44554 7C20F6CF1A09EEE4F40FE6F70B0F070213E4AE0B9599CF6348B0EAC781225457

Total of 0 tasks calculated error.
