Total of 100 tasks calculated correctly, accuracy 100.00% 
8145915850 49204 61430 7C20F6CF1A09EEE4F40FE6F70B0F070213E4AE0B9599CF6348B0EAC781225457
8143212221 5262 25687 7C20F6CF1A09EEE4F40FE6F70B0F070213E4AE0B9599CF6348B0EAC781225457
8137423414 45416 41038 7C20F6CF1A09EEE4F40FE6F70B0F070213E4AE0B9599CF6348B0EAC781225457
8138119947 14570 26767 7C20F6CF1A09EEE4F40FE6F70B0F070213E4AE0B9599CF6348B0EAC781225457
8139955581 34819 54855 95D89917FC51BEB09F904774585E2E2C33474F985E8E01C96F5E9FBD6857C220
8147682711 27294 35072 7C20F6CF1A09EEE4F40FE6F70B0F070213E4AE0B9599CF6348B0EAC781225457
8141033813 16421 46731 71203B1CAA5EF996B48C26C2A461B714A6351563136D4B995BD30DFBD8B23BE3
8141866784 19778 17845 7C20F6CF1A09EEE4F40FE6F70B0F070213E4AE0B9599CF6348B0EAC781225457
8139822506 32191 55474 A71292429F1F40E2F78D00A60F5A362F70C74E487C1630A27CE35E0BDB7BCF67
8139881693 50151 20494 A106FCD87F2547020A2C4016BEAC7784ED4CDC4C25F76B4612A6EADC28431652
8137192465 4276 15490 7C20F6CF1A09EEE4F40FE6F70B0F070213E4AE0B9599CF6348B0EAC781225457
8141297609 20381 43856 7501D9997DFD610A1C8D9E0EBDE7666933A5314D9C30A6A6B5A973CF7F400F2A
8145324096 30470 39096 7C20F6CF1A09EEE4F40FE6F70B0F070213E4AE0B9599CF6348B0EAC781225457
8143520971 5063 40806 DF9241CB155E10153709EA97EA7C5856F6281939DF386BAB46AEA96752C31002
8138234274 8731 35805 507DAC113AB2195726B3E09545D38907AF3168C29AD041DAA5E1BEB8F53EC143
8144714324 1311 61947 6263EC9E18AF6737A149CB8A0CC9B194C4F9E43CAC65B2B601546A3B3C2E7AB4
8146132517 10371 52488 9FD39F64CC0D0BB8840E68CB2B6BF0D73078A34A177590911E9015BD719611AB
8140291744 33056 22461 7C20F6CF1A09EEE4F40FE6F70B0F070213E4AE0B9599CF6348B0EAC781225457
8138611374 63138 59331 7C20F6CF1A09EEE4F40FE6F70B0F070213E4AE0B9599CF6348B0EAC781225457
8144011496 35042 11338 7C20F6CF1A09EEE4F40FE6F70B0F070213E4AE0B9599CF6348B0EAC781225457
8139021011 46557 25383 6D9B1B8907175420F00B87C08D3B1FDE76B850BADBF67A94021AB61EB5D7909B
8136570949 45815 17745 F845A4B5634692B458610B404D82072151691DAD817A32ACF9DCB936C8093DED
8137259385 5632 47809 7C20F6CF1A09EEE4F40FE6F70B0F070213E4AE0B9599CF6348B0EAC781225457
8142081709 19432 8567 7C20F6CF1A09EEE4F40FE6F70B0F070213E4AE0B9599CF6348B0EAC781225457
8145561984 60931 50469 353571AB13F8315221E8EB92DB24391A41420C62C9CFF74A85B3904D4751AA8F
8143438098 40666 18894 7C20F6CF1A09EEE4F40FE6F70B0F070213E4AE0B9599CF6348B0EAC781225457
8138861619 43875 14166 867FDA97E401CEC0B72D2395F0F860605FD802E948992D375F0C8F3886C4AF2F
8148044405 59294 45443 7C20F6CF1A09EEE4F40FE6F70B0F070213E4AE0B9599CF6348B0EAC781225457
8140942217 14110 39280 7C20F6CF1A09EEE4F40FE6F70B0F070213E4AE0B9599CF6348B0EAC781225457
8141730730 18433 47555 3E07C20DDA01ACE838F9AC51FA55170AD28FAF0ECA707B54B61312E76995F4D8
8136536060 48737 6687 CBA71CE5D61EF972158FC8A27BBA0FA56E5A512A8531472FD5BFC40017744049
8146263761 39408 36540 7C20F6CF1A09EEE4F40FE6F70B0F070213E4AE0B9599CF6348B0EAC781225457
8142539851 30641 52208 F6A50DA8AB7C42E7D896EF4B074A01884D9FE363FD7EB05C4EFC9E0D52240C4A
8139245727 26046 54879 7C20F6CF1A09EEE4F40FE6F70B0F070213E4AE0B9599CF6348B0EAC781225457
8137441508 50270 3899 7C20F6CF1A09EEE4F40FE6F70B0F070213E4AE0B9599CF6348B0EAC781225457
8145134767 47836 46694 7C20F6CF1A09EEE4F40FE6F70B0F070213E4AE0B9599CF6348B0EAC781225457
8136729053 53733 27174 0EC773CF2DC3952BC141D8256330C3B53048688C28BD688D4842349F08E2966D
8142931941 13405 10505 BD24D8B56E0FDA1302BE83110C0759AFBC35DB9A71196820B99E24AEFE5314A0
8143768053 15 11587 DBA59FA988BB39B1D1FB2343C1B26F0C4D464BADE67F716EC454A06B20E8A6D1
8142168293 28883 4238 36CF5BDB3F230FC5B426B2554DE82F0A42F469163B50B64DAB289E6A96686BEA
8144214757 64957 65023 B63118A330ACD063B5D6877905578501426DC009FA7D4F458EBD88BE60BF7C22
8146006359 24894 38320 7C20F6CF1A09EEE4F40FE6F70B0F070213E4AE0B9599CF6348B0EAC781225457
8143623176 722 16738 7C20F6CF1A09EEE4F40FE6F70B0F070213E4AE0B9599CF6348B0EAC781225457
8143021626 42885 57907 3D2EB376FAA0F505DCC282076A944C21D128E65377AA3C532F8750C312D20739
8137701278 39335 63462 FB0DF749C7094C67A5EF99F7BE536598E506F9C17F036C3C24FEE4061A1F7494
8140940544 36070 42919 7C20F6CF1A09EEE4F40FE6F70B0F070213E4AE0B9599CF6348B0EAC781225457
8138080340 52057 25304 1CE58CE6CCBB7C7516913F28F81FE37FED683264C6EC9ACC29C5491AD75CFDE7
8142315329 6267 24802 B32E0B8772A9FDE67839E679FB4A41E9BEA3339134E150359E5203D1B0ADB2FF
8141407684 11065 42752 F8DA3EF029AC3A58810C487640702BC644E193BB5370A44D3A36B455E21B8D8C
8144363048 51546 52205 7C20F6CF1A09EEE4F40FE6F70B0F070213E4AE0B9599CF6348B0EAC781225457
8144319557 8816 41292 7C20F6CF1A09EEE4F40FE6F70B0F070213E4AE0B9599CF6348B0EAC781225457
8146665168 25745 4094 3CF51A3BC20F9D7B46FC1981DAFC23B98247884C881FC736454947784A38ABAB
8141573969 54135 21648 76F3DB14340972236A7998A9F5027899BDA217088A519A8C6E6DAF74B122F992
8144901292 40497 52094 836559BBFC71818B81F39FD6404D0F9D79FDD40274870F8C0BEBAC0C7BA6B33F
8142458014 1938 36409 7C20F6CF1A09EEE4F40FE6F70B0F070213E4AE0B9599CF6348B0EAC781225457
8148011581 55535 27826 CF4D30999B539748C33E64F12633E7E71C6F5694D0F5A8D8DAC55DB7FA3F2B09
8142615207 23550 7836 7C20F6CF1A09EEE4F40FE6F70B0F070213E4AE0B9599CF6348B0EAC781225457
8143168844 14927 65072 EA69D7EC12DB71CE4A563A51E826B90CFC776217EE14A87AD5A687B6F305413D
8138283382 14114 23673 7C20F6CF1A09EEE4F40FE6F70B0F070213E4AE0B9599CF6348B0EAC781225457
8148103666 22304 32903 7C20F6CF1A09EEE4F40FE6F70B0F070213E4AE0B9599CF6348B0EAC781225457
8145550777 5734 17076 7C20F6CF1A09EEE4F40FE6F70B0F070213E4AE0B9599CF6348B0EAC781225457
8143383029 28315 1746 4B3C8A6A6D151F35B9F1B672EC864490F52CDAF012784ABFAEAADC41F208A260
8147256556 43920 21891 7C20F6CF1A09EEE4F40FE6F70B0F070213E4AE0B9599CF6348B0EAC781225457
8148071576 11499 6702 047EA9C3A658B6A43AC716B6DD29F8FC5E413D1D660976BC7AB01DC15B5684A2
8137089337 22531 55219 7B4028A20B704550CE850D97D617AF2D400C0EA1129D44C76A678500D5F42498
8140939500 55754 19661 7C20F6CF1A09EEE4F40FE6F70B0F070213E4AE0B9599CF6348B0EAC781225457
8136963555 21923 21733 9879F5D371CF2C5E74AC44614C91EB46E07691072FAFD76EEB5D90B4B5B68209
8140320631 53949 52041 5EE61E5167B03EEC973EC8C17C9EEE62D61D8B53CD4A3C7793D2034AFD5A8A5D
8143207977 43195 49183 CEE600505FFFD90BBF2F60FCEFABE391960ACE9F64E15A9CFA7A5CE05B865DBE
8137391149 64175 30654 CE762787B56230E559767E3BFBBF852BEBA8A05AA944791B083626C906BF8521
8144949661 49791 18287 8282A784E3539D80E3F7DB9A7ED7A51F5A8B1D5EE169597F5CCB2948AD68FF6D
8143605292 54140 19273 7C20F6CF1A09EEE4F40FE6F70B0F070213E4AE0B9599CF6348B0EAC781225457
8136926263 5026 22244 7C20F6CF1A09EEE4F40FE6F70B0F070213E4AE0B9599CF6348B0EAC781225457
8148067937 64131 8425 213ECFFB0E357E670952E8516181BCFCDF0E63083CB2F1C1D86DE8E36011D28D
8148327117 49791 23096 52282CAA463FD6E0D7F8943968B82FF6CB611A33E1FEEC6B274D6C7EAEBBD1AD
8138790500 12907 19417 1A866EF4867F5F38CF528649AEFA57FB1D987878B605136884603BD3B7028416
8136492884 47641 44737 DF4B4845BF3425BCFD584E231E81D61202CAD6505029A19263BEE53F9D73F7E6
8139223690 41476 63935 7C20F6CF1A09EEE4F40FE6F70B0F070213E4AE0B9599CF6348B0EAC781225457
8145462590 53683 36462 0124C99729EAD9CA96DB2DE24ECC637B72A491DD93DB233CEEEF6C440D9ABF84
8145287132 14331 54360 28DBE7A49A3FAF14AD3914694F9DC6E065CB3CBD0E0B614F731936F30C90C7D6
8139885188 13025 39347 CA70C6F0B6F994264D63C24F0A86CBDEFF4E1C995F1376478DE833188F6096EE
8140913610 57106 4479 7C20F6CF1A09EEE4F40FE6F70B0F070213E4AE0B9599CF6348B0EAC781225457
8142280812 25436 17060 7C20F6CF1A09EEE4F40FE6F70B0F070213E4AE0B9599CF6348B0EAC781225457
8140112538 41643 781 3BA13738148E4FE7DC6566869D26B01750D4180076FA71FE612B13078E74EF47
8137312163 22218 49072 7C20F6CF1A09EEE4F40FE6F70B0F070213E4AE0B9599CF6348B0EAC781225457
8137349330 61704 59724 7C20F6CF1A09EEE4F40FE6F70B0F070213E4AE0B9599CF6348B0EAC781225457
8144707132 39175 888 C2E2E539AB3EA34FAA27B838DE8F60AE987EC811AE4D3871914594F919D5C542
8147288213 19248 57701 7C20F6CF1A09EEE4F40FE6F70B0F070213E4AE0B9599CF6348B0EAC781225457
8144221129 17087 33990 7A349CA70F7FA372499097680CDAAB3E5B98BFCFBE08C06CB87CD43B3828565B
8142994324 496 23702 7C20F6CF1A09EEE4F40FE6F70B0F070213E4AE0B9599CF6348B0EAC781225457
8143007829 39985 9886 70344AE9DF6696093CA042B55329F2074768B1AEB6408C2651B6BE03DD067C62
8137907168 14627 6423 B4366405978167D375F6A4BDE7D669EC1B6586F1040161D13BC6840256E2C4E0
8144921386 51074 50897 7C20F6CF1A09EEE4F40FE6F70B0F070213E4AE0B9599CF6348B0EAC781225457
8139739081 58187 20127 2C3BB34D58B1689CC9E31B42ED70D89C7DB49911FE4F5B9A208926B965346462
8141484403 64731 39011 D5BC0CEB9B7DC0AC00968EA0DBD98B3D07EEF57245BD2672DFB25D1A72710310
8139731683 4968 29990 7C20F6CF1A09EEE4F40FE6F70B0F070213E4AE0B9599CF6348B0EAC781225457
8148005576 12945 13061 4103071B141A213975578EA135FA9C0B589790C7563634521997F38978C85BFB
8146338042 47865 52252 3A9CBF6EBBA364325BC211490F5A6276E12C816DDF3105731EBDC51142C2DAF8
8137489958 50217 25578 E763945DABE734D9676DD8EE7E515F30B21E74FF7D73F30D12A8E30A502ED43E
8146514291 56065 15140 8983A5EB7B3EFF53302A2AB687023905CFC22FE27772D1A5766EE7DD9F3C7A91

Total of 0 tasks calculated error.
