Total of 100 tasks calculated correctly, accuracy 100.00% 
8198601259 58105 8276 900A17B1D145F6C2ABDA9260FF759CDAA1F90167C19BCC007CE84B064702505C
8202965971 16137 3923 07498C010FBF317CA3C0F51FCF855310AB7D76556AF13A1DF9567BC5476E6AE2
8196771881 14369 50425 DCF1131F098C6416CA76B00AF96A1BBB06EDDCAFDF4995F0B5E2FBDF43882C83
8206467241 14851 9683 60000C9727220490C674CAFE233C2268AC6B9FEEBD6054200DDD353A555A2D3D
8199412126 12628 45533 7C20F6CF1A09EEE4F40FE6F70B0F070213E4AE0B9599CF6348B0EAC781225457
8197815790 62414 15295 7C20F6CF1A09EEE4F40FE6F70B0F070213E4AE0B9599CF6348B0EAC781225457
8206686923 37756 62029 7C20F6CF1A09EEE4F40FE6F70B0F070213E4AE0B9599CF6348B0EAC781225457
8200464897 58192 46532 7C20F6CF1A09EEE4F40FE6F70B0F070213E4AE0B9599CF6348B0EAC781225457
8197324890 60639 11508 2142C62F03D1AC5533F9B53059C05A4E33D5A11BB66062C319489F6797103E82
8204390793 31519 49215 65F759E67679836559F67D03C2E43692ABFE923C2ED1681F7A5D2ADC7FFF5C47
8205437152 58766 28241 7C20F6CF1A09EEE4F40FE6F70B0F070213E4AE0B9599CF6348B0EAC781225457
8199218338 16203 51089 1582490350A6AD281B3B3F202B7DD0563924CB577869835F3CC5D0EC1FF238DE
8198245432 26249 32759 3566FFDCD4C17DE52C0E1D410198D049A304E9B43459392EF96A0A4A6308C03C
8206917090 761 45872 AF70C642A03BD2C3A143C760F6BD71920386B858A7D6910B060E01760871306F
8199911635 6310 5981 7C20F6CF1A09EEE4F40FE6F70B0F070213E4AE0B9599CF6348B0EAC781225457
8201761099 19552 4350 7C20F6CF1A09EEE4F40FE6F70B0F070213E4AE0B9599CF6348B0EAC781225457
8205604758 37407 53230 3E6C470C2087D964FF86D08E5B74198D6F5D02A8D09692F3DC55CD1E5BE0C0F1
8207091939 63772 49862 7C20F6CF1A09EEE4F40FE6F70B0F070213E4AE0B9599CF6348B0EAC781225457
8202691787 24382 32768 7C20F6CF1A09EEE4F40FE6F70B0F070213E4AE0B9599CF6348B0EAC781225457
8202187219 17192 64933 7C20F6CF1A09EEE4F40FE6F70B0F070213E4AE0B9599CF6348B0EAC781225457
8205621157 343 50037 E9D3B7A0A533BD22A10CFEDCD0E153276F4A3020EE8BBB81EEAC68627502F246
8199206027 13040 64946 7C20F6CF1A09EEE4F40FE6F70B0F070213E4AE0B9599CF6348B0EAC781225457
8206380618 49607 62539 A6120FF99FA32422535633AFD931E8B688C14D18AD6E96E2F4F3EC2787E5B5F0
8199472366 12614 20954 7C20F6CF1A09EEE4F40FE6F70B0F070213E4AE0B9599CF6348B0EAC781225457
8198654251 59833 19677 0CA5D69837CDC201AC170A81633FAF27BAF34FF1F2A007610C16FC19FB5408CD
8200956091 54603 59375 631F6603DF305A918B72D260D27A3A63B76A649D0E38E51356C43DA31019B7C9
8199697117 57608 43327 7C20F6CF1A09EEE4F40FE6F70B0F070213E4AE0B9599CF6348B0EAC781225457
8207722413 30240 41207 7C20F6CF1A09EEE4F40FE6F70B0F070213E4AE0B9599CF6348B0EAC781225457
8206295264 13183 5556 AB8BD94870D6435C2CED2D18A2511A3DDC72FD583993503943AAAD4CB33C63A9
8205860143 1764 19589 7C20F6CF1A09EEE4F40FE6F70B0F070213E4AE0B9599CF6348B0EAC781225457
8202280336 51708 4652 7C20F6CF1A09EEE4F40FE6F70B0F070213E4AE0B9599CF6348B0EAC781225457
8203665022 34273 8532 586FBD3B6B2FEBAEE6C8AE07E0DB5BFCD38629DD1F3D843BE7FF0AADB0D978D7
8200728533 42240 39309 7C20F6CF1A09EEE4F40FE6F70B0F070213E4AE0B9599CF6348B0EAC781225457
8197898733 41515 53640 71E1BBF752A061F3D9A3588D669FDD451A4E1A55D5D5BF8052D35F1DB6B6D139
8199067687 25417 20549 A860D9FC1CCE2A98DDAFFF69C417BE140BE3B3D83B44397B9AC2D5D2CA37575F
8204018429 14723 15723 25524AB574ADFA7B8627E775DCF6D34629858BEDE8BB9EF8E9713E1FBF07A98E
8203098989 58044 41550 7C20F6CF1A09EEE4F40FE6F70B0F070213E4AE0B9599CF6348B0EAC781225457
8197167255 947 678 F571FDF73F2E332380B695C03361EBE4C9670526E0504BB3FAA76842B115BC57
8205038284 3131 65267 3982DEE67B622FA5E7A058649E16675524FD93A42D9C2E8A5BE81C2926B641FC
8197397982 23606 59263 7C20F6CF1A09EEE4F40FE6F70B0F070213E4AE0B9599CF6348B0EAC781225457
8201737817 175 63675 B15258B4A0CE11597B4B50707276579955D07068D4FC8EE39B37F5FD591A61EC
8199697227 59891 18805 74885EAFA8775F41D5364883A68E4FFB6466D37F42F1BAA9974963077C95BE3D
8203206220 25576 21807 7C20F6CF1A09EEE4F40FE6F70B0F070213E4AE0B9599CF6348B0EAC781225457
8201255802 24034 29613 7C20F6CF1A09EEE4F40FE6F70B0F070213E4AE0B9599CF6348B0EAC781225457
8207185080 55382 29415 7C20F6CF1A09EEE4F40FE6F70B0F070213E4AE0B9599CF6348B0EAC781225457
8198565841 36251 48247 5E8930B525BD8334406DC9F48C5611EFBF5A3D4E4A6569FF2AFEC7607CC3060A
8197322239 31005 62644 6AC05096322F2058114BAB64456CF728A9ACDD52B891818DF2A1E87A6FA515D6
8197289466 31755 37543 E7BBAA745AC5A3735280EC7567E7602769B21F4B0CBFB5D165C00B53A7FD1134
8206142708 57158 16901 7C20F6CF1A09EEE4F40FE6F70B0F070213E4AE0B9599CF6348B0EAC781225457
8204830414 42094 29357 7C20F6CF1A09EEE4F40FE6F70B0F070213E4AE0B9599CF6348B0EAC781225457
8207391005 25919 35737 B303BC001F63F0AE52A22E8FCEE66C41A9B759F5CE863D1464ACD6F17A22E091
8198612700 29837 17943 80609DAA923F24BC7FD2F7A276D36FE4EE821532F23FBDE2AF7784CDDC60F254
8198959655 26971 8010 E494BF05A1BAF9C8642E57347A58B398D15941F432BFC0D4FB8E9ECF3B382CB6
8196627106 22907 9289 4165E061CA0C549130991891DFBB20D40CE76B0C51778548FF5115A3B51B927B
8203108567 24565 36099 9AD10AB24A874EDE45A53AD3F5A5E0C8E152E523A4E29CD9D205230604228E58
8197818261 57452 48795 7C20F6CF1A09EEE4F40FE6F70B0F070213E4AE0B9599CF6348B0EAC781225457
8198723088 51704 44801 7C20F6CF1A09EEE4F40FE6F70B0F070213E4AE0B9599CF6348B0EAC781225457
8208167415 63416 21232 7C20F6CF1A09EEE4F40FE6F70B0F070213E4AE0B9599CF6348B0EAC781225457
8205262944 24549 52939 3E8E5B9FCD6617AC109C070708F9D0648CB74BBFA9B25105C615412DB2459AEE
8201413299 13873 1733 0F5DF5E45EC56F4D21264D97DD52B71349F9C95B462374E8781EF49FD80B93B0
8198162401 20271 48876 332FBA0F953F79F2247BC9EC4AC1E2E099E0F5ACC011D6B62DE536FF757C8809
8197018904 36173 10627 B848CA12CA99732191A278F65531947838A7194EE4FADE45D0519CE3ADD9449E
8198653468 56393 20041 8B547D50659728D6ACDF38BDA564BE7228FBDB9A843CC67A58712789447D111C
8202482864 45577 24692 67CE77FF875295D435EA1C464755E63346400DADBA12F20831C6D5D6F57B9EF5
8203302002 17145 60201 3E8A5CC383DE5412C8B8988CA354D45B76B6EEFAA88A5BD1002F7AED2FB77A80
8201827956 39355 3058 F797E5830FB218AA54E4A9C3316133E54736765C36C4AF7F62ED4A12BCA27454
8205667064 52745 10161 1B5F03CB26B391222C968AC5E28C9E3B29DC655F72B735047291D4B8AF17B2E2
8201902395 4331 59518 D9CFF226DCAF28D442AB9337929C302632017DE5A85B04C9F3D35AF888DD6768
8201364867 32089 32712 4A37C71AD06CD461C3C698D3171E726F5FD6C6A34EE3DC7C500E2A3FA39A0748
8202274935 22132 62242 7C20F6CF1A09EEE4F40FE6F70B0F070213E4AE0B9599CF6348B0EAC781225457
8200554857 27436 28547 7C20F6CF1A09EEE4F40FE6F70B0F070213E4AE0B9599CF6348B0EAC781225457
8197636264 21148 29685 7C20F6CF1A09EEE4F40FE6F70B0F070213E4AE0B9599CF6348B0EAC781225457
8202324322 39838 16756 7C20F6CF1A09EEE4F40FE6F70B0F070213E4AE0B9599CF6348B0EAC781225457
8202111125 15062 37722 7C20F6CF1A09EEE4F40FE6F70B0F070213E4AE0B9599CF6348B0EAC781225457
8196576529 38586 61329 7C20F6CF1A09EEE4F40FE6F70B0F070213E4AE0B9599CF6348B0EAC781225457
8202897865 63586 41294 7C20F6CF1A09EEE4F40FE6F70B0F070213E4AE0B9599CF6348B0EAC781225457
8199939086 62359 45472 5718FA0D345A16D0F51060CE9D70152657AE7DD902C9BCCCF8C25A1DBCBF8F19
8204330467 29723 31317 69A6DEBAA44BB6DCF6897EE6DCC93F5F64FC1E395CABD609B099390B7A4C78C8
8205103354 11763 51913 F32325D25DB03C7316DB87FDF593B5F4B3E2E7870A77AB605DCDB8FF7589F9D0
8200203401 16723 47710 2E5791B53D0FAB8C968C03EE7D4C3AEEEBEAD8D23B30FCA1D8C2264F0C0752EB
8199532550 56139 34800 F8B04256330164AEDE800F1130FEC24F50B56E513B5656A646970DF91CB184AD
8197064364 35018 29967 7C20F6CF1A09EEE4F40FE6F70B0F070213E4AE0B9599CF6348B0EAC781225457
8201862491 52670 61117 7C20F6CF1A09EEE4F40FE6F70B0F070213E4AE0B9599CF6348B0EAC781225457
8197520940 34698 18272 7C20F6CF1A09EEE4F40FE6F70B0F070213E4AE0B9599CF6348B0EAC781225457
8203633567 8503 4221 E3D005D700237E79C8EB7C6643753C5B2FDBC9A4D174A3769863965A48F21AC2
8207405824 43315 43706 7CB6522EFA2B631E11C3C9EDBC9A9C25248BE8CAFDAEC4717E875189C6E4F3BC
8208112751 14058 17301 7C20F6CF1A09EEE4F40FE6F70B0F070213E4AE0B9599CF6348B0EAC781225457
8207680454 39614 41513 7C20F6CF1A09EEE4F40FE6F70B0F070213E4AE0B9599CF6348B0EAC781225457
8200298826 27963 57386 F3B07239C6FF676650FAA257D91AEFA86424F755EB9E3C8B40637DC7B74F9C1F
8200073603 8661 13889 92D377E1356E6713A8697C8F57D3D410F56B8CBBE612B1333C12B4DB032D04DD
8200069033 39789 32144 B6E2304E543946218F080B1E0E8978E85203EF8DCF7555F4B2E7D2FA09FB800E
8200565445 60121 9422 A3F372E8C37E84B7B9E47E8E220620FBC5F811200AF39C869AD1F00DCB59F8BF
8207595572 21722 51435 7C20F6CF1A09EEE4F40FE6F70B0F070213E4AE0B9599CF6348B0EAC781225457
8204318998 17714 37884 7C20F6CF1A09EEE4F40FE6F70B0F070213E4AE0B9599CF6348B0EAC781225457
8204937286 16770 16705 7C20F6CF1A09EEE4F40FE6F70B0F070213E4AE0B9599CF6348B0EAC781225457
8202624514 51679 56608 0E2F8B3C0407B0783AF53FDF280ED20C9881653E0C64EEDBFA0112F739F86713
8201769552 60374 26325 7C20F6CF1A09EEE4F40FE6F70B0F070213E4AE0B9599CF6348B0EAC781225457
8198116796 23142 31146 7C20F6CF1A09EEE4F40FE6F70B0F070213E4AE0B9599CF6348B0EAC781225457
8205078260 13380 24596 7C20F6CF1A09EEE4F40FE6F70B0F070213E4AE0B9599CF6348B0EAC781225457
8202403763 24521 37479 5240F71033780988EC22BBF8BD44631F56E2CACD646300B0D28EE3AB88EECA32

Total of 0 tasks calculated error.
