Total of 100 tasks calculated correctly, accuracy 100.00% 
8209700362 10306 37269 7C20F6CF1A09EEE4F40FE6F70B0F070213E4AE0B9599CF6348B0EAC781225457
8217097585 60245 12449 86B0D7F3266416732F527671479CCA28A1F19E28478A3E580BEBCDDBE87C9CF5
8210045632 11504 7300 7C20F6CF1A09EEE4F40FE6F70B0F070213E4AE0B9599CF6348B0EAC781225457
8211676728 39927 50672 45D37AF2645809EA11AA3C0101819F8A13BCD31FE336000F084817AC8FDBF001
8209234764 44271 61707 5CA9E93CC0FC815886BC33967AC8037F013C52C4B478C3F6BE249236FF9FD53E
8210796074 40378 3085 7C20F6CF1A09EEE4F40FE6F70B0F070213E4AE0B9599CF6348B0EAC781225457
8219261077 39825 34027 7D25F40AF8E1102EB761F964C3A84AB3CCA881221E11977CBDA648D82D7052DB
8215388166 55805 5459 7B16460128AF72A885E55BE4CE97A16CC340FC0FB6CEADC00D3127EB96F0712D
8217929505 3234 2634 7C20F6CF1A09EEE4F40FE6F70B0F070213E4AE0B9599CF6348B0EAC781225457
8212039940 60912 63832 7C20F6CF1A09EEE4F40FE6F70B0F070213E4AE0B9599CF6348B0EAC781225457
8219276330 49374 58066 7C20F6CF1A09EEE4F40FE6F70B0F070213E4AE0B9599CF6348B0EAC781225457
8219820537 10115 45173 4CB9A5FAB2AB17852DD2A85A2986771CA8DC1EEB9420275C0E40C201BEF3049D
8214666530 34131 12670 27FA9DA7EC3A5CAD2D420666FABE195BCFE6087EFBD3F67A30B9CD920F3E9D25
8217690825 41285 62753 9CA1B96C9CB9B241631BDEA5C0895067DEEDC3E53D0B3F5AE16EB693F6BCA820
8217842753 56214 38894 7C20F6CF1A09EEE4F40FE6F70B0F070213E4AE0B9599CF6348B0EAC781225457
8213301153 3516 1216 7C20F6CF1A09EEE4F40FE6F70B0F070213E4AE0B9599CF6348B0EAC781225457
8209873559 36531 6973 D6281D9A8213867D1FD431D0F5361148E41DAA97F540446C7285102CE141CAEC
8214542302 64434 1234 7C20F6CF1A09EEE4F40FE6F70B0F070213E4AE0B9599CF6348B0EAC781225457
8214553990 8586 36952 7C20F6CF1A09EEE4F40FE6F70B0F070213E4AE0B9599CF6348B0EAC781225457
8216717750 58997 43161 65E43681B85599E4350A82019EFFCB7CE57E8812F7DC778CFC2E97548125FF26
8209717926 45267 36877 E810781D3C2A6552CF5BAC4C553BDAE75D84A833E55BE22A2EB69C66DCBA21EA
8210466743 42881 64674 95B6828CC318122B3CE05E78F9AD93B1589049DCE771573D8BBC6DAC2B644D41
8213963205 30061 45852 FC863E6280420E6DE26794693C3CB0D76B6F7A265458337C744A48483FFB7A44
8214616919 22336 63836 7C20F6CF1A09EEE4F40FE6F70B0F070213E4AE0B9599CF6348B0EAC781225457
8216700781 64207 33076 1240C7E130016F4FEB1A7DEC15A88FE330DDDAC30BFEB5A72B064A0BDFB11CBF
8212070720 21118 51653 7C20F6CF1A09EEE4F40FE6F70B0F070213E4AE0B9599CF6348B0EAC781225457
8209538971 6164 16580 7C20F6CF1A09EEE4F40FE6F70B0F070213E4AE0B9599CF6348B0EAC781225457
8209780909 41122 59240 7C20F6CF1A09EEE4F40FE6F70B0F070213E4AE0B9599CF6348B0EAC781225457
8218741817 28245 55171 628CDB66D812D73203CB49024F5A875167EB037C6AC5CF828BE99DD0EA820F69
8211008449 62835 35533 B3245C3E1C38DF1A55C121C956F5018B0D89B0C0F9770392785FAC1AC0E4C846
8217785081 58388 22187 7C20F6CF1A09EEE4F40FE6F70B0F070213E4AE0B9599CF6348B0EAC781225457
8216420732 16382 45413 7C20F6CF1A09EEE4F40FE6F70B0F070213E4AE0B9599CF6348B0EAC781225457
8209128820 51647 12318 757FFDD39F75735C2052DC2ABF37A38C901436CE6484ED0D39E788016E54D7B7
8215133480 60149 35032 0624669BFC90DB75A597E9338BD7B32E9CBB6A6BBBCB09F59075E826E5F03F13
8210115859 13159 18469 DA955F6CA5ECD57595CB36A5C7D4BF9BFFB9437D71E05B2DA4BF8F3FA63417A3
8215358204 55708 17760 7C20F6CF1A09EEE4F40FE6F70B0F070213E4AE0B9599CF6348B0EAC781225457
8213583239 2904 47850 7C20F6CF1A09EEE4F40FE6F70B0F070213E4AE0B9599CF6348B0EAC781225457
8217881612 19651 14827 4001A15B27ADFF795EBC6951BC0651B519E925356D5C0C5A604ED62109731E27
8209434586 41729 21111 18134487B5799C26159963293FA25F5C6A2D979E96128792CB762A8BF434DCED
8219398501 55005 1016 DBC3FD9C02F13CEDDE892BE0D3C3B7F2D19830BB5E8E489D0430FDF9BF068D89
8212628648 18225 18896 BD99C26B75D69C60BD3FB4280E06175D7712CC98B6BB3D8456A1074D08A82D6B
8215277257 55912 18149 7C20F6CF1A09EEE4F40FE6F70B0F070213E4AE0B9599CF6348B0EAC781225457
8214114549 41829 31437 90B5D5792551E4E2CF460AA97263F250BD0F14AD926C077B45264779B6E5C907
8217874444 54654 3156 7C20F6CF1A09EEE4F40FE6F70B0F070213E4AE0B9599CF6348B0EAC781225457
8216315095 39580 42107 7C20F6CF1A09EEE4F40FE6F70B0F070213E4AE0B9599CF6348B0EAC781225457
8213606177 56346 51401 7C20F6CF1A09EEE4F40FE6F70B0F070213E4AE0B9599CF6348B0EAC781225457
8217967773 32293 55780 CF2050EAC6232E4B48EAD5D25A2071FBF1E1E8AFD28BB5219F3DABD718335403
8213031677 33684 54736 7C20F6CF1A09EEE4F40FE6F70B0F070213E4AE0B9599CF6348B0EAC781225457
8213285827 42277 41328 97DE49E67F60128A55813484F7AEC744D3EDF5C6C28F417AC3914ECB5E38EBFC
8218012631 37601 59414 BE281261918A887D4C8CBD1A88EC15FF97F0846B23DF1F1DEAF47914A6962E70
8218006331 12695 11180 3F6E81FAB086D4758B458E61190B4C901B9F5810ECA53C5CD7E5833CD646D56D
8209895620 37355 65248 FF84D1F3C0C6A356D07909193CC54F07B78BE604FE1D8B1DF3B800B08A0F6D60
8211211850 23928 37501 7C20F6CF1A09EEE4F40FE6F70B0F070213E4AE0B9599CF6348B0EAC781225457
8215995806 41441 39461 71048B3A05293DEF9A46B485A7EE7433EE9459010B26131CE3642078EB343F76
8216927462 26326 51515 7C20F6CF1A09EEE4F40FE6F70B0F070213E4AE0B9599CF6348B0EAC781225457
8213115015 32807 48596 54D1DF7376293BC110D3583ED01F47CE2B81019F25B7B40E6196291D6A959978
8214343160 19827 51457 0EF68E8CF8BB7B2171EF507DFDCFDBA640333D31B6CA26CFBCA86CFD66767948
8209904457 21839 5740 B20CC1D1CEE181E4382ABEB09C411C904E9F13FA1145490463002AD3BFE88724
8210538244 46689 8311 61E426C47EE67F29526D8BEF3A7A06651EACB0FE4A79228B4F5634A0059E9669
8209299717 5113 19247 9071E0BAD5BBA1C57EE59113B28A161F0A8231A238ECF0E4BE4A41CF8243F8B7
8210526808 15080 47587 7C20F6CF1A09EEE4F40FE6F70B0F070213E4AE0B9599CF6348B0EAC781225457
8219400555 24375 19972 B16C6EE6873654D56F9887F622C474CF9958B82D91F25C14F259ACAD8F394AAB
8217277791 59561 30452 EDDD65C1916B8ACFDA97C6779F06B339B87E522A0995AB73341C2C92FC74DE22
8210074815 59258 49698 7C20F6CF1A09EEE4F40FE6F70B0F070213E4AE0B9599CF6348B0EAC781225457
8214590357 20099 40865 ECB50843FCC25AE694E3159666F2DD40D1414BE7F96FE51B20AA48A027C133B1
8215890777 20649 46682 C9CC7C8807F257CB9DF39BEFFF898AF6FFB6D1566F1B62C810B718314C5CCFEE
8213295950 19775 2813 FE0253DA8358A4B7AF9A97D3DEA2CD6712EEDA6DF810280834C817D7C7B5CEB5
8209234530 57491 12818 3426C97BF5FFB79D4D294EFD21802C26AFDC3FC5E704AAE6AC2702A5A56AAA9C
8211950224 54529 43627 DCDA1986A5E17CD000B4B0E7BA597A7C7A7A4C78FBF05140463B6B0DA2CC54C0
8216006196 27711 35588 E2F2B037B1A7B01C9D8C9753E6ECFB9C5D074BB3E70AD186508603FA321C7126
8216720089 975 12568 F557CB240CE441A1F4142BB9A0651F0B05BDDDAAC8607CB97711644611AB0B4E
8213046381 11082 916 7C20F6CF1A09EEE4F40FE6F70B0F070213E4AE0B9599CF6348B0EAC781225457
8218055401 57076 3806 7C20F6CF1A09EEE4F40FE6F70B0F070213E4AE0B9599CF6348B0EAC781225457
8215224985 16851 47139 F3B5AFFA91FFA0463077D94EC28167232D6C7395899B432611E058BACC92ADB1
8216310793 52237 17346 58FFF86B5D09BD9A0A071D022E48C2A20BECAF3C6C88B4CE78E33778CA5D06DC
8215187260 36700 6455 7C20F6CF1A09EEE4F40FE6F70B0F070213E4AE0B9599CF6348B0EAC781225457
8217016181 56324 23068 7C20F6CF1A09EEE4F40FE6F70B0F070213E4AE0B9599CF6348B0EAC781225457
8209204349 1257 58841 DEEE6849272B691B0C58D9A8235C8E60E427A4BA2F6994EC8F980514BCECDAD0
8215771480 28156 40645 7C20F6CF1A09EEE4F40FE6F70B0F070213E4AE0B9599CF6348B0EAC781225457
8217828284 33571 11945 8922508C4E3C896347AF24835E9A01DCF28A5F53219C87C252DE8E1A592145E0
8219564196 44492 64451 7C20F6CF1A09EEE4F40FE6F70B0F070213E4AE0B9599CF6348B0EAC781225457
8213781801 54048 5130 7C20F6CF1A09EEE4F40FE6F70B0F070213E4AE0B9599CF6348B0EAC781225457
8213754682 27166 46094 7C20F6CF1A09EEE4F40FE6F70B0F070213E4AE0B9599CF6348B0EAC781225457
8216698546 37298 23090 7C20F6CF1A09EEE4F40FE6F70B0F070213E4AE0B9599CF6348B0EAC781225457
8219440445 58286 19171 7C20F6CF1A09EEE4F40FE6F70B0F070213E4AE0B9599CF6348B0EAC781225457
8218185995 31477 33948 B581773E666259559951A8D2A417B55B64EEA5D2925896E03AFDEA213432B3D2
8210594603 43797 9670 22FA68BB2A4082BB9C5AD45F4788C9601CCF49D0F6BE515ECA86A9935EC96420
8214793118 28111 60756 71B5A438A3509B1BF2802C1BF41096E63CC8F15876B85188EB4E73FC10904A4C
8217135030 223 1995 44826C869DB59987D1CDA53560FFEF2C4B65E34F09C0DF15265144A4F1A3EFE8
8220040537 11275 57430 F5A7E3722CE93F277AAB5FB65B9AFDC1F0E575419A298536CFBA17C906FEAFC1
8213049837 43072 6813 7C20F6CF1A09EEE4F40FE6F70B0F070213E4AE0B9599CF6348B0EAC781225457
8209392238 46558 41991 7C20F6CF1A09EEE4F40FE6F70B0F070213E4AE0B9599CF6348B0EAC781225457
8209752618 22994 48991 7C20F6CF1A09EEE4F40FE6F70B0F070213E4AE0B9599CF6348B0EAC781225457
8216611895 6583 40968 A549DE7986537A25C2CDE9621528F7CD405FE6FDA8522C6CF47D5529A3ED581E
8217915446 57259 41798 2A23D1DD2B9099519F1609328C19187F10FEDEB32A40F15359389AD50FCEE867
8218184623 44366 51008 7C20F6CF1A09EEE4F40FE6F70B0F070213E4AE0B9599CF6348B0EAC781225457
8218977840 22957 8556 8B130184FFCB8A3A7CAB367D10003739F8414B4F8BC778B7456F9F514AD1DF67
8215507505 53711 20806 07E864777FAB376BABC375EC573AF23851ACEAE3ED5B57CC11E2CA5300079AAB
8217682362 63385 23104 421403BFF98B3FBCF1C337EA25C0B614DF8A29CC64D561A9AF59FA0CB2448E9C
8213574837 7790 38176 7C20F6CF1A09EEE4F40FE6F70B0F070213E4AE0B9599CF6348B0EAC781225457

Total of 0 tasks calculated error.
