Total of 100 tasks calculated correctly, accuracy 100.00% 
8222452803 49387 65106 1E7C3EE70A8F1C0B7034D5FFA75E11EB7D57908B8DDBFDB11B17A1D425D69DC6
8221559807 42743 22956 42103A0CF9CE1642FB5A4A3B6924F35F91D72FE8B3011F87C5678B8A572D55BC
8225444269 20342 6285 7C20F6CF1A09EEE4F40FE6F70B0F070213E4AE0B9599CF6348B0EAC781225457
8225604583 25582 40812 7C20F6CF1A09EEE4F40FE6F70B0F070213E4AE0B9599CF6348B0EAC781225457
8226526947 9712 7145 7C20F6CF1A09EEE4F40FE6F70B0F070213E4AE0B9599CF6348B0EAC781225457
8221821546 10525 12680 C1F163CB96FFE922F1AD9FC22891A6CED27408F22A426965E700769582EF5F8E
8224782494 8592 39977 7C20F6CF1A09EEE4F40FE6F70B0F070213E4AE0B9599CF6348B0EAC781225457
8227890012 52694 18353 7C20F6CF1A09EEE4F40FE6F70B0F070213E4AE0B9599CF6348B0EAC781225457
8221360429 63303 24368 1BE7EF5EB3EFC5DBA977A011B3EF686D3FFFF49359604C5DB6D124A24E8F5F6A
8228702872 37573 4219 BDCF5A5126EFCAF94BA7DB81C5346C0001637EB4BCC23D6B91FB8831CEA7DE98
8232239006 43480 1920 7C20F6CF1A09EEE4F40FE6F70B0F070213E4AE0B9599CF6348B0EAC781225457
8223529537 27585 49460 345F157F0A227201C0417CE3706AA6D0B2459290043DE905499BC8C1F61B2B2A
8229115900 14112 39519 7C20F6CF1A09EEE4F40FE6F70B0F070213E4AE0B9599CF6348B0EAC781225457
8231934583 22918 16022 7C20F6CF1A09EEE4F40FE6F70B0F070213E4AE0B9599CF6348B0EAC781225457
8225238055 6267 37674 0C7B01C590D95A3339A4DE8148BAF878503D1CF8ED58E76549C4A4C331B5FE04
8226346319 61304 58900 7C20F6CF1A09EEE4F40FE6F70B0F070213E4AE0B9599CF6348B0EAC781225457
8223205592 40861 48567 97E5AD339FBFCC3A5F2B3B9480C6D03CD9ABAE15F44798682660EDBC8E485FE5
8221206847 6487 20455 EB7375AD78E70B2CDE616EBC53E4E59FC1829EC234853DA15B97E469C739B8F0
8229024869 4588 48653 7C20F6CF1A09EEE4F40FE6F70B0F070213E4AE0B9599CF6348B0EAC781225457
8221308380 4337 46268 E98734BE16ECFF5830C05D58BE9558E8FA8A5C53DD04DB9F71691D08DD654BE3
8231105426 13347 61900 ED16A19DAC10F7DD50DFD618B16B225A1AD9EED50620627832EFF573F1112912
8225234113 65461 1186 7A909A7EE0622F8B5D9F97AAD3D74AE28911DC5F73AB0731F99F38AD96063AB3
8221151778 52797 47412 CC6AFC45D0772EFEE98E10BAF9F0481C3EE125450C06BAC0DF9D73EBF282083F
8226158030 57773 43806 A07A5970B530982C4138ED03B4143FFC842EEB8A68B2F6CEA6F77E0638C58C5A
8224583086 15662 56272 7C20F6CF1A09EEE4F40FE6F70B0F070213E4AE0B9599CF6348B0EAC781225457
8225971730 44263 38028 38247845480F8C245CDE72A003175373EE848540F35BE49C220AA706561D5931
8231062561 55202 11554 7C20F6CF1A09EEE4F40FE6F70B0F070213E4AE0B9599CF6348B0EAC781225457
8231496899 16947 28861 10362298299E8BA6C393A93571B01DF834F9417D91DFFF13AA78459EE6BB4168
8230373742 46615 43690 6190D7E5A401F6F7B6EE8927E56D3B7DE1D76E8877A52272C37911F0023AFA23
8228049721 15614 60190 7C20F6CF1A09EEE4F40FE6F70B0F070213E4AE0B9599CF6348B0EAC781225457
8220663244 20689 56636 B4D9A0102D1752CA37502FE31D931708770E5DCED67D601560813B6FB96FA6DC
8230791871 43005 440 A4A62E7DF2600BFAF3C70512D7E1A643E46620E62A6890102BC825BCB5D70B6A
8227528270 43451 40163 E39265423EF9CE0781E81E1030923DE47B817E3F232D5E21CE49CFF0E3844C04
8229206833 50994 19598 7C20F6CF1A09EEE4F40FE6F70B0F070213E4AE0B9599CF6348B0EAC781225457
8229038083 39121 5926 49BFE49C6AF82086CA531C94666D9477951969FB951ED1E70C093248067DE36B
8223736462 26315 30437 66428F58E792D3BEE1E2559BD7D9816E2FE8B0FBBC1F2748766870E6F86CB87F
8229433943 56077 943 72A3152E97302A06CF81C069320569F7B733D36ECD317393D6618A9741EBA0D5
8223630126 24921 27782 DF8912619909C628D9B8BD03CC1D78EA048B65280CDF30E8C57C5BF4FA6932D8
8223785192 56102 63822 7C20F6CF1A09EEE4F40FE6F70B0F070213E4AE0B9599CF6348B0EAC781225457
8221484268 34266 62103 7C20F6CF1A09EEE4F40FE6F70B0F070213E4AE0B9599CF6348B0EAC781225457
8227614949 39104 45956 7C20F6CF1A09EEE4F40FE6F70B0F070213E4AE0B9599CF6348B0EAC781225457
8221305383 3586 44388 7C20F6CF1A09EEE4F40FE6F70B0F070213E4AE0B9599CF6348B0EAC781225457
8230570408 52760 51762 7C20F6CF1A09EEE4F40FE6F70B0F070213E4AE0B9599CF6348B0EAC781225457
8226185426 47507 18048 ADA7EEC551AA0F41CECE476FD095F6C1F0E8DEC7D14F42E161505B5601B55CDC
8221009778 49517 2271 17AF3AA189C9561A391E1777DCA7027E0055B3AA545193C94330815FB008C1E9
8222423433 9727 6900 4CBD35A4D07A5BB97F3500A57747DCE9468E145E406E2BC7E48F879B28101BFE
8227227274 56878 31290 7C20F6CF1A09EEE4F40FE6F70B0F070213E4AE0B9599CF6348B0EAC781225457
8228447273 28746 24221 7C20F6CF1A09EEE4F40FE6F70B0F070213E4AE0B9599CF6348B0EAC781225457
8222694046 39783 26111 AF5A416E572D30F641083800935579D56A48F43B34BB09B5079FE978086A7627
8224290848 38348 34125 7C20F6CF1A09EEE4F40FE6F70B0F070213E4AE0B9599CF6348B0EAC781225457
8222339842 23514 24518 7C20F6CF1A09EEE4F40FE6F70B0F070213E4AE0B9599CF6348B0EAC781225457
8220629853 4442 18749 7C20F6CF1A09EEE4F40FE6F70B0F070213E4AE0B9599CF6348B0EAC781225457
8231676556 16008 19543 7C20F6CF1A09EEE4F40FE6F70B0F070213E4AE0B9599CF6348B0EAC781225457
8227954078 3424 31027 7C20F6CF1A09EEE4F40FE6F70B0F070213E4AE0B9599CF6348B0EAC781225457
8229340112 29361 60015 FC98304AD314928B7A913AF8391BF5F90B27C509F464EBFDC0F891FE71889CE1
8231462207 63063 9693 80882B7AEDAD98CC1F1933C4310E714CF6D33EB7ED7C9B59B9C4F5B8DE3E3E89
8226942316 619 40768 5E988964CFC8605C68CAAAF666F78A41397B58BB4FD781D90F6088C6126D0D04
8221247385 38888 615 7C20F6CF1A09EEE4F40FE6F70B0F070213E4AE0B9599CF6348B0EAC781225457
8231394402 16570 4391 7C20F6CF1A09EEE4F40FE6F70B0F070213E4AE0B9599CF6348B0EAC781225457
8228186729 48175 3021 7EA52814CDAB3114A248F1F373F0C09DCD0207FEC6C1EFA86202B7F9B82C3EDB
8227711163 18763 51192 89DD84B090195354C0AB179D1EE3446646B583ED40697EB3101531BD9D3DA787
8231957411 33189 19375 2CE81EFE643A3BAE22C24913E50E163E704052BA92750E8AC73646B62D068147
8222042921 28439 30426 DB98BEBDCA0C7193FE1A5A03722EABFEC26935505C6592382355565EFB320CB8
8220696415 42063 31381 A9FD1E7AE394F8009961FE88B0931C97572F4AC17A6E97C5BD7E8B322C2F4EAB
8225384532 16804 61683 7C20F6CF1A09EEE4F40FE6F70B0F070213E4AE0B9599CF6348B0EAC781225457
8222663288 45159 28340 1BE8FE73C07E57922B3C3C6AD61C05DAA13AC7C562CF9A65AE851F50B6E010F3
8229175970 25849 9 5ECDFE18765A34E8DBEFB9BEE646103C7398569C8B323577DAE5009B4715B649
8226575614 65518 55610 7C20F6CF1A09EEE4F40FE6F70B0F070213E4AE0B9599CF6348B0EAC781225457
8224179093 41649 35864 8A65F011D14E1AFCA21AAD0B78D4E82981E0366259FFEDA3FB0D751889D86CF7
8229198623 10270 51833 7C20F6CF1A09EEE4F40FE6F70B0F070213E4AE0B9599CF6348B0EAC781225457
8225952258 18507 14468 0C5C9F9C8D924F2FAB9FE8650DB1CD4A964C765FE12FA3AF4492A191D62FCB7E
8224940926 36 42901 7C20F6CF1A09EEE4F40FE6F70B0F070213E4AE0B9599CF6348B0EAC781225457
8228132521 31679 43165 D538FA64875F7A2A17918EC742299DABF4C70E501EF3878F8E6354241FC7A159
8231035377 48231 50087 F4587909E16FD71DAC004F78C99F6A782BD7BA0522C282078472F51E3441DB0C
8231758971 38658 32292 7C20F6CF1A09EEE4F40FE6F70B0F070213E4AE0B9599CF6348B0EAC781225457
8229717166 7158 33926 7C20F6CF1A09EEE4F40FE6F70B0F070213E4AE0B9599CF6348B0EAC781225457
8230643759 34580 41498 7C20F6CF1A09EEE4F40FE6F70B0F070213E4AE0B9599CF6348B0EAC781225457
8223370909 40783 43808 5C0B4A34A82848F964CE8C50F1E71A56FDFF8BF4CC39B091299BC8656976A508
8222361793 14609 7941 A6736914F5666F207052F93D514E14076072C61A38BEB6D29E02E4924F22F4D0
8225826694 54801 40836 AB8EA71664262B1D1C36D2555A5E065AFA6164B573513CDC54D7E499C994C387
8232345321 51694 7579 7C20F6CF1A09EEE4F40FE6F70B0F070213E4AE0B9599CF6348B0EAC781225457
8231440029 46625 39534 9A4E4FD8EC1355F5F715BCC40A6A0CB22C92175730AA7E5D69761D6FB5D9E857
8224617989 23817 13453 046DA38C501A0B8F2DB96B3A81837D549D9ECF9F76BEB59CD61DB8DC42E1FE2B
8225711264 49697 58007 DDD4DA34B57386EAA10791CE3B0C4BCA14A85956424D234300F34376DCAE2990
8230711615 11868 13335 7C20F6CF1A09EEE4F40FE6F70B0F070213E4AE0B9599CF6348B0EAC781225457
8224050207 9255 6775 09E9202C412DB34395F3440DFED17B25C17740EE60D13FFD070A6E552FB44FAC
8223935314 38276 24306 7C20F6CF1A09EEE4F40FE6F70B0F070213E4AE0B9599CF6348B0EAC781225457
8230227937 24693 10157 A2037920D0E08F840CD1511170AB81B3979B274B3761B68AB50D82CEC00F97FF
8221014274 11954 11279 7C20F6CF1A09EEE4F40FE6F70B0F070213E4AE0B9599CF6348B0EAC781225457
8228349093 22184 41119 7C20F6CF1A09EEE4F40FE6F70B0F070213E4AE0B9599CF6348B0EAC781225457
8228067725 26044 10056 7C20F6CF1A09EEE4F40FE6F70B0F070213E4AE0B9599CF6348B0EAC781225457
8231681119 35752 25635 7C20F6CF1A09EEE4F40FE6F70B0F070213E4AE0B9599CF6348B0EAC781225457
8221607923 18483 45557 D494495ED8BA00D659B7AC72FB74E997D891709D1AE583C30049F5BD91A90B73
8221454739 9307 15811 F1AFA05458A106ECB96D798E3504EED41C9851C7005E142F45133E7D5FE43E1C
8226778053 511 15504 5DDF6D2177D2C7CE775FCFDF0A2F15949C0E32BEA940D4381318218CE25629D4
8226443047 43832 63255 7C20F6CF1A09EEE4F40FE6F70B0F070213E4AE0B9599CF6348B0EAC781225457
8223755140 11552 22218 7C20F6CF1A09EEE4F40FE6F70B0F070213E4AE0B9599CF6348B0EAC781225457
8232340264 44120 57695 7C20F6CF1A09EEE4F40FE6F70B0F070213E4AE0B9599CF6348B0EAC781225457
8228140491 42883 44105 2BB961FCFACB78079A7A583022120A242EF46461F35A27BAABDCC2EAF7563D93
8232207408 39680 10886 7C20F6CF1A09EEE4F40FE6F70B0F070213E4AE0B9599CF6348B0EAC781225457

Total of 0 tasks calculated error.
