Total of 100 tasks calculated correctly, accuracy 100.00% 
8243370119 5698 11405 7C20F6CF1A09EEE4F40FE6F70B0F070213E4AE0B9599CF6348B0EAC781225457
8242399002 1382 12186 7C20F6CF1A09EEE4F40FE6F70B0F070213E4AE0B9599CF6348B0EAC781225457
8237977368 29831 31024 867134072D28720415CAE4978B93D6D92668EA997EB62EDCDB9BD9B434E5431D
8244014270 31235 28380 F016D0CC1E33822C00829D8974CFCCBCB7818C0460222A87434478B74ED94001
8234412767 16789 5295 DB00A8B4C62EE65C2ED7DB443E509F08055267749A4D0B24CD52968A1BBF80D9
8239517362 58028 11043 7C20F6CF1A09EEE4F40FE6F70B0F070213E4AE0B9599CF6348B0EAC781225457
8237722751 58686 591 7C20F6CF1A09EEE4F40FE6F70B0F070213E4AE0B9599CF6348B0EAC781225457
8242478457 15837 53498 E3A4B565932CE1010FA9C918ED0652AD4EF37CA61912AFFACF0A3D17B5D4C0B3
8232953651 50807 62241 CA4BECDBAFC4B299BD91449B93FC06577FBA6ED355BC3DCA3E96BECB09B773C7
8237397212 37730 58683 7C20F6CF1A09EEE4F40FE6F70B0F070213E4AE0B9599CF6348B0EAC781225457
8234779335 28491 137 73E47000B5E13530626A225CC20E25D8385FBE777FDB8AFA4211F9DAC9387041
8237304323 23757 44230 BE68D5940996D47E850A8E99BD353DCD79377D0E68C21B014C1AA8C61AF6D8E6
8235981170 51670 18844 7C20F6CF1A09EEE4F40FE6F70B0F070213E4AE0B9599CF6348B0EAC781225457
8237423831 9762 32345 7C20F6CF1A09EEE4F40FE6F70B0F070213E4AE0B9599CF6348B0EAC781225457
8241130122 30997 30250 ADDDB4EA7F1A6B7B5E76D6371822DEF61913991D7B35E44ADDF23F3BF3480D94
8234051551 56338 46641 7C20F6CF1A09EEE4F40FE6F70B0F070213E4AE0B9599CF6348B0EAC781225457
8235401025 3091 53513 ABF243D792D6B9E8D82C5772D881D1DB28352DEEE2CE8AF3C3B9922448ACA971
8237482618 33433 29746 07F78EB9F95CDF7E14174738CE49AA0D6C04D5E8EF77108E90344A5B367709E4
8238752667 14707 21628 62C8FEC44254F1F2E63649B7A5CCD648338D2387CDA144069E92F293FC09301F
8244301924 44258 40326 7C20F6CF1A09EEE4F40FE6F70B0F070213E4AE0B9599CF6348B0EAC781225457
8237844667 33595 38600 C6166E50E6C5C6BB57FED3A0C6A2CA5331851164F3669A1BA48414AA30CAA1A7
8241020157 26423 39437 6DF76FB9B9C506D296BE5D8FB63F8931860D7698D405EA4DA1A8621B1D7E7C6F
8237722782 61990 8059 7C20F6CF1A09EEE4F40FE6F70B0F070213E4AE0B9599CF6348B0EAC781225457
8233047110 24964 38254 7C20F6CF1A09EEE4F40FE6F70B0F070213E4AE0B9599CF6348B0EAC781225457
8235389889 49107 48162 B2D59DF35F7AD5AB5C9C31B723AD9E0FACC1385090C25C20A60425DF13C90247
8235997144 5410 40894 7C20F6CF1A09EEE4F40FE6F70B0F070213E4AE0B9599CF6348B0EAC781225457
8243966173 34959 16498 FFD2894108A6DE8AA252E0E1AD319544E89C8FD2DE9DADD6511B275DB0011877
8240318615 48736 25413 7C20F6CF1A09EEE4F40FE6F70B0F070213E4AE0B9599CF6348B0EAC781225457
8240640402 26701 12100 A56DC8E8B313FD6F3586D2ACB1DC96A134E8ABEE00433F1587D664D2CE434077
8234431298 62676 51425 7C20F6CF1A09EEE4F40FE6F70B0F070213E4AE0B9599CF6348B0EAC781225457
8240895989 2422 47781 7C20F6CF1A09EEE4F40FE6F70B0F070213E4AE0B9599CF6348B0EAC781225457
8233524150 22763 52581 B6FE9E825414AF19752A692AD1E242EAC9175A3D50233002F2D3F0C18D83DBA4
8240091688 47249 12745 95824E41E1702BF289C26D91A5C943EC0F405539C856409FAE7F776DB9CCAC0A
8235008379 10335 31038 F3D34D2E3A8C1243F5D7DA738314DE09EBE1AF9540943CC8FADCF9159FB2D730
8240768675 54376 45282 7C20F6CF1A09EEE4F40FE6F70B0F070213E4AE0B9599CF6348B0EAC781225457
8242714742 47793 43637 D4A0B8036140CE0CE5A46BF34B6DBADD946F08B55407BD6A7B8D9BBB8A561578
8242430183 36776 55163 7C20F6CF1A09EEE4F40FE6F70B0F070213E4AE0B9599CF6348B0EAC781225457
8236414014 23712 44070 7C20F6CF1A09EEE4F40FE6F70B0F070213E4AE0B9599CF6348B0EAC781225457
8240763429 24988 33470 7C20F6CF1A09EEE4F40FE6F70B0F070213E4AE0B9599CF6348B0EAC781225457
8234106297 59965 33576 411976508E35885F423DEA76B8D2AF5E5379EDD2E9D86FE81F5B44E69DC51171
8233303585 32566 32969 7C20F6CF1A09EEE4F40FE6F70B0F070213E4AE0B9599CF6348B0EAC781225457
8239216562 11773 20274 7E9864C7B5CA0A039ACA602ADF9F7CEB74A4667470E421BA00EB5DB343B04068
8238138701 63846 26183 7C20F6CF1A09EEE4F40FE6F70B0F070213E4AE0B9599CF6348B0EAC781225457
8234239770 826 30566 7C20F6CF1A09EEE4F40FE6F70B0F070213E4AE0B9599CF6348B0EAC781225457
8242426278 3778 13097 7C20F6CF1A09EEE4F40FE6F70B0F070213E4AE0B9599CF6348B0EAC781225457
8233584955 23835 10799 E691C11984680F04CAAF35EE31846D890140EE8B893BED0A3226CDE57B518FD1
8239478782 32444 30059 7C20F6CF1A09EEE4F40FE6F70B0F070213E4AE0B9599CF6348B0EAC781225457
8240669202 29 11950 DC06FD7642134AD66F555D4E5D9D608A5F8CE1B3963B4E4345369355D43954BE
8242535543 48957 42847 DAEB09DBF962331CBFC9DA615DC29C3999B478FFE266C2818C76B03F6F6B8E72
8240899870 28829 27822 3C7C6F860E5DBFD61DF933671F3395FF716B1C9E1F24669D4CAC5FFB37AAA042
8244013824 22999 56702 6CB029AB6CB81C05B831DD1BDEBB3B113BD277915D34209221AFF5EE49A9C3E1
8241923148 5651 55173 FD592C33A7CCC090F7FFCA528A12FD250D0349942A0D2792EDE6CD8CE2C54256
8241945322 35412 46559 7C20F6CF1A09EEE4F40FE6F70B0F070213E4AE0B9599CF6348B0EAC781225457
8242804728 36135 52982 EAADAC2885032C0A51B9390281DBFE70FAC18CEF1D44F86E3741E5CF8340600E
8240934953 44297 37680 FD1B75D0DA1532272DEE64190F5C32CD209DD1A236ADC9725E9A2D9DD34AE31D
8237923494 36039 18565 88DCB13B8104B589AAB29DF85C3464079B83E470F67DF6B075C1A761C5CA3E84
8237318324 51272 65133 7C20F6CF1A09EEE4F40FE6F70B0F070213E4AE0B9599CF6348B0EAC781225457
8232814383 63752 50081 7C20F6CF1A09EEE4F40FE6F70B0F070213E4AE0B9599CF6348B0EAC781225457
8243800018 48368 5560 7C20F6CF1A09EEE4F40FE6F70B0F070213E4AE0B9599CF6348B0EAC781225457
8234776683 12603 30793 ECABEC9E8E0033E8B922D39DF8D77E432A180409DD05F5E430274C7B9FCD92D8
8239438307 57594 29046 7C20F6CF1A09EEE4F40FE6F70B0F070213E4AE0B9599CF6348B0EAC781225457
8236441176 44098 21959 7C20F6CF1A09EEE4F40FE6F70B0F070213E4AE0B9599CF6348B0EAC781225457
8241108470 9185 19042 B5481C274AE794B707275EDE879ADD5299234C55252D2236AB00FFD92E90F065
8238913187 56988 5520 7C20F6CF1A09EEE4F40FE6F70B0F070213E4AE0B9599CF6348B0EAC781225457
8237150915 23196 30858 7C20F6CF1A09EEE4F40FE6F70B0F070213E4AE0B9599CF6348B0EAC781225457
8237345946 30500 53268 7C20F6CF1A09EEE4F40FE6F70B0F070213E4AE0B9599CF6348B0EAC781225457
8239962612 63617 55398 1888F5A5FA8760B21176D9507992749D24ABE6B82618848CFB348C0EA770F441
8239105678 26973 46473 6C78A563FBA39B9CE1AE8FA611691F22A3F47F49458C8A463DE28CB3D144519F
8233452703 16129 58719 7F332848565759F16E4B1FAA3298232C938FDEA179CB9232D2187AFA9F616EAB
8235616486 31856 58946 7C20F6CF1A09EEE4F40FE6F70B0F070213E4AE0B9599CF6348B0EAC781225457
8244252647 201 51463 74D3A3E453E529B609C95A49BC86F8E3B2DEF068E98BE6BD24BD82681F8849C4
8233173919 63531 19970 22609D5EE34A6191617A6010D7E9413BF2B2930F80C43206421F41FE43EFE8DD
8232827958 62014 3201 7C20F6CF1A09EEE4F40FE6F70B0F070213E4AE0B9599CF6348B0EAC781225457
8233614502 33213 12237 6755A934E7777A9345DFA46404004BA8E9F133FD196C8D0975C906392F9B7CB6
8240381215 58746 64199 7C20F6CF1A09EEE4F40FE6F70B0F070213E4AE0B9599CF6348B0EAC781225457
8234811882 28267 62200 1B596B44E877C00CE8D6EB21232A293AF0AE046E39B5AF060F630C87DDFF82F5
8239347746 3515 22431 53D4F53923C17F532523A0C6F7A4F0810A3B7FD7D8FEE93B556ADBFFCB57C6E1
8237930595 52746 20177 7C20F6CF1A09EEE4F40FE6F70B0F070213E4AE0B9599CF6348B0EAC781225457
8243395396 35327 48308 8F43F449A342123BC06E4EA3DEC1F1846887841024B56A386B79012F34537475
8237380836 2406 9083 7C20F6CF1A09EEE4F40FE6F70B0F070213E4AE0B9599CF6348B0EAC781225457
8237284589 50087 23062 39D0D04301AF715DD2A0D796C818588DF5FC27F4E1F447E7A13A97E69A8DB408
8238241444 8726 16233 7C20F6CF1A09EEE4F40FE6F70B0F070213E4AE0B9599CF6348B0EAC781225457
8236177366 62270 12527 7C20F6CF1A09EEE4F40FE6F70B0F070213E4AE0B9599CF6348B0EAC781225457
8236793047 30010 25800 7C20F6CF1A09EEE4F40FE6F70B0F070213E4AE0B9599CF6348B0EAC781225457
8234569381 60762 21818 7C20F6CF1A09EEE4F40FE6F70B0F070213E4AE0B9599CF6348B0EAC781225457
8239645655 55707 62485 3A11A1DE0C0C1E6AE2F6E9FC5F1E2AC2CE26601E46AFA42D69CB8CFC91646D81
8239040865 48124 64184 7C20F6CF1A09EEE4F40FE6F70B0F070213E4AE0B9599CF6348B0EAC781225457
8233150732 16317 20800 275DE4ABD629E65D3E5A31C253895BF32BD573BD8D449BF5BDA8AC3B736F8E35
8243716928 49546 53848 7C20F6CF1A09EEE4F40FE6F70B0F070213E4AE0B9599CF6348B0EAC781225457
8236716047 26500 23257 7C20F6CF1A09EEE4F40FE6F70B0F070213E4AE0B9599CF6348B0EAC781225457
8236819831 38320 23566 7C20F6CF1A09EEE4F40FE6F70B0F070213E4AE0B9599CF6348B0EAC781225457
8240312102 33192 28507 7C20F6CF1A09EEE4F40FE6F70B0F070213E4AE0B9599CF6348B0EAC781225457
8232957557 32071 19077 EF4FCE79BB0E08801F91BE489C45C14EC3A470F647A5EF7A69D8D1A4A459B8D8
8243055227 14101 53739 8CEF7F5CDA5BD3CDB691A7DD91F4692F1AC0C96C5B26230012F884446D671CF2
8236676673 20824 41140 7C20F6CF1A09EEE4F40FE6F70B0F070213E4AE0B9599CF6348B0EAC781225457
8234813009 42961 24960 F7E0384E91CE390C2795324C80449ADBB7C47B8A246E435C0F2637BF9249D800
8243189354 12068 64721 7C20F6CF1A09EEE4F40FE6F70B0F070213E4AE0B9599CF6348B0EAC781225457
8236104752 23941 33212 11F89079FAB0A09A66750497B83434547C2D951E07F660DD739C2706A2320329
8237950974 14837 61340 C8190CD880F87E61CF86737F2768D1BFE7BA1894D759A22D8E8866147EE06755
8237840825 19115 19024 2361C844AB062B3E955EB88B0B11A47122206AF27C6103CBE816BF17D90F31C3

Total of 0 tasks calculated error.
