Total of 100 tasks calculated correctly, accuracy 100.00% 
8247455817 54991 27683 566F09149366C8A81CECEA724932F628165B0D573B1565534D9BA8232EFA5926
8249586148 59737 64414 B4E1EA6BB94A30AB7DD6E7AEB39EF7EAB42C4C6610408B0371AD138E528BA551
8255252846 41505 43256 2C9073B95C9D5353E8DC7ED38AA78B964C32D4C4D2904B499248C53FF92D5C51
8250391053 2570 11896 7C20F6CF1A09EEE4F40FE6F70B0F070213E4AE0B9599CF6348B0EAC781225457
8254470902 12836 31211 7C20F6CF1A09EEE4F40FE6F70B0F070213E4AE0B9599CF6348B0EAC781225457
8251648214 4228 10046 7C20F6CF1A09EEE4F40FE6F70B0F070213E4AE0B9599CF6348B0EAC781225457
8250189563 14877 63522 985D28352CBA9BFEAAF241E5910980A6369B1A2F21F344B6F21F5B7C1256E3FB
8249361951 45996 4409 7C20F6CF1A09EEE4F40FE6F70B0F070213E4AE0B9599CF6348B0EAC781225457
8247910722 55339 18062 0E65E100F69AA0CA8E2C51C0DD4E74328070F1615F4701A611EB4D4888CA4CE7
8253694154 54187 26703 50E05F1C8021F8FF95F983FECE62FFD52719506B73E1DBB6AA10E84C584A7080
8254949555 56922 3600 7C20F6CF1A09EEE4F40FE6F70B0F070213E4AE0B9599CF6348B0EAC781225457
8254978796 18198 4323 7C20F6CF1A09EEE4F40FE6F70B0F070213E4AE0B9599CF6348B0EAC781225457
8253208266 50048 10350 7C20F6CF1A09EEE4F40FE6F70B0F070213E4AE0B9599CF6348B0EAC781225457
8250372737 6341 16760 7488AC08B255266897B1CEFC48A6A3B246CB4B5B399D37709EC837399289C202
8256037814 42909 43025 654037CF8657191F2A83E2E7967D32306AC593DC4DD046DCFF73B093EAF7FB41
8252280109 47933 23858 59C5C4E0FC4FADEE15E17DF623EE21F6DFF803D15596B394F5893693DB49B86C
8246947410 13205 33104 AE275E17172AFDA82BFFB983F065BC7A3823F8E11C651737D7C576C3F5F6111A
8246321053 3297 27978 53284DA337443F65081A180B3B370048508AEEC5CE54C5B6824911AA8FA9977B
8252082422 39607 64430 6681B760E23059919E9C7F21AE1EFE3950F60A8D06B3A148FCE7207FAD00D89B
8249238807 27959 56999 2E585EF8B5F5FA861A63953F9D70F7A8D523F52DD6E8633B8B21DFAC5358C3A3
8248945321 11370 4012 7C20F6CF1A09EEE4F40FE6F70B0F070213E4AE0B9599CF6348B0EAC781225457
8245257514 36201 34265 81C933D8263B877433EDB461CA269B56E3D61C50B290C6B92C3C7939E14AF7DA
8249985647 7182 9461 7C20F6CF1A09EEE4F40FE6F70B0F070213E4AE0B9599CF6348B0EAC781225457
8244765775 43734 58977 7C20F6CF1A09EEE4F40FE6F70B0F070213E4AE0B9599CF6348B0EAC781225457
8256415138 47639 10843 1F3308F77B1F231154C29BB302713A695C9367C1CC66898BFA540CF96F78E5FA
8252344464 29986 49555 7C20F6CF1A09EEE4F40FE6F70B0F070213E4AE0B9599CF6348B0EAC781225457
8251095548 34438 12215 7C20F6CF1A09EEE4F40FE6F70B0F070213E4AE0B9599CF6348B0EAC781225457
8253768553 62897 42962 827B17AF24273D286234150704EAE34EF8E4E74DBE2749AC5C70C5DC9BD392BA
8252105933 45527 32994 9C6CC992DA0DE9BA71B9D0B76CB4F9FF65AAF1BD753773C3447A3603015240F7
8254378405 16510 39177 7C20F6CF1A09EEE4F40FE6F70B0F070213E4AE0B9599CF6348B0EAC781225457
8250007105 32515 22438 3873875D9ED7FB5639D93E2273FF3B71655DE9C23E7B75EB88E3364250A7594B
8253326485 16026 2498 7C20F6CF1A09EEE4F40FE6F70B0F070213E4AE0B9599CF6348B0EAC781225457
8244899241 16249 37666 C8BD3793269D90DBF0E360CD73E9BDFA18527C9917534A2443218149BE06239D
8247380466 4026 2818 7C20F6CF1A09EEE4F40FE6F70B0F070213E4AE0B9599CF6348B0EAC781225457
8252048842 24120 60566 7C20F6CF1A09EEE4F40FE6F70B0F070213E4AE0B9599CF6348B0EAC781225457
8251364615 60055 17552 02977389750F1D4402814CF6216DBA61057EAE8B1C09C5D3B5A3A5E631989E88
8253725414 11200 41344 7C20F6CF1A09EEE4F40FE6F70B0F070213E4AE0B9599CF6348B0EAC781225457
8255905906 5549 43075 8EE1CA37EBE1CC337369C30E2FCE24166713A3472BDECA52E8FBC6E59011098A
8255893150 42545 20409 5DDE0F00D952E9FF477A000CE21B6BC9CF0CAD971A8F7584786B8EFBF6A92043
8252036740 56045 29475 AE107215B5B9008639CE93A26CEDF93F6F0B2E773A2CA537401E924F7F9066FA
8249316151 42425 61788 AA307C7072E656BEDF71AB9C4E58B8A9CE98C7894041E02211321CFC59DEA250
8254461744 49231 54599 285863DF57F400F5F43A6470BA717F1ED8A6F4AC2311E71450EEC9C0A582107E
8248126841 426 39798 7C20F6CF1A09EEE4F40FE6F70B0F070213E4AE0B9599CF6348B0EAC781225457
8251526491 2100 61944 7C20F6CF1A09EEE4F40FE6F70B0F070213E4AE0B9599CF6348B0EAC781225457
8250736610 50877 63544 41BC7912090C095A69D466C5CA5E2456BB93AC23F4639EE18C2F4997524FF3EB
8245963476 41915 43846 FBCDE96B79999DB2A0DF8F6438A2BFCF6AB02026DB99834165F75FA8F79E23C0
8248298569 20132 59179 7C20F6CF1A09EEE4F40FE6F70B0F070213E4AE0B9599CF6348B0EAC781225457
8249690636 58843 62682 E837DCD66C0018D9F0B93B6199B64CAC9C4DE081747A00C63F5BEA7F82683C05
8247768329 62621 44267 4F8E71244CD8A1947663B49174BA5119C3FA2A60B7E77E9B53911744A25AF56F
8253147124 61497 48983 FE75BECF3A0DE1AF55000815EC76C4D5A4E814840827B66D2FDE2E637B6EA7B5
8253916612 18781 43352 3B3A70F66B8135F8A3107F3D2E0BEAA271AD52E823228F66B5A3A85616A71694
8245984421 25486 27103 7C20F6CF1A09EEE4F40FE6F70B0F070213E4AE0B9599CF6348B0EAC781225457
8253889965 3588 50720 7C20F6CF1A09EEE4F40FE6F70B0F070213E4AE0B9599CF6348B0EAC781225457
8250119038 33894 52072 7C20F6CF1A09EEE4F40FE6F70B0F070213E4AE0B9599CF6348B0EAC781225457
8246178058 5211 2531 56384620E598208083A194F6134D76A96772C4DFA39E3AA7AFCD488B63F50424
8256047714 27469 63673 5EC033ADB664A0825A19C9B31C34D21102F315B100054846D8872F2A9161328E
8250537045 49897 39635 D71A1142749DF9A3814310AFA345E311930B7659D13EF3EE0945DBBF71C04757
8247660979 5975 30946 090CC2C9A1ADE634574F81BEDE769009CF456C79B2B35C424B68DC9CFD2FB89E
8250008531 44164 33754 7C20F6CF1A09EEE4F40FE6F70B0F070213E4AE0B9599CF6348B0EAC781225457
8251969382 61899 57918 7815B72C1B575B2FA91E86FACD42DB6935DD036CD615D8F86AC578BB5D90D428
8254268995 37700 15873 7C20F6CF1A09EEE4F40FE6F70B0F070213E4AE0B9599CF6348B0EAC781225457
8247303517 55997 57761 D425B8E106E67F192E58D9BC4C769E960515E5E84B455F2C085339471A65C53D
8245578734 9751 17299 8F855C1BA65F6B74D51C1B4A659EB8F9C5A2BAC6F68815E67B98E427B57B9CF6
8246919877 417 10394 2CC4AF29E9587396B157260745E568924DABE8F6BC6A3110B03873183F54C4B8
8252475490 16957 33413 22BB84B31D2585893EAD2C429E702DEB715851660B66116E90421F0A36D0B8EF
8245345990 41732 52741 7C20F6CF1A09EEE4F40FE6F70B0F070213E4AE0B9599CF6348B0EAC781225457
8256040515 34145 35122 AEEBED33941B41B4E98E057CDC9B3545E9A468BCB2D70ED889C551530D969C04
8246645299 44696 42876 7C20F6CF1A09EEE4F40FE6F70B0F070213E4AE0B9599CF6348B0EAC781225457
8245853140 29857 39741 D72102D4507BF3FAC684971F25455BE507997D19120DDCFD10744603487D562E
8248172953 3892 7356 7C20F6CF1A09EEE4F40FE6F70B0F070213E4AE0B9599CF6348B0EAC781225457
8256260367 21366 13231 7C20F6CF1A09EEE4F40FE6F70B0F070213E4AE0B9599CF6348B0EAC781225457
8245257926 37926 39026 7C20F6CF1A09EEE4F40FE6F70B0F070213E4AE0B9599CF6348B0EAC781225457
8255801425 1199 5767 8E016B2C3810BD0C5DAFBAAEA04FF3D5CD41A4F4FCE257CBEB4B0641F51E2365
8254944787 43570 50793 7C20F6CF1A09EEE4F40FE6F70B0F070213E4AE0B9599CF6348B0EAC781225457
8247323491 55945 29773 8C7BEA7AF2E1E0E6ECA4719A890D8993E6D18E444FD25DB8D50CCA0761759762
8250087738 38605 60964 ABD1E310B98AB2F8BF4D965AE8301408B5A822B31B5965BED6287191033F7DB9
8255286380 36007 31363 FDB57BE346B2BFB578416B26287892309EEE06F24F6F8C672C42A6B60FE93378
8252663792 49990 45360 7C20F6CF1A09EEE4F40FE6F70B0F070213E4AE0B9599CF6348B0EAC781225457
8251605069 30343 9333 B2FB42BF0E80F07A3640ECE3EDB7C3E2AE145C523E482BB28C2FAA0C241FAFF7
8248048874 15326 20802 7C20F6CF1A09EEE4F40FE6F70B0F070213E4AE0B9599CF6348B0EAC781225457
8254271678 42629 3188 4D1BC23FC0BF22AB7961ED946C377582836ACC2651B46BB82C804D535307D655
8249543404 47886 33570 7C20F6CF1A09EEE4F40FE6F70B0F070213E4AE0B9599CF6348B0EAC781225457
8256218788 23728 3235 7C20F6CF1A09EEE4F40FE6F70B0F070213E4AE0B9599CF6348B0EAC781225457
8247126324 14820 39835 7C20F6CF1A09EEE4F40FE6F70B0F070213E4AE0B9599CF6348B0EAC781225457
8244578959 42469 7379 E8158C023A2E97CC23950AD7C0B6DD59CC2E48166EB20B81BD667E9F17A2B209
8252765343 48345 39098 89A9AFC29A74BE89E11F4DF586C93893B3C7AF368F4B5948A1267739E4B26664
8247808692 10958 32989 7C20F6CF1A09EEE4F40FE6F70B0F070213E4AE0B9599CF6348B0EAC781225457
8253601250 15284 32579 7C20F6CF1A09EEE4F40FE6F70B0F070213E4AE0B9599CF6348B0EAC781225457
8246994374 301 34979 87A35D021774D6BA7B99B95417D151FADCE717789B32FC49F5CABAB679CEDA82
8253516308 53448 2387 7C20F6CF1A09EEE4F40FE6F70B0F070213E4AE0B9599CF6348B0EAC781225457
8248128386 13611 48784 E596C82C1851288FB032CD1F82F848B9D8B635F7BFB945E9F26D2A5784B628A0
8245951560 35743 2954 16B670589E8AC959544D2EC093EA3BF371393D830A1FCAC1AD1AA25D3F040835
8250691464 28315 1464 D8B9D6CC30A5F083C005A9FE3F9106EC44B6E64E77339BA9FB30A4AB5E9C3A51
8251834237 29880 20498 7C20F6CF1A09EEE4F40FE6F70B0F070213E4AE0B9599CF6348B0EAC781225457
8254758359 35152 7962 7C20F6CF1A09EEE4F40FE6F70B0F070213E4AE0B9599CF6348B0EAC781225457
8249340960 32280 47758 7C20F6CF1A09EEE4F40FE6F70B0F070213E4AE0B9599CF6348B0EAC781225457
8244718125 61704 41681 7C20F6CF1A09EEE4F40FE6F70B0F070213E4AE0B9599CF6348B0EAC781225457
8248906947 11324 35520 7C20F6CF1A09EEE4F40FE6F70B0F070213E4AE0B9599CF6348B0EAC781225457
8247972233 16002 29056 7C20F6CF1A09EEE4F40FE6F70B0F070213E4AE0B9599CF6348B0EAC781225457
8251919929 49436 29155 7C20F6CF1A09EEE4F40FE6F70B0F070213E4AE0B9599CF6348B0EAC781225457

Total of 0 tasks calculated error.
