Total of 100 tasks calculated correctly, accuracy 100.00% 
8260984013 42604 64667 7C20F6CF1A09EEE4F40FE6F70B0F070213E4AE0B9599CF6348B0EAC781225457
8262593800 59135 64859 07F2FA09881848E4A74BB7473B42C11CD9AB6B9DE3329A692027F89E14A0A789
8262712802 35 32628 934014175E152658C8BFE1BD8C1D2E9ABDC98FE3E7583B3C22A68F0BAF3864D0
8263671086 10688 63443 7C20F6CF1A09EEE4F40FE6F70B0F070213E4AE0B9599CF6348B0EAC781225457
8259411624 55412 11584 7C20F6CF1A09EEE4F40FE6F70B0F070213E4AE0B9599CF6348B0EAC781225457
8265314397 63050 45507 7C20F6CF1A09EEE4F40FE6F70B0F070213E4AE0B9599CF6348B0EAC781225457
8258752851 12246 8705 7C20F6CF1A09EEE4F40FE6F70B0F070213E4AE0B9599CF6348B0EAC781225457
8264398355 35689 42882 7151827AFF7CAD2B795999F817174BB14D8AC3B411C22CF8B32B130D87284C29
8263351290 28307 2155 6745E0EF219F48D133410FB7BB8D8C20360C031962268079134E159FE5AFC78A
8263360883 52931 26384 50A17A641E49F5C3FABE400D2BD619DC2A8454DBF350F29BAFAB3B825153BFED
8266333814 44429 12873 A6AD676ABBB4B9AFFAC029F1C01EB6CA39BACA7F99F5957C1F589A522D751BC2
8263163908 24428 50378 7C20F6CF1A09EEE4F40FE6F70B0F070213E4AE0B9599CF6348B0EAC781225457
8257405509 12786 20845 7C20F6CF1A09EEE4F40FE6F70B0F070213E4AE0B9599CF6348B0EAC781225457
8267479531 60490 18560 7C20F6CF1A09EEE4F40FE6F70B0F070213E4AE0B9599CF6348B0EAC781225457
8258094407 22550 10080 7C20F6CF1A09EEE4F40FE6F70B0F070213E4AE0B9599CF6348B0EAC781225457
8266222652 10666 48887 7C20F6CF1A09EEE4F40FE6F70B0F070213E4AE0B9599CF6348B0EAC781225457
8262777366 18243 33664 F046B839FFF98DA27C8118589C5B358FECF1F32F39A72E4898AA351E3BC7347F
8258855826 4850 33536 7C20F6CF1A09EEE4F40FE6F70B0F070213E4AE0B9599CF6348B0EAC781225457
8261710948 8227 867 9B93DAD7E8FD1F6E48A6BAD49360F71C32BABCBCA263177E1B48CD0CCD940E29
8267295659 17566 56333 7C20F6CF1A09EEE4F40FE6F70B0F070213E4AE0B9599CF6348B0EAC781225457
8266496699 5141 14314 2E9D9F835544DD046615850C7A160A782F43913A0C232014F0CB4B9BA56E77C1
8259930884 3792 21830 7C20F6CF1A09EEE4F40FE6F70B0F070213E4AE0B9599CF6348B0EAC781225457
8264197062 44989 30241 34DC864F9631C7F86EA98C3F8615054BCC502DE93B29FBC5812A3D67DED5759E
8263300900 61531 27319 9893E5E8B05B19CEB872019882CEEBAE245C40131AE9C7D706AA94C7CA17DB93
8260098966 18421 18211 5B3B6AACA3068E969187973124BADF9765FC59232265189DF86E7583F779FCE3
8268079173 13006 29157 7C20F6CF1A09EEE4F40FE6F70B0F070213E4AE0B9599CF6348B0EAC781225457
8261142114 19699 34046 9B36F9D4B5D6F68856D935D7B4A43A84C7F8703DF743D83A89C15C9C15F87441
8258271260 50864 63557 7C20F6CF1A09EEE4F40FE6F70B0F070213E4AE0B9599CF6348B0EAC781225457
8263532803 45187 27139 DA03AD1F99FA7AD8696867298F92BC4313D4EAC4A9AC73687A56AE1DF3FA0DDC
8259729856 62294 3855 7C20F6CF1A09EEE4F40FE6F70B0F070213E4AE0B9599CF6348B0EAC781225457
8264286834 44690 56404 7C20F6CF1A09EEE4F40FE6F70B0F070213E4AE0B9599CF6348B0EAC781225457
8263236586 63397 60900 F9E2D315B43B0765346DD7322D6931F3AB61D4C9D9BFAB7D97E178FCFE2F7958
8264182209 7714 14526 7C20F6CF1A09EEE4F40FE6F70B0F070213E4AE0B9599CF6348B0EAC781225457
8260896532 35896 31467 7C20F6CF1A09EEE4F40FE6F70B0F070213E4AE0B9599CF6348B0EAC781225457
8267654014 56560 11615 7C20F6CF1A09EEE4F40FE6F70B0F070213E4AE0B9599CF6348B0EAC781225457
8263970424 51644 19085 7C20F6CF1A09EEE4F40FE6F70B0F070213E4AE0B9599CF6348B0EAC781225457
8260729685 8553 11240 EDA4C536310866FCF9F8A8102D56DD5733DD93CC423DCB7EE7DEF559D950D97E
8262806953 13327 17400 A6F913C594B8AE153745C5CD97FD58B033FF27F6EAF8C0B94562356B854C5E56
8264222107 62374 63682 7C20F6CF1A09EEE4F40FE6F70B0F070213E4AE0B9599CF6348B0EAC781225457
8263852538 28633 37556 28F44D8806F2FAE3C2532E9A2E60F201207ED4DFBB6D924BA49B3B810590BAF6
8261379964 11474 18222 7C20F6CF1A09EEE4F40FE6F70B0F070213E4AE0B9599CF6348B0EAC781225457
8260283394 19371 19603 6C40C480303ED097BA866368D6EB1D64D226A979C8ED9EEF7A5DCB0A38A991E4
8265235803 20678 3590 7C20F6CF1A09EEE4F40FE6F70B0F070213E4AE0B9599CF6348B0EAC781225457
8258027487 10863 51415 E1F944AEDA460303E3285BBA2B62AEC87D70483FBF1702816695E828840AFC0C
8263433440 25690 36908 7C20F6CF1A09EEE4F40FE6F70B0F070213E4AE0B9599CF6348B0EAC781225457
8262342160 59428 35380 7C20F6CF1A09EEE4F40FE6F70B0F070213E4AE0B9599CF6348B0EAC781225457
8263255627 28429 22275 FEAE537F753A138BF3B721EA67670514C38E265EF3A0D39D3458A96C42C68D80
8264196031 29749 1748 3C44BC767197B1FBF462713CEAB26F8478C130A686DED91A725A7E04C3E91A88
8263903744 39589 28536 59056D045E203AE5BF40D348532D43EE798882FD1C0BCC772E1E69EBCA9766D0
8257234459 50843 54553 ED9C1AD682593124FEFA50A7B9559DAAE7A0C83297475C9B20107FF04D459E0F
8261878651 31110 50152 7C20F6CF1A09EEE4F40FE6F70B0F070213E4AE0B9599CF6348B0EAC781225457
8263344452 57925 57684 D53BD7373BF9AFDC58D59093ED9F259CE2B4C9C349F3AB60AA05EEB0F1D781A3
8260218552 3857 45288 80EE8AE9853350CBBB730E0453E61B0D0C3A0CA93F84A3E62F60710257FC38A5
8261238170 38169 55295 FACD807017FB6E7C5AA4EA23F40402543C7EE4D0BE6D459811CB11B3822B6428
8262215727 1362 18808 7C20F6CF1A09EEE4F40FE6F70B0F070213E4AE0B9599CF6348B0EAC781225457
8263547682 46295 2832 9DA0FC18EE615D1F6D652D15C10DBFFCF87A678C3024BC440B9406BC6CAA9144
8265858076 11875 57064 2DCFE108E336AD65DED40C4A5630A93733FC6DB9A479B5FC7461DDD28E1E6D2C
8265908277 48825 9169 9EEF7CF14048BF02D92BF7ABCE8B31F936CAF0C05312EC25663C394FF2A75A43
8260851390 6748 45846 7C20F6CF1A09EEE4F40FE6F70B0F070213E4AE0B9599CF6348B0EAC781225457
8263056676 63591 20701 E8A6B89763598CA10AF792A89009177EF5199BCDDA8B45893D15565476CF460A
8260374844 118 5678 7C20F6CF1A09EEE4F40FE6F70B0F070213E4AE0B9599CF6348B0EAC781225457
8259396331 50698 18169 7C20F6CF1A09EEE4F40FE6F70B0F070213E4AE0B9599CF6348B0EAC781225457
8265571869 44187 62963 072013AD91B198A3E046EA777305671F5954134AF31BF7944EE9FB5977EC3A85
8261470970 51325 32607 9B833A41ABE1ECD88E95A0581FAE6918B2A9A23BE6C539F3A8EAACFBF9745F69
8263519462 7639 9249 13DE5A1ADC79ED62FC63F3915D7F022C2E48661D133A6262572759751DC343C9
8257910852 58664 34487 7C20F6CF1A09EEE4F40FE6F70B0F070213E4AE0B9599CF6348B0EAC781225457
8262284900 28796 11314 7C20F6CF1A09EEE4F40FE6F70B0F070213E4AE0B9599CF6348B0EAC781225457
8265029999 11782 17445 7C20F6CF1A09EEE4F40FE6F70B0F070213E4AE0B9599CF6348B0EAC781225457
8262575515 28205 17186 FA75CB644D6F38455C699AAF869B0EB58AAFAC8FD5C61B01446878E055350C8E
8262703742 32636 62848 7C20F6CF1A09EEE4F40FE6F70B0F070213E4AE0B9599CF6348B0EAC781225457
8261457079 61028 30313 7C20F6CF1A09EEE4F40FE6F70B0F070213E4AE0B9599CF6348B0EAC781225457
8264838000 12180 25913 7C20F6CF1A09EEE4F40FE6F70B0F070213E4AE0B9599CF6348B0EAC781225457
8259790845 45347 58603 24494D5831567DF7C4F3BE15DE9F0F79D360FAE121AA30773EA540B3EE14C391
8264376759 8777 59306 38C8E012F758151AB2570350F2AD4DEFC941C5875B0437F0177DF05BD61C20EF
8266257423 63013 19557 3A4176C6EF8FE41369A6D129C76968C4D6544AB317943CED40912A205082850D
8266550867 25421 50878 0655A21D47ACBC2988AF5F6A58F377A42EEDD8A172D5F46551D4E175154AE757
8262412531 64616 30677 7C20F6CF1A09EEE4F40FE6F70B0F070213E4AE0B9599CF6348B0EAC781225457
8260127693 46632 55969 7C20F6CF1A09EEE4F40FE6F70B0F070213E4AE0B9599CF6348B0EAC781225457
8265371221 58307 33375 3CE9EFC4056B8C0E69BE042B31A763A5FD5AB8CC987AEEAF1BF893E2BFE39D9D
8266170388 36321 39540 52971E9BB84609C890820B7D3725B39B2DC681FC3A01954147D2F59B97F64D24
8258333271 33200 410 7C20F6CF1A09EEE4F40FE6F70B0F070213E4AE0B9599CF6348B0EAC781225457
8262904451 5523 46338 CCBB5A517FE10E57B845072D235A31C6B2C67D1FE40EC932CF50776CA0C13F10
8265766388 2226 25680 7C20F6CF1A09EEE4F40FE6F70B0F070213E4AE0B9599CF6348B0EAC781225457
8260042196 42034 15586 7C20F6CF1A09EEE4F40FE6F70B0F070213E4AE0B9599CF6348B0EAC781225457
8260845167 53026 61764 7C20F6CF1A09EEE4F40FE6F70B0F070213E4AE0B9599CF6348B0EAC781225457
8264621540 57231 55653 69244BCA6141BCC6B967FF8DD538E082EF45B0E53BD481470E4295F379FCA928
8260040218 36742 27049 7C20F6CF1A09EEE4F40FE6F70B0F070213E4AE0B9599CF6348B0EAC781225457
8260645986 60878 55980 7C20F6CF1A09EEE4F40FE6F70B0F070213E4AE0B9599CF6348B0EAC781225457
8258588270 19774 12475 7C20F6CF1A09EEE4F40FE6F70B0F070213E4AE0B9599CF6348B0EAC781225457
8263063777 63756 22595 7C20F6CF1A09EEE4F40FE6F70B0F070213E4AE0B9599CF6348B0EAC781225457
8264783510 59099 2523 AC3DD4210F18D2348BE418DFA58388697CE584499B5D5F9959CAB5A3E0D8C5BF
8264407665 28076 25234 7C20F6CF1A09EEE4F40FE6F70B0F070213E4AE0B9599CF6348B0EAC781225457
8263322186 31101 55339 042DB321306518B858EE6E6E1FF2D2173C39C1276EFF0ECE0528D64C705DFFD7
8263508421 1358 25521 7C20F6CF1A09EEE4F40FE6F70B0F070213E4AE0B9599CF6348B0EAC781225457
8266226176 10414 43701 7C20F6CF1A09EEE4F40FE6F70B0F070213E4AE0B9599CF6348B0EAC781225457
8259536589 1551 14693 5DC482978FA11659A7DC773F50400A89953DA6396E60EAB866222F55B491E068
8266751697 40777 54775 047E16FBBECEA7651F42992FD8E6838530ED22A048E9B61F2EDB9C160FBF2A52
8256758227 46429 32950 93F23FE39698753D6EE6D11C2E9EACC24086CF0A466A07D7A5C5100B7D863ABA
8259041322 58772 12970 7C20F6CF1A09EEE4F40FE6F70B0F070213E4AE0B9599CF6348B0EAC781225457
8265298508 8016 36860 7C20F6CF1A09EEE4F40FE6F70B0F070213E4AE0B9599CF6348B0EAC781225457

Total of 0 tasks calculated error.
