Total of 100 tasks calculated correctly, accuracy 100.00% 
8298603353 52393 4502 A50D22CAF1CC0C147FB622A24AFE710D2874F9D3966C35EB8D7CE5E523747E62
8296183302 11938 17471 7C20F6CF1A09EEE4F40FE6F70B0F070213E4AE0B9599CF6348B0EAC781225457
8297280623 6569 8168 1840957A660B47D7E76BE1FFF9638EE433F34D2D8C737ACE0BC54723D4CFD648
8298852896 34239 38337 DE12B96A6946E6F1A05A632CC2C9D6C83A683A44F76314AC697443DAE6E71873
8301194661 25844 58325 7C20F6CF1A09EEE4F40FE6F70B0F070213E4AE0B9599CF6348B0EAC781225457
8297000664 60969 41030 B9B874CE9C3684688834D5CBC4985BACE23C2D9582BA9A65E6B5FA8509DA3DF7
8299564920 25937 30711 928CCFAA2D30D4C9F1D68B0B9D21755481A8013A0563E1D5F5B6CFE8A940D546
8300555976 59858 25793 7C20F6CF1A09EEE4F40FE6F70B0F070213E4AE0B9599CF6348B0EAC781225457
8295700891 11468 30669 7C20F6CF1A09EEE4F40FE6F70B0F070213E4AE0B9599CF6348B0EAC781225457
8298539892 5844 59101 7C20F6CF1A09EEE4F40FE6F70B0F070213E4AE0B9599CF6348B0EAC781225457
8299784727 15780 55131 7C20F6CF1A09EEE4F40FE6F70B0F070213E4AE0B9599CF6348B0EAC781225457
8295472271 47462 42178 7C20F6CF1A09EEE4F40FE6F70B0F070213E4AE0B9599CF6348B0EAC781225457
8296530808 3204 4833 7C20F6CF1A09EEE4F40FE6F70B0F070213E4AE0B9599CF6348B0EAC781225457
8300228546 48070 3107 7C20F6CF1A09EEE4F40FE6F70B0F070213E4AE0B9599CF6348B0EAC781225457
8295339905 1970 12804 7C20F6CF1A09EEE4F40FE6F70B0F070213E4AE0B9599CF6348B0EAC781225457
8295811226 63787 42595 D48DC5390588CDDA9993953594871CC855D6E6688FE0BB82088E0E344485DC82
8303073709 51936 11301 7C20F6CF1A09EEE4F40FE6F70B0F070213E4AE0B9599CF6348B0EAC781225457
8300408195 47606 15567 7C20F6CF1A09EEE4F40FE6F70B0F070213E4AE0B9599CF6348B0EAC781225457
8302157538 64525 34726 EE04E7D67853A25BFD0ED8746C642D23D4F8A67C4F02ABFE7467C329FAFE0E6C
8299102141 27159 37952 986391F2AE881EDCAA3B2EB48E97BBC70A47B9A0E46AEAB7CC378CCCC4BA7CBE
8297870230 51696 46003 7C20F6CF1A09EEE4F40FE6F70B0F070213E4AE0B9599CF6348B0EAC781225457
8302273079 20790 16231 7C20F6CF1A09EEE4F40FE6F70B0F070213E4AE0B9599CF6348B0EAC781225457
8298945387 4796 21552 7C20F6CF1A09EEE4F40FE6F70B0F070213E4AE0B9599CF6348B0EAC781225457
8302929686 29507 24720 D3B24A850F53FBC1F871F96DAD1FD1253D75FE288AB5795300442C6E5CBC60A1
8301647285 35594 23817 7C20F6CF1A09EEE4F40FE6F70B0F070213E4AE0B9599CF6348B0EAC781225457
8303215605 60921 38002 909C9ED24E6879FE38A82ED5A9379B0C336D77D2994B212D3FDDEB0658A41BB6
8293131022 23714 24705 7C20F6CF1A09EEE4F40FE6F70B0F070213E4AE0B9599CF6348B0EAC781225457
8296892500 105 51477 3581809346487393D768466963AB5A40972621DEE18BED2C2330D3FCC7376EF1
8298446478 11037 31640 96772E218A43EA87557E010F445EBA1466B400DD90683B82B6C46B7FA36F8D1F
8304176321 31309 6119 F6ECC72DAA5F55437E15A1C64E767B25EB5CD38C56A7D35E566EECA94292D0B4
8300726391 26289 1129 E45304301AE29D9DBCEFF1C30273754E6B87DCF565E03496568928CE147B4747
8298667321 6941 57110 4837314D25EA3F2F9B52C1C6619692B38DA97E6B1E661F7DB490A09A2B0465AE
8293428611 49986 15895 7C20F6CF1A09EEE4F40FE6F70B0F070213E4AE0B9599CF6348B0EAC781225457
8304071948 45834 37906 7C20F6CF1A09EEE4F40FE6F70B0F070213E4AE0B9599CF6348B0EAC781225457
8293462671 63874 54949 7C20F6CF1A09EEE4F40FE6F70B0F070213E4AE0B9599CF6348B0EAC781225457
8296636610 47494 35068 7C20F6CF1A09EEE4F40FE6F70B0F070213E4AE0B9599CF6348B0EAC781225457
8300648525 57996 3970 7C20F6CF1A09EEE4F40FE6F70B0F070213E4AE0B9599CF6348B0EAC781225457
8301826983 50646 1889 7C20F6CF1A09EEE4F40FE6F70B0F070213E4AE0B9599CF6348B0EAC781225457
8304322675 30254 14487 7C20F6CF1A09EEE4F40FE6F70B0F070213E4AE0B9599CF6348B0EAC781225457
8301902751 3361 11009 BC68D3F37A7C3C13C9111F718DAE33BFC68242276926B6190988CEACE1F1E2A2
8297882974 26814 10126 7C20F6CF1A09EEE4F40FE6F70B0F070213E4AE0B9599CF6348B0EAC781225457
8293190723 232 27939 7C20F6CF1A09EEE4F40FE6F70B0F070213E4AE0B9599CF6348B0EAC781225457
8297211219 19633 6010 EA611AEE51FC71BA72B8095575E3CA17B6993D9167B5D1731A8A6EC92D635251
8297185978 29979 1246 AB9C864797EAB941168052A70C14E827EF830A8A4A7B31295654FC1CA00E63CD
8299756237 47085 21388 9F22F947E28A9956AB924ADC79642907F8A5C5D2AB1969C6BBF13DC437C6BF48
8301690608 46971 10129 9B805ABCFA8674A5D458B50F5314E3D07DFA113B0E97FA40BD1A4C61C475ED55
8299233286 33494 46230 7C20F6CF1A09EEE4F40FE6F70B0F070213E4AE0B9599CF6348B0EAC781225457
8298544460 37 53536 9AB66679FD5A3D2D3C1EDADEFB663D3FD372519B8DCED556406BEE9F723ECF64
8296348003 42035 30483 2C0633D6BEC8A71B3CAC7263CFBC99F9F1C0A0ACD04675850DB95E45CF6FECEC
8300914587 45231 5883 CF13F9E04B34C4D743836428EDD2851ED755F55961422D0D9F633F893A64F119
8296936231 1748 15637 7C20F6CF1A09EEE4F40FE6F70B0F070213E4AE0B9599CF6348B0EAC781225457
8295339050 61054 36555 7C20F6CF1A09EEE4F40FE6F70B0F070213E4AE0B9599CF6348B0EAC781225457
8297247892 27534 37990 7C20F6CF1A09EEE4F40FE6F70B0F070213E4AE0B9599CF6348B0EAC781225457
8299168570 49814 12038 7C20F6CF1A09EEE4F40FE6F70B0F070213E4AE0B9599CF6348B0EAC781225457
8299292093 45204 31332 7C20F6CF1A09EEE4F40FE6F70B0F070213E4AE0B9599CF6348B0EAC781225457
8298304886 1398 23489 7C20F6CF1A09EEE4F40FE6F70B0F070213E4AE0B9599CF6348B0EAC781225457
8303544499 3036 47871 7C20F6CF1A09EEE4F40FE6F70B0F070213E4AE0B9599CF6348B0EAC781225457
8301528197 5650 5316 7C20F6CF1A09EEE4F40FE6F70B0F070213E4AE0B9599CF6348B0EAC781225457
8294919569 9018 44287 7C20F6CF1A09EEE4F40FE6F70B0F070213E4AE0B9599CF6348B0EAC781225457
8294102765 65137 63315 7FBC6A6C17E55E8B96B58B7C4F091CB4BEBE7730FD01F467BCA1C90247F95E12
8297906495 44420 9591 7C20F6CF1A09EEE4F40FE6F70B0F070213E4AE0B9599CF6348B0EAC781225457
8293475121 25351 64386 626B636CB07B71759822715DF158DC26E05956E302C76B0E695E00B74364D59E
8296802262 3914 17166 7C20F6CF1A09EEE4F40FE6F70B0F070213E4AE0B9599CF6348B0EAC781225457
8300539708 59585 56698 D2D57DFF2CE9F30E49718A6F30CC592E3B5A12B224FDF5D8417851231D1BC461
8298485371 668 13737 7C20F6CF1A09EEE4F40FE6F70B0F070213E4AE0B9599CF6348B0EAC781225457
8301453341 49894 21427 7C20F6CF1A09EEE4F40FE6F70B0F070213E4AE0B9599CF6348B0EAC781225457
8297537397 39702 32302 7C20F6CF1A09EEE4F40FE6F70B0F070213E4AE0B9599CF6348B0EAC781225457
8296183225 38555 36978 A12C541A394E089CA8984ACA2E4C5276D477D67031B168B30D0E7D92E5EF2367
8297229685 40890 27830 7C20F6CF1A09EEE4F40FE6F70B0F070213E4AE0B9599CF6348B0EAC781225457
8299315741 10973 12052 2D7BEF2407B62B76FD273F12B6F6070D34A6E89C9F55058114B40C377BF729E1
8294562158 33527 55125 AC69A3F9D54432CD333900EF1ED1C0D1AAF274948AB01EE7020BF2AE7CEEADFD
8294576440 56598 38894 7C20F6CF1A09EEE4F40FE6F70B0F070213E4AE0B9599CF6348B0EAC781225457
8292607383 22808 36359 7C20F6CF1A09EEE4F40FE6F70B0F070213E4AE0B9599CF6348B0EAC781225457
8298631126 24655 38774 07BE51661F745B9D1CDF7F10E0DE86CE610A2D2E0097D4E3B7B33707FC51200B
8302611748 49983 37337 C53B81C6D63F2742A518D095740456828C9F8132E0F6ED62B226B643549A4600
8302790738 1726 13548 7C20F6CF1A09EEE4F40FE6F70B0F070213E4AE0B9599CF6348B0EAC781225457
8297810616 54475 11925 CD9D6128E937A4FD0CD7079D470B1C5F76828504290756E181E3596617BED7CF
8292625217 55344 58510 7C20F6CF1A09EEE4F40FE6F70B0F070213E4AE0B9599CF6348B0EAC781225457
8293431157 58863 20518 38136B72846A5BB5CCAF7FA236E759ED276B7A0A807DDBE07BB647481ACD7E3A
8293892097 22130 6616 7C20F6CF1A09EEE4F40FE6F70B0F070213E4AE0B9599CF6348B0EAC781225457
8295657063 44536 45419 7C20F6CF1A09EEE4F40FE6F70B0F070213E4AE0B9599CF6348B0EAC781225457
8295402025 48867 19306 3DC1A05BB4DD78D81D3221E7969F8B130CF8A19CA6ACAF5DD001B78698EF9A9E
8297753163 60300 28302 7C20F6CF1A09EEE4F40FE6F70B0F070213E4AE0B9599CF6348B0EAC781225457
8292997894 43789 10174 011E586158E34ED3B9CB15FE6C07DC9B9A47C8E56564694693E0E1FF8F28D5F4
8297833247 14265 59029 C3DD1708E21936E501BCC481BE7A46032B8F50E4FF28E0CE4EE3662668C6C446
8302510144 65285 32373 14155706D8B680FC2C3BAFF7A59BB3C3F2FAE3CBFA7CBDCCBE02B1310963D15F
8295952191 35467 55494 6AF37BB5D34A3664397A8AD814B96BEF8B7527AA959F0CA3FAF9B07AFDE608E7
8301838655 23436 43423 7C20F6CF1A09EEE4F40FE6F70B0F070213E4AE0B9599CF6348B0EAC781225457
8296610912 37915 48414 23517FB505173EC14BAD4BC6A7E78336E9C1831693E2F6568E97B124249FABB0
8301908820 60246 3751 7C20F6CF1A09EEE4F40FE6F70B0F070213E4AE0B9599CF6348B0EAC781225457
8292876318 51497 50226 30FF20C77A24EE8C5317BD5B5A0E7A36FE01670B9D0140B1E8E54F9EFC4412A2
8299255783 57153 34475 6F33118AFB58D96B6AD8C7E827CDAB0786A6497C2FEE75F3DDA765B687C24ABC
8301579078 30204 3288 7C20F6CF1A09EEE4F40FE6F70B0F070213E4AE0B9599CF6348B0EAC781225457
8302615416 27468 21757 7C20F6CF1A09EEE4F40FE6F70B0F070213E4AE0B9599CF6348B0EAC781225457
8293223674 59461 51200 D59C609ABE1B15AA9BEC313395BB274B2976DF606379CD897A41C25951D1162F
8297962242 62676 28290 7C20F6CF1A09EEE4F40FE6F70B0F070213E4AE0B9599CF6348B0EAC781225457
8294749614 45803 41550 5CCAC3E7D707FB4F55AB8FE93C86A1159F0AC8986237A6D95D4C786A37629BDB
8301783274 16372 24540 7C20F6CF1A09EEE4F40FE6F70B0F070213E4AE0B9599CF6348B0EAC781225457
8292573870 16118 861 7C20F6CF1A09EEE4F40FE6F70B0F070213E4AE0B9599CF6348B0EAC781225457
8296084976 59377 53231 523D409AE24FCCF2BE639C0DC136EF5F61C8E6551407BDB9420AD369DFFFC0C8

Total of 0 tasks calculated error.
