Total of 100 tasks calculated correctly, accuracy 100.00% 
76021869 52542 27023 7C20F6CF1A09EEE4F40FE6F70B0F070213E4AE0B9599CF6348B0EAC781225457
78607623 44496 17385 7C20F6CF1A09EEE4F40FE6F70B0F070213E4AE0B9599CF6348B0EAC781225457
78038984 48026 53766 7C20F6CF1A09EEE4F40FE6F70B0F070213E4AE0B9599CF6348B0EAC781225457
80988895 35652 39691 7C20F6CF1A09EEE4F40FE6F70B0F070213E4AE0B9599CF6348B0EAC781225457
82011910 34255 50917 E682B5AFAFD7482989EA1F25FF96E2B8C03148008461C96D72DDD13E2F0816CA
76047079 12796 41981 7C20F6CF1A09EEE4F40FE6F70B0F070213E4AE0B9599CF6348B0EAC781225457
78389185 62681 38132 6615E161B76C2ABB1B916251A402989CB5106D3A353F6A1BE5BC7D5F77EADF4E
78171412 29655 40938 D79CDE8B3FBB190996ED4B0CC95FE8ED9EBED18A0C31A641D9E55860ABDE6975
73153624 15644 46287 7C20F6CF1A09EEE4F40FE6F70B0F070213E4AE0B9599CF6348B0EAC781225457
83248245 27302 28858 7C20F6CF1A09EEE4F40FE6F70B0F070213E4AE0B9599CF6348B0EAC781225457
73578651 45178 39908 7C20F6CF1A09EEE4F40FE6F70B0F070213E4AE0B9599CF6348B0EAC781225457
83474200 14108 40170 7C20F6CF1A09EEE4F40FE6F70B0F070213E4AE0B9599CF6348B0EAC781225457
72598410 5870 46719 7C20F6CF1A09EEE4F40FE6F70B0F070213E4AE0B9599CF6348B0EAC781225457
81558213 56765 60289 176B014B8B7BFFF98E31FE33C63A9FF6564A81D8EB62C5312348D965644DBD88
75633205 1056 15896 7C20F6CF1A09EEE4F40FE6F70B0F070213E4AE0B9599CF6348B0EAC781225457
76776805 29924 40277 7C20F6CF1A09EEE4F40FE6F70B0F070213E4AE0B9599CF6348B0EAC781225457
74113784 17169 15559 9D1BCC299CF4F5516214270CE389C07602F38154D72165EC28B4CE422D03CF60
84034777 22787 61562 1CDDDDEE5358CBD43222C1B34D7D0782AE8EBDAD009E9ECA8D2F848EE2B93895
78841411 22394 24736 7C20F6CF1A09EEE4F40FE6F70B0F070213E4AE0B9599CF6348B0EAC781225457
82783308 44310 36558 7C20F6CF1A09EEE4F40FE6F70B0F070213E4AE0B9599CF6348B0EAC781225457
74408539 32175 35265 0563FC092670B4F42864D30D0418A5E379952D86E4F3BF6C6A74A3F62F5810FC
74399850 56410 62232 7C20F6CF1A09EEE4F40FE6F70B0F070213E4AE0B9599CF6348B0EAC781225457
81487931 31619 15128 34BDA682D78A257BA3DA66D6422821BBCA5B1483193EF66B7F46E435CABBB963
80678215 3085 35345 B353D91DF3EF5D8C0C5C99980C360AA06DB617BC2D27368D92986D2AC7795DE3
78760869 44666 29007 7C20F6CF1A09EEE4F40FE6F70B0F070213E4AE0B9599CF6348B0EAC781225457
78257783 62581 2778 04698F08E88A2469BDD68A992D99B7E58D265D7E4E5A1562C861C3C22B78F66B
81487354 33455 30331 45211F740F2499C091190A646F6E7EEC0E20A9CF2BE4B42ACEA634872BA4A465
79441078 19829 18223 455197482AF1FA25DDB4F44FA28D6BAB8E195AB29664F2CD9D76C70BC77C205A
81674070 38751 35817 ADA4E181A2CC6E545C0F9E4F56162DEF30F6BE70385A9802C8F4B97EB2A28E9F
72453389 22785 47826 8693EFB91E2F8F4621E1E841A0887E42595B84BF8D232A7E4A863E01711A0A84
78256790 38759 36267 8EB1133790FC5AB9D232ABC6E0C5B9AAC7A4747977D6CE091C40E83B6DEA0BD6
78533579 35306 58761 7C20F6CF1A09EEE4F40FE6F70B0F070213E4AE0B9599CF6348B0EAC781225457
83564856 35622 62385 7C20F6CF1A09EEE4F40FE6F70B0F070213E4AE0B9599CF6348B0EAC781225457
75619857 31440 51569 7C20F6CF1A09EEE4F40FE6F70B0F070213E4AE0B9599CF6348B0EAC781225457
79393799 748 5600 7C20F6CF1A09EEE4F40FE6F70B0F070213E4AE0B9599CF6348B0EAC781225457
79701768 28033 13830 1DADE8F3930D846747B4FE1B1E9635334F2BE58AFA85884375004330D6BD66CA
83461435 21765 22077 D8C33146DD69E4217D4B617BBFDE2D9C7629A656075C3366D8D194D5D8213F15
76794136 39841 41779 9259D9ABB0DF83CB091F4B5F10398F7A72EA5FC3D1FC56284ABF47C46FEC3C02
81131609 39687 1472 93B193D35C4A7FC4E52567388A0920D346E778329D7F466DE6B40996BE223D45
72978921 55918 36172 7C20F6CF1A09EEE4F40FE6F70B0F070213E4AE0B9599CF6348B0EAC781225457
72890633 44527 63527 1DDB8F1A437B94927DAA80CAC52E6A0BCFAD17618D467AC9FFD7587EF42B6D26
83486398 35676 14814 7C20F6CF1A09EEE4F40FE6F70B0F070213E4AE0B9599CF6348B0EAC781225457
78822592 42602 60306 7C20F6CF1A09EEE4F40FE6F70B0F070213E4AE0B9599CF6348B0EAC781225457
75420833 12302 21573 7C20F6CF1A09EEE4F40FE6F70B0F070213E4AE0B9599CF6348B0EAC781225457
73985703 46156 29621 7C20F6CF1A09EEE4F40FE6F70B0F070213E4AE0B9599CF6348B0EAC781225457
74491595 43507 61181 CA3056266E11AB16E002905F73B73A959BA3EBFFCB7F0F8B66E67DF26D03D8F1
72952421 29322 53343 7C20F6CF1A09EEE4F40FE6F70B0F070213E4AE0B9599CF6348B0EAC781225457
82761448 37969 22057 34A6529AFE2B6156870AE38C4668CF59C6329BEE5F3BC1874ADC4D9200EC4102
73834354 9581 2678 A387F292412E1E022B0F6F29812397963DE86289AD2EC9C3E8214BC55F9EF098
82363612 51818 50243 7C20F6CF1A09EEE4F40FE6F70B0F070213E4AE0B9599CF6348B0EAC781225457
80578163 40202 21773 7C20F6CF1A09EEE4F40FE6F70B0F070213E4AE0B9599CF6348B0EAC781225457
77497439 42148 4420 7C20F6CF1A09EEE4F40FE6F70B0F070213E4AE0B9599CF6348B0EAC781225457
77915124 11062 22775 7C20F6CF1A09EEE4F40FE6F70B0F070213E4AE0B9599CF6348B0EAC781225457
76734217 10401 62520 656F52C7ABD90DF128514737FCBB0ECF174C128D7EC1E1AE889719D8EC9A0318
81348766 24511 9894 9AC1D5722C41634E134CD582430B4E8912DBF07E53837440205908B6E181E68A
72565296 62996 23574 7C20F6CF1A09EEE4F40FE6F70B0F070213E4AE0B9599CF6348B0EAC781225457
80418223 58265 34621 ECEC574C97C2B497B52411BC9BD00F77E6AE3F9CA58AF649D1874E04667F54E5
75767087 59879 35940 08415C78C6FCC4C5E7E957F2CFA019E271EF1ED20890D8CA2F60761F22744F50
74607267 55759 61119 7BF620D6C2E6AF31BFE205E93A33336EA9498BB5E058DAEAA42AEA0D516244A2
75021094 5681 49198 9F36C7EDEDAACD04D65CC164D5AD42D6382D1C58C19797E15F9909E33FF55973
78333179 17170 16574 7C20F6CF1A09EEE4F40FE6F70B0F070213E4AE0B9599CF6348B0EAC781225457
77573182 49265 38150 B31F3FDBCB6625BB51EB5E00083D472123084D8B4DD8CA4EB8BFAD572451B4AF
79078023 11168 4212 7C20F6CF1A09EEE4F40FE6F70B0F070213E4AE0B9599CF6348B0EAC781225457
83528436 17222 44643 7C20F6CF1A09EEE4F40FE6F70B0F070213E4AE0B9599CF6348B0EAC781225457
75247945 2994 53106 7C20F6CF1A09EEE4F40FE6F70B0F070213E4AE0B9599CF6348B0EAC781225457
75000310 22417 61061 940F0A5298EE257A7AF2CEC59238B9FFDB726148609EC0FF7DCA113236A2F0D5
75552649 59501 56663 59ADD3DEACA847B63D00A98C242225A667DCBB728003AC958E90B33D23210D72
82793747 19372 45383 7C20F6CF1A09EEE4F40FE6F70B0F070213E4AE0B9599CF6348B0EAC781225457
74033328 60842 36841 7C20F6CF1A09EEE4F40FE6F70B0F070213E4AE0B9599CF6348B0EAC781225457
77866238 19364 33959 7C20F6CF1A09EEE4F40FE6F70B0F070213E4AE0B9599CF6348B0EAC781225457
83524421 56287 36353 5A731BD11718AB94CB9905FC3F37BEA1824856BB3714520CA7CA5130ECA59416
80455210 5020 8030 7C20F6CF1A09EEE4F40FE6F70B0F070213E4AE0B9599CF6348B0EAC781225457
73334647 1778 31439 7C20F6CF1A09EEE4F40FE6F70B0F070213E4AE0B9599CF6348B0EAC781225457
84066976 65000 16080 7C20F6CF1A09EEE4F40FE6F70B0F070213E4AE0B9599CF6348B0EAC781225457
82392003 22439 51830 872E24D0D6EDF3ED75908A4E46EE3BAAD992BCE444CDCD7E9EAE71D797837556
83048302 35705 62419 42629449725F44BC5F57CA33721BA37063E6CC437847099FC3453774E2F0D92B
74114030 22018 19569 7C20F6CF1A09EEE4F40FE6F70B0F070213E4AE0B9599CF6348B0EAC781225457
82662488 16708 6767 7C20F6CF1A09EEE4F40FE6F70B0F070213E4AE0B9599CF6348B0EAC781225457
80084226 55739 37160 B8558671FBE02B16A65A4F1648C0F9032AE4A521D2A8D52937276115721ACC50
81932290 26423 3592 800634F026E0588CBD4FC040785AC9308B5EF5180F2DBB66788C54B2CE15EC74
75054345 23848 7828 7C20F6CF1A09EEE4F40FE6F70B0F070213E4AE0B9599CF6348B0EAC781225457
75770850 24601 39759 7F912C68D1FA7E32342CFED3763F46E2B9165FABA3B489E6D819520EDA4DCA39
78792455 60960 27829 7C20F6CF1A09EEE4F40FE6F70B0F070213E4AE0B9599CF6348B0EAC781225457
81540017 62368 48934 7C20F6CF1A09EEE4F40FE6F70B0F070213E4AE0B9599CF6348B0EAC781225457
80245563 5587 60271 E233546CE0E555E9C565E39376CC6F1398430F8058DA388A3DE60620855C665C
74415230 16014 43984 7C20F6CF1A09EEE4F40FE6F70B0F070213E4AE0B9599CF6348B0EAC781225457
78329104 21145 61285 FE9B07F7A68C8982C263BCD42E0163BC89A0A73FA23070CFC883749636C3CFAE
74471312 14756 4737 7C20F6CF1A09EEE4F40FE6F70B0F070213E4AE0B9599CF6348B0EAC781225457
79059483 52277 38119 A6AD796576CE1F9D308C603D774A5C77D022098CE33CC15C43609C1B8954E163
73395356 28180 48352 7C20F6CF1A09EEE4F40FE6F70B0F070213E4AE0B9599CF6348B0EAC781225457
84288108 30062 33477 7C20F6CF1A09EEE4F40FE6F70B0F070213E4AE0B9599CF6348B0EAC781225457
72950148 46139 15363 BEF1FB6F7ED1C6FAFDCC78BB4825EDE9BB595107AD41B469C9D5AD9BC00D3871
72602036 19781 49320 8BDD99CC74C18EE2EAF8C8058A9A09130427722133E5F2774934231C017845DB
74746517 28922 52587 7C20F6CF1A09EEE4F40FE6F70B0F070213E4AE0B9599CF6348B0EAC781225457
79907483 54278 9530 7C20F6CF1A09EEE4F40FE6F70B0F070213E4AE0B9599CF6348B0EAC781225457
81821249 11571 22653 E8CB9333E1C4E52B33BE06C31A1E03ADB81B5D1EB0A09795CC2DD8798C01844D
78351285 12605 60972 B940289AD291418D381A6FE798329067F57A8F5D4F17BD63BB1C59EB7058BC14
73181678 61666 36221 7C20F6CF1A09EEE4F40FE6F70B0F070213E4AE0B9599CF6348B0EAC781225457
83068845 4741 23558 706BD31B37F64A66DEB3D729CDE95C8CC6BDE2F0773E4BD8FDB2056B984F52A7
81719072 17448 48990 7C20F6CF1A09EEE4F40FE6F70B0F070213E4AE0B9599CF6348B0EAC781225457

Total of 0 tasks calculated error.
