Total of 100 tasks calculated correctly, accuracy 100.00% 
830388591 60314 33599 7C20F6CF1A09EEE4F40FE6F70B0F070213E4AE0B9599CF6348B0EAC781225457
837014914 25512 64153 7C20F6CF1A09EEE4F40FE6F70B0F070213E4AE0B9599CF6348B0EAC781225457
840075977 42985 9850 7817C91A02027A5DC3DC6A87BB2B9DFA39AE03D726EEA22ECFF754E26E577C02
829643243 7918 22181 7C20F6CF1A09EEE4F40FE6F70B0F070213E4AE0B9599CF6348B0EAC781225457
833546991 20975 43671 7C3D7F2B4EE62A166762A1A42D55123D2769286BF4884A1AE248C4DC67F40DE9
830736948 22271 5640 0F513D86780E812208B3B640052746D11E475D151D05EF3790E7A2A69FE7609D
830270488 29317 38181 50F22B6A4C0A9C3695A03FB8A155591D04341EF1948E1573728289B71F3A40B3
833854217 50202 55659 7C20F6CF1A09EEE4F40FE6F70B0F070213E4AE0B9599CF6348B0EAC781225457
834278342 24731 29019 555A95CA66BFD404AF44BDACF45B360D7A6D2D72563A4704259176D22DA076D4
833040472 19390 28147 7C20F6CF1A09EEE4F40FE6F70B0F070213E4AE0B9599CF6348B0EAC781225457
839685273 61113 55570 067013F30028750403991731A93A8168835485E3373A714B0BB9C5EAD5FD705E
830960148 56321 60867 A69C5BCF36AA92C0694D7BF6105F98308E5FE8EC0E83D889EFEC78B9E854ACC3
834264242 33359 19590 005E58F7D4248C9DE79CADE01DBF7182933A33222DDC987B13B2796F3A359A3C
831980361 4116 23969 7C20F6CF1A09EEE4F40FE6F70B0F070213E4AE0B9599CF6348B0EAC781225457
836378833 47682 62617 7C20F6CF1A09EEE4F40FE6F70B0F070213E4AE0B9599CF6348B0EAC781225457
832412450 16463 18382 E807DDA3853D1BBC37CA480B2DD365A6DCC7BCB9EBF1AF039C18A577E3A62583
829017505 60616 29650 7C20F6CF1A09EEE4F40FE6F70B0F070213E4AE0B9599CF6348B0EAC781225457
830859817 21576 43103 7C20F6CF1A09EEE4F40FE6F70B0F070213E4AE0B9599CF6348B0EAC781225457
833024341 49069 18105 A0A0AE49D8C6311DA9CDE20A7DE9D1F04F4434C5C351C9DFC0500C6811EB84CC
837683573 53971 59071 C274D0162E50C417C1C69AE3C67957CD963A2AE4EC88C0D3376DD7011D288CF0
831141202 54398 37341 7C20F6CF1A09EEE4F40FE6F70B0F070213E4AE0B9599CF6348B0EAC781225457
832068017 15387 31058 DC00C92A121D38BEA9E9FEF5019F434714F0A063133909AC4B967B74EFFB3FDF
835431913 4785 28860 229910891B02FA9ADD299B29DC25553A22EC395BC5294072D090CB29AE715F9E
834426761 23995 33912 22E824BDF68EF9198D2DC9D947839E7ED0A3152E78FDA1CCE70DC7D543A4DA5E
829379231 7474 42783 7C20F6CF1A09EEE4F40FE6F70B0F070213E4AE0B9599CF6348B0EAC781225457
833287137 22427 13107 2AD2AA3D54A24BB82393A6503131229667623F6564F5F10D640303B5804A21FE
832418272 62280 9235 7C20F6CF1A09EEE4F40FE6F70B0F070213E4AE0B9599CF6348B0EAC781225457
836882846 7137 23421 A2EC9D2B31C023CDDFCCC1E57B5E6C363B1BA04DFC0885D2338B5538A3B1A826
829761426 45268 38909 7C20F6CF1A09EEE4F40FE6F70B0F070213E4AE0B9599CF6348B0EAC781225457
838137273 63427 58912 59C3CD2DA14942FF08D8516AED347DD63BEAB17C0DF9FB2C3366765399DC761F
835569032 56150 1347 7C20F6CF1A09EEE4F40FE6F70B0F070213E4AE0B9599CF6348B0EAC781225457
835562495 44874 5549 7C20F6CF1A09EEE4F40FE6F70B0F070213E4AE0B9599CF6348B0EAC781225457
835004950 12545 54781 AE6B2AF3A13A382A516F90D1535D31E33B41496E5B873E6C203268B96FF59BC2
828631052 24144 53249 7C20F6CF1A09EEE4F40FE6F70B0F070213E4AE0B9599CF6348B0EAC781225457
833503847 51872 44589 7C20F6CF1A09EEE4F40FE6F70B0F070213E4AE0B9599CF6348B0EAC781225457
832585461 64127 20168 86E428E8D9DE1A446517CCE856064FA33FF372ACE52C9576FEA7D56CB846C0A0
836585653 54830 42825 7C20F6CF1A09EEE4F40FE6F70B0F070213E4AE0B9599CF6348B0EAC781225457
836591907 14 6430 7C20F6CF1A09EEE4F40FE6F70B0F070213E4AE0B9599CF6348B0EAC781225457
830712731 38904 19639 7C20F6CF1A09EEE4F40FE6F70B0F070213E4AE0B9599CF6348B0EAC781225457
838716350 23247 51394 E70D5B7260623F436C6A936D00BAADFFF5CB1598B92BD5C11CED88E4797F71A6
830889992 38407 57928 E04A74C3CFECEE6665C0386C1E6BC4A8A04F294FD14D1AD386FE4726778FA726
838260223 21389 43527 F11A1EF910310CC35FAB4525139ED1497D047E8C16E5F47DC7DEF967C8F0D54A
838246870 18744 27966 7C20F6CF1A09EEE4F40FE6F70B0F070213E4AE0B9599CF6348B0EAC781225457
828923371 36419 19015 D48AFD535E8A2C26FCD767F6131ED755B8E68A01D212DF9EE0D1418245456C04
833896794 32464 13825 7C20F6CF1A09EEE4F40FE6F70B0F070213E4AE0B9599CF6348B0EAC781225457
831006830 40779 46396 1078EFAD500112F83FCDD8CD4EB78765CBB2769F713F7320BC978FD50A8CC321
833371232 30638 21435 7C20F6CF1A09EEE4F40FE6F70B0F070213E4AE0B9599CF6348B0EAC781225457
829374853 33320 23836 7C20F6CF1A09EEE4F40FE6F70B0F070213E4AE0B9599CF6348B0EAC781225457
830675604 60802 39966 7C20F6CF1A09EEE4F40FE6F70B0F070213E4AE0B9599CF6348B0EAC781225457
832678533 5726 2156 7C20F6CF1A09EEE4F40FE6F70B0F070213E4AE0B9599CF6348B0EAC781225457
839672681 46941 151 2D4C6D2BB49A9C91854ADD90B9E974F2FA9A72969714F9A9995FB25A176B2A2F
837972637 43239 10804 3CC1C72256344B2093154B4DC16FF3FC9A34D36B7740485C91784CC8226E8A0C
829088450 34987 11164 14821E65531A0E1A1AAF554132E2EDC42E4EF999EBB8414428CDAE215DA87D7C
831059812 33574 1602 7C20F6CF1A09EEE4F40FE6F70B0F070213E4AE0B9599CF6348B0EAC781225457
836662875 51992 277 7C20F6CF1A09EEE4F40FE6F70B0F070213E4AE0B9599CF6348B0EAC781225457
830267364 60804 56738 7C20F6CF1A09EEE4F40FE6F70B0F070213E4AE0B9599CF6348B0EAC781225457
836274870 20443 15780 6729623F0286060B4648A5522F80BAB6D5590B0AB4337EF7D778CD34F2041886
829302967 48216 17304 7C20F6CF1A09EEE4F40FE6F70B0F070213E4AE0B9599CF6348B0EAC781225457
829842987 51612 54301 7C20F6CF1A09EEE4F40FE6F70B0F070213E4AE0B9599CF6348B0EAC781225457
836142338 6023 4299 131B037E7F79BB26F7018B99B1F6C12CF039E36589A785E830265AE89634C176
833329836 45015 51519 C8F81A46B4F60DD5D7AE33C3C49F0F8CC2E94820E9AF3CA74D7189F9EF85B10C
837350215 10390 24806 7C20F6CF1A09EEE4F40FE6F70B0F070213E4AE0B9599CF6348B0EAC781225457
840208638 9248 15867 7C20F6CF1A09EEE4F40FE6F70B0F070213E4AE0B9599CF6348B0EAC781225457
834826495 33442 31208 7C20F6CF1A09EEE4F40FE6F70B0F070213E4AE0B9599CF6348B0EAC781225457
836986528 45064 8131 7C20F6CF1A09EEE4F40FE6F70B0F070213E4AE0B9599CF6348B0EAC781225457
829526516 30053 55637 53DED694BF83960981522F4C4FE960EE820644BD065AE40D15167BD649B0FBBA
829380199 34103 10602 F4F067AF95E9A240350205B2A3E7C2EE66ECC02E3A566FB1A675A6C658D751E0
833385479 36043 57958 1E36CA538EDEB8AA9763CAA7E2407AA46B483A3CCFC437440824B741D479CC45
833764012 51877 57027 C89EAEFC0F6884B97B75AD1A726D4F0114A768022F5EA589A6D460BACC5BCC02
828635554 5063 24288 C9B456CF9C71B2206DCC50B2F5F5C61DD375FF6A261EA4C4F6CB9A4C70A9FFA5
833772129 28831 23832 FFD61B74352BE3FBCF475EB4D0A130682E2B43F841DEDF34D81A7FF829019B88
833056215 46104 42064 7C20F6CF1A09EEE4F40FE6F70B0F070213E4AE0B9599CF6348B0EAC781225457
838468744 60029 61770 0C881305C07AEAFDF5F0D59F7128FCA11F5092DFF1ABA06EFFCE658D3DAC6124
837301921 46567 26880 914B3DA8D1E434BF3B3F8778B40BCEBB09DEC98E37FE3E920F06E9579CACE42D
832016844 12780 24872 7C20F6CF1A09EEE4F40FE6F70B0F070213E4AE0B9599CF6348B0EAC781225457
840171193 45173 12406 64459E9AF0487ECCECB35DE2FAD392435A25F0834F63019BEF6B4C8C97695B95
833331830 14007 12982 3872BAE7FD12FAB254A4D9B894AD33242FD7D8AB675ADE470C8CD5F6C5A472BA
835594168 21197 4358 844A6035332016A1D3B7345F4C6A90C634C6AE4986603E9D71A0F4E9853AAB31
835528589 30089 21758 DF5C2EFE5EB75536FDD7D4FA902DF1EE19AFFDA0FAAA8779A810389CA97338F7
834709603 40571 42659 50B386D29C9CE003B24C05D874CE5738751A96BAD29FF55A3D8CE0E72354A200
830917533 14155 9995 00029EE73B513124FB4E6CEC6CFBE6D6A8BD2D653B117268E64715A2443D0ABC
832219060 21253 12889 F7CC833CF595E4650059DAE80FB1CE32746AA156322F25A80F9A70A82DBADD5A
832293156 57910 51950 7C20F6CF1A09EEE4F40FE6F70B0F070213E4AE0B9599CF6348B0EAC781225457
835048730 4377 2427 EC13588C035D9D37D8B8F67D78A3BA7DFFA09C1F2A630376E8EBFBE93F670C07
828906824 15575 48702 9401FEB946889B94E0A4479C558A612DE7662A8C3DA080D855B434B51A4E5073
830923476 32392 3630 7C20F6CF1A09EEE4F40FE6F70B0F070213E4AE0B9599CF6348B0EAC781225457
832254763 62213 14158 B0DBBDC1B2D70476E36DCC62DE2C3E8CF31AE7AA7605564EBEFD0E03C302C60A
833625628 36213 60857 EFC7DD44CBB6E1FC1C8918DD1310FFEE6C82E13BB613F02F26BD4E380A17C7BF
829763514 40616 7520 7C20F6CF1A09EEE4F40FE6F70B0F070213E4AE0B9599CF6348B0EAC781225457
831498092 36378 48049 7C20F6CF1A09EEE4F40FE6F70B0F070213E4AE0B9599CF6348B0EAC781225457
840196009 618 48628 7C20F6CF1A09EEE4F40FE6F70B0F070213E4AE0B9599CF6348B0EAC781225457
837472624 29026 15317 7C20F6CF1A09EEE4F40FE6F70B0F070213E4AE0B9599CF6348B0EAC781225457
833892425 16760 21424 7C20F6CF1A09EEE4F40FE6F70B0F070213E4AE0B9599CF6348B0EAC781225457
833805141 24903 35973 BB1B2F84411996D88A5578BA502B7D298152050C601650FF631A1B78E4F2963E
834219927 28639 22282 1E5C84DA1454488951483DF9E5A749881B9522835A3EBC37220C6D9368EBE641
838593029 41378 59443 7C20F6CF1A09EEE4F40FE6F70B0F070213E4AE0B9599CF6348B0EAC781225457
838817664 49431 18221 434C318E6146246F1836B0AE7B1499BC0CA5CEBDE87C74C1B5141F248200661D
838012590 58778 30131 7C20F6CF1A09EEE4F40FE6F70B0F070213E4AE0B9599CF6348B0EAC781225457
833681097 45606 6406 7C20F6CF1A09EEE4F40FE6F70B0F070213E4AE0B9599CF6348B0EAC781225457
838115162 12792 18236 7C20F6CF1A09EEE4F40FE6F70B0F070213E4AE0B9599CF6348B0EAC781225457

Total of 0 tasks calculated error.
