Total of 100 tasks calculated correctly, accuracy 100.00% 
8392262619 48818 5255 7C20F6CF1A09EEE4F40FE6F70B0F070213E4AE0B9599CF6348B0EAC781225457
8397892706 12953 63689 AD3EFD8426EC5055442D368788EC8002C493790F24A0F1E833B29EF5A1672BC8
8396907386 12107 33197 E1FC4ABE8D4199A68F8359FB3A3EC26C6069649C52FC21F6C8834348B1E9F6FD
8400291111 40458 24286 7C20F6CF1A09EEE4F40FE6F70B0F070213E4AE0B9599CF6348B0EAC781225457
8397083226 63457 50936 6768AD3AD1B0C35332025F358A431F204CFBDD95FA1D8647791B219ED95D5D2F
8392630197 60521 8798 8DE48589B8093586E3B42DFFCDD403EDE446405829B4CA26043D03104A074316
8396351477 5124 64033 7C20F6CF1A09EEE4F40FE6F70B0F070213E4AE0B9599CF6348B0EAC781225457
8394103311 38803 58899 2C7850CAABD969D099443D18B7DBFB00754839BCA69333222DD4FE440DB2D1A7
8398612698 53107 5163 DA12A3B19E40B9BBD0B34C664165D81620040B6F39C3C044073F0F935BABDF41
8389286534 17628 8466 7C20F6CF1A09EEE4F40FE6F70B0F070213E4AE0B9599CF6348B0EAC781225457
8389003916 50153 44531 DBACD372A2AC68994BF3B13F4DD2CB2B38C469C5D5FAE4B7FACEEFEE6E6BE866
8398854047 36707 10274 9048D3AC7CF3D197578529628A717A16D6DBCF18E0E29BB1E7269E708A77836E
8388838273 55054 58510 7C20F6CF1A09EEE4F40FE6F70B0F070213E4AE0B9599CF6348B0EAC781225457
8391825461 8982 21867 7C20F6CF1A09EEE4F40FE6F70B0F070213E4AE0B9599CF6348B0EAC781225457
8392684473 28075 28462 9BC8D178F39F65C177111E5DA80BDF949D205075AAFF1B350DE5471C48E357EE
8389761287 28943 14070 2347FA0AD7D82A237D21949BEE783BA2EAA4BBD5A2FD345A25936425BDC3EE40
8398281813 64315 53523 F70F563D39B5EE4EACD1767EDB09EEE44AC2CBDB8B7FF3E80DE4C3E29FD6199E
8390700719 13443 9005 FEB80EA5E8CBBDD845588E3076E292EE5AF3D2C07E4F9002C60ADEFADD8A6203
8388667020 58418 18496 7C20F6CF1A09EEE4F40FE6F70B0F070213E4AE0B9599CF6348B0EAC781225457
8392288516 24123 30887 6B95E505E310B1F7EBD2895218E0A559F5CB0959910ECF3C3CACE7E52BA710D2
8391242617 29251 31475 205B2EBCEC495D79F53B201D874E0758FEF837E2CE8811581EF88A6BF59250AF
8390427305 8025 21823 4083144D65CF47B66BBA3F015508D4D6881D0D23A93AB784C1052F1C44162B90
8400009302 23468 60186 7C20F6CF1A09EEE4F40FE6F70B0F070213E4AE0B9599CF6348B0EAC781225457
8392499691 30524 11833 7C20F6CF1A09EEE4F40FE6F70B0F070213E4AE0B9599CF6348B0EAC781225457
8388647109 45210 24894 7C20F6CF1A09EEE4F40FE6F70B0F070213E4AE0B9599CF6348B0EAC781225457
8395573807 39807 7717 430E096A315E7E1E927A547C967B28014181FAF9580154149FF188B2CAB4B8CD
8389631793 11889 57406 32FA7A660DD337130EAC63773A81A730D59B533FB9FDF1988BAB95540906DEBC
8389040983 17223 58118 72FB42CD39D3A694E1F6A2346E772A7609C997A46FA7A9FBAED4604940B0D2A7
8391198380 64828 1981 7C20F6CF1A09EEE4F40FE6F70B0F070213E4AE0B9599CF6348B0EAC781225457
8390330901 22425 6820 81FE5D48F2F7BF921A8B353AAAE82CC2A2CE542773442590A11C1845DE0E7D65
8392559214 26356 62878 7C20F6CF1A09EEE4F40FE6F70B0F070213E4AE0B9599CF6348B0EAC781225457
8399358288 22309 64306 99BA4EAA78A4B291422BFFB8371835EBA227607626C1CC22A0CBE2C33E942AAD
8397608300 1782 33055 7C20F6CF1A09EEE4F40FE6F70B0F070213E4AE0B9599CF6348B0EAC781225457
8396438451 62398 40446 7C20F6CF1A09EEE4F40FE6F70B0F070213E4AE0B9599CF6348B0EAC781225457
8392522295 823 54580 12505B383A94586198AA98D95EF570CFDA9B0DDD31939DE6813BFBD69D30C32B
8393071022 19886 24122 7C20F6CF1A09EEE4F40FE6F70B0F070213E4AE0B9599CF6348B0EAC781225457
8394336214 45552 26000 7C20F6CF1A09EEE4F40FE6F70B0F070213E4AE0B9599CF6348B0EAC781225457
8393101871 46511 53946 68120BC21C1813B5BC9AF6BE3343249E779F8F88AF3DC6105D016173C1C25096
8394484743 23269 60683 47F3EF7071D95466DE8F11822EF1EB066E9807867912CE62601D5252C5D3F309
8389911241 20954 9223 7C20F6CF1A09EEE4F40FE6F70B0F070213E4AE0B9599CF6348B0EAC781225457
8398689777 3452 30048 7C20F6CF1A09EEE4F40FE6F70B0F070213E4AE0B9599CF6348B0EAC781225457
8388618346 45139 52424 B252BD52DB3586AB8761F009F85DFBA9B23535328A5D061E72BFF0319CB0D937
8392066836 16685 7028 C903CF6BE1B9F5199154768C2AD5AD15CA7EF5B634782DEFFC1D2460A51FA280
8393670523 56868 18391 7C20F6CF1A09EEE4F40FE6F70B0F070213E4AE0B9599CF6348B0EAC781225457
8392449062 20235 7729 827BA0106EE2462A9BBE97574F5EC9598320A978FED83DACCAA98F1126D0CB69
8396953882 15529 54396 4DD50DCE90F4755D0383A5708EE302899A852DFC904779064440A2D8D9A86343
8389978730 48260 52005 7C20F6CF1A09EEE4F40FE6F70B0F070213E4AE0B9599CF6348B0EAC781225457
8388701707 56250 27118 7C20F6CF1A09EEE4F40FE6F70B0F070213E4AE0B9599CF6348B0EAC781225457
8394360072 22310 55284 7C20F6CF1A09EEE4F40FE6F70B0F070213E4AE0B9599CF6348B0EAC781225457
8396006673 20555 4851 F688B8F8E7E2B70AD85FD042A5904AA5478013376DE1D0C26A80280FCB4A860D
8390991658 64673 7194 9DD54A2086B8933B1F9D59B16D2AF4142D9A2D02C8D2742724456427A379DD71
8397898732 12978 4253 7C20F6CF1A09EEE4F40FE6F70B0F070213E4AE0B9599CF6348B0EAC781225457
8398376533 55989 27808 48AEBCF98FD33B489F280E1265BD2759FDC7FDD3731816624BBC3B02A4E2E9E4
8389402899 16050 28294 7C20F6CF1A09EEE4F40FE6F70B0F070213E4AE0B9599CF6348B0EAC781225457
8391086222 18581 16536 DC4F07D191AF5E9810EA5F5A86DEB5D6A32A4FDC8F04E958E9FF89235A05125A
8393440181 7162 5234 7C20F6CF1A09EEE4F40FE6F70B0F070213E4AE0B9599CF6348B0EAC781225457
8392033577 50917 43784 305C314A84F434EAA3D0C6CC478B15F415B03491EA8CD9ACAA4293C853B69853
8394026265 62287 37657 430D076B8A06F2C4A1E86EBA5C991E8F8E7535CB9AB6064A43F85AC2BC0F0CC9
8398440854 47094 27537 7C20F6CF1A09EEE4F40FE6F70B0F070213E4AE0B9599CF6348B0EAC781225457
8398269314 22877 43587 F0A965906996F73BBC60A4234C7CD7B8C5528D6BB4B68A49820723B4499D49F5
8400125843 35969 7316 60244AEAD7F6BDEA0BC111F6B540D1D14DD1B1F569252707313ABFCDA81C99A3
8393598454 58609 13720 04D1BB713EB707B15A269A0850D70F3115A93C6A641F01FAC7E6C0D477C10F58
8391972189 14347 22995 39413553D7CB8DC8AE682613A9C69DDC09C0C8620777403FC1A3E9B2DBAF3B4E
8389239243 59117 60884 2DC3B0D326BC195C68ECD29DAA296908E5DF7D021DBD3308407AF09AEE5C0E77
8391512277 29600 61701 7C20F6CF1A09EEE4F40FE6F70B0F070213E4AE0B9599CF6348B0EAC781225457
8395149584 25748 35637 7C20F6CF1A09EEE4F40FE6F70B0F070213E4AE0B9599CF6348B0EAC781225457
8399019842 43509 37575 8588ED6FD39BDEF37CF98854570E4D93806C68F67AD2FC4C79407CD1F7B50F62
8396098803 43594 11704 7C20F6CF1A09EEE4F40FE6F70B0F070213E4AE0B9599CF6348B0EAC781225457
8393875619 13094 46139 7C20F6CF1A09EEE4F40FE6F70B0F070213E4AE0B9599CF6348B0EAC781225457
8390261031 22570 30783 7C20F6CF1A09EEE4F40FE6F70B0F070213E4AE0B9599CF6348B0EAC781225457
8391301405 49674 13260 7C20F6CF1A09EEE4F40FE6F70B0F070213E4AE0B9599CF6348B0EAC781225457
8391071091 55642 64886 7C20F6CF1A09EEE4F40FE6F70B0F070213E4AE0B9599CF6348B0EAC781225457
8394186911 54502 7732 7C20F6CF1A09EEE4F40FE6F70B0F070213E4AE0B9599CF6348B0EAC781225457
8394906225 63311 54931 F33AD7538862B51C6180E7FB859CA1C669FDFFECAAB7ADA6B294EAF1640D457B
8398357593 64369 58073 E39B26D1D63570F046C5BAE1F9B9E7774F081E3E0CFCD1C87CC3972CEBB62094
8389397672 37924 43557 7C20F6CF1A09EEE4F40FE6F70B0F070213E4AE0B9599CF6348B0EAC781225457
8390025201 45488 13600 7C20F6CF1A09EEE4F40FE6F70B0F070213E4AE0B9599CF6348B0EAC781225457
8395415999 25212 19981 7C20F6CF1A09EEE4F40FE6F70B0F070213E4AE0B9599CF6348B0EAC781225457
8398481582 18875 15287 DD670B2EF3FC312898019A715BD75C2F63010B40413BB4E97BDCC37AFC0F637F
8392709686 28373 24900 6DEC58A94B9D44C24729880C8795C5E9F3891D0A402224BC7D37987ED55840CD
8400104062 49502 63418 7C20F6CF1A09EEE4F40FE6F70B0F070213E4AE0B9599CF6348B0EAC781225457
8393506628 28726 31897 7C20F6CF1A09EEE4F40FE6F70B0F070213E4AE0B9599CF6348B0EAC781225457
8392456870 49721 45807 85B6BF4A7164BF2956310C232C76F04CF762AADE07714D85AC11CD98EF4A81BC
8389692017 45518 50554 7C20F6CF1A09EEE4F40FE6F70B0F070213E4AE0B9599CF6348B0EAC781225457
8398114430 1120 12054 7C20F6CF1A09EEE4F40FE6F70B0F070213E4AE0B9599CF6348B0EAC781225457
8394733363 42834 4018 7C20F6CF1A09EEE4F40FE6F70B0F070213E4AE0B9599CF6348B0EAC781225457
8393181388 50670 24481 7C20F6CF1A09EEE4F40FE6F70B0F070213E4AE0B9599CF6348B0EAC781225457
8396339727 31171 18325 7CD29FB6F91DE22C908C8001B7D858C90383BE2F3A1DE320595156E93A500FBD
8398733392 16309 54014 2A7FFC628EFBE89CBF0EBEE13FD404514AEB80F3AA401C6ECAD2E295A67EDA15
8397202365 60423 1559 0F77F25B247B18B7AE3E22FFE2A5DB7A6B6F55BC26FBD472890F698FD01DD3BA
8390959414 817 5143 CC8FB43DE877A30FF290A6A05A87193C40D4E4F9474D2B7A7BDDD0E332E26727
8395437800 55348 1435 7C20F6CF1A09EEE4F40FE6F70B0F070213E4AE0B9599CF6348B0EAC781225457
8395127788 59915 54746 EED352AE525FD35C02FAE0F80299CA3FCB17AFFBE819A9739CEE61406CA226CB
8395622001 44507 58848 4FF636EB4B8FB7334986F7E979997FA8116994147B29075DD366940C57DC04B8
8393490353 54796 18864 7C20F6CF1A09EEE4F40FE6F70B0F070213E4AE0B9599CF6348B0EAC781225457
8391712899 21511 41725 D1759D29A1C9DD0317F72565CCD2F58B488E8B1F3BDB9345F6E66947DB9EC403
8392165343 13543 45300 7D4E0B4961EBA2383F501F6FCC34074CF4FEAC786A146EF5CC43C96EE63E8F6C
8396735982 25498 17591 7C20F6CF1A09EEE4F40FE6F70B0F070213E4AE0B9599CF6348B0EAC781225457
8396144775 50281 28196 105DFFBA23BAE5F94F662F804D308FD02B5237C5633E2B681D2D451953B89881
8396056421 56155 33817 EF7555A6B5ACA8F46841790CBE758B39967C9CEA7E4D92F09CFEFCE9DA6B3C75

Total of 0 tasks calculated error.
