Total of 100 tasks calculated correctly, accuracy 100.00% 
8413211835 44947 49689 63695FDEF6F88BF4E535D6D64650F0AB585AE469B728FC1B7BDCCB60AA81ADE3
8418833122 33618 31485 7C20F6CF1A09EEE4F40FE6F70B0F070213E4AE0B9599CF6348B0EAC781225457
8417906989 52953 39450 26FFA599A96AACECDC67F62426E3FAFFB1ACA17B970ECE2AB32087D36289242E
8421202893 24966 32176 7C20F6CF1A09EEE4F40FE6F70B0F070213E4AE0B9599CF6348B0EAC781225457
8419325467 38704 36161 7C20F6CF1A09EEE4F40FE6F70B0F070213E4AE0B9599CF6348B0EAC781225457
8423364299 4640 56902 7C20F6CF1A09EEE4F40FE6F70B0F070213E4AE0B9599CF6348B0EAC781225457
8423508636 33299 53593 C2FC8BE10EB4908A93F927060F5DD9A9212C1FBD76E03617630D911912C72D5D
8415116217 52761 45740 56D158E1D3E7D6E8FABB4F023120FD2D98E3C28A2CCE548576E28D9F03EA2B97
8422800283 13732 48803 7C20F6CF1A09EEE4F40FE6F70B0F070213E4AE0B9599CF6348B0EAC781225457
8418665602 56694 63116 7C20F6CF1A09EEE4F40FE6F70B0F070213E4AE0B9599CF6348B0EAC781225457
8414113816 9059 37937 380EA066401EDD5E564D6CC5CDB8389191E66073EF4932358C5593F628B88839
8414966476 42757 65064 421D9C2C6FB3F75C527FE02A34AEFCCDBDE5069244C5CBD7F14842854C3D7B04
8415209120 60804 17020 7C20F6CF1A09EEE4F40FE6F70B0F070213E4AE0B9599CF6348B0EAC781225457
8414764160 60913 37836 88DE770F33716BDD541690DCA220FEB77B9E4DA0AA9BCE7582A851448056213C
8417091109 52515 19354 C2F36EBCD727C09197EBAE407DCD728500193868E105F5A92593FC3C1CFE3712
8423337377 51054 9630 7C20F6CF1A09EEE4F40FE6F70B0F070213E4AE0B9599CF6348B0EAC781225457
8415904463 46557 55345 B0B4FE06EE9AB3D56CBA389705B422D30A14BE0DBA0B64AFC061DDB4E3CCD131
8414902505 42417 33276 FB1AFEF3057338694C8C71916280ACF404CCA58C41C0779BF6B2183DF9A28A47
8414008355 59949 50378 347CFDFE646C48EF39AFA6C608CE7E7B4F6903DE0862F1C293DB540A859B5D89
8422972423 40510 39826 7C20F6CF1A09EEE4F40FE6F70B0F070213E4AE0B9599CF6348B0EAC781225457
8412800027 62639 60464 E88BB8B3B7ED7E421748832055ACA37E2D6684992531125E4E518B0CDAD2A1BB
8417915637 60564 5574 7C20F6CF1A09EEE4F40FE6F70B0F070213E4AE0B9599CF6348B0EAC781225457
8417469266 2657 43039 EC6943B13BA67A46D14B93853E05DE929F2D32E39BDE0019C1D389DACC36445F
8422583176 33598 49794 7C20F6CF1A09EEE4F40FE6F70B0F070213E4AE0B9599CF6348B0EAC781225457
8412851223 37028 46746 7C20F6CF1A09EEE4F40FE6F70B0F070213E4AE0B9599CF6348B0EAC781225457
8420874844 58207 14788 452C664BF416E2D6BC6F62795154CAA11C5FB07002BF1E51C2813FD88E78349F
8418318865 26423 6086 61123F4919F4AEA69E9541371ECC347F997F2089C48CA6A26A08097C0B298FF8
8421099768 25212 45072 7C20F6CF1A09EEE4F40FE6F70B0F070213E4AE0B9599CF6348B0EAC781225457
8417580935 6627 22851 2BFB88F0673C09D251468C8DA268513165C84AFF52AD392F87DF027431DBCF93
8424000477 5488 30187 7C20F6CF1A09EEE4F40FE6F70B0F070213E4AE0B9599CF6348B0EAC781225457
8418889097 32780 63321 7C20F6CF1A09EEE4F40FE6F70B0F070213E4AE0B9599CF6348B0EAC781225457
8412854673 1588 15346 7C20F6CF1A09EEE4F40FE6F70B0F070213E4AE0B9599CF6348B0EAC781225457
8414412145 38656 9097 7C20F6CF1A09EEE4F40FE6F70B0F070213E4AE0B9599CF6348B0EAC781225457
8422534764 61506 11147 7C20F6CF1A09EEE4F40FE6F70B0F070213E4AE0B9599CF6348B0EAC781225457
8421320165 5190 24078 7C20F6CF1A09EEE4F40FE6F70B0F070213E4AE0B9599CF6348B0EAC781225457
8422787018 64714 45920 7C20F6CF1A09EEE4F40FE6F70B0F070213E4AE0B9599CF6348B0EAC781225457
8414049885 22401 18324 9EFB668DC7CE4000AAB21F8AC4F13D5B8301B2E7B6781D084723DE180DEAC176
8424201109 48818 62251 7C20F6CF1A09EEE4F40FE6F70B0F070213E4AE0B9599CF6348B0EAC781225457
8415478596 42832 64361 7C20F6CF1A09EEE4F40FE6F70B0F070213E4AE0B9599CF6348B0EAC781225457
8420918347 30111 40336 3536411AD7F2228543FDE00BBE5B2624ACA22608B15AF2BE2C1824B299D38DF6
8414718210 62573 39319 1C1CD1D2DF83E1927C4D8285FA7C2627D90BCB559158D25FC2FD0DC787AD38B8
8414825098 12110 16604 7C20F6CF1A09EEE4F40FE6F70B0F070213E4AE0B9599CF6348B0EAC781225457
8422012563 62690 58085 7C20F6CF1A09EEE4F40FE6F70B0F070213E4AE0B9599CF6348B0EAC781225457
8418770177 37032 33556 7C20F6CF1A09EEE4F40FE6F70B0F070213E4AE0B9599CF6348B0EAC781225457
8414029108 55109 19426 4B4416839F2A203D733FF7DF8183508465D1AC72B732619047B4C9CA48D6BE96
8423269887 47378 29499 7C20F6CF1A09EEE4F40FE6F70B0F070213E4AE0B9599CF6348B0EAC781225457
8415056899 25423 46226 8719B1610F0FC13E3D05EEDF8CD17B2A3D4D3C2918A12477CAEB2FE1C99E1494
8420442246 40194 7900 7C20F6CF1A09EEE4F40FE6F70B0F070213E4AE0B9599CF6348B0EAC781225457
8420542466 53627 47177 111911A8F22099BAE704EAF4BDE7141735F2DD66D0F29D236767D162C55F4C1D
8416072044 20939 36957 B3FA2AE3AEB767E73E0F7B2DDAA8B24EB9735A66F8CE5413B0BD812A0BC6BDC6
8421979586 58681 8550 52FEF7DAC9E515B7B1DDCB3DF5C49F58446587B66473F832D852B1BC2D7A2D24
8422680528 57479 44907 4406F641F196498CB75F72A745DE4988FAC122AE3660166FD0ACFD4FB6E0D6CD
8416117168 29914 41761 7C20F6CF1A09EEE4F40FE6F70B0F070213E4AE0B9599CF6348B0EAC781225457
8422336392 33713 14241 C048D04389CD3BE0123BFD1D06BE5D0D08340696F6A0F45A930F5CECE9313BEA
8412753156 36602 52685 7C20F6CF1A09EEE4F40FE6F70B0F070213E4AE0B9599CF6348B0EAC781225457
8417821470 64384 21607 7C20F6CF1A09EEE4F40FE6F70B0F070213E4AE0B9599CF6348B0EAC781225457
8422489376 30806 12022 7C20F6CF1A09EEE4F40FE6F70B0F070213E4AE0B9599CF6348B0EAC781225457
8414557725 44711 37552 F68235BC818CA021C3A3AA1B46537B6BC79FF3862133963CDFCA203886D43CE1
8416280255 60213 58054 E620218E91C334602D73FD49A62F6B35DD9D33A6D521310C118600E7C3DA4D9E
8416402148 39091 27753 D3D85741E1DC2B930F26E4BAFAEFC837201C5A8961513B2BE1A4C096371F7AEA
8418843873 51667 17512 53CC79AD8670AE807F1B13699F042D856A028D081578A89E2148C298978E6A24
8416827070 33955 11289 0F8F5D6E3AE0F083AEE231266A349B451E794A5FD9317DB90D329384FF739DD6
8421210947 32440 37583 7C20F6CF1A09EEE4F40FE6F70B0F070213E4AE0B9599CF6348B0EAC781225457
8415166601 48655 37124 A2B6D0B3B35426089CBBC835D1D757A0214CD4BC9E357DC140AC6483F1966402
8412780019 64819 42353 D1935F20CFFA1A64464F8D941DE330AB641B9302AE79171ACC96ADA2F6E9EC67
8421544888 3440 46682 7C20F6CF1A09EEE4F40FE6F70B0F070213E4AE0B9599CF6348B0EAC781225457
8419379629 45880 25962 7C20F6CF1A09EEE4F40FE6F70B0F070213E4AE0B9599CF6348B0EAC781225457
8417328017 53899 47177 F058E42EB532DA7936AF4359ABA9D5EA83195D3CEC0407AE8DF4C9EDF807CFB7
8424104652 52797 62681 0E94EFBCEE27215DCEF1298E84E598437ED3E75256423C3D020F5EFF93B54B9E
8417315358 21251 2716 9FB55499FB55B167EEE4BDA5219250BAADBBC9C63BF67D079EC27E3B3F9C2D9E
8424131524 44713 37897 7FDB70A86C3BE1161F56F9F867FA15DB1FE618F72EF1F0BC2F5D453726236792
8417259829 18351 2652 8CDB80F3D1D6103B2E22BFAFEDBEF30222562FFD661816200A04D20AF11900D3
8415130448 50284 56637 7C20F6CF1A09EEE4F40FE6F70B0F070213E4AE0B9599CF6348B0EAC781225457
8416939707 40926 27754 7C20F6CF1A09EEE4F40FE6F70B0F070213E4AE0B9599CF6348B0EAC781225457
8414316019 20213 11204 CCA8A62F42562E1ACC15E232BA1D1E0666B81B926ADB45BC65A0987B053AE89F
8414306033 27339 3786 F6B764AC3F7706C3B2C99D2ACE41BF861B95D1E26CD12E9847FD8E88D00EC94F
8423763835 3852 1834 7C20F6CF1A09EEE4F40FE6F70B0F070213E4AE0B9599CF6348B0EAC781225457
8419296337 23720 41578 7C20F6CF1A09EEE4F40FE6F70B0F070213E4AE0B9599CF6348B0EAC781225457
8412758338 27581 15454 8A4553AD492D787801A4D261D9B0C12426574F90C192B30732527E778140C146
8417604336 15761 65 A0D5E0AD62EF47DFF66B4E2F7CCEDBF51DF69D02FC5169A2EBE79A690B6E343F
8420870645 63514 51099 7C20F6CF1A09EEE4F40FE6F70B0F070213E4AE0B9599CF6348B0EAC781225457
8413989897 56252 56360 7C20F6CF1A09EEE4F40FE6F70B0F070213E4AE0B9599CF6348B0EAC781225457
8423759183 37547 64000 E11FA5EE62B2E7F2EEDFB579F2A3368C06ED69421CE7D37B351F0079689EDE82
8421060943 14464 5720 7C20F6CF1A09EEE4F40FE6F70B0F070213E4AE0B9599CF6348B0EAC781225457
8413382979 3312 40359 7C20F6CF1A09EEE4F40FE6F70B0F070213E4AE0B9599CF6348B0EAC781225457
8419293965 3758 44018 7C20F6CF1A09EEE4F40FE6F70B0F070213E4AE0B9599CF6348B0EAC781225457
8413098253 56604 54548 7C20F6CF1A09EEE4F40FE6F70B0F070213E4AE0B9599CF6348B0EAC781225457
8413095470 56135 18488 1CC7FB88A5081C3FDD66A2B06CC8A12BD80B69F5AEBF0FF47D954E181EC86121
8420908421 25404 30883 7C20F6CF1A09EEE4F40FE6F70B0F070213E4AE0B9599CF6348B0EAC781225457
8421380601 48714 46700 7C20F6CF1A09EEE4F40FE6F70B0F070213E4AE0B9599CF6348B0EAC781225457
8421594556 44008 30588 7C20F6CF1A09EEE4F40FE6F70B0F070213E4AE0B9599CF6348B0EAC781225457
8423333513 15338 25913 7C20F6CF1A09EEE4F40FE6F70B0F070213E4AE0B9599CF6348B0EAC781225457
8421538199 7276 29314 7C20F6CF1A09EEE4F40FE6F70B0F070213E4AE0B9599CF6348B0EAC781225457
8417216952 44882 28306 7C20F6CF1A09EEE4F40FE6F70B0F070213E4AE0B9599CF6348B0EAC781225457
8416397203 29716 18834 7C20F6CF1A09EEE4F40FE6F70B0F070213E4AE0B9599CF6348B0EAC781225457
8418442619 30062 1400 7C20F6CF1A09EEE4F40FE6F70B0F070213E4AE0B9599CF6348B0EAC781225457
8415167891 65069 10334 B0E0E25C32FD191BB743DAF5AE0FB1617A0BDA61823ED0A141C40D42D93C7551
8421572548 6213 28862 4C0C276681B09D0E5D811284FDEFD5FE6F3F53ED4B07272F5977070ECB9E92E4
8414750468 35831 31033 4FA96B7EE9D3E621ED3C90087E17AC750AEC6868240ADAC12C21BA79DC1AB288
8416145311 33605 63398 1E26EFD15B6CB31403E981359B430ECFB7E3C36154EC408AA13967E30EB2B5D8

Total of 0 tasks calculated error.
