Total of 100 tasks calculated correctly, accuracy 100.00% 
8429418121 54856 59203 7C20F6CF1A09EEE4F40FE6F70B0F070213E4AE0B9599CF6348B0EAC781225457
8431651004 37880 56655 7C20F6CF1A09EEE4F40FE6F70B0F070213E4AE0B9599CF6348B0EAC781225457
8427044558 17766 44565 7C20F6CF1A09EEE4F40FE6F70B0F070213E4AE0B9599CF6348B0EAC781225457
8436115839 32964 23004 7C20F6CF1A09EEE4F40FE6F70B0F070213E4AE0B9599CF6348B0EAC781225457
8433008718 59194 16456 7C20F6CF1A09EEE4F40FE6F70B0F070213E4AE0B9599CF6348B0EAC781225457
8435768098 33963 48623 3FE7F2A27A747141D6C3A8ADC2DC0CEBEAE6D1A98DD0AFC471ADAD1540BA64A9
8428895270 24053 64270 7CBA4A7CBECEF90750D0EDC96966ED9F5A14B65E81F1E4432FF85FAB3BFD2D02
8424607653 44685 39881 B38A815C436D243354E281DF9D15D18415E0F9911C886ED5507F00FB5207A193
8425568354 49823 27279 C56BF0A0C8DD69CDB5B806A17475E4DF1EEB0AB320562CB057ACEA0DC9FDCE91
8435233295 56705 50589 07FA51527EED7B81B33CCB51636F9C662E06C26170E05698BA037D9DFC377ED6
8425505925 21579 14672 CA3B998889C75C3170A9A95B18E7DD09C3532FD2071FEAEF246CFFB4C2F6C77C
8428582673 34969 52711 2B0F69A5FDEB7499AA3B051B10B392918DD669319A6E7DC4C208919EFBFDBAB5
8427665525 33054 3155 7C20F6CF1A09EEE4F40FE6F70B0F070213E4AE0B9599CF6348B0EAC781225457
8429526161 52998 29405 7C20F6CF1A09EEE4F40FE6F70B0F070213E4AE0B9599CF6348B0EAC781225457
8429219042 23774 54303 7C20F6CF1A09EEE4F40FE6F70B0F070213E4AE0B9599CF6348B0EAC781225457
8430088062 4574 58872 7C20F6CF1A09EEE4F40FE6F70B0F070213E4AE0B9599CF6348B0EAC781225457
8425020526 51458 700 7C20F6CF1A09EEE4F40FE6F70B0F070213E4AE0B9599CF6348B0EAC781225457
8433751640 1796 56280 7C20F6CF1A09EEE4F40FE6F70B0F070213E4AE0B9599CF6348B0EAC781225457
8427201548 11598 35411 7C20F6CF1A09EEE4F40FE6F70B0F070213E4AE0B9599CF6348B0EAC781225457
8432475458 3015 28262 DC5FCB4DE758267F09F51956CDC4FBD7129BB4712F9060C2567DDE1DD765EA5B
8429261387 43232 19994 7C20F6CF1A09EEE4F40FE6F70B0F070213E4AE0B9599CF6348B0EAC781225457
8432618247 58794 53557 7C20F6CF1A09EEE4F40FE6F70B0F070213E4AE0B9599CF6348B0EAC781225457
8432910814 41671 24653 F7F2134B1FB320E8135673AF3E75BFBE67C2E17B1C617ADAC6B34B77CBE69152
8428969494 38153 24638 AF0E5BE2BD9B67A0D15EAA5246DD3A1559AE845CDA11125A5C9DF373C752DA7E
8424685119 671 60299 AB3CB6508AD1E83C8587FAB46B34094638CFAD9BFE58671CED521E701ACB3C1B
8427803115 17021 16824 32999228752591D7E49C3A16E6A205686E4D754568351C00674437F973238301
8431412708 15469 50886 AB810AC4EAA4CE0F2D477CAED60A3556882AA1B1F7B0B2AEC5450B7FD01B9514
8436140458 47295 53409 E70B51E5BFEC489B833A918E3CD36500C17362B01263BC3ED8524505D10697EA
8433009721 64017 43763 51D0BD2F3DAA49D8A14FB515600F630559C3387038C17A56CF7BF3AD6DA66BDB
8425385916 57639 9182 0FDC6E4D9AE2857BB1B73C7620A090BB313C45A96E121FF263E83588A253B710
8435862063 11608 12983 7C20F6CF1A09EEE4F40FE6F70B0F070213E4AE0B9599CF6348B0EAC781225457
8428098608 47080 55184 7C20F6CF1A09EEE4F40FE6F70B0F070213E4AE0B9599CF6348B0EAC781225457
8424718960 48817 42929 AF3FA3FC6AFEF77B417FB5214E40F944910F4EC625D925F09F92B2F559981EF9
8434547364 30491 5484 6F805464D4AC3074D3532B99A8E34C48FDBDF11A382E60DA1EC6D45EB72F18C2
8429818359 25388 59764 7C20F6CF1A09EEE4F40FE6F70B0F070213E4AE0B9599CF6348B0EAC781225457
8430111167 63959 14580 046849C4B515D274AE8810D864CFFA9A33788EBC00A1931C7906A77F46F152DB
8424669043 27104 22569 7C20F6CF1A09EEE4F40FE6F70B0F070213E4AE0B9599CF6348B0EAC781225457
8432873659 32567 1911 862C5D312FDE2DC5FFBD0EDB452D67E9D1C73829487BDCF01BE3F0C964A6AFE1
8427665218 44830 29762 7C20F6CF1A09EEE4F40FE6F70B0F070213E4AE0B9599CF6348B0EAC781225457
8435709901 64551 25006 AC053704975A637892C13B401E110B2D2480C40B3AF2CC99739219B6F263D25A
8432286444 35936 49996 7C20F6CF1A09EEE4F40FE6F70B0F070213E4AE0B9599CF6348B0EAC781225457
8431003518 9123 4555 693BE42AD29CB626125D2812FC5D4761A434C3B89D6BAD602BA4A4CABAA211F5
8433886242 10915 56450 8F0618561F1FB7B3C5219DFBF71466CCAD4671783884C904EA0B72126A78A721
8431335451 55627 62690 BE93A376D93284B72A4C5B9E76AAF9F07FD309ACFE1648B1FB27B79482A88773
8432782672 62000 24571 7C20F6CF1A09EEE4F40FE6F70B0F070213E4AE0B9599CF6348B0EAC781225457
8434054294 34759 16131 3498510E24DA4FD0A31E4AC776EA095DF66EEE731C582C3AD6BA921C7495CCCA
8430396871 54632 55209 7C20F6CF1A09EEE4F40FE6F70B0F070213E4AE0B9599CF6348B0EAC781225457
8428195598 50851 42269 9BA98DEF79A5058B6F52B4E1993B2007BC2BA10A2F092B538265A3101DEAEBC3
8434616147 33333 33891 1F52C2218B573F9BD0B942087F46008FA3728062A96F5192BD22DE4CEE442E70
8427105729 15066 10820 7C20F6CF1A09EEE4F40FE6F70B0F070213E4AE0B9599CF6348B0EAC781225457
8433011620 11484 51960 7C20F6CF1A09EEE4F40FE6F70B0F070213E4AE0B9599CF6348B0EAC781225457
8431741839 25336 5405 7C20F6CF1A09EEE4F40FE6F70B0F070213E4AE0B9599CF6348B0EAC781225457
8427672921 21745 65490 A6389F6A914D08ACFB88725D295F02FE0015E536744E6016B29B764B2BD43BD9
8428842137 2598 41552 7C20F6CF1A09EEE4F40FE6F70B0F070213E4AE0B9599CF6348B0EAC781225457
8427665666 6616 28586 7C20F6CF1A09EEE4F40FE6F70B0F070213E4AE0B9599CF6348B0EAC781225457
8432901653 32993 32396 201C8241F5C09716A6D5AABBC3CA9C3E73060D2C8647E41EB361ABD8E2D86AC4
8428548043 8387 19871 2462EF583A64D84C7864A0EF2C9D99493AC4F5C9A1B2275557E9161203E9557A
8432349382 62297 35782 01C16A4DE70F51278CC96E96B602EBA92B5853423717A0B0C61DA13BD3DC3696
8427630432 41388 14877 7C20F6CF1A09EEE4F40FE6F70B0F070213E4AE0B9599CF6348B0EAC781225457
8434112120 45036 44518 7C20F6CF1A09EEE4F40FE6F70B0F070213E4AE0B9599CF6348B0EAC781225457
8431698468 58308 43959 7C20F6CF1A09EEE4F40FE6F70B0F070213E4AE0B9599CF6348B0EAC781225457
8432286159 29533 5660 D59EF6F2ADF3CC660908F250245D469560E763AF3D4DC62CF2FDC70EC130C7FB
8435130392 60196 25839 7C20F6CF1A09EEE4F40FE6F70B0F070213E4AE0B9599CF6348B0EAC781225457
8430331328 8486 16058 7C20F6CF1A09EEE4F40FE6F70B0F070213E4AE0B9599CF6348B0EAC781225457
8433682520 26471 18049 B4D80744C012E00DD4FB43A4A29F6B7366768EF2AAB2B11C18424CF108D20FE1
8431978850 54523 49065 B98BAF161400E6D32E2A4AA67C39E27A5F98E0879DF37DEEF4BDAC3E5B41237B
8424800612 48161 53383 C8E99A44DE4253504BC4571F52EB0C47A0C4793E7A70AE5B0655F7454C5E4BDF
8433927652 45788 2461 7C20F6CF1A09EEE4F40FE6F70B0F070213E4AE0B9599CF6348B0EAC781225457
8433854453 44330 3055 7C20F6CF1A09EEE4F40FE6F70B0F070213E4AE0B9599CF6348B0EAC781225457
8428368513 11898 29872 7C20F6CF1A09EEE4F40FE6F70B0F070213E4AE0B9599CF6348B0EAC781225457
8435927516 38146 3713 7C20F6CF1A09EEE4F40FE6F70B0F070213E4AE0B9599CF6348B0EAC781225457
8433579181 57157 40568 CEFFA9E2EFCC9C646E543EC85A7C5D1CA643FCBDFBEB2C4FCA5127E43D3B0127
8427329772 14610 10191 7C20F6CF1A09EEE4F40FE6F70B0F070213E4AE0B9599CF6348B0EAC781225457
8426388620 63851 10130 26C9B1E3E4827BB95650DC6DA2D78244A88E74AB1C920107BFC36B6B593BE3EC
8436036049 20596 15905 7C20F6CF1A09EEE4F40FE6F70B0F070213E4AE0B9599CF6348B0EAC781225457
8430951789 49233 22407 47593A974E7ED9B45F1D9593BD60CD44C3F11D01FDAA648E87FB109AB88EEAC9
8433796270 33075 57954 B27A60FE016109B4725FE8CEC2E4E72552905567DAA2BCB44A9E0C5539477CC4
8434366737 13172 25029 7C20F6CF1A09EEE4F40FE6F70B0F070213E4AE0B9599CF6348B0EAC781225457
8427569814 39200 46337 7C20F6CF1A09EEE4F40FE6F70B0F070213E4AE0B9599CF6348B0EAC781225457
8434955631 56795 59902 5B8F5A9E2422BD98F241F828BE4DC120A2EABDD6B246FFC572D1D924EC8666D3
8427312268 45588 61237 7C20F6CF1A09EEE4F40FE6F70B0F070213E4AE0B9599CF6348B0EAC781225457
8430399459 45448 56158 7C20F6CF1A09EEE4F40FE6F70B0F070213E4AE0B9599CF6348B0EAC781225457
8432608952 8404 51631 7C20F6CF1A09EEE4F40FE6F70B0F070213E4AE0B9599CF6348B0EAC781225457
8426553074 28740 28883 7C20F6CF1A09EEE4F40FE6F70B0F070213E4AE0B9599CF6348B0EAC781225457
8429311547 59301 22214 66C3E8A04844A52697E524B13947F7631BACAD0E6DBC7702128539C233712229
8425624563 14571 12703 84DC93F49E27E6042E83FDF8A959069B78D0BC94C7194C263BA520DA77D825D3
8424789505 25185 53993 F1FB0A7D35D7415F6D24F49F97B4CAE41562FF3BABDFA1F9FBF20B7FE62270F5
8431200834 6596 37137 7C20F6CF1A09EEE4F40FE6F70B0F070213E4AE0B9599CF6348B0EAC781225457
8430701833 38404 25718 7C20F6CF1A09EEE4F40FE6F70B0F070213E4AE0B9599CF6348B0EAC781225457
8430418391 709 41754 7AE2D9BCC949F7EF48B42746C1C7E86181FBD7F3128BD3D19FADF1283D68D8A1
8434136463 31027 48299 7B5E042E8618490BF877989B03592B3476B1751F42BF5B3C09C088CA3424A9A5
8431105206 52650 36448 7C20F6CF1A09EEE4F40FE6F70B0F070213E4AE0B9599CF6348B0EAC781225457
8428893494 27550 34511 7C20F6CF1A09EEE4F40FE6F70B0F070213E4AE0B9599CF6348B0EAC781225457
8429371432 42100 45524 7C20F6CF1A09EEE4F40FE6F70B0F070213E4AE0B9599CF6348B0EAC781225457
8425902709 35506 41087 7C20F6CF1A09EEE4F40FE6F70B0F070213E4AE0B9599CF6348B0EAC781225457
8431653481 28369 8683 650F3456D294EC416C9584497A79763D53A789FAEFD1D29AF91F2E6B5881ECEF
8430025114 52365 59425 46B0D85F8790F9C8CB56F02B2109250E91DBB7ECFA6B5AF40F8C411F522D9DF1
8436048586 43073 33409 B413F03ED961203D0C81BA921B1130303D89D98F1B61DE2FED7830D94551E737
8429303549 58060 52999 7C20F6CF1A09EEE4F40FE6F70B0F070213E4AE0B9599CF6348B0EAC781225457
8430705790 62178 31263 7C20F6CF1A09EEE4F40FE6F70B0F070213E4AE0B9599CF6348B0EAC781225457

Total of 0 tasks calculated error.
