Total of 100 tasks calculated correctly, accuracy 100.00% 
8437952942 33899 42144 C22CCFEBDDC8B3E0C443931F2EB79D0BC4DBDD874F3FF3787515A9B95ADB6665
8440714698 33527 42883 BDE584EA15A5414BD696564F819EA47BFFBCF3B8BF8C2E485279767B1D469280
8445582351 61708 51205 7C20F6CF1A09EEE4F40FE6F70B0F070213E4AE0B9599CF6348B0EAC781225457
8439603655 46319 46791 20D551DAA2416F7F62AB9B0CFDDAB112737B10BE677772038F431FA7ABD6C2FE
8438436927 15761 5445 A0049DBEBD0B4C34ECBB676B4A506AD97AE851FE35D1B4B66300DED7ACE04B7A
8437142015 51791 50813 94092D78231E38BB29DB2617ECD49F27CD4758C724340D8006846614FA703609
8442619965 28652 28770 7C20F6CF1A09EEE4F40FE6F70B0F070213E4AE0B9599CF6348B0EAC781225457
8440128285 64734 38971 7C20F6CF1A09EEE4F40FE6F70B0F070213E4AE0B9599CF6348B0EAC781225457
8443682915 46527 58587 DAFAFA221D5D5B92C2E1DDC00634D5CDFEC3D1A551C5FA19DA853A8480BB5BE7
8445542421 28410 44389 7C20F6CF1A09EEE4F40FE6F70B0F070213E4AE0B9599CF6348B0EAC781225457
8437244871 57175 55001 04471A906F773F7C45DC59FC3998744009138EFA00C1DFF8C21B78D6EA88922A
8445198306 29004 60445 7C20F6CF1A09EEE4F40FE6F70B0F070213E4AE0B9599CF6348B0EAC781225457
8441679349 36447 43204 2C2A768EB96EDBC38D719E4C8294FD2A76363E938D41743B2B0704442C8FE72F
8443720486 30554 65415 7C20F6CF1A09EEE4F40FE6F70B0F070213E4AE0B9599CF6348B0EAC781225457
8442340796 62958 47674 7C20F6CF1A09EEE4F40FE6F70B0F070213E4AE0B9599CF6348B0EAC781225457
8445713424 6304 40064 7C20F6CF1A09EEE4F40FE6F70B0F070213E4AE0B9599CF6348B0EAC781225457
8440060731 5959 57381 5A9E1289BAA5A3835CD9553CE829E702D9D1C362B4BF2FEEFA0D83701892522C
8446084684 17484 5023 7C20F6CF1A09EEE4F40FE6F70B0F070213E4AE0B9599CF6348B0EAC781225457
8440881542 9538 16653 7C20F6CF1A09EEE4F40FE6F70B0F070213E4AE0B9599CF6348B0EAC781225457
8438327359 10333 5047 8EEEF904FAD693465BFA38A929DF92C68A023082D8837C589EBAFD97E31F9891
8447382864 33741 38764 30C7E324B3798D5BE77E0F70C4294092144401C9EA984B3C11AE20E2E42C8022
8438226062 7662 19721 7C20F6CF1A09EEE4F40FE6F70B0F070213E4AE0B9599CF6348B0EAC781225457
8444921569 6652 10644 7C20F6CF1A09EEE4F40FE6F70B0F070213E4AE0B9599CF6348B0EAC781225457
8440432087 7251 42204 93F998B23CB121E2768A6E936B4F6073E095C5A8B33DBE11A5C2764CB7EE61FB
8440730826 30847 40016 05B60DF42BFE578CF3F060C57974907D8F3377AD0C8A5337309CDE27142983A9
8438859143 16970 64818 7C20F6CF1A09EEE4F40FE6F70B0F070213E4AE0B9599CF6348B0EAC781225457
8439461120 34853 28553 E5CF45A7B366A3764DC30E61EFE2E469EE1C1AEB88585EBA84D6940F91B430B3
8443216535 11537 21308 DE69BAA889587ED62234F45B80553941026B5CED5CA4F3D3299E5BA7EA225FAA
8439684350 48993 13266 DFDB2F0C472C23A1FC3568E6EC551FBA9514B4C427DB174EA49AABE60DF8874A
8444381815 32262 14110 7C20F6CF1A09EEE4F40FE6F70B0F070213E4AE0B9599CF6348B0EAC781225457
8441793306 53743 15521 B200DC6B801937C18200FCD13C4B42F92B1F8A35402F430091AA7B14C298EFC2
8441387931 2824 26759 7C20F6CF1A09EEE4F40FE6F70B0F070213E4AE0B9599CF6348B0EAC781225457
8448055265 11094 8604 7C20F6CF1A09EEE4F40FE6F70B0F070213E4AE0B9599CF6348B0EAC781225457
8446009429 55298 4584 7C20F6CF1A09EEE4F40FE6F70B0F070213E4AE0B9599CF6348B0EAC781225457
8436985873 50617 37791 ED135B79D3E495A66697D15B6A3A5B2408944AC85F27320D37F14086A98F76E4
8443073496 45697 53817 CA57BDEE7B03C92E5E501D3973A42F652B73566B70D667A99431A6DDC42D486D
8442554813 18736 35098 7C20F6CF1A09EEE4F40FE6F70B0F070213E4AE0B9599CF6348B0EAC781225457
8438565927 22419 43546 1BC0BF77472659654B5038800E87CD1AE2F112272AEDF8AC0E6B5517B4202AD8
8443253237 10157 28461 66E9EF2C67857426423C502F2E8F4D77ED5ADC405D44E1A666A9DDBE5B19BB03
8445823253 39831 27494 20C22DACEA41D9A841F61560D9BFE12667FB0E47A63ABFC06F00223D3C69BB8D
8447585941 60513 17836 EA5A34C28E70596DF35497CE5F09819EF27CE5CDEC03DEC7A83C196FF1684F45
8441546880 51134 13260 7C20F6CF1A09EEE4F40FE6F70B0F070213E4AE0B9599CF6348B0EAC781225457
8444677192 25403 34489 2674E3AEB5432B533A283E1F732C4CEE2A30F6951CF95908514CB609C92835EE
8436807563 28522 11551 7C20F6CF1A09EEE4F40FE6F70B0F070213E4AE0B9599CF6348B0EAC781225457
8443851478 20674 20913 7C20F6CF1A09EEE4F40FE6F70B0F070213E4AE0B9599CF6348B0EAC781225457
8441426094 64271 52530 B90D2F2D68F5AF84EB4E149274AEE1617736CB63870E2BB03FF49C20A15920C9
8438430579 44497 37787 602720B5E5A868D0860CA21D5CDF84F0F0294F87E24F8A4CE64C7F8399EE3E10
8441582546 5819 30863 101C20887CB92248630BAD5F045B377E4002FD9E3E1304381BE62CE6A05875B0
8438684369 41978 36726 7C20F6CF1A09EEE4F40FE6F70B0F070213E4AE0B9599CF6348B0EAC781225457
8441054905 21690 39297 7C20F6CF1A09EEE4F40FE6F70B0F070213E4AE0B9599CF6348B0EAC781225457
8438114627 38956 64416 7C20F6CF1A09EEE4F40FE6F70B0F070213E4AE0B9599CF6348B0EAC781225457
8441741712 16020 10888 7C20F6CF1A09EEE4F40FE6F70B0F070213E4AE0B9599CF6348B0EAC781225457
8444009681 58538 64119 7C20F6CF1A09EEE4F40FE6F70B0F070213E4AE0B9599CF6348B0EAC781225457
8439930621 8331 45856 F35144B56BBDDAF9F10DF7E4C7BA6F92D35FF592D49617DA9C5B47B73CDD7440
8440436755 43853 51952 93E771CE270FF3C282422C7D4AC32E6D7B5A75CD639A3072AED01044A2E3AA45
8446085556 1270 47254 7C20F6CF1A09EEE4F40FE6F70B0F070213E4AE0B9599CF6348B0EAC781225457
8439565072 21215 2892 E47762CE4F4C5FCB657AC20E99375DAC3E6220BD69F26E56704DC19D8062056F
8437760611 60364 49255 7C20F6CF1A09EEE4F40FE6F70B0F070213E4AE0B9599CF6348B0EAC781225457
8440446896 7482 26460 7C20F6CF1A09EEE4F40FE6F70B0F070213E4AE0B9599CF6348B0EAC781225457
8437969381 38361 16 3C9F43698ACCFD1B1A11FE94CF6492A7F07C42B4081660173917DCE6A52CF4CD
8442681611 27548 10247 7C20F6CF1A09EEE4F40FE6F70B0F070213E4AE0B9599CF6348B0EAC781225457
8445857858 36241 59379 9C9D75CB146756FBA6727B78C25E63702FB5BC9897A2D21EDA3A04EF9232D948
8442496780 13699 61580 BA02124FD49706D6D7A90901431E7541169A12C1C0A933111EC8D1CE10A72420
8436581235 4632 6240 7C20F6CF1A09EEE4F40FE6F70B0F070213E4AE0B9599CF6348B0EAC781225457
8447423172 51057 26723 2E22CDD86F1849CE35F5ABC7146D93CD94F26327B205DC57B6CD8852E87AD842
8447335387 62448 12983 7C20F6CF1A09EEE4F40FE6F70B0F070213E4AE0B9599CF6348B0EAC781225457
8440972351 2345 13282 6ECECA076B97F561EB550F73A4441743C47592610E5BCA5647D7057A708F1D33
8444311891 46274 1699 7C20F6CF1A09EEE4F40FE6F70B0F070213E4AE0B9599CF6348B0EAC781225457
8443093505 26299 26851 FAC726BE3B3C1119230C63415809632D268EB8D073D4C05E66E96B0C15D26C01
8436737511 48930 34823 7C20F6CF1A09EEE4F40FE6F70B0F070213E4AE0B9599CF6348B0EAC781225457
8441616098 36130 4757 7C20F6CF1A09EEE4F40FE6F70B0F070213E4AE0B9599CF6348B0EAC781225457
8445525050 5430 18042 7C20F6CF1A09EEE4F40FE6F70B0F070213E4AE0B9599CF6348B0EAC781225457
8446044596 30752 15238 7C20F6CF1A09EEE4F40FE6F70B0F070213E4AE0B9599CF6348B0EAC781225457
8444773478 4165 4803 25644E0AF45F998B773384E7DA9E63D6BCEFDC81BB9489441374B728325DF28E
8443580844 60805 2311 1DADB207DE499FEA8B33C44F7BD4807B1971F71075BC75353820CCFB268B5231
8441481535 24601 15644 90671523496EECEFE3B993FF966FFFBB02399285B1216AA4F746375E494A2FC7
8439315992 54747 25833 83DC88DE620F03FD7F5D44B3E81AE4119279A73D8A8A37AECC47A2F9C1C1A189
8444491490 30962 46930 7C20F6CF1A09EEE4F40FE6F70B0F070213E4AE0B9599CF6348B0EAC781225457
8441308355 21834 21481 7C20F6CF1A09EEE4F40FE6F70B0F070213E4AE0B9599CF6348B0EAC781225457
8441056087 35050 49970 7C20F6CF1A09EEE4F40FE6F70B0F070213E4AE0B9599CF6348B0EAC781225457
8441092879 9295 31817 7AA515B856FB94A95EE8CCC8684C0FC0374752B09D2BF0919F43BDB939382090
8447466493 37539 34178 3941772A08A56B1432E63A59463084D56AD618B5DCF5BD57275632173159D69F
8441748581 13672 30335 7C20F6CF1A09EEE4F40FE6F70B0F070213E4AE0B9599CF6348B0EAC781225457
8438723459 26969 37685 B93D16A0847CEE65CC032D07DC41EFD337C508641AD3F6DF061EBA3D3EAB1AB6
8447578731 36978 55278 7C20F6CF1A09EEE4F40FE6F70B0F070213E4AE0B9599CF6348B0EAC781225457
8440945294 25700 31272 7C20F6CF1A09EEE4F40FE6F70B0F070213E4AE0B9599CF6348B0EAC781225457
8442129610 1288 4307 7C20F6CF1A09EEE4F40FE6F70B0F070213E4AE0B9599CF6348B0EAC781225457
8447473842 59025 62581 7E3B343A4E443C1A83800BCCE2107C187C5E22C45529AE8383D675B36C24162D
8442221958 60933 16824 3B68B79268F06566C0DC2F61A4BD3557F955CC407A7AA80B5CEB73DA6997370E
8438443108 14004 23352 7C20F6CF1A09EEE4F40FE6F70B0F070213E4AE0B9599CF6348B0EAC781225457
8447690728 52111 1167 C8D03D3CEF28984FEC52B7D4EE34771FA7F5492094D3BBD2DD99648BEA158B90
8445396023 16946 21673 7C20F6CF1A09EEE4F40FE6F70B0F070213E4AE0B9599CF6348B0EAC781225457
8439143087 53604 6623 7C20F6CF1A09EEE4F40FE6F70B0F070213E4AE0B9599CF6348B0EAC781225457
8441503472 493 62106 C3810873F0D010733192F3E0E74F341C6C6B7AEC78BA4622004C1DB41A24FD0C
8437854442 43474 13681 7C20F6CF1A09EEE4F40FE6F70B0F070213E4AE0B9599CF6348B0EAC781225457
8436831502 30125 28707 6E631436A5E5C6B50F03DE32FD4EAD2D5C214EE7D4C9ED6797879DA1D9F846CC
8444390039 44179 13764 9831F7DA5F16C9B890737C701C3AE7C3EBEC708B55579EDF4CA2D177768BD859
8442228441 31153 27861 0325B23A355D63B8A42768CC7BAB4B4FBE0C8A3AE9678C535DCE2506BFC44DEA
8438811352 28666 33673 7C20F6CF1A09EEE4F40FE6F70B0F070213E4AE0B9599CF6348B0EAC781225457
8437337482 32908 1556 7C20F6CF1A09EEE4F40FE6F70B0F070213E4AE0B9599CF6348B0EAC781225457

Total of 0 tasks calculated error.
