Total of 100 tasks calculated correctly, accuracy 100.00% 
8513570249 29493 5367 F90B36D16B5F0C5495C99D45D5F0ABB101337A63A0EFB492E9200D3095ED16DD
8510215480 44226 49639 7C20F6CF1A09EEE4F40FE6F70B0F070213E4AE0B9599CF6348B0EAC781225457
8515216226 59112 59250 7C20F6CF1A09EEE4F40FE6F70B0F070213E4AE0B9599CF6348B0EAC781225457
8516947823 60 40289 7C20F6CF1A09EEE4F40FE6F70B0F070213E4AE0B9599CF6348B0EAC781225457
8516246312 27149 50381 99432A2DCA3F74378616BCBDFF599DD220EE94807EEE41C660E573915DBC62BC
8515568657 51990 27591 7C20F6CF1A09EEE4F40FE6F70B0F070213E4AE0B9599CF6348B0EAC781225457
8519302388 6496 41860 7C20F6CF1A09EEE4F40FE6F70B0F070213E4AE0B9599CF6348B0EAC781225457
8513497406 9564 31377 7C20F6CF1A09EEE4F40FE6F70B0F070213E4AE0B9599CF6348B0EAC781225457
8510761114 10061 28056 0A8FD2E40F8F0C46D3EFE5CC6160E69D694F69D8A5C0D226E27A3E889944D6B6
8511708947 17377 4790 519C90E1795F1E1FABD208D1CDECE6179400585EE1A782CF198D701FD07465F1
8514875275 58853 13434 C6C53611036BFD71BE99F2765F2C582DA350CC2AFDED277B28A3068FA1381805
8511433860 16377 1832 3E3BA8B2ADA520B96DA566AC5DF1AB5A8A2382D615D989FFAC8BA2093A90A2C4
8516663234 64302 33468 7C20F6CF1A09EEE4F40FE6F70B0F070213E4AE0B9599CF6348B0EAC781225457
8520130899 3721 8932 8F6B7DCE56C9816932DFDA94AB12222D3A6D07C8D529B4D349FE7EDCEE4A9354
8511625984 43551 56208 B4D7F75795EF250C2667162688DC8A780D43EAC9BCD4ED7DD26000C78E6B08AF
8509131860 9889 7419 6AA01816F012AD5E6443EA4DCC64A17B722E3420CB511B490383799876C86318
8518326198 15870 31486 7C20F6CF1A09EEE4F40FE6F70B0F070213E4AE0B9599CF6348B0EAC781225457
8512903427 49278 3264 7C20F6CF1A09EEE4F40FE6F70B0F070213E4AE0B9599CF6348B0EAC781225457
8513204400 1215 17097 A3A303F90D196508C1D7CD607B0AE0DB36B8E764057AAA4CD3649777A7894D3E
8517803791 37471 37271 E6F0692E1133EBD8662D9E88F67450F581C314F65336B4ED32E3A9DA818ED361
8518677126 35514 6598 7C20F6CF1A09EEE4F40FE6F70B0F070213E4AE0B9599CF6348B0EAC781225457
8518578385 63828 48690 7C20F6CF1A09EEE4F40FE6F70B0F070213E4AE0B9599CF6348B0EAC781225457
8511217546 39222 16690 7C20F6CF1A09EEE4F40FE6F70B0F070213E4AE0B9599CF6348B0EAC781225457
8509652883 21724 29241 7C20F6CF1A09EEE4F40FE6F70B0F070213E4AE0B9599CF6348B0EAC781225457
8513720967 37515 3464 F7E3FF9B4BC9A1D5B8B32DA4848212DCDB6E606BB61AA6F13D20A27FA7E25B0C
8514984072 34612 10795 7C20F6CF1A09EEE4F40FE6F70B0F070213E4AE0B9599CF6348B0EAC781225457
8512996824 17662 16427 7C20F6CF1A09EEE4F40FE6F70B0F070213E4AE0B9599CF6348B0EAC781225457
8517491237 40671 8484 617C78A835FDFC45B13E85AAC87FFF19A6CE290C538AA9A650CB16CC6BB97F80
8516220850 29327 386 5712C2B34EAE69E4B7EC08BCADC32E768D3F56D28B36C6094D256BF423763B75
8510711035 32285 16248 E7F6429516A09E2D23A2ED589CBD65C3B80950554EF052C172F0014AA3012EC4
8514424427 16188 4908 7C20F6CF1A09EEE4F40FE6F70B0F070213E4AE0B9599CF6348B0EAC781225457
8512612104 14445 16570 5C4F7A3CC75844ED48C4106E753BE70A27F13DF2812D052489A8E15EC84A1634
8516224975 4563 24029 54DF791B89B0D29509F36D1DB8515AC8C0FC19A31ED8AB568AE08AEF1B845536
8511376942 46655 19101 35752B9CB5A570C414333FA1C24B121B0A3D39973BA36D2ABE53078C0F7C5199
8514878223 64078 64792 7C20F6CF1A09EEE4F40FE6F70B0F070213E4AE0B9599CF6348B0EAC781225457
8510845497 33210 12114 7C20F6CF1A09EEE4F40FE6F70B0F070213E4AE0B9599CF6348B0EAC781225457
8511491412 4593 53802 1BE433A02D09C3534D4DE9560142666005A3BE5D253DE643A9FE9F71FFD4F448
8517376854 52673 27508 955F5F6694B8394453CFBE234618E3961AD10C202570844B24CAB8BC957F889F
8513403961 45304 61730 7C20F6CF1A09EEE4F40FE6F70B0F070213E4AE0B9599CF6348B0EAC781225457
8519765617 4040 2672 7C20F6CF1A09EEE4F40FE6F70B0F070213E4AE0B9599CF6348B0EAC781225457
8517411996 1924 61811 7C20F6CF1A09EEE4F40FE6F70B0F070213E4AE0B9599CF6348B0EAC781225457
8517420204 60720 61835 7C20F6CF1A09EEE4F40FE6F70B0F070213E4AE0B9599CF6348B0EAC781225457
8517106763 61362 49669 7C20F6CF1A09EEE4F40FE6F70B0F070213E4AE0B9599CF6348B0EAC781225457
8515020108 29343 28617 1C6B957F28042C3AF64AC51EA4D431E674F44EE274FDCCE9A5B54B8ECD54618B
8515911376 30324 48782 7C20F6CF1A09EEE4F40FE6F70B0F070213E4AE0B9599CF6348B0EAC781225457
8515006883 63133 6078 293263AD5215120E4C17A3C2DA7CA30CB21F150FAB646DB53FD79D8775D43DB2
8512184362 1595 54752 839E5A560CF72006046B77A3657703DDC0734C416189ABEC96813FA441143A40
8516662826 48614 22331 7C20F6CF1A09EEE4F40FE6F70B0F070213E4AE0B9599CF6348B0EAC781225457
8511898085 27709 16447 512C0AC6B0E468BACD9160DF33DF36AE4D897EC32FFA366D31DD22A0B0F50E62
8517286064 6444 11356 7C20F6CF1A09EEE4F40FE6F70B0F070213E4AE0B9599CF6348B0EAC781225457
8509793040 28241 12052 323CE1041963C2C44F4100946E23FB2449C7BF8963884F9FF0BCE4A186CE2593
8516946601 39434 51713 7C20F6CF1A09EEE4F40FE6F70B0F070213E4AE0B9599CF6348B0EAC781225457
8509535194 4583 25206 C213892208890F6A9D4CC676D751CD2756C87ACC442B5D99452742259EC34A83
8515754657 45651 39616 3FEED66D314A5D67BB66576E8816DE4471896E79888605DCAE2452CC2EC7994C
8509400432 5354 37267 7C20F6CF1A09EEE4F40FE6F70B0F070213E4AE0B9599CF6348B0EAC781225457
8513424152 51742 62832 7C20F6CF1A09EEE4F40FE6F70B0F070213E4AE0B9599CF6348B0EAC781225457
8512229399 56593 49493 2F66C2C7E72B52A80AB01072E8DE32779FE6C9C09C1F9AA1937CC87F13B9635E
8510867139 27408 29193 7C20F6CF1A09EEE4F40FE6F70B0F070213E4AE0B9599CF6348B0EAC781225457
8514306176 24842 40028 7C20F6CF1A09EEE4F40FE6F70B0F070213E4AE0B9599CF6348B0EAC781225457
8518874540 60240 25798 7C20F6CF1A09EEE4F40FE6F70B0F070213E4AE0B9599CF6348B0EAC781225457
8518399585 4555 50259 6B198167023EF71D5FAB83DBB190792E60A23C8AB68558B9D29409F674DB1FA3
8510323482 43553 43095 49371E8B9E023297ED3703F5D7914A0620B61C5D4D9DD10D97FF2E0BC806B989
8520103631 4783 6743 6A32DB359308C90074DCF453B7536AF5EF4063C5B25716F0EA88C830293FEA16
8510262175 34127 8608 38B98FF7BA4ACCB9D8524116C61BC2BF5FB94071AABC1BB682321DA33D34112B
8511803746 61490 32993 7C20F6CF1A09EEE4F40FE6F70B0F070213E4AE0B9599CF6348B0EAC781225457
8512714271 26824 45259 7C20F6CF1A09EEE4F40FE6F70B0F070213E4AE0B9599CF6348B0EAC781225457
8515721893 51075 41775 3BE9CD47C8718054DA56F03CD14EB4522B597705995457C1E9A40D8227980EDA
8520338315 62845 24580 EDFDED13ECA95229E6EFAA2B3C75FA24F68DA3922C45C448A3880AB05EE52415
8519440245 891 34402 03B8E2DD1D520BEC3A54E4F7F9E28C4676A9E6ACD19CCC1B1C36E9AB30CDBD9E
8513519011 48350 2442 7C20F6CF1A09EEE4F40FE6F70B0F070213E4AE0B9599CF6348B0EAC781225457
8510323905 65050 39398 7C20F6CF1A09EEE4F40FE6F70B0F070213E4AE0B9599CF6348B0EAC781225457
8510179708 13098 47319 7C20F6CF1A09EEE4F40FE6F70B0F070213E4AE0B9599CF6348B0EAC781225457
8515153201 30152 46427 7C20F6CF1A09EEE4F40FE6F70B0F070213E4AE0B9599CF6348B0EAC781225457
8508765193 55431 14118 E8A6DA68842137FF46417714116D738484515CBE5AD41F2289C893D5EB1C7A22
8515544736 12015 19614 423BA26F8849C1B4299AA43E5050A9BA17293280165A4AC3E4679B17CAEEE148
8509608374 51368 56742 7C20F6CF1A09EEE4F40FE6F70B0F070213E4AE0B9599CF6348B0EAC781225457
8511330479 33985 4022 941E61D085743DB7611FEF56B4AFE237FD5E94AEBE36BBB69710A25AFB75D10E
8516202488 30533 10407 9791084FDBDD0F718B20FBFEA2F10724CD25E68CAA3BB32994B131BE42AB7D35
8515455692 11204 50513 7C20F6CF1A09EEE4F40FE6F70B0F070213E4AE0B9599CF6348B0EAC781225457
8519979071 30330 14509 7C20F6CF1A09EEE4F40FE6F70B0F070213E4AE0B9599CF6348B0EAC781225457
8513690411 32061 14713 CBF2F73BFD64C7B9F06E26CA884BA39AE8D54D5F5356BC4997A8CC73A9BD49F5
8511895235 59765 28747 CB5A2B38FA8010C1ED8F7F2A0CAA5B60AA92D60B7E50D5E643EB3D69629231AA
8511472252 31840 8018 7C20F6CF1A09EEE4F40FE6F70B0F070213E4AE0B9599CF6348B0EAC781225457
8515893214 61764 56923 7C20F6CF1A09EEE4F40FE6F70B0F070213E4AE0B9599CF6348B0EAC781225457
8517892003 28115 15411 C2D898DCD6B8C8D4CDDBC0A72A2D4DE684DCFBB66087910367733CC14892E4AD
8516687884 39162 29113 7C20F6CF1A09EEE4F40FE6F70B0F070213E4AE0B9599CF6348B0EAC781225457
8519779663 45296 33848 7C20F6CF1A09EEE4F40FE6F70B0F070213E4AE0B9599CF6348B0EAC781225457
8516539471 45226 8617 7C20F6CF1A09EEE4F40FE6F70B0F070213E4AE0B9599CF6348B0EAC781225457
8516434131 64423 54073 97D4CE95002FE3919108206A363C0C12C5445F04A32282F5289CF721939C214B
8519716009 31770 14663 7C20F6CF1A09EEE4F40FE6F70B0F070213E4AE0B9599CF6348B0EAC781225457
8510652375 23072 50611 7C20F6CF1A09EEE4F40FE6F70B0F070213E4AE0B9599CF6348B0EAC781225457
8509901748 54861 56323 C1BB0C9B82AA871CDF2559A2A580AC897EC407D055C3D9D3B806192DC354F7EC
8514193920 20935 25252 D54F6524484CF8C5F8B0F570CEF0CAC29F7DE271EECDC13053E0E6F3C7C144FC
8509152875 26486 46523 7C20F6CF1A09EEE4F40FE6F70B0F070213E4AE0B9599CF6348B0EAC781225457
8512989440 21645 50131 24E394C9BC99DE7B4A05B0B22793A2A5D540FB35265143574483861B13AC1972
8513657327 34348 32678 7C20F6CF1A09EEE4F40FE6F70B0F070213E4AE0B9599CF6348B0EAC781225457
8514711166 46731 26783 0B2415BF93394A502275A85C45B61D2AB5DDF44BAAD927DE3EDEC1E35C6D49BD
8520020809 13375 14743 7D812454DF88E6D5A8BABBCA25721C6BC97ED7D323FA9F9F10CA1460A6FA4073
8517192156 16999 7541 D914FD50723C2CEB2E985079AA8A42A0700A50B49CC8EC5CD08F26753EA3AD37
8508769519 24979 19106 3D7930C3680A3443168455045D79370A7D035B283ADD01B451DF8C19D0E5AD16

Total of 0 tasks calculated error.
