Total of 100 tasks calculated correctly, accuracy 100.00% 
8556356732 8168 4052 7C20F6CF1A09EEE4F40FE6F70B0F070213E4AE0B9599CF6348B0EAC781225457
8546083109 24322 45582 7C20F6CF1A09EEE4F40FE6F70B0F070213E4AE0B9599CF6348B0EAC781225457
8546243928 50518 33494 7C20F6CF1A09EEE4F40FE6F70B0F070213E4AE0B9599CF6348B0EAC781225457
8549107098 33269 12478 FEFE8B8D6B465049E5BBC32BCB8B6D5B6A885142A00995D1E93847425B5D99B0
8549155288 29708 31479 7C20F6CF1A09EEE4F40FE6F70B0F070213E4AE0B9599CF6348B0EAC781225457
8548043824 63277 54211 14FD2ADC98A848A2616A9416246B8A87DA09A25E9355E5B91805BA6875B4A0A8
8546249227 11750 30991 7C20F6CF1A09EEE4F40FE6F70B0F070213E4AE0B9599CF6348B0EAC781225457
8548466897 42691 42854 2D0C838481E8FE7B66AE8271DEB5FD4A093AEBFB4847B8F2C64355C7E018EE2D
8544789739 29569 46079 B88512BAFE368EC1F110DA8F0BECB73978659A3F285B0517C8D94362A6190A70
8549411606 550 33500 7C20F6CF1A09EEE4F40FE6F70B0F070213E4AE0B9599CF6348B0EAC781225457
8549013422 53171 49113 93A1BAE4DCDE287D25627A4FEF1ED333E2B6C6E6848E5856E2B9709BF034CBD9
8546382816 21984 45242 7C20F6CF1A09EEE4F40FE6F70B0F070213E4AE0B9599CF6348B0EAC781225457
8549885744 42672 50863 7C20F6CF1A09EEE4F40FE6F70B0F070213E4AE0B9599CF6348B0EAC781225457
8545944816 32545 15951 3ABAF54AEA6B5ED3013417FAE93D4E7D3F1A2971F981DCFD0E8737C79D824132
8548403034 8242 15618 7C20F6CF1A09EEE4F40FE6F70B0F070213E4AE0B9599CF6348B0EAC781225457
8552679967 62091 16597 1B8CC00139415C02C789ED5A8C237DB5F12F32A22B9E565FDBC5D905BCDC0525
8547889160 30069 46810 8BD9647FF0B9CFDF335EF86CAD96EC26BA3170ABAA5731FB783B2ACD1D2BE7BC
8547722036 52807 50490 185E4FD5BDFCB533E93BC0899C9472774E7F9131CE4BEEC1D066893FF5D41B7F
8551093064 15800 63940 7C20F6CF1A09EEE4F40FE6F70B0F070213E4AE0B9599CF6348B0EAC781225457
8552398419 40115 28791 8DA65B62A2DE493E56D338D9ECE587D2EF7DEBF71AC2ED2233A03760E4D51E09
8552517506 33619 50021 398AAC73BF2A020E9D11888D687ADE213626043082C210730BE0AA5503373AF6
8551997011 54690 59125 7C20F6CF1A09EEE4F40FE6F70B0F070213E4AE0B9599CF6348B0EAC781225457
8548248575 10476 22365 7C20F6CF1A09EEE4F40FE6F70B0F070213E4AE0B9599CF6348B0EAC781225457
8549732836 17992 51306 7C20F6CF1A09EEE4F40FE6F70B0F070213E4AE0B9599CF6348B0EAC781225457
8552333926 43471 49096 D6C50A31408370C7C9405EFDFC0AEBD616B88FEC42C975A274D5149DA74850B2
8552826082 38147 12627 86678C17FE9890FD849996C146902F6332DB87CD92D77FF37C5FFE82D2E43E80
8547221305 460 56850 7C20F6CF1A09EEE4F40FE6F70B0F070213E4AE0B9599CF6348B0EAC781225457
8550245762 22960 35939 7C20F6CF1A09EEE4F40FE6F70B0F070213E4AE0B9599CF6348B0EAC781225457
8553720649 41944 3893 7C20F6CF1A09EEE4F40FE6F70B0F070213E4AE0B9599CF6348B0EAC781225457
8556181341 9043 24749 848EFE345E017C7D422D4ADC0E27FB664D79D7A8A90AF5453905903290C57868
8551590312 24715 19470 F61E19870312904A485B3C9EA011E0DB3A6E21E4F408164C3235C0A1240D4153
8550864732 777 36439 29001E54DD8C596175A4B1116E3908B398F910250840E3E3F0862874547384E4
8553321741 32752 23714 7C20F6CF1A09EEE4F40FE6F70B0F070213E4AE0B9599CF6348B0EAC781225457
8550574502 6089 51511 1B84384623DEB478C7D07E74E58AEB959A63B17E14FE18F8828201491D709217
8547312136 59498 23858 7C20F6CF1A09EEE4F40FE6F70B0F070213E4AE0B9599CF6348B0EAC781225457
8550261334 22221 31569 5C0E11D7B9BEEDCF4E24E9CCEF98AF36098504B078D6074B987406CF56B8CFED
8548150587 64428 8627 7C20F6CF1A09EEE4F40FE6F70B0F070213E4AE0B9599CF6348B0EAC781225457
8550256245 24008 23332 7C20F6CF1A09EEE4F40FE6F70B0F070213E4AE0B9599CF6348B0EAC781225457
8553427872 38154 5163 7C20F6CF1A09EEE4F40FE6F70B0F070213E4AE0B9599CF6348B0EAC781225457
8553391815 40796 60638 7C20F6CF1A09EEE4F40FE6F70B0F070213E4AE0B9599CF6348B0EAC781225457
8545456889 18446 11647 7C20F6CF1A09EEE4F40FE6F70B0F070213E4AE0B9599CF6348B0EAC781225457
8551544642 59628 65403 7C20F6CF1A09EEE4F40FE6F70B0F070213E4AE0B9599CF6348B0EAC781225457
8547444628 61146 31176 7C20F6CF1A09EEE4F40FE6F70B0F070213E4AE0B9599CF6348B0EAC781225457
8552198810 55661 9634 3CC0FC20556EB9B7BAA28F9EDEE394733992DBFC861DC5AFC487ACF18196817B
8553332610 7596 24455 7C20F6CF1A09EEE4F40FE6F70B0F070213E4AE0B9599CF6348B0EAC781225457
8545221730 24693 32131 CBEA3277058FC1407B99647590B48A593C9F205234E15155A72B694101FD1B08
8556372731 3583 10542 728951D12A03D519F7D649FEB82E1D8A921A632DE9282EB58E02E7BA6D748DC3
8550749118 32955 21244 4E89E485BCA9DF4F79C0C4F9AD5C5B56304669922C99239FEB7E37067FF11AF4
8548515788 29013 36734 792A5FF092FB92ED69CF9BA731672B9B3A7E888BA5B6A201CE0017F9F5BAFDF2
8554395833 17733 50115 A96C9A4B428F8495C6D4AB4C99014571261D4F3703F8839A28FB8DE7F59F0642
8551149511 24965 61938 FBBDB80E5BF781FB1FB6CC209B5ECCE54063127C1C39B9F3A9D047E6154EDAF4
8550543658 44856 38145 7C20F6CF1A09EEE4F40FE6F70B0F070213E4AE0B9599CF6348B0EAC781225457
8547908484 29768 28766 7C20F6CF1A09EEE4F40FE6F70B0F070213E4AE0B9599CF6348B0EAC781225457
8547681883 53884 57779 7C20F6CF1A09EEE4F40FE6F70B0F070213E4AE0B9599CF6348B0EAC781225457
8545432788 365 50808 4D674FB2596E0093927B7AAA906B1F7FFC1EE1E4F1EB4190038BAB68E40832D4
8552567757 7126 47613 7C20F6CF1A09EEE4F40FE6F70B0F070213E4AE0B9599CF6348B0EAC781225457
8555140716 23030 10432 7C20F6CF1A09EEE4F40FE6F70B0F070213E4AE0B9599CF6348B0EAC781225457
8550749608 54253 17718 D440D232C70EC6FAA5B7D0BBC1001A244B1E0E1F5D8F80471A4FA4567A6385F1
8553051277 20169 55670 70B2AF38DCF556F5B5C43A4950E57F95E944427537D9AB5E85037E089AE8E2DC
8554610124 63447 18270 0083D39939EC9CE78E4697352C051D9D3B63D2F1470E914C5B08C7BA884A0814
8554380111 51872 26654 7C20F6CF1A09EEE4F40FE6F70B0F070213E4AE0B9599CF6348B0EAC781225457
8552422868 54925 21772 068F89D6199E9037C50FBABDA1BB407F8C4FA6441400853CA994E62BF446C6D4
8544956377 16390 12697 7C20F6CF1A09EEE4F40FE6F70B0F070213E4AE0B9599CF6348B0EAC781225457
8553101712 44749 24741 23CD8F671961382979855EE32D26374723EE6AC1756A0D75362FE28BFDB108AA
8549610974 27024 57357 7C20F6CF1A09EEE4F40FE6F70B0F070213E4AE0B9599CF6348B0EAC781225457
8551167018 14967 29128 F388BE5775824D0B90FBE8CB0F308D77F94E05D894DC0210C8377BCB3C547FE0
8548008674 32032 60931 7C20F6CF1A09EEE4F40FE6F70B0F070213E4AE0B9599CF6348B0EAC781225457
8552569240 62260 29444 7C20F6CF1A09EEE4F40FE6F70B0F070213E4AE0B9599CF6348B0EAC781225457
8551065209 19024 1810 7C20F6CF1A09EEE4F40FE6F70B0F070213E4AE0B9599CF6348B0EAC781225457
8554086816 61982 17548 7C20F6CF1A09EEE4F40FE6F70B0F070213E4AE0B9599CF6348B0EAC781225457
8550580829 24459 9238 16CA64C6D82B954F657B96FAF07456CB1FFB2E2DB0007D22EF5268AF58AFA84D
8551845600 33779 11158 92A7F22F55865140DE7457DF04B2590203CD41F8FAB81CB3FF5C7D9E79795CC3
8552377177 55869 53572 B477E2B223CC035DA083B6817F404551B339F8D6B7BCA2D8FB30F7B2F151DE13
8546296493 63480 15552 7C20F6CF1A09EEE4F40FE6F70B0F070213E4AE0B9599CF6348B0EAC781225457
8546714510 26432 14121 7C20F6CF1A09EEE4F40FE6F70B0F070213E4AE0B9599CF6348B0EAC781225457
8553615296 20761 62208 6609239B9382652711A82DAADC290D5C36DE6FA1AF7C04771B8A0948A6EFAD27
8550356556 12254 21512 7C20F6CF1A09EEE4F40FE6F70B0F070213E4AE0B9599CF6348B0EAC781225457
8546913938 33276 61197 7C20F6CF1A09EEE4F40FE6F70B0F070213E4AE0B9599CF6348B0EAC781225457
8547526743 64250 3066 7C20F6CF1A09EEE4F40FE6F70B0F070213E4AE0B9599CF6348B0EAC781225457
8546952804 30769 19976 99FBB2BEFD8C2C4C974096327D06C3AF82D27F811D0D16B32C624BA21A4ED32D
8547684201 52926 64059 7C20F6CF1A09EEE4F40FE6F70B0F070213E4AE0B9599CF6348B0EAC781225457
8545590139 21665 31369 44F11AEFB552F9F3950CDE2E8C425482383398F5A1CA06EF690A0F6837249161
8547617689 26999 5513 6BF97B180CA1A5DB4C714EC8C7E4F0F81B313D79CB6D0EBB005BF542BE09C571
8551160776 21520 10025 7C20F6CF1A09EEE4F40FE6F70B0F070213E4AE0B9599CF6348B0EAC781225457
8554119998 50532 29733 7C20F6CF1A09EEE4F40FE6F70B0F070213E4AE0B9599CF6348B0EAC781225457
8548746202 24548 19900 7C20F6CF1A09EEE4F40FE6F70B0F070213E4AE0B9599CF6348B0EAC781225457
8553140987 46660 45768 7C20F6CF1A09EEE4F40FE6F70B0F070213E4AE0B9599CF6348B0EAC781225457
8544811196 63249 22815 421BE73B291AA81F62057AA3434FC110499670D38572A8566376BE27C3B1A6AA
8554376902 13725 56422 325A4F3472A3F7D149821D7777667F1F49FCC8B15DE0CF3B203E1C4ACB4047B6
8550162453 35137 27498 89DAE4E9977AD986BE854A084B97B7F55CB86AA898B977223331CAB88360AA47
8547547902 50601 24452 EFFEC890AD89224A9C024F734D0D9C5201DDBA2422A413EC84C93BE6363DE129
8553236776 56750 27695 7C20F6CF1A09EEE4F40FE6F70B0F070213E4AE0B9599CF6348B0EAC781225457
8544637225 36000 14898 7C20F6CF1A09EEE4F40FE6F70B0F070213E4AE0B9599CF6348B0EAC781225457
8551564946 31079 3180 20802B1E15BAAC7D152EDAF1C82CECE1CC89E1F576EC71A4818BCFE4255CA307
8553032952 56635 64510 F66B7EBD37470504C37970F1D7C67426AE2AA840B7FC3CBDDB7B4C5141B776A3
8556044816 56095 55412 6119072A221037CE4F05FDC5F55C018AA2D4FBA0C375E17BF7F12F67A91E7AD8
8553290894 23845 55882 9DF512D3C5A559FDB0ACAA7C5FA23CA76347BF50124DCBA93FCC604DE2D1F7FB
8549819398 49721 124 7621134C195DE6CFB428431BCFB9F0F97024D10B330C38078326EEAC195EEE86
8552732931 3652 48925 7C20F6CF1A09EEE4F40FE6F70B0F070213E4AE0B9599CF6348B0EAC781225457
8546687035 7285 65035 22397C80E015ED00A1666C4E8B07479FE3B5285490BAC2DD4E64A87712B718D9

Total of 0 tasks calculated error.
