Total of 100 tasks calculated correctly, accuracy 100.00% 
8560569796 21641 22705 BEA7A830FFE05DAD37F41E9CF02DD2FF5E5AA0E998EFE603F8ADC9CD52E40BE7
8567385848 56070 45862 7C20F6CF1A09EEE4F40FE6F70B0F070213E4AE0B9599CF6348B0EAC781225457
8564045187 59762 11751 7C20F6CF1A09EEE4F40FE6F70B0F070213E4AE0B9599CF6348B0EAC781225457
8558849425 14240 48063 7C20F6CF1A09EEE4F40FE6F70B0F070213E4AE0B9599CF6348B0EAC781225457
8566887193 47294 7184 7C20F6CF1A09EEE4F40FE6F70B0F070213E4AE0B9599CF6348B0EAC781225457
8566353138 63008 57830 7C20F6CF1A09EEE4F40FE6F70B0F070213E4AE0B9599CF6348B0EAC781225457
8564523678 45995 16282 1839D97F7ADCA3192E71B548FFDDBC8A79E4CECAD2DC9DC5481AD8E375C09297
8566329735 27276 59722 7C20F6CF1A09EEE4F40FE6F70B0F070213E4AE0B9599CF6348B0EAC781225457
8558413843 1603 5266 8EF46A8BAD06AF6B02979BBC1741E44DC46B1E9452C6B31A3D268465B15C5FB8
8558969162 45044 16265 7C20F6CF1A09EEE4F40FE6F70B0F070213E4AE0B9599CF6348B0EAC781225457
8564409618 11799 37825 BC2E83255141963990A26EF3B581A61C6298CE26B22803A6276DEA3E31EB4424
8566185439 28656 50353 7C20F6CF1A09EEE4F40FE6F70B0F070213E4AE0B9599CF6348B0EAC781225457
8556501423 47244 54667 7C20F6CF1A09EEE4F40FE6F70B0F070213E4AE0B9599CF6348B0EAC781225457
8556433242 39969 31555 F0E438DD09ECC6E658CD5036CA9FBDA0B2E7D91D83219862C51D4434B0C325C5
8566325289 52571 50972 14C929B71C8DA0C11C7342F2D4F0175C5F4F585F4CFCC52812C7BC3D680BE058
8567100890 61251 36694 F56DD560C4536B797B3D8581F359896BAEB0343C21D4E3F461674A6A2AF9B7B1
8558429465 20849 46182 9A1CBD71C92C88C86D5DF26162A779864327E0A9199D089BF41F542BC06BE6C9
8566052457 58354 39948 7C20F6CF1A09EEE4F40FE6F70B0F070213E4AE0B9599CF6348B0EAC781225457
8563665701 12455 54900 F2C29720B0C1A3CB2337CA2CB3AB4C7E045BB7672F2733AC48565C6955F63435
8560076753 40618 37224 7C20F6CF1A09EEE4F40FE6F70B0F070213E4AE0B9599CF6348B0EAC781225457
8557110441 29994 47637 7C20F6CF1A09EEE4F40FE6F70B0F070213E4AE0B9599CF6348B0EAC781225457
8561519724 58999 37237 C02B029DCBFB3E91BF1D2B824CA82F045A1CA1323211B8FA361C1CE45FA4147D
8556880790 51630 34908 7C20F6CF1A09EEE4F40FE6F70B0F070213E4AE0B9599CF6348B0EAC781225457
8560946851 44150 50028 7C20F6CF1A09EEE4F40FE6F70B0F070213E4AE0B9599CF6348B0EAC781225457
8558574959 7207 48164 ECC5F453A2530F7E79E99373BAE72148613CF4C5A611417A7DBAB42A1D610F58
8556796572 32101 21082 8E2C930FCA18A5419C0415D96B24A4AF3817D6CCE48BFC682FECCCE4B9D006A8
8565805880 17813 11834 30D2BDD3C5C597AFFE1B080C6D1970A44D54585D2F43A0927D937797BB76BA7E
8561613145 42636 49874 7C20F6CF1A09EEE4F40FE6F70B0F070213E4AE0B9599CF6348B0EAC781225457
8558714400 34531 7754 52CF0B71C95772BD947C165AE1A8107669E8190B48BD68E8925FD82884F06714
8563671470 31413 22977 74D8454CF0516DBB1064AD65D13FD115877D07270D73A9CC65156543D41A56CC
8557052672 22495 48430 BAA5BF71AC48830F54E5DF65593D298BB7F2958758143536A4891F567BF5ABCD
8566834216 4988 38703 7C20F6CF1A09EEE4F40FE6F70B0F070213E4AE0B9599CF6348B0EAC781225457
8559619866 31943 51755 1402A77AD415BAA8A97BAF3C2C2C2FC0B57A485E89C48CC2B435478A9400A326
8564845163 14148 51498 7C20F6CF1A09EEE4F40FE6F70B0F070213E4AE0B9599CF6348B0EAC781225457
8564145169 64118 55747 7C20F6CF1A09EEE4F40FE6F70B0F070213E4AE0B9599CF6348B0EAC781225457
8556552484 5427 22108 B385861E99370BF6E84DD5A263B42A4D9B09FD856E9A6A1D6A0FAA7CD17CC10E
8558835847 30408 51672 7C20F6CF1A09EEE4F40FE6F70B0F070213E4AE0B9599CF6348B0EAC781225457
8560586806 3121 58773 6EEEAA20AF2B434992E42AA8BC5DD2F57A12355634361D04086D2B6E7B51F5E1
8559832897 37443 34620 A0BCDB40C3A368C3478FE34BDD5A1C7935AAEF555E0263EC0E5D79F6989B403F
8562059405 48173 26217 D47CE63C45A1507672F01E5FC794DC15305E0976C8F43D275C8A006B94CAE33D
8568324812 46734 6412 7C20F6CF1A09EEE4F40FE6F70B0F070213E4AE0B9599CF6348B0EAC781225457
8560075768 46972 59813 7C20F6CF1A09EEE4F40FE6F70B0F070213E4AE0B9599CF6348B0EAC781225457
8562351496 63075 7971 8AC4510BA11D68D6EF8E468D22A642AF863F152486534F4FEB3750780582331C
8557988069 31055 14121 3A886AA6F8BD1FCF0928B7497A462F500ABB06997230DA97D0030022EC2F67AA
8557192811 41487 44367 4314959364E53BAAA1555D9A9D880BF102FB21F3217E842BF67DC4F00DD332EF
8562993422 27485 51776 8762F55E02C4BFE583ABFAEB4BBC1E67641038370990420A4B82C69B47B0F197
8568130908 17414 55179 7C20F6CF1A09EEE4F40FE6F70B0F070213E4AE0B9599CF6348B0EAC781225457
8564521421 51393 36966 C3132F4241DE8FCE5A014FC592C1C87191B086D65079F9921C1B6E3CBC4D87D7
8565908122 19622 58883 7C20F6CF1A09EEE4F40FE6F70B0F070213E4AE0B9599CF6348B0EAC781225457
8559199163 57855 60144 9ABC9C068456F15EA3CC2D1004A17A18723FC8E03A0BB8F7135706FEE5BC8582
8557779096 55389 54274 35CBD8EB3A351D3E1168F419F6ADE38D7FA64493A9BD5977B25A5AE4E46F10DB
8558262564 64595 27247 291DED1CBCC071B7338E3260DF697338880F36DD8947902645434033282C0817
8560704255 41742 16973 7C20F6CF1A09EEE4F40FE6F70B0F070213E4AE0B9599CF6348B0EAC781225457
8565569071 48727 9835 52D1DAB0009A34B984D485C4D7A9A9BE21F02591D70EE3FC64C7B8B9181E137B
8567137532 10795 2999 F051DCC4BBFE0516470BCEB5EB977D4B813EAABB20516F65A8DBC0310F470693
8566708645 59720 24698 7C20F6CF1A09EEE4F40FE6F70B0F070213E4AE0B9599CF6348B0EAC781225457
8561076928 2004 17765 7C20F6CF1A09EEE4F40FE6F70B0F070213E4AE0B9599CF6348B0EAC781225457
8564711743 30868 54645 7C20F6CF1A09EEE4F40FE6F70B0F070213E4AE0B9599CF6348B0EAC781225457
8561770280 63292 58238 7C20F6CF1A09EEE4F40FE6F70B0F070213E4AE0B9599CF6348B0EAC781225457
8558970892 63166 25071 7C20F6CF1A09EEE4F40FE6F70B0F070213E4AE0B9599CF6348B0EAC781225457
8563284237 25375 50209 A554068FCCF26D78381CDA0823FEBA49D8C54C272BFAE44E7CCB2D96E380D600
8557564770 38068 9752 7C20F6CF1A09EEE4F40FE6F70B0F070213E4AE0B9599CF6348B0EAC781225457
8558576133 34368 55783 7C20F6CF1A09EEE4F40FE6F70B0F070213E4AE0B9599CF6348B0EAC781225457
8562206703 21652 44881 7C20F6CF1A09EEE4F40FE6F70B0F070213E4AE0B9599CF6348B0EAC781225457
8556639805 7389 44289 98D2B7584370622E5BC216F368EE5A8E9AD01D74BDADB3DA9992FBE01A6AA35E
8557280003 24059 48147 9620415BDB9A3735F1BC3140A2306CBD866F6283F2F959FA1F0A0817C57F0CB8
8561018500 56131 41929 9CB7192C537137DBB98EB21641B15ED71FF203A553732C2083F6CBBA035996EF
8559690970 20553 43776 CE82D410D39195B28D1F78FA71F8128986BB718C3030E8B867D43C4396AA75A7
8566227106 30328 30004 7C20F6CF1A09EEE4F40FE6F70B0F070213E4AE0B9599CF6348B0EAC781225457
8566798717 3197 31089 3903143B33FCAF994AD93A1F2BF55630E7294DCEA57FDBAD28713B32B1181187
8561593310 11648 6012 7C20F6CF1A09EEE4F40FE6F70B0F070213E4AE0B9599CF6348B0EAC781225457
8566192142 61017 27012 AEFC27E6875C467BBCEF2021F6D462BB867BFF8389E5A83868B1C219ADAB4B42
8559661319 5067 46949 A252470BD33F34C758921031CE76FBFE3A57B6CEF2E4291A8E4932FE917C6973
8566936819 11204 5515 7C20F6CF1A09EEE4F40FE6F70B0F070213E4AE0B9599CF6348B0EAC781225457
8563840773 37586 14915 7C20F6CF1A09EEE4F40FE6F70B0F070213E4AE0B9599CF6348B0EAC781225457
8566248648 35160 17107 7C20F6CF1A09EEE4F40FE6F70B0F070213E4AE0B9599CF6348B0EAC781225457
8557499250 26115 28750 FA0D06789D42C388776E99AAB55E3D8C7FEF7E1213F7BFA4F9F7A4DD759020C1
8560248501 6327 7019 21F5186200950C56C0296B9B3C05CD277A8E0D6B064A0239EB9B79E586208B6F
8560399969 13702 33496 7C20F6CF1A09EEE4F40FE6F70B0F070213E4AE0B9599CF6348B0EAC781225457
8563492466 17925 20599 CB25B670FC2D6FFF1C3BDBED7B03A2CE1CDD18BB285F0B8419ABCDB6F9240EDA
8556910070 59014 14349 7C20F6CF1A09EEE4F40FE6F70B0F070213E4AE0B9599CF6348B0EAC781225457
8558987607 6216 47615 7C20F6CF1A09EEE4F40FE6F70B0F070213E4AE0B9599CF6348B0EAC781225457
8557474769 17108 33353 7C20F6CF1A09EEE4F40FE6F70B0F070213E4AE0B9599CF6348B0EAC781225457
8560682195 28678 33852 7C20F6CF1A09EEE4F40FE6F70B0F070213E4AE0B9599CF6348B0EAC781225457
8566901717 48031 2643 E0ED1B640D3E95155085C24119F5CCDAAD0F402BFA522A5EE406071C8B5A2FE7
8556947774 2566 7766 7C20F6CF1A09EEE4F40FE6F70B0F070213E4AE0B9599CF6348B0EAC781225457
8565161848 47817 38356 9968B91693FBD6A69BD23861C2CE7497CC4BFF4BA83F03A5351630F0AB345A1C
8559616236 13542 63036 7C20F6CF1A09EEE4F40FE6F70B0F070213E4AE0B9599CF6348B0EAC781225457
8557886048 25027 35164 03D3F5DDBB1E70F7FDECED7EF661DEDD9EB932A6E4581676AA316B532F3C4CB2
8563656397 57574 3914 7C20F6CF1A09EEE4F40FE6F70B0F070213E4AE0B9599CF6348B0EAC781225457
8564223452 51834 46768 7C20F6CF1A09EEE4F40FE6F70B0F070213E4AE0B9599CF6348B0EAC781225457
8566432204 12581 37225 BA8C86806C88A6B2AF51EB55F2988C5AEF44DBB1D7E1C65119B2FA355B8DC943
8558781443 8456 59479 7C20F6CF1A09EEE4F40FE6F70B0F070213E4AE0B9599CF6348B0EAC781225457
8560900751 3689 33964 1D8E92A6859708B4B29A45D4B55D0A69A4B4B5332DAF6B083DB9BF4C2B71EE5F
8560734086 33388 20715 7C20F6CF1A09EEE4F40FE6F70B0F070213E4AE0B9599CF6348B0EAC781225457
8562932678 4927 11683 3F15FF4AD2FE6CAB4D1C708332327C6B0AC1FF7F462EBE60000611A9D02BDD71
8561342694 47045 13493 CCDD0EBB6DCADC26CD8667C39BFA9123F35445232E1A943256DCECB5EB20518A
8565680739 63815 15340 72D995643D9F18DB182445C3C3EC08963CBB0E6CC6AEE29956DD06BFFC3CB23F
8559271911 32217 53928 93F23AA426B7F73944FD5EE38F0C4788EA889F63F86DF5FBEF1C8DDBFECEFB23
8560905839 63824 25188 7C20F6CF1A09EEE4F40FE6F70B0F070213E4AE0B9599CF6348B0EAC781225457

Total of 0 tasks calculated error.
