Total of 100 tasks calculated correctly, accuracy 100.00% 
8568940266 53583 58090 E90EA996BE6DB6FAA9C2A59B04DCD811A8AF22BB1BBC0E1D11FBE4F9CB769F16
8575532314 185 55730 A6C73A524952A8A199350108F270B606A487300DC94FBB201868A0AC9C533932
8569222803 18679 53497 3FCE2063F734B73EFF0FF636F41C93CF027ACFC9EF7D17DE9EEDC5CAD50B72F5
8574376971 8216 20461 7C20F6CF1A09EEE4F40FE6F70B0F070213E4AE0B9599CF6348B0EAC781225457
8578101641 57039 34484 A9DDA4816E5B32E208A39A812C81FE6DDF7F38E0E7892C16D74FC8281BF54B0C
8570271766 2242 17207 7C20F6CF1A09EEE4F40FE6F70B0F070213E4AE0B9599CF6348B0EAC781225457
8576815918 19156 27788 7C20F6CF1A09EEE4F40FE6F70B0F070213E4AE0B9599CF6348B0EAC781225457
8573794609 19664 23893 7C20F6CF1A09EEE4F40FE6F70B0F070213E4AE0B9599CF6348B0EAC781225457
8578602916 8448 49099 7C20F6CF1A09EEE4F40FE6F70B0F070213E4AE0B9599CF6348B0EAC781225457
8572408958 42846 64167 7C20F6CF1A09EEE4F40FE6F70B0F070213E4AE0B9599CF6348B0EAC781225457
8578481692 43238 46476 7C20F6CF1A09EEE4F40FE6F70B0F070213E4AE0B9599CF6348B0EAC781225457
8575362109 14521 52764 CCDC9BC1CB3DC0497D7E7F40E4F1CD6FD8B695A5240786FC662EFE05A089157A
8572862432 571 65314 F6A59BA6129707F44B4E9F0E6CB98E91D3B630F2DFC17A1EBD448D0300988B9C
8577434637 56087 10288 797A0AB9A61A4912DAB49EFD52CC4A210AA2F3187894701D51CD6E83D0429F8E
8574004168 5016 15345 7C20F6CF1A09EEE4F40FE6F70B0F070213E4AE0B9599CF6348B0EAC781225457
8574341949 2535 5293 C42B8E68121B95A1D59AEF33B379AFB1C50C089241DEE6EACEF73594FF07A230
8571582484 1460 59384 7C20F6CF1A09EEE4F40FE6F70B0F070213E4AE0B9599CF6348B0EAC781225457
8578507953 21604 12374 7C20F6CF1A09EEE4F40FE6F70B0F070213E4AE0B9599CF6348B0EAC781225457
8569671643 4056 4843 7C20F6CF1A09EEE4F40FE6F70B0F070213E4AE0B9599CF6348B0EAC781225457
8573571233 56167 52092 25EABD0D1E5AD06CA8694D52B415924F87A72093650B7315BD66938B3FA122A8
8577405153 37790 60203 7C20F6CF1A09EEE4F40FE6F70B0F070213E4AE0B9599CF6348B0EAC781225457
8570548503 59812 53103 7C20F6CF1A09EEE4F40FE6F70B0F070213E4AE0B9599CF6348B0EAC781225457
8577859387 48132 19935 7C20F6CF1A09EEE4F40FE6F70B0F070213E4AE0B9599CF6348B0EAC781225457
8570278997 15485 46839 6477AAB3E3997DAC4BEE79F03513A84159EEBD583ABDD9E6468456D3FAC1F463
8574291886 56459 18786 789F0EC478169FE3909065938197C45C7C328ABC3317ECEDDA63FCDA7AE456CA
8570550333 36857 13564 7CFC4D12CCB2173964B9BA999FB8656CDE47A55D803A2A42AAA29ACB66E5B09A
8570108689 53736 61584 7C20F6CF1A09EEE4F40FE6F70B0F070213E4AE0B9599CF6348B0EAC781225457
8580266664 38435 21752 251DE14712CBCCB62F87FD6ACA7CD3FFF22D61A37F884C97DF780591E17E3464
8579135031 17091 55796 84C33CA61739ABE8224A6CCEE8F927C8CFA7DB0E3D067D2C58980BCE2924F5C9
8569394404 5397 16129 DBDE86B1494A812DCB416D128C85F9FFEC96C2E2AAA4678545885C912E270BA5
8576889400 6616 20089 7C20F6CF1A09EEE4F40FE6F70B0F070213E4AE0B9599CF6348B0EAC781225457
8578653098 10814 56518 7C20F6CF1A09EEE4F40FE6F70B0F070213E4AE0B9599CF6348B0EAC781225457
8571780071 6107 44985 B032CFE0A489001632E2A6CB7083AE0B90EB2182AC55958D3ED2798C78C2A53B
8574808831 24777 13757 56F3F5B7A58F1AB7FC73FCD75114ADEDDA9B848D5E365DDC6BD7A870A97D38E7
8576027850 17374 1632 7C20F6CF1A09EEE4F40FE6F70B0F070213E4AE0B9599CF6348B0EAC781225457
8578868937 47123 19993 3639DEB837140086BD474BF6BBA6CBA0079C630BD8602EB581F1419CB37F4E2F
8574223274 15075 31086 537736DDDADD08AF8125692027D80F7320009CBBAEFDDAA189663C31267272EC
8575411398 41926 7699 7C20F6CF1A09EEE4F40FE6F70B0F070213E4AE0B9599CF6348B0EAC781225457
8579259087 41722 52547 7C20F6CF1A09EEE4F40FE6F70B0F070213E4AE0B9599CF6348B0EAC781225457
8569136495 10802 55782 7C20F6CF1A09EEE4F40FE6F70B0F070213E4AE0B9599CF6348B0EAC781225457
8574448878 49405 46078 E905B3E9C4246AD3CB51EE62A8D1F21282E57F8D27608C916FB02BE91C6AB483
8574911584 8961 32957 8B22CA269C5CAAB290A5E9724929529B6DE8858F4A736B90F332B14D308AB6C0
8573093210 55347 13872 D72D573AF19E7AE516EADCD90D8E3676044C8D38DE2B3F426178ECEAABBD6913
8576720715 18140 18183 7C20F6CF1A09EEE4F40FE6F70B0F070213E4AE0B9599CF6348B0EAC781225457
8576230383 58230 4246 7C20F6CF1A09EEE4F40FE6F70B0F070213E4AE0B9599CF6348B0EAC781225457
8578473289 6088 56369 7C20F6CF1A09EEE4F40FE6F70B0F070213E4AE0B9599CF6348B0EAC781225457
8575325409 9129 29852 F14D6CF9724415A20C39CFA7EC93DE0E1EDF5EBE8B9A0E7610859ADF32E28E37
8574520692 26351 18667 1249FF33E7D4F87FC5767E2273BB6CB63417557C898AC6530D1E75D4FF166D61
8576835108 39217 33532 A519065E0E67D4062B240BF944CD55AE8DE02757E1F4DCAF88989426D3ABF1BC
8580288744 21875 60969 163E416B18047FE17653876E72E3246F6D7873C88E76037D2CAD3EE53C6023C1
8573042336 32996 9038 7C20F6CF1A09EEE4F40FE6F70B0F070213E4AE0B9599CF6348B0EAC781225457
8576679851 39471 29333 26EB0B8CE00752F6F9131F04AA5B6658E5B330930CAD5A709BD4380949A36C11
8577238751 43266 62778 7C20F6CF1A09EEE4F40FE6F70B0F070213E4AE0B9599CF6348B0EAC781225457
8569776696 20967 17050 EAAF7B34AE51E39A9EA39CFE3CACCCC519601D116F26120CAF41BF88F1295B40
8572790100 46670 19353 7C20F6CF1A09EEE4F40FE6F70B0F070213E4AE0B9599CF6348B0EAC781225457
8570865981 13588 11091 7C20F6CF1A09EEE4F40FE6F70B0F070213E4AE0B9599CF6348B0EAC781225457
8569612251 59990 57961 7C20F6CF1A09EEE4F40FE6F70B0F070213E4AE0B9599CF6348B0EAC781225457
8573434699 40193 4669 C090A4BB96E0846BD08343F15EB1CD408F0247D624D51BA7C2923EFD19EEED6D
8574079105 30640 44719 7C20F6CF1A09EEE4F40FE6F70B0F070213E4AE0B9599CF6348B0EAC781225457
8570867939 53458 4724 7C20F6CF1A09EEE4F40FE6F70B0F070213E4AE0B9599CF6348B0EAC781225457
8570814073 44969 23934 B725C1F677F56186838C4AC4BB63BDB0299A498E2B4C23B8CEB25960C75380A0
8576124489 42315 45580 1B9C1D5D44BAA50DC914B3A20721CF3B23B71D5E980699696C711A6E1228F6D1
8578379382 61102 54761 7C20F6CF1A09EEE4F40FE6F70B0F070213E4AE0B9599CF6348B0EAC781225457
8570740545 32004 7445 7C20F6CF1A09EEE4F40FE6F70B0F070213E4AE0B9599CF6348B0EAC781225457
8572254690 38853 64880 0050847670F58A2E49268B1564055F39B46E1D40E189DD922F7085874BBB8ED1
8579276530 5511 52013 F06851DC4F1E2558CC4B8FB6DDFE02B6F2679668B5EF94068DB3712F3143D046
8573949421 32193 8935 2A3D248A626CD501C36B285FDD01275D9A7563221022947F047B445C5587FAAA
8569426097 56318 52474 7C20F6CF1A09EEE4F40FE6F70B0F070213E4AE0B9599CF6348B0EAC781225457
8575886824 51478 40234 7C20F6CF1A09EEE4F40FE6F70B0F070213E4AE0B9599CF6348B0EAC781225457
8572723449 19588 12349 7C20F6CF1A09EEE4F40FE6F70B0F070213E4AE0B9599CF6348B0EAC781225457
8578027052 34040 56688 7C20F6CF1A09EEE4F40FE6F70B0F070213E4AE0B9599CF6348B0EAC781225457
8576472330 59596 55830 7C20F6CF1A09EEE4F40FE6F70B0F070213E4AE0B9599CF6348B0EAC781225457
8573655064 45292 54077 7C20F6CF1A09EEE4F40FE6F70B0F070213E4AE0B9599CF6348B0EAC781225457
8571259238 33910 57432 7C20F6CF1A09EEE4F40FE6F70B0F070213E4AE0B9599CF6348B0EAC781225457
8572524918 62239 5580 8C736A092651EBC69F5F12FCAC567674A05F5631A1443D6DE7AF91E9AA7E274C
8571005158 49929 3065 61BD7440897823F458A901840245CE5075A665D6820C8A11BD0AFDDC6B96C062
8577014200 64002 27914 7C20F6CF1A09EEE4F40FE6F70B0F070213E4AE0B9599CF6348B0EAC781225457
8574384773 22085 20783 3736B08EA70FEFCCEE5E5EB93B98ACB8DF43FE84F2D3B38A83ED3C6F262C1C15
8569794218 56999 16921 F16EAE3D6BECC94EAC8836D13A10113E0A453FC445ECD1D53DA1349B4AC35B51
8571719746 14 1385 7C20F6CF1A09EEE4F40FE6F70B0F070213E4AE0B9599CF6348B0EAC781225457
8568628302 29873 64585 F4AE192AD2059BB5A08E7710216A135D7A02A12A174BA61A91FB2885DC178846
8572423246 5216 44997 7C20F6CF1A09EEE4F40FE6F70B0F070213E4AE0B9599CF6348B0EAC781225457
8577303677 11362 48062 7C20F6CF1A09EEE4F40FE6F70B0F070213E4AE0B9599CF6348B0EAC781225457
8576983511 56254 57158 7C20F6CF1A09EEE4F40FE6F70B0F070213E4AE0B9599CF6348B0EAC781225457
8576810269 38514 3660 7C20F6CF1A09EEE4F40FE6F70B0F070213E4AE0B9599CF6348B0EAC781225457
8575670101 6913 58277 E1CB72AA10BA0950005606859C446BDF15DDD25EF18A0BC127D13615049C04A4
8580117723 12563 32773 91E2141DDF35A1C43B823B551BD6E602A484DD69309C4933AFD0BE34315F3776
8569294998 58207 25127 FD25B257C5A23DB52F0F9327521243268703AF91427EA0AECF49CE3FC22782F1
8568816553 24658 16020 7C20F6CF1A09EEE4F40FE6F70B0F070213E4AE0B9599CF6348B0EAC781225457
8573364146 59222 28500 7C20F6CF1A09EEE4F40FE6F70B0F070213E4AE0B9599CF6348B0EAC781225457
8570120484 57624 155 7C20F6CF1A09EEE4F40FE6F70B0F070213E4AE0B9599CF6348B0EAC781225457
8571944979 51166 8171 7C20F6CF1A09EEE4F40FE6F70B0F070213E4AE0B9599CF6348B0EAC781225457
8575109976 5617 53507 670CBA71BC1306DC17AEF22970AD979193F44782976E5A523ABBF8EC91875B65
8568534428 21464 35365 7C20F6CF1A09EEE4F40FE6F70B0F070213E4AE0B9599CF6348B0EAC781225457
8576478067 18254 38280 7C20F6CF1A09EEE4F40FE6F70B0F070213E4AE0B9599CF6348B0EAC781225457
8572401376 17242 58905 7C20F6CF1A09EEE4F40FE6F70B0F070213E4AE0B9599CF6348B0EAC781225457
8568821820 3074 45331 7C20F6CF1A09EEE4F40FE6F70B0F070213E4AE0B9599CF6348B0EAC781225457
8573610072 39165 13041 EA773DDDDBCF57D130AD04485ED29D4A9095D09BE3F841475DFD17ED37057A96
8577839934 63675 895 201FDCE32B40309F6171C4FD67CE112615897A28D0283992F1FBECA8FAD03F03
8578544446 24664 14395 7C20F6CF1A09EEE4F40FE6F70B0F070213E4AE0B9599CF6348B0EAC781225457

Total of 0 tasks calculated error.
