Total of 100 tasks calculated correctly, accuracy 100.00% 
857204151 953 53547 72D8D600E114FC3D68CA0CB3CC18F78B1595A967E9CC91A5402D94376BAB2E3B
855237541 51295 58762 325CD3AC65841F11F36DE5F5B0D87CBD556E641A7A4CFE486F6843E13CFEE053
859066789 44228 38278 7C20F6CF1A09EEE4F40FE6F70B0F070213E4AE0B9599CF6348B0EAC781225457
853618969 11404 28529 7C20F6CF1A09EEE4F40FE6F70B0F070213E4AE0B9599CF6348B0EAC781225457
857124782 60138 22716 7C20F6CF1A09EEE4F40FE6F70B0F070213E4AE0B9599CF6348B0EAC781225457
854198678 25562 40985 7C20F6CF1A09EEE4F40FE6F70B0F070213E4AE0B9599CF6348B0EAC781225457
856630338 17379 39837 9A0CB37FE6AFFCEDD02E1FFE017AFECE9E62D3D6E6AB01653DC82DBE636BDF99
855378754 29990 62728 7C20F6CF1A09EEE4F40FE6F70B0F070213E4AE0B9599CF6348B0EAC781225457
863389700 20282 49630 7C20F6CF1A09EEE4F40FE6F70B0F070213E4AE0B9599CF6348B0EAC781225457
858572602 36388 35088 7C20F6CF1A09EEE4F40FE6F70B0F070213E4AE0B9599CF6348B0EAC781225457
853785093 27878 21798 7C20F6CF1A09EEE4F40FE6F70B0F070213E4AE0B9599CF6348B0EAC781225457
854980363 12238 4804 7C20F6CF1A09EEE4F40FE6F70B0F070213E4AE0B9599CF6348B0EAC781225457
858226281 54253 26471 910F7791C5033E66C54889A629B91A5333DD0D483C5E94A1DFFDCC9C1290CB6C
859934040 47320 4227 7C20F6CF1A09EEE4F40FE6F70B0F070213E4AE0B9599CF6348B0EAC781225457
861977857 31273 55542 DBC3C6FE8D505A0068999EF9703FEAD634C2E5E9CB4C7725132A64016B0B8B48
856868786 21387 12562 F2D5F780532F8E80C7ABE6193F853313896CE3FA63DA480DC31002CFC9CB7F91
863783326 53314 27706 7C20F6CF1A09EEE4F40FE6F70B0F070213E4AE0B9599CF6348B0EAC781225457
858263529 39140 50317 7C20F6CF1A09EEE4F40FE6F70B0F070213E4AE0B9599CF6348B0EAC781225457
862597178 27142 64079 7C20F6CF1A09EEE4F40FE6F70B0F070213E4AE0B9599CF6348B0EAC781225457
855634447 32317 26213 C472ED613B8736EA7040513578C63C04248EED300664B741DF6E5F79DADE1A81
859758511 33601 5019 B07FE40CD6C63625A65DF11BE1B0B61DB9762E67658B0A8BC570878487CB8B8F
854521307 6772 50704 7C20F6CF1A09EEE4F40FE6F70B0F070213E4AE0B9599CF6348B0EAC781225457
856724268 65394 12762 7C20F6CF1A09EEE4F40FE6F70B0F070213E4AE0B9599CF6348B0EAC781225457
859403670 21571 10143 88EB43D1B72199AEE2EB9EAF873BBB81F3FF8E6ADA9E5EBF3E9B6956B39776F7
860606781 24773 57706 E52D4E2403B4F4DF6DFA13E7362BC2293132D90C84CF07A40AC4121CF3C4F29F
856712687 48332 9330 7C20F6CF1A09EEE4F40FE6F70B0F070213E4AE0B9599CF6348B0EAC781225457
861643480 39484 48977 7C20F6CF1A09EEE4F40FE6F70B0F070213E4AE0B9599CF6348B0EAC781225457
857039168 22978 42888 7C20F6CF1A09EEE4F40FE6F70B0F070213E4AE0B9599CF6348B0EAC781225457
856790189 3976 46069 7C20F6CF1A09EEE4F40FE6F70B0F070213E4AE0B9599CF6348B0EAC781225457
856091311 49619 28355 B8C1366BE5F3DA0EFEDF2CF40F82E5DEB936EF32D70D69A678B874300972A2B5
860958275 2972 64442 7C20F6CF1A09EEE4F40FE6F70B0F070213E4AE0B9599CF6348B0EAC781225457
854553862 50156 8173 7C20F6CF1A09EEE4F40FE6F70B0F070213E4AE0B9599CF6348B0EAC781225457
853037003 6929 23647 00479A99397A59173D0382A275980EC53D075B3EE2EC06B5819798184F618FE2
853482763 7813 847 021D3E8BC1DFF7600A1C403DCE5813F7D7B61ED3464697008C6034E7828D43D9
861464317 20915 2083 9A862A8BC2A929C0AB6CA9A085F681F668E07B5E56FF5E0E836248FFF96968F4
856746321 45932 12314 7C20F6CF1A09EEE4F40FE6F70B0F070213E4AE0B9599CF6348B0EAC781225457
853850117 28495 4605 FB738ECC85A7B2DD72A415D988840A7DADFAE7DF5F112BB72A2EA9F056AE7073
861904125 45794 23177 7C20F6CF1A09EEE4F40FE6F70B0F070213E4AE0B9599CF6348B0EAC781225457
856348851 54487 45718 D0434ACEC50C79E5A4B5625B41F6E7AEE6C1BF513BBBD78B68766F0613819F26
860358750 56814 15527 7C20F6CF1A09EEE4F40FE6F70B0F070213E4AE0B9599CF6348B0EAC781225457
852774770 30182 53188 7C20F6CF1A09EEE4F40FE6F70B0F070213E4AE0B9599CF6348B0EAC781225457
855794473 13818 63623 7C20F6CF1A09EEE4F40FE6F70B0F070213E4AE0B9599CF6348B0EAC781225457
853158390 14944 58518 7C20F6CF1A09EEE4F40FE6F70B0F070213E4AE0B9599CF6348B0EAC781225457
858014172 40113 42777 05E78D4346BB3AF76979D4081CA50ECBE9B98FD32C9A65BA24D80AC5253CBB49
854338653 16410 54377 7C20F6CF1A09EEE4F40FE6F70B0F070213E4AE0B9599CF6348B0EAC781225457
855431658 41135 40847 6CCE01636B54B1BFF3E0AA780A83821E024C762CB8299448492D91489FAA4265
855815009 7643 8263 81A98380B96B383B51F1554C48467B80247458F158B075865AA766BA4355A52B
864129585 50757 57116 1E9DBAF8CCC5BD2C57F8A5246457CD9DADF8B2733D36D6ED8A17C1C6AD5EFC40
863611487 54922 17367 7C20F6CF1A09EEE4F40FE6F70B0F070213E4AE0B9599CF6348B0EAC781225457
855597042 32211 62116 6176DCA019A81AC5802C46942AAC9E1BFDAABE2F7A46E9D7CEB8B07355DC569D
854291315 42755 63056 93636AB668CB7EFF67B14F2618798325EAE23540856A545940845E7F3C2DA92B
857638225 27321 61420 5145AB0F0276EFE3B61D2BDEE207F7878890B909CFE2368034312C0F6896DCC6
861861890 4928 53269 7C20F6CF1A09EEE4F40FE6F70B0F070213E4AE0B9599CF6348B0EAC781225457
855103975 31173 18282 00215B405C7F52C750FA9860B4828AC31622107954C85E71F2D898CFF72147D4
862475436 34577 12629 8DDFCB4A0BDB2BB88F24164E9FE9B3FD7A09086C5503D94E1A47E56B4A0BA89A
863380692 49736 27156 7C20F6CF1A09EEE4F40FE6F70B0F070213E4AE0B9599CF6348B0EAC781225457
860447083 43277 11426 F927C0349B8EE823879A8938C584575EA0343D29169763B07AE057C48F2070D0
852742025 11136 64701 7C20F6CF1A09EEE4F40FE6F70B0F070213E4AE0B9599CF6348B0EAC781225457
860842895 49796 24738 7C20F6CF1A09EEE4F40FE6F70B0F070213E4AE0B9599CF6348B0EAC781225457
856553074 50512 3241 7C20F6CF1A09EEE4F40FE6F70B0F070213E4AE0B9599CF6348B0EAC781225457
856986851 862 37142 7C20F6CF1A09EEE4F40FE6F70B0F070213E4AE0B9599CF6348B0EAC781225457
861348021 8312 14166 7C20F6CF1A09EEE4F40FE6F70B0F070213E4AE0B9599CF6348B0EAC781225457
854086588 61586 28844 7C20F6CF1A09EEE4F40FE6F70B0F070213E4AE0B9599CF6348B0EAC781225457
853891913 54371 54948 5587C68B1838E939AC6743AE155659DDDEA2189A5722DD10BD8AC08E73EB14D1
858943920 28565 34512 6A7E79EF3DA458F5019E4C5439A90B171F6CE2D2E81CD33F1E47AFB5B5CF7A83
854668377 25925 15368 6DBFE2A71C0E890AA3E756C92905CAAB255E1E6B738EDEBFA7D7352F70BD890E
857481993 61333 11733 C3CED8BA59A2ADF262BE93FACD0B36EB9637555DBA05EBE32B5789C1F02577B8
862734966 31182 37014 7C20F6CF1A09EEE4F40FE6F70B0F070213E4AE0B9599CF6348B0EAC781225457
857019874 40372 59953 7C20F6CF1A09EEE4F40FE6F70B0F070213E4AE0B9599CF6348B0EAC781225457
854008595 30145 37881 E9456477616A8E96E48409E5DCE2D7BCEC9FA6EF2ABA02803D12342D256112BC
853442867 24233 7661 7F4C01A5026DE942E3C7BD40000716D1033556B5A1E02B214CF8888FB801D261
855317559 50735 56781 2408B3158970ECCDC51B9AA326A8B9D5BFCFBEEA5DD287C2CC3567186841CC89
862572548 20838 17345 7C20F6CF1A09EEE4F40FE6F70B0F070213E4AE0B9599CF6348B0EAC781225457
860464159 34104 56398 7C20F6CF1A09EEE4F40FE6F70B0F070213E4AE0B9599CF6348B0EAC781225457
854069759 38345 46841 26F33DFD5D4BEA48C67985BAD3659E87A8169F4E72CF9D5080D842A8CF5982D8
862388212 20668 107 7C20F6CF1A09EEE4F40FE6F70B0F070213E4AE0B9599CF6348B0EAC781225457
857316612 42140 41726 7C20F6CF1A09EEE4F40FE6F70B0F070213E4AE0B9599CF6348B0EAC781225457
853523315 22789 21750 18661D15D833374D831B63210547C02B3721BAD493DA0E0845F8765217056E32
855719784 25528 37827 7C20F6CF1A09EEE4F40FE6F70B0F070213E4AE0B9599CF6348B0EAC781225457
855656080 26510 1848 7C20F6CF1A09EEE4F40FE6F70B0F070213E4AE0B9599CF6348B0EAC781225457
863744323 42846 23764 7C20F6CF1A09EEE4F40FE6F70B0F070213E4AE0B9599CF6348B0EAC781225457
856769935 32903 8385 7D2263541E0873725FE669CF646751F33F13C7480770618C67406FD1AB19EB1A
857064750 6332 48656 7C20F6CF1A09EEE4F40FE6F70B0F070213E4AE0B9599CF6348B0EAC781225457
856367279 40517 9608 F3826FBDBED72A2BB9C4CF95AB09289B7731E9217953E40ADA99C0043396363B
856875804 41394 30363 7C20F6CF1A09EEE4F40FE6F70B0F070213E4AE0B9599CF6348B0EAC781225457
858020458 40868 29638 7C20F6CF1A09EEE4F40FE6F70B0F070213E4AE0B9599CF6348B0EAC781225457
856625810 25680 13727 7C20F6CF1A09EEE4F40FE6F70B0F070213E4AE0B9599CF6348B0EAC781225457
860124531 37881 39361 3813C930A7B013BFDAAF58D02E0EC842E07DF3031A3750181CC7415EB148D133
863748437 16107 64409 D4C5C2D64151A9B6EBBEF493BECD4BFC0C2DF99FD3CF15FD3413377896ACE039
861118447 35204 64880 7C20F6CF1A09EEE4F40FE6F70B0F070213E4AE0B9599CF6348B0EAC781225457
856104409 57956 12015 7C20F6CF1A09EEE4F40FE6F70B0F070213E4AE0B9599CF6348B0EAC781225457
852672475 52860 7150 7C20F6CF1A09EEE4F40FE6F70B0F070213E4AE0B9599CF6348B0EAC781225457
853818218 39055 28051 E037E1A56213C4AC38B21C530D8A5446F6F36C8D509E93FA022B3E9FCA68E6C5
858889149 3845 12459 5947F6E0FBAE27183883BCE1833D968759655DD6D79238AE5BF48D4580F01F90
854596326 19541 54145 80A1EC04CD38A21C369CDC57069F464257A1630B40A7F33EE58BA2797AF83F09
855092714 13040 57966 7C20F6CF1A09EEE4F40FE6F70B0F070213E4AE0B9599CF6348B0EAC781225457
854248815 17355 62282 FC81D0841739AF919F0D3139439BEA5B199ED9D8CEE05B91BC799CE43622B71F
858831251 413 2764 50DDD27636A809694451D8DB10BDF11A2E30A1D4AE12814482813EC5AEB4264B
854727698 29122 16710 7C20F6CF1A09EEE4F40FE6F70B0F070213E4AE0B9599CF6348B0EAC781225457
857897592 32542 59096 7C20F6CF1A09EEE4F40FE6F70B0F070213E4AE0B9599CF6348B0EAC781225457

Total of 0 tasks calculated error.
