Total of 100 tasks calculated correctly, accuracy 100.00% 
8662284298 50078 13682 7C20F6CF1A09EEE4F40FE6F70B0F070213E4AE0B9599CF6348B0EAC781225457
8659928303 24484 23682 7C20F6CF1A09EEE4F40FE6F70B0F070213E4AE0B9599CF6348B0EAC781225457
8662044624 39579 24910 11EC8CDAC5DC8A0958FC528D1FC6E28FB825DBABD7FEFDB7A15E42B82AF7FA68
8662413786 26343 55046 CB3FEB68E3A2EFF14ECA0C9FB4425D5F095A0AD30E9627E49904201C2B19047E
8656254127 13184 58163 7C20F6CF1A09EEE4F40FE6F70B0F070213E4AE0B9599CF6348B0EAC781225457
8654744534 58907 24946 06D3C2E75BF43A0334140DADF2B219AC0F4CB439728986BC1F9A635DE7451615
8662102361 50336 1964 7C20F6CF1A09EEE4F40FE6F70B0F070213E4AE0B9599CF6348B0EAC781225457
8652754948 17834 24673 7C20F6CF1A09EEE4F40FE6F70B0F070213E4AE0B9599CF6348B0EAC781225457
8654640093 30992 60041 7C20F6CF1A09EEE4F40FE6F70B0F070213E4AE0B9599CF6348B0EAC781225457
8664115779 56546 12001 7C20F6CF1A09EEE4F40FE6F70B0F070213E4AE0B9599CF6348B0EAC781225457
8653938310 17879 31313 0B5A16785D09F15C05001EE048FC0882CCF72E370426E95AC3FAFB155BAE532B
8655849748 41033 48208 09A9B96CCB8F7144A3DEA5E9CFD143F8712F38F0CB342A7998C13245DEC0DD43
8662741064 30780 40261 7C20F6CF1A09EEE4F40FE6F70B0F070213E4AE0B9599CF6348B0EAC781225457
8661673653 52852 57074 7C20F6CF1A09EEE4F40FE6F70B0F070213E4AE0B9599CF6348B0EAC781225457
8658514827 53221 21881 DDB5313757C6668389DCD641848DAB4DD1DA5ADFDE6451BB1039613D8EF6EB55
8661291367 23930 3372 7C20F6CF1A09EEE4F40FE6F70B0F070213E4AE0B9599CF6348B0EAC781225457
8660212420 59405 20333 F654290D4B05CEB271D51F17038F3E209494CCB46024ACAC9261E35BCE9E388D
8657663452 63396 84 7C20F6CF1A09EEE4F40FE6F70B0F070213E4AE0B9599CF6348B0EAC781225457
8657434104 41251 23876 754252530156B395209F652DFEA64C710F9BC900DA117AF72FBD906011E90CA9
8659578991 4664 40250 7C20F6CF1A09EEE4F40FE6F70B0F070213E4AE0B9599CF6348B0EAC781225457
8654324756 31035 64249 2F16307ADB90F9A7EF8062BE4D7417F3D45A1A4EEF3438498B539F1FE14C8807
8654804418 60684 49281 7C20F6CF1A09EEE4F40FE6F70B0F070213E4AE0B9599CF6348B0EAC781225457
8655148183 60945 43023 B454DC9E4C5AF20B5C7B857FB485C6A1830ED84FCF56F31FE4766723E55B491F
8658333176 6438 7723 7C20F6CF1A09EEE4F40FE6F70B0F070213E4AE0B9599CF6348B0EAC781225457
8654520912 54459 21284 7900BCDD5553D00DCD585651420ADF29D134209B0F150CCFCE0CD5CB6938B32D
8661576635 46559 9314 369170956CE37C92A9CD89D14A09A5BC41A27DD612573B4A667321AC0DF62D16
8660352210 8465 50087 4B51783FDB7F8DC2C8E57DD424044609624BE810374C4A98C5D4E4A5164ED802
8655323973 5965 53242 E610C309B607540EF196B94ED8CDEBB6C74389FF50CDA54A2492B797F654F12B
8656004145 34647 3120 8F0CD4318640B3D9147315F4538EE71547ED7EF4D762CEA799A0B59BD1FFCADF
8654001221 25360 51701 7C20F6CF1A09EEE4F40FE6F70B0F070213E4AE0B9599CF6348B0EAC781225457
8657637842 11711 48584 BF4D7109F4105EFFFD7D1AC90606C2C25B4B036F76186E973CAB04D65022AAB2
8656180040 19102 37273 7C20F6CF1A09EEE4F40FE6F70B0F070213E4AE0B9599CF6348B0EAC781225457
8653740980 34154 38305 7C20F6CF1A09EEE4F40FE6F70B0F070213E4AE0B9599CF6348B0EAC781225457
8656413209 17689 13482 23D92058CBE1D25722A1F23DAED326AEC178D3416DA8E0D2CF2E3F95BF4326C5
8654840550 64218 34224 7C20F6CF1A09EEE4F40FE6F70B0F070213E4AE0B9599CF6348B0EAC781225457
8661336318 467 12607 489761D0631FD7FE20652F9B9D5FD2C69FB14BFD166D246E7F06067FC1F23A58
8662491714 18840 21472 7C20F6CF1A09EEE4F40FE6F70B0F070213E4AE0B9599CF6348B0EAC781225457
8656953069 63288 36903 7C20F6CF1A09EEE4F40FE6F70B0F070213E4AE0B9599CF6348B0EAC781225457
8661250916 51818 2077 7C20F6CF1A09EEE4F40FE6F70B0F070213E4AE0B9599CF6348B0EAC781225457
8657792505 32998 14428 7C20F6CF1A09EEE4F40FE6F70B0F070213E4AE0B9599CF6348B0EAC781225457
8662122821 14882 65310 7C20F6CF1A09EEE4F40FE6F70B0F070213E4AE0B9599CF6348B0EAC781225457
8656236509 5784 5046 7C20F6CF1A09EEE4F40FE6F70B0F070213E4AE0B9599CF6348B0EAC781225457
8656038571 57355 13329 39C445301F0914C8604C71859ED49DF9CCE13A62F309BDF306B61B322DE80FB1
8661554599 33154 647 7C20F6CF1A09EEE4F40FE6F70B0F070213E4AE0B9599CF6348B0EAC781225457
8660733481 17956 45782 7C20F6CF1A09EEE4F40FE6F70B0F070213E4AE0B9599CF6348B0EAC781225457
8659306776 39948 63361 7C20F6CF1A09EEE4F40FE6F70B0F070213E4AE0B9599CF6348B0EAC781225457
8654591086 29185 73 DA479BE97CF4CADDF435C9AF290A2BC321E53E7E461F7177A61C92EF53AB6D0C
8661656650 37616 25091 7C20F6CF1A09EEE4F40FE6F70B0F070213E4AE0B9599CF6348B0EAC781225457
8655601626 62022 54358 7C20F6CF1A09EEE4F40FE6F70B0F070213E4AE0B9599CF6348B0EAC781225457
8655061209 16743 5355 89C85ED3158A330F0E8C02CC371E94B048C997BE128A805A05D40BF1E4D9EB5F
8655880666 53994 36052 7C20F6CF1A09EEE4F40FE6F70B0F070213E4AE0B9599CF6348B0EAC781225457
8655600591 9039 40214 51E8117C3346701530B575F315779FDEEC972E99C5AA6D137E31C26D4470936C
8657676584 48211 48522 08CFEE1FDECD45A5EB5A4A956DF6F9306ED0006BDAE8E6707E71496FF2035753
8659098253 59832 6419 7C20F6CF1A09EEE4F40FE6F70B0F070213E4AE0B9599CF6348B0EAC781225457
8661320194 65155 63430 E83AD8B888DA530757FB5F9839DCCA2ADBF943A0EEF49939664A66021556AC18
8662576840 14631 11158 3F6A66371210B2C7169E1144593945C837591F68A9F64DF49445633456694B19
8654107165 40627 28983 7B4BC496441B55017C84D3A3160C30F5789B041BB9DB520DA284620EA6832F81
8654386263 40244 17575 7C20F6CF1A09EEE4F40FE6F70B0F070213E4AE0B9599CF6348B0EAC781225457
8660639604 22145 46507 5F5F231DFA2DACC545CEC67D6489940E58E6A4EE58AABC0AFA4AC55F4C9258EE
8661618328 18148 14951 7C20F6CF1A09EEE4F40FE6F70B0F070213E4AE0B9599CF6348B0EAC781225457
8656186765 31514 39814 7C20F6CF1A09EEE4F40FE6F70B0F070213E4AE0B9599CF6348B0EAC781225457
8657770448 51745 56000 D3742F6A96CB1F9F3CACC33D381A9F6412702B8BF6F40AAB216401AE05962B35
8660358549 17004 64254 7C20F6CF1A09EEE4F40FE6F70B0F070213E4AE0B9599CF6348B0EAC781225457
8658410875 7166 8126 7C20F6CF1A09EEE4F40FE6F70B0F070213E4AE0B9599CF6348B0EAC781225457
8652944728 15685 57927 2A0B778826A41258E88E14E9A02CDDB42D8AF9F6F7982DE9D20CD2DF1B7A5F9D
8659095804 524 46065 7C20F6CF1A09EEE4F40FE6F70B0F070213E4AE0B9599CF6348B0EAC781225457
8655774864 49785 33230 69D0ACF72C1DB164A2E88A9EA194299DB6D518048BB6128C9284499BF669A679
8653360579 17058 8549 7C20F6CF1A09EEE4F40FE6F70B0F070213E4AE0B9599CF6348B0EAC781225457
8654431966 22044 4227 7C20F6CF1A09EEE4F40FE6F70B0F070213E4AE0B9599CF6348B0EAC781225457
8660109618 861 3204 98C651C930D0C03A2DC415D66FD5DBDC6A79CC57EA058D5A54AFAE04359B86E4
8654688345 60496 29815 7C20F6CF1A09EEE4F40FE6F70B0F070213E4AE0B9599CF6348B0EAC781225457
8656258656 1470 47417 7C20F6CF1A09EEE4F40FE6F70B0F070213E4AE0B9599CF6348B0EAC781225457
8660788897 57179 6623 4899778ACBB219E0B74FB9BB315157DD70D80510FE5757614E8BCD840CB258F3
8653941402 64557 46571 7FF79139CB095C883E8C81D8E40608B4AA929391C2C41AAB9DA4256D46CF2A49
8653954751 54448 54372 7C20F6CF1A09EEE4F40FE6F70B0F070213E4AE0B9599CF6348B0EAC781225457
8653893342 9561 43595 9B383D1F4D2A49622A7D083D9A9BB6F7B2968D989CE9146EC72942028E3AE61F
8652527166 33085 39164 2DBF0277DF81635953046F3086F1D97000E4086FEAF3926CFDC5B33317E89356
8655654130 23636 25219 7C20F6CF1A09EEE4F40FE6F70B0F070213E4AE0B9599CF6348B0EAC781225457
8657244572 10993 63605 B41F40086A8908D41E30F1D73431F0D22D3B1AA55286B1E753CAE843E9D04D5D
8658782668 45674 59672 7C20F6CF1A09EEE4F40FE6F70B0F070213E4AE0B9599CF6348B0EAC781225457
8660154925 63933 44650 8E4B7AD8E0C794FC6A247F1B9A4BD3FE1A1B3ADA369A63FAB547C48A87DB0D3E
8660415966 7868 28810 7C20F6CF1A09EEE4F40FE6F70B0F070213E4AE0B9599CF6348B0EAC781225457
8660822961 28490 52656 7C20F6CF1A09EEE4F40FE6F70B0F070213E4AE0B9599CF6348B0EAC781225457
8658506272 7327 32621 2B85AF927AEFFDB4A729B24CEE8751347BA7357B090E7AE6118DF8C379E30A59
8657178062 37642 35147 7C20F6CF1A09EEE4F40FE6F70B0F070213E4AE0B9599CF6348B0EAC781225457
8661217861 24758 49397 7C20F6CF1A09EEE4F40FE6F70B0F070213E4AE0B9599CF6348B0EAC781225457
8664297224 43923 20469 6028FE9611C806061704CCDDDED3994B9579289B4F2F268419E82D1E66CB5CFE
8661758383 54434 23440 7C20F6CF1A09EEE4F40FE6F70B0F070213E4AE0B9599CF6348B0EAC781225457
8662924682 34495 41347 BEA8F51D3BA5991335F90368BA430161F8DAB924164E3DDC859FB4440C5FE900
8658195928 19872 897 7C20F6CF1A09EEE4F40FE6F70B0F070213E4AE0B9599CF6348B0EAC781225457
8654537014 38296 34998 7C20F6CF1A09EEE4F40FE6F70B0F070213E4AE0B9599CF6348B0EAC781225457
8654674649 45450 39569 7C20F6CF1A09EEE4F40FE6F70B0F070213E4AE0B9599CF6348B0EAC781225457
8654644808 19662 6431 7C20F6CF1A09EEE4F40FE6F70B0F070213E4AE0B9599CF6348B0EAC781225457
8658683185 10455 17455 36078EA40FDC92E3056AD0AD4CC11350BB449D8045D0CD75116F2900325F11F5
8652769006 45704 28229 7C20F6CF1A09EEE4F40FE6F70B0F070213E4AE0B9599CF6348B0EAC781225457
8661169642 9450 51980 7C20F6CF1A09EEE4F40FE6F70B0F070213E4AE0B9599CF6348B0EAC781225457
8660440293 34031 32117 0F2E03F21CF1186F87A48ACB8BAA1155351F6AC78AD5ADF1215985EE371C7D2E
8659603790 28329 15952 311709A16279F91BF6B429E596224FE47383A1FBC9C2E144B206324698CC5DA2
8654083693 50831 6721 648DD6F3BEE408B391365CC39E83CDB154F31C82AAE20C3596344343CDAFD259
8653905803 42279 35509 25379EE63676130FF91657FA3612578D46F5EB3337D4A48094C82A0E94A0A22D

Total of 0 tasks calculated error.
