Total of 100 tasks calculated correctly, accuracy 100.00% 
8678766347 17374 5 B53608BEC688BDD21FE4341A7207907DD26099970C3DCC266E8D7F036DC9ECE3
8684714900 1539 21313 478F22DD551D370FEC27C0043FB5A6BF0EF8444312A9B321AC1A0089D624D2B4
8687043102 58807 58621 BD7C5899B27141A2CEC1BB9525B9F52E68ED2D44F2D1FEA9E08E51A8750A293E
8686772139 31574 12008 7C20F6CF1A09EEE4F40FE6F70B0F070213E4AE0B9599CF6348B0EAC781225457
8686152463 6497 63637 F68CD76D12DBE387DA57E53F14BED070B7F9023931FAC2B06653B87D1BC1ADD2
8685004449 1528 36314 7C20F6CF1A09EEE4F40FE6F70B0F070213E4AE0B9599CF6348B0EAC781225457
8678621895 49420 35611 7C20F6CF1A09EEE4F40FE6F70B0F070213E4AE0B9599CF6348B0EAC781225457
8686543988 1104 42036 7C20F6CF1A09EEE4F40FE6F70B0F070213E4AE0B9599CF6348B0EAC781225457
8688311972 25606 50095 7C20F6CF1A09EEE4F40FE6F70B0F070213E4AE0B9599CF6348B0EAC781225457
8680678616 24091 47692 0101C84AFCBB489F4BFA1E606B857C7CF5BEFBCB5BAE751B3C26436014ABFE2A
8685745568 16161 11139 C0D721834FFACFDE9B7B1A61735CFF2176F7B9E6CCC3F57BA956EB8E9C641EE2
8688262823 30330 53865 7C20F6CF1A09EEE4F40FE6F70B0F070213E4AE0B9599CF6348B0EAC781225457
8684589477 3004 37066 7C20F6CF1A09EEE4F40FE6F70B0F070213E4AE0B9599CF6348B0EAC781225457
8684093316 2603 16195 AA10F45FC22E3B3136BB56FF4399BB712D8FC803830D513E7F3ADCACCA1E2022
8688068556 42162 24795 7C20F6CF1A09EEE4F40FE6F70B0F070213E4AE0B9599CF6348B0EAC781225457
8680042631 53343 12987 313ED9B90C8B534668EEBABD692E3F5AAD53080A1E7FFED428EDEB34D1F01BD3
8686203758 18728 15300 7C20F6CF1A09EEE4F40FE6F70B0F070213E4AE0B9599CF6348B0EAC781225457
8686588458 27940 528 7C20F6CF1A09EEE4F40FE6F70B0F070213E4AE0B9599CF6348B0EAC781225457
8682758648 4998 65490 7C20F6CF1A09EEE4F40FE6F70B0F070213E4AE0B9599CF6348B0EAC781225457
8687899540 25973 18303 8526F382034C161E4AAE2EAE163C04314ACB0C10E430B1D8ED13FA3D606208A3
8678968173 33719 37283 1B7ADBA8E03D7959E97CAC22B2F8F936DF2E548A06D01B15D3DAD25FD3C4BAC7
8683597816 13240 25812 7C20F6CF1A09EEE4F40FE6F70B0F070213E4AE0B9599CF6348B0EAC781225457
8682019149 43099 6653 6D26ABE5034496B971F5EEB32FA910CDCF061BC50D21D65179152A5725403CCD
8682773947 54657 65294 765D1C47704A6A9572D444C943224A9F3BFC79221F010FA6BCEF69E0B8672320
8684723456 63070 49301 7C20F6CF1A09EEE4F40FE6F70B0F070213E4AE0B9599CF6348B0EAC781225457
8677427674 10670 35963 7C20F6CF1A09EEE4F40FE6F70B0F070213E4AE0B9599CF6348B0EAC781225457
8681289675 25775 61904 A7A5D9C879F8A84986FE7BEF298BDF90740AD447FE90F7BF4DCC8C0FF5970C77
8678650014 65530 21939 7C20F6CF1A09EEE4F40FE6F70B0F070213E4AE0B9599CF6348B0EAC781225457
8681027931 54973 53455 12FE9FA402A786334D280C03F7DC04E4DBE12E0ACD5C01085285596608A18399
8687284151 48048 49402 7C20F6CF1A09EEE4F40FE6F70B0F070213E4AE0B9599CF6348B0EAC781225457
8677500691 38200 18995 7C20F6CF1A09EEE4F40FE6F70B0F070213E4AE0B9599CF6348B0EAC781225457
8688073370 15602 46045 7C20F6CF1A09EEE4F40FE6F70B0F070213E4AE0B9599CF6348B0EAC781225457
8682011935 21831 58052 6E4D2575013C6ED5C3160039891CE6B9E966220273865EBCC5BD2B0312F26C85
8687913139 23871 8823 BADB3F3F0D590936E3B602578A6F4244A0A42F612406279FF3C41CA424C596C5
8685887135 31585 6543 63665DD1E3EA878AEC5525F2E6BC5DA7A1EE7B8E8B16110BC954482E360E19FA
8686051416 54933 62635 D79A52729EF2CA8BAFC032A074BE784A8C64C2AEF34D85806B31DDE75ED6CA21
8681323227 57704 4656 7C20F6CF1A09EEE4F40FE6F70B0F070213E4AE0B9599CF6348B0EAC781225457
8685096451 4857 42670 1CE111FE92C22192DD552DCE96E05568FDF53A81931EB022370DB7A3EEA84D50
8676872116 41418 4926 7C20F6CF1A09EEE4F40FE6F70B0F070213E4AE0B9599CF6348B0EAC781225457
8677647948 50568 17201 7C20F6CF1A09EEE4F40FE6F70B0F070213E4AE0B9599CF6348B0EAC781225457
8681661585 37196 2081 7C20F6CF1A09EEE4F40FE6F70B0F070213E4AE0B9599CF6348B0EAC781225457
8681092352 44671 53584 A56576CE3C70B9A8EE812F9B740EF7CE04A5D29C1A07582756E57AABE7C3433E
8687933762 24932 24827 7C20F6CF1A09EEE4F40FE6F70B0F070213E4AE0B9599CF6348B0EAC781225457
8678795643 1351 44408 EB9FFB74D474593215F068A8E79E67D0D187EE5861F8F213930DC58B51289C55
8686965131 40585 38338 DBA0E448DFC6537B1B95D5FC4D4ED2A9793170862A22C8B67B9A75CF1CC21AE3
8683657982 58564 64424 7C20F6CF1A09EEE4F40FE6F70B0F070213E4AE0B9599CF6348B0EAC781225457
8676771789 19993 5302 B9F05695EC38EFFEC616CFD207E12EF00DF6262FC2D43E7CAD53F3CD00F4357D
8683299816 43294 53046 7C20F6CF1A09EEE4F40FE6F70B0F070213E4AE0B9599CF6348B0EAC781225457
8685208930 13169 26511 F4F31432C64D19C69BD3011B1D77AC2204A0BF0328797A8078C37631C9EEE0CE
8679720195 36488 46363 7C20F6CF1A09EEE4F40FE6F70B0F070213E4AE0B9599CF6348B0EAC781225457
8686155026 20830 43004 7C20F6CF1A09EEE4F40FE6F70B0F070213E4AE0B9599CF6348B0EAC781225457
8684785948 36798 53322 7C20F6CF1A09EEE4F40FE6F70B0F070213E4AE0B9599CF6348B0EAC781225457
8682146872 56013 16091 F70DE7F49D147CA2893F7377D15B986EBD164B28ADDC65D38293D2D4CEDFF03D
8679399901 31365 61501 B1FAF1F688902CDDE18191C2A386BA3C4A1600CC03A6AC32A2C7F3AB28213BC5
8682857610 22535 64798 9FBA1AF4129712F5C743E90AC3CBE10E6234F255E81EC9FE03884C93074E05B5
8681311024 21561 21318 2E3893AC1432B6C5250E2ADAD63F29CEC3111225C040846C8CB2A622FBCE0AAA
8681903496 54655 10647 E3BB96348BD0AF7722FB2BA1FCA7D3D5E4D10296F4411617A0371AAB384DB1F7
8685172317 6862 51393 7C20F6CF1A09EEE4F40FE6F70B0F070213E4AE0B9599CF6348B0EAC781225457
8685711090 41636 28596 7C20F6CF1A09EEE4F40FE6F70B0F070213E4AE0B9599CF6348B0EAC781225457
8680074342 1617 34032 D050E0D99969DFDF345F79E324913DB8E187DB0A5BD63F2240BE3E117B836AEA
8685844308 42497 61401 4F65510D084375001CAB26912A8F23184E0127D77EEB3F3DEA6B962271989EE0
8682439238 16972 21548 7C20F6CF1A09EEE4F40FE6F70B0F070213E4AE0B9599CF6348B0EAC781225457
8687939333 16432 33944 7C20F6CF1A09EEE4F40FE6F70B0F070213E4AE0B9599CF6348B0EAC781225457
8679735943 42105 49696 4F28C567CB5EF0F49A8F8A86178F51C37F2EB725F43C2D7B1C152D0D7F067580
8677221200 2681 8708 EA3FDEA0B17BFFD1B946E25155642BAD11B3CA262C2EF6BD1CA046275B55207F
8677083151 60167 4432 92B9524EF74F261799E92C37F51B1F264FA2EEDC5066348EDE472D9A513F130E
8684235383 11472 35906 7C20F6CF1A09EEE4F40FE6F70B0F070213E4AE0B9599CF6348B0EAC781225457
8683377460 25028 13691 7C20F6CF1A09EEE4F40FE6F70B0F070213E4AE0B9599CF6348B0EAC781225457
8677225758 49665 50044 6073F2E11E256FEF35ADC81033136198A0539E85DDB327B5BEF1B9974A33FA66
8685892521 25113 40780 4DEDA2AB1D6155809D565FCC2C3263FCFA7C1BE9012F65E4BF544212D582ED32
8679007251 20439 46622 41D1A3283FF694E0C3B46A5BC14C7569545125A11333596D2856AF8CA54851AC
8683540144 62537 55038 CFB511989E718C2013F6AF04CF234A766CBCD2D971C5BAC21540327610FD66FD
8684121131 33628 9015 7C20F6CF1A09EEE4F40FE6F70B0F070213E4AE0B9599CF6348B0EAC781225457
8685197742 65194 35331 7C20F6CF1A09EEE4F40FE6F70B0F070213E4AE0B9599CF6348B0EAC781225457
8687073658 43060 5203 7C20F6CF1A09EEE4F40FE6F70B0F070213E4AE0B9599CF6348B0EAC781225457
8685963795 38351 12355 7ABD57E51A21E1664580DAD50F7C2C655EE7704520CB9FC04FEDCBC68A6122DC
8681062180 46800 40693 7C20F6CF1A09EEE4F40FE6F70B0F070213E4AE0B9599CF6348B0EAC781225457
8677974166 47214 34668 7C20F6CF1A09EEE4F40FE6F70B0F070213E4AE0B9599CF6348B0EAC781225457
8688148697 46509 60480 55B7DD83503714CFE8F792B95547F2E3FF7453420905B01375450514C9917CDD
8678137306 54335 1844 9A3F96571D34006F465EE9EC5B0D6AF6F5D72AC7BE56CA4EA8591A8550A71E31
8683115033 55513 4630 22B52AAB96D4406840B7BFED3ECB72B794A5DBD9BD9D25389F67EE78A3D88278
8683555263 64521 14436 0698744CAC32C5345CEFD4819889484C65D8000BAC8EB45AE26406CA64B57434
8686045959 16136 53026 7C20F6CF1A09EEE4F40FE6F70B0F070213E4AE0B9599CF6348B0EAC781225457
8679090999 22889 782 AB5833B986635213A992FEBB4B6C1D912E9E16496F73E4E35E312CB7DA129D3F
8683057325 42221 2001 D45E10CBCD25CEF26DF39CD91DF6037078B515BAA2AD476B1C8E5DA155D193AB
8684573763 4386 44999 7C20F6CF1A09EEE4F40FE6F70B0F070213E4AE0B9599CF6348B0EAC781225457
8688171450 11995 26042 2B9F7C70287A146F0EB65EFB8703A9F7F84462306652383C87AD4935D6FEE403
8679906464 10344 20501 7C20F6CF1A09EEE4F40FE6F70B0F070213E4AE0B9599CF6348B0EAC781225457
8681286618 53259 20408 BFE31523F04933D733C10C2BD8F2C71F35E1E6BABBE460D1D152B81D0F5AE60E
8680956119 32163 44706 DDA2E192CAAC530CBB755403A1EAD18CB820190079FBB28DF88CE12B3E06BC86
8687506736 54162 28501 7C20F6CF1A09EEE4F40FE6F70B0F070213E4AE0B9599CF6348B0EAC781225457
8683572833 32533 55804 08BCB30478C99AE12E7CCF8E18D2B22E39EEBA83A412B137B25C5F608822ACA1
8684761815 18716 7051 7C20F6CF1A09EEE4F40FE6F70B0F070213E4AE0B9599CF6348B0EAC781225457
8680264780 27821 2455 B90D88950D91D2EDA3C94F2230C805FBA3E112A7F324D0EB96930F689469A691
8685901999 27279 30516 59D4AD872B1D0D5F5A7418D1453944D43BE440C12F2898A4AA24547A64A5B174
8683495644 27160 29162 7C20F6CF1A09EEE4F40FE6F70B0F070213E4AE0B9599CF6348B0EAC781225457
8684777501 60245 42145 0D65B1ED4C7B117D9846A3CED3956A2ABCDA7E170F5656189B9C405B7E81E278
8682433696 45721 5030 72C2580A949AC824EE112C80CB419F91083D7630C4030C89BEA85D4F0AA54BDF
8687546640 40368 34087 7C20F6CF1A09EEE4F40FE6F70B0F070213E4AE0B9599CF6348B0EAC781225457
8677351237 42463 64158 CE39568E04DD263FD8EAB301DA8A5CD9A6D44B4FDE2A40B57B2B9CE56E684F71

Total of 0 tasks calculated error.
