Total of 100 tasks calculated correctly, accuracy 100.00% 
8704206677 15636 12096 7C20F6CF1A09EEE4F40FE6F70B0F070213E4AE0B9599CF6348B0EAC781225457
8705722667 28529 55928 8A77E3AC4CF89C78D0728C7D23EAEB198847C0D6245F5427C78A626E36319637
8709248573 1259 24457 9C52F78663EA1BE6C2A15B912A913D20B245D57349D4124870442E3A1ED7E270
8710923299 63083 10487 AE35ADB18D14B5DF4B086DA7EC6C4E819E6E0A745829AF0CE8B45B379386ED36
8701676069 41636 5519 7C20F6CF1A09EEE4F40FE6F70B0F070213E4AE0B9599CF6348B0EAC781225457
8705730658 16719 61513 5D6F9C31BE3375FDA2C4998401CCC828A85743380AEABD2B3925FFB3F9540C92
8704189140 63014 23080 7C20F6CF1A09EEE4F40FE6F70B0F070213E4AE0B9599CF6348B0EAC781225457
8707451996 20915 63039 50195D0987B50E93627215987CABE38D38F03C9F4B5395B7D96A823774DA42E0
8700767838 20475 50976 052F7C04E659A31D096FF2A985A982F2CBB78773D03370EDAB5BACA6DA0ECFD5
8708230958 47879 32996 76872E581D07C11C2FF811446D671020D7B2D218DA9CC3B340F5AE81D1561DE4
8704866073 26468 59756 7C20F6CF1A09EEE4F40FE6F70B0F070213E4AE0B9599CF6348B0EAC781225457
8703193920 47062 64395 7C20F6CF1A09EEE4F40FE6F70B0F070213E4AE0B9599CF6348B0EAC781225457
8711334199 63572 56051 7C20F6CF1A09EEE4F40FE6F70B0F070213E4AE0B9599CF6348B0EAC781225457
8701221167 55810 4402 7C20F6CF1A09EEE4F40FE6F70B0F070213E4AE0B9599CF6348B0EAC781225457
8709861169 7525 54445 B3DA57A9F441232E1ACB946B10AF0937DCFD40ED0A91E4FD0E1103F7F44E16B9
8707346705 45001 30410 9C193FFFCEDE2C85BB3E410F711944044729FFD6263FD6EF687AF1414F4CB926
8704900673 30562 13789 7C20F6CF1A09EEE4F40FE6F70B0F070213E4AE0B9599CF6348B0EAC781225457
8712288705 35884 4293 7C20F6CF1A09EEE4F40FE6F70B0F070213E4AE0B9599CF6348B0EAC781225457
8706772367 48994 41056 7C20F6CF1A09EEE4F40FE6F70B0F070213E4AE0B9599CF6348B0EAC781225457
8707069872 34075 11202 1936F380CBEFA56A4903FC4D53B51180D9FE1D4A0DA8DDF32DE45E09487073CA
8704714825 47554 21745 7C20F6CF1A09EEE4F40FE6F70B0F070213E4AE0B9599CF6348B0EAC781225457
8705115307 11138 36558 7C20F6CF1A09EEE4F40FE6F70B0F070213E4AE0B9599CF6348B0EAC781225457
8703531249 54349 28347 E5615E8B2AD7F7DAB2C5FB5531F84ED4F13A1D1DB0C5C0FE0288A3B391715ACA
8704715090 42929 11977 ACB87EBC4EBD6F5E1C7C350EF7F8CCE42A96FBFE591825C0F3D86096DB3362DF
8706651544 48772 62914 7C20F6CF1A09EEE4F40FE6F70B0F070213E4AE0B9599CF6348B0EAC781225457
8705231383 52516 32211 7C20F6CF1A09EEE4F40FE6F70B0F070213E4AE0B9599CF6348B0EAC781225457
8709682847 4723 8991 039510650616AA00A97915B0200FAF85F91FA8C754E4EBA500D06BAB70C8831C
8711740194 27552 42381 7C20F6CF1A09EEE4F40FE6F70B0F070213E4AE0B9599CF6348B0EAC781225457
8704131480 33473 3276 98264B788714DBC9662912FDCE4727872B4DB373A3E3F8382BF498DDDFF2C15C
8709854581 19119 47460 F5363E6377F86F13962D57690F7971A04EACEBD9E50E85CD161C845A09298C12
8711158337 63964 41664 7C20F6CF1A09EEE4F40FE6F70B0F070213E4AE0B9599CF6348B0EAC781225457
8710444390 10131 57643 35B05DD9576DE09232FEE960F3F495CDBF9F8F337A8B4BBFB8E97EE342DA9763
8707409317 51273 11391 4EFBAAC5479B1972284E3640F24C3ECC29BFEE1812D14B7C1E6FEFFDD7D22D9B
8701372596 53783 46288 50F2401417538CB0B367E2AE212A3D2DE4347CDDCD55FFBCCCFC39E61565A7E5
8709330501 38884 49548 7C20F6CF1A09EEE4F40FE6F70B0F070213E4AE0B9599CF6348B0EAC781225457
8712097023 8340 52530 7C20F6CF1A09EEE4F40FE6F70B0F070213E4AE0B9599CF6348B0EAC781225457
8700903762 11822 21987 7C20F6CF1A09EEE4F40FE6F70B0F070213E4AE0B9599CF6348B0EAC781225457
8712059189 64816 19175 7C20F6CF1A09EEE4F40FE6F70B0F070213E4AE0B9599CF6348B0EAC781225457
8706634386 54464 55094 7C20F6CF1A09EEE4F40FE6F70B0F070213E4AE0B9599CF6348B0EAC781225457
8710200724 12240 9641 7C20F6CF1A09EEE4F40FE6F70B0F070213E4AE0B9599CF6348B0EAC781225457
8702405868 65306 50612 7C20F6CF1A09EEE4F40FE6F70B0F070213E4AE0B9599CF6348B0EAC781225457
8703091301 20074 23204 7C20F6CF1A09EEE4F40FE6F70B0F070213E4AE0B9599CF6348B0EAC781225457
8707245115 38510 7528 7C20F6CF1A09EEE4F40FE6F70B0F070213E4AE0B9599CF6348B0EAC781225457
8705041643 64197 15433 B7CE4E0C66FF65FF7F438C0DBFD939FE115B730C54826909E1B824AEFC34C096
8706218315 61459 65496 9C029D795AA5C66DA0CD86CB5AEA3CC7E7D154230AEADFF11D0A62928C933351
8703187457 23924 62278 7C20F6CF1A09EEE4F40FE6F70B0F070213E4AE0B9599CF6348B0EAC781225457
8706815761 63914 56942 7C20F6CF1A09EEE4F40FE6F70B0F070213E4AE0B9599CF6348B0EAC781225457
8710686636 34936 26655 7C20F6CF1A09EEE4F40FE6F70B0F070213E4AE0B9599CF6348B0EAC781225457
8701662512 54962 39717 7C20F6CF1A09EEE4F40FE6F70B0F070213E4AE0B9599CF6348B0EAC781225457
8702827863 64869 40655 659FDBD5DCC63EEBA4D628F1F435A7A159B20F2CEF885A85222EA7173F4F448F
8706128331 14608 29381 7C20F6CF1A09EEE4F40FE6F70B0F070213E4AE0B9599CF6348B0EAC781225457
8711268640 49333 30953 D5AD91F43C5957416A074FBC0B403F53573153148761AE16A45DCD448F7F52A4
8702750625 33592 22803 7C20F6CF1A09EEE4F40FE6F70B0F070213E4AE0B9599CF6348B0EAC781225457
8705084159 989 57984 B8D13651A8D3E5C1FD8DD2B2C969B872414A9C616640C264109729F90A0B806C
8705760018 28221 58858 C53FEB2F9272BCD7ECD89887C916FDEED72C9CFF50962A4E23752F794F28CC99
8701558273 41758 4761 7C20F6CF1A09EEE4F40FE6F70B0F070213E4AE0B9599CF6348B0EAC781225457
8705202479 36116 43174 7C20F6CF1A09EEE4F40FE6F70B0F070213E4AE0B9599CF6348B0EAC781225457
8709092160 63580 9736 7C20F6CF1A09EEE4F40FE6F70B0F070213E4AE0B9599CF6348B0EAC781225457
8707109548 61199 53314 C45C8A26C156E527009ECF2B422CB6683AB19973C8E32C9B2E36CA7F29957A75
8701373637 44272 58617 7C20F6CF1A09EEE4F40FE6F70B0F070213E4AE0B9599CF6348B0EAC781225457
8709050327 38159 9646 2DCE61D2559501141645089BE80693F07D788CE04C50C4FA63F03C002F65CBF9
8702939462 15843 9469 422CD655D84F74A6E4032DACB668904DF741D9DB57082EFB3E88EEDD4258075D
8703206418 52525 37552 7939F15F40CD94B566C4FA6CDC8F5376DEC1C3A13B2C654F8308712BDEE392EB
8703460633 19347 16941 C1E0EF5E4FDF21710AE551226BC591A5FC18E00E8EB404FFB0637AC948C87D3E
8701643793 28088 44166 7C20F6CF1A09EEE4F40FE6F70B0F070213E4AE0B9599CF6348B0EAC781225457
8704576261 19765 46729 0AB7745AAD62FBAB00954BF1ECDA7D42520D039BA352B04A1246C6BB822E1B22
8701518915 42706 17197 7C20F6CF1A09EEE4F40FE6F70B0F070213E4AE0B9599CF6348B0EAC781225457
8703610790 14510 30811 7C20F6CF1A09EEE4F40FE6F70B0F070213E4AE0B9599CF6348B0EAC781225457
8701490685 50037 2168 2BEBF8E4F85C457AAD24C092661DC4348F47D0ECA156F74A8F9BE4AE12D890E1
8702697468 42434 45095 7C20F6CF1A09EEE4F40FE6F70B0F070213E4AE0B9599CF6348B0EAC781225457
8706586791 48346 64123 7C20F6CF1A09EEE4F40FE6F70B0F070213E4AE0B9599CF6348B0EAC781225457
8711071716 52006 58898 7C20F6CF1A09EEE4F40FE6F70B0F070213E4AE0B9599CF6348B0EAC781225457
8710399684 26439 20655 F52C525A916764DCA55C8D984A94AC7F81619DBD8963D1396EA45E734CEDDB3F
8708268264 28348 52073 7C20F6CF1A09EEE4F40FE6F70B0F070213E4AE0B9599CF6348B0EAC781225457
8705089953 26818 17414 7C20F6CF1A09EEE4F40FE6F70B0F070213E4AE0B9599CF6348B0EAC781225457
8703525393 40143 45354 9953F1B8FF8A9ADCE655A98D2BB006BCF89CCCA3C3874AAEAC75FFE32CC962A7
8708198267 31658 35304 7C20F6CF1A09EEE4F40FE6F70B0F070213E4AE0B9599CF6348B0EAC781225457
8706561568 3660 54344 7C20F6CF1A09EEE4F40FE6F70B0F070213E4AE0B9599CF6348B0EAC781225457
8712305562 54745 15380 3711FB58CAE609D506A97FD0AC3A2760A5F585D32AF305A9B4FFD9803CC25DE8
8703724746 10528 44498 7C20F6CF1A09EEE4F40FE6F70B0F070213E4AE0B9599CF6348B0EAC781225457
8710179931 50567 39443 F0AF81C7E05AFA4983233D322A65E2171D152A2533157BCC11F6C45A8B03B0F9
8709758320 64109 13948 CE2D2AC46626236F37BE6DDE662F2AEE296E42D4FB2969FAFE1250464B928DBF
8708291751 43417 50522 78C87CFA02786202CB7D2E1BE8031A26955AD62898B1844E457AD6005D8F313F
8708217873 57150 50075 7C20F6CF1A09EEE4F40FE6F70B0F070213E4AE0B9599CF6348B0EAC781225457
8705386673 51413 15960 5D26F260BA5E4486913AFE163BBE1021A47E3ED0862874CC4FAFDF3FC9E76952
8712188355 10871 11510 F808A97CA4306F0C60FB8B44698E4642BBCF4471BE883B8C68EBB31894C6B9BD
8708752261 63395 45003 86021198E370DB3978749281C6B3155EE6A968E49E46E54087E3122039745E23
8704430614 8446 28717 7C20F6CF1A09EEE4F40FE6F70B0F070213E4AE0B9599CF6348B0EAC781225457
8700674230 55893 2031 A7A6CFE0963720434D6975DC0FE29A2F95473BC295603813129682A26D2FA9DB
8703577085 25619 37931 8986E90478FA8EC656F915FE7271496F0706AA19131B8D9C6016618140B7A07B
8701614886 41031 20596 0283DEFD4827929634C088A8DF99623380DAC8E71575A15D22152696DECDBBE6
8711595772 45628 64451 7C20F6CF1A09EEE4F40FE6F70B0F070213E4AE0B9599CF6348B0EAC781225457
8710450036 5518 48192 7C20F6CF1A09EEE4F40FE6F70B0F070213E4AE0B9599CF6348B0EAC781225457
8709551678 12685 58549 3AE86EAEF02FE38409AE58A605EE11EEDB52D25311D71F3FC5685C541D975774
8701844008 3059 16691 F06544B214DD85FE8263BA0840D64A6B7648A4673E7AD111F236B345F06A4B52
8701002918 50189 166 26847F9C0D3FCDC9C4C5C11BE1C2E261FE5A25A91408065BBC19DC85BD0EE415
8706953794 10840 1616 7C20F6CF1A09EEE4F40FE6F70B0F070213E4AE0B9599CF6348B0EAC781225457
8711356475 25025 55327 4ACC62FD29CE97FAE28F1AF1025C56F7CAE2E928AC71E4A213FA504D0A6300B5
8705806044 63989 20228 E307F486D64E28F050070D4FA46771B23F412FE30BBFC21D88B8EE69EC4594B9
8707707550 9912 50352 7C20F6CF1A09EEE4F40FE6F70B0F070213E4AE0B9599CF6348B0EAC781225457

Total of 0 tasks calculated error.
