Total of 100 tasks calculated correctly, accuracy 100.00% 
8732031639 60617 51982 413236322EFBD80F58BF1B4E71EF7AC464F81566EDDF76153AE0446AECFEDECD
8724831955 43413 20752 4E098D7896FD1FA78CCD85272BFF41FDBDB828438A04BB9A338266936A2C3FAD
8726144735 6606 37535 7C20F6CF1A09EEE4F40FE6F70B0F070213E4AE0B9599CF6348B0EAC781225457
8733885777 49900 26245 7C20F6CF1A09EEE4F40FE6F70B0F070213E4AE0B9599CF6348B0EAC781225457
8729979964 20904 11137 7C20F6CF1A09EEE4F40FE6F70B0F070213E4AE0B9599CF6348B0EAC781225457
8726373136 22533 623 BC599A7EB48D46372ADE024BCF62704D66665D66E43F4F7C2A00375EFB61B689
8731479230 11008 40703 7C20F6CF1A09EEE4F40FE6F70B0F070213E4AE0B9599CF6348B0EAC781225457
8734591759 26703 43477 B2177836BF5557A8A15D868206B225DB9FA88F2CA2D4912E367A649797D58177
8724998762 17805 32994 83CE652B62E85929A67534B2DFA193DF556C8D8E42B6961DCACE1046E846A9A4
8733508112 14288 26708 7C20F6CF1A09EEE4F40FE6F70B0F070213E4AE0B9599CF6348B0EAC781225457
8734836659 13339 21969 EC3D11DDA5624ED5DBD5715B27561EEBE35EFCBDFD16181F00D4534BB1338744
8729997582 3040 13895 7C20F6CF1A09EEE4F40FE6F70B0F070213E4AE0B9599CF6348B0EAC781225457
8726696598 53232 4416 7C20F6CF1A09EEE4F40FE6F70B0F070213E4AE0B9599CF6348B0EAC781225457
8729704537 64442 37213 7C20F6CF1A09EEE4F40FE6F70B0F070213E4AE0B9599CF6348B0EAC781225457
8729076109 10823 51080 69CCBE5F617E3811C9AFEB7AF71F82A6EE53EB4170FAE7D374CD983530A3840C
8732463815 59719 33464 B35ACC7C279269837FB9CE2BD4DB7FFE0B65A4CBC026DD4CF82651DDC623CE69
8736159738 20881 32640 3DE278B84F6E831558953B7BAE8AC5AE11271D6BFEA7F30A0E432DCCE97FD515
8727130118 56107 1159 499966DBE38276D756F717FD741A41BF612D7FE4C3B9CA3230E515BD756BE7FF
8728699288 62340 18681 7C20F6CF1A09EEE4F40FE6F70B0F070213E4AE0B9599CF6348B0EAC781225457
8729974338 25154 29692 7C20F6CF1A09EEE4F40FE6F70B0F070213E4AE0B9599CF6348B0EAC781225457
8736222145 44894 54533 7C20F6CF1A09EEE4F40FE6F70B0F070213E4AE0B9599CF6348B0EAC781225457
8732922668 57116 15995 7C20F6CF1A09EEE4F40FE6F70B0F070213E4AE0B9599CF6348B0EAC781225457
8728922523 6182 19046 7C20F6CF1A09EEE4F40FE6F70B0F070213E4AE0B9599CF6348B0EAC781225457
8731798798 43693 47901 5CC8E7C7BC54ED26DF28A7477C3E5BD81021DFAE6FD288BCB0DD75480C08209A
8725685165 4398 32646 7C20F6CF1A09EEE4F40FE6F70B0F070213E4AE0B9599CF6348B0EAC781225457
8729285504 20985 23616 36062E4992FF6C3311F8C8A76335CDEC4393F74DE0CE5973DE126E484DAD2335
8731882128 7358 62760 7C20F6CF1A09EEE4F40FE6F70B0F070213E4AE0B9599CF6348B0EAC781225457
8727348597 14406 31351 7C20F6CF1A09EEE4F40FE6F70B0F070213E4AE0B9599CF6348B0EAC781225457
8729685794 8203 17565 64BD0329E1B2BEA4F5CD880E7D05CDDC0A9EACE2C82D5695CC31D04E0EE2DD2C
8734727464 31289 13074 ED773F4F228B4174EC30D4CADA198B7E97A2A3BE2AD11CBDE1115FAC0C3882C6
8729351285 8343 61704 BB28D1948CB08E6E5D1F0437EADE8FC315D70E623D5014CE3E1C7E67DB8E6423
8730312630 31027 37000 97ABDEB93E364430248C6D2983CE5815C5A790156B5C9118D7F1B24D1519BF90
8735424040 50762 43065 7C20F6CF1A09EEE4F40FE6F70B0F070213E4AE0B9599CF6348B0EAC781225457
8733977907 24182 33463 7C20F6CF1A09EEE4F40FE6F70B0F070213E4AE0B9599CF6348B0EAC781225457
8731539961 45878 30042 7C20F6CF1A09EEE4F40FE6F70B0F070213E4AE0B9599CF6348B0EAC781225457
8727709466 55272 21318 7C20F6CF1A09EEE4F40FE6F70B0F070213E4AE0B9599CF6348B0EAC781225457
8730404061 41972 26938 7C20F6CF1A09EEE4F40FE6F70B0F070213E4AE0B9599CF6348B0EAC781225457
8726897128 6859 33607 19A1FADB65F40442DC459A5D1AAFF53B64A70FB5CADF65EF2BF67D9B67F9E04A
8734978364 58334 5589 7C20F6CF1A09EEE4F40FE6F70B0F070213E4AE0B9599CF6348B0EAC781225457
8729643161 41980 52342 7C20F6CF1A09EEE4F40FE6F70B0F070213E4AE0B9599CF6348B0EAC781225457
8730643120 11302 8324 7C20F6CF1A09EEE4F40FE6F70B0F070213E4AE0B9599CF6348B0EAC781225457
8732102411 19435 48808 F69F8A9773D298256E3BD192DF59200E005D9D6FA95945AD96AF07621222FFE9
8735173070 28602 11114 7C20F6CF1A09EEE4F40FE6F70B0F070213E4AE0B9599CF6348B0EAC781225457
8729437848 50136 13555 7C20F6CF1A09EEE4F40FE6F70B0F070213E4AE0B9599CF6348B0EAC781225457
8729881733 65482 12478 7C20F6CF1A09EEE4F40FE6F70B0F070213E4AE0B9599CF6348B0EAC781225457
8731930896 42006 15775 7C20F6CF1A09EEE4F40FE6F70B0F070213E4AE0B9599CF6348B0EAC781225457
8729397032 14077 63376 FCF3376AF35A3B273FFF05B4FC91464E192D72D39DFE4864DE96045BC1DDF711
8732020748 53380 33525 7C20F6CF1A09EEE4F40FE6F70B0F070213E4AE0B9599CF6348B0EAC781225457
8733472885 31721 59817 550E3B94466213526BF2AC9D3B4ECD0C4ABD7136C05F5CFE62EA3E9EA7740904
8731974040 52630 50391 7C20F6CF1A09EEE4F40FE6F70B0F070213E4AE0B9599CF6348B0EAC781225457
8730033843 56962 9941 7C20F6CF1A09EEE4F40FE6F70B0F070213E4AE0B9599CF6348B0EAC781225457
8727075870 48338 23874 7C20F6CF1A09EEE4F40FE6F70B0F070213E4AE0B9599CF6348B0EAC781225457
8734607034 16357 55409 B0CDC65227599601549A3F6934DB45A99724A0E8AA27361EC27A37DDB7356598
8730325510 41621 39772 B1E08CA0EF80745DDD12153A0A268F06F3C1E5A4180C01655E35EBF8575E5177
8729343885 37051 34462 A3B9071326A7BB7F368D514346125721453F0BA6A0577E7F2581BE4CA7C20E30
8734471621 36492 21287 7C20F6CF1A09EEE4F40FE6F70B0F070213E4AE0B9599CF6348B0EAC781225457
8724696030 1858 34700 7C20F6CF1A09EEE4F40FE6F70B0F070213E4AE0B9599CF6348B0EAC781225457
8728015254 6661 12643 4A8277A0ED03CE38D2AD045374DAAB4B584CFF9D1C946DFD454F719811DB37D2
8735143034 35576 51902 7C20F6CF1A09EEE4F40FE6F70B0F070213E4AE0B9599CF6348B0EAC781225457
8730373222 39929 15384 5BB26AB150E72D4C5C7EBE67D24A0A116928713D342A6E906E37B663A6590732
8735165455 36863 22666 43BF591E88DDAEBD6A6161108A0F8BA1F78E8B60B70B03E7D106E3832A2FF66A
8732652426 46155 57876 E9194BCDF62DD14D2B3A18C9C3513469830AED5568478AF54C3EC75E99CDE98B
8725786595 32250 24530 7C20F6CF1A09EEE4F40FE6F70B0F070213E4AE0B9599CF6348B0EAC781225457
8727933731 32160 42988 7C20F6CF1A09EEE4F40FE6F70B0F070213E4AE0B9599CF6348B0EAC781225457
8735319469 2588 3687 7C20F6CF1A09EEE4F40FE6F70B0F070213E4AE0B9599CF6348B0EAC781225457
8729684690 985 33007 63665A49005172E7390EF53D29F63B3086DFDC34FD7E083E1736627E380216C6
8731126093 51861 26526 8CC89886BC53E5F3E0324F4503951C12E4205BF582BA286BC88385B3C4C05FFB
8735903830 54211 56017 34F4E03A88158E9812329C97DAA0D06E5A38664B33B0D3770E2A49302B5A773F
8728933309 32199 57354 6798AF79E67B389760313FDAA09F56D3F1F0B751C8A56D9A997DDF502A0DD2B8
8725077298 2265 39014 A209E60FD9FF58EC7F30004BE6D0DFB4DBB1B9F0812A46B4B30E0F3F0A4E03CF
8734076243 62138 45295 7C20F6CF1A09EEE4F40FE6F70B0F070213E4AE0B9599CF6348B0EAC781225457
8730270587 47286 27798 7C20F6CF1A09EEE4F40FE6F70B0F070213E4AE0B9599CF6348B0EAC781225457
8730309275 22053 12919 F09693A63179836E70698524E989CBD33AC351E3D3AB2125791D19A181C01901
8730169030 34296 49528 7C20F6CF1A09EEE4F40FE6F70B0F070213E4AE0B9599CF6348B0EAC781225457
8730160782 11918 48721 7C20F6CF1A09EEE4F40FE6F70B0F070213E4AE0B9599CF6348B0EAC781225457
8733128162 2001 13758 4A499AD4F18BD0D1EAE9A559340A185A0D91ACFB3CDDE1A991554771445F26DC
8725780212 1925 54287 D84C879200CF87ABE55CD5E11DEAB41F45CAFEBE8907AE196446EFDABFE5A112
8726673872 18527 50102 B7304F27E3C341931040462B54A5BF2DA9553719F62F88CB0957F27D8B1E96DD
8735729629 16836 59544 7C20F6CF1A09EEE4F40FE6F70B0F070213E4AE0B9599CF6348B0EAC781225457
8729112328 13403 9707 1A04AFD989853BAB81E8ADA905A2ACBD1364B523EFBB45E65A62A53D4153F008
8727641603 59899 56776 5D547E8D40178E82E85858A64E86E88A8DD34AFE9C9B647C3E6CAFE4631682A8
8733764088 16984 62917 7C20F6CF1A09EEE4F40FE6F70B0F070213E4AE0B9599CF6348B0EAC781225457
8727242261 14107 62699 557BF854A2FB89532DEDCAEBA256D75AE3235D44D7F298B057C1B774D720E461
8725289906 39159 10612 1580D295E32AA2FBDCBDE3C67A2C77F33E91B9CBEBEAB5A138D727328A469127
8730561026 63873 15619 A3BC89BC0D3422A89C61F70BC5D0D80642B7580B7833FFD635B2CB8FD574A543
8731603295 12156 29007 7C20F6CF1A09EEE4F40FE6F70B0F070213E4AE0B9599CF6348B0EAC781225457
8734558163 51082 47102 7C20F6CF1A09EEE4F40FE6F70B0F070213E4AE0B9599CF6348B0EAC781225457
8725930685 13048 42613 7C20F6CF1A09EEE4F40FE6F70B0F070213E4AE0B9599CF6348B0EAC781225457
8728410473 3833 6344 679731544585C3D9A7CF1718D3528A756B911C5BC031792710101DB02AC7F785
8734035915 15390 27534 7C20F6CF1A09EEE4F40FE6F70B0F070213E4AE0B9599CF6348B0EAC781225457
8726647963 34265 39942 79E4938A38F94C838CF365E6C96106F5F25942081635923C911A000C765AFDA4
8734010531 23970 48825 7C20F6CF1A09EEE4F40FE6F70B0F070213E4AE0B9599CF6348B0EAC781225457
8729365437 53694 5875 7C20F6CF1A09EEE4F40FE6F70B0F070213E4AE0B9599CF6348B0EAC781225457
8726792424 59788 31675 7C20F6CF1A09EEE4F40FE6F70B0F070213E4AE0B9599CF6348B0EAC781225457
8736014832 40208 47662 7C20F6CF1A09EEE4F40FE6F70B0F070213E4AE0B9599CF6348B0EAC781225457
8731865561 33486 32420 7C20F6CF1A09EEE4F40FE6F70B0F070213E4AE0B9599CF6348B0EAC781225457
8725173373 4008 26542 7C20F6CF1A09EEE4F40FE6F70B0F070213E4AE0B9599CF6348B0EAC781225457
8729310054 15420 44524 7C20F6CF1A09EEE4F40FE6F70B0F070213E4AE0B9599CF6348B0EAC781225457
8732719673 61087 52247 E2850C8952F7384C86CEAF7FBEABAB8C8481DCCC3243E97A3968A80CC987A88A
8727768420 6500 54362 7C20F6CF1A09EEE4F40FE6F70B0F070213E4AE0B9599CF6348B0EAC781225457

Total of 0 tasks calculated error.
