Total of 100 tasks calculated correctly, accuracy 100.00% 
8759104216 11441 38959 99FD96F46E046805E6BB4185C58714EA2319525F538450DCD09589462CE35BB6
8760187265 34935 46090 8B2E8B5554EE48DD89969CD6D5361195E27F2E3FD1463D02B22F4F26740C423F
8756890812 60915 19527 09830EB41723A239DC2C8EB35F4044D06D0FB1DB1E2322C1B148404F90986F68
8754336214 3947 46509 6682E5DB398C92890B96F9FD797B2F25258259523FE165DC2610E1A3301A5B19
8756678945 52184 58972 7C20F6CF1A09EEE4F40FE6F70B0F070213E4AE0B9599CF6348B0EAC781225457
8759698140 37133 9202 A220508F80FA04DFB9924CBFF72920BEEC90FBF93093B8A23E3840BCFE8DB795
8749235114 53489 55189 6785EE8897BF328EE4B19D997C7130C9706473BDA4ABD59B5B5E28B2A2F1AE56
8749063959 54459 6176 4094D9250CB0CB0EA0E7D6176ECFFBBD33F8FA35EA9BF5B65B1EF07B8AD18658
8758133845 62211 57081 C4E9C42EBDC9AE27B4CE8E3073ABB6EF1496DDFF568D38F0062E9CB5B86D1FB6
8754920525 32521 31239 5ED3FAC8FE9A309ABAC0B159BC041FC085AEB2DA2B3E3ECF36017CC1DBF87345
8754049860 3134 21152 7C20F6CF1A09EEE4F40FE6F70B0F070213E4AE0B9599CF6348B0EAC781225457
8755044256 35966 34625 7C20F6CF1A09EEE4F40FE6F70B0F070213E4AE0B9599CF6348B0EAC781225457
8755355236 57346 49643 7C20F6CF1A09EEE4F40FE6F70B0F070213E4AE0B9599CF6348B0EAC781225457
8759585578 57756 19537 7C20F6CF1A09EEE4F40FE6F70B0F070213E4AE0B9599CF6348B0EAC781225457
8758481336 64637 5351 94F04AA1AFC5D4F219D448EEFA8D0D9E7195484243BC7622973C3C2272D7F165
8758337743 2732 47334 7C20F6CF1A09EEE4F40FE6F70B0F070213E4AE0B9599CF6348B0EAC781225457
8753403376 57319 30070 250E13BC5879164F8D903831D828DD3EFF263086A33D6D4D63C3EC98C7F13F12
8751459216 9535 31777 16C2F3A352BBAB8F9855B6BCB74F64C71DA59111F1DCBF2A9266C8DBC1E5981D
8755202949 44606 51062 7C20F6CF1A09EEE4F40FE6F70B0F070213E4AE0B9599CF6348B0EAC781225457
8755303521 50585 58799 8935E1849E37EBAB2DE550E50472A9C48C30A3EF67EEAD0FAF6ABED908601B70
8758646807 47859 49644 49302E9D692BBFDA61D704E3EF3035471E3B135B9F729A3D976B36EE83F8FD14
8751896598 43178 3809 7C20F6CF1A09EEE4F40FE6F70B0F070213E4AE0B9599CF6348B0EAC781225457
8749246949 24550 10791 7C20F6CF1A09EEE4F40FE6F70B0F070213E4AE0B9599CF6348B0EAC781225457
8754467127 55373 7800 42C129B2C8FE7C0B8EF35C02F762725D9739E8D19D311047043B55154DA6A903
8758904235 50626 56802 7C20F6CF1A09EEE4F40FE6F70B0F070213E4AE0B9599CF6348B0EAC781225457
8758441240 46213 19315 59AD87C524A08F52401B67CCE9C8BB232A2B2837B4A57F73D80E0F71EAFE15D0
8759670836 15212 45040 7C20F6CF1A09EEE4F40FE6F70B0F070213E4AE0B9599CF6348B0EAC781225457
8750476375 27576 19619 7C20F6CF1A09EEE4F40FE6F70B0F070213E4AE0B9599CF6348B0EAC781225457
8759951472 45040 14395 7C20F6CF1A09EEE4F40FE6F70B0F070213E4AE0B9599CF6348B0EAC781225457
8758669681 24305 49074 9DC66F6B5B8A809151D4FBCC4C4CD47D6DFAE3155E9C6A2E1D3B798AE5373963
8755984830 20516 48534 7C20F6CF1A09EEE4F40FE6F70B0F070213E4AE0B9599CF6348B0EAC781225457
8751452674 55104 58623 7C20F6CF1A09EEE4F40FE6F70B0F070213E4AE0B9599CF6348B0EAC781225457
8751153267 20443 14402 B7FF2398A5EDFCB8EEDEFAB803503C4EA14E0AC5F95F5CFE6AA1281BC766D87D
8755618485 27612 39529 7C20F6CF1A09EEE4F40FE6F70B0F070213E4AE0B9599CF6348B0EAC781225457
8752703355 51432 57322 7C20F6CF1A09EEE4F40FE6F70B0F070213E4AE0B9599CF6348B0EAC781225457
8759968202 59511 5482 31890A269406447BDAC3929C22451D5BAF50294B12869A6B1D1F87B51060B85B
8753187402 6033 51913 A6E586743B7CF3C7C92AE3198DC7D32E4AD25439C9B8D85B93C48C5E0CE97A74
8759392454 63299 42614 B6A27BD57C3CC8EA63C8F3C404DDF09906DFD4C56D3B78D3EDBC31808CD6539B
8752382768 34276 3725 7C20F6CF1A09EEE4F40FE6F70B0F070213E4AE0B9599CF6348B0EAC781225457
8758528878 63025 31957 761DA3F865DE0819489D39B40A8F7452ABAF0CF044FB808633536490074C3A33
8757547720 30884 19274 7C20F6CF1A09EEE4F40FE6F70B0F070213E4AE0B9599CF6348B0EAC781225457
8751305800 51323 26384 E9252849FCE62551EE56F0260FC743350818B6C5422B5371ED80B576A9F479A1
8752347179 40514 36523 7C20F6CF1A09EEE4F40FE6F70B0F070213E4AE0B9599CF6348B0EAC781225457
8754854127 32395 12078 3078AE2491ABD95FDEDB04A80359D9A9D2E8812B40BA80504D04EE3CFE00EFDC
8750928041 6097 38119 12AEDAD82FCB5B7F1D1B932235CECBB34B14F94B5813CEB1B3F51725D879026E
8754649126 4640 53622 7C20F6CF1A09EEE4F40FE6F70B0F070213E4AE0B9599CF6348B0EAC781225457
8756516634 40511 49496 E419CB294720FEA8DC48619F9D017F6F069C6AFCFF7531B969E03AD3851654F5
8757700245 63818 21025 7C20F6CF1A09EEE4F40FE6F70B0F070213E4AE0B9599CF6348B0EAC781225457
8759938167 37712 36575 7C20F6CF1A09EEE4F40FE6F70B0F070213E4AE0B9599CF6348B0EAC781225457
8754160948 27052 30969 7C20F6CF1A09EEE4F40FE6F70B0F070213E4AE0B9599CF6348B0EAC781225457
8754437966 22917 36816 CFC131D87B751E773E4A953AC79B8BC853630F483EA246C625CA1EA9F2217DF4
8759995656 6253 13446 01F05314117900C391E05EF7B3333D5165480BC7962EED0BE140D4F1658B0A6B
8752543076 63343 44418 B14A97D7D25237CAD394C295DA2CFBF19EDC950FCF00EFCC89EDE27909F9FBC4
8753533833 18137 30906 CEEE3E9ACE277467B251C594F49DC40E7D98B8283F81BF08D69F0332E58C2FEC
8754723422 59635 23562 F55047377170D8392B2E5875183399C1917E28023C57ED244D07204421E909DA
8756804648 32873 60373 71A2C1710F4E8222095B88B5B40214B4B921F772E46F08D6C3B607A9806B4D53
8753415844 14496 14184 7C20F6CF1A09EEE4F40FE6F70B0F070213E4AE0B9599CF6348B0EAC781225457
8757389469 11470 45876 7C20F6CF1A09EEE4F40FE6F70B0F070213E4AE0B9599CF6348B0EAC781225457
8748603804 20198 7086 7C20F6CF1A09EEE4F40FE6F70B0F070213E4AE0B9599CF6348B0EAC781225457
8748664275 54350 49301 7C20F6CF1A09EEE4F40FE6F70B0F070213E4AE0B9599CF6348B0EAC781225457
8759652662 53778 9608 7C20F6CF1A09EEE4F40FE6F70B0F070213E4AE0B9599CF6348B0EAC781225457
8757142335 15437 18333 2E0DDB30F58C8463807FC7B720A182F1E86E5368E17642C19B142A20C0D10D85
8748877401 9911 29259 F9E64F19B4D5A65D1F7EC7E2634FC6C46AF6259FDAC7F8201A0864625BC18F08
8758945551 6463 8677 14EE11775531F4C82BFD2109DEB2961AD8BBFAB3FBF33D8369A3DFE3F2EFA99A
8759270361 18985 24095 A06AB34902825175203D8087EC61BECE996FCC8B9F9C19FE103C2705BF8617E9
8754784138 35882 37082 7C20F6CF1A09EEE4F40FE6F70B0F070213E4AE0B9599CF6348B0EAC781225457
8754209692 17950 53840 7C20F6CF1A09EEE4F40FE6F70B0F070213E4AE0B9599CF6348B0EAC781225457
8749406803 59250 48476 7C20F6CF1A09EEE4F40FE6F70B0F070213E4AE0B9599CF6348B0EAC781225457
8750660475 32616 12003 7C20F6CF1A09EEE4F40FE6F70B0F070213E4AE0B9599CF6348B0EAC781225457
8751721408 27649 31785 43EBB3639EDF742675FFE536FAD89B6C07727208075C64F2440283E664768BB5
8760098311 28953 23549 1DA94EF09AE9FB0D2BE178AA73795B57E328E718BC34486B9243B82F1DAE0402
8749400704 60089 38678 2C569AC8A410377F69EF2185392F7AC9DB6B0441D3FA354116D46D94E473B636
8754112618 46201 56304 76BA26AC308DD516032D54C19468B676B75FF8C0302BD53FA1F4960B287D4210
8750309554 11207 18249 B3CA7D7E07020CD367819F73964EB01BCC3A412323B394F770B5D2D3F0070715
8750924583 61545 11295 0DE2611CBE1F8603F8F3AB3748131105E2C34D57887B850C6A027E9222950732
8754604167 9568 3685 7C20F6CF1A09EEE4F40FE6F70B0F070213E4AE0B9599CF6348B0EAC781225457
8749539799 21265 46766 441FA29F3D21DCB43D7C6E9908DEB13AE6579F9F1B52E6677C986E299F5038D9
8757084206 6567 45314 73BEB68D49E96E00068FEDAE2536A7C07FDFD382F65F9D387C3184567C61421A
8749430701 38599 4942 A6B953D8CFFF60D49C3B8B75355DDE922D2160E8E65B53DD0C4CADA5B59055ED
8757603201 41747 24007 BC5E536087EB9148301F34D7CD035613050415EAA1E581E45EB0BB430F9CA92F
8749781784 49924 63168 7C20F6CF1A09EEE4F40FE6F70B0F070213E4AE0B9599CF6348B0EAC781225457
8749104480 36394 8341 7C20F6CF1A09EEE4F40FE6F70B0F070213E4AE0B9599CF6348B0EAC781225457
8759103817 26362 42026 7C20F6CF1A09EEE4F40FE6F70B0F070213E4AE0B9599CF6348B0EAC781225457
8753569616 8548 57503 7C20F6CF1A09EEE4F40FE6F70B0F070213E4AE0B9599CF6348B0EAC781225457
8750788174 1963 25799 E47A9308D94D64AD6A87B2CC9EF4B2216AB208EC7250995FD976E346B1BD16E2
8759519847 59967 51100 D443AA7122FC1600C44633FA9CB10425FB1610B7AF93B5B6DE2191FA1EDF3F17
8758441859 22415 47855 069C952A59C008C28C77C9B83150880B404ABA66AC5C95A3D26E19AD3B2F7F9A
8758017727 53244 55019 7C20F6CF1A09EEE4F40FE6F70B0F070213E4AE0B9599CF6348B0EAC781225457
8755860528 21578 33480 7C20F6CF1A09EEE4F40FE6F70B0F070213E4AE0B9599CF6348B0EAC781225457
8753246668 64351 5152 1572815D06562CB2EFF24EDD51F31384455F290C4394074C9A1EC8D08F150E13
8754046837 54464 17234 7C20F6CF1A09EEE4F40FE6F70B0F070213E4AE0B9599CF6348B0EAC781225457
8758698581 22373 24781 AF3877AC443DDF33A74102279E03D4D510C835771E870B44A33DC3DDC6436510
8754433196 36697 318 695878721EACEBB7ECEFAECD284C57B1519F95D3B510BD4404142C1B254D7AAD
8759007870 49106 57296 7C20F6CF1A09EEE4F40FE6F70B0F070213E4AE0B9599CF6348B0EAC781225457
8750515576 63318 33320 7C20F6CF1A09EEE4F40FE6F70B0F070213E4AE0B9599CF6348B0EAC781225457
8752642732 59756 20517 7C20F6CF1A09EEE4F40FE6F70B0F070213E4AE0B9599CF6348B0EAC781225457
8758744772 64461 46725 56E9AD6C22D590FD37875BF0A63AFABCE22A2A71DCE6CA3A7CB3070E58BDD0E0
8754625516 13644 59629 7C20F6CF1A09EEE4F40FE6F70B0F070213E4AE0B9599CF6348B0EAC781225457
8752507976 52989 32009 5D3DFC3A5EDBBD5FDD170B47FF7CE3C1F669554B46258C62618875DA19098EA9
8754829820 1286 17891 7C20F6CF1A09EEE4F40FE6F70B0F070213E4AE0B9599CF6348B0EAC781225457

Total of 0 tasks calculated error.
