Total of 100 tasks calculated correctly, accuracy 100.00% 
8806407351 54317 14543 CAD03DEEAC8E04F6FB7D2726D8C2740D14689B46BC5844522C96F2FB3B3296F8
8798676615 47705 5550 BDBF3C631EB91362D4E28E762B8A25C1B46293E759A0B5EF7CDAAEF1673A1834
8797294333 35522 11095 7C20F6CF1A09EEE4F40FE6F70B0F070213E4AE0B9599CF6348B0EAC781225457
8806712000 15918 22145 7C20F6CF1A09EEE4F40FE6F70B0F070213E4AE0B9599CF6348B0EAC781225457
8804950231 22931 18364 204AE76D07D69B83D7BA0E822C0A2855B96E4175E8107D05177B14BC72947811
8803641230 3609 48700 4C271AA402BF4E47BBB132AEE140337066EBCA5AF6E691072EDDCAC52E0F4B4F
8807406429 42705 28130 6C1785FDC99C224A9645CCF91CD793E3A5557B280D90DB92B7335757C78D0AEA
8803167784 31011 43012 FBA420D12EB0D40414823080C2DA6A1EA2CAD611B1CA83BC05C635DFCC41C991
8797993358 6866 23640 7C20F6CF1A09EEE4F40FE6F70B0F070213E4AE0B9599CF6348B0EAC781225457
8799308165 40814 4124 7C20F6CF1A09EEE4F40FE6F70B0F070213E4AE0B9599CF6348B0EAC781225457
8805352225 15576 34269 7C20F6CF1A09EEE4F40FE6F70B0F070213E4AE0B9599CF6348B0EAC781225457
8803039756 18456 28162 7C20F6CF1A09EEE4F40FE6F70B0F070213E4AE0B9599CF6348B0EAC781225457
8807627414 17391 46570 5FC6D0FEDACBC8A3C09ABCE4F669579EED6A233F764E2425E38275A8C419D1FE
8797648053 49302 51898 7C20F6CF1A09EEE4F40FE6F70B0F070213E4AE0B9599CF6348B0EAC781225457
8806651005 56485 13256 05A9D79234647C208A33AB817CEA230C629D5C4EAA3E5CFC7894897C91330BB4
8803331771 41527 43479 C9650E61D1354A31FE33F0913253CB7BFC1DCF6E9F7C34D1018E8201598D80D7
8805101493 33830 3287 7C20F6CF1A09EEE4F40FE6F70B0F070213E4AE0B9599CF6348B0EAC781225457
8804449495 24330 46230 7C20F6CF1A09EEE4F40FE6F70B0F070213E4AE0B9599CF6348B0EAC781225457
8796873079 33654 51847 7C20F6CF1A09EEE4F40FE6F70B0F070213E4AE0B9599CF6348B0EAC781225457
8806333050 63987 2641 F0260B4CDF9249F9DCA0AB70777528E91118BB617C033293B7A34C262FF0405F
8802249540 51096 25061 7C20F6CF1A09EEE4F40FE6F70B0F070213E4AE0B9599CF6348B0EAC781225457
8798740847 33899 27782 2A19168B238C2C3EDE1E2DBC6930CB43B65186C85F7B38B703C05385D71ADD97
8801525489 10504 64537 7C20F6CF1A09EEE4F40FE6F70B0F070213E4AE0B9599CF6348B0EAC781225457
8797790755 54735 53588 85E1E663DF430B106FDC43E2299263971741D61EA1C538D7255C7EC600667753
8803381611 26913 52182 3712985AE0225C8DD67B07586E2C61CC8029EE45D8B422618157F07365F55031
8805732353 35750 8520 7C20F6CF1A09EEE4F40FE6F70B0F070213E4AE0B9599CF6348B0EAC781225457
8799024239 51442 11904 7C20F6CF1A09EEE4F40FE6F70B0F070213E4AE0B9599CF6348B0EAC781225457
8800559870 18089 20570 58060643416F61BF3F62B459FDE93B0D2D20F2378CD0092E1463F0687081FB80
8804544242 7132 17593 7C20F6CF1A09EEE4F40FE6F70B0F070213E4AE0B9599CF6348B0EAC781225457
8801151998 30778 12051 7C20F6CF1A09EEE4F40FE6F70B0F070213E4AE0B9599CF6348B0EAC781225457
8805499669 45643 40633 B3BC1DDE60F80E1E25F3AD44B4B956C911EF8546F3C62102046EE6B30B1BD7FD
8802267929 27135 2192 12F88BC1359781AE7E080FC2D3BCE7DC3D400B28C866DC3ADCDBC252EE6B0214
8802400551 24963 19881 B255309F2792AE6C75FA5FD524BC4AEC98B5AD8E638FC1F3D7D2FE51757682B0
8804782804 51045 10298 BFDBA28E2AC9BB24432831E2023EB8DF8C9BD4B8A07696EC8F134310F7B1E797
8802183019 32944 55293 7C20F6CF1A09EEE4F40FE6F70B0F070213E4AE0B9599CF6348B0EAC781225457
8807448735 34279 64654 2D9F5F3D63D65AC2B692247F03E99DD195E744E8F255ACD113F55C36FD5E402C
8799913184 48498 56593 7C20F6CF1A09EEE4F40FE6F70B0F070213E4AE0B9599CF6348B0EAC781225457
8798557004 58949 20289 CD98BE1E5B1A0BD6BCEF9940AF983727B64B7ECE1DF399EDE9F7ED95E8DE7C0E
8802249654 37155 189 9B9FF850DF39255B6BF1BDB9242A2057B9542503A5F76015EBCD04D4577EB6F9
8805190656 17596 21840 7C20F6CF1A09EEE4F40FE6F70B0F070213E4AE0B9599CF6348B0EAC781225457
8802865809 21166 33437 7C20F6CF1A09EEE4F40FE6F70B0F070213E4AE0B9599CF6348B0EAC781225457
8804252457 27907 14766 5CD68B7A0B0ED280E8032DECB02A29AD397890E67B58943E08A3D75758740A44
8799295047 47948 16256 7C20F6CF1A09EEE4F40FE6F70B0F070213E4AE0B9599CF6348B0EAC781225457
8806560014 24831 35269 5549C00DB48F1937762478193CD8364CDA7BB612393B51E355CA81B5ECB09752
8798405803 45151 11773 0AEBDC620F322BEA37315AD5DFACA16F883593D71D48C7C9E539BFD16566BC21
8807186955 55270 27961 7C20F6CF1A09EEE4F40FE6F70B0F070213E4AE0B9599CF6348B0EAC781225457
8805579422 52796 1692 7C20F6CF1A09EEE4F40FE6F70B0F070213E4AE0B9599CF6348B0EAC781225457
8807262039 3832 60624 7C20F6CF1A09EEE4F40FE6F70B0F070213E4AE0B9599CF6348B0EAC781225457
8806288791 31324 28687 7C20F6CF1A09EEE4F40FE6F70B0F070213E4AE0B9599CF6348B0EAC781225457
8808245357 16688 54314 7C20F6CF1A09EEE4F40FE6F70B0F070213E4AE0B9599CF6348B0EAC781225457
8804341760 15291 60959 E2821C010C77AEC17130DA5DB1E3227D7AC58D83023982037BD10F0178A52725
8802421361 4456 30039 7C20F6CF1A09EEE4F40FE6F70B0F070213E4AE0B9599CF6348B0EAC781225457
8807548580 56672 45260 7C20F6CF1A09EEE4F40FE6F70B0F070213E4AE0B9599CF6348B0EAC781225457
8803224102 16695 37778 AB17177B74148F5214A6C1993583351A0B67CC1580F4BB9189808B5464CC359A
8800194477 20572 26169 7C20F6CF1A09EEE4F40FE6F70B0F070213E4AE0B9599CF6348B0EAC781225457
8807016613 52953 63767 6F9D87627E0EB30BA867AFA4DDDCB89730C53863B8761AB60941DDE85A729AF4
8798322580 37914 8326 7C20F6CF1A09EEE4F40FE6F70B0F070213E4AE0B9599CF6348B0EAC781225457
8799115013 48663 43132 2E334F83C5FC023BE15E44ABD51E66C432F5BA247D3591097BE7E04D43D409F9
8801587139 54376 56581 7C20F6CF1A09EEE4F40FE6F70B0F070213E4AE0B9599CF6348B0EAC781225457
8798754280 55151 7825 F75FB16C1DA2F58F5E6B2577121616918CE92AF790643D090E585578CF351296
8808124668 42619 55834 BE9A6F7B849AD16343240EA1E1C4CC0757C6E4F81361CAB4D2E88897BCAEF302
8804123229 18775 31048 AB5F45AD6F227C34D5E0EBF5A61EE07C96139CABEBDB85D5FD4EC32190812C6F
8807519137 15865 32712 D72A358FC78B482677223D9EB3EB71BE639140F35F1691981E50A2C1FD3071B6
8807053073 39094 20844 7C20F6CF1A09EEE4F40FE6F70B0F070213E4AE0B9599CF6348B0EAC781225457
8804486957 46749 34514 F7ACA4AD6F609053C93168CA51F8CC5C1BC8BC7F834A9283DE438BA00D971820
8801432219 15738 4637 7C20F6CF1A09EEE4F40FE6F70B0F070213E4AE0B9599CF6348B0EAC781225457
8799462486 11530 44508 7C20F6CF1A09EEE4F40FE6F70B0F070213E4AE0B9599CF6348B0EAC781225457
8806007360 9531 61258 847060885670A91A731ECB91154874AEE47D25EC605724EDD8464302CA12E0CE
8798372038 63755 45228 C566DB67EA061175ABBB1F8AB03B70FABABF06C7F0DE05FAFAE0E733347C1EBC
8804420368 53211 11389 22166E17E125CB3B5A15BC07F56906B678A4393279A4BEC03394EED53DDFA0CD
8798304021 15313 36829 87F734CD2227D788832EC788CEEB51952E58478E1DC7C32FDEACACEBD8295EAC
8797870158 50993 21573 FE9BEC5DD15373FB27DD55EA5A30BC199939D2D1654CA6BF37289B47A37B6172
8797486101 12106 59220 7C20F6CF1A09EEE4F40FE6F70B0F070213E4AE0B9599CF6348B0EAC781225457
8803524502 33375 24113 47EDFBD54E424212EB766D73AC06CE374EE18EA818B36B0CB3C854AD3516ED66
8801595171 40639 9433 5DB75901ECF3002C0FABACD5AF238FF8CD7A61A97B9D73C6C3B38AC885383F3C
8802670304 64875 12757 05B3C0F2778DE265C4103876025A748ADCCB2AC61F9124A609F8F5931D1FC1B0
8803286910 38910 41082 7C20F6CF1A09EEE4F40FE6F70B0F070213E4AE0B9599CF6348B0EAC781225457
8797167109 46749 61855 091BA101EFAA65B38A39EEA0A4B0D46F16ACEDE8B1BB180D9FEC3BE9D375839F
8798308979 39134 34797 7C20F6CF1A09EEE4F40FE6F70B0F070213E4AE0B9599CF6348B0EAC781225457
8796913526 24540 36148 7C20F6CF1A09EEE4F40FE6F70B0F070213E4AE0B9599CF6348B0EAC781225457
8806493946 29799 42590 A15CB4C46ACDCF9492D499D6D1A0798CB32B079D51F0018996E62498339A6664
8799923182 63380 49757 7C20F6CF1A09EEE4F40FE6F70B0F070213E4AE0B9599CF6348B0EAC781225457
8808121117 64113 603 C8FE06A9B0E5039AC086A799AAD593B2AA4A6D7AD8C7CE2EF975EEDE096A2C6C
8805913006 49937 25413 111323B1E754692004769DDCB10C1367F380ABDAE3FCCB1FEC710AB673B79A4B
8798876246 20201 54227 FBD0A991495C909EC253E60B20732FAEE7F376BD11882DBA26F0FBA485EF05DA
8805702290 35433 53454 F11B42A5E07ED38909A0BDAE41A554FE2F82E0559483B8CA305A73E993DA3963
8805931823 5880 11738 7C20F6CF1A09EEE4F40FE6F70B0F070213E4AE0B9599CF6348B0EAC781225457
8805320594 30796 12119 7C20F6CF1A09EEE4F40FE6F70B0F070213E4AE0B9599CF6348B0EAC781225457
8796855210 13852 24633 7C20F6CF1A09EEE4F40FE6F70B0F070213E4AE0B9599CF6348B0EAC781225457
8797133995 45987 46015 91BE3123F2A75F6615653F11421C74F0AE03F9B91DC34664288C19221AA0A8C0
8800588081 41430 5421 7C20F6CF1A09EEE4F40FE6F70B0F070213E4AE0B9599CF6348B0EAC781225457
8807341988 43462 21310 7C20F6CF1A09EEE4F40FE6F70B0F070213E4AE0B9599CF6348B0EAC781225457
8797451034 9781 19070 484C325B4A07AA25B7B813DA708AAABD957440E9A94442F3A8B82485DBE06DEC
8802187096 11904 2130 7C20F6CF1A09EEE4F40FE6F70B0F070213E4AE0B9599CF6348B0EAC781225457
8806853920 23833 11846 F8D8A5CD100DB218B00A2EA7B5CC14158ED2D70D90214E8E0FF94D40A6C3A0B6
8807227305 35498 32547 7C20F6CF1A09EEE4F40FE6F70B0F070213E4AE0B9599CF6348B0EAC781225457
8804370967 4351 55033 9170D2CD48DDEB32AC4B097CD7F5B32FA9A63D46D4E385C4F4C0E81599D6EA23
8803288797 10753 22385 C21BEBFF3E90F251D7085B9B6A2993AD813C91C5CF52627902C0EE4347A83F22
8801379208 3222 26727 7C20F6CF1A09EEE4F40FE6F70B0F070213E4AE0B9599CF6348B0EAC781225457
8807441004 29676 25210 7C20F6CF1A09EEE4F40FE6F70B0F070213E4AE0B9599CF6348B0EAC781225457

Total of 0 tasks calculated error.
