Total of 100 tasks calculated correctly, accuracy 100.00% 
8884877311 19799 22971 E10AA832AAC36129696BFE8BA91688541CA2BDDF458454ACC07920187E78679F
8885888068 45459 841 FB07EABAF56A0212D525E34E5DD9F96A168E2D5F2EE1C1D228400261F1F485CF
8887558597 28185 16842 4EED34AE78B0A8C8D3AA5E03E5D65064741B7C570A7E96F8AC5EA6708D4453A5
8889423139 22119 58222 9D3A6FB350553EC61118A05F7A14CA62D553F13F2574F277EA83379EE57E4F07
8890935853 48342 8601 7C20F6CF1A09EEE4F40FE6F70B0F070213E4AE0B9599CF6348B0EAC781225457
8887945074 38326 35477 7C20F6CF1A09EEE4F40FE6F70B0F070213E4AE0B9599CF6348B0EAC781225457
8887137172 7627 27121 7FDFBD90A50BB4E1DCDADDE99E1F6B4DB63BDA6EB23D2C1E7172760F2AD2FD37
8883298554 3612 55016 7C20F6CF1A09EEE4F40FE6F70B0F070213E4AE0B9599CF6348B0EAC781225457
8884443392 36794 14492 7C20F6CF1A09EEE4F40FE6F70B0F070213E4AE0B9599CF6348B0EAC781225457
8882455132 46911 18979 2A0F8F311E587D5D00888457F4A067383FFDEE48BF38060980DBF09DDA07F2C0
8883758192 56567 32248 17088B9E777756C48463E11EDB9C2FB5788D932FB9BD571CBA4E4D1B1B518AE6
8889111187 48518 8669 7C20F6CF1A09EEE4F40FE6F70B0F070213E4AE0B9599CF6348B0EAC781225457
8881365310 65194 23161 7C20F6CF1A09EEE4F40FE6F70B0F070213E4AE0B9599CF6348B0EAC781225457
8885176000 61717 38404 9EAC62BB69B32A8602AA4329D515F4D0B7BB7543798FB0089E0F8F71A78C618F
8881252924 35610 44131 7C20F6CF1A09EEE4F40FE6F70B0F070213E4AE0B9599CF6348B0EAC781225457
8882246014 27770 38908 7C20F6CF1A09EEE4F40FE6F70B0F070213E4AE0B9599CF6348B0EAC781225457
8885467180 5921 38714 ED2CE14C142F1E5AA7C7FA25200B2EA0132FE5AA611D4CF8A54183C77AF67BCD
8886738805 18004 3793 7C20F6CF1A09EEE4F40FE6F70B0F070213E4AE0B9599CF6348B0EAC781225457
8890630776 15998 55182 7C20F6CF1A09EEE4F40FE6F70B0F070213E4AE0B9599CF6348B0EAC781225457
8886093594 19032 22740 7C20F6CF1A09EEE4F40FE6F70B0F070213E4AE0B9599CF6348B0EAC781225457
8887458950 141 13016 E52769C383F13C220F990F852E5235EA9B10C5D9E601104A41E56FB0ACA8BD38
8885401645 54619 6278 DF0427D66280C4AA4A88446E01A7A44B86BE65251B57EF2013AB750ED529A044
8889215737 62943 35302 49EFE6D07938595E903EBAD29637B485594B0F67C770C73FC006B5568D34F4F5
8881644501 5123 46858 6966B705E148E2548B2658D03B0C946AD08392B009D93CAE89A861BABCA630F0
8886452666 1190 28445 7C20F6CF1A09EEE4F40FE6F70B0F070213E4AE0B9599CF6348B0EAC781225457
8888044549 50529 5914 BFF50EA13CF8CA50809546A64FAB83D241C3511F35B2A1504420322E16ECBC13
8886487647 11679 14703 1CB358999CDC0137DBFB26D7D5DCA6739093A376E9C2502334C7213C85E0AEEB
8890634558 34971 31387 86E0C38F095140A8B025967AAAC515B6A51294A5376D18782B42610A9FFA027F
8885336302 63358 45036 7C20F6CF1A09EEE4F40FE6F70B0F070213E4AE0B9599CF6348B0EAC781225457
8881649900 13848 8789 7C20F6CF1A09EEE4F40FE6F70B0F070213E4AE0B9599CF6348B0EAC781225457
8888780106 51188 4335 7C20F6CF1A09EEE4F40FE6F70B0F070213E4AE0B9599CF6348B0EAC781225457
8886417844 8215 3339 04D86B43B6B473D091760000BFA2D8E160C2C07FCD62A3978A46F8C9CFCFC95F
8884986915 46038 49148 7C20F6CF1A09EEE4F40FE6F70B0F070213E4AE0B9599CF6348B0EAC781225457
8884719747 35509 25141 FC6629D34FC2A5E8CFEDEE300F534563113C60D608BC2E25B705806984256084
8880635560 50318 35518 7C20F6CF1A09EEE4F40FE6F70B0F070213E4AE0B9599CF6348B0EAC781225457
8890991327 44824 15173 7C20F6CF1A09EEE4F40FE6F70B0F070213E4AE0B9599CF6348B0EAC781225457
8889466805 41752 11224 7C20F6CF1A09EEE4F40FE6F70B0F070213E4AE0B9599CF6348B0EAC781225457
8885690004 4926 26944 7C20F6CF1A09EEE4F40FE6F70B0F070213E4AE0B9599CF6348B0EAC781225457
8886274249 11798 12226 7C20F6CF1A09EEE4F40FE6F70B0F070213E4AE0B9599CF6348B0EAC781225457
8881238046 453 23430 D71D0DF04C7C912D67E0DE1EFC10E5252279E2323D05DF9FC599A37B6F88F750
8889309998 32471 57618 D23C0A45C110B14A4947589CAF98EC69E34A2C96E5C44675E87E6E1E21028045
8890142634 8378 46194 7C20F6CF1A09EEE4F40FE6F70B0F070213E4AE0B9599CF6348B0EAC781225457
8885757968 25192 35531 7C20F6CF1A09EEE4F40FE6F70B0F070213E4AE0B9599CF6348B0EAC781225457
8888911173 2840 43378 7C20F6CF1A09EEE4F40FE6F70B0F070213E4AE0B9599CF6348B0EAC781225457
8885651276 13929 50853 6EDBDAABC1D67AA4B930452A7EA63037316488D15294030D1F07FE5A0A0AD66F
8887618451 29644 1107 7C20F6CF1A09EEE4F40FE6F70B0F070213E4AE0B9599CF6348B0EAC781225457
8881042565 14177 56769 A8A55EA503B66A93E9605801BA825C83BD047C1B8832349360A578DA1EE62AB5
8886932593 13856 37028 7C20F6CF1A09EEE4F40FE6F70B0F070213E4AE0B9599CF6348B0EAC781225457
8881856540 23069 36385 E01079D9B39FA7E0EFA6819FDFE9CEB89255BB53B5DCB2DDCBBBA0FD9020B4C6
8891060963 47523 42090 422042C458812593A1EBA60E3B8C7A938B3F57600B85BE88D851BE16A60B9D40
8886552196 8049 33789 CBB724FF3D11A8F208F1034A394FC5864F269F90899C9FD5F86A674D7D98D6ED
8888631039 8236 64601 7C20F6CF1A09EEE4F40FE6F70B0F070213E4AE0B9599CF6348B0EAC781225457
8881124061 12607 1879 38C9CAFF7B283DC55CDE3F0B0352F8540DF002A868FF9499F4723AF0F56DA509
8881549033 30808 42568 7C20F6CF1A09EEE4F40FE6F70B0F070213E4AE0B9599CF6348B0EAC781225457
8881715034 48132 5976 7C20F6CF1A09EEE4F40FE6F70B0F070213E4AE0B9599CF6348B0EAC781225457
8883161239 19766 61127 7C20F6CF1A09EEE4F40FE6F70B0F070213E4AE0B9599CF6348B0EAC781225457
8882689260 15225 50793 9FD2A5CE7BAAA9B7A6B9C36C7176C76775C595D540F3DB3DF4717437BD9D0A92
8889373451 53574 40713 7C20F6CF1A09EEE4F40FE6F70B0F070213E4AE0B9599CF6348B0EAC781225457
8882238708 51812 60727 7C20F6CF1A09EEE4F40FE6F70B0F070213E4AE0B9599CF6348B0EAC781225457
8892293283 46183 40525 EB8C35A8C6E758E16AFD473C4A7ACAAFEE1FE1B48AC301E8E7C3EE7E3F10BFC7
8891360059 18077 42395 7A5A50F9904092560D4C23DF84C0E25AF78E0551CC9D9E733237CD37506F3B38
8890621366 16874 62470 7C20F6CF1A09EEE4F40FE6F70B0F070213E4AE0B9599CF6348B0EAC781225457
8890603912 46695 8567 90BB2100F089346DC08231D38027CBB67349B57CFE70228CFFFCE5AB57A5FE64
8891571558 29181 55547 ADCE9262D58441F3209AD9A8BD02E86000D0B3E22A1F56DB8A7D3A280D74CBBD
8883778089 53816 19809 7C20F6CF1A09EEE4F40FE6F70B0F070213E4AE0B9599CF6348B0EAC781225457
8886352171 33153 29776 C0AA3F6ADD382CD2E97B67D3E098D03055C114DB202DBF8E174B364F4AC042FA
8891634511 47348 18421 7C20F6CF1A09EEE4F40FE6F70B0F070213E4AE0B9599CF6348B0EAC781225457
8881017489 44159 58971 764CCD3D11179A5F6952C46E2E13EA5FE8F077883BB15613420BC8D4A03416B0
8881146188 50152 53171 7C20F6CF1A09EEE4F40FE6F70B0F070213E4AE0B9599CF6348B0EAC781225457
8886447146 16500 39513 7C20F6CF1A09EEE4F40FE6F70B0F070213E4AE0B9599CF6348B0EAC781225457
8891084639 54115 27573 64AB895F1D4F0011CD4542B1E0BCC894BF3DA7D0F3920BA0073372C50B1110F8
8885299072 57185 28351 E37861834959B5C65390E5CF413E7861523CD4FC8D1599F77E8D8FAFE15F9521
8884492089 57595 1216 8D236857DE514E37479783D17043346D41284BF13816E10E85568F6B7E94F57E
8880563133 46183 22986 74A8423723763F38CFE85EF0E7E6986B571E6B8FAA16621EB7CBE4FE61D07BAC
8882245469 63486 51469 7C20F6CF1A09EEE4F40FE6F70B0F070213E4AE0B9599CF6348B0EAC781225457
8890652896 8324 60936 7C20F6CF1A09EEE4F40FE6F70B0F070213E4AE0B9599CF6348B0EAC781225457
8880731690 48155 53226 7EF62F55401908E61D3921517E97D92D9A3B04F47AA57B347B2AC6BFF721AEFD
8882828067 26494 12472 7C20F6CF1A09EEE4F40FE6F70B0F070213E4AE0B9599CF6348B0EAC781225457
8888497731 40189 32631 02FD372DDF70EBDA3E96E4706466C073730481A79B9F76B64337DED708F10EFF
8882561831 59836 42563 7C20F6CF1A09EEE4F40FE6F70B0F070213E4AE0B9599CF6348B0EAC781225457
8885164045 58557 23791 FC02D7F3776B842BF1E4420E9627CC5477ACF9B64E4B6F6DCECD64C02A442CB4
8888578419 3288 22766 7C20F6CF1A09EEE4F40FE6F70B0F070213E4AE0B9599CF6348B0EAC781225457
8892380495 19879 24819 68E46DB97472EC8A4AA6304DEEE022023AB53AA9120ADD357F5E8EFFEACC8657
8885684468 13214 16988 7C20F6CF1A09EEE4F40FE6F70B0F070213E4AE0B9599CF6348B0EAC781225457
8885167305 45966 14035 7C20F6CF1A09EEE4F40FE6F70B0F070213E4AE0B9599CF6348B0EAC781225457
8889325448 7540 43243 7C20F6CF1A09EEE4F40FE6F70B0F070213E4AE0B9599CF6348B0EAC781225457
8889847156 57615 6071 CEA9880F3717BD568B58B8E625EEC6D4459A3F4B3A207190A2BE65559BB8B05B
8880549964 27676 6618 7C20F6CF1A09EEE4F40FE6F70B0F070213E4AE0B9599CF6348B0EAC781225457
8889473064 14091 61494 A8DE7133126B8E08E02C53416F74CED52EF09DD1B9E1A9DA0BD67BFFD5C08497
8888631473 15599 54554 EDBD69F945930F6BC9CE92121CBA46A9C45B75869590FF1ACAF42529C36216F3
8880921858 46041 11515 97070DE5D3549764740119594EB7336DBB4FD8589222376BDFE22A15E8DE0CD4
8887109810 25909 39295 7B2051326ADE7BC648EAFEEE79DDD10F252F20A187E0827EE0B2EA912979E866
8881673911 25326 36177 7C20F6CF1A09EEE4F40FE6F70B0F070213E4AE0B9599CF6348B0EAC781225457
8882300124 30142 31448 7C20F6CF1A09EEE4F40FE6F70B0F070213E4AE0B9599CF6348B0EAC781225457
8889070175 62833 2157 232E598B2B901160DAA79A1BC7750ECAFDE9CBEAA1CF50B7D27DD4DEC123DF71
8884591557 42240 24529 7C20F6CF1A09EEE4F40FE6F70B0F070213E4AE0B9599CF6348B0EAC781225457
8885322509 56295 45637 6C76562CA8A86BA6C4485F0F5A68B7CE1A9B58D264C9AE63D0EF559C01ABB795
8891905634 19112 26308 7C20F6CF1A09EEE4F40FE6F70B0F070213E4AE0B9599CF6348B0EAC781225457
8883545414 19952 46931 7C20F6CF1A09EEE4F40FE6F70B0F070213E4AE0B9599CF6348B0EAC781225457
8887879359 60574 7870 7C20F6CF1A09EEE4F40FE6F70B0F070213E4AE0B9599CF6348B0EAC781225457

Total of 0 tasks calculated error.
