Total of 100 tasks calculated correctly, accuracy 100.00% 
8919416539 21833 22337 3A3E8867EFBF546F36F8931C17857A7CEB1FA6F7A58734ADE2E4CCB0D3A7E7C5
8919360471 4531 58369 D6CF9964C23CCE4A508EF4FB61C8FDA6DD2C562FBBAD0DE2B4DB91A51E9A3607
8921295055 61082 41154 7C20F6CF1A09EEE4F40FE6F70B0F070213E4AE0B9599CF6348B0EAC781225457
8927570474 44164 40038 7C20F6CF1A09EEE4F40FE6F70B0F070213E4AE0B9599CF6348B0EAC781225457
8920771628 62530 25 3AC14C68A3CF06DFAECD0BCF967A829B425E6D355817013CF0291ACEFF59FFDD
8926164607 57787 33672 293E96540A8873AAC644D7CDE45EA26D0796F1422EB52035BEF72D98757D4138
8923749946 63839 31614 91DC9F00A59B2EAE90FF0D60A154E6FEFC3C64EB18537C3825BC13CC03FEE9B3
8920021117 48168 26428 7C20F6CF1A09EEE4F40FE6F70B0F070213E4AE0B9599CF6348B0EAC781225457
8921115112 54054 4699 7C20F6CF1A09EEE4F40FE6F70B0F070213E4AE0B9599CF6348B0EAC781225457
8922934968 30198 13010 7C20F6CF1A09EEE4F40FE6F70B0F070213E4AE0B9599CF6348B0EAC781225457
8922814682 52861 56959 A763C0B14F6F6CD30C50BDF6D0EE490FE4C9F35126CDFEE1D05F5ADE10E6DE5E
8921194349 58076 5192 7C20F6CF1A09EEE4F40FE6F70B0F070213E4AE0B9599CF6348B0EAC781225457
8919038602 18805 40179 4114460D7A9BE73CE9D08ECEAF134CDC2B95E7CC6A1AD74B8A9B5DAC70C434D8
8926625904 42002 31408 7C20F6CF1A09EEE4F40FE6F70B0F070213E4AE0B9599CF6348B0EAC781225457
8922158960 44305 61294 FAE30CFE55869E389E8FEB82F235E2215E6FAD32E71BD7EDD4A14543CBE6FB58
8919493078 5337 33224 DF5D1B618722F1D835BB0B95C2457CD2B344C35A905D7D75469114ABD752F67D
8927777497 34463 44024 26C889356D00555B82A546B0421F4D0226453956EF1434A871C9B18D08531775
8920987905 42835 5409 950B3CC208D90A84FB93F920643132813E585E3BE4A4505AF8AEE5EB45EB7EE3
8924304501 30737 20609 301FF1E8BC8BCA68D4D3FFCB5C982008BC795D38E9764AEB8D6049CEA4309CA7
8922584510 56105 28980 D8AE007BA83A8DD7AB6E2E3AF34EDAF87F7D8D63B046F43C1CFA0E3961F16D36
8921051872 20356 34447 7C20F6CF1A09EEE4F40FE6F70B0F070213E4AE0B9599CF6348B0EAC781225457
8926004734 20313 10190 118A18094AA35ACEFD6F5315B25BD316209DF52BB108A40B4B0B912E30D6BFEE
8923226213 13586 42329 7C20F6CF1A09EEE4F40FE6F70B0F070213E4AE0B9599CF6348B0EAC781225457
8917062253 33812 27753 7C20F6CF1A09EEE4F40FE6F70B0F070213E4AE0B9599CF6348B0EAC781225457
8926725013 17025 39846 A4E025C949F953DA5A1BB374F39F151CBC7EC749FB00A2431CCE0E65E8BBDCAA
8922245910 5060 42745 7C20F6CF1A09EEE4F40FE6F70B0F070213E4AE0B9599CF6348B0EAC781225457
8922399566 31453 29511 D7FC29B49FC89EADED639E2AFB57E03FAD9559BD0B4E57BA1087C237C5C417DC
8926748179 45829 39532 206D27B74C33E4C83BD72859571D0A58C2DC9E07084AB156173B369D97BBEA41
8927929712 53635 48864 9EEE6840A81CE4ED343C52B38380920DAD6691D989072D85B6DFE6DEEDA6D6F4
8927503392 8678 35611 7C20F6CF1A09EEE4F40FE6F70B0F070213E4AE0B9599CF6348B0EAC781225457
8922201629 19422 48338 7C20F6CF1A09EEE4F40FE6F70B0F070213E4AE0B9599CF6348B0EAC781225457
8919310472 3284 32924 7C20F6CF1A09EEE4F40FE6F70B0F070213E4AE0B9599CF6348B0EAC781225457
8916603628 50294 15269 7C20F6CF1A09EEE4F40FE6F70B0F070213E4AE0B9599CF6348B0EAC781225457
8925540753 38606 22652 7C20F6CF1A09EEE4F40FE6F70B0F070213E4AE0B9599CF6348B0EAC781225457
8926444519 16406 26668 7C20F6CF1A09EEE4F40FE6F70B0F070213E4AE0B9599CF6348B0EAC781225457
8916811077 25730 27140 7C20F6CF1A09EEE4F40FE6F70B0F070213E4AE0B9599CF6348B0EAC781225457
8923876769 13786 7760 7C20F6CF1A09EEE4F40FE6F70B0F070213E4AE0B9599CF6348B0EAC781225457
8918219807 25661 42618 470300BA360837D74AF57187FBE305F9D496EDB60A91DA0C9D2A632727671381
8925997535 11160 14601 7C20F6CF1A09EEE4F40FE6F70B0F070213E4AE0B9599CF6348B0EAC781225457
8928179035 45134 42717 7C20F6CF1A09EEE4F40FE6F70B0F070213E4AE0B9599CF6348B0EAC781225457
8919377002 133 40179 7874DADC7F7BCAA4BC74E5326BFDD1C483286B421E9345C1851DF55B8B0E728F
8924167583 32365 7228 0BDBDC0C23A1044C2141608E7825CA0AB255407727529CF6A1978151B53CD777
8919194229 30625 36465 ADB19B1DB168CCA0D904E4F878DCE7DA26A10BA6D8A0B50B1C0C2A12620D5492
8917159192 62508 65269 7C20F6CF1A09EEE4F40FE6F70B0F070213E4AE0B9599CF6348B0EAC781225457
8917990291 63220 33466 7C20F6CF1A09EEE4F40FE6F70B0F070213E4AE0B9599CF6348B0EAC781225457
8925266730 64735 20444 7FF38B6DD279C4C5C6FFBC74BB381F783ADD4ADB7EC373AE489C5AFDC5F90736
8926078131 31275 13750 DC3C197A52F9ECE619ED850B4C7F0F40E4F8FB3D29DFF1662F20F2FF44752F7F
8927282176 30916 26662 7C20F6CF1A09EEE4F40FE6F70B0F070213E4AE0B9599CF6348B0EAC781225457
8918739971 57165 3458 DD99DDD895AFEF451341EFA8147EE82743743C57AE29AD92693ABB382A2BE963
8924857699 16956 26203 7C20F6CF1A09EEE4F40FE6F70B0F070213E4AE0B9599CF6348B0EAC781225457
8917653547 62806 759 7C20F6CF1A09EEE4F40FE6F70B0F070213E4AE0B9599CF6348B0EAC781225457
8926072995 1843 48843 BCB2BCB9594576C480F26F68BA35ED90564E30A8D81AD2EA10B976482848A097
8926074319 43806 36901 7C20F6CF1A09EEE4F40FE6F70B0F070213E4AE0B9599CF6348B0EAC781225457
8921724195 53902 42213 7C20F6CF1A09EEE4F40FE6F70B0F070213E4AE0B9599CF6348B0EAC781225457
8927780572 58513 17613 8A5D674F25BD2B12BB26F82344CEF498B4C00C0C778D5A4B820EE73EE603D186
8928046023 40060 5033 7C20F6CF1A09EEE4F40FE6F70B0F070213E4AE0B9599CF6348B0EAC781225457
8920448519 42081 44928 D34DD6C82E4B6A3D96D2B68494C83F407B31FA333B9F22B63F9997EF6496C95D
8926493497 62850 33505 7C20F6CF1A09EEE4F40FE6F70B0F070213E4AE0B9599CF6348B0EAC781225457
8921475402 65301 54250 F8A62817FDBF6507D96F8970C06D6E2839CDCB8BFBB6150DE8878C8337F5253F
8924213374 4164 25849 7C20F6CF1A09EEE4F40FE6F70B0F070213E4AE0B9599CF6348B0EAC781225457
8925209561 41305 14819 C16520BECB9EC902AE8FC3728045E08203B12E5A3A40F4F704FA88A0246CEB38
8919775418 20760 35304 7C20F6CF1A09EEE4F40FE6F70B0F070213E4AE0B9599CF6348B0EAC781225457
8916899209 57817 23282 C7649B9F900E517652AA12C505468B8418892E940C8607891B6F5070749F165E
8926208816 3793 4454 735F22A11B629158375E62371FC70AF5DE4591B5D4C13780695521EAA65D497E
8920278256 63750 6977 7C20F6CF1A09EEE4F40FE6F70B0F070213E4AE0B9599CF6348B0EAC781225457
8919047282 36969 53282 F299FFC9ECF0D158142DF1F6EAD7E4E21870063C78DCB33B7DC3782AF37F1C1B
8919510480 8336 6804 7C20F6CF1A09EEE4F40FE6F70B0F070213E4AE0B9599CF6348B0EAC781225457
8926483359 63430 25978 7C20F6CF1A09EEE4F40FE6F70B0F070213E4AE0B9599CF6348B0EAC781225457
8916639975 24463 51051 0A5DCDF817F0897DE6E3EF2F6B1D6A651695A6AEAFD0FBEEE518BD5AAF692AB3
8924115381 45057 45580 FD4BD52D3F128225090E27CB8DB51F07F4123DFA25195338E2451AB944376180
8923411455 12860 20762 7C20F6CF1A09EEE4F40FE6F70B0F070213E4AE0B9599CF6348B0EAC781225457
8919203940 27253 39743 11D2418A20B889732644A4BFBF2CCD8D322397994274BF565FF0C1E53FB6E019
8924623490 45074 32560 7C20F6CF1A09EEE4F40FE6F70B0F070213E4AE0B9599CF6348B0EAC781225457
8927455973 25242 26234 7C20F6CF1A09EEE4F40FE6F70B0F070213E4AE0B9599CF6348B0EAC781225457
8926706581 31518 35851 7C20F6CF1A09EEE4F40FE6F70B0F070213E4AE0B9599CF6348B0EAC781225457
8923122040 58867 571 61DB65C64F352E33195B04E0C55FFE6B48F1DB7A069BB6CD57503474CCF9E0D2
8917002759 5430 62967 7C20F6CF1A09EEE4F40FE6F70B0F070213E4AE0B9599CF6348B0EAC781225457
8925549668 37721 39450 E89F6CBB1B5743C77F130D970DDA82C868695BB4A64F78881F2508FF531E35BF
8918471029 43667 63543 E65F67B19483161EFDA9BF9963774DCB08A56DE07EAC6A88216CF3D9417AC646
8919326063 46665 30591 4CFCD5F431B9B68774A54AC17BB456F3F0D0B60C39657A19C17915CB4AF28C2C
8917294321 42154 26109 7C20F6CF1A09EEE4F40FE6F70B0F070213E4AE0B9599CF6348B0EAC781225457
8928374823 25269 62084 5B451BDB3B93BE3E4FE57E0C312812528B722BFF3348BB55D245BA76F8D4A6DD
8920703289 62336 15867 7C20F6CF1A09EEE4F40FE6F70B0F070213E4AE0B9599CF6348B0EAC781225457
8928228422 46884 61528 7C20F6CF1A09EEE4F40FE6F70B0F070213E4AE0B9599CF6348B0EAC781225457
8920129658 29263 1540 097DD4CDC71AA0CB725A714D1B27AE97D9DCC67E692F37AB705BC4AF8EA59907
8928299242 41474 43365 7C20F6CF1A09EEE4F40FE6F70B0F070213E4AE0B9599CF6348B0EAC781225457
8925937718 2398 47742 7C20F6CF1A09EEE4F40FE6F70B0F070213E4AE0B9599CF6348B0EAC781225457
8920940202 3144 42241 7C20F6CF1A09EEE4F40FE6F70B0F070213E4AE0B9599CF6348B0EAC781225457
8926790442 40045 47618 23D9A587F53AC9A5E1C56F8F072A6C76B222962844530AD0D2DE830A41FF960D
8927195790 35379 23048 6184D49DE545535A90592D8D460045D9C5A69BF9196B3B7D0FFDF8DB05DDE896
8916718779 13512 35479 7C20F6CF1A09EEE4F40FE6F70B0F070213E4AE0B9599CF6348B0EAC781225457
8927283804 19431 4665 05A3491B8A925D68F05ECDFFB5312C735B9305AD5DC07DD8CFFDF69ADAC3F2C7
8918685043 55974 657 7C20F6CF1A09EEE4F40FE6F70B0F070213E4AE0B9599CF6348B0EAC781225457
8922649338 31595 41596 11777E82A7D8AD5B5DAC26AE5E72175BE6B80473969C9B0DBF02A595F0E80A79
8926592718 39358 14136 7C20F6CF1A09EEE4F40FE6F70B0F070213E4AE0B9599CF6348B0EAC781225457
8918609718 52712 55934 7C20F6CF1A09EEE4F40FE6F70B0F070213E4AE0B9599CF6348B0EAC781225457
8928212482 37999 1805 172A8AD2012C6BC71794B88F8AFE654CF2D905909718B068A1E64F236AD08728
8919305584 41116 5226 7C20F6CF1A09EEE4F40FE6F70B0F070213E4AE0B9599CF6348B0EAC781225457
8921592920 39910 49197 7C20F6CF1A09EEE4F40FE6F70B0F070213E4AE0B9599CF6348B0EAC781225457
8922220193 25193 13094 B98E0BB9376211CCE3D3E871FFC74E073D23378C73DF0CD11E042311B079E93B

Total of 0 tasks calculated error.
