Total of 100 tasks calculated correctly, accuracy 100.00% 
8929978378 26375 13410 97BBB6446DDE3D8872EED00B13E5A488BE20ECBB3DF326F6078EE2C95C038FC2
8933679761 8683 35183 EF2F107BF8D1166351171E002075DF634923EA6596A09A68F15FD67E0B52AA59
8936708232 4507 9918 B610560724ED45E8AA3968BFBEC8DF7BD1267B8C844D3E7FD3EB660F66F5FF62
8935172241 4744 12865 7C20F6CF1A09EEE4F40FE6F70B0F070213E4AE0B9599CF6348B0EAC781225457
8937171688 32491 63423 22E694545B8FE599C4756AE1C09FE95C6123C3FA57965D2E58825A22C89D2E27
8936154145 47435 57430 45D4F02BD7F079AA500B95B1E6642548792AD4B4C6076C5E9F512CF8A385585B
8933614674 45666 9058 7C20F6CF1A09EEE4F40FE6F70B0F070213E4AE0B9599CF6348B0EAC781225457
8936884055 19060 1257 7C20F6CF1A09EEE4F40FE6F70B0F070213E4AE0B9599CF6348B0EAC781225457
8929922221 5925 4863 6C91373AB975F1C954A57943B8858D26B5D82357B6EEF1E605DFDFAC91B38050
8930733766 58153 14756 8FFB5AE139886C56FA3CB8553002A3EA3EED3346EA44760AF0FE8AFE52739CB4
8931449057 15732 30058 7C20F6CF1A09EEE4F40FE6F70B0F070213E4AE0B9599CF6348B0EAC781225457
8935879049 17568 24644 7C20F6CF1A09EEE4F40FE6F70B0F070213E4AE0B9599CF6348B0EAC781225457
8929852166 33252 63667 7C20F6CF1A09EEE4F40FE6F70B0F070213E4AE0B9599CF6348B0EAC781225457
8936877814 7055 34837 589DE37A6E19CCF4AE3F7E477968EBA36DF43B3AD67D5EFDCDBA73B1BC1CA80B
8932192027 39369 40319 94FE778C96C5D260D27EEB06BE386DEB86794BE32541AAAA693EA560A065E3BA
8934211676 29458 42129 7C20F6CF1A09EEE4F40FE6F70B0F070213E4AE0B9599CF6348B0EAC781225457
8930056777 20769 13978 63BEE38B1CBA67BD97F212099B1A6D9CEBC3BEAF34FC61FA5D0D8B0BADE4BBB1
8937700329 7968 4273 7C20F6CF1A09EEE4F40FE6F70B0F070213E4AE0B9599CF6348B0EAC781225457
8931369468 19547 33466 061910BAB86A0DDDE9D6E071C85825349B122442E565E6BB5ED777CBFF3B9EF8
8938977784 3765 290 764BC85153A20CD894BCE41E2F1847D5A9BD87D92A5679DE4EB50C2BCB2F925D
8936085520 14589 23626 405CD4DBB84E37542B810613295D99A22B7CC2647A028480E13DF0E974DE7D10
8930615401 61869 27532 B13AD85E2CF622E3BC1049CAD376277878A9628EC9B494B7E5556984692BF6DD
8938788348 55320 52524 7C20F6CF1A09EEE4F40FE6F70B0F070213E4AE0B9599CF6348B0EAC781225457
8940019716 35645 14197 F14D3F733DBC5CE6951FBE74E203CF17FD97E61230D8BB1136FB974E360F05ED
8930928474 54337 939 858B0FBDE8A4DE1E97B3BBFE35E878A908521E7D4D485A500587334B70317764
8937516060 34486 64138 7C20F6CF1A09EEE4F40FE6F70B0F070213E4AE0B9599CF6348B0EAC781225457
8938195308 24875 45717 F62C8BD6FBD89975F227B4AFF54548DC144EA3D6AEE2F8F2573ED3F3703C5F15
8929094191 25415 32411 2A1213FD3C7855898816715DEF450EBCC6723DA016D43ADF3E405CDE872A2D00
8933408946 5469 21972 E87D3EFAE866C887520BB1D8B1CFA3A94FFDB004F45ACB370E89BBC71E30BFE6
8936621062 11324 54515 7C20F6CF1A09EEE4F40FE6F70B0F070213E4AE0B9599CF6348B0EAC781225457
8932615140 54235 30777 B81680F139FC33DEA828F04FB22E027D6875506E9C4332AFCD22685EB20E0229
8936696297 19660 30383 7C20F6CF1A09EEE4F40FE6F70B0F070213E4AE0B9599CF6348B0EAC781225457
8933084909 41322 3227 7C20F6CF1A09EEE4F40FE6F70B0F070213E4AE0B9599CF6348B0EAC781225457
8939810892 34980 63537 7C20F6CF1A09EEE4F40FE6F70B0F070213E4AE0B9599CF6348B0EAC781225457
8930017479 38435 55045 7BC77134BA0D8B5170D43D2CC96149E5F2B285EFF261B01D53D7D1757D3E46FB
8935342497 57922 21654 7C20F6CF1A09EEE4F40FE6F70B0F070213E4AE0B9599CF6348B0EAC781225457
8930551735 36966 32969 7C20F6CF1A09EEE4F40FE6F70B0F070213E4AE0B9599CF6348B0EAC781225457
8936104400 6959 28565 27DB4F8F5308990776826A0A0DDB54C8F17D25BA7F48D7D5BDED16D05B0B16A7
8931341542 40034 23967 7C20F6CF1A09EEE4F40FE6F70B0F070213E4AE0B9599CF6348B0EAC781225457
8934333153 47798 6212 7C20F6CF1A09EEE4F40FE6F70B0F070213E4AE0B9599CF6348B0EAC781225457
8929802387 4571 33092 E1695597567486E4FF372F8480BA28558483BDAE912BD4642F6C25034240CC50
8933282620 35170 16844 7C20F6CF1A09EEE4F40FE6F70B0F070213E4AE0B9599CF6348B0EAC781225457
8936634650 54571 64640 6D3ACBD4359566272E29A4C869F92F23A74891C80692037C3B8013676051B1D2
8932386670 52475 36874 0E44FE8FDC977024D4F6291B5435B7176B4EEDAC8EE19954DACA8073BA545BC0
8929651444 48189 4542 6D09A16A6BE16A75FF2F03AE6471D82289AC01A6CCB2661811D2EAB5FE368BC6
8932211651 25033 29126 27D502BFE89251DDC77235D016B29714F95745F6D9EF9FB1A5C89FC93DFBDE2E
8930561211 36634 54234 7C20F6CF1A09EEE4F40FE6F70B0F070213E4AE0B9599CF6348B0EAC781225457
8932625727 65403 15481 FB922000B861518BD600BDB05BBC57BDF6F44CDC597927B5092BCFCC7523E450
8939117149 20345 3328 363B3A8938AD6AE02543B7A1F8AEA770971F25FEC1926A7B9D49EB5FE8C265BC
8932455288 20398 57267 7C20F6CF1A09EEE4F40FE6F70B0F070213E4AE0B9599CF6348B0EAC781225457
8936202764 14584 16037 7C20F6CF1A09EEE4F40FE6F70B0F070213E4AE0B9599CF6348B0EAC781225457
8933783700 13687 48361 2F71C36DBA4B47FA54616232058B547FA4A71B8A39BCF8DCC270C64988A0BA52
8932922158 24031 64662 6CA2B732F47D52C7DC40ACE61FB165ED6137D2D1253518EF71F8021B768BA83D
8930125826 38301 24637 3E932470ADB04C696698A4779603E4A765B2C2A56DAC21E5D7989DB6385F4CD7
8937649301 39448 34370 7C20F6CF1A09EEE4F40FE6F70B0F070213E4AE0B9599CF6348B0EAC781225457
8939260990 47624 29242 7C20F6CF1A09EEE4F40FE6F70B0F070213E4AE0B9599CF6348B0EAC781225457
8929777023 15786 2743 7C20F6CF1A09EEE4F40FE6F70B0F070213E4AE0B9599CF6348B0EAC781225457
8937479417 62918 55676 7C20F6CF1A09EEE4F40FE6F70B0F070213E4AE0B9599CF6348B0EAC781225457
8939569181 30454 1690 7C20F6CF1A09EEE4F40FE6F70B0F070213E4AE0B9599CF6348B0EAC781225457
8930060225 59787 32795 856E7EDF8B78B5634EBD3D2E13498DE68C96D28DF336A0C259DEE187F135142A
8934619563 34797 23880 D9982D3E1FD63512BC771607B95F0FF3B22AB1E2158CD78F89270079198AF52B
8938467295 27692 45506 7C20F6CF1A09EEE4F40FE6F70B0F070213E4AE0B9599CF6348B0EAC781225457
8934666200 55489 27316 6188CA35B66E3AAD91EC913221739AA03196089C887EFDBCB882BCDB7F75B809
8937620094 33728 29595 7C20F6CF1A09EEE4F40FE6F70B0F070213E4AE0B9599CF6348B0EAC781225457
8938985640 30170 42844 7C20F6CF1A09EEE4F40FE6F70B0F070213E4AE0B9599CF6348B0EAC781225457
8937206725 61542 36580 7C20F6CF1A09EEE4F40FE6F70B0F070213E4AE0B9599CF6348B0EAC781225457
8932165155 27654 51367 7C20F6CF1A09EEE4F40FE6F70B0F070213E4AE0B9599CF6348B0EAC781225457
8934253631 56074 42071 7C20F6CF1A09EEE4F40FE6F70B0F070213E4AE0B9599CF6348B0EAC781225457
8933379063 44814 60551 7C20F6CF1A09EEE4F40FE6F70B0F070213E4AE0B9599CF6348B0EAC781225457
8936059725 63500 24320 7C20F6CF1A09EEE4F40FE6F70B0F070213E4AE0B9599CF6348B0EAC781225457
8932469989 41408 43644 7C20F6CF1A09EEE4F40FE6F70B0F070213E4AE0B9599CF6348B0EAC781225457
8931221058 44108 52302 7C20F6CF1A09EEE4F40FE6F70B0F070213E4AE0B9599CF6348B0EAC781225457
8935826355 1014 51249 7C20F6CF1A09EEE4F40FE6F70B0F070213E4AE0B9599CF6348B0EAC781225457
8938632971 11156 45254 7C20F6CF1A09EEE4F40FE6F70B0F070213E4AE0B9599CF6348B0EAC781225457
8931303276 35259 59826 3443BA635042B67AD36D88A4449989E2243B9C945D72EA1CEA1911EFECCA7E77
8938649795 4052 30038 7C20F6CF1A09EEE4F40FE6F70B0F070213E4AE0B9599CF6348B0EAC781225457
8931057762 11169 23916 6165119205442FCF399017E0BCEA9A7E60CD757AD9C2EC160B2678677825AA6E
8934966437 40347 60480 132840411C21FBDEF391659F7410D7F9660AA9F3DFE86D5861876E74621ED8BF
8930815282 11 44342 A37EDEBE07E09187287F568200A32CE1A89DADF5A69BAF8FF1D7E8E2C7634D6A
8932523269 6484 24241 7C20F6CF1A09EEE4F40FE6F70B0F070213E4AE0B9599CF6348B0EAC781225457
8938925550 20950 25268 7C20F6CF1A09EEE4F40FE6F70B0F070213E4AE0B9599CF6348B0EAC781225457
8935297441 45487 59843 BDB35C3B0DA12F4E787C033868981A70AD4E881CBF70AC6A80C071F5AACE394A
8937013904 21180 12827 7C20F6CF1A09EEE4F40FE6F70B0F070213E4AE0B9599CF6348B0EAC781225457
8932635686 29419 52774 5516FB06C057BC4D23518DE3E0CD44613FDC6435D169B073D61389FC77EC4689
8930565611 44423 43886 D379FA35CBD238FCBA87473EB4A4150BBE68B8A35CDE4549067E8D8B332B5546
8929150451 30873 19804 9ABFC46F9153C6E2AB05F63586ED7D21AEFB7F4C3BC1B7374D5C0989B8B44EF3
8933477919 11280 53621 7C20F6CF1A09EEE4F40FE6F70B0F070213E4AE0B9599CF6348B0EAC781225457
8934167839 13623 19156 1F57399795DDA92ED1E7BFDEA64DE62E39747040C947E295504CB7F66481DF1E
8937178662 64478 24072 7C20F6CF1A09EEE4F40FE6F70B0F070213E4AE0B9599CF6348B0EAC781225457
8934914025 5878 64096 7C20F6CF1A09EEE4F40FE6F70B0F070213E4AE0B9599CF6348B0EAC781225457
8936877899 48588 22424 7C20F6CF1A09EEE4F40FE6F70B0F070213E4AE0B9599CF6348B0EAC781225457
8929594055 18834 34484 7C20F6CF1A09EEE4F40FE6F70B0F070213E4AE0B9599CF6348B0EAC781225457
8933111775 59455 20833 39A5530359BC304A1EF0D7F24E02491AF1950AFDC442E1B6E023B65F78B5483F
8939084969 44708 19124 7C20F6CF1A09EEE4F40FE6F70B0F070213E4AE0B9599CF6348B0EAC781225457
8935435828 9513 9033 AE232CE3270BF919F7CD27488C46352E5915C0FE9B6336D9331A263EA6B5721C
8936913316 45557 25179 A14EE8E715152DECF11CC098050C126705496207E0210770E9F309A5A515E568
8932209318 22582 45641 7C20F6CF1A09EEE4F40FE6F70B0F070213E4AE0B9599CF6348B0EAC781225457
8938300883 28857 45841 0330DC18F65AFDAEC8D7098E352A5573FB2B7482D14111975B77A44324B8C372
8934637566 44494 19288 7C20F6CF1A09EEE4F40FE6F70B0F070213E4AE0B9599CF6348B0EAC781225457
8930788909 42310 37633 7C20F6CF1A09EEE4F40FE6F70B0F070213E4AE0B9599CF6348B0EAC781225457

Total of 0 tasks calculated error.
