Total of 100 tasks calculated correctly, accuracy 100.00% 
8947650291 22430 55552 7C20F6CF1A09EEE4F40FE6F70B0F070213E4AE0B9599CF6348B0EAC781225457
8944610037 35701 42623 423FA153921B4502B63AD14B1C4CFEA6F5A871F0EF2C795A29A1D67DD825BB70
8951108673 7942 60388 7C20F6CF1A09EEE4F40FE6F70B0F070213E4AE0B9599CF6348B0EAC781225457
8948907063 28593 2832 ADEC53B79B80BFE81E4FD768FCF25179AC0D045730C86CA4511AFF6B4F6A24D4
8945955635 34756 50853 7C20F6CF1A09EEE4F40FE6F70B0F070213E4AE0B9599CF6348B0EAC781225457
8944630183 61601 1088 47E106486E94BE552D0E04B90AD51A86E51AE93099703BD39B1498BB732727D4
8942814241 57339 51092 6FE8E410DE7D07BC92556E257C346895A3FDDD49FE6EB15B0E27E6D66BF7AF5B
8944266473 3358 60239 7C20F6CF1A09EEE4F40FE6F70B0F070213E4AE0B9599CF6348B0EAC781225457
8942404707 28522 16829 7C20F6CF1A09EEE4F40FE6F70B0F070213E4AE0B9599CF6348B0EAC781225457
8949935345 23619 43485 FAEEFFF2403405E9556A1AC3BC78513ADE31ADA85B76F62B790C5DFF54D6122E
8947820896 19573 51148 602DC55F1EC12CF251952BE880FB58B1F8EBFE909EDDC6812EA359F8067B02EF
8946382872 12835 15268 F3335D87BB6A423CBEAFDD5058054755B830EAED3B6B7C43090BBBF37B46DFCE
8941433363 14199 150 A3D59C3B251FB99F0C1926D2E60F753B33F35AA36F040A45BB98BDEE242FB4C5
8947492504 22654 36178 7C20F6CF1A09EEE4F40FE6F70B0F070213E4AE0B9599CF6348B0EAC781225457
8943755512 58075 57279 B5B233E072895A14D421EE5144F53BF03C6615166B127014FE7A04B30FA1C6B3
8941328557 7810 26104 7C20F6CF1A09EEE4F40FE6F70B0F070213E4AE0B9599CF6348B0EAC781225457
8943256882 47336 20810 7C20F6CF1A09EEE4F40FE6F70B0F070213E4AE0B9599CF6348B0EAC781225457
8944845060 27574 26367 7C20F6CF1A09EEE4F40FE6F70B0F070213E4AE0B9599CF6348B0EAC781225457
8944125324 32535 41788 39039202D2A16E7C25DDB039D25839B5D9C70609C51A853C78B16DF4491F38E2
8940622070 37558 30595 7C20F6CF1A09EEE4F40FE6F70B0F070213E4AE0B9599CF6348B0EAC781225457
8941032610 3063 4101 3BF727ACC942E4EF518B6FEB0938BC0DEE5D4FFFDF04ECD0307ECD7D90163930
8944270042 13112 28047 7C20F6CF1A09EEE4F40FE6F70B0F070213E4AE0B9599CF6348B0EAC781225457
8941906455 16050 36062 7C20F6CF1A09EEE4F40FE6F70B0F070213E4AE0B9599CF6348B0EAC781225457
8946742756 53616 26392 7C20F6CF1A09EEE4F40FE6F70B0F070213E4AE0B9599CF6348B0EAC781225457
8942579264 43608 31815 7C20F6CF1A09EEE4F40FE6F70B0F070213E4AE0B9599CF6348B0EAC781225457
8943973259 2319 34651 C5FF86C8C77D2A67E6F25EE80C00C4C9C8A2047436656A12C99F7D5D5331203D
8946468240 48858 8521 7C20F6CF1A09EEE4F40FE6F70B0F070213E4AE0B9599CF6348B0EAC781225457
8948664647 16418 25523 7C20F6CF1A09EEE4F40FE6F70B0F070213E4AE0B9599CF6348B0EAC781225457
8950966847 58538 62189 7C20F6CF1A09EEE4F40FE6F70B0F070213E4AE0B9599CF6348B0EAC781225457
8941486647 5409 62823 89225BCA1C40C84381DC73FC6BF2D2EE6CC357AABD5780B200F69A1296B314A0
8943797233 46350 53318 7C20F6CF1A09EEE4F40FE6F70B0F070213E4AE0B9599CF6348B0EAC781225457
8941094919 35794 43489 7C20F6CF1A09EEE4F40FE6F70B0F070213E4AE0B9599CF6348B0EAC781225457
8952220038 4025 47271 68213038A3573686D8B60AAD7F6C7EC27DDDE965EBF6444DF0E5AEBF6923D93A
8944105993 62525 48507 7473C63C3A3A87B56E2ECE627A40A364D0BD8A59593DA2643D4E25434D40B55C
8941789033 14775 5805 79198D013E3B5991727055CEBE25DD65562BE31760B24C9CAD8653B5607F78D5
8949889981 24281 31896 E3E5C0EB143CA86EF80DE40F46C93E1C3DF955C2098FC124EC70BCCD6C0C9DCF
8950486540 45158 61879 7C20F6CF1A09EEE4F40FE6F70B0F070213E4AE0B9599CF6348B0EAC781225457
8946914661 4132 16355 7C20F6CF1A09EEE4F40FE6F70B0F070213E4AE0B9599CF6348B0EAC781225457
8949798574 33089 64293 A56D6D65B12B396DEC3EF58FCF37D91C6D762AB6067053B2F4853B35B78C3222
8943410936 12384 39221 7C20F6CF1A09EEE4F40FE6F70B0F070213E4AE0B9599CF6348B0EAC781225457
8948807915 11253 45215 1023B31D9A28C9BDA7A565F4128E30A6C6111B844AA1F90CE1163FF9EC5462FB
8950098285 28465 31042 5B26829524DD950EA54B93D59E8EBCA7BAD822F82C6730DD32F7BC7B616D6E67
8950144597 20650 38013 7C20F6CF1A09EEE4F40FE6F70B0F070213E4AE0B9599CF6348B0EAC781225457
8942892150 29590 12063 7C20F6CF1A09EEE4F40FE6F70B0F070213E4AE0B9599CF6348B0EAC781225457
8945063523 18333 13928 1E64A3E3C6CC519361DC271364FE68AC6617250565E195A446547C7B9D49EFC9
8945519370 30891 52014 BF70DB2FAB3EE134A6AFAEAA8C917267E24A97912F9C4F85024963441723D00F
8949796850 63366 28603 7C20F6CF1A09EEE4F40FE6F70B0F070213E4AE0B9599CF6348B0EAC781225457
8951477833 53253 7735 D792594A7D91351A9C273EEC7C7AB65425C96CB7C8E6E9F24DF80F3A1A782F3F
8942854816 8992 10687 7C20F6CF1A09EEE4F40FE6F70B0F070213E4AE0B9599CF6348B0EAC781225457
8941123148 38056 16261 7C20F6CF1A09EEE4F40FE6F70B0F070213E4AE0B9599CF6348B0EAC781225457
8941727301 33248 56221 7C20F6CF1A09EEE4F40FE6F70B0F070213E4AE0B9599CF6348B0EAC781225457
8947249998 59648 21410 7C20F6CF1A09EEE4F40FE6F70B0F070213E4AE0B9599CF6348B0EAC781225457
8946891388 3631 13945 E51D5E8F6070E64162C0ADFB356D67DEC2396C8EC07D34607D2CCACEBE0B03C8
8951772287 55664 38734 7C20F6CF1A09EEE4F40FE6F70B0F070213E4AE0B9599CF6348B0EAC781225457
8951567040 11338 30134 7C20F6CF1A09EEE4F40FE6F70B0F070213E4AE0B9599CF6348B0EAC781225457
8944740607 41988 50573 7C20F6CF1A09EEE4F40FE6F70B0F070213E4AE0B9599CF6348B0EAC781225457
8948029149 47362 46244 7C20F6CF1A09EEE4F40FE6F70B0F070213E4AE0B9599CF6348B0EAC781225457
8946749671 45285 8702 EC3A5E2673AE8722209E7289F8259561A75E8893551A7896743ED86C11BF1D4A
8945943026 36786 38763 7C20F6CF1A09EEE4F40FE6F70B0F070213E4AE0B9599CF6348B0EAC781225457
8946478543 28507 56287 6BBB3D58AE0F464675744732139EF561715F263125BB53FD305195531D57C342
8950229198 7116 11779 7C20F6CF1A09EEE4F40FE6F70B0F070213E4AE0B9599CF6348B0EAC781225457
8942362128 44603 37838 1F51D0AF2CDC3A58ED113EFC028EF0A6C5782FF73CB5B44E37E56DF39638C7E0
8945358685 16384 57941 7C20F6CF1A09EEE4F40FE6F70B0F070213E4AE0B9599CF6348B0EAC781225457
8951518097 33756 23754 7C20F6CF1A09EEE4F40FE6F70B0F070213E4AE0B9599CF6348B0EAC781225457
8946582904 39073 37226 49103224296A28ECD5EC99B0B794E2882C54A4A3E4A397FAED2E42857795105F
8943397994 12448 28538 7C20F6CF1A09EEE4F40FE6F70B0F070213E4AE0B9599CF6348B0EAC781225457
8951005648 11291 18374 2107FB14084EFE1B9FD6AFAEBDB1F489EF1527AAED44F4A40621FC2DD2638ACA
8949556993 7571 24796 71110ED1F322CE1F7C3547DB84CC66D4001A3D77578367B77C10959E8B565876
8943565535 16451 34334 90EDEEF3BA274405B4DF338962CCF755B85D6F789935C080E232B7E156DA0845
8949181394 25320 35619 7C20F6CF1A09EEE4F40FE6F70B0F070213E4AE0B9599CF6348B0EAC781225457
8947956915 60601 15069 2F4DA63CE6B99A5A6A4A2C481326250256F52A935983977515DE5B9805D8525D
8942128068 41687 36881 685C8817F0B5142CB40B15087530C619FF92BDA1021DEC9BABE7A7C952294F3F
8945032044 23219 26537 B6AE970AAEB1E6F6533252F1321F7B03B04DC9D2EE0CE13B8BBCF1C45773E104
8948941392 58577 42254 4E1E06BA96E3485B0CD94F9E154D03D0BBF0EC261978DE9C36956C61C04F5C81
8950444577 13886 4265 7C20F6CF1A09EEE4F40FE6F70B0F070213E4AE0B9599CF6348B0EAC781225457
8946906078 10863 24704 A3C3B70673AF234EEB49DCFE6255DD9B038CD3322F741769EE265AA4AB57DEA7
8948698441 36382 4830 7C20F6CF1A09EEE4F40FE6F70B0F070213E4AE0B9599CF6348B0EAC781225457
8945834116 65300 19308 7C20F6CF1A09EEE4F40FE6F70B0F070213E4AE0B9599CF6348B0EAC781225457
8951058638 36761 24197 316726E7B534E959F74EC860F524BE11C6A25B3537D73FB6098A78FBF6E15CCF
8941117015 19895 28436 2B1FD9673B002322BB7124F73CF4AE2151BCE341BCDB0AACB1450F42657EF10E
8950982513 52619 55328 0D753DFBE679AA5EE3E351901F1C4F83115B42204607440FD239A073EC0CE5D4
8951530360 18737 49923 1029C23A269A99E765D2036C4159FED09224691D950E84E39998B5F0AFCA845A
8948832332 64435 11829 85E6D53971B77CA9C50E7D1A72B9431631DBE9801ED350E142D29020D309D9D5
8949218692 19788 19338 7C20F6CF1A09EEE4F40FE6F70B0F070213E4AE0B9599CF6348B0EAC781225457
8952090095 13764 14976 7C20F6CF1A09EEE4F40FE6F70B0F070213E4AE0B9599CF6348B0EAC781225457
8943662376 46173 7509 360CDFE69D148EBE267A8D80B71B0CC218D48EAEA2E6B6CC419299D8877F5AD6
8952217658 22278 7766 7C20F6CF1A09EEE4F40FE6F70B0F070213E4AE0B9599CF6348B0EAC781225457
8947862772 14389 924 23633B671C75DCDCB508DE0A0D85BF288ACB094737785ECD98AB5F670E8276FC
8950342472 12128 2171 7C20F6CF1A09EEE4F40FE6F70B0F070213E4AE0B9599CF6348B0EAC781225457
8941495416 4584 46876 7C20F6CF1A09EEE4F40FE6F70B0F070213E4AE0B9599CF6348B0EAC781225457
8947477401 32063 24859 404E70574816371855F314B538FB4C2782BDA2D7F97F12CF1CCF7844541462FD
8942003366 50588 47423 7C20F6CF1A09EEE4F40FE6F70B0F070213E4AE0B9599CF6348B0EAC781225457
8947736760 61110 14080 7C20F6CF1A09EEE4F40FE6F70B0F070213E4AE0B9599CF6348B0EAC781225457
8950566395 41052 8108 7C20F6CF1A09EEE4F40FE6F70B0F070213E4AE0B9599CF6348B0EAC781225457
8942597855 33817 25294 AF5D72E57DAC985683E5111FF72A03EA506B18BD054D25A552550F26C1E5B459
8940640106 3177 42769 7213BD078B3AAFA736F6260C88169496BDA788F433E358475E20406201E4F939
8949076990 55330 27307 7C20F6CF1A09EEE4F40FE6F70B0F070213E4AE0B9599CF6348B0EAC781225457
8946135323 65110 22873 7C20F6CF1A09EEE4F40FE6F70B0F070213E4AE0B9599CF6348B0EAC781225457
8947300302 50640 14051 7C20F6CF1A09EEE4F40FE6F70B0F070213E4AE0B9599CF6348B0EAC781225457
8949574171 20036 34960 7C20F6CF1A09EEE4F40FE6F70B0F070213E4AE0B9599CF6348B0EAC781225457

Total of 0 tasks calculated error.
