Total of 100 tasks calculated correctly, accuracy 100.00% 
8972426013 39854 58118 7C20F6CF1A09EEE4F40FE6F70B0F070213E4AE0B9599CF6348B0EAC781225457
8971057355 46684 60112 7C20F6CF1A09EEE4F40FE6F70B0F070213E4AE0B9599CF6348B0EAC781225457
8964774121 11227 59166 71AD4A2F41970A66E0A703D2FCA529A28C8A8467F7F622AB39C18646E004F0C8
8968463995 58486 31436 7C20F6CF1A09EEE4F40FE6F70B0F070213E4AE0B9599CF6348B0EAC781225457
8966883725 41265 42830 D33011BA36FD6D83990256149E8C2A26977096C702315065F70DFA72B7ED2315
8967177819 19036 49542 7C20F6CF1A09EEE4F40FE6F70B0F070213E4AE0B9599CF6348B0EAC781225457
8967318016 29231 60078 5469B523A96DE1A4FF9FB9445D94C49B204E2FD56575865F67D0A1F7DC69DF97
8973033459 63900 49868 7C20F6CF1A09EEE4F40FE6F70B0F070213E4AE0B9599CF6348B0EAC781225457
8975695150 2351 42734 622BCDBC141221A80DB3FBA7E3E58748A2AB975B29A56FCB04AC45F439D04129
8971553415 47604 1174 7C20F6CF1A09EEE4F40FE6F70B0F070213E4AE0B9599CF6348B0EAC781225457
8969273354 44617 21440 3CE69E73CA24914AEEC2279E7792569538BDA6D087E65740A2580C408E1A1D80
8974346208 60930 300 7C20F6CF1A09EEE4F40FE6F70B0F070213E4AE0B9599CF6348B0EAC781225457
8973704121 57234 2783 7C20F6CF1A09EEE4F40FE6F70B0F070213E4AE0B9599CF6348B0EAC781225457
8970210808 15694 56413 7C20F6CF1A09EEE4F40FE6F70B0F070213E4AE0B9599CF6348B0EAC781225457
8971824578 15844 24459 7C20F6CF1A09EEE4F40FE6F70B0F070213E4AE0B9599CF6348B0EAC781225457
8973192111 14181 14585 DBABF5E8671A67B2D28B23738FDF2E34309019D9DB6D9C62CD1A47ED841728F6
8965656835 60560 42415 7C20F6CF1A09EEE4F40FE6F70B0F070213E4AE0B9599CF6348B0EAC781225457
8974187512 44658 10837 7C20F6CF1A09EEE4F40FE6F70B0F070213E4AE0B9599CF6348B0EAC781225457
8968455330 54375 52725 8756CF2C42915EE44DE57E6E145E49064A3317273E5FE9327EE85B99D3A61EFA
8975195350 36849 9876 F169F1E0ADDB694829135529E92BFAB311A4CB8E4159965F23C536AABD7EE389
8974490351 17638 16757 7C20F6CF1A09EEE4F40FE6F70B0F070213E4AE0B9599CF6348B0EAC781225457
8966479143 61423 21389 7F9361F7374C1317FA3555DF08DD1F5ADA2ABE1802F7BC0836A91703EB824AD0
8967385505 38538 12405 7C20F6CF1A09EEE4F40FE6F70B0F070213E4AE0B9599CF6348B0EAC781225457
8971181753 19104 44734 7C20F6CF1A09EEE4F40FE6F70B0F070213E4AE0B9599CF6348B0EAC781225457
8976301076 37286 5360 7C20F6CF1A09EEE4F40FE6F70B0F070213E4AE0B9599CF6348B0EAC781225457
8968957104 57315 15762 B300AD02026BEBCB21DC4AAA60AB6492F18B3797433E6213B54513AA3773C823
8965523338 18782 50416 7C20F6CF1A09EEE4F40FE6F70B0F070213E4AE0B9599CF6348B0EAC781225457
8971071048 46073 8262 AEEE0463F1B041A6E925B51F45C0D4B1958ACA4C16B1F85D15ACAC228520FAB2
8970567641 22386 30752 7C20F6CF1A09EEE4F40FE6F70B0F070213E4AE0B9599CF6348B0EAC781225457
8969770326 54738 46644 7C20F6CF1A09EEE4F40FE6F70B0F070213E4AE0B9599CF6348B0EAC781225457
8973062727 18303 25181 CFDEBDB99A0A9399674D2B230AEB01C6C85545675242C1BA9F0BDE4B6FC09EA4
8968074946 5025 42669 31B2E27ADD392DB292447B25D32406B830E668683F4A5D75C8211F48E533568B
8967615712 46006 48626 7C20F6CF1A09EEE4F40FE6F70B0F070213E4AE0B9599CF6348B0EAC781225457
8972040258 4411 42294 487C9F54A60F736CCEA5E1D759A25DC6A974C8E815B87D65F58C89DCB0AE7E91
8969646922 15994 20799 7C20F6CF1A09EEE4F40FE6F70B0F070213E4AE0B9599CF6348B0EAC781225457
8972886826 49171 42958 6D225CD2656147A70FF42260355A3386CC71BF12ABD906A1CDD1FBF30855FE42
8973371017 65449 63780 23BB1D28372ABA108C30C0193C408FAC056D9EBF16BA87AED9FFA7821BFBEC9F
8968932179 61985 26384 0D9F27B9427688FA5B5303BA94E31B2F15CB892A22782756E6F2BE5F0B14EB68
8968885518 37995 49478 80D701365F11FF7FBF2A6492046887E71EAEA5C0D6DD7DACC5C2DF56ADF5B6FA
8968237896 14289 8884 A9C8FD1045095989C050058E460DF4B0519C938A7CFBD15FE973E52FBC5355F4
8976001485 61599 53095 FFEAB1581ADE73966648E57297705555F1BB644DAE9BEDD6D9E66B602F48CBE7
8972660064 24999 56715 4BB6633CFEF824BA934377A407572D5741B0FBACFF080BD930B443BCA50FA436
8973409735 59379 8734 E4E06D64AE0BF1BA0DDEE75176F1E437D570DE92D93F47D0D219A61FA25160AE
8969384233 27402 21129 7C20F6CF1A09EEE4F40FE6F70B0F070213E4AE0B9599CF6348B0EAC781225457
8973408650 23772 38058 7C20F6CF1A09EEE4F40FE6F70B0F070213E4AE0B9599CF6348B0EAC781225457
8964431173 30435 34666 1DA25923F3166160BFB5DBF321E41AFDAD9FD724AF967CC9677A2228ED814D1E
8975130789 22626 63069 7C20F6CF1A09EEE4F40FE6F70B0F070213E4AE0B9599CF6348B0EAC781225457
8967238461 64669 35726 3CC99941EBA1EAD1A87F9044EE13DA0A4CE4A7989C9DD653AFA56EF88AD45713
8965574669 21247 58236 65D0B5368372EB7581343FE9D4C6831926946D7C2DF866F88C630A75FD79591B
8967498987 48172 18663 7C20F6CF1A09EEE4F40FE6F70B0F070213E4AE0B9599CF6348B0EAC781225457
8971272255 6692 44318 7C20F6CF1A09EEE4F40FE6F70B0F070213E4AE0B9599CF6348B0EAC781225457
8967344929 21984 55600 7C20F6CF1A09EEE4F40FE6F70B0F070213E4AE0B9599CF6348B0EAC781225457
8970692263 60325 14588 4671A7C922C1A2FBB394990C737409C622C0C7FC7872DC983A9E7CFC29F6B983
8973984355 34149 26633 3E9C74EF490E64E9610AE0B07055FD6A4B03DDDD50336F75F320FF660020EB0F
8975754104 57917 13831 36F4EAB0DD68FC07588434DD6E72C75756D92029269676C381883586772EF3F7
8969162364 43072 15690 7C20F6CF1A09EEE4F40FE6F70B0F070213E4AE0B9599CF6348B0EAC781225457
8966725647 47927 46914 6940C974AC34FB7608831BF47EAE9AF009ED6272C86938C60D8C788531645992
8972566599 55626 50687 7C20F6CF1A09EEE4F40FE6F70B0F070213E4AE0B9599CF6348B0EAC781225457
8965826421 14801 60973 C43F9511D3157C10DD1855B9D29F0A5934DDD207F53385B0787929A3CD351B47
8976280773 6640 5141 7C20F6CF1A09EEE4F40FE6F70B0F070213E4AE0B9599CF6348B0EAC781225457
8969919254 6211 38518 68668F703C8815697322AC1075F27A0AC66CAFBE82106F0D94AF62EED426E7CF
8968506164 44430 26347 7C20F6CF1A09EEE4F40FE6F70B0F070213E4AE0B9599CF6348B0EAC781225457
8969212432 47299 14016 1DAB327D769A5FD7C9C86D27697ACFA8D4BB707168DD795707DAC0792EA006CA
8972753374 20347 63811 28C3F22B4FD14C1084B0F04455DC75BACC5B97A4EFD5135FB7D85AC8338A1E35
8976232793 6608 12201 7C20F6CF1A09EEE4F40FE6F70B0F070213E4AE0B9599CF6348B0EAC781225457
8974507469 11883 58228 E1044B786759E6584D34ED58381EFDD8BA09D8688B4C26ABA904D816D393C3CA
8970646942 54342 35252 7C20F6CF1A09EEE4F40FE6F70B0F070213E4AE0B9599CF6348B0EAC781225457
8965542962 55164 47371 7C20F6CF1A09EEE4F40FE6F70B0F070213E4AE0B9599CF6348B0EAC781225457
8974148334 14277 21215 8529257B0FB05BFDC84AA1AC0E38D6AE1388547716F878A5C6F2ECCA75A55D83
8970070600 58593 51725 6E9BA9B616E5C66D5929D4F21A16872581AED3B7357BFED6123AAADF82FA9430
8965715142 15281 61608 99E3879EF3F0503CC8CD2DB3E181565F0561EB4DCFDFCC04DC71E14D236001B2
8971582397 54355 51888 647EC799910A9D7359B74CE883CB18B4087D709C4250793483EB95F22157CBE4
8967926897 53191 54526 276366E25A9A47A1D6D0984E746C64B84F56592F57ED3BDFCCB85B1159A559A1
8971943521 29609 27795 5CCD9AA6158BCD2CAB6E4385734ED6582BD9CF3A6108389DE3A86FA51E3582CF
8972724753 10560 19236 7C20F6CF1A09EEE4F40FE6F70B0F070213E4AE0B9599CF6348B0EAC781225457
8969214542 12240 59274 7C20F6CF1A09EEE4F40FE6F70B0F070213E4AE0B9599CF6348B0EAC781225457
8967902881 43802 21902 7C20F6CF1A09EEE4F40FE6F70B0F070213E4AE0B9599CF6348B0EAC781225457
8967614151 56244 48322 7C20F6CF1A09EEE4F40FE6F70B0F070213E4AE0B9599CF6348B0EAC781225457
8970206927 15662 11846 7C20F6CF1A09EEE4F40FE6F70B0F070213E4AE0B9599CF6348B0EAC781225457
8969083089 4587 51657 20E601FF5C546109737EAD46E0AEAD41A05316148664DE73D7282A1AD420EF02
8970444868 42799 61798 2FD82B3D7D2987DBC2BB94EC13C1665179B3C2BD17370DA02A87EF5E47752560
8966017356 32522 59611 7C20F6CF1A09EEE4F40FE6F70B0F070213E4AE0B9599CF6348B0EAC781225457
8966183740 1868 7804 7C20F6CF1A09EEE4F40FE6F70B0F070213E4AE0B9599CF6348B0EAC781225457
8965319025 720 27214 7C20F6CF1A09EEE4F40FE6F70B0F070213E4AE0B9599CF6348B0EAC781225457
8965509481 21081 45256 1CB9ED3F444AA2FB0ADF4C050E15EF0100A20BB3E2229EC4C0EA851116517A79
8973561615 58496 54856 7C20F6CF1A09EEE4F40FE6F70B0F070213E4AE0B9599CF6348B0EAC781225457
8967234933 44341 45130 9A3679591414156070703F66AAE5197164B3F30FBE84D672B51CAEB75693044A
8972162996 19833 2763 DE552272C8BC588A4AC542E035A1134BDFEA95374D1E2327E1C99F725FA118E4
8972970426 18509 38353 5CF7E5EC3F6DE17103698479600BF6699CD527F23D3B64A3637574F2BE360228
8965203747 63459 54359 A69134185878B7F32D5F83C1E9A1B5F861291FB28DAD156475717C3BD47C1319
8974354344 47498 32479 7C20F6CF1A09EEE4F40FE6F70B0F070213E4AE0B9599CF6348B0EAC781225457
8973034730 65522 47132 7C20F6CF1A09EEE4F40FE6F70B0F070213E4AE0B9599CF6348B0EAC781225457
8966427188 4304 42235 7C20F6CF1A09EEE4F40FE6F70B0F070213E4AE0B9599CF6348B0EAC781225457
8976039432 12145 50903 A6D31961CF258A3705689B684093511D316159D3814D95C8BB6CA9632B6E0971
8966128296 31850 34173 7C20F6CF1A09EEE4F40FE6F70B0F070213E4AE0B9599CF6348B0EAC781225457
8972529355 78 32912 7C20F6CF1A09EEE4F40FE6F70B0F070213E4AE0B9599CF6348B0EAC781225457
8964416109 60522 42697 7C20F6CF1A09EEE4F40FE6F70B0F070213E4AE0B9599CF6348B0EAC781225457
8973237449 5674 56704 7C20F6CF1A09EEE4F40FE6F70B0F070213E4AE0B9599CF6348B0EAC781225457
8968046168 61031 57941 09C6EFF9B0CCCD27A428004F21F8CCF242F249C5D03664ED5795DB3822F21732
8974540277 14378 8354 7C20F6CF1A09EEE4F40FE6F70B0F070213E4AE0B9599CF6348B0EAC781225457

Total of 0 tasks calculated error.
