Total of 100 tasks calculated correctly, accuracy 100.00% 
8978169454 23383 11280 1A61CC528285D114320D6A0D9910CCE4639DB5FF4E8CDE08486F369931CA19DE
8984146028 1222 29431 7C20F6CF1A09EEE4F40FE6F70B0F070213E4AE0B9599CF6348B0EAC781225457
8981997645 55778 42457 7C20F6CF1A09EEE4F40FE6F70B0F070213E4AE0B9599CF6348B0EAC781225457
8980230212 30373 4920 7F6EC1CB5A17EB7F63EF0D8915A7F11EA7174641B3505ED4601131119F80F297
8983745739 271 57937 3A7B73484CFB85143FFB6B7150D024A2B45CEAA4B078FEE122D63E14254FFD90
8981165577 51860 16809 7C20F6CF1A09EEE4F40FE6F70B0F070213E4AE0B9599CF6348B0EAC781225457
8988073203 44778 56587 7C20F6CF1A09EEE4F40FE6F70B0F070213E4AE0B9599CF6348B0EAC781225457
8981414110 22420 546 7C20F6CF1A09EEE4F40FE6F70B0F070213E4AE0B9599CF6348B0EAC781225457
8976803575 44014 12783 7C20F6CF1A09EEE4F40FE6F70B0F070213E4AE0B9599CF6348B0EAC781225457
8985382339 26072 49352 7C20F6CF1A09EEE4F40FE6F70B0F070213E4AE0B9599CF6348B0EAC781225457
8978518356 50682 48352 7C20F6CF1A09EEE4F40FE6F70B0F070213E4AE0B9599CF6348B0EAC781225457
8984091876 50866 14620 7C20F6CF1A09EEE4F40FE6F70B0F070213E4AE0B9599CF6348B0EAC781225457
8985151478 55604 36884 7C20F6CF1A09EEE4F40FE6F70B0F070213E4AE0B9599CF6348B0EAC781225457
8981758661 38896 62105 7C20F6CF1A09EEE4F40FE6F70B0F070213E4AE0B9599CF6348B0EAC781225457
8983935464 59928 56529 7C20F6CF1A09EEE4F40FE6F70B0F070213E4AE0B9599CF6348B0EAC781225457
8978154408 27941 53931 DFB649100281933377871C319BCDC820A05B62BFF59105EEEBEE01841FE3C45F
8979176605 44632 39314 7C20F6CF1A09EEE4F40FE6F70B0F070213E4AE0B9599CF6348B0EAC781225457
8988181130 63653 41259 848EC0C0FC85CFD61C7A51460326EA6042EC7B6A3027EE65A5EB8B84949D8098
8980593732 3774 28022 7C20F6CF1A09EEE4F40FE6F70B0F070213E4AE0B9599CF6348B0EAC781225457
8978469242 60897 39278 925E6B0CFF8C1191911B48A51A0185EFD7CA79EC776DB1402A5475CEF1441937
8986694803 62433 27729 F4185D164664368ACFFB5A64BAA2CA981D224EA7EF937A1816BCD937060CA7C2
8981563842 8747 54800 A4AA9C6D3F1BD361A44079B6B411F2A4B9876632F26F72155E19AF7CAD5A4844
8977483527 24002 59219 7C20F6CF1A09EEE4F40FE6F70B0F070213E4AE0B9599CF6348B0EAC781225457
8977905626 42658 29006 7C20F6CF1A09EEE4F40FE6F70B0F070213E4AE0B9599CF6348B0EAC781225457
8978498571 35561 7490 CDAEE6AEB6908D7879D75758E85F0E049886821CA4B0F82A5352E8C53E8F56E6
8987708467 60010 55117 7C20F6CF1A09EEE4F40FE6F70B0F070213E4AE0B9599CF6348B0EAC781225457
8976623575 533 20420 BC26FD69739E7A9DC781A5F1DE49C68812C91A88B98E24480666F97706AD829C
8985142487 43916 28786 7C20F6CF1A09EEE4F40FE6F70B0F070213E4AE0B9599CF6348B0EAC781225457
8986520881 59815 465 6E1720A34BB645FB4872A1566624D38839B61A66D389891EDF5892FD99501DE2
8982420537 4038 39258 7C20F6CF1A09EEE4F40FE6F70B0F070213E4AE0B9599CF6348B0EAC781225457
8978288749 54513 13161 03F34466D02C36207A99B958D710A89257CF7B3AE6E7C72BBFF0393CF80A4BFB
8985561772 33214 57705 7C20F6CF1A09EEE4F40FE6F70B0F070213E4AE0B9599CF6348B0EAC781225457
8984038240 49822 64584 7C20F6CF1A09EEE4F40FE6F70B0F070213E4AE0B9599CF6348B0EAC781225457
8984764905 58846 49377 7C20F6CF1A09EEE4F40FE6F70B0F070213E4AE0B9599CF6348B0EAC781225457
8977070580 63335 56487 558FAEF52698937498911BF177F37CC5550A9E768402A91772ED4AD3AE54113E
8978814739 19002 10889 7C20F6CF1A09EEE4F40FE6F70B0F070213E4AE0B9599CF6348B0EAC781225457
8977492113 52081 56169 E615B1AB8B45040D59E1CE0178672B3BC3A813E73E73DAEE87BF780F77A8CF3B
8982055813 3565 33908 78B3B6DE84D0B1E10A7B7F07C85D148CC7D13568CFB864D7707FE46E71C7DF56
8983368425 61997 61050 FA336227A32174E01E9D027EF34994008B60D6742ECAD674F85BA81714547683
8980163930 43123 10187 34038CDD48F799670AB5ABF5C45E1B243CD8FFD96748CFAA7B017BEE4EBF598F
8978644528 7512 51380 7C20F6CF1A09EEE4F40FE6F70B0F070213E4AE0B9599CF6348B0EAC781225457
8986150076 63475 54446 4204119B09D7DAAC6246FCB2E3086D3831B530EDB93AD5F00C5BC0DBE8A919CC
8987539817 23087 46677 2F8CBF4A6F2BAC5F7F93BEE013131F1FD6EE51790962B15902567110F26A4023
8983256429 42682 3447 7C20F6CF1A09EEE4F40FE6F70B0F070213E4AE0B9599CF6348B0EAC781225457
8980834739 15169 17264 044CB5C3C5CAABDF6EB01E09E1239EEE0BAC8E59B3CF13D9B54E08121A8AB30E
8985334843 15588 21125 7C20F6CF1A09EEE4F40FE6F70B0F070213E4AE0B9599CF6348B0EAC781225457
8978040515 51185 3071 07DE015A446A6BA357DC6CBEA255C84890E2545F717AC24D280B744A114B2B3D
8977292094 63085 56318 7F52112C49DD89B4243BB4246FFCDE7E395CF23244201BEEF2CA90E6EFC3417F
8985796073 14855 26563 A5FEB7997C7387A649CB36C600E1FFA4B11A14408B7FB1FAE93A465C86CD6324
8978066681 7179 47195 326D8B53D5661D6B014DED587B57F035BF322E705EF328BD4D7AD6D83EC16412
8985523610 40983 43385 A64E70DAC9B0D910B111AB9ED73CD404AB54892ABCAAEA65F2F94B543FE49A52
8982776102 5092 60150 7C20F6CF1A09EEE4F40FE6F70B0F070213E4AE0B9599CF6348B0EAC781225457
8976538891 43077 21355 8D9C591DE6C1125C0B672B94FCA1E31570B44E255918D2606E78A7D93B1916B2
8984024239 64614 46212 7C20F6CF1A09EEE4F40FE6F70B0F070213E4AE0B9599CF6348B0EAC781225457
8977787308 60039 40977 018555D62BA4B9E5885ABCEB96BE6A3F3D10C2F3D9A56CF1106C5308895DDC58
8982878408 18312 56461 7C20F6CF1A09EEE4F40FE6F70B0F070213E4AE0B9599CF6348B0EAC781225457
8982474971 61942 52060 7C20F6CF1A09EEE4F40FE6F70B0F070213E4AE0B9599CF6348B0EAC781225457
8981761275 25219 46514 684D873AB5F1563792A49FE8532E04E595CC6CE672CB6E2B6870066657248257
8979365817 52487 42557 EDAEB0E02B0794A5A50A6613D28B63284E94DB7ABAE2A5FF42D181DF4B32746D
8982276141 26778 31235 7C20F6CF1A09EEE4F40FE6F70B0F070213E4AE0B9599CF6348B0EAC781225457
8986530913 57073 64105 4D611D9642F5392B7C61C42D2115FD7129EA665FE8FA70254174EDC04815B0E5
8984999399 33642 1355 7C20F6CF1A09EEE4F40FE6F70B0F070213E4AE0B9599CF6348B0EAC781225457
8982768287 8146 32554 7C20F6CF1A09EEE4F40FE6F70B0F070213E4AE0B9599CF6348B0EAC781225457
8983041995 5293 16489 40AB85052CB2195D6ACF03E77BAA3F3D3DEFB24825EB5E9D2BB346C9850E11B4
8985853110 64209 28939 354365E51F3140421FFF387D765BD6839EF38C0DD691B23AB90D324C3AE9A16D
8982007699 27228 64959 7C20F6CF1A09EEE4F40FE6F70B0F070213E4AE0B9599CF6348B0EAC781225457
8983738033 24188 36601 7C20F6CF1A09EEE4F40FE6F70B0F070213E4AE0B9599CF6348B0EAC781225457
8980972512 32416 8024 7C20F6CF1A09EEE4F40FE6F70B0F070213E4AE0B9599CF6348B0EAC781225457
8981889691 22571 17800 7355AF39C83F30C41124C653175D48E9FD9298D465EC7AB55536EF89EF3C58E2
8979054389 48241 47564 876BB2265394F4243A4A3621ACB3097A082BE69BA91CE19AB6F4BE939B435812
8982119608 12515 7118 352F1AB6268A22AC8685FE2A70FB6406B6C5AC214DFAA91A1F949A1D758DEC6F
8976889421 33639 10864 217558587FF4F6ADFE95EE45C3FE5F1EFD5318F9F5B65DE1AA0D1977E0887CE9
8986393311 55487 51424 35FFE515579AC53122DB963E21D933A4E174CA239643B7A12E4CF78AF146C31D
8986273701 40781 25124 E723923B54622713E776A620F5DDD69234594BDED3E88D9593582F72FECEDD9A
8981730341 52705 8552 33072B9C3780BBA22F471CDB8F56FE4009E5FB6B6D139E20A37325D283CC968D
8982860772 62710 35035 7C20F6CF1A09EEE4F40FE6F70B0F070213E4AE0B9599CF6348B0EAC781225457
8980600570 32378 16940 7C20F6CF1A09EEE4F40FE6F70B0F070213E4AE0B9599CF6348B0EAC781225457
8987545756 25535 19143 05E3D80F064AA1F0AF583117795E51630EC005DDF96A2C96F0356B93243D39E6
8977559959 15154 13397 7C20F6CF1A09EEE4F40FE6F70B0F070213E4AE0B9599CF6348B0EAC781225457
8983616712 53802 25941 7C20F6CF1A09EEE4F40FE6F70B0F070213E4AE0B9599CF6348B0EAC781225457
8988020456 1947 24551 DAB56F68364DA046740569B83CA31E69BDED285A7237A0A38A4FDFBAC2B7470F
8981349285 36224 5091 7C20F6CF1A09EEE4F40FE6F70B0F070213E4AE0B9599CF6348B0EAC781225457
8979303687 35853 21344 D908DE74DE76C163DFA4B3CD2C125FCC4BF30B7ACB73BD1482A336AD23B379F6
8981957406 55572 29190 7C20F6CF1A09EEE4F40FE6F70B0F070213E4AE0B9599CF6348B0EAC781225457
8985474980 37153 55227 ECBC1A27306B0F1D96DBA7CBA737B0A963987046CD9342FA2A20227F5E8F9C07
8977634320 7307 20568 670F1A6794F6DA049E26039A04BF042FF239586DC8B2B4F454BCFC33564FCFE9
8979088983 45619 46279 669C992850951FDA95A7285074E9F54FCE82DB741613BF6D1B878C5AD470CBC3
8983003226 46235 26605 00DD67A1124FE651C125EB7E038518577D0C16517C114D3AAEA73F065C9FD04B
8980240119 21045 57919 2AD5F4E621975E70A5EB033CF8D39732EAE7EFAAFBC3F77440F2CA33C51B11D8
8984117801 38090 13162 7C20F6CF1A09EEE4F40FE6F70B0F070213E4AE0B9599CF6348B0EAC781225457
8977917977 12053 3401 1D9E43F8BEF97B79C523EEF613C8601B54D7FB408A163CEB0575DBB10D6FD37B
8976922844 29923 58497 E2C76CCB79401EB01AACA0A623D2816EB17401A50AA8F93CE38BE0A0E352D87A
8988124579 61695 5571 08773B1973B2A7884655FF0D4958197E337DC6DCBE8AEC65EC9F33E0CA08723E
8981190625 14763 39138 B0533AFC93CDDE6D5246D79AA39387D5071E81335D009554A4E5F2D9225EED5B
8976910860 61630 46952 7C20F6CF1A09EEE4F40FE6F70B0F070213E4AE0B9599CF6348B0EAC781225457
8986902621 48817 57229 62A713F68BD0366B6F09313433F65CE9F9515BEC316CCA5B5A31D9809F0D86FF
8986526669 236 51954 7C20F6CF1A09EEE4F40FE6F70B0F070213E4AE0B9599CF6348B0EAC781225457
8988141429 3332 19318 7C20F6CF1A09EEE4F40FE6F70B0F070213E4AE0B9599CF6348B0EAC781225457
8979227976 43766 23913 7C20F6CF1A09EEE4F40FE6F70B0F070213E4AE0B9599CF6348B0EAC781225457
8980439085 32358 59803 7C20F6CF1A09EEE4F40FE6F70B0F070213E4AE0B9599CF6348B0EAC781225457

Total of 0 tasks calculated error.
