Total of 100 tasks calculated correctly, accuracy 100.00% 
896998992 17327 46114 790996E8AED09AD5613C47034BAB15FCC9FA7C505CC7AC789EA91AA42C9351E9
890985285 11495 17473 E07209767AFE8EF8241CD401B159B28AE53CB1911266E13D39C3A1DED1E6F4AF
898620536 6443 399 2BE9CFB18230D40E8B12DE9A11A2174513A2C63EE951F8C062F71879C42D481A
892597877 43621 57006 5D6D1F7FC4DD117C27ED92E171DEE0B808432756650B7111F79D3A0B12C1C452
900308629 59735 3935 DADFAEB04B0B17BCB31106BF4E425BE512E855C705C5B210A2390FD98DC52547
896426412 22950 62568 7C20F6CF1A09EEE4F40FE6F70B0F070213E4AE0B9599CF6348B0EAC781225457
888984102 25769 23543 A831DD0B414573FE9D48742397DC87F4FF9F59F2D986579FD49074B3C034312B
888764630 46761 13854 94A9C4702B0C6ABC79690D8EFA943723146CF0C790E4C216D7FB2B5370D252D2
899035809 29704 35903 7C20F6CF1A09EEE4F40FE6F70B0F070213E4AE0B9599CF6348B0EAC781225457
890020353 33986 51131 7C20F6CF1A09EEE4F40FE6F70B0F070213E4AE0B9599CF6348B0EAC781225457
895417728 64705 30251 FFE44F54C759CE8C9BFE2955C3B3773E83BCA14A9CDDECC6F382F0F7ED5F7E49
893737285 53196 798 7C20F6CF1A09EEE4F40FE6F70B0F070213E4AE0B9599CF6348B0EAC781225457
896706851 24712 18836 7C20F6CF1A09EEE4F40FE6F70B0F070213E4AE0B9599CF6348B0EAC781225457
900327585 44655 50479 039780DF3E538BDAFEEB518E3AE36C56964683764C5120DB73C02F2308228871
899269106 59074 38874 7C20F6CF1A09EEE4F40FE6F70B0F070213E4AE0B9599CF6348B0EAC781225457
896398177 34213 45950 07FBD4B01B35DC2554C988004E720184389946FB6556BAF09F85935977B106AB
892745762 40033 19622 9B55F9DBBB75F62A364FABFCA59C25F67E4AEB8A8BC824E71AF0610F47927D24
897942622 11831 56337 40E9429476D15D637154380F83A0AEEB5184502D38787743B17D6834B6174698
898362566 31054 24701 7C20F6CF1A09EEE4F40FE6F70B0F070213E4AE0B9599CF6348B0EAC781225457
899203714 63744 20546 7C20F6CF1A09EEE4F40FE6F70B0F070213E4AE0B9599CF6348B0EAC781225457
897014359 8489 45648 8F7572D4079C5C9F24005C6905E843FAE427D206034A7B2A392926FE03C45F95
893846201 53584 35199 7C20F6CF1A09EEE4F40FE6F70B0F070213E4AE0B9599CF6348B0EAC781225457
899701579 38238 33940 7C20F6CF1A09EEE4F40FE6F70B0F070213E4AE0B9599CF6348B0EAC781225457
891433223 62131 39214 7A283FF6C386E313FA221A26058DD6D64972A6350E2EB7BA683166AAA7908687
890926480 46950 54230 7C20F6CF1A09EEE4F40FE6F70B0F070213E4AE0B9599CF6348B0EAC781225457
893625970 37286 4111 7C20F6CF1A09EEE4F40FE6F70B0F070213E4AE0B9599CF6348B0EAC781225457
890795414 24478 11428 7C20F6CF1A09EEE4F40FE6F70B0F070213E4AE0B9599CF6348B0EAC781225457
894157506 8960 64952 7C20F6CF1A09EEE4F40FE6F70B0F070213E4AE0B9599CF6348B0EAC781225457
895913495 60795 47135 4779DBA6509A8A8802A4D8E8DD7FE7C6681332C956C67F32910C104CE23485E2
892844886 7749 35204 12BE4AE09DDEDF9B26058CA2AF78DFB81CBD60E185579FF614C1048650A03B76
893404887 27243 49011 28FE9537133FEBDC0C592EB1B3569B2D5F5B63E52878537EF3200A5867445387
890256272 33193 14327 2175185AE2C8127FD8E64E1D7EBDDC095C9166E1DD8F9C2FC9212246D8AB1CE7
896103183 34030 9986 7C20F6CF1A09EEE4F40FE6F70B0F070213E4AE0B9599CF6348B0EAC781225457
891268845 39485 60765 F022F9A834E71474CABB2FB33D086937C972B271E045BAB9903422B11FB0A0AD
891197740 42948 55628 7C20F6CF1A09EEE4F40FE6F70B0F070213E4AE0B9599CF6348B0EAC781225457
898711596 51649 59209 0CB83D49F8082EC6DA9626B9590CC46C956C1CB4EEDA1789FF3E83862A598349
900089553 21132 57250 7C20F6CF1A09EEE4F40FE6F70B0F070213E4AE0B9599CF6348B0EAC781225457
892290225 25247 16281 205CB88F3FE6FA917F29173B4A71E543966F956DA4CE4D8C2CB4F8B53E0AFEE6
891732398 12729 55611 1805CE0B413647CCA969281AE0060AD06109800C7EAE9BD04435D4910BD8083B
889673536 33043 45936 8DCD942D42381864C67AB06AD1FD28F8346DE437814E8229DC42EA41A99619F7
895276999 47362 35129 7C20F6CF1A09EEE4F40FE6F70B0F070213E4AE0B9599CF6348B0EAC781225457
895962615 45325 44534 A85A9FE9904888DB44D5AAF89D6D92B4558013DBA528B15103CD6C633F6E05C0
900320053 53623 21776 617CC54CB5B272249306F29311C31E5A6F36829EC86F633FD8C0E9321971671C
892972515 11725 22737 9D000BB33C511E6C817F0DC39B6CCC4139AC9769E88DC09B0ADD9EFC8223454B
889001093 22698 16456 7C20F6CF1A09EEE4F40FE6F70B0F070213E4AE0B9599CF6348B0EAC781225457
897374471 37593 21773 5F04BC25B633D99E98A451C963D5F878851BD61B9F19C76BF352A83A6C5385F9
892646070 3201 39705 9F6B6ED788B43DA64DAFC287855749D830DF4131616FBFAF620C663C33872D3B
897950323 60817 31463 7027AC65F0A0D8D895A4CEAA7AF76695E7A39AAFC3CD5E702B7239F2787E6F50
890723268 57961 63447 6D1949FD32E39304B55373E5BACFFD59B3C2B10B19835D7A516D6344D3257C26
897530604 5957 33056 4DE988CD7CCDD1F41B02DAB4B1981060C45FEC429F88542E1A46390DC80708E7
894752473 20335 40346 AD77BE2C795CCE086089125313F89FE64F1656C3A35D10BF4A8A39D6AFF1FB4C
895894442 28993 46978 14A234E7DEF7D995BB49D29BAB8C28E38F3A1F9712C33BBC4EA8F474A1D2B901
896485813 916 63867 7C20F6CF1A09EEE4F40FE6F70B0F070213E4AE0B9599CF6348B0EAC781225457
894890124 44883 5636 07D6F6309C9BD59E96D646999D6DA88E8F4BDAF8645AA0C3902FA312EB7589CA
898844458 12157 33319 C613227F381BE29C4035256BB59CF542A589F1C3CD4000A805A115DDD44343B7
890796076 35752 8118 7C20F6CF1A09EEE4F40FE6F70B0F070213E4AE0B9599CF6348B0EAC781225457
895352194 5661 53781 FEBBF7A32EE162C0BF881D1401FCC16991DE6817CEF903037E96E876E481089E
893289495 49086 19620 7C20F6CF1A09EEE4F40FE6F70B0F070213E4AE0B9599CF6348B0EAC781225457
891533241 50327 31009 0BFAB3D63B458E8D9360E0C1EBBD01310CADBFDDFFED2A036A5A5E0EFDB1C4F7
889706405 52850 64370 7C20F6CF1A09EEE4F40FE6F70B0F070213E4AE0B9599CF6348B0EAC781225457
896833557 61554 35951 7C20F6CF1A09EEE4F40FE6F70B0F070213E4AE0B9599CF6348B0EAC781225457
888971403 34317 31851 E9466494BE664103058ABB635FD40FA0482C4AE596A4AD14D2E2742C0182622B
892363625 26089 3528 4930E714E9364E000DC4BD9B0768FF92730EFE5D78EE6C5D6BF19753C684F8D5
895741794 35621 15569 1F4041728EC08256503A030A69252D62864F2F7EDF95EC3DECEDC70C8A75A569
897063694 2419 56296 B24971CD393C16E3628A07C89C6ABC39575D13BF984DBF0EC4EF2FA6E4614C19
898215623 36223 32756 AAB9514630B7562CB943797C7631629804595E8950B707FB7E090595A2137B1D
899504595 27621 21152 8C8D89C74499AB89375ED729AA4ADB7AE2487CE32DEC8D10EA3C806DDCCC5CC4
889255250 29461 46270 583496D6E8A9F2E76B2608D6400BE4259FE48AFD591B987FC026D7416A6798F2
896241616 54308 39193 7C20F6CF1A09EEE4F40FE6F70B0F070213E4AE0B9599CF6348B0EAC781225457
894096759 34347 18773 DE9360A5D890ACC181128B40A032FF6DD7987BC2E3220D0F45D81755D2FA7E06
893503311 55657 46547 11B412783F1649754A010E031C22D5ABD3CE6BAEB23800BCA5A0983B5BE3CDE1
896398382 53006 15155 7C20F6CF1A09EEE4F40FE6F70B0F070213E4AE0B9599CF6348B0EAC781225457
893018285 35673 63060 E5ABA4F967F409FA63448BBE19FD7C7478D2D09F7DB4A3237ECC45784F9ABF86
896254207 62291 27076 03B27C0160AD79C25329D19F2E0F6D7488C437F11310F8EBB9B992031E680D2F
900137128 21740 11960 7C20F6CF1A09EEE4F40FE6F70B0F070213E4AE0B9599CF6348B0EAC781225457
891159893 10120 266 7C20F6CF1A09EEE4F40FE6F70B0F070213E4AE0B9599CF6348B0EAC781225457
896288080 2231 42293 0D1D294E5066D959C5486FA63597965A73B83D2DC149B684336A23D6961A47BD
889729080 14549 40640 53226DDF9B0BA5D727BBFBE436F3C023E11A004333A8075A5E7A142E884C4BB7
898066352 25767 64787 36097F856B26903C248D605AE27F185E39119B36229CE97916A078546F85CE3A
898109139 10751 34139 D5036EDFD1FFACF94AC398FBDF3E0A40F7DAB73F854E8FA80BBBD120F4A838B7
893527793 12300 38743 7C20F6CF1A09EEE4F40FE6F70B0F070213E4AE0B9599CF6348B0EAC781225457
897752897 9310 65408 7C20F6CF1A09EEE4F40FE6F70B0F070213E4AE0B9599CF6348B0EAC781225457
894255930 30072 7407 7C20F6CF1A09EEE4F40FE6F70B0F070213E4AE0B9599CF6348B0EAC781225457
899698869 54810 16518 7C20F6CF1A09EEE4F40FE6F70B0F070213E4AE0B9599CF6348B0EAC781225457
899903747 18000 31709 7C20F6CF1A09EEE4F40FE6F70B0F070213E4AE0B9599CF6348B0EAC781225457
890351004 13135 7701 AA6BB99C8D405A25FF805125F48FCE71FF98C30C60C9EC759EC02605753D9F50
894017312 62911 31481 1DAC347E2F6A677317C558C17DB5AACED5DB7D893EDBBBAE9D9142205B62203B
891403075 61466 29895 7C20F6CF1A09EEE4F40FE6F70B0F070213E4AE0B9599CF6348B0EAC781225457
891185344 38974 8789 7C20F6CF1A09EEE4F40FE6F70B0F070213E4AE0B9599CF6348B0EAC781225457
895344303 63320 59359 7C20F6CF1A09EEE4F40FE6F70B0F070213E4AE0B9599CF6348B0EAC781225457
897653173 5434 30507 7C20F6CF1A09EEE4F40FE6F70B0F070213E4AE0B9599CF6348B0EAC781225457
896262789 62904 13704 7C20F6CF1A09EEE4F40FE6F70B0F070213E4AE0B9599CF6348B0EAC781225457
898724559 15234 45546 7C20F6CF1A09EEE4F40FE6F70B0F070213E4AE0B9599CF6348B0EAC781225457
900317945 20316 58099 7C20F6CF1A09EEE4F40FE6F70B0F070213E4AE0B9599CF6348B0EAC781225457
890696799 64616 2084 7C20F6CF1A09EEE4F40FE6F70B0F070213E4AE0B9599CF6348B0EAC781225457
892701929 31449 7131 F76832765C814244C6D74565925CA82A193CD045CE0B34347EEE9B953992E6BE
898925283 16396 33599 7C20F6CF1A09EEE4F40FE6F70B0F070213E4AE0B9599CF6348B0EAC781225457
894231515 37978 32908 7C20F6CF1A09EEE4F40FE6F70B0F070213E4AE0B9599CF6348B0EAC781225457
894110189 40343 28148 4D5DA9ABAD20D084639835C71D93CF96DB60E2098405FCA8BEFFBAB09BEA06AD
897453083 27254 46693 7C20F6CF1A09EEE4F40FE6F70B0F070213E4AE0B9599CF6348B0EAC781225457

Total of 0 tasks calculated error.
