Total of 100 tasks calculated correctly, accuracy 100.00% 
9013134500 42335 47303 56533A997254B7784FCD49552EDBBA3DD281D5EE70CA387E5B32008F7DC44C58
9014651773 12288 43023 7C20F6CF1A09EEE4F40FE6F70B0F070213E4AE0B9599CF6348B0EAC781225457
9014063582 4208 44338 7C20F6CF1A09EEE4F40FE6F70B0F070213E4AE0B9599CF6348B0EAC781225457
9023648390 3350 15932 7C20F6CF1A09EEE4F40FE6F70B0F070213E4AE0B9599CF6348B0EAC781225457
9024135746 44802 49610 7C20F6CF1A09EEE4F40FE6F70B0F070213E4AE0B9599CF6348B0EAC781225457
9013827341 26289 3592 70CA8FB828986004C6282811B1E78B7E28D9D991EDBF32F0D6A48085AFDAA81E
9016365644 37233 25544 73F254E335FAC08BC2D6EE103F23564CE9793A7B4CF644DF9F05AB3D64D79C54
9019179107 18739 28590 A2B870C7CB3696A5AC01F20DE520B0D69D8625E94F5374962736639DBC0B1E07
9015928080 10334 57416 7C20F6CF1A09EEE4F40FE6F70B0F070213E4AE0B9599CF6348B0EAC781225457
9018555159 3299 58616 8F2800CE4C67ED85471DBEC22E61F454AA9E33DC2F723FF51DFACD15D3461381
9012685851 41969 56193 C70572F6C8E38268306E1CE263418AAC5D2D369E1A4307DA4565E2D437DDBAFF
9013833253 31893 36893 B2BDAD7DAAE84A65FB1AC15796C7F99837564B075D229C7C03FFBE65FDEF7ECF
9018684508 37154 12288 7C20F6CF1A09EEE4F40FE6F70B0F070213E4AE0B9599CF6348B0EAC781225457
9016008794 17160 49767 7C20F6CF1A09EEE4F40FE6F70B0F070213E4AE0B9599CF6348B0EAC781225457
9020418229 13593 4292 42C8D14731C1A821E8D182091A877FE4DC6D858358DB0076D997B3A49F378FBB
9013141210 64622 29478 7C20F6CF1A09EEE4F40FE6F70B0F070213E4AE0B9599CF6348B0EAC781225457
9017535974 37913 55693 3425A3DEC91A7B893DA386682B5C634E74F22EA3FC3597C4844EFB3E90E4E200
9017561462 43037 10356 A2A0EA0AD26C9E6074E6B08CE8D16DC65452A418DD0073F0AD654DEE69AC7BE4
9017195867 3618 27096 7C20F6CF1A09EEE4F40FE6F70B0F070213E4AE0B9599CF6348B0EAC781225457
9018211414 32341 31422 84B71272F74B2A671039520C4083357E6286A0464EC8AB88ABB8AA26E3AF6895
9019386920 48798 20257 7C20F6CF1A09EEE4F40FE6F70B0F070213E4AE0B9599CF6348B0EAC781225457
9013339413 15048 19686 7C20F6CF1A09EEE4F40FE6F70B0F070213E4AE0B9599CF6348B0EAC781225457
9013977390 1781 26451 93B4DD3E810F0C6BEEA652AF2ECEF3810E0E35785548ADB00A214657DFB66DE4
9019544870 517 8161 47F5A7E1575C87663EBEAE039476237E96646A87BD106243870324DE03646EF9
9023862264 10497 33004 ABF83BB4267BF614659EA0F7FD53629286C86A2EDDF9A652078538D10FCCD40D
9020406990 25885 47986 2914E9EA8F546089E9B5EB6045BE62536A846136513DFB084E6951991740EF98
9015215785 15314 44236 7C20F6CF1A09EEE4F40FE6F70B0F070213E4AE0B9599CF6348B0EAC781225457
9020251608 63200 42573 7C20F6CF1A09EEE4F40FE6F70B0F070213E4AE0B9599CF6348B0EAC781225457
9020860353 3690 9452 7C20F6CF1A09EEE4F40FE6F70B0F070213E4AE0B9599CF6348B0EAC781225457
9016242818 55043 28931 009A2271612354935046F0811B3520E009D3DBE817DB1F542665F42A00161D63
9020882162 36328 56426 7C20F6CF1A09EEE4F40FE6F70B0F070213E4AE0B9599CF6348B0EAC781225457
9022132110 48185 18279 02428F5E8D3E5B4152AF730FF18A211EBD1FB2B60BF4A5B20AF407C30B74B75D
9017229020 49799 45803 FC816BCF9DC360D4A983B9B5682F86BFAF224A78DD95927EC84214DEE3E5FF85
9022278345 21803 49342 A517C85EA0BF70C213A558934F1B71F0A58D40AAE1AA04DD451AB5501D62958B
9017757670 6418 55662 7C20F6CF1A09EEE4F40FE6F70B0F070213E4AE0B9599CF6348B0EAC781225457
9019941561 53177 36459 6252A3FD3A48449E56FC3C9689DA5F0B418601B54006DEFC346047C44BE5E35F
9024156767 4776 7853 7C20F6CF1A09EEE4F40FE6F70B0F070213E4AE0B9599CF6348B0EAC781225457
9018105086 21087 48993 34FDF2E96294D2C459E63256405F511F536BFF26E77974007AB1B58316E9DD87
9014074740 2132 46247 7C20F6CF1A09EEE4F40FE6F70B0F070213E4AE0B9599CF6348B0EAC781225457
9013555157 22799 57580 C4C38DC6FC293C6DE1F5DA06B0AB8779B603FDA4893406EDAADE2CDE0FEE0EFE
9022200819 5485 17774 5CE7D789E01C52D0EFEF13C446FF623DE3319A35B7247CCF58C20D091A779EDC
9020070867 48007 6213 9B7A88D1E1EEF843C32BA21A795BCD54D66FFAB30FED4FAA565C1983F0071C27
9018289293 14365 51317 2D40CBE568F7A1DFAD1784EEBFC25AC2759A5C2CC6C12A0E60A832147A22052F
9015804707 56809 7067 A76823CB19A2C50577C5CAD34FF71B1D6F40CCD66E29B427CBCB12361143A5FF
9012988291 63416 44370 7C20F6CF1A09EEE4F40FE6F70B0F070213E4AE0B9599CF6348B0EAC781225457
9013087882 7904 57432 7C20F6CF1A09EEE4F40FE6F70B0F070213E4AE0B9599CF6348B0EAC781225457
9015475278 52877 42834 673C889484404D10B2B82097241A533E682B667CF32B30DB13A111A543E69E28
9013476207 13565 22098 D3C21D675D7598946205F8B3E387F50B4E8FD4958711CBC9EF94588EBC08A6FA
9013811240 18901 45196 E707BFC255A2B4F3B35769065699D605C8AAC04B9AFE0DE12C0FD5DCE2F6F489
9015284622 38312 30889 7C20F6CF1A09EEE4F40FE6F70B0F070213E4AE0B9599CF6348B0EAC781225457
9016646708 18087 41105 3B191F1C9EA9AE10266865E736115F4765A5443A913EEDA965AFF8DE5A965B5B
9022270210 55843 39420 917A4CE3A22695388C10BA65C33F3CCD7FF7D9271AD600B3299D90310F9DABE4
9021934912 17700 10230 7C20F6CF1A09EEE4F40FE6F70B0F070213E4AE0B9599CF6348B0EAC781225457
9015502853 36940 46623 7C20F6CF1A09EEE4F40FE6F70B0F070213E4AE0B9599CF6348B0EAC781225457
9022115600 975 12454 9EF5F49A0C2D30F1E9286AE0795EBA731ABF13D115167307EAB656DA9459027C
9020280490 27516 61809 7C20F6CF1A09EEE4F40FE6F70B0F070213E4AE0B9599CF6348B0EAC781225457
9014868796 56763 19391 97982068D86A0E73A014C25D647F4C40630B766561974FAAB25269FB5F89936D
9019526596 37125 26528 8CED3DF6AFB1D48857756B0C51406B765DAFA8160AEBA3EF0EA19AB32F4FA93C
9020138599 11838 5257 7C20F6CF1A09EEE4F40FE6F70B0F070213E4AE0B9599CF6348B0EAC781225457
9016613656 16441 14564 BE1CD6183E3CE48BEEDB38573F1860E2B25A8A606F9DC0E71009C03FA2403186
9019716663 23548 17927 7C20F6CF1A09EEE4F40FE6F70B0F070213E4AE0B9599CF6348B0EAC781225457
9016443271 4924 5753 7C20F6CF1A09EEE4F40FE6F70B0F070213E4AE0B9599CF6348B0EAC781225457
9020867780 7245 22247 CA1828DA7AFAD900C43F6BA46B07011A052E1EE86ABA5DBFD9D6FE8BC29F8ADC
9013150551 14771 26662 19338EA4FEB10E91DDA4A8CF9FE25F39EC6B2353EFD13E19273310D6BAC8C423
9019698404 52308 47320 7C20F6CF1A09EEE4F40FE6F70B0F070213E4AE0B9599CF6348B0EAC781225457
9019883558 31606 63540 7C20F6CF1A09EEE4F40FE6F70B0F070213E4AE0B9599CF6348B0EAC781225457
9017623321 55267 24164 F15F997A14898F6D12886699CA5D69DE249587ECFAD19321E6C056C43D34A8F9
9021098294 41288 65278 7C20F6CF1A09EEE4F40FE6F70B0F070213E4AE0B9599CF6348B0EAC781225457
9016137808 27945 24352 056AAAC7162C5AD4CD2CEA5DB77F5645ECD8FD90928D11C990CB7D7101F8E509
9019858815 12543 28413 F3FD41840445B0356DAAC085DA268E13ED0AD564C252C80D92006BDD4ED6F85A
9015709127 34246 19810 7C20F6CF1A09EEE4F40FE6F70B0F070213E4AE0B9599CF6348B0EAC781225457
9018143109 59487 46625 8829158D6B0E69ED9F1DBDA99E4AABD80B3BB860E99BEE2761E2127759287EC3
9018506350 4947 64633 6D9236DA4410032E4606FD63EA973CD9BF95940CB858AABCEEAA1E88071DB5E6
9019037858 3226 35563 7C20F6CF1A09EEE4F40FE6F70B0F070213E4AE0B9599CF6348B0EAC781225457
9014009032 15157 17682 3AE64F07809FCDC4F6D5E8F17D09F6D56AD40F96755A956465D1AC0D14C49012
9013249301 764 35078 7C20F6CF1A09EEE4F40FE6F70B0F070213E4AE0B9599CF6348B0EAC781225457
9020523550 19975 7589 E904858C6A687D0FB615123BDC0061C4873F2DEFC82E7D899DE74CDFEBDED1DE
9020347028 38545 30454 B36457E0CCE288396AB4BF42EF297D6FF93279135FB73318C9D6BF1F66CE067B
9019775859 37389 12550 45A7F9D6B6E4607DD66AC8FA820914ADBF05D7AC5D88383C24CD49C217BDF35A
9021500246 63760 45009 7C20F6CF1A09EEE4F40FE6F70B0F070213E4AE0B9599CF6348B0EAC781225457
9017253993 34058 64954 7C20F6CF1A09EEE4F40FE6F70B0F070213E4AE0B9599CF6348B0EAC781225457
9015578357 3300 19327 7C20F6CF1A09EEE4F40FE6F70B0F070213E4AE0B9599CF6348B0EAC781225457
9018366423 6310 42044 7C20F6CF1A09EEE4F40FE6F70B0F070213E4AE0B9599CF6348B0EAC781225457
9022771883 7868 28203 7C20F6CF1A09EEE4F40FE6F70B0F070213E4AE0B9599CF6348B0EAC781225457
9013865447 3785 43382 CCACB3FA925C57F0C6C02199CCF91E1F6902D7E2AE539422AB80190ED1C78C88
9018082762 20402 15889 7C20F6CF1A09EEE4F40FE6F70B0F070213E4AE0B9599CF6348B0EAC781225457
9022643643 48770 17689 7C20F6CF1A09EEE4F40FE6F70B0F070213E4AE0B9599CF6348B0EAC781225457
9019309952 59870 44604 7C20F6CF1A09EEE4F40FE6F70B0F070213E4AE0B9599CF6348B0EAC781225457
9013261375 30932 50142 7C20F6CF1A09EEE4F40FE6F70B0F070213E4AE0B9599CF6348B0EAC781225457
9021400427 632 31140 7C20F6CF1A09EEE4F40FE6F70B0F070213E4AE0B9599CF6348B0EAC781225457
9018881830 43798 59236 7C20F6CF1A09EEE4F40FE6F70B0F070213E4AE0B9599CF6348B0EAC781225457
9017205933 32373 62780 BCB1FD48F38045EB747F32510F13745E319EBF423CA8C11BF0590EB308B8FE6C
9018930006 2508 4869 7C20F6CF1A09EEE4F40FE6F70B0F070213E4AE0B9599CF6348B0EAC781225457
9018901425 65299 3733 F02D408C1950AFC8ED83E877191098834650A37AD54C4BFC54EB3E2B3D07C2C0
9022875213 37985 42909 C02FF1BBCABB8E23B6E302FB43812DDAB1CDD118BBBD5E8559B83D143797042F
9015249589 7619 52390 F8E1C8764E003032A25F3FF25A97693D08111315FF31ABB7670E0D0873D4E505
9020645004 48873 1131 3139B90FE4D8A7C28A355CEA45426D1235D01F8E86EC32BBD333549475B0C50B
9019022298 53947 1852 F417997F367F49EA1A569522157B9E9ABD142502BD4BFBE412DA0027108657A2
9013023297 61050 6832 7C20F6CF1A09EEE4F40FE6F70B0F070213E4AE0B9599CF6348B0EAC781225457
9019197520 57962 53027 7C20F6CF1A09EEE4F40FE6F70B0F070213E4AE0B9599CF6348B0EAC781225457

Total of 0 tasks calculated error.
