Total of 100 tasks calculated correctly, accuracy 100.00% 
9045305356 12680 30034 7C20F6CF1A09EEE4F40FE6F70B0F070213E4AE0B9599CF6348B0EAC781225457
9037399167 20931 50228 24C6D42ACC09EBA05D7BBAA0001741842ECF5A04809067B724828D4C4668477B
9042781630 55910 5541 7C20F6CF1A09EEE4F40FE6F70B0F070213E4AE0B9599CF6348B0EAC781225457
9041432604 567 23467 EF85C68416CD072D8CF6F2251B6B65A74DD284776EE666188ED810EEFA925752
9043068490 10262 46943 7C20F6CF1A09EEE4F40FE6F70B0F070213E4AE0B9599CF6348B0EAC781225457
9044491798 16175 41328 39B8CDC16FFC1D60A66A72FAC9C67DB558B75EF540D1DFC639462457A7C8B154
9040979211 62114 12440 7C20F6CF1A09EEE4F40FE6F70B0F070213E4AE0B9599CF6348B0EAC781225457
9042281698 14758 63828 7C20F6CF1A09EEE4F40FE6F70B0F070213E4AE0B9599CF6348B0EAC781225457
9046257514 59932 57356 7C20F6CF1A09EEE4F40FE6F70B0F070213E4AE0B9599CF6348B0EAC781225457
9037019017 31837 13870 9157775B52A86AE54D970EBD1246457AF71B1A78A131BB0F8177D71A8DC289D9
9043224157 40276 40276 7C20F6CF1A09EEE4F40FE6F70B0F070213E4AE0B9599CF6348B0EAC781225457
9047967363 65185 24889 A1B2345E2D37D4BEA1DD20435823DF0C9B94ABE230256562AE97BDD6C5E95568
9046800148 33433 52854 8735F6D5892F5D6946238C9B72920E10158ED00D2B30E09FE093EC7936DB7E8A
9043531709 3411 34796 FB31098748F32B331CE9C6683DF24ED10CBC535754E0A3CC65DF271C76150B8F
9045575802 61392 24578 7C20F6CF1A09EEE4F40FE6F70B0F070213E4AE0B9599CF6348B0EAC781225457
9041379566 22554 23059 7C20F6CF1A09EEE4F40FE6F70B0F070213E4AE0B9599CF6348B0EAC781225457
9044531043 16997 51594 1C42DA6E46DE3E2331515E2FB3389B87F8DB9F1F298790B316E660680C2DBA52
9041421459 5621 19914 83B8CACCB8FBAE7CBA6476FBF1102F1A4A1872E08F4CD9429C9794A2E1DEF48E
9046556940 21001 54723 8882DACFD3B88C102C8FEE24C9CE3E51B3D93AB7A6A8809AFE9C46AA75556A0F
9039962737 60349 64414 D7DF9902F9ED0F5158508F76654D0C8C19C1086B028CE59D8CBE7010DB2589E8
9047563891 7097 58549 5B2FA59062376ADD22E562AD554D7A7AA6E2EEF19BBAD41BED3523306D178BB2
9042247077 51197 62601 BA54721B5C1B131E8AFF5D4E00265A370513A813CD676ECC9ACC4D7CDC342871
9044038541 45017 7202 DC4A10F6E007DC33A31CCC110A9A5F74217ABE6D16C0D64637276EB680E98AC4
9038475360 65504 12727 7C20F6CF1A09EEE4F40FE6F70B0F070213E4AE0B9599CF6348B0EAC781225457
9045890867 60099 2320 C5BB2AD80384929C4309C8845E8E076EF84EC2B4D36ADF8CB553B813354C6833
9045777783 20688 18948 7C20F6CF1A09EEE4F40FE6F70B0F070213E4AE0B9599CF6348B0EAC781225457
9046488181 36757 9512 2E5FC3D7360856D334D0B349C8AF312BA5530183FB2B18004DF52DCE6580C067
9045163498 15511 42319 F06046076951F34C9F78E646461D5E05B994D50A788A768BD3A00035C8F64996
9048240126 62941 12450 18B846405BBF2F3DF8758511A0D42CE631D90FD6F2C59B7431A69BC33B7C5AFE
9046142914 49517 34014 D750E89F34697954EFACDB95DBF5C7EE3963EEA69D84F1FAFB5458EDB4C8B4E5
9037786331 720 6989 7C20F6CF1A09EEE4F40FE6F70B0F070213E4AE0B9599CF6348B0EAC781225457
9042369184 17445 59328 8C80E0B8F769F7856BADB37DE336B5739F5AABE1F7ECAD3573F9981F3C8897F0
9044039565 47231 39021 C95B83AAD6B165B9FC3F603D88D6114F053FB46DF568D3DE1A29D6B5BD748E55
9041674492 16649 33250 5BA8E14C9883D01DF27C60249B64F992C1EDF96463F4412938A00EC2F538CB25
9041704366 32572 4206 7C20F6CF1A09EEE4F40FE6F70B0F070213E4AE0B9599CF6348B0EAC781225457
9041112190 2293 47444 D4EA7D782FF469BF0A092DD0DEE612EC29778C78335AF25F369653A93BBC09E3
9040445977 50817 11282 1D1F7B4A680A68884E479153AA27575A71EF41B655EA91A06B220419E298FF4B
9038186519 19057 52500 3E88B15B172752BC9A0D9264C817D743637B885EE719F04CD222762FF823E25F
9039943050 58200 16832 7C20F6CF1A09EEE4F40FE6F70B0F070213E4AE0B9599CF6348B0EAC781225457
9042362385 53564 43472 7C20F6CF1A09EEE4F40FE6F70B0F070213E4AE0B9599CF6348B0EAC781225457
9039143263 49468 44325 7C20F6CF1A09EEE4F40FE6F70B0F070213E4AE0B9599CF6348B0EAC781225457
9039696143 16760 40444 7C20F6CF1A09EEE4F40FE6F70B0F070213E4AE0B9599CF6348B0EAC781225457
9045933041 30438 768 7C20F6CF1A09EEE4F40FE6F70B0F070213E4AE0B9599CF6348B0EAC781225457
9042886996 50354 25405 7C20F6CF1A09EEE4F40FE6F70B0F070213E4AE0B9599CF6348B0EAC781225457
9047750029 39622 3706 7C20F6CF1A09EEE4F40FE6F70B0F070213E4AE0B9599CF6348B0EAC781225457
9037740785 41304 39140 7C20F6CF1A09EEE4F40FE6F70B0F070213E4AE0B9599CF6348B0EAC781225457
9038762660 35060 744 7C20F6CF1A09EEE4F40FE6F70B0F070213E4AE0B9599CF6348B0EAC781225457
9036745987 63691 12086 CB7F72C2C19A937D086E7BD990709122ED0A5F14C6E07C223953DD32C715941A
9042827709 17113 39546 444DB0098C28AB5C27F2EC4C600A0052BB026A126BF78F4049B723E94CB3412C
9043077613 33942 32316 7C20F6CF1A09EEE4F40FE6F70B0F070213E4AE0B9599CF6348B0EAC781225457
9040710621 43395 64788 9F95BF7E1114DE54DD167F0DB7CCFF2BC43825CCD8290933C0FB9691F0CAE9CF
9045066660 44512 2030 7C20F6CF1A09EEE4F40FE6F70B0F070213E4AE0B9599CF6348B0EAC781225457
9037689885 57704 23879 7C20F6CF1A09EEE4F40FE6F70B0F070213E4AE0B9599CF6348B0EAC781225457
9041679379 33603 10383 B24726BDCB2F01C478CB84AF110909D3BC04590D0642189BCE173767C793767E
9042231764 38326 52952 7C20F6CF1A09EEE4F40FE6F70B0F070213E4AE0B9599CF6348B0EAC781225457
9041119870 373 25318 DE12BDF07C2B9319320EAF418751A7AACCE5BA032C92BE76F18B6C717EA11837
9048148533 21605 27507 689073FB7257ED7B4DBB15A9FF0715EB2D013D54266B24FA4CBE23FC66A2C753
9042379114 4432 20520 7C20F6CF1A09EEE4F40FE6F70B0F070213E4AE0B9599CF6348B0EAC781225457
9040579965 41555 46957 B35576A5D6FC7EFA2FBB79855643B077E6DEC9466A2146C111BC5F6394C7AE04
9044098919 33285 47613 308AF9B3EEEA7AE0CD051BAA7EF8B58A383FB186E5BD634151F8926FB1582AAC
9037172179 57791 62911 9AD6D2695CFE87F08E02B5DD80C6048FDB8BBE7E1E80024E22D10E9757904FCA
9043112645 40046 12641 7C20F6CF1A09EEE4F40FE6F70B0F070213E4AE0B9599CF6348B0EAC781225457
9045925149 35933 41193 E15DA90B0934EDDC7E9FE19ED56D8C77107998E76A9488C714924CAF66345F27
9037824038 46745 17150 4FADC52EC8E175155B1783B1940682FE983003345EB54FB4430EDD3F36F38417
9040213426 694 44603 7C20F6CF1A09EEE4F40FE6F70B0F070213E4AE0B9599CF6348B0EAC781225457
9043074467 2927 18978 B2D25771B549775B7B43A66018817CD201B3577926AD89FAE8EE15E5440022E5
9046145485 62893 64963 AFD080B4B144D538D9B725AE51EA0BECBA950191F4DF63D6D8A479E1B895E8BF
9044186406 38885 956 EFDA01C66AA158830421E0BA0D73EAADC577A1389B6C64C01DC5D02BD035CE22
9037661540 5516 3603 7C20F6CF1A09EEE4F40FE6F70B0F070213E4AE0B9599CF6348B0EAC781225457
9037341533 6282 28333 7C20F6CF1A09EEE4F40FE6F70B0F070213E4AE0B9599CF6348B0EAC781225457
9044675594 32625 64278 6DBC90C1AAAEA19496F3CA3B153F1B36793244CA89B6D8293A43CD7FF43F4B6C
9041446057 27217 59950 464BB6BC68D7B473C968B3E443EA0896ACE482948C22F7DE511E4FBB9090D35D
9045428064 44738 29968 7C20F6CF1A09EEE4F40FE6F70B0F070213E4AE0B9599CF6348B0EAC781225457
9041878326 39120 49210 7C20F6CF1A09EEE4F40FE6F70B0F070213E4AE0B9599CF6348B0EAC781225457
9046021601 3662 22039 7C20F6CF1A09EEE4F40FE6F70B0F070213E4AE0B9599CF6348B0EAC781225457
9042321501 36066 4505 7C20F6CF1A09EEE4F40FE6F70B0F070213E4AE0B9599CF6348B0EAC781225457
9048155580 12344 6631 7C20F6CF1A09EEE4F40FE6F70B0F070213E4AE0B9599CF6348B0EAC781225457
9047844487 29150 2820 7C20F6CF1A09EEE4F40FE6F70B0F070213E4AE0B9599CF6348B0EAC781225457
9038954051 31121 46622 08C27D46DFE05C111AD49F003DF5E40274DC425D36B15274BC0D5E320F25F0B8
9038911790 16530 33786 7C20F6CF1A09EEE4F40FE6F70B0F070213E4AE0B9599CF6348B0EAC781225457
9042679369 8518 41321 7C20F6CF1A09EEE4F40FE6F70B0F070213E4AE0B9599CF6348B0EAC781225457
9046402964 33020 188 7C20F6CF1A09EEE4F40FE6F70B0F070213E4AE0B9599CF6348B0EAC781225457
9045946037 19874 20525 7C20F6CF1A09EEE4F40FE6F70B0F070213E4AE0B9599CF6348B0EAC781225457
9040415768 12970 27519 7C20F6CF1A09EEE4F40FE6F70B0F070213E4AE0B9599CF6348B0EAC781225457
9044410898 62774 50757 7C20F6CF1A09EEE4F40FE6F70B0F070213E4AE0B9599CF6348B0EAC781225457
9040888292 45086 54397 7C20F6CF1A09EEE4F40FE6F70B0F070213E4AE0B9599CF6348B0EAC781225457
9037029558 51489 23710 32BF463AD5A4FEDD414CD0FAB76AB3E0FC52C149E05FF3E94D6926DF894D4511
9039034607 63798 31939 7C20F6CF1A09EEE4F40FE6F70B0F070213E4AE0B9599CF6348B0EAC781225457
9042012539 24047 40091 F957600D646435AFF9322D14A3539AE4393BCE5C3EE89910CEE5DAD61EB388AA
9037991395 29229 60651 47EB7FAC2B9E34E02EC0503DB0E0BC757702937110A1D70B5ADFA8A77382B192
9044295234 42510 37440 7C20F6CF1A09EEE4F40FE6F70B0F070213E4AE0B9599CF6348B0EAC781225457
9038611899 44916 48671 7C20F6CF1A09EEE4F40FE6F70B0F070213E4AE0B9599CF6348B0EAC781225457
9043118766 15248 22101 7C20F6CF1A09EEE4F40FE6F70B0F070213E4AE0B9599CF6348B0EAC781225457
9039905517 64632 61746 7C20F6CF1A09EEE4F40FE6F70B0F070213E4AE0B9599CF6348B0EAC781225457
9045490276 9243 39123 8154B97F39D8F50C4A52CC668EFBF28BB2784B01D9B46BE7C8A0FA9712E7525E
9047779315 43696 43843 7C20F6CF1A09EEE4F40FE6F70B0F070213E4AE0B9599CF6348B0EAC781225457
9046429658 8071 40134 8B63947074BC3B5A1DC6AFD36709085A2AFE943497D81797AEA24B6AE601C8A3
9043495109 8869 7282 2F02F75FF832C09D06276473F06EB5E2C2ABAE3F1600C79D81265716EBE3C994
9043469532 18431 38029 E3001A11E485A98C57FAFC8D8E20AB61EB60E2A0376D94962651098C59912436
9044987803 65174 27526 7C20F6CF1A09EEE4F40FE6F70B0F070213E4AE0B9599CF6348B0EAC781225457

Total of 0 tasks calculated error.
