Total of 100 tasks calculated correctly, accuracy 100.00% 
9066745357 34055 926 7F5877F0A8914349CE3D91E0E6083C000140E0DE6A6E695E1A97014FCD1F29A1
9064647146 63787 1123 7766E23345F427CECCC6F4DF24CFF7BC6FC9ECA3976986F886EF15939B4DC9FC
9069855786 11732 26725 7C20F6CF1A09EEE4F40FE6F70B0F070213E4AE0B9599CF6348B0EAC781225457
9066661156 43904 51830 7C20F6CF1A09EEE4F40FE6F70B0F070213E4AE0B9599CF6348B0EAC781225457
9062756983 36363 43519 17C935EF11BE1D1170281C5C63BA7EE84A2FB26FC1FF11AA1534B67DB22E1722
9066806254 46137 58959 F0FFAF1B9B307D8F25E66FCED7F3E6A21617E54089B3791AFBAFF8CD8A435153
9068899751 9885 37226 866D72EA539ECA9EE7F21CAA2414FC30A3DA7FC2556B0747736CD2605EB9E8E3
9070804837 60469 40022 231143C4183B040B18BD526AC691E503DBDF800D48568C50C323A03A050B1758
9066128947 52574 27849 7C20F6CF1A09EEE4F40FE6F70B0F070213E4AE0B9599CF6348B0EAC781225457
9069356326 51434 59545 7C20F6CF1A09EEE4F40FE6F70B0F070213E4AE0B9599CF6348B0EAC781225457
9062098856 60079 11912 AA7D3A09B5D77D24DC06346B40916242302283609313D46757B968C276897E2D
9063818049 45657 30925 D7E8C1D0766537BFC3BAA9CB3CABA6A02B0840CBACC65FE42E56F5FEDCE5B13D
9063021544 45222 6369 7C20F6CF1A09EEE4F40FE6F70B0F070213E4AE0B9599CF6348B0EAC781225457
9068699635 6333 62562 1A49374781B0A403DDCC8062E1B61B95E539FFE5C5D5B264CC3EC14907B7CCDA
9061638728 34868 55451 7C20F6CF1A09EEE4F40FE6F70B0F070213E4AE0B9599CF6348B0EAC781225457
9067391298 57323 48376 1668253E93C9D96C89DAB3E687EB75A6819B03ED28191E99E37D29CCCC9798A6
9066314915 4234 55161 7C20F6CF1A09EEE4F40FE6F70B0F070213E4AE0B9599CF6348B0EAC781225457
9060974047 16269 41341 5C910A47BE33CFE3267A7236BD865C8723DFDFFAC5D8E2A5B16583EBA4F7BEDD
9066835439 61896 34944 7C20F6CF1A09EEE4F40FE6F70B0F070213E4AE0B9599CF6348B0EAC781225457
9070987865 26070 14966 7C20F6CF1A09EEE4F40FE6F70B0F070213E4AE0B9599CF6348B0EAC781225457
9061366100 23249 41960 BA8D0638FEDA6F6556B3123C258DBCAF8A9E755AD7A6F66584C275A945D7BCCB
9066545710 48741 56970 A3893474416077720F307D95609C03E5AEBB12C877834F1F53AC14E7BBD9A2B7
9069904914 47244 62049 7C20F6CF1A09EEE4F40FE6F70B0F070213E4AE0B9599CF6348B0EAC781225457
9061253912 34279 33472 6A8586360D6BC295DCBC838736E8AB6B8C48489C4D184599ABD788F7A605294F
9066373601 49190 17529 7C20F6CF1A09EEE4F40FE6F70B0F070213E4AE0B9599CF6348B0EAC781225457
9069259849 9625 6224 113ADB1FA58B29FF8EC049C49ED4178C9A5DCA452C3460DACEEB57DD641AEEEC
9065097801 38918 52178 7C20F6CF1A09EEE4F40FE6F70B0F070213E4AE0B9599CF6348B0EAC781225457
9066950792 59193 9919 B3B9C7E584A1E86AC0247235E58EF5877CAEAEF798F77080B968EFB681AB141F
9066140359 49487 41736 154B1270A0DEB8EA5BBDDB7C4A1E5EA58643F0D73D33696D5CABC7762AD8CCD2
9067634424 56162 51677 7C20F6CF1A09EEE4F40FE6F70B0F070213E4AE0B9599CF6348B0EAC781225457
9062820851 29280 36501 7C20F6CF1A09EEE4F40FE6F70B0F070213E4AE0B9599CF6348B0EAC781225457
9060967845 49249 52390 D0AC746916AE23C32DF707E5376776622012A1247509C6CBFA7A2BB9468D59E9
9062829096 3210 16638 7C20F6CF1A09EEE4F40FE6F70B0F070213E4AE0B9599CF6348B0EAC781225457
9068702281 53969 48798 B9DE304CCE6EB55506C89FE09FFBA277B683567CC3F4AB2D9F1B4C97431313D6
9066306699 25412 31165 7C20F6CF1A09EEE4F40FE6F70B0F070213E4AE0B9599CF6348B0EAC781225457
9063047258 28081 11290 283D9172826D79CEF8D876342299D32E8D0A0ADE78641BD0D467AFA1FBC860EF
9067531406 51739 29062 BFFFF76118271961746AF387E02C0C82FEC0DFD92BC8A1DC7B9F25AD5B513953
9069755825 21816 25873 7C20F6CF1A09EEE4F40FE6F70B0F070213E4AE0B9599CF6348B0EAC781225457
9064227642 48472 35161 7C20F6CF1A09EEE4F40FE6F70B0F070213E4AE0B9599CF6348B0EAC781225457
9071209543 65399 28862 F232FB86E47164162BA2ED21772B907DD07F1535DBC9B16725947DA97E0C2DAC
9070905812 31614 10806 7C20F6CF1A09EEE4F40FE6F70B0F070213E4AE0B9599CF6348B0EAC781225457
9070438161 50069 53889 444B0C3EA2379C6F849310B795DC084B5E325B5C7855ED8A9432054AD6573E26
9060969806 58199 64115 3116E2003E98940F7601896CB19F66DA9A5A3FDCB886A62E76628614E727BE6A
9069806630 54479 51583 6E05140E627323877A34BEAC5D365723420C383EA8CFCBD289BA5853F44051BC
9064400298 15531 22642 45C9D59F49E0FF218731069D8AF5F87E853DB6DA3C917B7AFFC4042E529083DE
9060648980 59357 2094 D3666AD1EED2DFF88704CC7BC9858F4041E411AA55B119C5D0D967A2FF28E1C6
9061950014 46573 4880 DCB1094033FDF39917124FBE6F9E11EA92E7CF9B8EECA4C87EFE7FD5B5924B95
9063175173 3148 50702 7C20F6CF1A09EEE4F40FE6F70B0F070213E4AE0B9599CF6348B0EAC781225457
9071019078 40350 17308 7C20F6CF1A09EEE4F40FE6F70B0F070213E4AE0B9599CF6348B0EAC781225457
9067750827 13762 27510 7C20F6CF1A09EEE4F40FE6F70B0F070213E4AE0B9599CF6348B0EAC781225457
9061824766 24530 44020 7C20F6CF1A09EEE4F40FE6F70B0F070213E4AE0B9599CF6348B0EAC781225457
9062003386 16687 17890 E58E452B509E34CEE634E331E6500AA9ABDD424B4218D4F8E9B8DEF8C32F3B46
9069506030 63631 17559 EB32A1251497B667FF20E1B2AF0DDA41E7DED0ECC904CAE2AAFD633B0FCB384B
9062535289 41580 56622 7C20F6CF1A09EEE4F40FE6F70B0F070213E4AE0B9599CF6348B0EAC781225457
9061320523 44673 33318 B40A56E486D96BF84EEBBE9255B95483AF4A9214EF901B60465AB28610BC4737
9063628803 11753 6131 CE20DC9EF40270E290F43F03922B0C6B336A0722FCAABBAFA1642EF863671B5E
9063740317 11659 12579 78A9CA1A93DC8BDECD9288BAE5AE5639817527093ADC9ADF93B8E0B901054C1A
9063494231 39323 63093 8550E3FE6D15285568C8E72601FF6C15FBBBC3E04E6B88C8340724156184D63C
9072112299 20449 34255 16CC6E4486EF234DCA2535B6EF27FAFBD2FB2268A82C1CD3F29DF56093794493
9068901816 59193 55377 023BDB0C7BFDA8BFA6B88DFCF8DA87A557F61E7C811E42592BA0F22C4657EFB2
9071146080 59661 11969 0DAE4F637673FC1CE84AA62CF5D5DF9F7B08B38402B793FD1BEFB1CC58ED07DD
9069513114 52014 53049 7C20F6CF1A09EEE4F40FE6F70B0F070213E4AE0B9599CF6348B0EAC781225457
9063174715 52028 23672 7C20F6CF1A09EEE4F40FE6F70B0F070213E4AE0B9599CF6348B0EAC781225457
9068442374 55818 49343 7C20F6CF1A09EEE4F40FE6F70B0F070213E4AE0B9599CF6348B0EAC781225457
9062066230 51925 5034 893DF652749445101C8FC5CE2544A221F830BF8F4379A94C07AA82B8C882F274
9071022148 29233 38245 49408D1CF4A5BD10D16369672EDD0BDB47DD6C9773771625E4E16A9389E641D3
9064168933 15844 49311 7C20F6CF1A09EEE4F40FE6F70B0F070213E4AE0B9599CF6348B0EAC781225457
9063387783 8384 52192 7C20F6CF1A09EEE4F40FE6F70B0F070213E4AE0B9599CF6348B0EAC781225457
9064799378 30026 60026 7C20F6CF1A09EEE4F40FE6F70B0F070213E4AE0B9599CF6348B0EAC781225457
9070119415 59941 59068 A503532D36A8AA1A8A4DD63C48DB741592F908D5DF6D630921F9DAE2EA9BF5A2
9063668341 54737 38885 7F49D7D682F398390414B1910C5DBB8587DA61DA9930621885BA5D39BB3477E0
9070318064 33776 40262 7C20F6CF1A09EEE4F40FE6F70B0F070213E4AE0B9599CF6348B0EAC781225457
9070389321 31924 61141 7C20F6CF1A09EEE4F40FE6F70B0F070213E4AE0B9599CF6348B0EAC781225457
9066647014 10959 20427 BC435BC1CEA15061CD3BB8F8658706DD36C1FE9D1A045D35D8460B0B8D117FB6
9064061665 33025 33492 7A25D34A8E3F6911157C2FF0B5D0B5C11623C005F19E607234DFFA93FA91AA25
9071205001 61373 44514 2AE3EB5826B34CDF709C2A2CB131D2E0884DE7BDCE2B85D6EB79C76F1F31D2AB
9070509889 4979 50383 DB7DD526F3FFEE413E8E4F907D5C7049AE2A7069DB155E86E953B837C0E74D9B
9060930214 47370 63967 7C20F6CF1A09EEE4F40FE6F70B0F070213E4AE0B9599CF6348B0EAC781225457
9070912094 53886 9251 7C20F6CF1A09EEE4F40FE6F70B0F070213E4AE0B9599CF6348B0EAC781225457
9068189430 2156 46632 7C20F6CF1A09EEE4F40FE6F70B0F070213E4AE0B9599CF6348B0EAC781225457
9070633557 8818 58811 7C20F6CF1A09EEE4F40FE6F70B0F070213E4AE0B9599CF6348B0EAC781225457
9062514257 31290 22889 7C20F6CF1A09EEE4F40FE6F70B0F070213E4AE0B9599CF6348B0EAC781225457
9060797620 28892 65443 7C20F6CF1A09EEE4F40FE6F70B0F070213E4AE0B9599CF6348B0EAC781225457
9062129821 5283 38988 83C73FA59F60E65F9BEEF344BE67377BCDADEFFCC674D9875505435D6E8CE19F
9063469545 40179 48550 0F5A7736144A14550A06CB0583DFCC23B2A8F82ECBEAF89B2B7F97F714A9B705
9064237746 24882 9190 7C20F6CF1A09EEE4F40FE6F70B0F070213E4AE0B9599CF6348B0EAC781225457
9070059387 23880 19734 7C20F6CF1A09EEE4F40FE6F70B0F070213E4AE0B9599CF6348B0EAC781225457
9064659650 36608 50298 7C20F6CF1A09EEE4F40FE6F70B0F070213E4AE0B9599CF6348B0EAC781225457
9064480663 32148 50826 7C20F6CF1A09EEE4F40FE6F70B0F070213E4AE0B9599CF6348B0EAC781225457
9067055133 28936 47538 7C20F6CF1A09EEE4F40FE6F70B0F070213E4AE0B9599CF6348B0EAC781225457
9061792342 22326 21113 7C20F6CF1A09EEE4F40FE6F70B0F070213E4AE0B9599CF6348B0EAC781225457
9069543209 43193 46805 0A1BC14CA1B2FBD00F7A97EF7E7D5420A53AAB890B21AFA106CD1F066539D3E3
9061041613 10290 41393 7C20F6CF1A09EEE4F40FE6F70B0F070213E4AE0B9599CF6348B0EAC781225457
9070523318 64821 23531 52EE21B6F3516E7D745602C14B02EA1FEB839318970E3DF6FB84966B47D0485C
9070989135 29551 37023 180E288CE7C20E0176BE172D52AB92352BC146747ECAE5C4259F76D4B0923295
9064692937 33952 64130 7C20F6CF1A09EEE4F40FE6F70B0F070213E4AE0B9599CF6348B0EAC781225457
9063458233 24050 18979 7C20F6CF1A09EEE4F40FE6F70B0F070213E4AE0B9599CF6348B0EAC781225457
9070368726 62310 37407 7C20F6CF1A09EEE4F40FE6F70B0F070213E4AE0B9599CF6348B0EAC781225457
9067334854 23198 21406 7C20F6CF1A09EEE4F40FE6F70B0F070213E4AE0B9599CF6348B0EAC781225457
9064712549 29360 3014 7C20F6CF1A09EEE4F40FE6F70B0F070213E4AE0B9599CF6348B0EAC781225457

Total of 0 tasks calculated error.
