Total of 100 tasks calculated correctly, accuracy 100.00% 
9106059934 48814 14541 7C20F6CF1A09EEE4F40FE6F70B0F070213E4AE0B9599CF6348B0EAC781225457
9103562825 48357 29740 0D3986F59B0A0622C936CBCDC14702F998547E9C27F460AF9A33BF2DCB9CAD7E
9096744500 15065 21752 0F2232FA349E8DC7DAB4345E45B9C584F77686570A378A18B6B98C598250015F
9098597437 53546 19760 7C20F6CF1A09EEE4F40FE6F70B0F070213E4AE0B9599CF6348B0EAC781225457
9108127204 8846 33400 7C20F6CF1A09EEE4F40FE6F70B0F070213E4AE0B9599CF6348B0EAC781225457
9103624456 64711 13731 9ED3ADEB9D109E671F5E8C6375BAEBCA68FF1CFDAA9A614D45B9067845A9D7C5
9101578398 54667 4445 CA564B6BE3D7DA802FAE110163A44E58D47BEDB71EF3636C5AE5D6C262471DEF
9102476093 919 9652 E4E6B77CCDA55C2AF2FAAF45B56ADC5ED2575895E17F98A49EA51CA6E28279A5
9105506261 8739 29866 FF635726B98E1982683C1F1875F682EFC12D727D8EB77475B03C4738BF078285
9102569843 7110 33552 7C20F6CF1A09EEE4F40FE6F70B0F070213E4AE0B9599CF6348B0EAC781225457
9098598804 1662 13919 7C20F6CF1A09EEE4F40FE6F70B0F070213E4AE0B9599CF6348B0EAC781225457
9104050236 35266 64815 7C20F6CF1A09EEE4F40FE6F70B0F070213E4AE0B9599CF6348B0EAC781225457
9102627402 1956 27604 7C20F6CF1A09EEE4F40FE6F70B0F070213E4AE0B9599CF6348B0EAC781225457
9105933176 38513 12804 111F029C6C5AF98022DC21607F7C8D70F069E940DBD0D7E741CB64FCAFA1CC7C
9107026545 6744 57084 7C20F6CF1A09EEE4F40FE6F70B0F070213E4AE0B9599CF6348B0EAC781225457
9104952855 42116 2460 7C20F6CF1A09EEE4F40FE6F70B0F070213E4AE0B9599CF6348B0EAC781225457
9098744379 53716 62807 7C20F6CF1A09EEE4F40FE6F70B0F070213E4AE0B9599CF6348B0EAC781225457
9104058246 32161 25784 242D8F697E320DD0567645C7E30346526BB30237F7B9FAF2EDA42D474A2B2746
9106825920 58945 48005 E729A0A924D3EE207C5DEAC350835F90E31F14FF34D7364D766A522D04DEFC56
9104181553 45745 49667 54B99411194EA7F77A81EDAB5EA148A8C02C698DA116F54FCDAFA18B7EB5D1FF
9102986936 44409 16784 68BAA1A7C931770179A0E687C7C30C3E3D60CD6F24A392E22B85D64AECE30747
9104144765 21192 54179 7C20F6CF1A09EEE4F40FE6F70B0F070213E4AE0B9599CF6348B0EAC781225457
9103724123 39803 6000 76ADBC7CF60F5A583120C84BC1A866A913ED47543D19E5F369982175F1F7CAF8
9103784514 33353 54164 E475D9604AF8ED14010A5F119906C5D80ADEFF89ACBE7B06362CDEB3EBF00804
9098085480 54103 64711 866A4E93B833B8402A1A540AD780B0B5A83257A41948928151CE0CF1A91BA638
9101444458 44941 20494 1D65ECBB6BAB9176121C5ABDAA0C7A6AA7658131EA65D7B237A9F5170E310DFC
9099299820 14145 4403 DA2CFCBDDD9ADF1E654065DA07A8DED608ED3E9701A79F42A82991F907589BF8
9097244117 53795 26148 35410A4CA31CC5C31D7779500586FC5C0EE4DE822B88FCFCBEC5DAAAA61CD155
9103998475 35680 61407 7C20F6CF1A09EEE4F40FE6F70B0F070213E4AE0B9599CF6348B0EAC781225457
9101581525 3702 47117 7C20F6CF1A09EEE4F40FE6F70B0F070213E4AE0B9599CF6348B0EAC781225457
9103046387 10772 29797 7C20F6CF1A09EEE4F40FE6F70B0F070213E4AE0B9599CF6348B0EAC781225457
9101086563 40939 33238 1DCB06D9F02312CF60477CDBC4ED6D92A55DF32F0339F7B483157C1FAB3D52BB
9100383247 57098 40878 7C20F6CF1A09EEE4F40FE6F70B0F070213E4AE0B9599CF6348B0EAC781225457
9100236327 1347 41002 C4762E49E5FE5686550075BB896EC80AE232712B728F3945A96B8C2787D2E77E
9105052723 39501 45225 63AD0A36EC21B37A0FE414819AEB6462DBE1B72DD2CEAC2B5CDECED5E2EA70CB
9100256176 5072 31526 7C20F6CF1A09EEE4F40FE6F70B0F070213E4AE0B9599CF6348B0EAC781225457
9096658219 61810 20286 7C20F6CF1A09EEE4F40FE6F70B0F070213E4AE0B9599CF6348B0EAC781225457
9101120167 45325 11210 59D3335CF62B6F557A36DDDC84E260E3F116307E5B3614B8BD8552FE32369EF8
9097405074 1659 14844 D3B110BD3EEEFA2851A50F2DCFEA72EE2D41D36F41C8BDFCCAE1635E78FE98D7
9103878215 19682 14018 7C20F6CF1A09EEE4F40FE6F70B0F070213E4AE0B9599CF6348B0EAC781225457
9096676663 31068 29575 7C20F6CF1A09EEE4F40FE6F70B0F070213E4AE0B9599CF6348B0EAC781225457
9101790663 18967 13201 A0B4B211364FBA7C23CEB32A7A51E4F26DC760D94F6D84017B6A9F6EAC6AF046
9104318983 17012 39490 7C20F6CF1A09EEE4F40FE6F70B0F070213E4AE0B9599CF6348B0EAC781225457
9102416388 62437 60249 0EA22DEB8557D6A9A731FAD772971269165B4B4C4282E7C0A389C7499E19F32B
9102385911 9611 5949 8B243233C225788B0FEEFE50C7F6E8226C9F6B6129A2818A216886B0663E1CFD
9105379411 61945 36395 84E535A64AD0C3D554616002611EE1BBE8F43FCEFADDE19C37A44A22527A2285
9098703722 63361 63913 3D73906107FC7C9AB4405B3D5B26F83C793F175928B2C2384D2226D4DE610CBD
9102091093 51030 10360 7C20F6CF1A09EEE4F40FE6F70B0F070213E4AE0B9599CF6348B0EAC781225457
9106110560 37392 4655 7C20F6CF1A09EEE4F40FE6F70B0F070213E4AE0B9599CF6348B0EAC781225457
9102407622 11852 32366 7C20F6CF1A09EEE4F40FE6F70B0F070213E4AE0B9599CF6348B0EAC781225457
9104199752 3645 52557 1673CD7F641B298A396801F1ECAC5AE8D91356D49AB9DF93AEF6D33A1CC5B298
9097891698 5624 56741 7C20F6CF1A09EEE4F40FE6F70B0F070213E4AE0B9599CF6348B0EAC781225457
9096815983 37728 27589 7C20F6CF1A09EEE4F40FE6F70B0F070213E4AE0B9599CF6348B0EAC781225457
9104144934 47224 21311 7C20F6CF1A09EEE4F40FE6F70B0F070213E4AE0B9599CF6348B0EAC781225457
9098204569 7988 1433 7C20F6CF1A09EEE4F40FE6F70B0F070213E4AE0B9599CF6348B0EAC781225457
9102521252 41887 2084 9901C2CE460C110DAF97C3C479A13BB9C6B07A76E7C5E4876720E4ACBBCEE7B3
9103232080 3656 30332 7C20F6CF1A09EEE4F40FE6F70B0F070213E4AE0B9599CF6348B0EAC781225457
9102383176 582 57608 7C20F6CF1A09EEE4F40FE6F70B0F070213E4AE0B9599CF6348B0EAC781225457
9107223477 8898 2733 7C20F6CF1A09EEE4F40FE6F70B0F070213E4AE0B9599CF6348B0EAC781225457
9099366395 28714 57933 7C20F6CF1A09EEE4F40FE6F70B0F070213E4AE0B9599CF6348B0EAC781225457
9099317569 53466 24279 7C20F6CF1A09EEE4F40FE6F70B0F070213E4AE0B9599CF6348B0EAC781225457
9103206953 25170 23585 7C20F6CF1A09EEE4F40FE6F70B0F070213E4AE0B9599CF6348B0EAC781225457
9100243516 35442 26701 7C20F6CF1A09EEE4F40FE6F70B0F070213E4AE0B9599CF6348B0EAC781225457
9104391044 36467 55805 70CAADEB5CCBBF1F9F975E59AC10D479E72D2F1A282F9C045BDD11B24AA0FF65
9102209400 63631 31253 B8A550975DDF918990F1F0CE53320EB7C937AEE09262353C19BE131A5DB34B8C
9107749799 31139 9146 4FA0BE4B09E9810ED88542333DFB3E8805576F6C493F4206C3D987B4295B5F7D
9103087944 45992 2874 7C20F6CF1A09EEE4F40FE6F70B0F070213E4AE0B9599CF6348B0EAC781225457
9104186325 62660 47639 7C20F6CF1A09EEE4F40FE6F70B0F070213E4AE0B9599CF6348B0EAC781225457
9100746301 7595 5124 50B85E33E0A923C783C47DA77FAAB4EA2E5E3E3040D0EAE7B7DC31EBF4863B72
9104764080 9978 26071 7C20F6CF1A09EEE4F40FE6F70B0F070213E4AE0B9599CF6348B0EAC781225457
9101058840 20641 32368 F6227B51B7B15DA5733EA32C39F5D3D983A9BA2367D911157489B61036C39798
9105494629 52644 9243 7C20F6CF1A09EEE4F40FE6F70B0F070213E4AE0B9599CF6348B0EAC781225457
9106307886 19048 57415 7C20F6CF1A09EEE4F40FE6F70B0F070213E4AE0B9599CF6348B0EAC781225457
9105214644 40163 37703 4451A5849848387674C08EE33DEA9412F60164D903A31F557EDD2DE3EBE029A3
9100282561 20390 13223 7C20F6CF1A09EEE4F40FE6F70B0F070213E4AE0B9599CF6348B0EAC781225457
9102565790 55319 4208 12BD4052A48F75C1DEF9111CEAF02D8D08C3E0DF15C8B6AE4D42339D7A9F133F
9104418755 3199 31338 F817590EF1750FF0E34C883EE15EA5D13102717C10FD3EEC37E0B20234A4B8A4
9106900841 3428 5090 7C20F6CF1A09EEE4F40FE6F70B0F070213E4AE0B9599CF6348B0EAC781225457
9103772017 31277 8651 B0E255F4F201DE55AD870F988204A8129867229D2917D1E5EF3FF38EA21FDB98
9105695969 21143 24336 6B871C8ADB24F521561280744A8FF3CE26F3E2C0F8CA8FF5FACBE82292B3420B
9101186418 64703 37346 BD3430C666C5B6FB6C4691DA2DD58A2E67E2E62FBCA58C26A1EC86B377628F3D
9099832973 50932 9121 7C20F6CF1A09EEE4F40FE6F70B0F070213E4AE0B9599CF6348B0EAC781225457
9101339421 27649 61281 248A848BDDB4E1C108857C4D644FB926BF6103364F2EF1A848BE2FC7AE28584A
9100939426 13559 36613 6F10AFB293A96F9349EE9760F38573CB96F8A39A89E94F668DF877651FF030B0
9101716219 48419 51166 52FB544102FC65DBA914144EC267B93F084186E1D5CC6FFBDE7DF9242FB3D8BE
9097545680 42464 25125 7C20F6CF1A09EEE4F40FE6F70B0F070213E4AE0B9599CF6348B0EAC781225457
9096537296 30189 63703 D16A434CA62C32C17EBA0CC3ACB66D11100B488DB78EA9CAC9CCC1D3B778F57C
9101388066 5439 57126 0E3895E06ADE338E08F9C68CC9F4B4C14E1BDA12D138A38455D4863016B0CF3F
9103963313 44126 2536 7C20F6CF1A09EEE4F40FE6F70B0F070213E4AE0B9599CF6348B0EAC781225457
9098640583 31671 9079 FE864D0D0A30DAADBA58E6CDF89C557E24E6B06671DA3B5A885BA0BBA8720A16
9102506949 41140 63419 7C20F6CF1A09EEE4F40FE6F70B0F070213E4AE0B9599CF6348B0EAC781225457
9105104326 29016 49443 7C20F6CF1A09EEE4F40FE6F70B0F070213E4AE0B9599CF6348B0EAC781225457
9098871357 51937 38349 AB5A160B6F19EC9442126A3A6F41E403384F1E86DB118F1109EE8AB4D6F16FF9
9099480983 61320 60090 7C20F6CF1A09EEE4F40FE6F70B0F070213E4AE0B9599CF6348B0EAC781225457
9096815352 32824 34807 7C20F6CF1A09EEE4F40FE6F70B0F070213E4AE0B9599CF6348B0EAC781225457
9099796723 59755 917 9A86C60C3C41416D03D1C7C87905D02BFF12FE80EDA70674E61E276E50C7E8FE
9102803677 45558 37258 7C20F6CF1A09EEE4F40FE6F70B0F070213E4AE0B9599CF6348B0EAC781225457
9101031472 22279 27751 95569F6F5D2F60FAF2F85F64062299B71706238140EFA5C76217EC9BFEC6D662
9098872956 46850 12922 7C20F6CF1A09EEE4F40FE6F70B0F070213E4AE0B9599CF6348B0EAC781225457
9106632352 55992 2320 7C20F6CF1A09EEE4F40FE6F70B0F070213E4AE0B9599CF6348B0EAC781225457

Total of 0 tasks calculated error.
