Total of 100 tasks calculated correctly, accuracy 100.00% 
908736032 5419 4778 A9118C439CC51C377BBF543608FEE700BDD7D813B70DC93A3241DF08BF893722
904730905 26031 55225 F8EFB2CF6B8FE2984EAB90332AF0F971236A51F7A98419E36B0772CC5702F07A
905478698 43032 18797 7C20F6CF1A09EEE4F40FE6F70B0F070213E4AE0B9599CF6348B0EAC781225457
904496994 10857 62009 E625AF7DE4CFC7D103E5A4988A9C897DB6BF829F4285851211D57DF49EE9AC47
903777638 37475 5265 CE7DE9F63547A45C03C066EC011F8549138AE31555E7F50D3A3B245FFC9ADF40
906781405 29749 23999 7D154001FB724B3DC8D72AFF2A159F6EEEBF972E39E5745BD287D11B5CD27F97
908759830 36447 61258 AC9EA95A9B2F6F62B4B3C3CCE068C6820A3E619CC01807F014328CFF2C67D5EA
902633391 21021 4631 68A1BCD848579EC6CCC76702B6A64D98B7130C59FF282F328C463B19DDD527DD
910007008 47275 57101 1074C2680229E8248A492040F25AC825882ACD2AF5273D19CDCFF0D2E31FCA96
907367316 38973 15847 346A93D0029F1A39EC886FED219004A3125F9429BAB3ADA2B1AEC3A3949FD91F
904059979 64141 57665 9D6536D8F3994F340CB0C4A9A060884587238B34DB864C4FC20B8740232E47DE
907907000 13444 26128 7C20F6CF1A09EEE4F40FE6F70B0F070213E4AE0B9599CF6348B0EAC781225457
907064895 43472 25388 7C20F6CF1A09EEE4F40FE6F70B0F070213E4AE0B9599CF6348B0EAC781225457
907819222 34612 51274 7C20F6CF1A09EEE4F40FE6F70B0F070213E4AE0B9599CF6348B0EAC781225457
911310383 5269 42838 56A2BDB86DEDE4325347AC5DD3B5F6F394AC7EDE835BBDAF169576AF32B75249
904910659 36495 61828 824DE97F142468D6934F59696B5AB36167AAD315B1815DB7AFB2FF9381D99E32
910443181 34285 40871 EFADBC3CA1A3F2BAD0245580F35473B42AC99E50FA743AED6246869149D45A05
912179073 25568 52981 7C20F6CF1A09EEE4F40FE6F70B0F070213E4AE0B9599CF6348B0EAC781225457
907152454 28521 51207 858F666DBA809430BCD01A292F4D25F214142432FFBC87F30EA9585FEE911C0F
904452962 3497 44011 872AFC76D31840EC2E975EE8C2817A18F39212423F61226B450537914AE6FF48
905131026 41943 50164 804838253E9C55E96C24B23E6D4462E50D16674F39F2EE70F3C59FCA91A16A85
905364290 28523 7561 67577B8B563667F2E8A03DC66865B710B879E090E638CF9B810C90B02F1BBEB8
907412142 46515 25418 C0119DD65750BD84799313F0E19F0CC748D3100D4DC436C08A617071444AA3A3
905136691 51111 56793 4D56EF9E3F07B837DB360A02950450DF24AE0F73406922EE6EAB313E362DADF2
901141141 29659 19169 F848B5CD73AF851A52DF76C975F7869B285E57C1FD848B5FE4A1A41C0F6B0546
904714561 36627 36210 6E5329A3A87B319C72B54CBA6983E40D64C25365F64C3CF788DDB23D10178436
909850371 65360 36466 7C20F6CF1A09EEE4F40FE6F70B0F070213E4AE0B9599CF6348B0EAC781225457
909108164 60635 12429 CCDEA241E5CFF70EA25C47841BFD5EC26E3B8E0521A19EFCC40664CE95DDCAC5
909658413 13475 33243 6DAA3945B9FE8DA6B95FF49E47AB65B7E3C7778E15D2E49D18ABD7D10F77C19F
906812062 28494 7830 7C20F6CF1A09EEE4F40FE6F70B0F070213E4AE0B9599CF6348B0EAC781225457
905697704 15390 20620 7C20F6CF1A09EEE4F40FE6F70B0F070213E4AE0B9599CF6348B0EAC781225457
903740133 29346 65359 7C20F6CF1A09EEE4F40FE6F70B0F070213E4AE0B9599CF6348B0EAC781225457
903312501 38068 41192 7C20F6CF1A09EEE4F40FE6F70B0F070213E4AE0B9599CF6348B0EAC781225457
905195640 10215 27429 29F800270BB81CE6FC756379A5AFF33B03C6EA124DAC2FA6A2E4C19C939E4246
907267675 26528 51645 7C20F6CF1A09EEE4F40FE6F70B0F070213E4AE0B9599CF6348B0EAC781225457
903464067 57926 50071 7C20F6CF1A09EEE4F40FE6F70B0F070213E4AE0B9599CF6348B0EAC781225457
905584056 30940 17972 7C20F6CF1A09EEE4F40FE6F70B0F070213E4AE0B9599CF6348B0EAC781225457
900723176 17425 37772 9A23EB7135D57A9E37F4AC7710EB5CAF7D11D466031A4F0D8BC0264200D96E30
911102262 28624 27627 7C20F6CF1A09EEE4F40FE6F70B0F070213E4AE0B9599CF6348B0EAC781225457
912161748 42171 38116 27000853E81D81D52476559AB2D354E854D2291E153E3C66A54AAE6FDCF1CC97
908000596 63975 8301 C74833FF7C10CB2F2813B21D877C6C1FF84028E5DA97A04A6FB9FDA2C02F6600
908671436 62614 57470 7C20F6CF1A09EEE4F40FE6F70B0F070213E4AE0B9599CF6348B0EAC781225457
901993454 420 12566 7C20F6CF1A09EEE4F40FE6F70B0F070213E4AE0B9599CF6348B0EAC781225457
909220284 17105 12252 49F057E834A14E519F01E1087C525C8C4771D34BDD1331D088E239303F02A88F
907009770 48600 8205 7C20F6CF1A09EEE4F40FE6F70B0F070213E4AE0B9599CF6348B0EAC781225457
907055690 24299 19075 FA8FC063B426DD0E043F5E85BFA3E674A7A7EB415918472FC34A02FE83215E5F
905915373 60957 63026 9EFD0D5CE7982753C12065DC31D736029A48D21071C0F8C6E05DED4856CF7971
903482410 667 25767 9928F758384900361BD73447FA79409D2C6324F953B4922D6B32B6B6549EB5D0
910496946 28634 55611 7C20F6CF1A09EEE4F40FE6F70B0F070213E4AE0B9599CF6348B0EAC781225457
901479837 37418 6468 7C20F6CF1A09EEE4F40FE6F70B0F070213E4AE0B9599CF6348B0EAC781225457
905015825 47367 38340 D1F3979FDA6E978A11B3214FD65D34220AAB156A925010183C416AB1B0B60EEF
905793505 39109 26399 04369E285BD6F664B281AE88ADD885C604A510A0C526EB616CBB51F195BF0F38
911137441 51729 32543 7333937401864C5D3AE380BC7FFDF2141262EE75747E5151FD2B42823F50B255
902353643 22748 30632 7C20F6CF1A09EEE4F40FE6F70B0F070213E4AE0B9599CF6348B0EAC781225457
910189986 63512 33253 7C20F6CF1A09EEE4F40FE6F70B0F070213E4AE0B9599CF6348B0EAC781225457
900758050 17597 11328 FD0908ED02B56A0B59B3C74D309D7C5A87100BAB4CC4230164A624AD69FD545F
908837317 61835 3231 2B7FECD15B16504641280E64F06FB8BB8DEB8FA09FC360151BC0044F34DEA7E3
911290360 27044 2145 7C20F6CF1A09EEE4F40FE6F70B0F070213E4AE0B9599CF6348B0EAC781225457
903344698 33615 60140 847EDCF13C1AAA7716EC50062006198DA941D2E76B16C0341137D3770A187635
908593625 21844 61278 7C20F6CF1A09EEE4F40FE6F70B0F070213E4AE0B9599CF6348B0EAC781225457
905242570 62796 40512 7C20F6CF1A09EEE4F40FE6F70B0F070213E4AE0B9599CF6348B0EAC781225457
904997739 48280 1284 7C20F6CF1A09EEE4F40FE6F70B0F070213E4AE0B9599CF6348B0EAC781225457
900577703 3025 2128 5FBEA4E006FC933E720B65EF29A1BA415A2ED48EBCEECBBDA7BE3B93B18F0759
903199049 58088 8579 7C20F6CF1A09EEE4F40FE6F70B0F070213E4AE0B9599CF6348B0EAC781225457
909111883 6565 52601 F018CE518807961FB49114C5DFCD74C45D91D8435FDB8D669BB8109A6AC89943
906783741 62755 2617 D1EB5595C841DBBD21BA61270EF76E28F6B23E89F2912B125B1A7FE845BB3FB3
909193944 1001 1235 38084533F2D8B350A5B80FAB78A44634015D7B122884050BECB9250F756D0B59
909722352 6197 57035 21E0B516C7BD514BE16E3DB5EA5CC95C39EE973D554B77386EC81AB793C37C09
912141284 33631 17 7D6606389F10EF281385DE2FED800115080D34F837F414C2902ADB3CD75027F2
904438419 29322 46145 7C20F6CF1A09EEE4F40FE6F70B0F070213E4AE0B9599CF6348B0EAC781225457
911271884 49362 45647 7C20F6CF1A09EEE4F40FE6F70B0F070213E4AE0B9599CF6348B0EAC781225457
904111840 16492 35482 7C20F6CF1A09EEE4F40FE6F70B0F070213E4AE0B9599CF6348B0EAC781225457
908149969 13024 51571 7C20F6CF1A09EEE4F40FE6F70B0F070213E4AE0B9599CF6348B0EAC781225457
907497275 48773 7308 4E1B8A93F7808E7739621297256C6B756CA01B3481159964FBF75E5B0947253F
907930924 21693 47811 D4BFEFF47F088A0DC13436E9F8324DC2444D6B08F0D808A42C641C57B4E7067F
906937694 11341 51263 365EAE4113764EC3674B00B124AEBF57527DA1E0DDD1B1757BB573F8DB4DFA5E
904065148 51301 64079 DB3453BE5C0CE51BB3951E06C98D4A5347168AFF848AFAE99597649A4489ADB0
908871426 30910 20218 7C20F6CF1A09EEE4F40FE6F70B0F070213E4AE0B9599CF6348B0EAC781225457
910249642 45004 9839 7C20F6CF1A09EEE4F40FE6F70B0F070213E4AE0B9599CF6348B0EAC781225457
906672195 16326 62618 7C20F6CF1A09EEE4F40FE6F70B0F070213E4AE0B9599CF6348B0EAC781225457
910524184 38159 63436 2ECF73DCA598CD326EFEED6958099E99050AFE82AA31782A4F579026503EA621
910476329 13550 58487 7C20F6CF1A09EEE4F40FE6F70B0F070213E4AE0B9599CF6348B0EAC781225457
911509354 35836 44466 7C20F6CF1A09EEE4F40FE6F70B0F070213E4AE0B9599CF6348B0EAC781225457
911414846 21164 29142 7C20F6CF1A09EEE4F40FE6F70B0F070213E4AE0B9599CF6348B0EAC781225457
909110489 6875 30082 460B82E5FA18706277C22F911A953F80BB4D809972D535DDCEB4125D462E40C9
905836380 61213 20227 E1F43346E8EBD197DC0A4A305A550A0B3AEBDC71223B53F9D2CE86DB87E64035
906008521 20730 34921 7C20F6CF1A09EEE4F40FE6F70B0F070213E4AE0B9599CF6348B0EAC781225457
910975729 41475 57078 01E6C47E62D698BA83E48A22AB4BBB5EDF939388B91305ACB3387FE233F088CF
908743936 50812 56324 7C20F6CF1A09EEE4F40FE6F70B0F070213E4AE0B9599CF6348B0EAC781225457
907061495 23934 65292 7C20F6CF1A09EEE4F40FE6F70B0F070213E4AE0B9599CF6348B0EAC781225457
908156254 21123 8518 EA6613F172AAC96D8BA1E39F8573158670C197CB28C984FD65F535F455A02239
909574518 59730 47472 7C20F6CF1A09EEE4F40FE6F70B0F070213E4AE0B9599CF6348B0EAC781225457
902267314 28744 12152 7C20F6CF1A09EEE4F40FE6F70B0F070213E4AE0B9599CF6348B0EAC781225457
907059009 57166 19987 7C20F6CF1A09EEE4F40FE6F70B0F070213E4AE0B9599CF6348B0EAC781225457
905837635 25985 19688 BED71E48CDD8523CF14B2A1A90C394C51FA4CF12A7CE34282AED146F8A040BD8
905479383 58731 19151 D30652C6A912D37D49A2E72FE967AFBFEBAEA096DAD44AEF70869402E5E4645E
911062463 41127 25020 3D9AB026682561028E7E2583A60C3C6890ABB6CCA4C35E29DA1F0D48023C7E6F
908069079 7311 19632 4803A199098C533ED7E4AFE5858A40D3F7985B848B5663F36B4CD35F3BC8B9C4
903181401 8100 21503 7C20F6CF1A09EEE4F40FE6F70B0F070213E4AE0B9599CF6348B0EAC781225457
904741020 39222 9858 7C20F6CF1A09EEE4F40FE6F70B0F070213E4AE0B9599CF6348B0EAC781225457

Total of 0 tasks calculated error.
