Total of 100 tasks calculated correctly, accuracy 100.00% 
9113924850 40756 34035 7C20F6CF1A09EEE4F40FE6F70B0F070213E4AE0B9599CF6348B0EAC781225457
9116962963 38470 55145 7C20F6CF1A09EEE4F40FE6F70B0F070213E4AE0B9599CF6348B0EAC781225457
9113113549 19318 28411 7C20F6CF1A09EEE4F40FE6F70B0F070213E4AE0B9599CF6348B0EAC781225457
9112478297 22568 34473 7C20F6CF1A09EEE4F40FE6F70B0F070213E4AE0B9599CF6348B0EAC781225457
9116727048 44944 46267 7C20F6CF1A09EEE4F40FE6F70B0F070213E4AE0B9599CF6348B0EAC781225457
9109432050 7368 8827 7C20F6CF1A09EEE4F40FE6F70B0F070213E4AE0B9599CF6348B0EAC781225457
9115718371 43746 52378 7C20F6CF1A09EEE4F40FE6F70B0F070213E4AE0B9599CF6348B0EAC781225457
9115207671 53679 64199 DC65D7E9E450B2DB7EDB7128DE313B47E60BBF629F8AC367E65817C30A4A94F0
9111801503 39459 50135 B50EB78BFBB36473CB0337409116E6343A2DD26391DF080A7672FAC411E6671B
9114654116 49505 13564 C0B5FF58067BF0C1C6901494436187D86212D81241561DDF6D384F14D9E294E7
9110840187 53980 25317 7C20F6CF1A09EEE4F40FE6F70B0F070213E4AE0B9599CF6348B0EAC781225457
9119261893 37468 41640 7C20F6CF1A09EEE4F40FE6F70B0F070213E4AE0B9599CF6348B0EAC781225457
9110373918 17631 23826 7AB454E43FBC65544EABB327FCDAAF9C8C5A9794A800D456D151C93A3CAC4CF1
9115618494 36968 64786 7C20F6CF1A09EEE4F40FE6F70B0F070213E4AE0B9599CF6348B0EAC781225457
9111573611 31681 30613 E45EA8C5BC95BBC2D76F72E3F05A99E5DB6D21C1862A2C8C9347F4B6FC55DF5B
9111909327 23477 63349 C87A7530E1BC8495AC0F90CB08034EBA8DFA77873D600823D21028A5421CF878
9111314041 42944 13684 7C20F6CF1A09EEE4F40FE6F70B0F070213E4AE0B9599CF6348B0EAC781225457
9110337905 31878 544 7C20F6CF1A09EEE4F40FE6F70B0F070213E4AE0B9599CF6348B0EAC781225457
9112636268 29737 41289 2CEDF894BF1249D930B692DE3DB4945FD4659C36C16C3B5AEF44576B207E0521
9111840124 63526 48575 7C20F6CF1A09EEE4F40FE6F70B0F070213E4AE0B9599CF6348B0EAC781225457
9115012750 9211 40556 1AE7EB55AEE635EFDD9E7877E7C421C65B2A26BB879A2B7C6EBD49962C29687D
9112112900 24813 47940 BE4C9B3D632B21F8FE9C30F4F1F8850771B83E8E75CA25C9B23ACDAA63645A9D
9116428813 43427 1946 BA726F39322C645E1F3DFE9E3EF7E172D68A835558B4B259F3E5A3E5F3D664ED
9109360980 53344 51000 7C20F6CF1A09EEE4F40FE6F70B0F070213E4AE0B9599CF6348B0EAC781225457
9115569143 36288 40460 7C20F6CF1A09EEE4F40FE6F70B0F070213E4AE0B9599CF6348B0EAC781225457
9111148320 51328 6178 7C20F6CF1A09EEE4F40FE6F70B0F070213E4AE0B9599CF6348B0EAC781225457
9113507553 36541 27546 0AAC8748631D4A67DD9BFFF4B1F7C49DB938D586DA37DE1F66A2654E735CE96C
9108676317 53033 60030 3BC1168CBB970116B523B72C04740EE38D7FFF4BCB480A43AA6BF13422E36CB6
9112364319 22076 16770 7C20F6CF1A09EEE4F40FE6F70B0F070213E4AE0B9599CF6348B0EAC781225457
9115883095 14192 26320 7C20F6CF1A09EEE4F40FE6F70B0F070213E4AE0B9599CF6348B0EAC781225457
9111464767 32988 43919 7C20F6CF1A09EEE4F40FE6F70B0F070213E4AE0B9599CF6348B0EAC781225457
9119274384 36391 19017 DF32A31462158537AD6CD6B99A630308CC45C3AC196ACA7C0F71143DC7F04B87
9112926238 23722 15172 7C20F6CF1A09EEE4F40FE6F70B0F070213E4AE0B9599CF6348B0EAC781225457
9114938484 5764 27262 7C20F6CF1A09EEE4F40FE6F70B0F070213E4AE0B9599CF6348B0EAC781225457
9111783605 46115 61645 9D5B67A7DF1ACDC83299A309AB1438943AB8C56E5F3D74B01DC0349F1A3BF9D0
9110810188 10640 24168 7C20F6CF1A09EEE4F40FE6F70B0F070213E4AE0B9599CF6348B0EAC781225457
9111376044 5363 65082 A6293705B906F05A18BE6B7B2625AD9721FDAC1108485AE8C63895F6F2DC1AF2
9119265879 50754 39217 7C20F6CF1A09EEE4F40FE6F70B0F070213E4AE0B9599CF6348B0EAC781225457
9112164250 58673 876 DFDBC3FC877D5A9129AA966DCF436A0B360C2DE643E607C934B46CFCE9E1C6D8
9109885589 48007 6251 6C7FD5854FE43A141160680B9A07D301D55248A669A0E93DAD60ED00A110C5F7
9113353555 20286 12231 7C20F6CF1A09EEE4F40FE6F70B0F070213E4AE0B9599CF6348B0EAC781225457
9114595859 3275 63138 94043ADB6FCAEE917E26BED04993CF8260F13F811805AB67F4078C7F25A6DA82
9117609821 48553 54385 502D332A2163931531E19A0757B9618426DFC8300AFCB50326215EC0E941A8AA
9111096154 58732 44400 7C20F6CF1A09EEE4F40FE6F70B0F070213E4AE0B9599CF6348B0EAC781225457
9109638278 36881 23853 6AFB52BC0A14A2B9B7B3CA20C127297110DF6D50C7007FF94B4C24963C06F727
9114016303 13617 20472 DFCA9D8DC5E91A4FCE7F105ECC831CF6773D4345BCA36956BB344CAE41AC76F5
9118736843 30955 204 A2971C528A2FD8462AE26C62175701B12726C21A7F6901D4AE3BBF6EDBBE73B9
9116528696 1726 10108 7C20F6CF1A09EEE4F40FE6F70B0F070213E4AE0B9599CF6348B0EAC781225457
9118202015 5393 40383 CEB2D6D744E53DF2D3AA8B134AEFABB3927F7FADEC8460D4BD6163E82FECEBCD
9109800755 3661 63903 8C47B9112AF2E703699970E89E39F2C5DA6D7AF2F6B89EC164381D9264D17139
9108460258 6325 6120 B23C09BC101E3669B7A8DAC6814AAA2B9E24B6BB87ADDDBFF874B38FAB09B4A5
9116120164 31372 2373 7C20F6CF1A09EEE4F40FE6F70B0F070213E4AE0B9599CF6348B0EAC781225457
9109514686 55679 34566 F19AF647AD866C3EEC7FA85BB537D42B169BD2CE5E1A6890311A26F29C0F7AE6
9113140663 14298 36955 7C20F6CF1A09EEE4F40FE6F70B0F070213E4AE0B9599CF6348B0EAC781225457
9117719364 58877 54696 3823667D3FF98CA103DDBCF76D74331119E00CCB112ABDCF0314CABC59B4E361
9111918307 23892 32435 7C20F6CF1A09EEE4F40FE6F70B0F070213E4AE0B9599CF6348B0EAC781225457
9114914376 37720 29201 7C20F6CF1A09EEE4F40FE6F70B0F070213E4AE0B9599CF6348B0EAC781225457
9110247458 46893 64538 3D905EDCD20E60A8A8FA9C73D00DA9E23BC25A5DE4579CC23AE19BDF89BCF48D
9110173711 11513 40877 E4B2794471176DE41DC01170438952BE11C3D3D8174E2DC4675434CC7FE1FB05
9115303927 8751 27160 F909F47F0554D27D9FC91436CD27E90E142BC1AE3F64BCCAAF870C4217F5705C
9111615448 62615 54157 E88545B5D39D8E0FEE89579D2879DF6669D03212E42EE33D7F9A0DEBA46B6DE9
9118407963 48256 40490 7C20F6CF1A09EEE4F40FE6F70B0F070213E4AE0B9599CF6348B0EAC781225457
9116802906 50168 33817 7C20F6CF1A09EEE4F40FE6F70B0F070213E4AE0B9599CF6348B0EAC781225457
9112439475 44743 24271 D05DE9EB562CDD851CB91D5243F8735F00EFE351874748615B32D1A5A8305B17
9111401514 9052 49869 7C20F6CF1A09EEE4F40FE6F70B0F070213E4AE0B9599CF6348B0EAC781225457
9111705988 57704 29404 7C20F6CF1A09EEE4F40FE6F70B0F070213E4AE0B9599CF6348B0EAC781225457
9116278755 60697 36072 698E358DD58D936196952D06B5D1C04253F73442AD75CF0E33D1BAF8AD8AE977
9110423963 47188 4676 7C20F6CF1A09EEE4F40FE6F70B0F070213E4AE0B9599CF6348B0EAC781225457
9109710315 19101 37892 2E0585182CBFC0873282795E42148758026AB3C338ECA1D2BA8E5803DC816A4B
9118542219 39992 18228 7C20F6CF1A09EEE4F40FE6F70B0F070213E4AE0B9599CF6348B0EAC781225457
9113104776 53536 56809 7C20F6CF1A09EEE4F40FE6F70B0F070213E4AE0B9599CF6348B0EAC781225457
9108590403 35070 29016 7C20F6CF1A09EEE4F40FE6F70B0F070213E4AE0B9599CF6348B0EAC781225457
9116354518 12795 37487 DFAA0F10F9EC4614131D35CA5E222BA1F87F5B1F936B337F68D76786A1883E9A
9114413191 64806 3767 7C20F6CF1A09EEE4F40FE6F70B0F070213E4AE0B9599CF6348B0EAC781225457
9119051538 7591 42799 CB93837F092BFEC494BF68FC61E8D3F1278E6FBA2BDB36E0B31E9CD3A6B6CE78
9113371966 35244 50418 7C20F6CF1A09EEE4F40FE6F70B0F070213E4AE0B9599CF6348B0EAC781225457
9113661419 54756 20077 7C20F6CF1A09EEE4F40FE6F70B0F070213E4AE0B9599CF6348B0EAC781225457
9115115599 10763 35497 91143AF4EC033EA5AAEF19B41E19B7522556F2DF6BB47E0D8212E8C469202D14
9115125463 19167 34425 7B5A9FC284188DB73E83999F65AF91888B7FB9827BFE62CFAC8C94AC811A30B9
9115144956 56521 56958 145550F97FD3F96AE365A3A7E46949E737E8E4CF70609CCE2A3BE9BF8B0B23C9
9114335576 62438 16448 7C20F6CF1A09EEE4F40FE6F70B0F070213E4AE0B9599CF6348B0EAC781225457
9109771652 42842 6714 7C20F6CF1A09EEE4F40FE6F70B0F070213E4AE0B9599CF6348B0EAC781225457
9110591727 60459 53457 834A8820C7389CD3428C79624816E4BB06BAC294106AA7FBE18AD02DC8E41C7A
9115034350 11224 30331 7C20F6CF1A09EEE4F40FE6F70B0F070213E4AE0B9599CF6348B0EAC781225457
9116705053 55130 65355 7C20F6CF1A09EEE4F40FE6F70B0F070213E4AE0B9599CF6348B0EAC781225457
9111211925 7282 1521 7C20F6CF1A09EEE4F40FE6F70B0F070213E4AE0B9599CF6348B0EAC781225457
9115476350 49658 57541 7C20F6CF1A09EEE4F40FE6F70B0F070213E4AE0B9599CF6348B0EAC781225457
9119809582 42646 60157 7C20F6CF1A09EEE4F40FE6F70B0F070213E4AE0B9599CF6348B0EAC781225457
9117766379 52250 2455 7C20F6CF1A09EEE4F40FE6F70B0F070213E4AE0B9599CF6348B0EAC781225457
9112844133 3956 62591 7C20F6CF1A09EEE4F40FE6F70B0F070213E4AE0B9599CF6348B0EAC781225457
9117870772 54280 58113 7C20F6CF1A09EEE4F40FE6F70B0F070213E4AE0B9599CF6348B0EAC781225457
9118196383 58328 25446 7C20F6CF1A09EEE4F40FE6F70B0F070213E4AE0B9599CF6348B0EAC781225457
9113092349 31132 60736 7C20F6CF1A09EEE4F40FE6F70B0F070213E4AE0B9599CF6348B0EAC781225457
9112523883 16341 23783 3C067D5A74ADF66D65184ABCCD184B4F17B26F7BED6195F2595B976220F4724C
9118300196 9602 2583 7C20F6CF1A09EEE4F40FE6F70B0F070213E4AE0B9599CF6348B0EAC781225457
9111026500 50678 63173 7C20F6CF1A09EEE4F40FE6F70B0F070213E4AE0B9599CF6348B0EAC781225457
9111398939 31609 11222 22FFA84C90D3C4F876E4BA70B67ADDDA86C48B9F18B4F95391BB4FA5D625E2A2
9109034913 59659 11220 73CA5FA6184263CF83CAB93A37F27BCA4847723F8EC8EB448A99E0BC21FAF52D
9109164242 52552 26639 7C20F6CF1A09EEE4F40FE6F70B0F070213E4AE0B9599CF6348B0EAC781225457
9114942827 55175 58716 10503B483ED835B47C85B09EBB01CB9998E101BF0FF9C9EE1496D03E1D5BEC00

Total of 0 tasks calculated error.
