Total of 100 tasks calculated correctly, accuracy 100.00% 
9125100407 12473 28476 120A2F7A6162778C2D70AC307E4454D1E201F6E992010B5F47769940DB8BD7B9
9128713916 15908 27901 7C20F6CF1A09EEE4F40FE6F70B0F070213E4AE0B9599CF6348B0EAC781225457
9123055827 28907 64502 518A497604B7AC05ADC871F6D02D8248EDA4D70E6770506E03F5E1A22DE50A4A
9122299095 64512 10345 7C20F6CF1A09EEE4F40FE6F70B0F070213E4AE0B9599CF6348B0EAC781225457
9120826294 56165 19006 4D9F739C23237A77AA4ABA92966A7825B0D9D1CF3136F249AF88ACC4DEFFC215
9130257614 15704 17550 7C20F6CF1A09EEE4F40FE6F70B0F070213E4AE0B9599CF6348B0EAC781225457
9125439970 14870 3582 7C20F6CF1A09EEE4F40FE6F70B0F070213E4AE0B9599CF6348B0EAC781225457
9124002078 32730 16729 7C20F6CF1A09EEE4F40FE6F70B0F070213E4AE0B9599CF6348B0EAC781225457
9129988758 51083 35128 65DB2E2B966F39B8366F3D7FAF5ECBC2486C591D0DF0A47837F4ACD7F7B7806A
9129688504 34771 5189 D363152900942EDEC6B442C6533CC4E51FA5E8AB05705AD69D7BEEBAC185E604
9130553433 15170 44824 7C20F6CF1A09EEE4F40FE6F70B0F070213E4AE0B9599CF6348B0EAC781225457
9128417423 13207 6720 AC9841FA4BE165E0BA6216EB9E886F5B9D713B61054237A4921E28BB7981E5E5
9122842729 53462 51353 7C20F6CF1A09EEE4F40FE6F70B0F070213E4AE0B9599CF6348B0EAC781225457
9121150342 43668 41058 7C20F6CF1A09EEE4F40FE6F70B0F070213E4AE0B9599CF6348B0EAC781225457
9129083267 15466 40200 7C20F6CF1A09EEE4F40FE6F70B0F070213E4AE0B9599CF6348B0EAC781225457
9124489005 15347 24042 35C254E9A17CE665F87E9060ED41768E8A48553611683425AC477F23FF86AEFE
9126766320 5796 59610 7C20F6CF1A09EEE4F40FE6F70B0F070213E4AE0B9599CF6348B0EAC781225457
9125858478 33816 54107 7C20F6CF1A09EEE4F40FE6F70B0F070213E4AE0B9599CF6348B0EAC781225457
9124978777 9837 26433 0B3AC76374811A522C96FC54441384386BE2AA3F397638769FBE98E502429B4F
9129076131 5307 63967 7C0A084993D40E07E4BD3DCA179BEA7E7ABCBF58A52BC8A387BD35CDB9401B6C
9120419949 54173 59229 2E82EB332B36E1B87F6257894E70FE48706E02AB3F9373DBC10CEAB86CB5EE92
9121051466 58244 61566 7C20F6CF1A09EEE4F40FE6F70B0F070213E4AE0B9599CF6348B0EAC781225457
9125540186 53763 7766 FCA18B8CB3607012A41C27D0F7E5B0AC8575DEA268E29F8A8655D64022644742
9128515197 2627 28441 54D77574C5902B3C32016528071C3A661FAB6C3B84FD17D88F59660AB98A4960
9128325305 42065 57417 EF550A56090E9CA402319B3EDE325C20EACDD7F853582661E5D7E878A1180305
9126579383 32595 17786 14EE22F4F20B2D02FDC7FE56889253CB96320EB6E0D9545E83C6D279350B6DCB
9123327109 18898 42262 7C20F6CF1A09EEE4F40FE6F70B0F070213E4AE0B9599CF6348B0EAC781225457
9122242743 4202 19746 7C20F6CF1A09EEE4F40FE6F70B0F070213E4AE0B9599CF6348B0EAC781225457
9123756770 14134 12036 7C20F6CF1A09EEE4F40FE6F70B0F070213E4AE0B9599CF6348B0EAC781225457
9128480235 18185 58835 342441BAB5461A4A4523AFF9FF50D8F34B7D4576798EB7239F900B7D8BFB1EDE
9120660082 43037 33777 6D7328EC5113D3AAB5EBBCC2258552CC92EA698A9738C1BFA0A124FD4D1BA4FF
9128049643 13878 21349 7C20F6CF1A09EEE4F40FE6F70B0F070213E4AE0B9599CF6348B0EAC781225457
9120941549 64301 36673 7D968CA235669E54F5C3E24003F447E2206714ACB3ED16768C35AD141919070C
9129607173 58255 37533 80501F06869E8FC99EFBB1628FB2FF663944CBB7702AF2D730ED7AF31B6C2F70
9125978206 43267 34908 F8EDEA7DA382A4C11BAE5AB3FC7343AABDFCD9CD8C2BD8FE5BFCF34C42C92D79
9121120514 29464 26116 7C20F6CF1A09EEE4F40FE6F70B0F070213E4AE0B9599CF6348B0EAC781225457
9122389347 1058 32387 7C20F6CF1A09EEE4F40FE6F70B0F070213E4AE0B9599CF6348B0EAC781225457
9125297205 51654 23399 7C20F6CF1A09EEE4F40FE6F70B0F070213E4AE0B9599CF6348B0EAC781225457
9128178383 56120 18259 7C20F6CF1A09EEE4F40FE6F70B0F070213E4AE0B9599CF6348B0EAC781225457
9130671460 23343 28773 3FC84038721A5BADF9A3F9AD880B4A8D680D2A95087A6C2E9A9E6DF8188FEC37
9123680866 46109 41121 3568ACFF405FF1135CC4854AA6C53F0C79BEEAE114DFFBAAD2235BB8F6A477CB
9120860749 46584 3674 7C20F6CF1A09EEE4F40FE6F70B0F070213E4AE0B9599CF6348B0EAC781225457
9130567132 34268 47900 7C20F6CF1A09EEE4F40FE6F70B0F070213E4AE0B9599CF6348B0EAC781225457
9125102456 49050 3861 7C20F6CF1A09EEE4F40FE6F70B0F070213E4AE0B9599CF6348B0EAC781225457
9128547673 25657 27959 9B818C5DFB02F2461A0598AF9B4ECA808CA5E6F28B0F72CA4054F86A0BFB6266
9124939169 12261 62761 2534DF83B557D1CF0C27B404D13FDA7C30670EC145ACCDC5D67CCCCE1A0B7839
9131799133 30380 6937 7C20F6CF1A09EEE4F40FE6F70B0F070213E4AE0B9599CF6348B0EAC781225457
9130623840 23909 43973 4B3313226EEDECF8C1F664705D63DE3C3268338F519D33E7FD22AEDBF598AD0E
9123717658 32061 1089 158F21138C5D8DDB71A291EF1CAE720817C6EB6AAB566BC61F7053E86FD6F50F
9124156025 37131 58818 7DCA842DE97058900F4570E37D3EA5BB5FCDF8859F5FA8B550CD86420D68B764
9127986024 14749 55542 C3780CF07F45DB21C30349BCA04A783261B0191504B4BDC160821FD8502ED0B3
9126130742 61769 64131 20FD345F66FC7CE55CD6AF46AEB203767AAE31B85CEF2E3B0EF432DD5A832B79
9126462882 5261 32459 9E79409EF0770FCE7EB5D7225CAEC030B8FF8FB3BF0B873FFC671222FD261F74
9121178506 27877 31878 2291A6579EEFF2BC9E092D5603EE16C09F0D211B9AF294DE62B78AFA126824E3
9131929229 52343 28412 07DB9B24BC4FBCF0DB038D086596EAB1B364380CA79E37ED21129E0901A7AF19
9128859434 27585 48717 7850F96B73E18748529BA1CA845D543C24C283191CE0A274F5560A31A030167B
9126297737 2009 30807 D27B475D8498489ACF5951DFA135AC170498AB3206F50BF231A6603EC8C40D05
9130090627 2281 10275 6DE4B18D69AACFABEB3F3AB38561F54B76874D1A3678BF8CC8119E2026D1CD6C
9131068254 12229 12518 995B49723C751EB5AA956D315BEC0F17F338E77D42BC6343E9F5A73E647E5181
9122560445 37087 10887 A88AF907A16FF13158FDC9E70AC6713DA574AA776BCB6A3DFA1BD014DBF81AF3
9120489705 23214 39958 7C20F6CF1A09EEE4F40FE6F70B0F070213E4AE0B9599CF6348B0EAC781225457
9125161226 20373 40930 8AACA9DBE772227ED9FA7CDFA45355037D39CCDF8FEE7BEC23CEBDA5FDA3104C
9131057667 14803 62712 6F510ADF69FEF00813E12750437BC756F2D1C121E4B1F7200128AB5088F9CF5B
9127951120 13699 61594 2D591C4D6F29F60F40BD5505026A99ED568EB742BBA876795DF2CFC6EEFF2E4B
9125307198 44731 18350 2536834245E7018DFF7B818DEBED316CF765349C29462DE4BE7C882BCBEE3EF4
9128183092 46167 11142 DFE017170B5008A0F696189D753FBB4EFD39DCB4A29722D8C6C236CD3DFB4242
9122139541 64054 3173 7C20F6CF1A09EEE4F40FE6F70B0F070213E4AE0B9599CF6348B0EAC781225457
9124778361 63136 8277 7C20F6CF1A09EEE4F40FE6F70B0F070213E4AE0B9599CF6348B0EAC781225457
9121637709 63271 3578 01D6D50BD8154B35BBC6D85C9989A5B2A06B41D9ABE9B11D854887B365AC1981
9123987418 12464 29499 7C20F6CF1A09EEE4F40FE6F70B0F070213E4AE0B9599CF6348B0EAC781225457
9125608069 28350 25958 7C20F6CF1A09EEE4F40FE6F70B0F070213E4AE0B9599CF6348B0EAC781225457
9124207188 56303 36365 464414155FD6E10B3DDBB162714FCD9B01F4E0F0FD9BB0F7A6387865C56D0B3A
9122400408 64078 55304 7C20F6CF1A09EEE4F40FE6F70B0F070213E4AE0B9599CF6348B0EAC781225457
9123238538 53082 32577 7C20F6CF1A09EEE4F40FE6F70B0F070213E4AE0B9599CF6348B0EAC781225457
9129236681 52107 47403 9490EBB8A89B13625A0DD2AD01F4609FB65CC5C638246386CDD6A796D8C837EF
9124510998 28775 53334 29D4CA26C4CD7ECBFEE63745685A8ED790A341C6C0C85F5E977A320D1864BC34
9124687146 6286 53128 7C20F6CF1A09EEE4F40FE6F70B0F070213E4AE0B9599CF6348B0EAC781225457
9130170241 1563 57524 2D4F8CCF8BAD73C71E0304C33DCE483E16BF7C05104725186C572D3925F55BB1
9125714089 40650 34262 7C20F6CF1A09EEE4F40FE6F70B0F070213E4AE0B9599CF6348B0EAC781225457
9122281676 30420 10197 7C20F6CF1A09EEE4F40FE6F70B0F070213E4AE0B9599CF6348B0EAC781225457
9124780290 4994 50873 7C20F6CF1A09EEE4F40FE6F70B0F070213E4AE0B9599CF6348B0EAC781225457
9124244058 45818 22273 7C20F6CF1A09EEE4F40FE6F70B0F070213E4AE0B9599CF6348B0EAC781225457
9127696943 12274 42932 7C20F6CF1A09EEE4F40FE6F70B0F070213E4AE0B9599CF6348B0EAC781225457
9123948100 25205 52731 79071F4517043DFC03E93D777539060F92E82A02ABB8AE259214DAE3160D2973
9122355299 45459 22033 359CCF4DF223A4FF2DC6796FC22EB399F08C0401518B6D3951827F55EB87BBF3
9121932882 18992 47221 7C20F6CF1A09EEE4F40FE6F70B0F070213E4AE0B9599CF6348B0EAC781225457
9124282482 6714 47951 7C20F6CF1A09EEE4F40FE6F70B0F070213E4AE0B9599CF6348B0EAC781225457
9126156206 53813 2005 54FE68EEA6FDCA7A7F74E580B80074B557BC67D26F39CA9EBA57A578F0E25198
9125752796 38337 35142 B7B1AAC2DBD901723005FEF1E789B18C1610E34DC00AED5F727132D189CDAF5A
9129785163 31969 47888 BCB6E41324B2B30000D09A21B790D3A847BDFA01F856CB8FF3B7CACC769A4C9D
9126125449 54848 54126 7C20F6CF1A09EEE4F40FE6F70B0F070213E4AE0B9599CF6348B0EAC781225457
9124868446 21641 60727 DCAC9EB3D83F696AAFE721409580ED1B329CA66C04267FB4D8F4EFBD8D057DC8
9123329814 57466 47671 7C20F6CF1A09EEE4F40FE6F70B0F070213E4AE0B9599CF6348B0EAC781225457
9123596335 12994 29921 7C20F6CF1A09EEE4F40FE6F70B0F070213E4AE0B9599CF6348B0EAC781225457
9130412744 60467 13511 1C096817E8BD64767BEE17DEA24E9BCBEEFBDC4BF6D3E1417B86163CCB2B9452
9130826180 13250 43923 7C20F6CF1A09EEE4F40FE6F70B0F070213E4AE0B9599CF6348B0EAC781225457
9125357224 35771 56432 2C9B39FF68E51113BF1E38DCA58BAC69BEE4224E72C82B142512E4425B4EF320
9127711859 43752 61648 7C20F6CF1A09EEE4F40FE6F70B0F070213E4AE0B9599CF6348B0EAC781225457
9128495741 44150 16705 7C20F6CF1A09EEE4F40FE6F70B0F070213E4AE0B9599CF6348B0EAC781225457
9128648269 48002 19417 7C20F6CF1A09EEE4F40FE6F70B0F070213E4AE0B9599CF6348B0EAC781225457

Total of 0 tasks calculated error.
