Total of 100 tasks calculated correctly, accuracy 100.00% 
9141449260 23635 48711 218D0ACE3320581D61088D2347BA3640171748C9DF22A9D740DD2DE8E40C5A85
9140925957 29931 25466 4788D903609D31D132E8B47D5F75BB1B0C53CEF07BB017F20645DDE2B566FAFF
9141608070 43867 20590 6C4C408E425E3F5E87DDDF91A5908ED9173D41F3E4669240321FF8137FE1269E
9137817614 34939 27532 74CC0F15D61CF87E80AA7780AFC360CB1E6A3C9ACAC86CC0630D832278E6C1C1
9137295979 21841 58440 27742F4CD8B21898EC9430F208239BDFFB03368C85FA52C4AB3940B33361A099
9137463585 7011 1047 ED16CA65FD39F93E5D9DD75AF7472F600E45A1A82D4F753D4B8235727504AA9D
9143801926 30105 44542 1572F5D9115DAEBBEBA7F6F8F1647C66256212E5455ACE7C59BA68B4B6F74EFD
9134916444 50260 7571 7C20F6CF1A09EEE4F40FE6F70B0F070213E4AE0B9599CF6348B0EAC781225457
9139898293 28698 42638 7C20F6CF1A09EEE4F40FE6F70B0F070213E4AE0B9599CF6348B0EAC781225457
9132625436 46890 41077 7C20F6CF1A09EEE4F40FE6F70B0F070213E4AE0B9599CF6348B0EAC781225457
9141814563 46447 40505 655F6E24E8C4B92C0FA8F89AB11B0A2A4C5C295FB8F7B0795611BD7F5F1905C5
9136617214 46587 13201 895336DAC25DF22DEF98A40167AC0FED1D4CB040462BE4F1E69AA9C6C6B9D50B
9139724633 29939 33952 8A761B12E61D15C46274F3892084B20A2A7F773529BBC29064A28398800488A5
9138934884 11146 47955 7C20F6CF1A09EEE4F40FE6F70B0F070213E4AE0B9599CF6348B0EAC781225457
9136515444 12316 55965 7C20F6CF1A09EEE4F40FE6F70B0F070213E4AE0B9599CF6348B0EAC781225457
9136167218 57032 64804 7C20F6CF1A09EEE4F40FE6F70B0F070213E4AE0B9599CF6348B0EAC781225457
9142358262 7988 22841 7C20F6CF1A09EEE4F40FE6F70B0F070213E4AE0B9599CF6348B0EAC781225457
9144053438 36661 10605 1D4FC0BA5770D513835B4FC747E35A88F68E6677337D573CBA2E9442769CEC61
9136014964 41396 20635 7C20F6CF1A09EEE4F40FE6F70B0F070213E4AE0B9599CF6348B0EAC781225457
9141665768 7094 23492 7C20F6CF1A09EEE4F40FE6F70B0F070213E4AE0B9599CF6348B0EAC781225457
9144327186 44126 41262 7C20F6CF1A09EEE4F40FE6F70B0F070213E4AE0B9599CF6348B0EAC781225457
9135173442 18486 22790 7C20F6CF1A09EEE4F40FE6F70B0F070213E4AE0B9599CF6348B0EAC781225457
9136297481 42250 23859 7C20F6CF1A09EEE4F40FE6F70B0F070213E4AE0B9599CF6348B0EAC781225457
9136932368 42830 47618 7C20F6CF1A09EEE4F40FE6F70B0F070213E4AE0B9599CF6348B0EAC781225457
9141696377 27298 11093 7C20F6CF1A09EEE4F40FE6F70B0F070213E4AE0B9599CF6348B0EAC781225457
9136679271 53941 32814 88E479F62D009783475D79914416E2BB7D3B0ED598E8F28C1F28DB377C1AB482
9139250780 16068 57450 7C20F6CF1A09EEE4F40FE6F70B0F070213E4AE0B9599CF6348B0EAC781225457
9139431643 46547 36280 5356BEAE4568B4D148C95E12812E300E135B86BBE27C4171A6C171D1954FBE85
9141955931 57359 19795 5E62ACD60CDC90C0D82E61DB18F8B0E0DD388163E202194FADB2C2E0601A645F
9139164001 46798 62937 7C20F6CF1A09EEE4F40FE6F70B0F070213E4AE0B9599CF6348B0EAC781225457
9141783294 38533 38799 9AC48B361951E043DBB3DEE336879E2AFCE65EB83DD89CCFFFC5D93C474AB7EE
9133335775 61409 14657 9DBFCE31EAFBF0F9B9282C257CDD9DFC6B57E920C123565B0BE4B7255EE4131F
9143369510 40327 44480 8BFD12FF8E5866086F7B37221D16417F0066540F62FCCA780A1290D5188F9EF3
9140764564 21330 237 7C20F6CF1A09EEE4F40FE6F70B0F070213E4AE0B9599CF6348B0EAC781225457
9142822545 19716 60094 7C20F6CF1A09EEE4F40FE6F70B0F070213E4AE0B9599CF6348B0EAC781225457
9138095093 53250 38688 7C20F6CF1A09EEE4F40FE6F70B0F070213E4AE0B9599CF6348B0EAC781225457
9132505045 37141 23748 003A2CFB49FBC357C9DA1D10B4468B4E59EAF41233A7638A55A2F83E56F0806B
9139407577 59600 3417 7C20F6CF1A09EEE4F40FE6F70B0F070213E4AE0B9599CF6348B0EAC781225457
9140568817 11869 35680 ED00215619440B82A18D9E1C623E21E514440D8724AEFD2C62EBF0891C9868E5
9138947354 6373 40363 56DCE292CBBFC5A9E5B29C2F8196063349E760BF6A3A3F911A0CC74CB3959E78
9141129676 23974 49533 7C20F6CF1A09EEE4F40FE6F70B0F070213E4AE0B9599CF6348B0EAC781225457
9142144181 64716 21382 7C20F6CF1A09EEE4F40FE6F70B0F070213E4AE0B9599CF6348B0EAC781225457
9141025607 1785 3394 AD5F0F4A7F09639FAF4E0014054B269B8624E4B4ACDAF54E13A7CB98043E8FFF
9138245990 59095 2079 1B4E609B39DDCCB8DE655E3CEC8DD2EB92966BEF7F5080E7E50F5767B2C44A68
9139186553 18876 23142 7C20F6CF1A09EEE4F40FE6F70B0F070213E4AE0B9599CF6348B0EAC781225457
9138356774 45761 6323 D7CFCDD56EE490CC9CB98C75C32122BF5D1DA8EA323679F553B80F062253EF77
9135504080 40489 60097 D3E29F4D911EACBFE77211F0BFCC03501B20F6D559B1A269B2FAA4AF7FAB846D
9135111350 3297 45707 5A4F9A55ACA72CC57E896B684F5C95173C26F9277F8D9B6A5432291E172E6E63
9144349598 13905 39302 851F441849B4A8F0BDA650FFA0822E8124BE8FE1C419902DE24BA54CD81BD578
9132794747 54458 15814 7C20F6CF1A09EEE4F40FE6F70B0F070213E4AE0B9599CF6348B0EAC781225457
9134126932 29133 57003 5994909012A2F2D636C411C4CC341C4B5EA5B2A8F80E624651745EC47F02CD7B
9132853322 53836 32084 7C20F6CF1A09EEE4F40FE6F70B0F070213E4AE0B9599CF6348B0EAC781225457
9142248459 15518 18687 7C20F6CF1A09EEE4F40FE6F70B0F070213E4AE0B9599CF6348B0EAC781225457
9132626786 39144 8996 7C20F6CF1A09EEE4F40FE6F70B0F070213E4AE0B9599CF6348B0EAC781225457
9140866062 62254 32448 7C20F6CF1A09EEE4F40FE6F70B0F070213E4AE0B9599CF6348B0EAC781225457
9134018432 22392 16015 7C20F6CF1A09EEE4F40FE6F70B0F070213E4AE0B9599CF6348B0EAC781225457
9140393688 32357 15731 90CA82F178E43A476824B358DA174F038EFC42CB53C7ED6BB9B9D41236197223
9134545078 47602 42106 7C20F6CF1A09EEE4F40FE6F70B0F070213E4AE0B9599CF6348B0EAC781225457
9139614747 37586 2595 7C20F6CF1A09EEE4F40FE6F70B0F070213E4AE0B9599CF6348B0EAC781225457
9142311520 49666 21034 7C20F6CF1A09EEE4F40FE6F70B0F070213E4AE0B9599CF6348B0EAC781225457
9132416760 45837 61413 25BE0D9032B60BB4ED11BF3BBE2F72EB34F693194B6C95B88D6695EB80E9AF82
9133640591 12894 1133 7C20F6CF1A09EEE4F40FE6F70B0F070213E4AE0B9599CF6348B0EAC781225457
9137678959 15704 19544 7C20F6CF1A09EEE4F40FE6F70B0F070213E4AE0B9599CF6348B0EAC781225457
9133255384 62466 28366 7C20F6CF1A09EEE4F40FE6F70B0F070213E4AE0B9599CF6348B0EAC781225457
9136336290 64805 1047 F219F80322612291247E30C87CC587E3DE9FEC6A4E4BEAD011EC00A89B896E5A
9139972384 45745 21368 6AF711E9FA8BCDBBD1B3F5D1B5F2F9F2AF98712C2E53D73B34086A9107950C5E
9132879359 31602 62726 7C20F6CF1A09EEE4F40FE6F70B0F070213E4AE0B9599CF6348B0EAC781225457
9137501663 370 53676 7C20F6CF1A09EEE4F40FE6F70B0F070213E4AE0B9599CF6348B0EAC781225457
9142854845 56763 44389 F3ADCACC35B492FC7177C711B9750B6161F1E0DEE092F094412DD7815F3F8A44
9138063418 160 13456 7C20F6CF1A09EEE4F40FE6F70B0F070213E4AE0B9599CF6348B0EAC781225457
9140963302 45292 60528 7C20F6CF1A09EEE4F40FE6F70B0F070213E4AE0B9599CF6348B0EAC781225457
9139449111 2119 32909 D8D99250A8C2AE40E90DB4E35C421224F0BA91CF88E9F28349B7DB5483C6E9AE
9134673231 35174 37863 7C20F6CF1A09EEE4F40FE6F70B0F070213E4AE0B9599CF6348B0EAC781225457
9134604468 24012 37032 7C20F6CF1A09EEE4F40FE6F70B0F070213E4AE0B9599CF6348B0EAC781225457
9137711762 63428 61590 7C20F6CF1A09EEE4F40FE6F70B0F070213E4AE0B9599CF6348B0EAC781225457
9138254696 52253 55718 1E8BD7D073A334D571F093D895770CAA44B2DED952A93AC9AF6CF3088BCE10D1
9141600860 53990 47810 7C20F6CF1A09EEE4F40FE6F70B0F070213E4AE0B9599CF6348B0EAC781225457
9140979907 34234 26402 7C20F6CF1A09EEE4F40FE6F70B0F070213E4AE0B9599CF6348B0EAC781225457
9135740541 54713 7705 4AE7C39E17F007F1324281211CB2C9EECF9B7CC2CC678A8034EC26E8FD8706BC
9139558561 36615 28647 0F8EB82E5106D1B1F677D44839FC9BE4D60362DF600CBE34EDCE49C7F02E20AB
9140796785 39193 22770 8FDAC966DE9826E37FE7BA0C265286D7E0E962CE5EAB26871D4A0E6F0A3C78A8
9132937240 34369 34004 81A5E4CAC069905CCB4C5DD26DFB61D92F987D5E014FE6C7A0CDFAA10A7086C2
9137951845 885 8547 173ACE7C10FAAACFD51FC55284646736084E661E9396C9309067D9FC32AE7CE6
9137069942 21799 2887 69ECA24056BC351C9E56FB777789ED2CCB0457A1D3652B844C314A38D4128B3C
9135667732 11303 57351 551C43926D8BB90F6C06324957B76B93726461663F261742CF27EEC92F87D97D
9138605196 47523 57857 2E3650F243973E937179A99B752E5EA26A8CC06C9B1CE9E5F58F25A6F778CDCC
9136763816 53398 34358 7C20F6CF1A09EEE4F40FE6F70B0F070213E4AE0B9599CF6348B0EAC781225457
9141998015 58886 23952 7C20F6CF1A09EEE4F40FE6F70B0F070213E4AE0B9599CF6348B0EAC781225457
9136361466 38370 16309 7C20F6CF1A09EEE4F40FE6F70B0F070213E4AE0B9599CF6348B0EAC781225457
9142075789 54666 25858 7C20F6CF1A09EEE4F40FE6F70B0F070213E4AE0B9599CF6348B0EAC781225457
9144227433 24081 41596 FBED436C5D76352BB1B317BACC91473258F24EE1C17FFBBA1B9EDDDE95024946
9139010228 18309 5707 EE17B1E290DBC604B2DCB9D1E5D3C05929F12364B8310B8C299CFBB867D91FB3
9133722092 62904 16527 7C20F6CF1A09EEE4F40FE6F70B0F070213E4AE0B9599CF6348B0EAC781225457
9136075638 23220 18983 7C20F6CF1A09EEE4F40FE6F70B0F070213E4AE0B9599CF6348B0EAC781225457
9144337410 23965 19092 2E4691C12C5ADACF8631EB0F88AAFB8890DA79E5774619FCA355EAFAE3F0ECBC
9140923366 18812 23908 7C20F6CF1A09EEE4F40FE6F70B0F070213E4AE0B9599CF6348B0EAC781225457
9138099726 59009 31133 19E234D6088C50ABA15BD91FB75E05A4D5F2F79159C4F6CCCC1D716DE8FD4285
9144348850 10157 16111 DE5B6A171B089241966B3125BCC531D4A760452879209EF0C716FF59E06B598D
9142893938 7722 15859 7C20F6CF1A09EEE4F40FE6F70B0F070213E4AE0B9599CF6348B0EAC781225457
9138190304 51128 54524 7C20F6CF1A09EEE4F40FE6F70B0F070213E4AE0B9599CF6348B0EAC781225457

Total of 0 tasks calculated error.
