Total of 100 tasks calculated correctly, accuracy 100.00% 
9160273510 41973 29349 AF16CE93176A4B6215BDDCC03411FC28CF97E5D94CDE2DC46F6C78BCA45ED0DD
9164234549 60074 50072 7C20F6CF1A09EEE4F40FE6F70B0F070213E4AE0B9599CF6348B0EAC781225457
9160299973 7056 29462 7C20F6CF1A09EEE4F40FE6F70B0F070213E4AE0B9599CF6348B0EAC781225457
9160265744 4558 61238 7C20F6CF1A09EEE4F40FE6F70B0F070213E4AE0B9599CF6348B0EAC781225457
9159366362 24858 5132 7C20F6CF1A09EEE4F40FE6F70B0F070213E4AE0B9599CF6348B0EAC781225457
9158884469 57141 37820 D8400FDB52B5C9B7FAC18653257AF236D146C8F4B7EF17F80EC0279C2660DCB4
9165095762 9368 16785 7C20F6CF1A09EEE4F40FE6F70B0F070213E4AE0B9599CF6348B0EAC781225457
9157707924 17419 40420 4A50194BBD56BCD0E27B55BB2E9436412EC1F2F597A3BC8C15BA60E9385445EF
9163015690 42916 30511 7C20F6CF1A09EEE4F40FE6F70B0F070213E4AE0B9599CF6348B0EAC781225457
9159234955 38748 40968 7C20F6CF1A09EEE4F40FE6F70B0F070213E4AE0B9599CF6348B0EAC781225457
9167223976 52152 42612 7C20F6CF1A09EEE4F40FE6F70B0F070213E4AE0B9599CF6348B0EAC781225457
9159144434 48819 65299 2A65C8BCA7A1645E770A035ACB1BE33DADBFD21290542ADBB5A845F9121FCFF7
9161435856 38039 3800 A236AE44C49AEDE6E055B4EB2021B96CFE5ED06BB50C6497F353F45B97BAD68F
9167404193 25074 46600 7C20F6CF1A09EEE4F40FE6F70B0F070213E4AE0B9599CF6348B0EAC781225457
9158216885 50783 21509 B3C07AB75954BF62CD530AC193A16BBCE24CF5AB46A8B5E6C3325DBF2B660C98
9165323734 40909 59691 7D93B19599E1EF2AC4323AD367B5B135B49A9448A9E3776ABB263ECDB6A98D81
9156546163 11744 35900 7C20F6CF1A09EEE4F40FE6F70B0F070213E4AE0B9599CF6348B0EAC781225457
9158230711 49040 50515 7C20F6CF1A09EEE4F40FE6F70B0F070213E4AE0B9599CF6348B0EAC781225457
9162580927 35320 13492 7C20F6CF1A09EEE4F40FE6F70B0F070213E4AE0B9599CF6348B0EAC781225457
9168301647 39632 13411 7C20F6CF1A09EEE4F40FE6F70B0F070213E4AE0B9599CF6348B0EAC781225457
9163280288 15115 65097 653C3B09107E1B0D9BD7CCD67DDE408C24FB34B205C9B334B2C066DAF6525537
9163692417 22394 58235 7C20F6CF1A09EEE4F40FE6F70B0F070213E4AE0B9599CF6348B0EAC781225457
9165379124 2914 5459 7C20F6CF1A09EEE4F40FE6F70B0F070213E4AE0B9599CF6348B0EAC781225457
9165590364 15811 56030 13872F3D14E20FEC1756C32145F606A8865899192865167658C6F3E0E8CBD744
9163241315 6965 23198 0E4ED90D671AF8D3312E8611A1DA3F68A611A10B3A3EE8C7CAA685E5401E2FD0
9161134679 40273 7613 9DFDD866FDAB1A7D3537AB2AB39CB90F2C71BA1F54420A2CF84E413BD1B6E87A
9161854233 44347 5971 9F3CECECD57AF79A809CF8B3E91BBF093B4FB79E7A50C4ADD1FBA884E67B6A2C
9162703122 41697 42096 036D21222065F7E0F59041A5D71A00F485B6CB2083B286800CB56A1167B4F478
9164277450 54775 43253 6DD4D9D3E5D1C57FE22C0A52E49B897E2BB59D8D4F653B1845521D0F37F056F8
9158933093 14182 12089 7C20F6CF1A09EEE4F40FE6F70B0F070213E4AE0B9599CF6348B0EAC781225457
9157454864 22619 16534 E9C4C17EC5593A58F388891456B4919052371B05C17D397D3CC189CD7250371D
9161800763 46526 57024 7C20F6CF1A09EEE4F40FE6F70B0F070213E4AE0B9599CF6348B0EAC781225457
9168404578 21023 42041 AFE715B6E2798EAA93F60C04658517735481452FE664DE540051E8B758834B16
9164948150 31025 64870 DB4168F0007298F3FE683405B0772F80D49787C5BE8ABC22664DF34D82A5632A
9164224186 46592 62265 7C20F6CF1A09EEE4F40FE6F70B0F070213E4AE0B9599CF6348B0EAC781225457
9161869039 46283 36687 BFE5F04F74B8C8592F733946C8FBC344F53A5C70C46EF8BE1A80045DA3FBF952
9165807960 32323 9221 A8A5CF3C434D45DF14D018E42C2064DEE00F42EE14C69E85E61BCDA23A9E6461
9160475059 30830 34885 7C20F6CF1A09EEE4F40FE6F70B0F070213E4AE0B9599CF6348B0EAC781225457
9167969812 22564 1580 7C20F6CF1A09EEE4F40FE6F70B0F070213E4AE0B9599CF6348B0EAC781225457
9164444181 62755 59116 CBE1574FA44D749AA15B13749D2E3294DDCA9DD2FA764C7F0A037A71CFDEA513
9158597171 51215 47832 21DB6D92CD0CF429AB3B58ED619CDF8396BA4E5FD50CDBEFC6BF4BD05C642750
9163428889 14643 1130 A8F2957814C9E166E8AA7FC41385B2841760A4B67D4DAEBBAC9E0311220E0CBA
9162183587 24391 58934 8A1C5458289D113C2A00B27828FAA5100A7D2EAC7A85941F1146576A053D351F
9163149155 27790 32066 7C20F6CF1A09EEE4F40FE6F70B0F070213E4AE0B9599CF6348B0EAC781225457
9164347538 48174 45567 7C20F6CF1A09EEE4F40FE6F70B0F070213E4AE0B9599CF6348B0EAC781225457
9163596834 58073 28612 400631CE3D23B0363388CEACBD3C54C5F974B6759483A7A365877288F780B4F8
9168220898 23363 14866 0CD4D5057CD8C73B19479F5513E92568607497702CA316AB960C97773EC50BB9
9157866322 5977 46707 122E589565CB10DD11886D6340BA50ED1BA28C4C6C2F91E25A2702C47061DE53
9157724361 29597 39415 977F01DCEFAF80EDD9E8D65DFB41BEA7463C62F60430C76C1A0CDB41852614D8
9156382247 20799 12351 986CFC85FD184FA96C49D130C4530C45FD37D5248C88AA3FC1FF4375632B93A0
9166290390 51558 64180 7C20F6CF1A09EEE4F40FE6F70B0F070213E4AE0B9599CF6348B0EAC781225457
9159853643 11918 54129 7C20F6CF1A09EEE4F40FE6F70B0F070213E4AE0B9599CF6348B0EAC781225457
9157951813 24873 53578 0C46ED3690EFE56245D072071F363A547302FF6E0895D238164F6926FE7E887F
9157029539 10093 64803 0CF5AFAE3BB73125AE5793527E34B521D99847055FE5BFA3000AB4E37FDE4C4C
9158706960 25635 62791 8FEF7E403E08971866BE00578589E987D37D95BA0081C9017E2F2B51B3FAF8BB
9165243862 53729 39475 2823C10EF0D7418A51B3FACD16E85257AF64C7395EB5736156E3F62F01996EC4
9163066678 23939 1953 EAB3909F2FFB818DFE0608AEE6E1F1286675552EB7B1DCE45512FB6FE25866D7
9166212035 7790 4170 7C20F6CF1A09EEE4F40FE6F70B0F070213E4AE0B9599CF6348B0EAC781225457
9163673676 30877 10623 D6278A11158ED9AF7F50DD2ACDC1DC1B9E8FD2ED210C80BE33C6CE8E5CA65FD7
9159068753 33778 45813 7C20F6CF1A09EEE4F40FE6F70B0F070213E4AE0B9599CF6348B0EAC781225457
9161240646 49306 41847 7C20F6CF1A09EEE4F40FE6F70B0F070213E4AE0B9599CF6348B0EAC781225457
9162308170 9480 24298 7C20F6CF1A09EEE4F40FE6F70B0F070213E4AE0B9599CF6348B0EAC781225457
9164120290 44367 43724 F11CE4B7C153A79AA6EF98DB54D5CADCD548419A02074322388CE370C1BE366E
9157409225 56439 63067 88B431C2C22E459B5037143928B5AD31B98B97C6D153BE675F78A38F0B6EA2BC
9160086209 11315 9267 6559D1533337151C2D30057992773A8FFF1DE7A557693E92FF5982E584453BB7
9164418285 27784 54563 7C20F6CF1A09EEE4F40FE6F70B0F070213E4AE0B9599CF6348B0EAC781225457
9158442315 58913 26681 C1D871C2F8B6D65435EC606B8B1CB16F0FAAFBA1F5C5A3C8C390BC0CE286DB9C
9159013309 3321 37491 4E3621B695333198C2C8C2D8149696AFB1046662A277C31E48D2ED4A2157306F
9161764911 49528 22458 7C20F6CF1A09EEE4F40FE6F70B0F070213E4AE0B9599CF6348B0EAC781225457
9164921222 46387 57639 B48A2AA0FD6279ADEF21585861C7E67A830D57DA425CB2A0DEC799BEC4A83CE6
9168221079 56076 51225 7C20F6CF1A09EEE4F40FE6F70B0F070213E4AE0B9599CF6348B0EAC781225457
9158450879 43996 6511 7C20F6CF1A09EEE4F40FE6F70B0F070213E4AE0B9599CF6348B0EAC781225457
9160858478 60711 1022 F3CB6090C6565B731FC7A70AA4406664624649AA369A6F8CEC226A5075A23645
9156973947 51059 25694 78B04E7F4459BA603DDFA7AA3426E2A32A04565240FF2FDEF5032A6ED61A42FE
9164970630 23271 16860 3CAB32FDDE434692628C81020ABB368022D5E374DB3C73EADF75658F2DF2492F
9163393117 2129 19167 DBA9CF8613B5334404C50FB5BDB8408B53E3C6D27CBD70D5E47532B29344A789
9157944144 60209 9462 B41B9C530813E641B845BE5F53165649DC0464470BB678E76464452402774DAE
9161605183 60671 57371 94EF9245C33EB3C35FB033FF52BE8CB78382819952608B5561DF892A4E6897DA
9157371446 60203 10500 5E2BB29DAFCA4389DA948A01B0ED54CAC67245B8332552BCACDCC9B4E5C102CF
9165009591 27739 55007 1B98268465AC26F60ABD688AF3AC42D7D0DEAE998EEB00228B9834D0B939074E
9168211316 50680 35476 7C20F6CF1A09EEE4F40FE6F70B0F070213E4AE0B9599CF6348B0EAC781225457
9164205380 62124 7118 7C20F6CF1A09EEE4F40FE6F70B0F070213E4AE0B9599CF6348B0EAC781225457
9157673586 38998 11303 7C20F6CF1A09EEE4F40FE6F70B0F070213E4AE0B9599CF6348B0EAC781225457
9158602977 5904 8441 7C20F6CF1A09EEE4F40FE6F70B0F070213E4AE0B9599CF6348B0EAC781225457
9160800846 4291 39899 4D49E97CC453CF9C6B1ADA49F261516C73C62C0BF2D8A2767F9703D4BACD7737
9164628923 44805 37331 CB774AF17A507B4C008834C8973C60C31A39871D7B0124801423A63504CC3BE6
9165571891 63305 36472 1BE33315A840BEE5FB45A954F5C7A5089547B474E115C9D897027A81BD97C044
9165512114 23536 32302 7C20F6CF1A09EEE4F40FE6F70B0F070213E4AE0B9599CF6348B0EAC781225457
9162109112 27548 5975 7C20F6CF1A09EEE4F40FE6F70B0F070213E4AE0B9599CF6348B0EAC781225457
9157707190 64903 42688 2D9085FD11D4B5168B483473043B623C813DD1F9152562322D6C419F7289AE15
9158023511 58628 44920 7C20F6CF1A09EEE4F40FE6F70B0F070213E4AE0B9599CF6348B0EAC781225457
9165950005 34138 58522 7C20F6CF1A09EEE4F40FE6F70B0F070213E4AE0B9599CF6348B0EAC781225457
9167554299 50504 9155 7C20F6CF1A09EEE4F40FE6F70B0F070213E4AE0B9599CF6348B0EAC781225457
9158159380 49586 27254 7C20F6CF1A09EEE4F40FE6F70B0F070213E4AE0B9599CF6348B0EAC781225457
9165997452 28537 15838 AB518EF054C4D3B32160027B70D0202F7514F121C06647FEA2AEBAF2FE88B25A
9165562792 2028 20238 7C20F6CF1A09EEE4F40FE6F70B0F070213E4AE0B9599CF6348B0EAC781225457
9159636019 33897 63176 AC45CE236EF7B68526FF4A491F5419A562AD0833C6863E27CEA8177A98E21919
9156589066 2459 47312 FA3B7BE708E802D5F568E1814964C2F14F2F5FA294E6E7629CCB809D86168A92
9164367375 48487 14717 D6F88A31EA0BB706D5CAE63A7BA0B07A9303B5E985527F1F8084E9C9B190AF86
9165343045 54408 13432 7C20F6CF1A09EEE4F40FE6F70B0F070213E4AE0B9599CF6348B0EAC781225457

Total of 0 tasks calculated error.
