Total of 100 tasks calculated correctly, accuracy 100.00% 
9171040209 13055 6255 12F7E8BE8F1963FB9948AA38FA447C60AB333B181A06621C86898BF2E9F804B0
9171201844 47840 53053 7C20F6CF1A09EEE4F40FE6F70B0F070213E4AE0B9599CF6348B0EAC781225457
9180251189 40462 9396 7C20F6CF1A09EEE4F40FE6F70B0F070213E4AE0B9599CF6348B0EAC781225457
9176800838 52567 6763 FB8DD39900331A52EC95838A5DB4E9644EB08C830403BE32EC5A6152097494E8
9176084357 4480 63071 7C20F6CF1A09EEE4F40FE6F70B0F070213E4AE0B9599CF6348B0EAC781225457
9179549846 36058 62790 7C20F6CF1A09EEE4F40FE6F70B0F070213E4AE0B9599CF6348B0EAC781225457
9168632648 439 25216 798A2F64867274F3CE9AD6473969F69AA7108E9113209F45BEEE7168D1C07BE2
9179530853 57001 5196 6EC3256C531D7BA50ED3CEA4DA043CC982F4E9130C55DF73D6B73BA3BFEC8C1A
9175680904 23974 30143 7C20F6CF1A09EEE4F40FE6F70B0F070213E4AE0B9599CF6348B0EAC781225457
9179232559 42800 52929 7C20F6CF1A09EEE4F40FE6F70B0F070213E4AE0B9599CF6348B0EAC781225457
9179139537 46143 63759 69BAE51DDF9AF246E338ADDA5B2649339609D3AE980E1502DB267D5967EB8CE5
9179885644 53172 23544 7C20F6CF1A09EEE4F40FE6F70B0F070213E4AE0B9599CF6348B0EAC781225457
9169466062 53194 17818 7C20F6CF1A09EEE4F40FE6F70B0F070213E4AE0B9599CF6348B0EAC781225457
9175129931 3525 4775 7749879ADF62A15657928A3FE1F4436FA139265A12053082BF2E44999BB7B89C
9177481743 33149 35640 76C2D356B63E2B7482743307318B3BA3505D6701E4ABF04E2772983041B43049
9174126794 52281 32160 1FDDFB729EB0A2E5F150BB2ABE8EFA7331EB4033848F090004D0F0C8FCC85B14
9170952648 5127 63307 E399205E4E1A8B1A1AC0734EB280D2031AD503C6C89E47F9C64600AF408C23CC
9174566472 34056 12292 7C20F6CF1A09EEE4F40FE6F70B0F070213E4AE0B9599CF6348B0EAC781225457
9172706248 23312 47329 7C20F6CF1A09EEE4F40FE6F70B0F070213E4AE0B9599CF6348B0EAC781225457
9173011591 56400 20409 7C20F6CF1A09EEE4F40FE6F70B0F070213E4AE0B9599CF6348B0EAC781225457
9169893382 23203 49138 BC34AE4A39B19FA928BDABDB2592E17D4E9B3E650312D754417A20480DF6DAA1
9179054324 53111 16233 8F40B9952FD02F059DBD57C65B355520B1B4710014B95E54F8B57A494DA7A70A
9169420606 25116 56767 7C20F6CF1A09EEE4F40FE6F70B0F070213E4AE0B9599CF6348B0EAC781225457
9169745430 26423 28035 A23196849F075C86C7ABCAAB81A35B7C1E8423473BB2A344BA7884E30F0BFC39
9175135671 32950 26483 7C20F6CF1A09EEE4F40FE6F70B0F070213E4AE0B9599CF6348B0EAC781225457
9179140278 9850 59796 7C20F6CF1A09EEE4F40FE6F70B0F070213E4AE0B9599CF6348B0EAC781225457
9176076467 25592 36554 7C20F6CF1A09EEE4F40FE6F70B0F070213E4AE0B9599CF6348B0EAC781225457
9169435014 12796 61538 7C20F6CF1A09EEE4F40FE6F70B0F070213E4AE0B9599CF6348B0EAC781225457
9172781545 25471 18388 AE3AA7933C5231C8ECDE7C9D960115B45E9CF15895F9EFE1CA7E30D85E09AE58
9176670695 14441 53986 2CCC683C60D217142A97E1A3F3A1A6B6C5294A4E07456D2D8EB1887C6FADB755
9174392619 16068 45651 7C20F6CF1A09EEE4F40FE6F70B0F070213E4AE0B9599CF6348B0EAC781225457
9168793829 63379 35239 4F7480FADEE3E6819B1925B1C6458A4CE25474A1F7720A14B8F85866432C90DF
9170478340 5571 49680 495A4660CAF37E022521D51F1DF7BCCC1BB4466CD6A9B201FDDB31D0EA70BFB7
9169121136 13275 26720 0D2F2393A99F027ABF12BC39F198CAD7B99338700C07AFD001560C8635A953BF
9172233610 56835 25963 FFC76F404A80767F8A30C915C57711D4D6B1F651F94445CDB6D32779E6C247CB
9169426236 8882 33795 7C20F6CF1A09EEE4F40FE6F70B0F070213E4AE0B9599CF6348B0EAC781225457
9174736638 18114 39709 7C20F6CF1A09EEE4F40FE6F70B0F070213E4AE0B9599CF6348B0EAC781225457
9169802978 48272 49447 7C20F6CF1A09EEE4F40FE6F70B0F070213E4AE0B9599CF6348B0EAC781225457
9176369518 33118 53551 7C20F6CF1A09EEE4F40FE6F70B0F070213E4AE0B9599CF6348B0EAC781225457
9175027423 49841 33572 56F880845192D74F03A7C92872210117BD945845D47364E8FEF716B92686300A
9176128343 6578 8416 7C20F6CF1A09EEE4F40FE6F70B0F070213E4AE0B9599CF6348B0EAC781225457
9178685263 51166 47424 7C20F6CF1A09EEE4F40FE6F70B0F070213E4AE0B9599CF6348B0EAC781225457
9176106330 17207 50843 77BE5ECC1157B00E7F7E4B12EAEFE878AE72943F4B5FE344E903FCEEFFFF7144
9177370430 24764 216 7C20F6CF1A09EEE4F40FE6F70B0F070213E4AE0B9599CF6348B0EAC781225457
9180144399 50200 38551 7C20F6CF1A09EEE4F40FE6F70B0F070213E4AE0B9599CF6348B0EAC781225457
9174946647 25944 11261 7C20F6CF1A09EEE4F40FE6F70B0F070213E4AE0B9599CF6348B0EAC781225457
9171929033 26210 61523 7C20F6CF1A09EEE4F40FE6F70B0F070213E4AE0B9599CF6348B0EAC781225457
9173652203 14653 52533 0ADFD72151E2E0B1BA3F7CBA0A40704FE35AC2BBD081FF27C06879B52BC5D79F
9177369866 59014 23476 7C20F6CF1A09EEE4F40FE6F70B0F070213E4AE0B9599CF6348B0EAC781225457
9172463385 64149 45191 1B97D3CB75ADA0AD0055B73305A44AA5FD126E22F4AF6650941B44A6DEE7765D
9168895309 44226 34175 7C20F6CF1A09EEE4F40FE6F70B0F070213E4AE0B9599CF6348B0EAC781225457
9169660431 50477 212 156705B993563D6AF8CE755D3FC35C3579C674D98BA5031DDED4C307358B44DC
9171456780 22537 44101 ACC2E06EB68204844C7EE123D2C840D4511DBDBD6CEA60903CFB50C270D06174
9172093767 4856 1404 7C20F6CF1A09EEE4F40FE6F70B0F070213E4AE0B9599CF6348B0EAC781225457
9176831244 8904 64670 7C20F6CF1A09EEE4F40FE6F70B0F070213E4AE0B9599CF6348B0EAC781225457
9171488525 15716 13946 7C20F6CF1A09EEE4F40FE6F70B0F070213E4AE0B9599CF6348B0EAC781225457
9179552857 62360 59926 7C20F6CF1A09EEE4F40FE6F70B0F070213E4AE0B9599CF6348B0EAC781225457
9178571300 44151 60860 ADEC79CAD78379F0650EE3DB4953F1EA500A1F63C9C38BF040D1E30AFCF2E098
9177366922 56875 1397 A75A3E37806AE0EE7708EE61F5E2963351FC35B456921E8C9372A1BD4876576F
9178154258 24290 23862 7C20F6CF1A09EEE4F40FE6F70B0F070213E4AE0B9599CF6348B0EAC781225457
9176177485 24550 27296 7C20F6CF1A09EEE4F40FE6F70B0F070213E4AE0B9599CF6348B0EAC781225457
9171037200 7191 58448 25FFFC9F0E4CA8CAE7AB5D5923318D0D4C8106F610CEE3206F186C39A1564750
9179373782 19572 64702 7C20F6CF1A09EEE4F40FE6F70B0F070213E4AE0B9599CF6348B0EAC781225457
9168950522 36675 64391 E1E3BA42EB2CC2268A01320F31A59E44122BCBE0AC4B635F5762B1C337714D09
9176834370 49947 40234 B7613A68EC13AF89136B4267F33BF38B75DB9C95F1918B711705EEB3B96A599F
9171998144 18786 63105 7C20F6CF1A09EEE4F40FE6F70B0F070213E4AE0B9599CF6348B0EAC781225457
9177732140 40184 64617 7C20F6CF1A09EEE4F40FE6F70B0F070213E4AE0B9599CF6348B0EAC781225457
9171691290 32089 46656 F919CA4B8146DB9151A664AD87F5B7330FF0B80FD5810DF3F5FFDD1501EE1C57
9177604092 41737 52851 F1B695888E4977AB627F1EE83EB5F7E6C36EB2D31A5AA1A43482F1C82B84209A
9170733447 38404 44244 7C20F6CF1A09EEE4F40FE6F70B0F070213E4AE0B9599CF6348B0EAC781225457
9175327560 1121 54321 304437154EBEE85CBB996DEB0AD03817BE88E95F1DB20F14E5A4FBE0E9756606
9179335838 17636 3180 7C20F6CF1A09EEE4F40FE6F70B0F070213E4AE0B9599CF6348B0EAC781225457
9180001472 60615 36757 B523699E56FFCA4AF39DA7F3DB21A836318A789D4390A5A7E317D791E5B21DF6
9169245014 18559 51110 2114CEC169FEDB819B4F9CB9F1F3BB8DD774C1F10F45AF2B755AC03F47B3B463
9173826198 8666 51696 7C20F6CF1A09EEE4F40FE6F70B0F070213E4AE0B9599CF6348B0EAC781225457
9172240679 25172 3607 7C20F6CF1A09EEE4F40FE6F70B0F070213E4AE0B9599CF6348B0EAC781225457
9171688488 23774 64056 7C20F6CF1A09EEE4F40FE6F70B0F070213E4AE0B9599CF6348B0EAC781225457
9175631071 38686 15106 7C20F6CF1A09EEE4F40FE6F70B0F070213E4AE0B9599CF6348B0EAC781225457
9174108592 46553 38906 4FC3B7252028A4AF838DCE5DB72D9F2083E1845DFFBB0D8DE4006A5269A0B89C
9169341208 23133 51433 FE2942454A75286667E45DCEC04DC52B74C67BA93F9DD7DA44A8E7D57AAE1072
9170492120 44522 48555 7C20F6CF1A09EEE4F40FE6F70B0F070213E4AE0B9599CF6348B0EAC781225457
9176254395 18604 22970 7C20F6CF1A09EEE4F40FE6F70B0F070213E4AE0B9599CF6348B0EAC781225457
9170472532 40957 42714 ABCDCF8AF70EF4094BF9A6F29CE0E274BA63A2DE97A5B6CF1CB47510DBFC9C2C
9177014819 39558 13759 7C20F6CF1A09EEE4F40FE6F70B0F070213E4AE0B9599CF6348B0EAC781225457
9170136482 42765 11022 118E6F106F2AEED4720188FB4ED29FD6ACA9E8F7338E190CD5C47C8893EEBDBF
9179368020 14672 60445 7C20F6CF1A09EEE4F40FE6F70B0F070213E4AE0B9599CF6348B0EAC781225457
9172692245 61808 901 7C20F6CF1A09EEE4F40FE6F70B0F070213E4AE0B9599CF6348B0EAC781225457
9169015494 62575 35490 D1E6922CF6A7379D7A5F735F44DEECE12BC9B966A9BC4D4FDFA3ADA8F0C5C40D
9175312731 7410 54832 7C20F6CF1A09EEE4F40FE6F70B0F070213E4AE0B9599CF6348B0EAC781225457
9174906417 18127 2796 DB303BCE8F08198A83DFB58DFFF69D4DC6A8DD9589984A9030440539684FCFD5
9175440241 23250 21052 7C20F6CF1A09EEE4F40FE6F70B0F070213E4AE0B9599CF6348B0EAC781225457
9176661201 13231 10460 BF8D96B1D7937BF2B74BC36A42547195DCD45130C7EA1C27BC9F6EBBAEC6B1AE
9176678444 45866 63255 7C20F6CF1A09EEE4F40FE6F70B0F070213E4AE0B9599CF6348B0EAC781225457
9173435839 21025 14561 57BA7F7A2D8382B3523194706C702949BC9999083A9E86CB98F86B2A6111E51C
9179449660 23083 52182 1E8823ED74DCEFF8BFE045C5C4DEBAB7AA1F59615051F76ED1D71A61F03B44DF
9170867533 34923 25963 B6C54640C9C4D2EA54B0B5692BBEAE62C29576937E6A76467F11662FEB57F0FD
9176561299 38212 24471 7C20F6CF1A09EEE4F40FE6F70B0F070213E4AE0B9599CF6348B0EAC781225457
9174599024 697 48475 56D6911765300C65E3B9FB669F9F88B87A78C20027F6FCB9937F1D436C34FA84
9169254063 2954 63358 7C20F6CF1A09EEE4F40FE6F70B0F070213E4AE0B9599CF6348B0EAC781225457
9170584543 32508 32841 7C20F6CF1A09EEE4F40FE6F70B0F070213E4AE0B9599CF6348B0EAC781225457

Total of 0 tasks calculated error.
