Total of 100 tasks calculated correctly, accuracy 100.00% 
9218169300 62008 8289 7C20F6CF1A09EEE4F40FE6F70B0F070213E4AE0B9599CF6348B0EAC781225457
9222303965 17088 39434 7C20F6CF1A09EEE4F40FE6F70B0F070213E4AE0B9599CF6348B0EAC781225457
9225250471 24790 1828 7C20F6CF1A09EEE4F40FE6F70B0F070213E4AE0B9599CF6348B0EAC781225457
9226805158 13355 58055 0B211A2E31CD6BCF9C19E631612167D0B71B41DD1EAAAFDC4EC6B1EF10B438E8
9221413472 37843 21960 F3686A1765717CC721ADB66EB72D6F8F4C5C4A8B7A8036B8F42BA2B1DA74B86F
9224645241 42909 1530 FFBAE6F97DE16764D1676375EE272AA081F2B54C68ED0467CAE57D188E375C4D
9227252754 21131 34042 8CFEF03B5699A824618CAFDFF1CBF28AB5413D2EE919B88005F7C756334C9CBC
9223223721 13027 19189 881A6E0E02FFF00310AFDE7B87EC1C62B3D70048EC619B043D2363624DE845F9
9224781477 48490 65339 7C20F6CF1A09EEE4F40FE6F70B0F070213E4AE0B9599CF6348B0EAC781225457
9222946543 33975 20883 2AAD584FC695EFA733D66E678FF06F104F4BC3583F4DF26FF3301656BD302888
9217404476 63465 55024 B71825A57C4BDEF59E02D82AD9117846543C08DD34852D3705DC1A75EA323697
9222400689 12570 52743 7C20F6CF1A09EEE4F40FE6F70B0F070213E4AE0B9599CF6348B0EAC781225457
9216715495 16057 42692 11D39C67F48B5193FABCB8BAB2FD99BCA3EBDA749EAFC52DEF4B11BA22D58667
9217522222 60989 21269 28206FD5EAA47B48C25406C557DD8E8A304A147D4F21D328E915FC205FADBC68
9218140531 35480 4975 7C20F6CF1A09EEE4F40FE6F70B0F070213E4AE0B9599CF6348B0EAC781225457
9222081473 17552 47684 7C20F6CF1A09EEE4F40FE6F70B0F070213E4AE0B9599CF6348B0EAC781225457
9222954891 4745 13693 601421266882EAF95197DF9D87C878183339CB4C9804DD554DD7244A5365AE47
9217036796 38706 21373 7C20F6CF1A09EEE4F40FE6F70B0F070213E4AE0B9599CF6348B0EAC781225457
9223016800 24094 28274 7C20F6CF1A09EEE4F40FE6F70B0F070213E4AE0B9599CF6348B0EAC781225457
9221626045 47127 41130 832B435381563248FBAE022145040BFFEB9E199651EA8A656A6F30D5AD3074CD
9222907312 53415 11424 452751DF9120D5D43E4E6DB320452A25D4DB282B37F8FC59AFAA7A21FA8ACBE3
9222633987 55370 22475 7C20F6CF1A09EEE4F40FE6F70B0F070213E4AE0B9599CF6348B0EAC781225457
9225979276 6921 14938 BA5D28DD51EC21C4650B37119ABDB2ED96839F8F9D07FDAE07FA1C0DE3531793
9225649899 61317 46800 02963C4624D2DD073B15478DB5CEE69422B2706B979E8D58F8544F4E68738DA6
9218615644 24590 26560 7C20F6CF1A09EEE4F40FE6F70B0F070213E4AE0B9599CF6348B0EAC781225457
9221758296 23597 16518 77EBE80A82332CA5C2E02EAA61B7BE020710912C770C5128930C30B27C525148
9228063892 16963 55724 CCD8C4C4B48BF476689D2CE37F301A033435D3404C8D291586022DAEE2091CE8
9216680559 9506 22286 7C20F6CF1A09EEE4F40FE6F70B0F070213E4AE0B9599CF6348B0EAC781225457
9216584326 27882 6970 7C20F6CF1A09EEE4F40FE6F70B0F070213E4AE0B9599CF6348B0EAC781225457
9222063391 35544 45917 7C20F6CF1A09EEE4F40FE6F70B0F070213E4AE0B9599CF6348B0EAC781225457
9217734699 41033 23027 ABDF21F9F251604950E08B4549E882AEEB449248D375F2CB8DD640A7FB8E3CBC
9218979937 1043 1672 05310C9915112177E5F233173D3F738E79766A1A45885D681C30A8E194471544
9220189693 51956 10195 7C20F6CF1A09EEE4F40FE6F70B0F070213E4AE0B9599CF6348B0EAC781225457
9218433024 10152 47825 7C20F6CF1A09EEE4F40FE6F70B0F070213E4AE0B9599CF6348B0EAC781225457
9216627308 43548 18505 7C20F6CF1A09EEE4F40FE6F70B0F070213E4AE0B9599CF6348B0EAC781225457
9220444902 1365 57494 FCDFF01C9ABF24745CE6446AA6B8664AEA7F164FB5998E8D4BCA5177520330D1
9219015992 2436 33191 7C20F6CF1A09EEE4F40FE6F70B0F070213E4AE0B9599CF6348B0EAC781225457
9217424789 6162 49163 7C20F6CF1A09EEE4F40FE6F70B0F070213E4AE0B9599CF6348B0EAC781225457
9227396627 19569 4864 C4768D1BED7865B32807F43B27749918C7EF2C1069846E7720965156925BFC1B
9218562651 18184 30481 7C20F6CF1A09EEE4F40FE6F70B0F070213E4AE0B9599CF6348B0EAC781225457
9223502710 62165 36502 806A4F98A600C757265F6C377824FD700D9528DCBAD8472C1FF923AA1A6EF734
9226701575 60429 9040 BE816CF2E3F40B3922C7F4179B129CA7C2D10FED87FD4C46F1147B8C8EE706CC
9220345202 23521 34532 39C69E8F102A30EB61DC885A008A913484E4BAD283F614B2938D70D831AF49DB
9223541780 36234 63703 7C20F6CF1A09EEE4F40FE6F70B0F070213E4AE0B9599CF6348B0EAC781225457
9227468335 43610 12208 7C20F6CF1A09EEE4F40FE6F70B0F070213E4AE0B9599CF6348B0EAC781225457
9226532156 44051 64833 5B2CE5B6FDA6C18074595A347D2633FB8F751F1C89684D731C6D3FDEF7CC52C1
9225015809 62501 37868 EBE2C0FB048BCF9942A429A8D3CE27EBE0085A25E3E67240EB6663131010CD8F
9222238799 29138 40008 7C20F6CF1A09EEE4F40FE6F70B0F070213E4AE0B9599CF6348B0EAC781225457
9217592375 46741 21606 94181B9B2F41006A356FB2C92D2F9FEC464758578375808A2D356FF7202F5806
9222762189 58459 63759 2B3FDD04A9A7CE85A91CCD37BA9D4B4B0474E2A2913F1EA1DF44EB224F28030A
9218222819 59988 13988 7C20F6CF1A09EEE4F40FE6F70B0F070213E4AE0B9599CF6348B0EAC781225457
9224205649 59352 21389 7C20F6CF1A09EEE4F40FE6F70B0F070213E4AE0B9599CF6348B0EAC781225457
9226483564 63764 34515 7C20F6CF1A09EEE4F40FE6F70B0F070213E4AE0B9599CF6348B0EAC781225457
9218304097 23902 23772 7C20F6CF1A09EEE4F40FE6F70B0F070213E4AE0B9599CF6348B0EAC781225457
9220118838 45618 51850 7C20F6CF1A09EEE4F40FE6F70B0F070213E4AE0B9599CF6348B0EAC781225457
9224238551 47119 31091 50FE40C5CB3EE3333F90C9E8262CA5BABD1F1D49416DC4FF0F4ECF78618A0095
9225554785 7739 54227 0A00965533361F452D30B6228431DE678C41CAAA742106A9593B187B6F591991
9218374092 59317 44429 3E14F4DA8572C6598F04D547CCDE5BC1DCFB84CD01E2E4D136F13E4086559346
9225072541 40407 64645 E459B371C7BC08DA3EB5F6644C9F8AB0ED3CCDF7927B31D4F1670FBFFEF52CC6
9216695053 25310 57629 7C20F6CF1A09EEE4F40FE6F70B0F070213E4AE0B9599CF6348B0EAC781225457
9223041625 63935 56575 C6FC520E70A695E86C7FA6359589DCAA1BCB3950F72F617EDE2EFE88E6B0A1B6
9218259558 4760 41594 7C20F6CF1A09EEE4F40FE6F70B0F070213E4AE0B9599CF6348B0EAC781225457
9219313852 17176 55578 7C20F6CF1A09EEE4F40FE6F70B0F070213E4AE0B9599CF6348B0EAC781225457
9222544207 16081 31814 1F3AAF2BD0CCD8E19A3C8D45CC129CDE0C9E6039C86B6AFB70AF375B6B0E159E
9217103066 6292 15079 7C20F6CF1A09EEE4F40FE6F70B0F070213E4AE0B9599CF6348B0EAC781225457
9219680619 26996 12151 7C20F6CF1A09EEE4F40FE6F70B0F070213E4AE0B9599CF6348B0EAC781225457
9222012676 7730 34140 7C20F6CF1A09EEE4F40FE6F70B0F070213E4AE0B9599CF6348B0EAC781225457
9225633997 43329 63184 305284B3AF7ABD345121BD17D6141B82EB7592CD0E99B6B313BD195B70E6F3E7
9218074288 60499 25127 9EA5E56403AE16E94C7F1EF5771EACBB892CED67893EAE9E923D98CF498F737A
9219066945 2191 40065 2095CC00E8A2C8930C8E894F929C842B57B2B12C937622C423707462CA5440E4
9218969839 6653 1722 54C170E768548DD5643DA7E00EBFB8382BBA552644C21D86BC449BA27292A2B7
9220394597 21725 51615 763015D647DCEC1C940D69B7AD7C89323B884CB4563624A7D53DC0AC06FAC36D
9220702056 27299 12913 D3AC167A4AA954832CE5FDE50341EC90DE7B86B0FD5DD39B565C2BAF214A282F
9221770218 34984 36384 7C20F6CF1A09EEE4F40FE6F70B0F070213E4AE0B9599CF6348B0EAC781225457
9222084064 1732 59351 7C20F6CF1A09EEE4F40FE6F70B0F070213E4AE0B9599CF6348B0EAC781225457
9225117769 34110 58960 7C20F6CF1A09EEE4F40FE6F70B0F070213E4AE0B9599CF6348B0EAC781225457
9217343857 43202 29065 7C20F6CF1A09EEE4F40FE6F70B0F070213E4AE0B9599CF6348B0EAC781225457
9223148934 17104 18861 7C20F6CF1A09EEE4F40FE6F70B0F070213E4AE0B9599CF6348B0EAC781225457
9223267434 38697 49174 E3024533DF7DE63AD3E92BFA2A9EF457D6273E2D4723E429DD35DDA4A3479F58
9226939691 21350 60005 7C20F6CF1A09EEE4F40FE6F70B0F070213E4AE0B9599CF6348B0EAC781225457
9216921751 16076 16314 7C20F6CF1A09EEE4F40FE6F70B0F070213E4AE0B9599CF6348B0EAC781225457
9222597829 58751 64648 FF052CD98249C7930B265E710994E5A35D2E464CC1086E0E5D0927A6200F3C8E
9220306136 49660 58628 7C20F6CF1A09EEE4F40FE6F70B0F070213E4AE0B9599CF6348B0EAC781225457
9225974516 40125 31838 2AD35014E0515C333E831F1726C0B524D11994E891CD5D3EBC8F229C94332232
9223846358 64379 46195 3111B509BEE2B45A2998D378E12B3129ACCF4FC07C8182B5943305B602F792ED
9222502376 14607 65350 F390254049824771D5BBF2914D02FEFD318F88753015C5046ABCA9BEF7CEC79D
9222305712 31571 29754 0CD0D7467CD9767C4BDEC39DA3696CBE17BB7A722E4114041843E3AF730F9A88
9220202161 2448 63032 7C20F6CF1A09EEE4F40FE6F70B0F070213E4AE0B9599CF6348B0EAC781225457
9222841789 63000 36780 7C20F6CF1A09EEE4F40FE6F70B0F070213E4AE0B9599CF6348B0EAC781225457
9218858814 17135 38306 7E2D15CB79061DA59E8348F8BB1C824418702AA00B214F5E5FB5620CB5C4BB1D
9222996284 58338 50355 7C20F6CF1A09EEE4F40FE6F70B0F070213E4AE0B9599CF6348B0EAC781225457
9225274700 50998 29311 7C20F6CF1A09EEE4F40FE6F70B0F070213E4AE0B9599CF6348B0EAC781225457
9221882760 22595 2007 D55FD4E9C6E9A63B0DFBD5A949205226B4C084DE102E31D7012FFAC951FACB31
9221435304 16496 44478 7C20F6CF1A09EEE4F40FE6F70B0F070213E4AE0B9599CF6348B0EAC781225457
9218491707 3415 1873 ED4A09E4545957C436B1FEF7CD53F8915DD36FA451EC03481AD71D1C8B0972C4
9222398183 18438 22182 7C20F6CF1A09EEE4F40FE6F70B0F070213E4AE0B9599CF6348B0EAC781225457
9217604633 43308 20686 7C20F6CF1A09EEE4F40FE6F70B0F070213E4AE0B9599CF6348B0EAC781225457
9221463756 11256 30769 7C20F6CF1A09EEE4F40FE6F70B0F070213E4AE0B9599CF6348B0EAC781225457
9219524375 26971 32073 EB653020FF506C2D44D9E140DAC1405B61CF269080896B578A91E9FB1DB61C88
9222852726 20341 40449 2DFDB5D8406E3EB186F712E6C344D649896804ECEF39D7587FDEAA688A841A93

Total of 0 tasks calculated error.
