Total of 100 tasks calculated correctly, accuracy 100.00% 
9233510849 37880 34317 7C20F6CF1A09EEE4F40FE6F70B0F070213E4AE0B9599CF6348B0EAC781225457
9229723350 6604 55820 7C20F6CF1A09EEE4F40FE6F70B0F070213E4AE0B9599CF6348B0EAC781225457
9238804329 9582 34367 7C20F6CF1A09EEE4F40FE6F70B0F070213E4AE0B9599CF6348B0EAC781225457
9230330922 37978 11107 7C20F6CF1A09EEE4F40FE6F70B0F070213E4AE0B9599CF6348B0EAC781225457
9229516420 57667 17943 B498B0716A6BDAC00F4F12A9E429E5FBF6477FBB5281009A11578C160747C5A2
9229946042 7565 59606 D335AAD2FEBA6E5F2CB1AEA1F67939E2B1E4C2DAC4A6295ACB618CB2925BAF28
9237084061 39198 59203 7C20F6CF1A09EEE4F40FE6F70B0F070213E4AE0B9599CF6348B0EAC781225457
9230078803 38815 19468 9EB84DB6AA23A060CE2A9EF6A5A7A2E7EC8DDEB43BED186C92F16C4D4859796B
9240284571 10850 58999 7C20F6CF1A09EEE4F40FE6F70B0F070213E4AE0B9599CF6348B0EAC781225457
9236001086 46155 7123 72EB7E77413BD631A0ACC6F01BBBBF079402EB8CE409969C2C8A48E7C5623F46
9229831655 35538 49785 7C20F6CF1A09EEE4F40FE6F70B0F070213E4AE0B9599CF6348B0EAC781225457
9236358916 46305 15661 DE444B89ED361E6082DF8A7C5A62247BBAB8ED0CEF6C7EA82365F661CAEDF6F5
9234534564 50424 42418 7C20F6CF1A09EEE4F40FE6F70B0F070213E4AE0B9599CF6348B0EAC781225457
9233354235 12328 1045 7C20F6CF1A09EEE4F40FE6F70B0F070213E4AE0B9599CF6348B0EAC781225457
9228970409 50330 24692 7C20F6CF1A09EEE4F40FE6F70B0F070213E4AE0B9599CF6348B0EAC781225457
9233962915 64243 33572 5F9FDE76CA0FFA14B5D41690A38144A21B63A35C3F77FD934C5488AC26DECED5
9237854728 20873 35457 1C3F15800A33FBFC66808D9D83374A56C81E34EC9D996A79849DF2F47606D156
9229714243 50314 42013 7C20F6CF1A09EEE4F40FE6F70B0F070213E4AE0B9599CF6348B0EAC781225457
9236665132 35846 27020 7C20F6CF1A09EEE4F40FE6F70B0F070213E4AE0B9599CF6348B0EAC781225457
9232424964 11570 11824 7C20F6CF1A09EEE4F40FE6F70B0F070213E4AE0B9599CF6348B0EAC781225457
9235856237 31530 44798 7C20F6CF1A09EEE4F40FE6F70B0F070213E4AE0B9599CF6348B0EAC781225457
9231371173 32260 54639 7C20F6CF1A09EEE4F40FE6F70B0F070213E4AE0B9599CF6348B0EAC781225457
9234845129 42163 64229 4A4DB1EF7E76AB732D45946A7490D124622AA7773A1EA6E307C4257DD7159855
9235546811 23941 30246 A6CBC16147E2FD6D6EF75B7AB02C3F25A9C1AD795BE8C7AB6129216967CC1FE1
9232641901 52975 37004 655677DEFEE768035D5E0A5163746B36EB63440EE68DFDBA88E5A5B954C21FA1
9239088090 52683 63488 C81DA5308ECC6A4FBCBB60B993EE03AEF2AF50DFD1CAEA020A18AC847E472036
9237238962 27767 34858 5B1C03E84F51A609C52E79D141ABA0CC730C33F4CC52F786B82E3C1B34AE4F90
9235376861 2170 38014 7C20F6CF1A09EEE4F40FE6F70B0F070213E4AE0B9599CF6348B0EAC781225457
9229554745 36119 15446 F610E10A1CAAE596FA18E6082465AC4248150B12A46D4AD121DF6D2B93FBE6AD
9229933746 41777 8181 ADCDC76821D700A31CE968B53C8389F5E3E90D3213FD6142C44BD92A8BBBED3B
9239412842 25049 61450 99D3FB87309E96EEE5735EF185085FE2302A58D11AC54516BF8E74A38E5C645D
9230709739 43809 11307 939E0DAA4834DD04C3E23BA36B12AA29A8619E3109E9565ADB25BD722CBEAA56
9233110228 28894 24629 7C20F6CF1A09EEE4F40FE6F70B0F070213E4AE0B9599CF6348B0EAC781225457
9234459789 60374 63377 7C20F6CF1A09EEE4F40FE6F70B0F070213E4AE0B9599CF6348B0EAC781225457
9228994094 63039 45437 BBEF9612EF08E43B22FE2058C7476642CE0659B3F3C80603A6B52CC1D03C6E43
9233224337 36277 14559 C9CAABD158FA20A32F75E87809C801FE4F4768966BA5426E5513FC23E1D889EB
9232440811 14971 2981 5EED48891EB1145D58AD270091D7659E26899D37DE8880A8A31F3F50FC1ADDFA
9238106696 44206 17971 7C20F6CF1A09EEE4F40FE6F70B0F070213E4AE0B9599CF6348B0EAC781225457
9238434306 51128 20110 7C20F6CF1A09EEE4F40FE6F70B0F070213E4AE0B9599CF6348B0EAC781225457
9238544002 30639 48296 EFA45427C2AC844B051893F83A2B1B5FEECEA19B109FF53AAC5D916683268797
9237078093 57309 24512 13884E9003F14D78301550A7123700220244F2FA48D66266D2F89DF0FAAB4FD6
9240153126 8971 43107 BEC2C3771E7E524D5E4692A224928478A7320D0435A60727B57BBBDFE67934D8
9229051411 53209 33960 7746D999EB5BBF38922D44762B45F87B00B3AB4E6B3E48045C41C16916E60E6B
9238869826 27559 22815 F4A5CDE904B323B9087941F1FB5CE394D334219315F7E43869AFD8D424A251E5
9235779608 42551 48962 99023CA5B32E5186A11E1613A5666B715D1A911DDA0894CB9084C838694473D6
9240059169 9668 42939 7C20F6CF1A09EEE4F40FE6F70B0F070213E4AE0B9599CF6348B0EAC781225457
9235087852 55258 42395 7C20F6CF1A09EEE4F40FE6F70B0F070213E4AE0B9599CF6348B0EAC781225457
9240332379 52169 30205 F918FD622CBCD815D927454286BABD430DBCB1D95C28A8E05F138BF769243625
9234098770 64343 63363 EF815B71E3165EB00A816EF51DA080BB01D19BE3E9FE3A3103F2921DA808F051
9232732140 57186 23089 7C20F6CF1A09EEE4F40FE6F70B0F070213E4AE0B9599CF6348B0EAC781225457
9235609486 16818 17944 7C20F6CF1A09EEE4F40FE6F70B0F070213E4AE0B9599CF6348B0EAC781225457
9239980139 49753 5803 F48A513DAA99C167EE11C56876419153572A8295B326B6C55FE97E96AB7F44F7
9234334384 4584 22167 7C20F6CF1A09EEE4F40FE6F70B0F070213E4AE0B9599CF6348B0EAC781225457
9232738637 32330 26422 7C20F6CF1A09EEE4F40FE6F70B0F070213E4AE0B9599CF6348B0EAC781225457
9235605903 60698 52428 7C20F6CF1A09EEE4F40FE6F70B0F070213E4AE0B9599CF6348B0EAC781225457
9237463686 38287 21134 2AF55F91284B3D4E30F60852A8A4F893919F40E3CFF5198853D915AFD3233EB8
9237268404 35165 9066 0A125592F4FF1CC9011F65F417443FEABB93DCB1D5BA04AF250F9E19E1E16957
9233665498 54265 58818 B308311762C78B2D531B236EF363E3910B4E75F5349171DDD0B010A6CFE930D0
9235059834 45021 39336 97F8DB87C25B5C96A1681A9450C0807D151A783BE24C0D910468E3910E94D767
9238792206 64739 22122 4DD4CF8907196BDCB06DBAAE67DD2B4E57BF22051317A43589FA0EBA709AA8BA
9237498422 8095 38292 EB92A242D4C1F0440EC0053C1B615D8EB5606778FF76161AA346B0573D6CEAF0
9239926063 34385 13729 D30B1B76F42C4F46F8072D8F85F5CD502DC940677856DC01107CE51295BF6F7B
9233187942 61137 3453 CDD2E4791CD0BCB5577F19CC51C16CC8351CEE195AFA2DAB46575D1BBF89475D
9236515734 4481 17870 2291ECF91BEA6834542BFE5295BC5BA303182DC356B1E5BDE9B6E89B1EEDBDE3
9236774906 10269 28953 A6D09116E2909202761903A8E0EADC0F9B6120836C89ADCFDC46926C0F09D341
9233300918 57634 48302 7C20F6CF1A09EEE4F40FE6F70B0F070213E4AE0B9599CF6348B0EAC781225457
9231056150 21198 5338 7C20F6CF1A09EEE4F40FE6F70B0F070213E4AE0B9599CF6348B0EAC781225457
9230204073 53359 41581 9E3780ED0CCAC5E135F15340CBB5184EDF69271B4326553E330B82D8907689B9
9238397906 28547 21719 DDF50EA93C3047EA0B7F37654283E79879BC08EF5A318D575FE27BB05B4737DA
9233849290 6935 64021 4080165F6F5ED2B40392F4073C51FECBDC171A2855627D0DA2ED38E051ED4D39
9232345228 50222 63652 7C20F6CF1A09EEE4F40FE6F70B0F070213E4AE0B9599CF6348B0EAC781225457
9236141577 10814 44 26623A218E950FEA970CC3ECCABE3C3FD54FD718AD5689E7EA06B1F3D5D09AFB
9232292777 51799 55228 DB743F11A8C4179E19381B7B7FABA200B39CB8CD98226BB8A3D446C06B20F1B4
9234962844 57346 13928 7C20F6CF1A09EEE4F40FE6F70B0F070213E4AE0B9599CF6348B0EAC781225457
9239847654 10992 62566 7C20F6CF1A09EEE4F40FE6F70B0F070213E4AE0B9599CF6348B0EAC781225457
9233551122 39808 31804 7C20F6CF1A09EEE4F40FE6F70B0F070213E4AE0B9599CF6348B0EAC781225457
9229111588 43169 54881 1C73D7E0BE798B0EFAC4769051F138AA21451A24442A49F1403852D7651DAEA2
9234768665 44763 8201 56043FE3551FD8B0B0BE7CF7E9CEF842EDE066E623EF98FBB2CBF25C770AE656
9238459368 56917 28773 9FEBBBEBE572B63DD7C5E6F15E4E27EEF787B14C7C6D57255155E7313E5F666F
9234742580 6740 39077 7C20F6CF1A09EEE4F40FE6F70B0F070213E4AE0B9599CF6348B0EAC781225457
9230801097 47659 25966 ED06F4F72ABEF4AD7DCAB8901E71CDB54D3D14878F2B122F30793081B5EEFBF8
9235293449 23387 5782 39256977A094D07641AE8126F52BD4F6EADB2427AC35D3683772DBBA3CD3D83F
9230175500 17191 14509 8ECA8C742AF457F6815911F13FD11FC0414683D98AF28C0935563EF690619276
9231427992 6136 36335 7C20F6CF1A09EEE4F40FE6F70B0F070213E4AE0B9599CF6348B0EAC781225457
9232236152 61931 64949 AD47A9DF8B44E1F6E74DFE69F955FD85F8BE6DD558FF2BB48B2A5C15B11C3C0B
9234587145 63508 17709 7C20F6CF1A09EEE4F40FE6F70B0F070213E4AE0B9599CF6348B0EAC781225457
9237050424 27884 40710 7C20F6CF1A09EEE4F40FE6F70B0F070213E4AE0B9599CF6348B0EAC781225457
9229676773 46454 56065 7C20F6CF1A09EEE4F40FE6F70B0F070213E4AE0B9599CF6348B0EAC781225457
9229017358 7856 30995 7C20F6CF1A09EEE4F40FE6F70B0F070213E4AE0B9599CF6348B0EAC781225457
9229536861 37409 9132 4847C2CEFE348AF6B53BE15EA500BD4B78138892630FA5FEB978A335FD645B2C
9230587522 31721 38012 042159FCB98D10305E5AE92B13A7FE2130BADE63E6F01ACB61E335DCB18A3B47
9239072083 61035 48056 B9E1FFEB5F27C4ED84A2EF4B61D4DD3E6BD54168356127CC9E6BCE68B1BF0DA3
9236592681 43244 52438 7C20F6CF1A09EEE4F40FE6F70B0F070213E4AE0B9599CF6348B0EAC781225457
9239012878 30261 18732 8C1C248C05B1F2402E815DC8F2474811BBFC9F22AA161EE9748B475F10D52503
9237259094 26217 18417 AD9FD849BC51530F90CF539826E0005BBB4342BE77035958A56351CCBDF3C70D
9228902767 25428 1977 7C20F6CF1A09EEE4F40FE6F70B0F070213E4AE0B9599CF6348B0EAC781225457
9240042995 5515 62816 02CFC9C037B8510AE00A86F4713DD07EC4B944AA21E2E57CFF87F49F73E66AD9
9233568587 59151 8201 E9E772DB526C34B409279B92A970BDC1C5E44A221291F0A4BE57A2231DBBF1B0
9233873649 59947 41193 FD0020AB676CB8C8690FC9BEAED4176ACFFBE08E9E9018E70415D79F18134ABB
9232688995 13678 21867 7C20F6CF1A09EEE4F40FE6F70B0F070213E4AE0B9599CF6348B0EAC781225457

Total of 0 tasks calculated error.
