Total of 100 tasks calculated correctly, accuracy 100.00% 
9304942443 45164 8165 7C20F6CF1A09EEE4F40FE6F70B0F070213E4AE0B9599CF6348B0EAC781225457
9307479088 62934 57267 7C20F6CF1A09EEE4F40FE6F70B0F070213E4AE0B9599CF6348B0EAC781225457
9311958264 65521 21517 498E0E1EF29680BA320B31392B9EFC423078A976B7803BE132ABF9C2C2A2FA71
9305136945 59779 27645 CA6ACD5B5D7B993F5426E2E9EB4AC326D2066DA094489738D0FBFB368A9111A2
9307611456 58285 41146 A0D58A2BFCDCC6D4F5AD9E03B3D52DB0F25CC63E9E20B75AF03FF657971E77BE
9310779237 57652 23866 7C20F6CF1A09EEE4F40FE6F70B0F070213E4AE0B9599CF6348B0EAC781225457
9308415135 31909 63915 67632F2C543890F7B9474B72A60AD88EFF54CEBFF95C1E36353EE949962DFDF4
9306924146 50512 37312 7C20F6CF1A09EEE4F40FE6F70B0F070213E4AE0B9599CF6348B0EAC781225457
9305204417 9689 16967 50633506CB50ADD435481D77CD2C3CBC2D9578B560C70FFC9E0575EEC65DA5D2
9309388361 33131 51053 420180ABA7FA588D0C254E69B0B60E6AEFA74D424B63F446094C092063AEBEC5
9305156239 21493 27799 550DD424FCF41D7882570BDC8B2181DAE5349F98DC383723F4B2C5C45D394CEE
9308687758 51494 31143 7C20F6CF1A09EEE4F40FE6F70B0F070213E4AE0B9599CF6348B0EAC781225457
9304298242 15694 14856 7C20F6CF1A09EEE4F40FE6F70B0F070213E4AE0B9599CF6348B0EAC781225457
9307152752 63185 45822 5712F531B7497F390F647429FDA607E30AD6E6482357B7A1A6C077CEFEE3EC8E
9300557155 57835 37550 769DDC4E24DC956F9445FFD601E5C2A79BA387BC3367034372FCD63E37D2E165
9308405151 18448 44893 7C20F6CF1A09EEE4F40FE6F70B0F070213E4AE0B9599CF6348B0EAC781225457
9302547707 35677 34991 F76975F3260B847E66E134E295D3DAE93A1C37BCA636FBACDE6E4F65F8485405
9310813704 14932 27523 7C20F6CF1A09EEE4F40FE6F70B0F070213E4AE0B9599CF6348B0EAC781225457
9302916492 62005 63253 4D7908193EC4591CE4AD61F258A227E6BF83F943A1FEB4B9B8D1856208C9701C
9310073881 46892 2881 7C20F6CF1A09EEE4F40FE6F70B0F070213E4AE0B9599CF6348B0EAC781225457
9306833791 19842 49546 7C20F6CF1A09EEE4F40FE6F70B0F070213E4AE0B9599CF6348B0EAC781225457
9309198253 29174 33629 7C20F6CF1A09EEE4F40FE6F70B0F070213E4AE0B9599CF6348B0EAC781225457
9308010404 40075 62862 AE1CB82DB03FF54230F7F1C440C52E47C7F5147F8701A1B37C9A426FC2BF1C91
9304730149 1300 59502 7C20F6CF1A09EEE4F40FE6F70B0F070213E4AE0B9599CF6348B0EAC781225457
9301493079 43836 59595 7C20F6CF1A09EEE4F40FE6F70B0F070213E4AE0B9599CF6348B0EAC781225457
9305116759 60040 28152 7C20F6CF1A09EEE4F40FE6F70B0F070213E4AE0B9599CF6348B0EAC781225457
9304297079 57497 47200 93D4F0E99E4DAA4B3B004F7D0B23F1B5977C68BCC9D60DE76A4FB92B2CEA63B9
9300783978 11839 45255 B7B18459FE996894EB0ABA7DE588D2FD958448D7FEDFB3EBC07AED923346C89E
9304641541 22123 48546 18E275E9783DF5DB11D356F839204F5EA4A1F5E6B18B098E60F1A25173B364CA
9309164084 805 60646 E7AA7257FCD93CB309B4CAEB0CE23628374FFC089BB39C11575BD94C9DBF8CDE
9301032992 17751 18771 4E4E4821FB7EAECA53DF1CA30BA1BF7531DCD84FFE03532E15A967FF01911893
9310020833 4789 57976 2DE063EFD103EB51A692F577ED9FF1C67670908E72EED76D319773F992D2649F
9301989839 48770 21435 7C20F6CF1A09EEE4F40FE6F70B0F070213E4AE0B9599CF6348B0EAC781225457
9308354894 25700 36646 7C20F6CF1A09EEE4F40FE6F70B0F070213E4AE0B9599CF6348B0EAC781225457
9309215200 23136 33442 7C20F6CF1A09EEE4F40FE6F70B0F070213E4AE0B9599CF6348B0EAC781225457
9309413992 54526 42299 7C20F6CF1A09EEE4F40FE6F70B0F070213E4AE0B9599CF6348B0EAC781225457
9301957497 2335 40337 3D44CDEAA82704C49CFA686F811FD5C75C2AC8B1AD23B3CE8E57F193E51FECC1
9309072170 32438 62644 7C20F6CF1A09EEE4F40FE6F70B0F070213E4AE0B9599CF6348B0EAC781225457
9301788355 28089 30798 ACD32C9C108CD5346B3708A774F4C35C3170565DBF6A3ED5ECCBD7E2936D290D
9300518843 50312 7970 7C20F6CF1A09EEE4F40FE6F70B0F070213E4AE0B9599CF6348B0EAC781225457
9307477204 23503 63208 0F10AEECEADC9AD7D3070968137B8BEB9FF2E258A6AC3361B9D16E91D2E7B535
9307235414 34308 30810 7C20F6CF1A09EEE4F40FE6F70B0F070213E4AE0B9599CF6348B0EAC781225457
9305165263 3716 56932 7C20F6CF1A09EEE4F40FE6F70B0F070213E4AE0B9599CF6348B0EAC781225457
9309427644 6599 64088 0B94882A00E0756826FD2A0C121451C45BC2EFE73B0D88365BA682A179697F00
9310850139 16810 23904 7C20F6CF1A09EEE4F40FE6F70B0F070213E4AE0B9599CF6348B0EAC781225457
9308925720 5348 22452 7C20F6CF1A09EEE4F40FE6F70B0F070213E4AE0B9599CF6348B0EAC781225457
9306770811 46577 53193 C1E6B4E5FD79F265AD5458D0A5BFFBB6C3DC31DA4E33604B3F09A5815D59690C
9304384289 39480 41413 7C20F6CF1A09EEE4F40FE6F70B0F070213E4AE0B9599CF6348B0EAC781225457
9305556875 35628 31702 7C20F6CF1A09EEE4F40FE6F70B0F070213E4AE0B9599CF6348B0EAC781225457
9306932120 26461 32098 3949037867CC3A856635A0C30BF04CFA40B2FC53AAA8B63B0C4D79AA9935E628
9312098326 31355 43604 B91DF278E563A1B7F9DE5A4D9DBCB3ACD211FF28EB09156A2E20844A0C255B48
9306247963 54405 43545 E8965FF324162C05B41334665291FD70EBE358727FE6CF56A03A74AAE200AC79
9301752363 45195 8992 2CBF673516A053BEF0E90D92A2597771581A4D58CAC2AA58BED37B9110342916
9308405216 64343 9043 573FD36DAFFAFCF1A80DCC5816D6EB926EE7D0A25E028C0CD4297DDE90E2B176
9302034249 30100 12550 7C20F6CF1A09EEE4F40FE6F70B0F070213E4AE0B9599CF6348B0EAC781225457
9307408682 22370 26024 7C20F6CF1A09EEE4F40FE6F70B0F070213E4AE0B9599CF6348B0EAC781225457
9309416324 49555 52091 3EB5CCB56510A8146EED725EEF9EA38D6CA398030039A56DD3636D712590C46B
9311780267 55260 24439 7C20F6CF1A09EEE4F40FE6F70B0F070213E4AE0B9599CF6348B0EAC781225457
9308518663 11656 27390 7C20F6CF1A09EEE4F40FE6F70B0F070213E4AE0B9599CF6348B0EAC781225457
9305784061 23574 29833 7C20F6CF1A09EEE4F40FE6F70B0F070213E4AE0B9599CF6348B0EAC781225457
9309922698 60019 27434 BD573369BA8E52CCC6C2FC652A10B8401A55D878A7B1BCBE1E269CFD6CB0F3C0
9304408252 17991 15986 C8BF9A2C08833CC976862868857D35CC33D459DD18EF8398986DE03DBDF97596
9309969494 37001 62225 7FAB2E66B09063FAE5263A78694C8140C169359A9C289C8547799DFCC80FB64F
9307818837 7914 58680 7C20F6CF1A09EEE4F40FE6F70B0F070213E4AE0B9599CF6348B0EAC781225457
9304416477 18315 14247 AB93582B59D6A3F106E27EBF9778A945AB99CBB8E2621C0630064FB823B83033
9310001142 31779 64557 1471861191768708082BB50640C73FEFD4C38185F40A6F9B13E5B57218F44415
9306945738 45890 56886 7C20F6CF1A09EEE4F40FE6F70B0F070213E4AE0B9599CF6348B0EAC781225457
9308682887 49143 56380 C579911ACFAC9DA8D3E3054DA6CD637F6C54ED8EEE80EB4400FBB30AFD2A35C4
9301215893 45830 25440 7C20F6CF1A09EEE4F40FE6F70B0F070213E4AE0B9599CF6348B0EAC781225457
9311261742 19364 20706 7C20F6CF1A09EEE4F40FE6F70B0F070213E4AE0B9599CF6348B0EAC781225457
9307794322 37962 9702 7C20F6CF1A09EEE4F40FE6F70B0F070213E4AE0B9599CF6348B0EAC781225457
9301396158 41519 11270 B88BEA0E5EEC95A68005DD8F2CF09546B4355A7F840E0C3690190712CB2D42C5
9310129160 60808 19585 7C20F6CF1A09EEE4F40FE6F70B0F070213E4AE0B9599CF6348B0EAC781225457
9305855458 64331 43678 24B023C1DB4A44D91AD1D2BB4879319E3AC6B298B6F8817166EF4BD4323CC504
9302785668 64357 37852 7A83F7F7CDF25801970139FEDB2282BF4B79E718C84408AE83B5E8E28968015D
9311353837 23750 32975 7C20F6CF1A09EEE4F40FE6F70B0F070213E4AE0B9599CF6348B0EAC781225457
9308732953 44589 18290 514055C06252F2C78BE3C033E49850590CC8D2933526ADF3AFCF634E7354E93B
9311916512 4248 28266 7C20F6CF1A09EEE4F40FE6F70B0F070213E4AE0B9599CF6348B0EAC781225457
9312231735 11179 7417 ADE3C69F0EA857043BFEC0C162C57838D4632F8BEABCDB159309CE34BACA1BDD
9305299180 26750 15925 7C20F6CF1A09EEE4F40FE6F70B0F070213E4AE0B9599CF6348B0EAC781225457
9310464684 57611 61923 66C0B6F0F03C9BD8ADE0E90627AF337B06B632E1944C57C2E2D6B1E938E54996
9307684195 40733 21865 C8A96B934CDF1C82531FFB779C403E366DE4F659D9134F91379B9DDB5122B470
9303952811 3694 49238 7C20F6CF1A09EEE4F40FE6F70B0F070213E4AE0B9599CF6348B0EAC781225457
9305360189 50892 50876 7C20F6CF1A09EEE4F40FE6F70B0F070213E4AE0B9599CF6348B0EAC781225457
9304909850 3877 8504 84A4D6FB2F711AED151103DAC2C633FC02BEF495CE36BBE5C39032BDC7CBF920
9300592362 48703 12983 5F28818CA8053F154CE63DC397C5167ED5F12EB104DD2E500749B35C76B6C765
9308522772 54832 29491 7C20F6CF1A09EEE4F40FE6F70B0F070213E4AE0B9599CF6348B0EAC781225457
9305789038 27708 7646 7C20F6CF1A09EEE4F40FE6F70B0F070213E4AE0B9599CF6348B0EAC781225457
9309472971 2854 7988 7C20F6CF1A09EEE4F40FE6F70B0F070213E4AE0B9599CF6348B0EAC781225457
9310072984 13199 29113 0F2E7A901E97DBA4EA882FFA8F62478604928E4A2C77313D4F36A82DD1A94F66
9305431049 32075 44204 BC3AFD59999F231C743C5CDDCBA7AF3D6F0A7AF36C5AE17286AB33F3F313DF6C
9305764604 36810 32421 7C20F6CF1A09EEE4F40FE6F70B0F070213E4AE0B9599CF6348B0EAC781225457
9310624254 47695 17622 398863C01B73B378080040FD7D70319D93FC6BA054CDF6079AD58EFF8F2B01F1
9302956192 21833 10510 41711220D656861AC7A2EF9C5CD0D7D80C9964DE8DFBB3E914B093D38EDF4781
9311016918 35982 43244 7C20F6CF1A09EEE4F40FE6F70B0F070213E4AE0B9599CF6348B0EAC781225457
9309095834 46461 13302 7CAEB94B4558F9D3D6A0A9F65F34650AC8CAB181C5B814E70559715C497F99F6
9307722610 34138 35080 7C20F6CF1A09EEE4F40FE6F70B0F070213E4AE0B9599CF6348B0EAC781225457
9308602722 9402 43906 7C20F6CF1A09EEE4F40FE6F70B0F070213E4AE0B9599CF6348B0EAC781225457
9308334416 64823 5128 8A7D501E90DA1A247ED5FDE90DD93DDC167591907B6DF130A6912D88B567B629
9306348402 33929 33767 7C4B74BE8E513F5BDC73497E286ABDB31F524EEC5A94B9709563991A48D2494D

Total of 0 tasks calculated error.
