Total of 100 tasks calculated correctly, accuracy 100.00% 
9336043176 60141 9662 C262331B69996806C5C3866FC730EE6C7AECB65AC08A160A9F6729F38DCF6013
9330803275 10925 495 B28FCDB474A5574FEEA297E5D9357E05018F297E5915EDE24223FEA67292C856
9324763172 14091 50049 B69D82F7101B212BEF66519913CE96F74B60E371EEF508EE7153AE36E20E33F3
9330011417 1780 36127 7C20F6CF1A09EEE4F40FE6F70B0F070213E4AE0B9599CF6348B0EAC781225457
9329460721 7991 11220 AC4A5E78A0E8B5E8FFFA80E03763701DF7D0BCDCD206FE0A6D8B604EF5DC5551
9332263933 58083 34338 3177775178F189E90EF0D94287D668893D2C097018AA9AF44CED20A77F989115
9327150208 56922 46600 7C20F6CF1A09EEE4F40FE6F70B0F070213E4AE0B9599CF6348B0EAC781225457
9328446079 62223 49570 8ACA77E403ABB95F7DC75F5F2ACFBABD2B805164F296BC433E53F3159E671FBA
9330145678 19250 39467 7C20F6CF1A09EEE4F40FE6F70B0F070213E4AE0B9599CF6348B0EAC781225457
9329859752 33363 16881 6CB567663CDEDCDBC3B89BB488110263E34639F1DFBFB1EDECD2D6D1A85BDCC0
9331912248 24643 31329 887625FD7C4FEA45F1748EE9D6952407538CC0F84FF19D9C02A96568EFBAD14B
9336056674 21884 29343 7C20F6CF1A09EEE4F40FE6F70B0F070213E4AE0B9599CF6348B0EAC781225457
9329283525 44357 32706 64BC98DD1222D8DCDE52A10262CC4AA221328102B926E5F2357B7AE973B6C98F
9326008941 24545 43988 357B171C6D8217499D30D04CF00971B263A3C0162CA4E41C9D463776D8EE6214
9324739496 55156 42063 7C20F6CF1A09EEE4F40FE6F70B0F070213E4AE0B9599CF6348B0EAC781225457
9324811709 44579 51106 79EE747297FF1220A68D2BD5D64108B3375634281A443A14C0ACE326EA418955
9334422704 43147 17115 5C2BB9BD18C7F1F88692E9154850EFA1B0F4958FE36368B3D9A3CD63B10AD3CA
9329248518 31759 9733 CB3E3412586EFC7B7A2126F71D2962736CA69CC9BCABEDAD040450FA4A0606D9
9330444740 59844 58587 7C20F6CF1A09EEE4F40FE6F70B0F070213E4AE0B9599CF6348B0EAC781225457
9335074049 41819 35410 1E1F7D250B8474CB130E5828CC71145E398CCE5E4C89E42E95CBAECED54054C9
9327558982 12905 22442 DA95649A6684C5D77DD8289AB54B007344243AAC8C92ABC5CCBE9DA6BA7B4C20
9329333458 54022 30765 7C20F6CF1A09EEE4F40FE6F70B0F070213E4AE0B9599CF6348B0EAC781225457
9333775754 57079 32663 E8D5D62F2DAD204B01157726033DE2963C50F4749196EE2B89A8B08B6913CBB2
9329940815 33787 35173 5BF9855E1BB3B5689519BB7AEED0F995D392717356A5C649A6C6AB2E029DA336
9332230207 55260 11332 7C20F6CF1A09EEE4F40FE6F70B0F070213E4AE0B9599CF6348B0EAC781225457
9330182411 57840 360 7C20F6CF1A09EEE4F40FE6F70B0F070213E4AE0B9599CF6348B0EAC781225457
9328544281 38424 55535 7C20F6CF1A09EEE4F40FE6F70B0F070213E4AE0B9599CF6348B0EAC781225457
9329214433 8369 58986 E7EE1FFB692547DE8B8FD6B481AD0398C1DB66DFAFD63B5E28CE687EC45667D3
9333725345 59859 53448 62776FB360AE448A203F017C5DF7225558A73024FC7A5C7EF52E6A951CB3405B
9331019340 33497 46622 5241BB69F863110BFE6FEE3E7FBC429B59BBB75176392C9C6B3A1E74F9064FD4
9333612744 1719 21973 D2E8276CF4C7B05D4CD93406679F7485F3DA83BFB8F054245A92CBE79B3EF76B
9329421103 4804 46103 7C20F6CF1A09EEE4F40FE6F70B0F070213E4AE0B9599CF6348B0EAC781225457
9329530248 49831 4176 D414641F7EC52D4AD8DE37E56566757169D1153C9B0D7AEEB5F195D522887F8B
9334546552 20553 44360 34ABD7DD5203ED18A747B9003E742388B1AC9EFD2F70063A595FBEEF5D7F54CD
9336195205 63649 1865 2A62F04C2AE0363FA660F48ED0F619DD039D1CC29608D70022F8A3B4871C14CC
9335283659 62054 26925 7C20F6CF1A09EEE4F40FE6F70B0F070213E4AE0B9599CF6348B0EAC781225457
9334886845 60189 24772 A5B36DE8E6964F919F3F7948E43A77668B4681652B3A1852820ACAE0A1AF8A57
9334380060 3533 49409 FF825B4BF21797AF5EE6FB7C0F31504A895DB4E4D111875FA2ECD3F55A347752
9333919493 23497 2691 F42F3027FD76FC7297551684195F355C8E0099F74815AAAC7382DF53D358B8A8
9332578457 44521 20788 439F6FFF67CDFDCA7845D5F7F0CE2E1DE5E65CB89C0AAB30FFA006B3A021CA7B
9333175135 31768 20389 7C20F6CF1A09EEE4F40FE6F70B0F070213E4AE0B9599CF6348B0EAC781225457
9334809830 456 36203 7C20F6CF1A09EEE4F40FE6F70B0F070213E4AE0B9599CF6348B0EAC781225457
9329186357 5186 39700 7C20F6CF1A09EEE4F40FE6F70B0F070213E4AE0B9599CF6348B0EAC781225457
9335344078 28749 32379 94F747895BAB8F3EBC4D17B0075AA4F8E0CD49BE1B2E0D102971A97338B92E31
9325175584 61642 51321 7C20F6CF1A09EEE4F40FE6F70B0F070213E4AE0B9599CF6348B0EAC781225457
9325602203 35689 5258 AA9EA794FA3C4EBFC855D4B3D4AA0E936ED43A4587ECB19D766D3ADC79BF068A
9329324320 33785 62679 1DDDEC51461EF4C8251E49155EB166B2EBC59D0FD39EB7C1A2BEDC27D5043B89
9327791827 51616 65010 7C20F6CF1A09EEE4F40FE6F70B0F070213E4AE0B9599CF6348B0EAC781225457
9325187739 51451 9459 76259C613F98F014435296E80FD5D2B4DA00AC170F7AE7888A64B089B66242B8
9330613543 999 56413 843A95A8B745AE7A5B65D22C6A392C40159CDAE3998DB9D4D5A8C6325B0F6C6B
9327626661 4793 12065 785D3AAEBC77E5A3A88943C2038E9E86AAD53DA3D83CAE7368C2FFC9AF1DBAD8
9326900879 32372 49773 7C20F6CF1A09EEE4F40FE6F70B0F070213E4AE0B9599CF6348B0EAC781225457
9331995622 11721 9713 2292FC489D4D0084961217DEC8447BDEF1E52F3CE7E39C92B7902CA214FBBAFF
9326207279 12180 57390 7C20F6CF1A09EEE4F40FE6F70B0F070213E4AE0B9599CF6348B0EAC781225457
9331062983 38984 4403 7C20F6CF1A09EEE4F40FE6F70B0F070213E4AE0B9599CF6348B0EAC781225457
9332848081 55385 23728 1CE9C11CB259BBC5AD63456CE120F2B19096BFC307978194649D22DA4494051C
9332411134 16766 59131 7C20F6CF1A09EEE4F40FE6F70B0F070213E4AE0B9599CF6348B0EAC781225457
9325791982 38241 10859 45C26ADD4ECF8174A61FA01BA9267D04884982438CB601988B4C0C7B309C618F
9331482404 15094 32863 7C20F6CF1A09EEE4F40FE6F70B0F070213E4AE0B9599CF6348B0EAC781225457
9330816004 43888 48115 7C20F6CF1A09EEE4F40FE6F70B0F070213E4AE0B9599CF6348B0EAC781225457
9330112595 2390 1950 7C20F6CF1A09EEE4F40FE6F70B0F070213E4AE0B9599CF6348B0EAC781225457
9327554791 65237 29854 EFF386322FF54B7174BB6D96CD8E2828097274F64146CC9C84F652B18CF57FE8
9324881772 25937 52636 7A55EDFB8C854DCF568D3176D6721900E8D2BCDE8D315562D5E3641D54E1C3DD
9332737090 12383 9333 16E1405C1561498F1F7D2AA0A1196405A6557B09182F7846EBD371C03F62ECB1
9328437339 46760 50722 7C20F6CF1A09EEE4F40FE6F70B0F070213E4AE0B9599CF6348B0EAC781225457
9332874065 19165 4472 88E744F74DF039C513B3C7BDF53B22A67348BD996637136AF5DFC201BB515DE3
9334298424 9652 15785 7C20F6CF1A09EEE4F40FE6F70B0F070213E4AE0B9599CF6348B0EAC781225457
9334068228 8390 51835 7C20F6CF1A09EEE4F40FE6F70B0F070213E4AE0B9599CF6348B0EAC781225457
9327414191 5200 51461 7C20F6CF1A09EEE4F40FE6F70B0F070213E4AE0B9599CF6348B0EAC781225457
9327568752 34438 25269 7C20F6CF1A09EEE4F40FE6F70B0F070213E4AE0B9599CF6348B0EAC781225457
9327391843 57084 9719 7C20F6CF1A09EEE4F40FE6F70B0F070213E4AE0B9599CF6348B0EAC781225457
9328632065 33920 901 7C20F6CF1A09EEE4F40FE6F70B0F070213E4AE0B9599CF6348B0EAC781225457
9336006662 15328 37329 7C20F6CF1A09EEE4F40FE6F70B0F070213E4AE0B9599CF6348B0EAC781225457
9334914512 32876 43914 7C20F6CF1A09EEE4F40FE6F70B0F070213E4AE0B9599CF6348B0EAC781225457
9324710767 26049 27847 810B1FFDAE7C38240BC226451AAC8D716AA1C2883AA4A9CAABFDC111859259C4
9333238589 37097 44342 7C5EEFF767F325B0CA7801A5B03995E3AB70642AD0A7296422AE046CE3AB7675
9330761963 19831 2997 AF810945955EFDCDCB5EDFC03198E17E2F3EFBDA3E4B3BF76E8DE8FEF1C3D3D7
9327368359 21356 36619 7C20F6CF1A09EEE4F40FE6F70B0F070213E4AE0B9599CF6348B0EAC781225457
9332396144 60734 50443 7C20F6CF1A09EEE4F40FE6F70B0F070213E4AE0B9599CF6348B0EAC781225457
9327073240 54109 9327 0AE626CC1E34DD3E205F305B52F8D92F3601A81DB40D14CB0332DFFC30956028
9328871956 50528 32491 7C20F6CF1A09EEE4F40FE6F70B0F070213E4AE0B9599CF6348B0EAC781225457
9328259179 33778 33537 7C20F6CF1A09EEE4F40FE6F70B0F070213E4AE0B9599CF6348B0EAC781225457
9330480582 20358 33318 7C20F6CF1A09EEE4F40FE6F70B0F070213E4AE0B9599CF6348B0EAC781225457
9329855110 27407 14557 65A67437C1A431B4F9BAFCFE9EE615ACCB49BCBE88203933CB7D7D3920FF5DA5
9326829432 62069 15662 BF464D576714E6328F472494ED6FDFA59220E4A0F7D964AC7F15027375FCC6E9
9332264118 34444 24333 7C20F6CF1A09EEE4F40FE6F70B0F070213E4AE0B9599CF6348B0EAC781225457
9330353721 57663 36754 D9BB8A423B81C65D8A61CC20E9B769AB47197B86683B1C4A59B6E58072CC9EF4
9331434391 57196 18175 7C20F6CF1A09EEE4F40FE6F70B0F070213E4AE0B9599CF6348B0EAC781225457
9334758517 60217 11829 5BC7AA1510111B2785345D61A96819C34CD17CE9690AED4AF6A124D872BD43DF
9328653450 45426 43119 7C20F6CF1A09EEE4F40FE6F70B0F070213E4AE0B9599CF6348B0EAC781225457
9334801013 5243 35921 5BA90D1FDF06FF641A43C2CC5FE0B524860918A6136B21DCA0D013829B8D143B
9332148306 38118 55929 7C20F6CF1A09EEE4F40FE6F70B0F070213E4AE0B9599CF6348B0EAC781225457
9333606249 13056 36784 7C20F6CF1A09EEE4F40FE6F70B0F070213E4AE0B9599CF6348B0EAC781225457
9328331953 63898 463 7C20F6CF1A09EEE4F40FE6F70B0F070213E4AE0B9599CF6348B0EAC781225457
9328514456 9577 36339 3BECB2F6D020995C16983670699596939F5F6EA60CE126C5E0B40A6E44B1DB86
9327367391 57864 41616 7C20F6CF1A09EEE4F40FE6F70B0F070213E4AE0B9599CF6348B0EAC781225457
9334519706 14020 512 7C20F6CF1A09EEE4F40FE6F70B0F070213E4AE0B9599CF6348B0EAC781225457
9325781645 50549 30554 6D28C7295415ED9B9EB7591A315E2EE8AE5E6E334CD82687E2EB16F4D2A735E1
9329049838 15118 39063 7C20F6CF1A09EEE4F40FE6F70B0F070213E4AE0B9599CF6348B0EAC781225457
9328576910 19187 49135 06A88853791ED94EE4690B9310446AF96F2C0FE6E3689CEFB03C1A4B1EA6CC5B

Total of 0 tasks calculated error.
