Total of 100 tasks calculated correctly, accuracy 100.00% 
9341757079 7858 19087 7C20F6CF1A09EEE4F40FE6F70B0F070213E4AE0B9599CF6348B0EAC781225457
9341689530 56415 79 D55C1525B1C61AE753A2EF262728CF536522A897FF8B6B9240A68E77B5BD6E5F
9339903824 9642 25521 7C20F6CF1A09EEE4F40FE6F70B0F070213E4AE0B9599CF6348B0EAC781225457
9344085608 62378 30917 7C20F6CF1A09EEE4F40FE6F70B0F070213E4AE0B9599CF6348B0EAC781225457
9344147156 24201 29947 F9C198EB2BA2AC26F459DAB4C201B477EA5CC0D6ED1CECF047EFB0B5AD3DB367
9346214671 49329 36509 0A6B43713F463BC46F62F17E080F5D93DC166E0DDF93261B875D7206D885F878
9338357365 50467 11562 F85F0D0FF6E08B3BBF9E8ACFBF42B5B9745362A83998EF2F6D80D9ED412EFAEF
9338449668 46039 14473 C858E60CD49DA8C3F66B385111A2CBFBF3C0A15D7F6ED6BCFA870CB7783F735B
9346079784 55734 34061 7C20F6CF1A09EEE4F40FE6F70B0F070213E4AE0B9599CF6348B0EAC781225457
9345928192 29083 58820 3D2A03E6418B3507133E881510AE3721B9954332FF7EC1142C7E4419E1C49A0A
9337355182 33904 58457 7C20F6CF1A09EEE4F40FE6F70B0F070213E4AE0B9599CF6348B0EAC781225457
9342674383 48770 10241 7C20F6CF1A09EEE4F40FE6F70B0F070213E4AE0B9599CF6348B0EAC781225457
9345054670 47764 228 7C20F6CF1A09EEE4F40FE6F70B0F070213E4AE0B9599CF6348B0EAC781225457
9337416759 24786 53777 7C20F6CF1A09EEE4F40FE6F70B0F070213E4AE0B9599CF6348B0EAC781225457
9344029425 34840 29012 7C20F6CF1A09EEE4F40FE6F70B0F070213E4AE0B9599CF6348B0EAC781225457
9337447244 32748 57788 7C20F6CF1A09EEE4F40FE6F70B0F070213E4AE0B9599CF6348B0EAC781225457
9338714611 31653 4999 59288F88B88E42A9F4096D814A8EB82CABBF46E2278FA082189C770AD3496E3F
9339405559 43739 35740 C0009D1507C1E345040C69579D373477C8862AB86C38FE3317B6A201678ED500
9347404245 49425 27254 D80D25ADCFC978E6AD5711EBA89A4E8CEC8F62886CDD24FC9F5A43F040E97FFE
9337628140 52484 15492 7C20F6CF1A09EEE4F40FE6F70B0F070213E4AE0B9599CF6348B0EAC781225457
9348048817 40726 56178 7C20F6CF1A09EEE4F40FE6F70B0F070213E4AE0B9599CF6348B0EAC781225457
9336899751 63858 41376 7C20F6CF1A09EEE4F40FE6F70B0F070213E4AE0B9599CF6348B0EAC781225457
9342430440 31291 59473 179275C6824B93B073E045EE2CBF0688C9C14F42B7192411C2479ECB75D0B6DC
9344406654 6849 36112 D42C4F926CB3E68FE575DF260946D4D39761FB8A789316D75F633CEC81170269
9342547506 42296 15425 7C20F6CF1A09EEE4F40FE6F70B0F070213E4AE0B9599CF6348B0EAC781225457
9341949165 42110 6543 7C20F6CF1A09EEE4F40FE6F70B0F070213E4AE0B9599CF6348B0EAC781225457
9337089691 22092 7165 7C20F6CF1A09EEE4F40FE6F70B0F070213E4AE0B9599CF6348B0EAC781225457
9341055634 57536 52107 7C20F6CF1A09EEE4F40FE6F70B0F070213E4AE0B9599CF6348B0EAC781225457
9344834431 48313 50461 8CB9E0B6F364EBA8B264F13D59C00DD5E60F39EEAFA8338DD33E277DBE236DCB
9339329058 32404 24565 7C20F6CF1A09EEE4F40FE6F70B0F070213E4AE0B9599CF6348B0EAC781225457
9339973859 7002 54336 7C20F6CF1A09EEE4F40FE6F70B0F070213E4AE0B9599CF6348B0EAC781225457
9341776694 52699 58244 7FB03FD0DDC5468CF77098B881505CBCCAC59E4D65C9D58F691EC31FB8F74B18
9344282779 1513 11422 FDCA6A9A6EE0B2E5DADCAD3514A11EF35F5F934331A919C8FE1A759B8D149520
9348210756 43785 53310 ADFA25DB2FF28BFBBCBED296EA10FEA5204803A7A0E301C58F8EC7FCFFCFF647
9340378453 10490 65018 7C20F6CF1A09EEE4F40FE6F70B0F070213E4AE0B9599CF6348B0EAC781225457
9337645978 38853 24249 FB5D6EF3C2148C4F56D2F9E1201200675514F5B182A288E7AB028B5DFFB67003
9343062912 26903 54399 CB4097E989A6A7B1FF91121310A615BD8E97E34021A61FA42079F01156E7738F
9337499963 54203 60023 854683B0674C14B14DBF3E1698F916E8476859ADF29C97EFCF10B25E053702EB
9344264081 35535 5393 51F212C2BF12216C1EACA80FDB37C60243FEE866EF3BBE2375FEF988FA88636F
9342729904 18920 13182 7C20F6CF1A09EEE4F40FE6F70B0F070213E4AE0B9599CF6348B0EAC781225457
9342092061 38763 46948 5A6046538E91329011969544404B733CA27FFA58C65CE5E96AFCDE190B35364A
9346594747 27966 36821 7C20F6CF1A09EEE4F40FE6F70B0F070213E4AE0B9599CF6348B0EAC781225457
9341525786 64154 52829 7C20F6CF1A09EEE4F40FE6F70B0F070213E4AE0B9599CF6348B0EAC781225457
9340962113 20402 45035 7C20F6CF1A09EEE4F40FE6F70B0F070213E4AE0B9599CF6348B0EAC781225457
9342393111 29024 41411 7C20F6CF1A09EEE4F40FE6F70B0F070213E4AE0B9599CF6348B0EAC781225457
9344784554 23130 64250 7C20F6CF1A09EEE4F40FE6F70B0F070213E4AE0B9599CF6348B0EAC781225457
9336418709 14233 17347 61F902C091649DFD9C8F453CF1F7AE4329F8D13BC968E8E432277E6F28524EE4
9338640353 28410 54351 7C20F6CF1A09EEE4F40FE6F70B0F070213E4AE0B9599CF6348B0EAC781225457
9342833122 37931 11805 47D4E12258DCAF37A164D2C8479C44F0004D51F00FD895FE9AAD361EACB9D87C
9341665856 64762 64743 7C20F6CF1A09EEE4F40FE6F70B0F070213E4AE0B9599CF6348B0EAC781225457
9339775234 33852 10200 7C20F6CF1A09EEE4F40FE6F70B0F070213E4AE0B9599CF6348B0EAC781225457
9346182291 1662 867 7C20F6CF1A09EEE4F40FE6F70B0F070213E4AE0B9599CF6348B0EAC781225457
9344430582 7085 64993 281AC4766FD3513DC4A00287BFAE8BAA9AE5E511356837A01256A33CD5E3D12D
9347043327 27512 10823 7C20F6CF1A09EEE4F40FE6F70B0F070213E4AE0B9599CF6348B0EAC781225457
9342803418 39790 4995 7C20F6CF1A09EEE4F40FE6F70B0F070213E4AE0B9599CF6348B0EAC781225457
9343795924 1826 20653 7C20F6CF1A09EEE4F40FE6F70B0F070213E4AE0B9599CF6348B0EAC781225457
9337859627 18334 50769 7C20F6CF1A09EEE4F40FE6F70B0F070213E4AE0B9599CF6348B0EAC781225457
9342243337 65293 40781 F22061B14C94D7FACBBEA748EB0C39D44BD0ACC67A56454CEA8D962309A6C514
9344050620 22241 45474 99748DDFF7328688423C2B20B1275D2388020D3C277D86264A6697CB2DB640D0
9339336104 25220 18568 7C20F6CF1A09EEE4F40FE6F70B0F070213E4AE0B9599CF6348B0EAC781225457
9342171230 58318 53636 7C20F6CF1A09EEE4F40FE6F70B0F070213E4AE0B9599CF6348B0EAC781225457
9339498474 50602 23516 7C20F6CF1A09EEE4F40FE6F70B0F070213E4AE0B9599CF6348B0EAC781225457
9345486245 23053 26431 3E9DFC709C8DC10F04E200149EC8D4D45227645B49AE13ED1C41A728159196A2
9339300156 22654 339 7C20F6CF1A09EEE4F40FE6F70B0F070213E4AE0B9599CF6348B0EAC781225457
9345799666 28654 23296 7C20F6CF1A09EEE4F40FE6F70B0F070213E4AE0B9599CF6348B0EAC781225457
9346189793 57642 39688 7C20F6CF1A09EEE4F40FE6F70B0F070213E4AE0B9599CF6348B0EAC781225457
9340480523 47950 25739 7C20F6CF1A09EEE4F40FE6F70B0F070213E4AE0B9599CF6348B0EAC781225457
9345617577 16801 7194 B15550136D3D3AC48FB070E2E83AA52D53D21C9A5C280DF238A84D5522BCF7F8
9337872372 27119 36468 A2E6DF5E9364A40F922A0224AEB3D0A1A03ECFD3B3E2C42CA44193C63B252380
9337578261 11372 4931 7C20F6CF1A09EEE4F40FE6F70B0F070213E4AE0B9599CF6348B0EAC781225457
9337024358 24155 21002 FA22786C91BB9444213436826157279F272F93C8E6AA0CF3B0B09F2335CD28E3
9347944995 15722 46048 7C20F6CF1A09EEE4F40FE6F70B0F070213E4AE0B9599CF6348B0EAC781225457
9345921618 8600 41759 7C20F6CF1A09EEE4F40FE6F70B0F070213E4AE0B9599CF6348B0EAC781225457
9337600984 62987 41380 4607E33F690796488BB9B1670D3507DDCD9F1CCCEB16332F41426D7B324367B8
9339633176 42023 11737 7565028A61397A76F9BF9EC044DBDAC681C205A958DFD388BA3B0C2C23A71B4E
9339513378 6526 29799 7C20F6CF1A09EEE4F40FE6F70B0F070213E4AE0B9599CF6348B0EAC781225457
9342306641 55089 32418 7F06C43D502923D9986C0A548E4CBE9BF9F8AE7B7BA9591802C184B349F92DF2
9346487025 1257 31372 4458714857C0F697204CCFFD75C03E0FE888BF3477B0BB4BC592A34F15041FEE
9345653242 6895 22856 C7DDA4CEDB4A2C171A3FDBC2325AACF851AC9FACBEF2551DB792396FA976A681
9339757132 52654 52852 7C20F6CF1A09EEE4F40FE6F70B0F070213E4AE0B9599CF6348B0EAC781225457
9344139788 60014 31989 7C20F6CF1A09EEE4F40FE6F70B0F070213E4AE0B9599CF6348B0EAC781225457
9337746445 63666 40798 7C20F6CF1A09EEE4F40FE6F70B0F070213E4AE0B9599CF6348B0EAC781225457
9343893122 44782 64128 7C20F6CF1A09EEE4F40FE6F70B0F070213E4AE0B9599CF6348B0EAC781225457
9343012990 15478 20348 7C20F6CF1A09EEE4F40FE6F70B0F070213E4AE0B9599CF6348B0EAC781225457
9343869387 42582 45450 7C20F6CF1A09EEE4F40FE6F70B0F070213E4AE0B9599CF6348B0EAC781225457
9338109186 56975 14795 7DB6836983B054CF03EC58DCCEC91B335E559DFB0A567F01EF2B1321E9E0D1A2
9338890685 34810 19593 7C20F6CF1A09EEE4F40FE6F70B0F070213E4AE0B9599CF6348B0EAC781225457
9338067594 720 38099 7C20F6CF1A09EEE4F40FE6F70B0F070213E4AE0B9599CF6348B0EAC781225457
9340849475 46133 24005 B9DBBBBA9B0106D840E87F0B0BD3F91AE3FDC6F1FC9A7AF5939143F6B21E7069
9344513687 17033 5216 7A92F35E48D33CE9D228F6DAFC3CF140479DEF68A556C3E43111330175D7B538
9341651156 38694 33705 7C20F6CF1A09EEE4F40FE6F70B0F070213E4AE0B9599CF6348B0EAC781225457
9344723775 9300 19770 7C20F6CF1A09EEE4F40FE6F70B0F070213E4AE0B9599CF6348B0EAC781225457
9338179356 8450 45099 7C20F6CF1A09EEE4F40FE6F70B0F070213E4AE0B9599CF6348B0EAC781225457
9338858190 49633 47236 9C814F9988B9ABDB1F5D9CF2E28B72EA8FF328B506299902AE2FE6790A07618D
9339650801 19744 10627 7C20F6CF1A09EEE4F40FE6F70B0F070213E4AE0B9599CF6348B0EAC781225457
9342861861 36871 47879 27EDAEF77C82C96B1D02F2706DFF8574B429CBBCA6378B3EC498779EF05D5B57
9342227076 8462 33871 7C20F6CF1A09EEE4F40FE6F70B0F070213E4AE0B9599CF6348B0EAC781225457
9342831050 54228 60121 7C20F6CF1A09EEE4F40FE6F70B0F070213E4AE0B9599CF6348B0EAC781225457
9347616192 58798 51692 7C20F6CF1A09EEE4F40FE6F70B0F070213E4AE0B9599CF6348B0EAC781225457
9340380487 24543 21423 7BBC4DA1F956A0F45D4183FE02036BECFC9DC153025C3E55A592F5F9314BCD26

Total of 0 tasks calculated error.
