Total of 100 tasks calculated correctly, accuracy 100.00% 
934179049 48258 55032 7C20F6CF1A09EEE4F40FE6F70B0F070213E4AE0B9599CF6348B0EAC781225457
931253778 18090 10334 7C20F6CF1A09EEE4F40FE6F70B0F070213E4AE0B9599CF6348B0EAC781225457
928915599 17055 58579 75DA0795F668188F9BC75C8DFA5F55113017EEA640DF672C34D7F6608EA72EE3
935048053 23137 23647 6C44F604FA96A9C6C742CA76F7A3B55F7CBE5C31EF506DA743FC1F72253FB940
936018608 43799 16057 860C58360D35A2600FD9D454DC3AE49AABA34061BEAE6E2A65B4B067BD712E58
925651600 9748 10108 7C20F6CF1A09EEE4F40FE6F70B0F070213E4AE0B9599CF6348B0EAC781225457
935662273 53191 26413 2E3E68DF60B7D14D169D48BD1B99AD0715EB1F42061BE3C36472C9BD5D4B3363
930651193 59263 10501 1AC291C9B742F7B562CD5F47A268EE3B063F4313DF22BEEC5A1BB430BEDACD73
926082220 41034 7795 7C20F6CF1A09EEE4F40FE6F70B0F070213E4AE0B9599CF6348B0EAC781225457
925545862 57340 43032 7C20F6CF1A09EEE4F40FE6F70B0F070213E4AE0B9599CF6348B0EAC781225457
934215859 35591 33728 521F204D5420162AA482AF905141CE5020B9EF91A3EE87A73B11CC387B214F12
931274021 46483 50969 508A2A4E110D36287990CBE6394DE5B22A6CF1AEEABF6A600235D6D3B6DF8AE1
926964913 49032 45115 7C20F6CF1A09EEE4F40FE6F70B0F070213E4AE0B9599CF6348B0EAC781225457
935762586 9083 23234 F2893CAC9041D631BB43D191806BF5EC399B9DA1347890F1BDA61C74B659FD41
932393449 56713 48987 B930E4EA087352119FE96A0D8F2E2D6C156E6A62F44563BD4402E66B546B6E64
934779100 15264 50257 7C20F6CF1A09EEE4F40FE6F70B0F070213E4AE0B9599CF6348B0EAC781225457
925725122 59143 40670 851C2606ED31E469A9BF2A4E3ED2A295520114574374E02A4AB41CFD52FA88FB
928832769 31836 23695 7C20F6CF1A09EEE4F40FE6F70B0F070213E4AE0B9599CF6348B0EAC781225457
930228645 4714 24636 7C20F6CF1A09EEE4F40FE6F70B0F070213E4AE0B9599CF6348B0EAC781225457
931915830 1422 36433 7C20F6CF1A09EEE4F40FE6F70B0F070213E4AE0B9599CF6348B0EAC781225457
928587378 26852 54691 7C20F6CF1A09EEE4F40FE6F70B0F070213E4AE0B9599CF6348B0EAC781225457
934905845 20511 7682 F47A98003637E50C80130DE8ED7EC92AB72B183C64B847E60E9AAB97D65E5604
933776935 38955 52060 F7E3F2B5E10D058BB006159F27F4120F121F2CE83BD8C7E47CBF0E243C015CC6
932524768 33803 41241 0EE5D44045E4AD9EC55E47391BCE13CA9CB8321E407F1A17DF0BB18AD6B6CA63
929912471 44508 38704 7C20F6CF1A09EEE4F40FE6F70B0F070213E4AE0B9599CF6348B0EAC781225457
931838660 1152 45088 7C20F6CF1A09EEE4F40FE6F70B0F070213E4AE0B9599CF6348B0EAC781225457
935617616 56408 17066 7C20F6CF1A09EEE4F40FE6F70B0F070213E4AE0B9599CF6348B0EAC781225457
927554099 38942 3259 7C20F6CF1A09EEE4F40FE6F70B0F070213E4AE0B9599CF6348B0EAC781225457
930874483 44616 46835 7C20F6CF1A09EEE4F40FE6F70B0F070213E4AE0B9599CF6348B0EAC781225457
935798828 33982 58146 7C20F6CF1A09EEE4F40FE6F70B0F070213E4AE0B9599CF6348B0EAC781225457
928601691 2767 62409 3DADC6BED3D78ED8C7433FB19A0A7762D6F3299253AC223CEB8D24540FE1EDDE
930913946 39749 41234 8246CB7A497F7C93A8C816B185F6909ADABB2F3168437CECAD8A04DA8562AC72
935376650 6071 14 B42C1E1B7B4F48EEA7E07D19C2D1829C4957CDA7C7128EBD7A663AE819F0CA3B
935115126 1788 23795 7C20F6CF1A09EEE4F40FE6F70B0F070213E4AE0B9599CF6348B0EAC781225457
931431447 62908 56765 7C20F6CF1A09EEE4F40FE6F70B0F070213E4AE0B9599CF6348B0EAC781225457
931770719 48504 51352 7C20F6CF1A09EEE4F40FE6F70B0F070213E4AE0B9599CF6348B0EAC781225457
935648556 10660 5038 7C20F6CF1A09EEE4F40FE6F70B0F070213E4AE0B9599CF6348B0EAC781225457
932196057 24436 10446 7C20F6CF1A09EEE4F40FE6F70B0F070213E4AE0B9599CF6348B0EAC781225457
926165726 41224 9252 7C20F6CF1A09EEE4F40FE6F70B0F070213E4AE0B9599CF6348B0EAC781225457
930936569 56701 44528 B1EE4A9CFFDBD84B8B2F0B754BF538E5C10110F1FEB342CDB82931710B2A502E
932000126 1100 3623 7C20F6CF1A09EEE4F40FE6F70B0F070213E4AE0B9599CF6348B0EAC781225457
936270492 10747 2257 9716EAFA10A163F07DC98F71C33A306A9501675073A225928F58B63810DE9398
933134051 14099 23459 8B40F2EB8468A0C37B2011FF7A5BBA0693B208968F36E659AB2670DCD9A64146
926396600 47341 40699 41F200245F2A0C36ED2F90F2BC49BA4E4985FF9B89498F0B5F553E2017C45B8E
928200440 42112 47076 7C20F6CF1A09EEE4F40FE6F70B0F070213E4AE0B9599CF6348B0EAC781225457
927483539 57244 54672 7C20F6CF1A09EEE4F40FE6F70B0F070213E4AE0B9599CF6348B0EAC781225457
925858053 6542 20269 7C20F6CF1A09EEE4F40FE6F70B0F070213E4AE0B9599CF6348B0EAC781225457
933072267 33081 28997 3D4A4A2AA45F0D23569E35B4C3E3E392A01AF52391C1F5391C5E029DA3BA35FC
932302266 19864 25188 7C20F6CF1A09EEE4F40FE6F70B0F070213E4AE0B9599CF6348B0EAC781225457
927439690 18037 53890 4D8A6681B77964DE7074DAC1A3D73288787BB2BAB4EB4F1B050675F5D9CBC369
924967897 27845 29485 A8110EF6104AEB1ABE3A97948281968CB206AC9996D264D824F7B1E52116F748
925482989 20458 11968 7C20F6CF1A09EEE4F40FE6F70B0F070213E4AE0B9599CF6348B0EAC781225457
930759028 49293 8912 5387B9514D09BBC3213A006B26FE66D68777B9765F760B7F61CBA4EEE71C4157
928638702 61001 46760 2CA02175542C0633827105F8702C5719A8E4E4812B2249E292B6E657EBC512F5
929354913 59151 19145 CB1F09332C01A5B919EBD535AD7BAD9257E2892092F9356D7E3BDCB007264ECF
935529170 37896 63265 7C20F6CF1A09EEE4F40FE6F70B0F070213E4AE0B9599CF6348B0EAC781225457
932419187 10152 9070 7C20F6CF1A09EEE4F40FE6F70B0F070213E4AE0B9599CF6348B0EAC781225457
936290200 44242 40440 7C20F6CF1A09EEE4F40FE6F70B0F070213E4AE0B9599CF6348B0EAC781225457
927332619 42067 7878 F564D1C5E166D71A3E2D2CB91DA100BD64DC757C79006BD975903BCB7FC5DA7A
933062229 8896 51036 7C20F6CF1A09EEE4F40FE6F70B0F070213E4AE0B9599CF6348B0EAC781225457
931064848 42957 56634 203F8A6B5C785285CA23CD0801F29F473113439BA769F4C4080EB064C23E5D60
927879439 40685 13256 58EEAAC84471AAA8480A47BEB293902CFA3933C5FFA2A36D7EF1694C9162325C
933487156 32563 18223 3110761EF2D855984430D361C2E3FC50807D07ECC4949131CF8034077E624B95
929558172 64200 10401 7C20F6CF1A09EEE4F40FE6F70B0F070213E4AE0B9599CF6348B0EAC781225457
932023990 14315 32882 10E80ACBCC3C581C68EB8C9CBEC0C402E3804D3697B81739F3179A1A1368BCFB
931993422 23324 41008 7C20F6CF1A09EEE4F40FE6F70B0F070213E4AE0B9599CF6348B0EAC781225457
929691802 15629 30093 31FF906758A13F1734C3CC3736E4B3E7B3DFB57EBD8737186122B5439B39C1CA
927090123 37041 5370 C4F5D6F33A256F4620433C94F751A202B58AF7D432EF302F228A5C79D077A36C
929277493 52288 22372 7C20F6CF1A09EEE4F40FE6F70B0F070213E4AE0B9599CF6348B0EAC781225457
930588055 36470 19851 7C20F6CF1A09EEE4F40FE6F70B0F070213E4AE0B9599CF6348B0EAC781225457
936261886 50362 26945 7C20F6CF1A09EEE4F40FE6F70B0F070213E4AE0B9599CF6348B0EAC781225457
932207786 54602 46142 7C20F6CF1A09EEE4F40FE6F70B0F070213E4AE0B9599CF6348B0EAC781225457
925183282 29264 49553 7C20F6CF1A09EEE4F40FE6F70B0F070213E4AE0B9599CF6348B0EAC781225457
934811004 10072 64192 7C20F6CF1A09EEE4F40FE6F70B0F070213E4AE0B9599CF6348B0EAC781225457
927442790 6506 57359 7C20F6CF1A09EEE4F40FE6F70B0F070213E4AE0B9599CF6348B0EAC781225457
935706544 14907 9386 CDC9A875058E4E7C71B177E5C0BE81122C61288052D3A8E7F10C99CFBF343E43
931143923 31040 17322 7C20F6CF1A09EEE4F40FE6F70B0F070213E4AE0B9599CF6348B0EAC781225457
929432025 41043 5237 80F74086E3B669C8AC9D97E3BAA3DA54AB6082C521FFEA7BEB73905C8D11A0CF
936248656 50597 4413 C4E2E3E32EB5F8DE65716E8DCFE568DF47F2B99953DD852884E53F88EE3EF2E0
931950376 30162 47574 7C20F6CF1A09EEE4F40FE6F70B0F070213E4AE0B9599CF6348B0EAC781225457
926261592 63004 3910 7C20F6CF1A09EEE4F40FE6F70B0F070213E4AE0B9599CF6348B0EAC781225457
931202342 18597 29061 63C52345BF6838B7C5B01D63F044838B579EFE47F477EEEA8ECD1521FF25DD9E
935592201 47036 44732 7C20F6CF1A09EEE4F40FE6F70B0F070213E4AE0B9599CF6348B0EAC781225457
932232635 26998 46557 7C20F6CF1A09EEE4F40FE6F70B0F070213E4AE0B9599CF6348B0EAC781225457
925981125 20098 7407 7C20F6CF1A09EEE4F40FE6F70B0F070213E4AE0B9599CF6348B0EAC781225457
934008291 57225 43232 23F581FAF8983753D39CE51314EFD9CF2B949B07C5662D6533F82A365304CE44
934234972 64379 1879 32B6DA04980D074F2FF02F8458C6D59731FD4AFCEE35BF109A2EE65DF068010B
932538795 30959 48470 E18B3ECBE7E34856C2A2E2CDF7E8A9AC86031CB46B3F0E5D0D6CFD993CDE66FA
926336632 37696 21981 7C20F6CF1A09EEE4F40FE6F70B0F070213E4AE0B9599CF6348B0EAC781225457
924953927 23846 27836 7C20F6CF1A09EEE4F40FE6F70B0F070213E4AE0B9599CF6348B0EAC781225457
929233963 3320 20503 7C20F6CF1A09EEE4F40FE6F70B0F070213E4AE0B9599CF6348B0EAC781225457
932294064 8743 40453 C4BF6E78CBC62E7E0AA2D956C632396CF1D59E0820FDDC53F5A402CA89480B3A
931473761 10180 42924 7C20F6CF1A09EEE4F40FE6F70B0F070213E4AE0B9599CF6348B0EAC781225457
930676052 29336 2209 7C20F6CF1A09EEE4F40FE6F70B0F070213E4AE0B9599CF6348B0EAC781225457
929879722 5788 13 10B88939FA24809281C0AF67168EACDB9CA3344A80C9C2577DDBA4323C95EDC9
932375294 48252 18346 7C20F6CF1A09EEE4F40FE6F70B0F070213E4AE0B9599CF6348B0EAC781225457
927051075 22246 9828 7C20F6CF1A09EEE4F40FE6F70B0F070213E4AE0B9599CF6348B0EAC781225457
932225335 36888 62787 7C20F6CF1A09EEE4F40FE6F70B0F070213E4AE0B9599CF6348B0EAC781225457
933865474 13596 3631 7C20F6CF1A09EEE4F40FE6F70B0F070213E4AE0B9599CF6348B0EAC781225457
929031712 20536 27675 7C20F6CF1A09EEE4F40FE6F70B0F070213E4AE0B9599CF6348B0EAC781225457

Total of 0 tasks calculated error.
