Total of 100 tasks calculated correctly, accuracy 100.00% 
9360968908 9367 21906 93E298DF9A27D1A4C711519238BFB9C69BE2F8972AA08E837CE4B4C0FCD77E6D
9362795870 7183 59789 08732B0BF79B3B9CAB06BC7ABB32F314EB79F4F8AA92DFD39287A698CD4C3D92
9365676779 40412 7156 7C20F6CF1A09EEE4F40FE6F70B0F070213E4AE0B9599CF6348B0EAC781225457
9366902426 13586 40719 7C20F6CF1A09EEE4F40FE6F70B0F070213E4AE0B9599CF6348B0EAC781225457
9364767457 21558 8347 7C20F6CF1A09EEE4F40FE6F70B0F070213E4AE0B9599CF6348B0EAC781225457
9362728908 41546 39532 7C20F6CF1A09EEE4F40FE6F70B0F070213E4AE0B9599CF6348B0EAC781225457
9366988312 36791 60726 0BBEF4FF316727DFEC685F3F4C31448FD7FAEBCB337DEAE4AF10AC47FD8CF192
9364956372 28346 17151 7C20F6CF1A09EEE4F40FE6F70B0F070213E4AE0B9599CF6348B0EAC781225457
9372068814 62439 38246 2AA3AECEBF36418E99F1515EA5DA988A2A38E5606381DEE4DF6D1EFE1D1002B7
9364006778 25427 15117 2FC673469198C78B37A29DDF205FED16A6BAAB59CB638C61048CFA903E2D6A4F
9368717386 54648 37337 7C20F6CF1A09EEE4F40FE6F70B0F070213E4AE0B9599CF6348B0EAC781225457
9368600258 30320 28212 7C20F6CF1A09EEE4F40FE6F70B0F070213E4AE0B9599CF6348B0EAC781225457
9363575244 61399 11711 462B6F1A8745B2080FA7B7D102D797413C80A555A2886B0FDF3C24A2FC70373E
9362273346 60825 61475 1304B80B35990E24FA16D7BF36CFC6A3E23F57DF3C95D393C87B58EA7F79329D
9367575223 59188 62729 7C20F6CF1A09EEE4F40FE6F70B0F070213E4AE0B9599CF6348B0EAC781225457
9361202965 50548 50712 7C20F6CF1A09EEE4F40FE6F70B0F070213E4AE0B9599CF6348B0EAC781225457
9363457543 38396 54762 7C20F6CF1A09EEE4F40FE6F70B0F070213E4AE0B9599CF6348B0EAC781225457
9361506285 50696 9001 7C20F6CF1A09EEE4F40FE6F70B0F070213E4AE0B9599CF6348B0EAC781225457
9366196546 1450 5714 7C20F6CF1A09EEE4F40FE6F70B0F070213E4AE0B9599CF6348B0EAC781225457
9369728780 47539 50053 EADA25CBC9523AF1349809692714DCCC3E1EF9CBF5D17F517F3B041B80CBA5C2
9363401280 26377 25817 A70B2D56A6DB7940572631AE8DC0168707CF87A02C03EEE33E1DB9A8117103D0
9362902023 2472 32082 7C20F6CF1A09EEE4F40FE6F70B0F070213E4AE0B9599CF6348B0EAC781225457
9371399383 32692 22937 7C20F6CF1A09EEE4F40FE6F70B0F070213E4AE0B9599CF6348B0EAC781225457
9368161625 12722 32863 7C20F6CF1A09EEE4F40FE6F70B0F070213E4AE0B9599CF6348B0EAC781225457
9361830651 14880 37058 7C20F6CF1A09EEE4F40FE6F70B0F070213E4AE0B9599CF6348B0EAC781225457
9370192608 20063 49547 F3CC15988B36BD85E237BEF60EF1E0281B708FCEB7DC59DCAC6C2733DB6844E1
9369370164 58969 17480 92D473237E346ACFB8120FEB83959105B01DBE0B1613F216CCE8071ECBBBC2A8
9367310560 31776 48045 7C20F6CF1A09EEE4F40FE6F70B0F070213E4AE0B9599CF6348B0EAC781225457
9368169640 47958 41372 7C20F6CF1A09EEE4F40FE6F70B0F070213E4AE0B9599CF6348B0EAC781225457
9363697316 26763 15368 D087F297715753DF6845CE7341AD902BC41436871B843E3D94662079288619F6
9363149039 34997 8239 5B1430B4F0CE76A31D4987EB3F893970D646B5FFF6AED7B6BAC5B4E142830C84
9365364790 60616 50869 7C20F6CF1A09EEE4F40FE6F70B0F070213E4AE0B9599CF6348B0EAC781225457
9365542570 10261 1292 40D84F9D38B67526EC5ADE0EC890F6DA0DA12648DCFD3813E09C2A67200ECAB3
9365710809 53574 47472 7C20F6CF1A09EEE4F40FE6F70B0F070213E4AE0B9599CF6348B0EAC781225457
9364136359 16626 578 7C20F6CF1A09EEE4F40FE6F70B0F070213E4AE0B9599CF6348B0EAC781225457
9370441353 26275 57246 24DFCA8B6EAD9C4FF228B87239C8F0AF9BDC9FCB1C99DB83FC2E8511A1A2CEAD
9362668171 48728 36053 7C20F6CF1A09EEE4F40FE6F70B0F070213E4AE0B9599CF6348B0EAC781225457
9364690271 37619 3336 C08EEBF2F7FB6E83D62847F0AF5D27B4077CCAB70A8456E1A5EB57E1E30684C3
9368715144 37221 27624 1E49B426468964ACD43AD16F955119F0B4091F8B9597FC358785A4D79CE5BC34
9360811222 7711 6784 D4FAD4B6DDA28CCE14CF329190129C55C1F8BE3D39AE4995AA99300E02CC19C8
9360946809 11165 21494 54A34810B8E25AE0B0B4CD2E2C01A4C9A9271DA6B29755CCFF84AF6AC5908F2F
9367474433 2869 13745 D6AF82896BF6DCB0A26CB89BCEB89D7BC3463FF92A62BDA3FA6B5839B9A59022
9368449356 26981 31253 7FC8F17FD7F3151446E8FA52F09C856FF43122E11886A118505E0F1B46F2E603
9366719093 13186 2992 7C20F6CF1A09EEE4F40FE6F70B0F070213E4AE0B9599CF6348B0EAC781225457
9369966725 28221 12243 2064E9570028C1D4322BBE7A800DF2B2E305B78F45107E54E1E781C42D8A76AF
9366115392 7773 54257 835188B07F7DA2F4F3519DBD43388E4AAC2E104E872F84D91C46F3FEFD25EDF5
9368359264 23931 45951 49A7EE6F9F4CAB1F1AFA2BF0D9004C02B975F02271E1ED894435DA3D8530A418
9371997632 35475 10811 6E3A5FC2E3956B6AD1CC1B1E92CB04B01B1EAEC46390C28B093F40A2762A6AD1
9364569016 27853 33432 BF7A1DA665FBE5B3A8FAA628D4553541A8662A5FF905EA6ABA4792F259B7BA0B
9366844576 64812 33438 7C20F6CF1A09EEE4F40FE6F70B0F070213E4AE0B9599CF6348B0EAC781225457
9369289400 63192 35990 7C20F6CF1A09EEE4F40FE6F70B0F070213E4AE0B9599CF6348B0EAC781225457
9369651295 48392 47810 7C20F6CF1A09EEE4F40FE6F70B0F070213E4AE0B9599CF6348B0EAC781225457
9363894689 55058 45373 7C20F6CF1A09EEE4F40FE6F70B0F070213E4AE0B9599CF6348B0EAC781225457
9363095123 21495 3511 8CFE5F33DC71D2D246427A8E25B94789A814DDF4A0946C2CAC5142B1C94245CF
9371407307 41196 38339 7C20F6CF1A09EEE4F40FE6F70B0F070213E4AE0B9599CF6348B0EAC781225457
9369344305 38155 60502 D0EC071E816C390D1C006506D27D6A72C3393E3E0285269D7860E8BD0D3D278A
9367239897 60634 46020 7C20F6CF1A09EEE4F40FE6F70B0F070213E4AE0B9599CF6348B0EAC781225457
9371680574 52492 22617 7C20F6CF1A09EEE4F40FE6F70B0F070213E4AE0B9599CF6348B0EAC781225457
9361887440 17541 38144 2E13552B3E10303723DEE00284ACDB9C6CC206868D1457C3EB01466A55A4EFEE
9367272111 57726 39779 7C20F6CF1A09EEE4F40FE6F70B0F070213E4AE0B9599CF6348B0EAC781225457
9360864750 45353 16359 62528970BE0C9A04810E555A2A2F8CE2DBCE65DF0CF7F19710A45884ECE7E2EE
9361490527 26965 49299 AFE6C1E14E3E330211B41EC2FE3086CC6269AE8CDD761D6141015C6D8B4B9390
9369483009 27261 30258 917C01344BCE090A85ACEDB067CE0AEAA9EB5E672353E52ED8B1C097BCBDE7E4
9370200401 35148 23908 7C20F6CF1A09EEE4F40FE6F70B0F070213E4AE0B9599CF6348B0EAC781225457
9367884303 42783 10511 4D3B07F849C0D4204CB7E88AFE18E78A14282AD5F53731D6C286C2C3EFF6A801
9361885012 47673 43545 788970D145238548339EF942C24805658855A823825EA44D883EDC116F91C9BC
9362802260 46586 24409 7C20F6CF1A09EEE4F40FE6F70B0F070213E4AE0B9599CF6348B0EAC781225457
9364351659 24133 22563 ECCE511E3CF492D7578036AABC85551371147A526E9C935E80A48991BA5883A7
9363425322 41586 11932 7C20F6CF1A09EEE4F40FE6F70B0F070213E4AE0B9599CF6348B0EAC781225457
9362832327 33393 64441 549E8B2F4648C03046C213DAAEDC5F5F8DED03DC797E784D867ABF435E335839
9370724467 23656 64348 7C20F6CF1A09EEE4F40FE6F70B0F070213E4AE0B9599CF6348B0EAC781225457
9361020504 49020 24472 7C20F6CF1A09EEE4F40FE6F70B0F070213E4AE0B9599CF6348B0EAC781225457
9360879064 37525 52811 B10B681FE6EFF783379402BA7059B06C60A57D4930D872ECE894CAB330CE0E96
9360904392 20141 32244 EBB9C9D1D142D43EB487BCDA20759D5F535137BDCDAFF17E108FF3A6D893C520
9367399782 17938 41151 7C20F6CF1A09EEE4F40FE6F70B0F070213E4AE0B9599CF6348B0EAC781225457
9364570359 58476 21840 7C20F6CF1A09EEE4F40FE6F70B0F070213E4AE0B9599CF6348B0EAC781225457
9362423610 56753 3498 7D4789FD811946A179C2C240A4CED3A91BA1429CDD9D6E79F8BBE6700C4C5EE7
9366341199 40105 43081 6C42269ADCAC3CC35C3073E4556813D8F01826A13B094BC2651AAB9ACD90025D
9367205286 9122 16529 7C20F6CF1A09EEE4F40FE6F70B0F070213E4AE0B9599CF6348B0EAC781225457
9370578778 62621 65299 65E3E7A3981434C79B96B0791E93E5C1613B436842166BB806EDD53EA3F99874
9370201514 17352 18233 7C20F6CF1A09EEE4F40FE6F70B0F070213E4AE0B9599CF6348B0EAC781225457
9366333967 34712 7808 7C20F6CF1A09EEE4F40FE6F70B0F070213E4AE0B9599CF6348B0EAC781225457
9366560237 27497 15277 2420FD1C8AC35408F51D1EFCD5C7FA531B54CEB570E88A93376DA01B6D043514
9363521730 55072 56940 7C20F6CF1A09EEE4F40FE6F70B0F070213E4AE0B9599CF6348B0EAC781225457
9369746439 44505 57562 D345F220F528365BED75957486BFE30B1B6FF60A2AEF5B731B12F13BB16EC894
9363882620 15471 49155 B1C7CAE7413E39C11AEE58D70B2285AFE8F8AB2F1A09CA1ECE8D38F88E8E1CFC
9362603915 31509 29030 5E2F99AAAD38B4D390409AD4650B02494237AB3B06DE72A27FBA6DDCED1E61B6
9366635526 5907 37057 FABF735593FDE7DA4E6E6A9E79B2993EFAAAF9B0F3CDD32A9E9BAC3800CD6F19
9362888790 33074 52475 7C20F6CF1A09EEE4F40FE6F70B0F070213E4AE0B9599CF6348B0EAC781225457
9364717095 26209 57069 DE5312FDF07A59CA851DE2BA1460BA5F63A821125700865AACEAE16D29E64829
9370158554 23264 37763 7C20F6CF1A09EEE4F40FE6F70B0F070213E4AE0B9599CF6348B0EAC781225457
9364354366 39371 32235 2F158A97A9E86A54407478997D1E5D9300F1C5384AAC7EEF26F19B08C4A57958
9362847709 29659 54794 5A44C258743A46647A412DC9215934EA7953790C865A765E585F871D1086F9B3
9361975851 60955 62148 11E8D5CF185DCF59C2631A4D945D31058480C74A5039848777E1544CE176FF52
9363595385 61772 16648 7C20F6CF1A09EEE4F40FE6F70B0F070213E4AE0B9599CF6348B0EAC781225457
9360773539 16046 52846 7C20F6CF1A09EEE4F40FE6F70B0F070213E4AE0B9599CF6348B0EAC781225457
9363604323 12552 1197 7C20F6CF1A09EEE4F40FE6F70B0F070213E4AE0B9599CF6348B0EAC781225457
9367049019 28806 45460 7C20F6CF1A09EEE4F40FE6F70B0F070213E4AE0B9599CF6348B0EAC781225457
9365207216 17645 14840 5DBFB2FB7C23EC1516DDCC2906F5324987C09F46C86D5AFA78BE3A032B158590
9369249840 10527 61288 58BA97D9AE4D4D472B5951BEB6916109A78E7D956DA3DF580267896428B1D130

Total of 0 tasks calculated error.
