Total of 100 tasks calculated correctly, accuracy 100.00% 
9379181183 38644 1654 7C20F6CF1A09EEE4F40FE6F70B0F070213E4AE0B9599CF6348B0EAC781225457
9374996781 44341 57314 7569CA7F4357419C96B5A6753198F0727A45231C7CBA39FCA6B1786283F2BF0A
9373648642 876 64243 7C20F6CF1A09EEE4F40FE6F70B0F070213E4AE0B9599CF6348B0EAC781225457
9381484683 17672 23479 7C20F6CF1A09EEE4F40FE6F70B0F070213E4AE0B9599CF6348B0EAC781225457
9375689658 14267 65212 FAA23FF706E946BA92E5340BBD758F1D3529B7A50D831AF49640E559BAAC7DCE
9381193531 29980 17415 7C20F6CF1A09EEE4F40FE6F70B0F070213E4AE0B9599CF6348B0EAC781225457
9373596185 14102 44389 7C20F6CF1A09EEE4F40FE6F70B0F070213E4AE0B9599CF6348B0EAC781225457
9379190578 1965 5357 480571C8935FA9F632E3470079E6CC832246B80B50E2864AD5574D071B496151
9381937767 31672 17998 7C20F6CF1A09EEE4F40FE6F70B0F070213E4AE0B9599CF6348B0EAC781225457
9382324303 55133 51109 8799F333550B2DF892237B1C8C8E3FCB6966A03E2468B65DAAF51251434F0E02
9384186156 45526 25649 7C20F6CF1A09EEE4F40FE6F70B0F070213E4AE0B9599CF6348B0EAC781225457
9376142476 13011 38836 F0BDDD3B0C20CD4B8AF954B03328D1F3350AC2AB80F463B447CFD178D7D53CEF
9373265623 6396 45325 7C20F6CF1A09EEE4F40FE6F70B0F070213E4AE0B9599CF6348B0EAC781225457
9379633976 34993 62766 105F9498C7939BB202DDAB200C4904901FBAFF30D14CEE7758C40F000C34145A
9384324932 11569 58173 A30B700DAF66500109E73CE9FC3CB5D2DB30811A190B942813D251A900D6274F
9375391101 36773 39264 B7E6E74569E2791E236DB92C37D9FFEBF154EB97C4CBEF6F6C96C92178665096
9373428133 27596 45520 7C20F6CF1A09EEE4F40FE6F70B0F070213E4AE0B9599CF6348B0EAC781225457
9378142528 53922 781 7C20F6CF1A09EEE4F40FE6F70B0F070213E4AE0B9599CF6348B0EAC781225457
9378166897 13361 51406 0C179989A683FF8E27536A6DC632E2C6741F640F133A8439461A7A3457CC109C
9381496763 26087 34397 5276F465F3A32EEF38D1CD4801685004C4F68966B65C1E56F6ECBF23785B801D
9374320133 46517 65492 19944FC73ACC2E236D1CC74BFE6EF12B3C0792E30F0BEF0F8314E34E8DE6AAA2
9376923912 61109 64842 5DF74A347D670CF9E758ECBB322C2C24B45EF3A39089750390D3DB5797F2D0BF
9376386058 35064 40807 7C20F6CF1A09EEE4F40FE6F70B0F070213E4AE0B9599CF6348B0EAC781225457
9380927544 41386 21823 7C20F6CF1A09EEE4F40FE6F70B0F070213E4AE0B9599CF6348B0EAC781225457
9381922116 46015 33098 90B67BEA512F3206C5D44379911476762BF33CB0605F02B81EE5DEF5AE067169
9373276900 33692 29219 7C20F6CF1A09EEE4F40FE6F70B0F070213E4AE0B9599CF6348B0EAC781225457
9377443334 31020 47218 7C20F6CF1A09EEE4F40FE6F70B0F070213E4AE0B9599CF6348B0EAC781225457
9381697518 53659 58878 EDE8166F7C61FB1DE72DD7C617FA893CA0057E8C5ACC789BB4DE9E046600E27C
9379862239 57378 20041 7C20F6CF1A09EEE4F40FE6F70B0F070213E4AE0B9599CF6348B0EAC781225457
9373886165 52792 35630 7C20F6CF1A09EEE4F40FE6F70B0F070213E4AE0B9599CF6348B0EAC781225457
9383859009 1044 37762 7C20F6CF1A09EEE4F40FE6F70B0F070213E4AE0B9599CF6348B0EAC781225457
9377311131 15828 56358 7C20F6CF1A09EEE4F40FE6F70B0F070213E4AE0B9599CF6348B0EAC781225457
9375888472 26182 34875 7C20F6CF1A09EEE4F40FE6F70B0F070213E4AE0B9599CF6348B0EAC781225457
9379632539 29048 7956 7C20F6CF1A09EEE4F40FE6F70B0F070213E4AE0B9599CF6348B0EAC781225457
9377335918 20147 51839 B138108C0F161DFE2FCB87B145AB94FEA8B45F2E159B86C4DBBFC2A2DE1F7DB5
9377468927 55837 3781 9D47F8F51E2E707BED253237E4DF64AC56FA47FEEE3FE776AAF385091EA6D7E4
9372743579 38757 44865 864460EB86D0D43C4E699D15683EF51BB07C793A4238907DE09BEF7BEF2E2CEA
9376830436 24327 24066 5A19F5437D1F04FB0C103C26ED79D501CD4ACFE237BA347064B36824487A9861
9381070890 19085 57791 96BE3B552CD002054EB3F27A93E77385207D2982A4C8365AE1C03DC019B4295D
9377162701 26410 2747 7C20F6CF1A09EEE4F40FE6F70B0F070213E4AE0B9599CF6348B0EAC781225457
9381708326 21825 57359 33F7E12E7C15B7A68B4D3D06667170EEC750CE07867ABC38742A988CFD52C120
9383809687 41302 55331 7C20F6CF1A09EEE4F40FE6F70B0F070213E4AE0B9599CF6348B0EAC781225457
9378859018 2065 49137 814952048DE9A77E9BC0C963421DAC0F9E99547770213275668FA51E455DDDE6
9374142966 26182 31011 7C20F6CF1A09EEE4F40FE6F70B0F070213E4AE0B9599CF6348B0EAC781225457
9379169855 50778 6208 7C20F6CF1A09EEE4F40FE6F70B0F070213E4AE0B9599CF6348B0EAC781225457
9372744973 1306 28444 7C20F6CF1A09EEE4F40FE6F70B0F070213E4AE0B9599CF6348B0EAC781225457
9378558266 50741 42857 856AACCF7F46D7B35109B3E4DB1C9836CFDEA323BCCFECE94C406ED3EBF5E9B5
9372424612 8813 64644 8E13D26D5A2A5BF029CE046BE5656D231A93FA023FD591488532CBD875BB7A05
9382854862 50397 51188 D8A70073F9F6415C0742C2EB135D779EFC51B071186D7FE7EDA25DF24F4D0836
9372696282 30255 24081 25B8C49ADC38CE7CB5FCB60459DDC6ED1AE322D5F46F9478D693BDEE8FF7A7BD
9375563787 8880 54283 7C20F6CF1A09EEE4F40FE6F70B0F070213E4AE0B9599CF6348B0EAC781225457
9384326449 9979 4777 B25B40220A57CE2D2D4B82E7CCDF3E113D0468BA40FB587FA5C863219866D0AC
9381090639 11317 64807 DDBD00B8B9C1A6B967E83692367A75DDDFAE8D436D200A78D7E17A6A40F38563
9374235196 60916 62272 7C20F6CF1A09EEE4F40FE6F70B0F070213E4AE0B9599CF6348B0EAC781225457
9380334698 6688 21006 7C20F6CF1A09EEE4F40FE6F70B0F070213E4AE0B9599CF6348B0EAC781225457
9379968393 1357 2299 BB2884D88634B375D7CC7738CEB508DB37C0F689D5129E972D1DBB5EBF868082
9380289554 38911 51269 5F2A43095CFB080D891C599F442B8016FC21C5D89A211F71049896FC6ADA0392
9374128970 56076 6160 7C20F6CF1A09EEE4F40FE6F70B0F070213E4AE0B9599CF6348B0EAC781225457
9372915276 51987 48821 6DB3000F3B6A7D8F6A3D7C94844D0ED6B2337CF5A1A1A3FF6E9AD1103B250E73
9379162040 10785 57390 9F174FA079E8866D5B8F9F009AD002B727B3E4AF494D0D17F970023EA16476A2
9376703282 51713 3116 9BECB2094D24A45D8374EA9F2F8DDBB36D1FE55EB5CFAB99C54EBC115AD480FE
9379942113 10958 30360 7C20F6CF1A09EEE4F40FE6F70B0F070213E4AE0B9599CF6348B0EAC781225457
9378937969 16311 25272 70D539C985CEECBE127464BA0CDA75E8D52788BE1266F87DF42BB602B62FBDF4
9374684001 48287 47345 6D1B21577D1B4F02F05338DB9024A3B3E5A1418D39B34B3050F7E4E438525297
9375140412 27786 11204 7C20F6CF1A09EEE4F40FE6F70B0F070213E4AE0B9599CF6348B0EAC781225457
9379862142 47008 41997 7C20F6CF1A09EEE4F40FE6F70B0F070213E4AE0B9599CF6348B0EAC781225457
9378115551 23054 22851 7C20F6CF1A09EEE4F40FE6F70B0F070213E4AE0B9599CF6348B0EAC781225457
9377825235 64928 60118 7C20F6CF1A09EEE4F40FE6F70B0F070213E4AE0B9599CF6348B0EAC781225457
9381467262 13051 30020 BAE8521E32677A011C443BBCCE9FF7BFF4222836344A08378BF36DB712D6334C
9383429333 41944 4947 7C20F6CF1A09EEE4F40FE6F70B0F070213E4AE0B9599CF6348B0EAC781225457
9384089840 40420 44554 7C20F6CF1A09EEE4F40FE6F70B0F070213E4AE0B9599CF6348B0EAC781225457
9375741320 61478 38021 7C20F6CF1A09EEE4F40FE6F70B0F070213E4AE0B9599CF6348B0EAC781225457
9381402685 53410 22992 7C20F6CF1A09EEE4F40FE6F70B0F070213E4AE0B9599CF6348B0EAC781225457
9378080667 57964 16104 7C20F6CF1A09EEE4F40FE6F70B0F070213E4AE0B9599CF6348B0EAC781225457
9372824187 8623 33408 4B6955A7AC0F3EB93F38D8C3D87A4C22910F5F6D10332C178C36F685DF31EA20
9374269598 38334 38082 7C20F6CF1A09EEE4F40FE6F70B0F070213E4AE0B9599CF6348B0EAC781225457
9379681466 48251 28475 A43306610DC07BEAE7E08FE7B36C557FC9D294CF8E9F5D297FBC72E5A71C1A45
9373193026 12246 22239 7C20F6CF1A09EEE4F40FE6F70B0F070213E4AE0B9599CF6348B0EAC781225457
9383712908 21912 56980 7C20F6CF1A09EEE4F40FE6F70B0F070213E4AE0B9599CF6348B0EAC781225457
9380486056 62329 29204 89EE1149FDBFE65DAE884DBABD784E749AD3C41DAA0A42602CE073A134ED8465
9374732781 52701 34937 AE926E4DC2B35C3FD6F3B3BCFDA1A393F98E1392064A9A7386A651871FD5A0B3
9374271374 10926 12383 7C20F6CF1A09EEE4F40FE6F70B0F070213E4AE0B9599CF6348B0EAC781225457
9381708934 1335 53545 A9514A4BC35F63C987BFE4FF014B1BA6F104A0456FDB87D148EDBA0FE97F55F4
9377495940 46401 62521 C0D6EEDDF0FE9125C32BD12CC783A6490356B409207DEBCA8C8AF6CF87F4E498
9383435214 49660 8758 7C20F6CF1A09EEE4F40FE6F70B0F070213E4AE0B9599CF6348B0EAC781225457
9376440003 34100 11158 7C20F6CF1A09EEE4F40FE6F70B0F070213E4AE0B9599CF6348B0EAC781225457
9381171957 44653 9127 5C99B576E3581A7F2F164B2C6C2A7D0493F72B22244B3C24C689BE930C97275A
9380059373 14328 12944 7C20F6CF1A09EEE4F40FE6F70B0F070213E4AE0B9599CF6348B0EAC781225457
9376017870 29925 26707 8B551B9AC3E77ABEB914EECA5A1AF743A4EB7C93C17A816F46A033CE6ED26BFC
9378985911 52850 26034 7C20F6CF1A09EEE4F40FE6F70B0F070213E4AE0B9599CF6348B0EAC781225457
9378625894 55947 30222 FCF73F7A09C3FB678FD1A042062ACB87F9260B849BA60E2C2DDC7A0F03C206B5
9380468104 16701 31817 2205DBB397CF2731AE03A92E41A540D33916A178F475AD329CCFFB16D8345491
9379611219 63473 27331 DE139A1103694B3FA56F1E9C409C6B655C9B036C7F838CE15D1E50DCB1CD8E36
9384140965 1043 37424 D3800009D22BD7502E5C09183E262CE9DF038421CCC071CA350FAF1AD848F90B
9383116460 12071 37275 A601232DC1DC630217C469960E7F69A43F62F406D32B628A00B7EFB9E34B08DA
9378355530 10959 46312 8595FF94A4EE53D3B8922E4B26AA1EEA4B4EAA2AC6BE37C3ED41A1D0597498E4
9377525749 53730 31963 7C20F6CF1A09EEE4F40FE6F70B0F070213E4AE0B9599CF6348B0EAC781225457
9379466413 22178 12717 7C20F6CF1A09EEE4F40FE6F70B0F070213E4AE0B9599CF6348B0EAC781225457
9381714279 58345 26646 8CEF7A683C3EE9414F50DFA9711203542BC041AB73EA7DEA53E9425C8BCA4A56
9383523257 43461 26326 08E7D215560B0AFA9D61BC28FBACE950836D50884D1B91C7849D5739E2C6F748

Total of 0 tasks calculated error.
