Total of 100 tasks calculated correctly, accuracy 100.00% 
9404714366 37704 54220 7C20F6CF1A09EEE4F40FE6F70B0F070213E4AE0B9599CF6348B0EAC781225457
9398372197 2390 49930 7C20F6CF1A09EEE4F40FE6F70B0F070213E4AE0B9599CF6348B0EAC781225457
9396782495 51719 63364 BB0CAEB47A71ACCC655BB3AB01096FBA757CE82CABB601AEB58977808D33492E
9397080914 24921 65240 F9BBF3173A15389BDAED1FCBD0523FF5F9F5C1F9455E075A095BA200DDC3AE5C
9407204153 30577 26180 3C7C09DBC3965AEFDE44D426C6519B222DB671BF2E43964F8A826224FF57F27B
9406646710 4417 33535 65ADBCEB8D62E619448D17001EF931B95C0B2396BE16B06FA51ADAF43CD6B7AD
9403465743 33744 5262 7C20F6CF1A09EEE4F40FE6F70B0F070213E4AE0B9599CF6348B0EAC781225457
9400007981 18089 20852 9B88B7A36AB445FA06624BC9F818A3D1443924D628E003F7DEEF87BD417BBFE8
9400653191 15232 19315 7C20F6CF1A09EEE4F40FE6F70B0F070213E4AE0B9599CF6348B0EAC781225457
9401005671 16836 22145 7C20F6CF1A09EEE4F40FE6F70B0F070213E4AE0B9599CF6348B0EAC781225457
9407036814 59173 35461 2ECCC7156096D028B2AFFE72CF74AAF8E688DCC236A86E08E7D5183DCD3B7139
9407598227 14640 5523 7C20F6CF1A09EEE4F40FE6F70B0F070213E4AE0B9599CF6348B0EAC781225457
9402391082 29252 53787 7C20F6CF1A09EEE4F40FE6F70B0F070213E4AE0B9599CF6348B0EAC781225457
9406087283 11928 33858 7C20F6CF1A09EEE4F40FE6F70B0F070213E4AE0B9599CF6348B0EAC781225457
9405822132 29021 17775 B12835AD6F78235F5DAB5E0FBD3AF260FA48E83A6CA13E553CB698A12016528D
9401823714 46859 56545 BB07C3E96C9D9C4A63C7958286678D901C3DDB627F450415D574BF2DFBC07D16
9400159222 54933 26925 A484079FBE731F6624F4623574C425D274D60531A410EC16ACEA096B771F8BBA
9403752711 24204 39093 7C20F6CF1A09EEE4F40FE6F70B0F070213E4AE0B9599CF6348B0EAC781225457
9399379149 10338 64152 7C20F6CF1A09EEE4F40FE6F70B0F070213E4AE0B9599CF6348B0EAC781225457
9398714357 47893 40391 9BF07D6E2F55344E0C057124F00515D54BE41AADC73A5E439614A0F83501B855
9404774315 14344 60888 7C20F6CF1A09EEE4F40FE6F70B0F070213E4AE0B9599CF6348B0EAC781225457
9402946414 5725 2756 285FE5BF9588DB7D88FDB8563EAED1797C91D96BB2432B4C51237E2ED864D6A0
9400415595 1426 28611 7C20F6CF1A09EEE4F40FE6F70B0F070213E4AE0B9599CF6348B0EAC781225457
9403015144 49318 10043 7C20F6CF1A09EEE4F40FE6F70B0F070213E4AE0B9599CF6348B0EAC781225457
9404004356 16160 32118 7C20F6CF1A09EEE4F40FE6F70B0F070213E4AE0B9599CF6348B0EAC781225457
9404088451 42018 21559 7C20F6CF1A09EEE4F40FE6F70B0F070213E4AE0B9599CF6348B0EAC781225457
9400246176 21372 24992 7C20F6CF1A09EEE4F40FE6F70B0F070213E4AE0B9599CF6348B0EAC781225457
9401044830 60951 47656 564D68851A3477FD0E87A0DE2FF07D5023D4F640BFF0E855F163095A1E349DEA
9401786057 878 32012 7C20F6CF1A09EEE4F40FE6F70B0F070213E4AE0B9599CF6348B0EAC781225457
9404487046 43698 23078 7C20F6CF1A09EEE4F40FE6F70B0F070213E4AE0B9599CF6348B0EAC781225457
9397760865 43956 28435 7C20F6CF1A09EEE4F40FE6F70B0F070213E4AE0B9599CF6348B0EAC781225457
9401020536 2196 53048 7C20F6CF1A09EEE4F40FE6F70B0F070213E4AE0B9599CF6348B0EAC781225457
9407165275 19502 391 7C20F6CF1A09EEE4F40FE6F70B0F070213E4AE0B9599CF6348B0EAC781225457
9399272109 38334 51547 7C20F6CF1A09EEE4F40FE6F70B0F070213E4AE0B9599CF6348B0EAC781225457
9396620295 19540 56438 7C20F6CF1A09EEE4F40FE6F70B0F070213E4AE0B9599CF6348B0EAC781225457
9402009214 19189 43145 3EA188DB33956BAB3100C188DA18EA7E56A253F428D91E9858F1FCCCA6B44AF2
9398739978 60244 55408 7C20F6CF1A09EEE4F40FE6F70B0F070213E4AE0B9599CF6348B0EAC781225457
9405422271 9231 12025 53F8BF4E1F9AA76B4B3F0A8A52022ABF14882E11FDD8ECE5CDFD0019D739E181
9406284125 2762 37087 7C20F6CF1A09EEE4F40FE6F70B0F070213E4AE0B9599CF6348B0EAC781225457
9398006356 64277 10405 3715265A67B02249034B2D6D2EAA8E1A58C025489B11FFC85DDCC0F59A603386
9396997108 34412 9522 7C20F6CF1A09EEE4F40FE6F70B0F070213E4AE0B9599CF6348B0EAC781225457
9403077368 52390 19449 7C20F6CF1A09EEE4F40FE6F70B0F070213E4AE0B9599CF6348B0EAC781225457
9400944406 5748 7768 7C20F6CF1A09EEE4F40FE6F70B0F070213E4AE0B9599CF6348B0EAC781225457
9403494038 45904 17361 7C20F6CF1A09EEE4F40FE6F70B0F070213E4AE0B9599CF6348B0EAC781225457
9398578626 30208 40707 7C20F6CF1A09EEE4F40FE6F70B0F070213E4AE0B9599CF6348B0EAC781225457
9402157986 40094 53614 7C20F6CF1A09EEE4F40FE6F70B0F070213E4AE0B9599CF6348B0EAC781225457
9404669760 26211 49023 310D339DFA152FDED42ADB353E9D0FA97F8DF00E3BA64CAF9DE5CB15956AD277
9407283322 14739 31263 5E1DF238C19F113A06E99FBA9A473C316CA1DCAC72565BB5D26306B7ED3ADF54
9404251003 31249 6210 9AC96EBE2CE52FD683B8391858608F61C561E9912DBC91EA7F7A3139E3595D91
9405750951 3852 36955 7C20F6CF1A09EEE4F40FE6F70B0F070213E4AE0B9599CF6348B0EAC781225457
9398492610 18053 60946 E2FBAA17B914D415D98A4B6994346ABB2D21B21503CFE290390AA8163F00093A
9406801870 43314 5597 7C20F6CF1A09EEE4F40FE6F70B0F070213E4AE0B9599CF6348B0EAC781225457
9397341039 9873 37493 3030438AD107312FB5A842C29E22236581B4F1540EEF7F7755A9B8C1BF92A9A2
9398440030 45704 14110 7C20F6CF1A09EEE4F40FE6F70B0F070213E4AE0B9599CF6348B0EAC781225457
9401028623 8392 58682 7C20F6CF1A09EEE4F40FE6F70B0F070213E4AE0B9599CF6348B0EAC781225457
9405026592 38631 12719 2892689ADD38379FEF4C0C3F8539013C26F74456A44BF93E59F87EC25144272F
9402572241 63547 41618 848E0BB2F794E8ED678D2CEED7788249F82785D16259DAF99A12CAB4596C33F3
9408155628 60279 5331 9A448A0749AC67F2BFF61E0EF274F65B0E3F2F8DEB9A4733794C535E4F5D8B07
9403622844 42525 797 3D4B2A8B7CC980B9F0BAE6C9809DE77D6EBC1F9919857E73C8D6F04BB4C1D130
9400415774 37877 44627 BAFF9E05E1216A51732AEB916AC8F3E70A0811FF684FE111A8AB2B8C9EB01E52
9404695843 59262 2108 7C20F6CF1A09EEE4F40FE6F70B0F070213E4AE0B9599CF6348B0EAC781225457
9403490243 64433 54589 734D4E71BFDCB4916B67AF2B3A7386663091EA614F591808F9B083FE334FFBEE
9403943408 10582 60420 7C20F6CF1A09EEE4F40FE6F70B0F070213E4AE0B9599CF6348B0EAC781225457
9401444183 14093 24301 ED38EA1DFD2432369270AD3DFC65A719463AE32E5FDCC771B7F9A35496592230
9400237447 63975 2254 6373CADDE01A208D19391395F749499E1E2D7F8AB2045835C38BB39309512573
9399144609 62759 16819 25FA053A6365B47B5EAA7316FC1404C854548B35CFA49D71C5309CBEAE2247F2
9398631537 41046 23888 7C20F6CF1A09EEE4F40FE6F70B0F070213E4AE0B9599CF6348B0EAC781225457
9402124383 52406 29885 7C20F6CF1A09EEE4F40FE6F70B0F070213E4AE0B9599CF6348B0EAC781225457
9403929246 47888 3640 7C20F6CF1A09EEE4F40FE6F70B0F070213E4AE0B9599CF6348B0EAC781225457
9406871955 55414 62060 7C20F6CF1A09EEE4F40FE6F70B0F070213E4AE0B9599CF6348B0EAC781225457
9399279380 59329 49064 3BCC492B26074FBEBC78D8EA437FBB58BFFA22A99D07FA3EB0C3A52BDA1DDF4B
9399012994 2970 51487 7C20F6CF1A09EEE4F40FE6F70B0F070213E4AE0B9599CF6348B0EAC781225457
9402458982 12043 18404 703F9AD66C13BF77BF54E65DCC5E4820B0A6672EB081D78DD7B082E45618C84A
9405315803 11682 62038 7C20F6CF1A09EEE4F40FE6F70B0F070213E4AE0B9599CF6348B0EAC781225457
9399553681 57745 19741 B03435E14205F3E61EDD98B1544864AE03CE9F155FD8F749B59662096BB1586A
9405753730 31549 60900 87FC43903295024ACED07276C7DF56B5D497DC1AFA23AEB1B90399FA2104DBB4
9405148977 57517 46757 50A39436208A285C30FB259AD1AEC15EE3838B3CF771082C2759F707A298DF5A
9399536973 30435 29601 6A16E30E710B6F0258DD2FB0CF873E38497A6EFFAF25415250A98E0F20EE97C5
9405012489 15265 19204 468613E7594519979AD326934F2EA68D502CBDDAE3665BF38A3D35C2DAD63A3E
9399913318 38471 26755 8884F0AD8E7202A9BF5990ED19ECD42F6CE3149ACB31FA6328831A411C74802E
9403961699 21916 7020 7C20F6CF1A09EEE4F40FE6F70B0F070213E4AE0B9599CF6348B0EAC781225457
9401798038 1865 14526 8FAED015DE7905AE9FDC1E6119356C24E1F158CA3D6316CF1E6879ABE40E9746
9405211181 37582 24781 7C20F6CF1A09EEE4F40FE6F70B0F070213E4AE0B9599CF6348B0EAC781225457
9403421582 65423 28528 1B1C508DBBAA44907049AED9594F8AF192B73069C4A5B5DC5D6BF5809CB4D6DA
9397237696 54198 32326 7C20F6CF1A09EEE4F40FE6F70B0F070213E4AE0B9599CF6348B0EAC781225457
9407814511 3949 30323 B77DE1EADC9A76AB00810FB9FAF7518A3795148A754EF9FF5DD0D30B86C3378A
9401959120 57346 32316 7C20F6CF1A09EEE4F40FE6F70B0F070213E4AE0B9599CF6348B0EAC781225457
9398289424 61370 50258 7C20F6CF1A09EEE4F40FE6F70B0F070213E4AE0B9599CF6348B0EAC781225457
9401961575 4496 36171 7C20F6CF1A09EEE4F40FE6F70B0F070213E4AE0B9599CF6348B0EAC781225457
9400375963 29036 59153 7C20F6CF1A09EEE4F40FE6F70B0F070213E4AE0B9599CF6348B0EAC781225457
9406930280 15848 29675 7C20F6CF1A09EEE4F40FE6F70B0F070213E4AE0B9599CF6348B0EAC781225457
9403518972 35 26488 0402932EAC1D6CA5D8DC196462496591E0891CD254ABE02CFE1961AAC81B5280
9400362305 28451 49657 A140A4E1DB5D32DB8DC968ACA1FD0DB4F3DA459D1B2A7F63E0798BF276A05551
9397133534 28298 35227 7C20F6CF1A09EEE4F40FE6F70B0F070213E4AE0B9599CF6348B0EAC781225457
9399935508 16323 28020 766735A40F242855EE62F87AF749057A7E647C9A5C3FC657EBE7018C6EEEF030
9406499697 37262 50351 7C20F6CF1A09EEE4F40FE6F70B0F070213E4AE0B9599CF6348B0EAC781225457
9407053740 45673 22089 FF5213075B60B60F180826B7E53519ED842257E09B857B434700C8A959857E27
9401755311 15785 1653 719C670DE8A3182E10517C8759A62A241025050F89B73AA35416AD0682D8C328
9405148579 14206 1489 7C20F6CF1A09EEE4F40FE6F70B0F070213E4AE0B9599CF6348B0EAC781225457
9402919072 23369 32610 FCB79ECE71AAD9596E748BA8E205EEA56D068332CF1B1B52BCEF3D10FE431503

Total of 0 tasks calculated error.
