Total of 100 tasks calculated correctly, accuracy 100.00% 
9444160140 49244 14987 7C20F6CF1A09EEE4F40FE6F70B0F070213E4AE0B9599CF6348B0EAC781225457
9436160398 19271 29780 4D4D335032D586B5B281728A61AAC0559807B950EC072F60ED6F9ECE18D27271
9443661976 56179 36334 9F0C5363A3EDBFBC09DB97CA91B478C52B3C5C662E320CEDA0C0BEE3B63DB76E
9443052417 38992 7429 7C20F6CF1A09EEE4F40FE6F70B0F070213E4AE0B9599CF6348B0EAC781225457
9439400074 58413 1853 2CEE1D95ECD8D6D2E8B9A2F5BD559C83BE940F01F1F83D05581DB84496D37A08
9441782784 55644 25432 7C20F6CF1A09EEE4F40FE6F70B0F070213E4AE0B9599CF6348B0EAC781225457
9437475782 41726 56878 7C20F6CF1A09EEE4F40FE6F70B0F070213E4AE0B9599CF6348B0EAC781225457
9440385104 19716 49881 7C20F6CF1A09EEE4F40FE6F70B0F070213E4AE0B9599CF6348B0EAC781225457
9436632948 14642 53795 7C20F6CF1A09EEE4F40FE6F70B0F070213E4AE0B9599CF6348B0EAC781225457
9438888102 29212 24766 7C20F6CF1A09EEE4F40FE6F70B0F070213E4AE0B9599CF6348B0EAC781225457
9435929238 37872 8438 7C20F6CF1A09EEE4F40FE6F70B0F070213E4AE0B9599CF6348B0EAC781225457
9432953770 40386 54863 7C20F6CF1A09EEE4F40FE6F70B0F070213E4AE0B9599CF6348B0EAC781225457
9435434134 8747 47043 2C17D50F3C68C8190EBCF603CBEB586E58533DF664123AC9F0F8209E1F5FB16F
9442747292 25823 8636 97EBAB1D0844A9759A798A79A29700CB1893AFA38845186674CC5A1A0BE7905B
9443873653 54370 6372 7C20F6CF1A09EEE4F40FE6F70B0F070213E4AE0B9599CF6348B0EAC781225457
9437115568 34212 63239 7C20F6CF1A09EEE4F40FE6F70B0F070213E4AE0B9599CF6348B0EAC781225457
9434455986 36258 39280 7C20F6CF1A09EEE4F40FE6F70B0F070213E4AE0B9599CF6348B0EAC781225457
9443181223 40265 19742 258F4B44A6B29562F1CD8848DEE542FF9F4868F63A69D84B795224148E1C4609
9442846506 55382 11969 7C20F6CF1A09EEE4F40FE6F70B0F070213E4AE0B9599CF6348B0EAC781225457
9444283909 25708 65051 7C20F6CF1A09EEE4F40FE6F70B0F070213E4AE0B9599CF6348B0EAC781225457
9440448405 56169 18565 7F5FE11A8D0B62E6808BA4C66FE6D0BC1C4858F28DF9D225D9794CF0EE25D5C8
9437072249 5070 40126 7C20F6CF1A09EEE4F40FE6F70B0F070213E4AE0B9599CF6348B0EAC781225457
9439734471 616 38582 7C20F6CF1A09EEE4F40FE6F70B0F070213E4AE0B9599CF6348B0EAC781225457
9439114619 63270 49030 7C20F6CF1A09EEE4F40FE6F70B0F070213E4AE0B9599CF6348B0EAC781225457
9438108430 11132 54142 7C20F6CF1A09EEE4F40FE6F70B0F070213E4AE0B9599CF6348B0EAC781225457
9438446858 7469 15661 F6874AA85EA621C2B31C71453C3D96BEE62BD58CB4FF374D3B7611845416E33B
9437127256 31598 6041 7C20F6CF1A09EEE4F40FE6F70B0F070213E4AE0B9599CF6348B0EAC781225457
9439536429 1791 4749 109602C535CA8104A60059914087152793F2746DDD7903F057ECC4627461D34F
9440938356 38250 15284 7C20F6CF1A09EEE4F40FE6F70B0F070213E4AE0B9599CF6348B0EAC781225457
9441403208 39702 11661 7C20F6CF1A09EEE4F40FE6F70B0F070213E4AE0B9599CF6348B0EAC781225457
9438151244 34307 52892 4D573ABF6A3185D7E8DCAF16661C657645524A67EE74480733A8870C939A1052
9443041787 35610 26424 7C20F6CF1A09EEE4F40FE6F70B0F070213E4AE0B9599CF6348B0EAC781225457
9444264947 48767 1636 7DDDB5260F2A4029187D2D779CBE1960FD389B4233769BD1E9E39E071EA2521F
9439712597 45297 21172 A72CFE9E66B33B448D03C4D5001E00229399539521200F9754B7E8F9AE005031
9436196593 20273 9053 D6142A7A9166B36CCE6A84F06BA904F773F7EE5B45B378A1F15334CD45A24D95
9440280687 7319 46188 346928CBEA6074709D1B0EAFE9A2359D7F92992103036E8DA65BB157923A77A3
9441022423 22122 22369 7C20F6CF1A09EEE4F40FE6F70B0F070213E4AE0B9599CF6348B0EAC781225457
9437419587 29757 60015 27AEC498726870BFCF38CF239ADBCD22A18416EFA0856852EE70B10391C4CA38
9437855796 24398 9887 7C20F6CF1A09EEE4F40FE6F70B0F070213E4AE0B9599CF6348B0EAC781225457
9441637763 52798 21567 7C20F6CF1A09EEE4F40FE6F70B0F070213E4AE0B9599CF6348B0EAC781225457
9437719310 31031 29690 D9C08D1999334899C1DBA2B25E458599D497F2CE44D037A8EA78E1B0BBAEF705
9432820399 56255 59614 7B3EDBCB8794EBA90A5C84F4C6890C360A786CC63B61E5EE4C3EA7E2593FE7FB
9434651690 26251 1861 4786826A7759869FD2E37CF6A996437DA71638D3413CE0BC488D7C8FF781438A
9439654021 11249 59342 8C42E178F65FA1DD6D2584F3ACE2D79B7813D4A706AEAC4EDB0DC9CF940202AD
9438868741 33637 43530 53DC6DC2ED900A357EAF5D7FCA45DBEB44FF070BEAFAF77C7366B380FD29E229
9441834816 20622 48462 7C20F6CF1A09EEE4F40FE6F70B0F070213E4AE0B9599CF6348B0EAC781225457
9434410121 26965 12005 291BACC954543AA3D7C662E487F5D95DB0BA2FB7B3FAAA63C55EB8ACD444B03E
9439731050 31130 16234 7C20F6CF1A09EEE4F40FE6F70B0F070213E4AE0B9599CF6348B0EAC781225457
9436394310 52312 42234 7C20F6CF1A09EEE4F40FE6F70B0F070213E4AE0B9599CF6348B0EAC781225457
9442930526 53987 10616 E086CED056F7EB5C4EE88C00CFB52CDF416280A8DE9278364C405F39147A9EC4
9440576722 23635 40972 EB6FC4C58F96681B3FCCE43F26F31A44F9A5FBB476F5F7A45C2A2EFFC725362E
9437582892 47061 12917 84207D9C8F55366FB3AD57AE23413C2D6D3EAA328A141B5B3619534AF0548DAC
9438858284 38229 50491 D5FC79AF07D6EA98C8E2A882AF6D10081BC3FFFB4BAB6677718C8837E71ADCD0
9438526022 43435 55698 5559ACFD45B6D0E8A451ABD5FC0724B2BB53F2EF0B0DB22B9162C78951AC098B
9438408917 42423 23063 5CE0746B6D06FABEB492DA2E20A5D24EAE50AF9AB96F99B359BF77CBD04BC5F6
9436328651 28993 9353 246CEA2757F8ED22D45BB908BBAE8D68C35912482EC7B36EB6F88E94683B6560
9435135558 39441 48458 67A32CE5B688F12AF7CEB5F3678307F778D9AE1F0933DFC2943E70B925483D95
9436204366 8735 9874 C83127B5142C7FA95B972950DFB3FCE6882E600B72ACB44523F7BF978900A872
9441121334 27248 37171 7C20F6CF1A09EEE4F40FE6F70B0F070213E4AE0B9599CF6348B0EAC781225457
9435907486 37746 17041 7C20F6CF1A09EEE4F40FE6F70B0F070213E4AE0B9599CF6348B0EAC781225457
9434294952 49147 22722 F73173170E9CBE097E7779FCBFC5B9DCC6109BAA56AF81C357B93D9D5D2A00CE
9433019459 7075 58965 A68B641C50DA396E9E787C052395448BF82F96C9F49AD8802F4F390E007F7591
9433442246 54427 25973 56A99E436E90D47A09DF8FE4A27BDDAFF50FD0B44D1913E5722423363B3A7C4D
9435558522 27936 34973 7C20F6CF1A09EEE4F40FE6F70B0F070213E4AE0B9599CF6348B0EAC781225457
9441842383 8257 24221 9B3AF5CF108314DFAFEBFBDDCF307273614A1C39023BF14049CE0608486B7125
9437450162 52272 52947 7C20F6CF1A09EEE4F40FE6F70B0F070213E4AE0B9599CF6348B0EAC781225457
9437219886 49088 61166 7C20F6CF1A09EEE4F40FE6F70B0F070213E4AE0B9599CF6348B0EAC781225457
9433122403 59110 65400 7C20F6CF1A09EEE4F40FE6F70B0F070213E4AE0B9599CF6348B0EAC781225457
9444064105 15798 4467 7C20F6CF1A09EEE4F40FE6F70B0F070213E4AE0B9599CF6348B0EAC781225457
9434032394 53645 35069 17D9E37662C46A6BD903458624C392D0762E37F91728AE244F5EC513181F07F3
9444125754 13552 792 7C20F6CF1A09EEE4F40FE6F70B0F070213E4AE0B9599CF6348B0EAC781225457
9441415987 55861 6434 F5092C7DF4B4EB8D1DE726B302948E2F92070B4029F020F90E11C8AA826D23CE
9438829203 65416 27338 7C20F6CF1A09EEE4F40FE6F70B0F070213E4AE0B9599CF6348B0EAC781225457
9433879069 10231 18621 446A98E37D296114BD2DF9E945ECFA751B122680147B3919BEDAED01FDB4328E
9438117394 24484 41651 7C20F6CF1A09EEE4F40FE6F70B0F070213E4AE0B9599CF6348B0EAC781225457
9434149933 47152 56060 7C20F6CF1A09EEE4F40FE6F70B0F070213E4AE0B9599CF6348B0EAC781225457
9440286534 40188 60688 7C20F6CF1A09EEE4F40FE6F70B0F070213E4AE0B9599CF6348B0EAC781225457
9441320025 20776 54901 7C20F6CF1A09EEE4F40FE6F70B0F070213E4AE0B9599CF6348B0EAC781225457
9434846351 57976 49090 7C20F6CF1A09EEE4F40FE6F70B0F070213E4AE0B9599CF6348B0EAC781225457
9442853457 63085 2245 980C5B705E981A1866750075346509B4ACCD9DE24352CDABA936AB0ACE2AAB93
9434119538 56872 20250 7C20F6CF1A09EEE4F40FE6F70B0F070213E4AE0B9599CF6348B0EAC781225457
9436885614 4164 8594 7C20F6CF1A09EEE4F40FE6F70B0F070213E4AE0B9599CF6348B0EAC781225457
9439862600 62530 15337 7C20F6CF1A09EEE4F40FE6F70B0F070213E4AE0B9599CF6348B0EAC781225457
9434950483 18619 35553 87A96BF7C0A929517EE2988A62EB1A1BD6B0BA9E89E48609A639DF11AFF187D8
9443315332 30276 7785 7C20F6CF1A09EEE4F40FE6F70B0F070213E4AE0B9599CF6348B0EAC781225457
9435286088 11854 10068 7C20F6CF1A09EEE4F40FE6F70B0F070213E4AE0B9599CF6348B0EAC781225457
9437577210 33130 5563 7C20F6CF1A09EEE4F40FE6F70B0F070213E4AE0B9599CF6348B0EAC781225457
9438006421 8447 39816 6883AD3F6E3C834DDB70C304E2CA545D51FBE328E832A35AAD108978F02A7706
9442355780 6206 57555 7C20F6CF1A09EEE4F40FE6F70B0F070213E4AE0B9599CF6348B0EAC781225457
9442382079 37148 22984 7C20F6CF1A09EEE4F40FE6F70B0F070213E4AE0B9599CF6348B0EAC781225457
9438020435 54210 21592 7C20F6CF1A09EEE4F40FE6F70B0F070213E4AE0B9599CF6348B0EAC781225457
9435408352 64377 44309 01F0D7D5A9D7B256D43EFD6599160B741BD8E28D45DB509BD2766A26F7756416
9436685297 11018 60063 7C20F6CF1A09EEE4F40FE6F70B0F070213E4AE0B9599CF6348B0EAC781225457
9437037351 56075 49081 F90D831D71740882AAD7FBD71CF6EF1DEF46E49261ADFCAAE52F754427954439
9443314421 27415 41308 320BCB5693DBD561E639066CB735A05DAF3005B0F80EBA615AE56ED4CC865097
9441525400 43569 9320 179EEC742E0062056B6FC2DB7E6B9C4D41A714A8A983C247F9D8EB9FE7AE2225
9440005644 26594 59349 7C20F6CF1A09EEE4F40FE6F70B0F070213E4AE0B9599CF6348B0EAC781225457
9435732865 23732 54414 7C20F6CF1A09EEE4F40FE6F70B0F070213E4AE0B9599CF6348B0EAC781225457
9434710863 20742 44810 7C20F6CF1A09EEE4F40FE6F70B0F070213E4AE0B9599CF6348B0EAC781225457
9434598899 7285 47497 0F1E407E09F59B66794EB63E2BE60263A55BD3A40F163D894E6768AC47386AF3

Total of 0 tasks calculated error.
