Total of 100 tasks calculated correctly, accuracy 100.00% 
9447196917 49512 46366 7C20F6CF1A09EEE4F40FE6F70B0F070213E4AE0B9599CF6348B0EAC781225457
9450463531 50057 17251 AEB980739F6644CFBC4E310DAA57F7D2EDBE5622E0E83C90427B93675424751F
9444694367 47379 52681 12FDE29ECDDF288D8C0B48C1159DC7FE1D1460B7AF1D695CA87600E471D88517
9455453409 7224 44227 7C20F6CF1A09EEE4F40FE6F70B0F070213E4AE0B9599CF6348B0EAC781225457
9452245840 30602 39870 7C20F6CF1A09EEE4F40FE6F70B0F070213E4AE0B9599CF6348B0EAC781225457
9447835404 42635 24293 9A741CCABD6A84ADDF8D398CE6464F54A39140D67FC8513132FC6D17B3C02FFC
9447636994 6738 15870 7C20F6CF1A09EEE4F40FE6F70B0F070213E4AE0B9599CF6348B0EAC781225457
9454016349 30129 49275 4ADFF41819D3B83BCE14D33C7A74F73AB0DCD8FF7B072615643514FA94558539
9450389085 40860 52186 7C20F6CF1A09EEE4F40FE6F70B0F070213E4AE0B9599CF6348B0EAC781225457
9453823836 45511 20871 D03F3AC37CF8E4BA22BC59B34C0E03DBAFAD5EB792EC512092784C90462D46D4
9447661270 46711 18044 83A2ED417992D37A2F3489082368A185AE7340E9215AE82F9178993F3C28364C
9446002777 29335 25127 3CBC691EA2748E55132A994AF3174A3F0B4CE31C3D425B9069AAB4A990D2F8EF
9447896218 51691 9241 2B2719F165E0932765A7886AEEBC3E32874CBA0844B2180B77B948AC36D06003
9454612320 24560 42350 7C20F6CF1A09EEE4F40FE6F70B0F070213E4AE0B9599CF6348B0EAC781225457
9455997730 24316 36157 7C20F6CF1A09EEE4F40FE6F70B0F070213E4AE0B9599CF6348B0EAC781225457
9452259482 57990 32561 7C20F6CF1A09EEE4F40FE6F70B0F070213E4AE0B9599CF6348B0EAC781225457
9450503030 1170 22257 7C20F6CF1A09EEE4F40FE6F70B0F070213E4AE0B9599CF6348B0EAC781225457
9453700016 2393 1311 62F727D6C9E7A8E5554A05D36FE9EB51A8B7AC4CA824A66FA327480983BA50F4
9445900582 886 41618 7C20F6CF1A09EEE4F40FE6F70B0F070213E4AE0B9599CF6348B0EAC781225457
9448947286 36633 53672 2052F877F36D2D996CA634F34DC603BE305A01F34372CA29255F505447046D0B
9446373982 21861 65508 E3EEFACBC92F1F4B4A60DC8AB0A48A6E068C5D79A88B76715130F4FA12A68D9B
9447152484 46960 17341 7C20F6CF1A09EEE4F40FE6F70B0F070213E4AE0B9599CF6348B0EAC781225457
9445227277 43635 48734 A707CC18AEDAD4BEE67E4AB519610EF8C4C89700FC12C03419E8D62C41531513
9452768427 15613 22745 B1E651073386D9E988C722F5F82D038D9AF2E234D9E63A9420765E7F4D7D31D1
9446616071 56548 2954 7C20F6CF1A09EEE4F40FE6F70B0F070213E4AE0B9599CF6348B0EAC781225457
9452005771 10304 63231 7C20F6CF1A09EEE4F40FE6F70B0F070213E4AE0B9599CF6348B0EAC781225457
9455004753 54786 64047 7C20F6CF1A09EEE4F40FE6F70B0F070213E4AE0B9599CF6348B0EAC781225457
9452857192 50008 57073 7C20F6CF1A09EEE4F40FE6F70B0F070213E4AE0B9599CF6348B0EAC781225457
9446857698 20057 59556 1F7699D1ACB08DBDA60143534DBB8F54AC7A979DAF23716E2CCCD6209A05C645
9447171102 15404 54170 7C20F6CF1A09EEE4F40FE6F70B0F070213E4AE0B9599CF6348B0EAC781225457
9450324969 26200 35039 7C20F6CF1A09EEE4F40FE6F70B0F070213E4AE0B9599CF6348B0EAC781225457
9455687700 12613 8063 FF424CF793C1677010015C27596A1A1A04A70B1BBEC70DA318E849BFB20CED91
9446623513 49623 2488 3CCF0862D7EDFA2EF33374164D705976E2ACD1BFCC312DEC4B56C7378BB2BDF3
9450899204 59260 51151 7C20F6CF1A09EEE4F40FE6F70B0F070213E4AE0B9599CF6348B0EAC781225457
9455994224 37835 38930 665983C334F086C6DA3286E541C6868E0423B5B92C4243B54C7464476E8785BD
9451568235 60826 31664 7C20F6CF1A09EEE4F40FE6F70B0F070213E4AE0B9599CF6348B0EAC781225457
9448069431 12270 3663 7C20F6CF1A09EEE4F40FE6F70B0F070213E4AE0B9599CF6348B0EAC781225457
9453679772 51983 2967 44653F933A18AD298F513FE6D309001F3969A5CA224F803808F0092254F039C2
9452796617 10783 1922 6769B38EE5FADCA150205F8F161178B0A8C240AA1DC939C88E3C6F97C3E29256
9447561304 37592 11007 7C20F6CF1A09EEE4F40FE6F70B0F070213E4AE0B9599CF6348B0EAC781225457
9448917809 18054 49752 7C20F6CF1A09EEE4F40FE6F70B0F070213E4AE0B9599CF6348B0EAC781225457
9452624433 38266 4698 7C20F6CF1A09EEE4F40FE6F70B0F070213E4AE0B9599CF6348B0EAC781225457
9451090444 6616 20645 7C20F6CF1A09EEE4F40FE6F70B0F070213E4AE0B9599CF6348B0EAC781225457
9445092138 38938 10274 7C20F6CF1A09EEE4F40FE6F70B0F070213E4AE0B9599CF6348B0EAC781225457
9448175645 54272 59118 7C20F6CF1A09EEE4F40FE6F70B0F070213E4AE0B9599CF6348B0EAC781225457
9454500008 11296 45201 7C20F6CF1A09EEE4F40FE6F70B0F070213E4AE0B9599CF6348B0EAC781225457
9456295017 46701 317 C65D18F525633031282A6D6A1FFA05F0A3C62A408011FD33D6B8652B7F6479C2
9454092131 60699 19374 8C64E469C6681912187EA5ECB79CBCA2A4D9D3151E53A59F3F3CBA4CF5B5EF31
9449785507 19454 56087 7C20F6CF1A09EEE4F40FE6F70B0F070213E4AE0B9599CF6348B0EAC781225457
9453382294 40235 33328 507CF3D30044358602F88A319A1D425A75A38B9F232A41E6A77C9EE484DE1DF5
9453313956 32668 6317 7C20F6CF1A09EEE4F40FE6F70B0F070213E4AE0B9599CF6348B0EAC781225457
9450883775 50604 22724 7C20F6CF1A09EEE4F40FE6F70B0F070213E4AE0B9599CF6348B0EAC781225457
9449716695 60042 64311 7C20F6CF1A09EEE4F40FE6F70B0F070213E4AE0B9599CF6348B0EAC781225457
9447020534 15322 50294 7C20F6CF1A09EEE4F40FE6F70B0F070213E4AE0B9599CF6348B0EAC781225457
9454598247 30247 57609 CE19D2E0CD84A68BA5E5CBB18C821FFD9B0C6E932197B146FBA0955E91B87602
9449915046 51495 64834 7359997155D4FDCDB4A59C6625B22A54882F05D8B51E3AFDEB2285B1A7E013ED
9453018579 12181 19131 5166E41F8BC8B0F4EF46065A8AD30EC855D3A1763E55E2C18C80A0406340F448
9452166507 56591 33646 69847C04D565765D687024498BBFF173A4569D5FF431CCA2C19627FF9BA2C389
9449208554 38987 23098 F5F3442DD59C50C11CD01D5B1CDCB282A5794340789FE7FFE5EB3A68E11D413B
9454916307 39954 3049 7C20F6CF1A09EEE4F40FE6F70B0F070213E4AE0B9599CF6348B0EAC781225457
9449452888 42298 11205 7C20F6CF1A09EEE4F40FE6F70B0F070213E4AE0B9599CF6348B0EAC781225457
9450332494 64970 50310 7C20F6CF1A09EEE4F40FE6F70B0F070213E4AE0B9599CF6348B0EAC781225457
9454963924 43237 30258 AF09D99389ECEE1C22D93F6DD07E575A804ABCEC4F66BD61F81CD89876A17623
9450063076 32145 11160 3C2A8607FCECBAFB35D62D5CA3945BAB1CBCF895CAC814E0AF0A4202467DA53F
9448572820 8045 30542 A02292A705AACFB9AEF0EA6316AA44462B4FBD20999655A9D4C9727F6DA46A0A
9453534063 22478 49146 7C20F6CF1A09EEE4F40FE6F70B0F070213E4AE0B9599CF6348B0EAC781225457
9450640249 17339 46193 590AD0C11B95186377D34ADE904F51D295888EDCC4759321ED590536DAE64974
9454347462 41088 43844 7C20F6CF1A09EEE4F40FE6F70B0F070213E4AE0B9599CF6348B0EAC781225457
9450719760 44872 7677 7C20F6CF1A09EEE4F40FE6F70B0F070213E4AE0B9599CF6348B0EAC781225457
9448707107 44094 24139 7C20F6CF1A09EEE4F40FE6F70B0F070213E4AE0B9599CF6348B0EAC781225457
9444619434 16998 32732 7C20F6CF1A09EEE4F40FE6F70B0F070213E4AE0B9599CF6348B0EAC781225457
9448073873 43652 49645 7C20F6CF1A09EEE4F40FE6F70B0F070213E4AE0B9599CF6348B0EAC781225457
9445148911 25712 4702 7C20F6CF1A09EEE4F40FE6F70B0F070213E4AE0B9599CF6348B0EAC781225457
9448496650 26778 25117 7C20F6CF1A09EEE4F40FE6F70B0F070213E4AE0B9599CF6348B0EAC781225457
9451587217 42606 9754 7C20F6CF1A09EEE4F40FE6F70B0F070213E4AE0B9599CF6348B0EAC781225457
9454382630 20769 10406 44ED91EB7B0D70995C0F1BC89F20001218F932D255BA2DB9CD177706F372CA87
9454656006 24414 46671 7C20F6CF1A09EEE4F40FE6F70B0F070213E4AE0B9599CF6348B0EAC781225457
9444758252 45495 6514 C21A1FE70CDCE938D4212F551AF2AD6B68332B8213214A4FAF88DDA5FFB8244A
9448109423 39642 27856 7C20F6CF1A09EEE4F40FE6F70B0F070213E4AE0B9599CF6348B0EAC781225457
9450855521 28803 49736 53DF25E96339F10E81E11DF6113E42EFDADB01E59CFA8AFA516FB0B92847429D
9445228902 38737 7148 EAF7F2BE59BECEF20DB0A8C9F40A94E3181FE8DEFB5FEC58DCD1D71A8BF3DB9B
9454672339 32313 28524 FC8329628E662F9C1506AF77DEBCF53E31A15CD9A0C9370AE2A33DF5C0BCACDD
9450396909 53775 27050 7031BAAE9F7AEFC24C7428AB9EDFE5E5C53228602F17845FC4E345B85504A536
9449844317 49087 19141 0D05D657B15D9C2CDAC7BCC4CA6069137785B0323AE89115AB996DF6473B68BF
9447930853 49053 4626 80FDCAD31A3922C3EBE79FAEE5D13AB4601306413CD249007EA17FFC14B8F69A
9455324742 4903 18799 1AD59DE21E68FFE7F57AFBB25D2ED5B47DB3B360AA10BAE7E91B097B076DB552
9455682075 59434 19260 7C20F6CF1A09EEE4F40FE6F70B0F070213E4AE0B9599CF6348B0EAC781225457
9446921252 9647 49509 207964136F4E2D525482C5A261B4C698FCFD85F9E310AA20E1CDB819867B4517
9448373190 38766 58867 7C20F6CF1A09EEE4F40FE6F70B0F070213E4AE0B9599CF6348B0EAC781225457
9453241243 57285 26962 00007C3BE02BBD2935649A5CD308B4FBA969BACC79ACF001D24BD1748EB846FC
9452640589 57156 9281 7C20F6CF1A09EEE4F40FE6F70B0F070213E4AE0B9599CF6348B0EAC781225457
9449777137 27729 8532 6E5E206E9B4C82D5B569050AF465C64DBFC4CE1C922CDF91D22F0130CA547046
9455566371 2759 41895 823B3B666C98C418D3D0893CA856EC4DC332D90B997F86B0DCFB34C49C38E395
9452220437 17226 6931 7C20F6CF1A09EEE4F40FE6F70B0F070213E4AE0B9599CF6348B0EAC781225457
9449015854 60623 14463 4E881A5281E02836634EC9C8BD6DD7160966180549C937FE0D0F3FF3335C82E6
9446583540 30400 11434 7C20F6CF1A09EEE4F40FE6F70B0F070213E4AE0B9599CF6348B0EAC781225457
9455887846 30438 11283 7C20F6CF1A09EEE4F40FE6F70B0F070213E4AE0B9599CF6348B0EAC781225457
9452494347 34509 22114 DDBC2F5A084ECBB691409301CDA21D10ECE69B6DC525D12DC7F7935C7018C436
9445074868 46604 29522 7C20F6CF1A09EEE4F40FE6F70B0F070213E4AE0B9599CF6348B0EAC781225457
9452791205 47902 32702 7C20F6CF1A09EEE4F40FE6F70B0F070213E4AE0B9599CF6348B0EAC781225457

Total of 0 tasks calculated error.
