Total of 100 tasks calculated correctly, accuracy 100.00% 
9463275101 45714 46300 7C20F6CF1A09EEE4F40FE6F70B0F070213E4AE0B9599CF6348B0EAC781225457
9460598262 64125 34029 5AFA4CE352DA911906E494F1B215B531FF7285C7F47F17D8379B6A02C7B686E1
9467126173 39325 45927 6D9AC606DA0076B3E833D3813B09454A2CE24814A56ED7E7E99FA473CC95A389
9460013107 35645 45663 655B4F433C49F365C6AA423B60140805D0B7EF99116F1AE22E999F75E9676175
9466060045 21283 11356 33A558357CFAFB9E8C7CCB703123E593989D62D95DD50B144CC56FB509BC8A9E
9460156163 1899 47196 7FBBF0B8140A5CD8C41686E2349E195789E5EEF8892AD136EB52E734D303D46D
9461738496 632 55107 7C20F6CF1A09EEE4F40FE6F70B0F070213E4AE0B9599CF6348B0EAC781225457
9457405131 22255 59793 C8FDC77C4FCD591EC5ADAE9AA9A76256AC96114449C6BC60B4B1A4A2F97A0BE2
9465136778 45330 17835 7C20F6CF1A09EEE4F40FE6F70B0F070213E4AE0B9599CF6348B0EAC781225457
9462709629 17552 55470 7C20F6CF1A09EEE4F40FE6F70B0F070213E4AE0B9599CF6348B0EAC781225457
9466788535 50650 62139 7C20F6CF1A09EEE4F40FE6F70B0F070213E4AE0B9599CF6348B0EAC781225457
9456667415 62732 54330 7C20F6CF1A09EEE4F40FE6F70B0F070213E4AE0B9599CF6348B0EAC781225457
9463312763 61183 58940 18CA31E13BF07C5238E13B191DA801BEEE30831B2CF036B64CC2DB2D3E8E296E
9467393609 48842 41856 7C20F6CF1A09EEE4F40FE6F70B0F070213E4AE0B9599CF6348B0EAC781225457
9463750124 53987 49811 43D630FC489EE16E4E0CAD0F543F40D233BD56BD7A7FBFA964A17AFA6AC81263
9458206637 50901 64783 915720DF604A7978FB8A42689BBD756A32ACDA78A0E4D1DF23BFBDA058E1B173
9466441493 7927 57141 19FCE150048C96B905AFCC9D593B2A49C8432ACCD7B38B4B8AC10D23F471247F
9462738436 10426 25400 7C20F6CF1A09EEE4F40FE6F70B0F070213E4AE0B9599CF6348B0EAC781225457
9468248466 33698 59998 7C20F6CF1A09EEE4F40FE6F70B0F070213E4AE0B9599CF6348B0EAC781225457
9459985884 3792 27645 7C20F6CF1A09EEE4F40FE6F70B0F070213E4AE0B9599CF6348B0EAC781225457
9460862195 25231 51726 F601E9582214725AD31954DA9CC067817269E02FD17F60FDE3113C2A1746C053
9458978936 57825 56292 93D6FF4E8C3B2F7F859A467CE9DC64AC822B36ED410311BA2EBD26DB39DBD8F7
9457635847 16595 34669 471917375AE32379E53D9341FAD0E1B945583BF6CD06E196E27AB78389129967
9459594102 4025 51760 42E5662AFA0C8C10F07A87C8F5F93787F486334ABCDD3DC62CB454AE2136085D
9467661702 33118 7579 7C20F6CF1A09EEE4F40FE6F70B0F070213E4AE0B9599CF6348B0EAC781225457
9466993328 40669 64356 B88DCA23496C122008120A73407D10A606F38C8D2B72AEE70325EE87D5F965F8
9460985346 31024 35376 7C20F6CF1A09EEE4F40FE6F70B0F070213E4AE0B9599CF6348B0EAC781225457
9463993564 50581 57906 7A19DDBB7830D7BC3818264E090E64530A18D76FE84A2914B3FD9A268E3A94F7
9462918277 5691 44165 3940BACC15E5C73ABC667ED0CA7EA8898C78795E6524CBAC3D96CA0ADAA61692
9461339344 7586 28929 7C20F6CF1A09EEE4F40FE6F70B0F070213E4AE0B9599CF6348B0EAC781225457
9467670432 3269 54653 C66E766B2F90B6DFB77DC719B132EEF60E9A3B31496E26BEC4A97E07BD051A04
9464565366 40942 25950 7C20F6CF1A09EEE4F40FE6F70B0F070213E4AE0B9599CF6348B0EAC781225457
9463581615 29189 38924 A4660D0145336C3A3128315BD2B88C607D6CD9EA5A9A9547FAB39772B866B346
9467468441 23120 28760 7C20F6CF1A09EEE4F40FE6F70B0F070213E4AE0B9599CF6348B0EAC781225457
9464797344 43068 13371 7C20F6CF1A09EEE4F40FE6F70B0F070213E4AE0B9599CF6348B0EAC781225457
9463189709 29622 5300 7C20F6CF1A09EEE4F40FE6F70B0F070213E4AE0B9599CF6348B0EAC781225457
9456812122 43391 51645 FCF8B76D80F229658BE01E4CC8502BA720E60A4340A022E14C6C429CEEC7C986
9459279251 8392 12182 7C20F6CF1A09EEE4F40FE6F70B0F070213E4AE0B9599CF6348B0EAC781225457
9456599612 1537 23662 E5F5729A5142A48694EEAD578D1E06F7B93F9AE739236D992861CAF77B6E9F0A
9457583772 26304 6352 7C20F6CF1A09EEE4F40FE6F70B0F070213E4AE0B9599CF6348B0EAC781225457
9460454639 4984 25175 7C20F6CF1A09EEE4F40FE6F70B0F070213E4AE0B9599CF6348B0EAC781225457
9461017050 57303 52117 7BBA1014273CA99EA8E02311A4639B3EAC5FD07DDDE0053904ADBE960CDDF112
9463064798 5039 39644 D62AD03DCAA611D038C9AB99A787F65EF766FF721EB878E9EA6316CA587F76D1
9461799335 18109 25169 C311B3076D483920342FF774FDB73A0204895A3596AF0906C8B2DDD5B44E8AF4
9466448884 3775 36416 16023D809BB711E8ECF363B87E75BF98DE5A2BB0F01B227A63D6AF04F9E8EC09
9459888410 62374 60981 7C20F6CF1A09EEE4F40FE6F70B0F070213E4AE0B9599CF6348B0EAC781225457
9457788349 25888 6703 7C20F6CF1A09EEE4F40FE6F70B0F070213E4AE0B9599CF6348B0EAC781225457
9465249050 55343 21712 2E45A531CDE45173F72C925F2B777EA515129A49133F411F74F7F177124C1E46
9464677488 4111 35358 9277D4E5D23069BD260F78253CE6168A22D9794AC5BCA800DA17D3CA0AF665F3
9460113012 56547 11732 B809D7312604556D80E452AF75FC221407464380C0363E5CF17D4407581DB2A4
9463447524 5033 22175 E1DE38F9CFBF92E3DD04ED2E9AF5A277BFC2997CE98112B91175ABDEB78DC2B5
9458302757 51825 37032 ADCECF77BCEBD080837972575C9B63A3958CBD1F4A82CB0532116D1BCF69B3D1
9458182953 42915 40027 363C558AE68B7F471388D3CBAC3F443A58EFB888FC940EEA2FC54A1DF4516644
9457164593 14569 37295 D6E46EF39DF083FBB43015C0707C010BC4A329ABD4D73FED2D739D05DE8BE670
9463497511 3721 10021 1AF6102D27C5C5820218D2D01DF60519AE53C69F6280A62976A9D6654CBB8EE2
9464486575 49474 7368 7C20F6CF1A09EEE4F40FE6F70B0F070213E4AE0B9599CF6348B0EAC781225457
9459651407 19946 51901 7C20F6CF1A09EEE4F40FE6F70B0F070213E4AE0B9599CF6348B0EAC781225457
9456582434 29790 62109 7C20F6CF1A09EEE4F40FE6F70B0F070213E4AE0B9599CF6348B0EAC781225457
9459771897 42050 65175 7C20F6CF1A09EEE4F40FE6F70B0F070213E4AE0B9599CF6348B0EAC781225457
9457554994 22212 57763 7C20F6CF1A09EEE4F40FE6F70B0F070213E4AE0B9599CF6348B0EAC781225457
9464066152 12638 3236 7C20F6CF1A09EEE4F40FE6F70B0F070213E4AE0B9599CF6348B0EAC781225457
9458712020 50608 42705 7C20F6CF1A09EEE4F40FE6F70B0F070213E4AE0B9599CF6348B0EAC781225457
9459103122 1263 56533 1C12726DD7C945E87876083EBE047B661657817A69D2247872EE45A93451A019
9463423751 42607 18418 CF2FC93D069A74FAD6F4D1E11A6547EFA395E1819DA0B330F853EC44B571ADE0
9461310635 58780 672 7C20F6CF1A09EEE4F40FE6F70B0F070213E4AE0B9599CF6348B0EAC781225457
9459463134 61274 9721 7C20F6CF1A09EEE4F40FE6F70B0F070213E4AE0B9599CF6348B0EAC781225457
9465538010 31450 33193 7C20F6CF1A09EEE4F40FE6F70B0F070213E4AE0B9599CF6348B0EAC781225457
9457644598 16117 5639 90218C2796A9A09AAFB237C5E01D9FBFFB26E0DB52B9E55095ED1ADCD18C4BD4
9461779870 27961 26995 A80F75E0E6A391A60CEC669FE6E95CEBE21F3BC41BC9AD9D3A934E7DCE03AD8A
9465904451 38606 38808 7C20F6CF1A09EEE4F40FE6F70B0F070213E4AE0B9599CF6348B0EAC781225457
9467580394 24382 10064 7C20F6CF1A09EEE4F40FE6F70B0F070213E4AE0B9599CF6348B0EAC781225457
9467453027 41981 1082 0608145F945688B01256D58A7F3791BA47A98FBC51C4AE656E02CFEE12B3E6FD
9463395988 61871 32670 3203098AC13038D7305AE95D5FA0750C1EB59875FD565898289F4C44E97685F0
9463515403 779 64326 6B4FD4734AFC6CAC1AD14E2645DF39A942B2769B91776CC1633E1897422B79C2
9463833796 18014 21115 7C20F6CF1A09EEE4F40FE6F70B0F070213E4AE0B9599CF6348B0EAC781225457
9457083540 56186 13173 7C20F6CF1A09EEE4F40FE6F70B0F070213E4AE0B9599CF6348B0EAC781225457
9461520690 12300 61014 7C20F6CF1A09EEE4F40FE6F70B0F070213E4AE0B9599CF6348B0EAC781225457
9456782754 43752 27346 7C20F6CF1A09EEE4F40FE6F70B0F070213E4AE0B9599CF6348B0EAC781225457
9460959933 57323 29155 B27D02CBF6D6A4081922E1B6FB845146C890358F4F436E3D0152A2DF9E507C0B
9467698667 14054 17522 7C20F6CF1A09EEE4F40FE6F70B0F070213E4AE0B9599CF6348B0EAC781225457
9467675382 745 43959 6CAE0AD01D0E4A82568A602B0C1F3550ED5D9320879E68FC9522E7029742A560
9465292113 5135 49968 6E3E7BC447F5AAC262DE4B0D2C5DA17DD49989D0AE2D01793A4EA89B4860BFC7
9463292778 59218 22679 7C20F6CF1A09EEE4F40FE6F70B0F070213E4AE0B9599CF6348B0EAC781225457
9460313338 13782 46579 7C20F6CF1A09EEE4F40FE6F70B0F070213E4AE0B9599CF6348B0EAC781225457
9466680935 27863 5176 1A37264368129CEDEDC715817369D6E70BDFD8AB7A8443FF6F1E5FE608889232
9462887206 50013 22314 02BAEECCE22963944E5C4D2CDD7158EE370939061EA0E7174D5F5C57714FD300
9460118672 2164 52827 7C20F6CF1A09EEE4F40FE6F70B0F070213E4AE0B9599CF6348B0EAC781225457
9458426543 62779 62204 9421B4827BD615EA853FAE2E8A2301E159678FF1BBBF760126603A970EA31560
9462479239 21744 6050 7C20F6CF1A09EEE4F40FE6F70B0F070213E4AE0B9599CF6348B0EAC781225457
9457761034 30791 3717 8852FE8A7EA2800A93AD4EFDD87B7CBD26C20C3A46E3DA43833EE2AAB4267015
9462654680 245 41115 2FE484F84F37560169C9664A5C47F6AA7D1893D99676BA4D3CC88F59DBDCFC32
9459941448 28296 40634 7C20F6CF1A09EEE4F40FE6F70B0F070213E4AE0B9599CF6348B0EAC781225457
9464123568 43997 4394 04E81DD7669A47CB98B9760BB306DD2AD5A05833A7DD34502CC6DDCE903E5CDB
9468185076 8735 47840 129F1CF202398FA7DDA7DA4B2EADB44EF26D4100606A880013CFDFD8D6B849CD
9467413263 43477 16366 84B48D979C96891D0AAEDC031CBB0808B3F3B5EC0681563F6B797ACE20D5E3A8
9463577004 1664 19727 7C20F6CF1A09EEE4F40FE6F70B0F070213E4AE0B9599CF6348B0EAC781225457
9461613881 11781 26636 236882F76EA6228E7CEF7B62F8FD1CAF1EC49BDFC6B222F4B1C2AE2E0118451E
9459904195 3551 55530 558D9A0A20FF742C380DC07826459081D53567F5FA43D36216205A69E9E83591
9467585942 35295 41930 54A8A2264CF0C1C0E853539425121F7E6AA327CDF4A0F46C6FEC83E7C26C7CE3
9464222834 12513 51451 9DD608879D80C0EE64D690E531016E601BCBF164C3C2F6FABD495472FFBB061A

Total of 0 tasks calculated error.
