Total of 100 tasks calculated correctly, accuracy 100.00% 
9474741497 3624 49206 7C20F6CF1A09EEE4F40FE6F70B0F070213E4AE0B9599CF6348B0EAC781225457
9470383860 51759 25882 41717C988EF1E297FB9D3B75F4EEB77902560FEF8D4C147466580F83AD501D43
9471407709 59878 11440 7C20F6CF1A09EEE4F40FE6F70B0F070213E4AE0B9599CF6348B0EAC781225457
9477185408 48776 63583 7C20F6CF1A09EEE4F40FE6F70B0F070213E4AE0B9599CF6348B0EAC781225457
9475870120 58493 13247 B419872D3060359331D546E4DB98C26726ACB1F575626139ECDF2E4AA733CE37
9477675064 29226 47712 7C20F6CF1A09EEE4F40FE6F70B0F070213E4AE0B9599CF6348B0EAC781225457
9479741420 48193 51253 A7D02682B7AF8ED3A2FD0BFFA62B5BC14E6DC7A06DC02036F60E6B71C2FD1595
9479489680 47502 46188 7C20F6CF1A09EEE4F40FE6F70B0F070213E4AE0B9599CF6348B0EAC781225457
9475945244 60994 64801 7C20F6CF1A09EEE4F40FE6F70B0F070213E4AE0B9599CF6348B0EAC781225457
9474068523 54157 29897 68D9EC2A44C92FA2FEB1702D85C00AEC045B4BB7B20A0D136CDAAD638FC8BEBB
9471128389 25809 5298 477867604E087700A67FCCD029CFB59789CB587DE7D9680FC25B68B98881AF40
9472250169 28996 14722 7C20F6CF1A09EEE4F40FE6F70B0F070213E4AE0B9599CF6348B0EAC781225457
9475742263 2696 62786 7C20F6CF1A09EEE4F40FE6F70B0F070213E4AE0B9599CF6348B0EAC781225457
9476742311 2487 13412 138C91929A5DCCC2752EDC007940CB5C7E1853632C8D297BE8A4695FD3C723BB
9469933784 33706 430 7C20F6CF1A09EEE4F40FE6F70B0F070213E4AE0B9599CF6348B0EAC781225457
9477731370 53887 40569 FACB0C5C52B25056DDE497AF68F6BF26F2B78CF4789CE75816BDA9B1598EED84
9474270834 62711 21689 120A28B7AC39BD8FC1E3EAF756528976939B02CFCAF34D6CB7B03DDEA554FEF8
9474565571 22310 26586 7C20F6CF1A09EEE4F40FE6F70B0F070213E4AE0B9599CF6348B0EAC781225457
9479106748 57341 1495 4D127560633D6FE0B71F78AB7F732B471C208F6B76BE114B70F3018B92C541AA
9470134034 6673 2365 B346AEBFEF94E12D5C63F5F160960D9D448D2BEFB70CE1ED6E69416A12083BD9
9470996595 54679 50156 C433CFA44DE949E4B09543EF87F54D14C6DC3267EDD2FC13C88B5DED9537F25D
9468703914 43184 21177 7C20F6CF1A09EEE4F40FE6F70B0F070213E4AE0B9599CF6348B0EAC781225457
9477142456 32975 36016 BA0AD437862A8CB74DBD85458F60BD54B398BA2ABEAF4F84E4079FBD955F7F81
9472446701 32778 51151 7C20F6CF1A09EEE4F40FE6F70B0F070213E4AE0B9599CF6348B0EAC781225457
9477058487 40820 61282 7C20F6CF1A09EEE4F40FE6F70B0F070213E4AE0B9599CF6348B0EAC781225457
9478148156 28493 28580 08661E5D34AB842C6F9763854FB322569D4DC8C4C43E699FE07E0566A389E72E
9469915849 44273 18514 5352DC8C7C9B39D2B80A2F6B6DA60E8E9F4E3B74F588AAB9F3DA3CB7C87C5016
9480324499 35023 15630 073FE2ACF02BF54EB76D9F1BCC32D7F031E97147BC6607FCAFA49F8036D21CFA
9474140553 11630 51407 7C20F6CF1A09EEE4F40FE6F70B0F070213E4AE0B9599CF6348B0EAC781225457
9477194690 25057 45291 3AB2CF2D4FE40B2EE1DF597FD280D37447E63D6EDAE2565803B28084FFFD3F11
9468557087 65287 39406 D8376D3983B71490F493B2DA677FB69A9487535933155E7450E6A16A02D3BB5B
9477182555 38369 44997 E44C4F88A5D6A0119DCC4E7AC4F424BBEB90A617CEDFCAFAAE44B41030ED9D6B
9475099023 64640 58853 7C20F6CF1A09EEE4F40FE6F70B0F070213E4AE0B9599CF6348B0EAC781225457
9468961706 55361 16060 10D777234F99BF0EAC3F1A521EADDA7AF9C60F56C7574BA07BFC8DE0E7224E18
9473515943 33902 13437 7C20F6CF1A09EEE4F40FE6F70B0F070213E4AE0B9599CF6348B0EAC781225457
9477023652 14413 35781 656BA64C359FCD5DC7BAA372B03A404014AEDA73D4DAA8AAB1AE8ADB4AD9E336
9469304004 38120 8182 7C20F6CF1A09EEE4F40FE6F70B0F070213E4AE0B9599CF6348B0EAC781225457
9478582209 65190 16679 7C20F6CF1A09EEE4F40FE6F70B0F070213E4AE0B9599CF6348B0EAC781225457
9469964174 53627 24739 99E4ACD549D8483E2FE09BC64547B6BA7663C6A2228756A4A876B6CD529CA2BD
9470159263 10149 37917 19F84727F9F5D5F3B3BEAC8B833EB78127007B861B48742B34811344740E4971
9479376081 65469 28549 CAA74039C9AEA6214D918F4B6062CEC4624C44A2DD29F595DACBEA90C87292CB
9469747268 39757 58964 7649E35A99E1060E68B540E23E43CFC408596BE1602DA6D4D78680223527CA65
9472376932 42521 29686 CE8B7B3BAC1A3129A17736F990F3262EBB66180698038D6390070869BF1DD41D
9476734864 24865 65287 5DBF849CF98678982B52CB65B30BF3AE55F159DD0C6F2553E636B18235DEA881
9472540878 47167 36213 25F5060C46CD7D6F3830EDF65FD242F14AC54AFBF851DC58D994D9803E844EBF
9475620465 1031 3597 E31EFE46966AF5622C16B00F1F94466B46BD4034FD7D9AA0D4D2575964CE3E6D
9474162655 10348 46523 7C20F6CF1A09EEE4F40FE6F70B0F070213E4AE0B9599CF6348B0EAC781225457
9478280291 55772 5900 7C20F6CF1A09EEE4F40FE6F70B0F070213E4AE0B9599CF6348B0EAC781225457
9469958553 24413 36237 9DE6678818F044C0229CD3AD76EA2BB21C3CD31E6E858485FBB5434720BA61CE
9469466202 27419 55004 EF60592EF0C03D183BFB95EC322B99CFB28BEA4630668E33EBA1123C30ED4FD7
9470330048 47815 642 BBC7DB1BC0BD613F8D1854A9464A0A6131CDF84D279CA7480DA9F2B4811C7302
9469250360 22675 5657 922A525F1E54275988FBBD843CE6570176C94501B0D6BF87D245F02E8C2EE4A8
9470099012 33162 48984 7C20F6CF1A09EEE4F40FE6F70B0F070213E4AE0B9599CF6348B0EAC781225457
9472221871 9644 40542 7C20F6CF1A09EEE4F40FE6F70B0F070213E4AE0B9599CF6348B0EAC781225457
9469484341 20171 19130 8858227E9732C8CBB8A08541A4742E809202EDD0CAE4DD0290914A7287055444
9476268536 44120 1959 7C20F6CF1A09EEE4F40FE6F70B0F070213E4AE0B9599CF6348B0EAC781225457
9476870190 53359 30788 E39D3D260598F4AC012DBE71AB3138DA553883E0CA6648EF9580058F66B9460E
9477477697 13210 7707 7C20F6CF1A09EEE4F40FE6F70B0F070213E4AE0B9599CF6348B0EAC781225457
9472399960 421 58170 92D3B62FFC03E3444813511C20B01E4A2AA68CA7510A3C547AE811CAE3ACEF5C
9472123919 59740 47947 7C20F6CF1A09EEE4F40FE6F70B0F070213E4AE0B9599CF6348B0EAC781225457
9473280234 35285 18993 0ABD6B894CD4737290F537EEA88DB6DFE88788ED727647E6964F7B004292948C
9478577353 59942 16240 7C20F6CF1A09EEE4F40FE6F70B0F070213E4AE0B9599CF6348B0EAC781225457
9476466840 44643 58466 8CD64FCDDBF9F62472B7C0B0FD2684E576AA55E28C518AF5CEEFBCB0BB2F2F7A
9473901909 54890 40693 7C20F6CF1A09EEE4F40FE6F70B0F070213E4AE0B9599CF6348B0EAC781225457
9477134610 13145 46987 9FAED162FB0BABD9847AECEDBF6A74172E9556491328B55454BB5D734DB3BFF1
9477202043 51299 62088 A96605A8C96E6E2DF8F6219EA455333EDA4ADF9F0103AE553D612134193C53F4
9477261699 61738 30661 7C20F6CF1A09EEE4F40FE6F70B0F070213E4AE0B9599CF6348B0EAC781225457
9470155161 59007 33583 544BF467C963E9C84F718AFD51DCC17E169B5FD8AD054CD578FC8EFF78F06DB0
9472839534 44217 10635 F3113422B21FBC8BA29015BD613F4FB11B1F1EBD2D6D8515F8F0028732322DAC
9473167401 26705 47495 8ECD4490B6482B547FB61D5ED3B5B3C83AA68CDFEDD0E59AFA8F7989703F9E5F
9471022294 23416 805 7C20F6CF1A09EEE4F40FE6F70B0F070213E4AE0B9599CF6348B0EAC781225457
9469962841 23999 32804 900A903A5D0FEF3882243B08973D2C9420AE7CFE1EBB23774A4FE7810B5C291A
9473724669 64070 9958 7C20F6CF1A09EEE4F40FE6F70B0F070213E4AE0B9599CF6348B0EAC781225457
9471786958 14297 19262 533CFA7C74F45FA7A4CA988329855871C4BB915871484398348BB52833A56F20
9478232398 797 39601 762E8C752335DD009FD16F8B980FD02B9492785B3E0CEDE15370A8D76A7FEE94
9471667722 53260 43424 7C20F6CF1A09EEE4F40FE6F70B0F070213E4AE0B9599CF6348B0EAC781225457
9477197110 59734 45848 7C20F6CF1A09EEE4F40FE6F70B0F070213E4AE0B9599CF6348B0EAC781225457
9470826224 45205 32374 75564F33FF55EBAD23100698343CD47373A8DA044881242BC884361817C694C1
9471381866 2733 17808 B6F0891F5AF3CEB06E9513ECCF5512E3AC1149E56F7B3D9A08830AAF7F7F7A2C
9479253895 52905 2220 CE86BFE500E5B25C0DA5C8A59CA1D8FC2C36DB1C4EE554CC0EE39FD5A1FCD82B
9478374489 43982 27062 7C20F6CF1A09EEE4F40FE6F70B0F070213E4AE0B9599CF6348B0EAC781225457
9477818072 48547 14147 30348C3849AD1EC6E7DB7A38233B1C1D3C5E9548D15610E3E71FD60F5AA842AF
9478910480 39003 17871 3E18AE3A1B8A49DC943D1FB3B3FB3AFF1F816958EAFA25B303AE87160D576CE9
9472854798 32223 12170 AF3B7038DD29C39B7B91CC9CB20C5A022C9F423C25EFB90DF4D253E126F2A545
9468706981 31566 55881 7C20F6CF1A09EEE4F40FE6F70B0F070213E4AE0B9599CF6348B0EAC781225457
9468485542 264 12535 7C20F6CF1A09EEE4F40FE6F70B0F070213E4AE0B9599CF6348B0EAC781225457
9468655988 26493 59706 0D21F65F5F1CE115134DA12298CDE4DF61FBA47DBE056B97408D1E2984739274
9475636779 43310 1374 7C20F6CF1A09EEE4F40FE6F70B0F070213E4AE0B9599CF6348B0EAC781225457
9472797130 57350 47956 7C20F6CF1A09EEE4F40FE6F70B0F070213E4AE0B9599CF6348B0EAC781225457
9475268595 60915 39116 EF5FDF5479FC1F6C377D987D3C7B78FCB7F2857D124C062D8B2F69B7D73F2607
9477438834 38473 11989 6E509BBD4EEA4E10EB65F41AAB8CB135783F3810E10BC97E1D4EEF4CF418E305
9475723377 40407 14551 9248ED6E9D2035FA0E1B69F0F3F3EC27CEA8FAD9A09FFCED3C2766DCE3E9C608
9470327493 40915 39414 DCFF03B951774CF6C6EAC0F8E37CEC57D40270E6D78E27636DA07765EFA5A83B
9470106497 32008 47112 7C20F6CF1A09EEE4F40FE6F70B0F070213E4AE0B9599CF6348B0EAC781225457
9474310063 64457 52188 C3CD5AFF6DDAEBAD83E3A0B2BA48D1257B87DE29B64D4980E019B834CE21C879
9473476796 41338 17504 7C20F6CF1A09EEE4F40FE6F70B0F070213E4AE0B9599CF6348B0EAC781225457
9472123765 43703 32007 022AA804DD22B638308B9AE22C053ADF4181F77D3D1EF646EDC42F5DFA5DE0A3
9477498155 25948 58277 7C20F6CF1A09EEE4F40FE6F70B0F070213E4AE0B9599CF6348B0EAC781225457
9476189310 42299 7120 6E0675A0444DC4B72514341A81D47A39CD4B79000A1504DE2C5C09724377A323
9476488837 61290 10638 7C20F6CF1A09EEE4F40FE6F70B0F070213E4AE0B9599CF6348B0EAC781225457

Total of 0 tasks calculated error.
