Total of 100 tasks calculated correctly, accuracy 100.00% 
9483484062 20501 21432 F4DB07F78D289D06E8EB4EC6979194F98AEEB76DE8D7FF46E6CE706C6DC45161
9490980681 31267 46517 5974EBDC7F5767119A0F38F2CD4531BFA204708903BF7C0BB8601263EB44A5FC
9480622265 33331 3623 D10896D20F277BE58BE5C9A3DE38135FF0EFBFFDC91C967971AE33801D2C3EE5
9488654982 15098 55773 7C20F6CF1A09EEE4F40FE6F70B0F070213E4AE0B9599CF6348B0EAC781225457
9480918768 10168 28292 7C20F6CF1A09EEE4F40FE6F70B0F070213E4AE0B9599CF6348B0EAC781225457
9489719427 29282 54541 7C20F6CF1A09EEE4F40FE6F70B0F070213E4AE0B9599CF6348B0EAC781225457
9481863799 60012 23202 7C20F6CF1A09EEE4F40FE6F70B0F070213E4AE0B9599CF6348B0EAC781225457
9480951616 37458 215 7C20F6CF1A09EEE4F40FE6F70B0F070213E4AE0B9599CF6348B0EAC781225457
9489665191 62320 35761 7C20F6CF1A09EEE4F40FE6F70B0F070213E4AE0B9599CF6348B0EAC781225457
9488939596 43303 34022 CEEC9869500F9C3428E38E9296AB586517FBFD5D5642C9B98CC894B944D84C4D
9487681452 38238 65391 7C20F6CF1A09EEE4F40FE6F70B0F070213E4AE0B9599CF6348B0EAC781225457
9489764994 17926 38105 7C20F6CF1A09EEE4F40FE6F70B0F070213E4AE0B9599CF6348B0EAC781225457
9484064235 23772 11824 7C20F6CF1A09EEE4F40FE6F70B0F070213E4AE0B9599CF6348B0EAC781225457
9488259909 32501 7963 5D437F3E583860DCE3EF5EC7439B4C1F7A4B538265C16C725022C4844779B37E
9481891115 44526 33527 7C20F6CF1A09EEE4F40FE6F70B0F070213E4AE0B9599CF6348B0EAC781225457
9487256752 38569 1157 CE3A6F9E3F5B03EB15D5B3B7200E1F058548B01728DEC1A71C9E6BF23A6F1F4D
9482438874 25084 33515 7C20F6CF1A09EEE4F40FE6F70B0F070213E4AE0B9599CF6348B0EAC781225457
9489102605 20933 22569 2D0810465CB9CE66775D6C9A5A19638A9AB64BD42618C9E42AB82C13CD802B11
9488366131 28574 49447 7C20F6CF1A09EEE4F40FE6F70B0F070213E4AE0B9599CF6348B0EAC781225457
9490111614 32439 65317 924E46FFC5A3F81B945C78BF6A26A40ED1064C03C61408E05073FCA04B3BB981
9490176630 26314 60742 7C20F6CF1A09EEE4F40FE6F70B0F070213E4AE0B9599CF6348B0EAC781225457
9488282044 41549 15010 DD1AA18256AD3B17E37C260B82D7963431AA399D63D908E605D7052323035CD7
9489080190 43028 35441 7C20F6CF1A09EEE4F40FE6F70B0F070213E4AE0B9599CF6348B0EAC781225457
9483645954 35810 15656 7C20F6CF1A09EEE4F40FE6F70B0F070213E4AE0B9599CF6348B0EAC781225457
9486100716 58541 27665 396FBD47F6325E8F415B98A0444E2EDB502AC21ABFD90D17150B8C7EF7C6590F
9487320091 28506 13251 7C20F6CF1A09EEE4F40FE6F70B0F070213E4AE0B9599CF6348B0EAC781225457
9484507400 19593 19796 123D8FE74ED3F38C7ADE4651133DFA19A5A321173CFA4AD4508B3497ED181478
9488889969 42925 12080 79F19827E9EFB733416F8570B64E9FA4E2A4493DE80224BA10A9CF4DFCCA8934
9482408807 23648 35746 7C20F6CF1A09EEE4F40FE6F70B0F070213E4AE0B9599CF6348B0EAC781225457
9491264905 49104 13249 7C20F6CF1A09EEE4F40FE6F70B0F070213E4AE0B9599CF6348B0EAC781225457
9492214127 54316 39783 7C20F6CF1A09EEE4F40FE6F70B0F070213E4AE0B9599CF6348B0EAC781225457
9484282438 50216 13694 7C20F6CF1A09EEE4F40FE6F70B0F070213E4AE0B9599CF6348B0EAC781225457
9481178488 33499 63006 7C12927B60CF595F4BE702632CC6C34268712BE6DCBD3D02195D1C0B9FE56B2E
9487137379 9813 48317 2327FC156EA9D0674645000DBD24D401237E9AB77EA5376E7E645994B67C6FB6
9485744922 8767 51549 7D183DCC15DF91C28FA7E725E2EF0EDB600E98780E48097F480D88E90F4CBBA1
9483070045 40277 55454 EA9D29FFB0963AEC7C169FF64BC0F2A7818C604FFDD10B299EC4E9DE2008E9DB
9483431966 42228 50041 7C20F6CF1A09EEE4F40FE6F70B0F070213E4AE0B9599CF6348B0EAC781225457
9485412290 43497 43992 C4529A22F825007CD5946E32ECA9736E89CFFE0E9DBFAED152C04133BF58C1FD
9482444531 43128 21414 7C20F6CF1A09EEE4F40FE6F70B0F070213E4AE0B9599CF6348B0EAC781225457
9483237971 40607 58172 984D4ABC0DA6FD94831DE1552ABE1D17BA67B547C250916409CD8AD33EFFB08B
9491293346 5264 29885 7C20F6CF1A09EEE4F40FE6F70B0F070213E4AE0B9599CF6348B0EAC781225457
9483742706 64211 25596 460C91E43B2404A1855257C13601B945D4561B994E76D6F7B5F6CFAFFC2870E5
9485301012 17063 15724 0E6E82C2708A42BA54715189A3388AD131F6CB060F113F6B6AE0434D60FB5209
9481223407 23876 39452 7C20F6CF1A09EEE4F40FE6F70B0F070213E4AE0B9599CF6348B0EAC781225457
9490591732 13491 31734 E447E59DFB13F19DB581E5EE0E612348B09EB7A886E7265AD05DAC1AFF9C7F6F
9481142332 21031 38088 0EA879C537724F2A8018EB2175632400312B25E4B5DCC323B7F86E681602F0AF
9481494762 11974 62854 7C20F6CF1A09EEE4F40FE6F70B0F070213E4AE0B9599CF6348B0EAC781225457
9480659684 20233 44423 756AA009586FA742C958B8EA39660F429A4CA6BAB65A9B5A7A7CC7ECDC807668
9487324177 22684 15560 7C20F6CF1A09EEE4F40FE6F70B0F070213E4AE0B9599CF6348B0EAC781225457
9483301441 64023 34258 7891E5C2637D22CDCE36D2F5A44A94578742DF9757EEFE5EA2091D44587E279E
9490162926 21394 38377 7C20F6CF1A09EEE4F40FE6F70B0F070213E4AE0B9599CF6348B0EAC781225457
9484316326 63513 23688 7B05C9524895933BC326B55122DC8186C09B9B42CBBFCA7185F952513CF5CED4
9483934659 33077 63013 615BCDCC006E7540C2E2728506B0D6776E94DDA59DCDB0A8229C3F1D3B6ECE84
9489599101 30445 33820 6194782DD844AF950CD74625843ECCD2D906EAE48C6203C7579787BCC954A2BA
9490358432 15185 64432 0C60B01B132E6AD9BB3F5B0F7626EF9727F36C081DF5FEF8AC6778E02C61B5CF
9481522087 13281 47765 4EE34ACED992398BCB8C77C1197310C0AB8BDE81CE660ECB823031CEF8D5ACFF
9487980685 59809 1692 AFFFFD81B0E2CA446B3C010B3183449F07A0A04ED6BD9C208901C848C6696056
9486848111 24672 22170 7C20F6CF1A09EEE4F40FE6F70B0F070213E4AE0B9599CF6348B0EAC781225457
9492250046 5026 60455 7C20F6CF1A09EEE4F40FE6F70B0F070213E4AE0B9599CF6348B0EAC781225457
9486857028 19757 27619 E6B9411C0DFEEB15997D8ED39D5A5506A95AC7D4132677CF7BFC7ECD8D83D31C
9488606357 21370 46371 7C20F6CF1A09EEE4F40FE6F70B0F070213E4AE0B9599CF6348B0EAC781225457
9489001262 13613 40361 E7DA6AB31BA442A3900081DA0FC2C8F22975D9CDB38BC8D4F885D8BD8036E6B8
9486726251 13404 47541 7C20F6CF1A09EEE4F40FE6F70B0F070213E4AE0B9599CF6348B0EAC781225457
9491081016 34146 26735 7C20F6CF1A09EEE4F40FE6F70B0F070213E4AE0B9599CF6348B0EAC781225457
9488729080 28635 13434 380B79F861D7AED3CDA0B69C6317F77C1B601C607A52DC4B09FCCC8EA23BA6A3
9491890691 7449 15909 FA248681208E781A8856CF738D38E134FC1642495F2712DB7BE0C20B4D5ECF6D
9489031148 24264 52121 7C20F6CF1A09EEE4F40FE6F70B0F070213E4AE0B9599CF6348B0EAC781225457
9488310835 1679 39592 61F6496C7AEC61D9F078D4514E7DDE9BAA9FDC839F3F46746BC3EC681BBB78DC
9488920942 29275 33323 5F418D8DFA038F793DF194FE053CB50D0B76B2B5424A315117DF810B969D58EC
9480662211 37187 36837 CFFCF868C75C2831FAB045BDD44402ECA73F922B82362F5D24D946CB85EF36F7
9483891832 35086 42735 7C20F6CF1A09EEE4F40FE6F70B0F070213E4AE0B9599CF6348B0EAC781225457
9492262364 54994 60766 7C20F6CF1A09EEE4F40FE6F70B0F070213E4AE0B9599CF6348B0EAC781225457
9484810963 11247 16937 4AC2D663FE16D36E948788F59E58F0A43C62FB980E40E8F32B568186F657C64D
9480924493 62082 4384 7C20F6CF1A09EEE4F40FE6F70B0F070213E4AE0B9599CF6348B0EAC781225457
9481527658 31620 21909 7C20F6CF1A09EEE4F40FE6F70B0F070213E4AE0B9599CF6348B0EAC781225457
9489452152 42199 48927 41B2B4A39A34C116EBDE4E789EEFE63E92CACD1B3C3C8A4E4111DA016FDB52DB
9488726564 4724 10708 7C20F6CF1A09EEE4F40FE6F70B0F070213E4AE0B9599CF6348B0EAC781225457
9481816838 21717 43398 6A5DE7D9552C15487C5AEB974230600B821186B3653E11EE5BD0A60C47F0D41D
9483438008 61976 32354 7C20F6CF1A09EEE4F40FE6F70B0F070213E4AE0B9599CF6348B0EAC781225457
9485706994 52413 61076 56C020E2CD5D7DCCC9AB194AA54710775D86F25FE16D02A03541508355C8CFCF
9482817082 58319 33497 DCC19608E0611F56B1BD57A42EF57C7A810891321374AEA9965CAE1576F8B20F
9485675405 35019 60334 9301DA11911028CACE32C64BE5F73642EB31DB1854F2600D427B706DF8B190D4
9489215884 63043 5069 B0B2D4C3CF3A5075073FF359434FF656D53AB26BB6F55A1BE96E301FEC12036F
9482389520 7500 13263 7C20F6CF1A09EEE4F40FE6F70B0F070213E4AE0B9599CF6348B0EAC781225457
9491121774 980 65022 7C20F6CF1A09EEE4F40FE6F70B0F070213E4AE0B9599CF6348B0EAC781225457
9482370428 45800 61151 7C20F6CF1A09EEE4F40FE6F70B0F070213E4AE0B9599CF6348B0EAC781225457
9487519441 31992 28352 7C20F6CF1A09EEE4F40FE6F70B0F070213E4AE0B9599CF6348B0EAC781225457
9486214864 64851 63861 F0DAD049F9C54A2EE0C9A6842E98D123E52DD288055ADB3DCC85B32CE89373E0
9492099684 29381 58401 B89DA1F9A176520EC6FF3FF1F57494BE18BDE6F15AA721B6187702B1D2A4B4DD
9481402476 42555 7440 4AA040D0EDA8AFC54EA241422D8BA10A2ACD02ABE62CC9CC1924689E7749692F
9488900135 17433 32896 4368839CFEA84C691E7FA358C242EE323414F42E236692B6C88CB1AD54A90AE3
9488940514 39264 25827 7C20F6CF1A09EEE4F40FE6F70B0F070213E4AE0B9599CF6348B0EAC781225457
9486025447 65516 6727 7C20F6CF1A09EEE4F40FE6F70B0F070213E4AE0B9599CF6348B0EAC781225457
9492014141 6211 5422 2A5B2B5DC7632A2D5F8FB2005CCD7557D1930839FE0D11A1D27FB3079FD7A9BC
9482454931 61176 11779 7C20F6CF1A09EEE4F40FE6F70B0F070213E4AE0B9599CF6348B0EAC781225457
9484959568 58628 33572 7C20F6CF1A09EEE4F40FE6F70B0F070213E4AE0B9599CF6348B0EAC781225457
9492150307 23636 37256 7C20F6CF1A09EEE4F40FE6F70B0F070213E4AE0B9599CF6348B0EAC781225457
9492165994 42746 48042 7C20F6CF1A09EEE4F40FE6F70B0F070213E4AE0B9599CF6348B0EAC781225457
9485449661 52410 43538 7C20F6CF1A09EEE4F40FE6F70B0F070213E4AE0B9599CF6348B0EAC781225457
9484074637 16268 31129 7C20F6CF1A09EEE4F40FE6F70B0F070213E4AE0B9599CF6348B0EAC781225457

Total of 0 tasks calculated error.
