Total of 100 tasks calculated correctly, accuracy 100.00% 
9498809070 1568 28092 7C20F6CF1A09EEE4F40FE6F70B0F070213E4AE0B9599CF6348B0EAC781225457
9495187860 63053 14782 BA43F602612E881D2F5EF2DDB5AEE131F19C6150C41BECE07F12FF9145D16441
9493192284 46727 13167 9F692F6B9CB6AA35AAA10E7D68784039C491EC7879246B8F09AB549E18B177CF
9497523402 4600 42146 7C20F6CF1A09EEE4F40FE6F70B0F070213E4AE0B9599CF6348B0EAC781225457
9500303450 25449 11569 91DE9B58E44FEEAD595DA161EEF9E54F77DFCA7C116EA9F54757E735F91AD127
9500112716 11230 34854 7C20F6CF1A09EEE4F40FE6F70B0F070213E4AE0B9599CF6348B0EAC781225457
9499847589 38592 26832 7C20F6CF1A09EEE4F40FE6F70B0F070213E4AE0B9599CF6348B0EAC781225457
9496706344 46392 43351 7C20F6CF1A09EEE4F40FE6F70B0F070213E4AE0B9599CF6348B0EAC781225457
9497000184 5993 40927 8DFE2833EB7E708AA13DE8E47A8E3020AAF42495E0BF89D719749D0B4AB674F4
9493244181 64607 19663 5805166C5396FDF55D9BA3F5D3D17C295F0D918860486FB172FDBB5DA65A8533
9499054556 54963 24303 07A2976D1FD1BA8B73EF480EB129F5023D133D0BB0CB0F1721B1A5BD1377CC35
9492609200 44441 25756 35B2D6660829BAE8A159F6B0E57B2E80658E4AF2117B7EFCFE6293F74A24D4F2
9498226278 37100 64921 7C20F6CF1A09EEE4F40FE6F70B0F070213E4AE0B9599CF6348B0EAC781225457
9498102350 20470 6545 7C20F6CF1A09EEE4F40FE6F70B0F070213E4AE0B9599CF6348B0EAC781225457
9500027410 17789 4055 AD2547DFE5B4690528ED4B5992692B6F26E1E2AA2DFF9C55B056BB224B11B676
9501740755 57868 23578 7C20F6CF1A09EEE4F40FE6F70B0F070213E4AE0B9599CF6348B0EAC781225457
9498951146 40172 12611 7C20F6CF1A09EEE4F40FE6F70B0F070213E4AE0B9599CF6348B0EAC781225457
9499346786 14087 22261 6DBF7E5CD33BD6EC0E7FBBD15D005030CF3EA48EFFB07C69446DE6C0606A5137
9497479809 51070 21206 7C20F6CF1A09EEE4F40FE6F70B0F070213E4AE0B9599CF6348B0EAC781225457
9500599052 55797 52747 5739C9B80C91A09F39D52135E0C2101D4028D00996B61213E499065CAE467EE3
9497897768 13879 43699 9D0AD5C1922AEDBF9AEE1A27EEA17B161E74B737DBB69637D5375C0512063BF9
9495163298 22714 54496 7C20F6CF1A09EEE4F40FE6F70B0F070213E4AE0B9599CF6348B0EAC781225457
9493408049 60988 9100 7C20F6CF1A09EEE4F40FE6F70B0F070213E4AE0B9599CF6348B0EAC781225457
9499907202 18286 40733 7C20F6CF1A09EEE4F40FE6F70B0F070213E4AE0B9599CF6348B0EAC781225457
9493570968 49451 51892 D71F2A6F49061693EADE9C35C5DD46F430D0C7C45BE2637DC06329CB818308FD
9492962520 47710 32271 7C20F6CF1A09EEE4F40FE6F70B0F070213E4AE0B9599CF6348B0EAC781225457
9501454722 62845 50518 6DC9EE8582B52B23009660BCB5747E6B1E933CCDB0890A1E2633B5942BC5B9A6
9495181518 23539 56211 8A3B1D0DD924CD6BE31CC4CEE3559CA3AEB1DB6C403A80F91A6C70D6991B65DC
9494139398 60330 6676 7C20F6CF1A09EEE4F40FE6F70B0F070213E4AE0B9599CF6348B0EAC781225457
9497007803 34954 23811 7C20F6CF1A09EEE4F40FE6F70B0F070213E4AE0B9599CF6348B0EAC781225457
9501215664 55814 16270 7C20F6CF1A09EEE4F40FE6F70B0F070213E4AE0B9599CF6348B0EAC781225457
9493016081 57513 6309 DA71E4547252441DA4EECC1A6FB38FE9F7F0CC226622F4E971F73AF8F0CDB281
9495455640 20961 26450 DB029B53C0DA078E4B2960A49EF2B99F4263CA3C8B72B06F6DCA6D243C0875AD
9500074363 2675 45623 E542B0AD9A5EC42CF8BEA33E4959C71D011704AF2503434D93A68F21F211414F
9497317794 21763 21171 854C023C8C80ADF081AED86375A3973E9EE1F55C1B2D923DFEA0422AACEFE6A7
9496565926 37483 28704 A4E22C6D91047F8CCD6735E7BE45706BEBCDA34FB85566886FFEC86F44926469
9498238964 54077 47506 5D21A79B616EAABF555042266BD0E74DAA139CC15C6416D901CD1B4FCBADED44
9500758702 12310 36268 7C20F6CF1A09EEE4F40FE6F70B0F070213E4AE0B9599CF6348B0EAC781225457
9496656350 35616 19194 7C20F6CF1A09EEE4F40FE6F70B0F070213E4AE0B9599CF6348B0EAC781225457
9495375541 17454 39929 7C20F6CF1A09EEE4F40FE6F70B0F070213E4AE0B9599CF6348B0EAC781225457
9496584292 33166 36377 7C20F6CF1A09EEE4F40FE6F70B0F070213E4AE0B9599CF6348B0EAC781225457
9500397772 40030 48187 7C20F6CF1A09EEE4F40FE6F70B0F070213E4AE0B9599CF6348B0EAC781225457
9503218759 4516 52772 7C20F6CF1A09EEE4F40FE6F70B0F070213E4AE0B9599CF6348B0EAC781225457
9501654588 52548 62565 7C20F6CF1A09EEE4F40FE6F70B0F070213E4AE0B9599CF6348B0EAC781225457
9494723393 8887 44081 9088FBE8037CE28B80330031C571317E4D593B21C01A31401CE140C6DDA88794
9499833653 22648 46066 7C20F6CF1A09EEE4F40FE6F70B0F070213E4AE0B9599CF6348B0EAC781225457
9504095827 21047 14014 638B9073CFFF9350A29891E5EC523685B0B168EC07BBCEB385939E06006ACA85
9501203059 51972 16527 7C20F6CF1A09EEE4F40FE6F70B0F070213E4AE0B9599CF6348B0EAC781225457
9497793292 37545 61020 AD86CB5077215B6601154BB5317A11BF4F4ACA9D8244E44CCDDDE583143F5AE3
9500001717 34782 5061 7C20F6CF1A09EEE4F40FE6F70B0F070213E4AE0B9599CF6348B0EAC781225457
9500930227 3541 30205 990E8DD33AFA5AC8465B5E608590BDFC739D01609B64CA215E0DC3D5512E5530
9498748080 57890 53397 7C20F6CF1A09EEE4F40FE6F70B0F070213E4AE0B9599CF6348B0EAC781225457
9500127426 14459 46260 AF85519CC300763A8EF7CF932C0762750BAAEF557F98FA666D904D171BEE1C0E
9493825660 1531 750 0BB667CFAFE9F48359D9C31EAA95A1D2CE4FB627F7947223B201FE7FD77105A0
9501416661 4369 44270 5744E08B855F669B3B981F1DED607A5C422DEA505FDF9E7B3D11610C851BBBDB
9502886532 1471 59003 A5AA918F22283089EA22C25881ED7CF600753D2BD41F725ED7AD210E305C4CCA
9495726032 47575 6000 8D73C987B40DB8D3F54D7180E41DFB4EE59A8D7616C506661803DECB2A1D5802
9496416073 4857 45460 249DBC1F054B1AC38E78AC9DDB8A94B604C5FCB81BDD49BC55F94895677EEFC1
9504046852 12359 11590 833D5D4DC4A0F6869D30F0BEB4C3BCEE209FF02DDB4F91B09650D3183EB797BC
9498370103 50032 4541 7C20F6CF1A09EEE4F40FE6F70B0F070213E4AE0B9599CF6348B0EAC781225457
9503835129 12320 11489 7C20F6CF1A09EEE4F40FE6F70B0F070213E4AE0B9599CF6348B0EAC781225457
9504038998 53544 14216 7C20F6CF1A09EEE4F40FE6F70B0F070213E4AE0B9599CF6348B0EAC781225457
9500055933 34215 47321 F890D209643059328D8145A9558963F9A4789ED60BA686D6F516D3C65DA8FA09
9493172145 28594 38092 7C20F6CF1A09EEE4F40FE6F70B0F070213E4AE0B9599CF6348B0EAC781225457
9500620278 15451 49346 A98CD8E77D1C33E70E576F1F0153BF8775FB4E18E191858A5C47A0A8F01A5551
9498267757 32317 31357 D5BB5D4FFFC846FB0DDC06C7F883EB486F1F07D5D20AFD6615952671AA47B63A
9502316089 47013 42528 D4DA7522C24C3F1AE852C4E11C8A25F4ACC9697B982EC50F2EC02C3044448D7A
9500186238 9833 7609 7395F1CE20DE4A1A437C580426F419212D5CC7CC02550597BDE4170BB5C5F965
9499262938 43357 28300 71674622753987552330ED287E7F2B5A54094AE01A2C4CAFDE33C15DB15F108B
9501138139 32696 57447 7C20F6CF1A09EEE4F40FE6F70B0F070213E4AE0B9599CF6348B0EAC781225457
9494056517 54344 17137 7C20F6CF1A09EEE4F40FE6F70B0F070213E4AE0B9599CF6348B0EAC781225457
9499423901 57740 50688 7C20F6CF1A09EEE4F40FE6F70B0F070213E4AE0B9599CF6348B0EAC781225457
9501632556 20577 25511 C2A07FB85F6AC44C5CBB5B354DA1BB54661035D8CEF831B091A3E20E6F7B2C4E
9496535432 32350 10236 7C20F6CF1A09EEE4F40FE6F70B0F070213E4AE0B9599CF6348B0EAC781225457
9496480887 59016 63639 7C20F6CF1A09EEE4F40FE6F70B0F070213E4AE0B9599CF6348B0EAC781225457
9503921518 38489 26644 812175EBD2E4809BF7639503442F954C96FD097E5C15F564381324FEC2E616F3
9493977239 24186 19646 7C20F6CF1A09EEE4F40FE6F70B0F070213E4AE0B9599CF6348B0EAC781225457
9495805442 62801 5804 025F6487B8DF4F7BAFAE871A2A9B34F4265314844C33868D0B467BF2C576E4A8
9501841889 39518 56431 7C20F6CF1A09EEE4F40FE6F70B0F070213E4AE0B9599CF6348B0EAC781225457
9495225483 38842 41593 7C20F6CF1A09EEE4F40FE6F70B0F070213E4AE0B9599CF6348B0EAC781225457
9499909675 35685 19047 D3A4C9CEFC4B6067C21C20D594B7F4CBE35967F45B1EE3179B13746DDDEAFD92
9494496712 25460 37659 7C20F6CF1A09EEE4F40FE6F70B0F070213E4AE0B9599CF6348B0EAC781225457
9494273403 48387 57300 E69370B4A806E30B983E3519AC67F98A224B4C9C9D166E7166C438CA6E4A824E
9497280343 21508 5677 7C20F6CF1A09EEE4F40FE6F70B0F070213E4AE0B9599CF6348B0EAC781225457
9499116040 22177 5620 D72F329BBC965EF87D4F06DE8454E2EEDB3D19B7B290E8791B8CDD8E47FEF1AD
9497369389 24798 24889 7C20F6CF1A09EEE4F40FE6F70B0F070213E4AE0B9599CF6348B0EAC781225457
9495053848 17321 13814 3364186632919941DABFD1BC42AD8FD742BE752AB30A8081EE63D5508685C31A
9493696452 42357 36631 937366D43B4485FFD2A0595C4EF5F451FBD63569892F52D94757684BE4D740BE
9496198944 48450 40776 7C20F6CF1A09EEE4F40FE6F70B0F070213E4AE0B9599CF6348B0EAC781225457
9499901547 56974 30576 7C20F6CF1A09EEE4F40FE6F70B0F070213E4AE0B9599CF6348B0EAC781225457
9498245767 15344 31183 7C20F6CF1A09EEE4F40FE6F70B0F070213E4AE0B9599CF6348B0EAC781225457
9502536901 14135 28200 A3948A14B3878AB089B852BB45B5923EC8E2FC172D1C50CD0F0FB6BF1592179F
9502089643 32262 56598 7C20F6CF1A09EEE4F40FE6F70B0F070213E4AE0B9599CF6348B0EAC781225457
9498585176 7999 6188 B2631ABB78ED93397DD884B2416E51504BFC37B25CED7E965F04486C1E5CDAEC
9496569275 5076 3036 7C20F6CF1A09EEE4F40FE6F70B0F070213E4AE0B9599CF6348B0EAC781225457
9493147377 7136 13727 7C20F6CF1A09EEE4F40FE6F70B0F070213E4AE0B9599CF6348B0EAC781225457
9500558460 30995 61312 46280151A197C6341505BC6CE74E8CCBC132A7F67DA582AA2237B1C1F89F30A9
9497556454 40565 24162 1C025E02B2C92A8CAD136D2F8E272901EE40D53C2E86D850236D7F73CC96FEF9
9494100646 22382 9460 7C20F6CF1A09EEE4F40FE6F70B0F070213E4AE0B9599CF6348B0EAC781225457
9500009818 26041 10249 9EA23370EE5C5BE5E17E33110536B876C771CEB584432808229D144CDD0ED659

Total of 0 tasks calculated error.
