Total of 100 tasks calculated correctly, accuracy 100.00% 
9506593972 35659 23702 706DB53A830FC1410141B54739AD7D356A7924712EC176736A7AE81F56408FFE
9516237029 44307 46937 891B7D9C9233F5B0A02A16199CA8BCC8FD5638BAE79F6D82F62E7CE1A9F73959
9513807195 24199 50523 DF6E0EB2F137C12B8D465F9FDF2AF7EF7F0E99AD1382C8FB1C0D0D7033295511
9513849784 56525 62061 84D86AB3ACE98986473459301DCBB54D89086CEFBCAD3DD583506B811751D174
9509405360 24980 58574 7C20F6CF1A09EEE4F40FE6F70B0F070213E4AE0B9599CF6348B0EAC781225457
9512441140 50578 36832 7C20F6CF1A09EEE4F40FE6F70B0F070213E4AE0B9599CF6348B0EAC781225457
9512826468 27547 2070 CAB9E161CF8F9AB41000C7C96EBDBC80B9A48E6B03DA51B112E93D8DD786F9A1
9510889082 39235 61018 DA6FBBFD67FFECBC8F51A10BEB8B54B487DCA1F7F73078D33A7AC1CA346DF5EF
9510295712 37491 19492 CA75E8CF9EE334745E6CBB6B4A3A927A9A769550FFBF7277E5D61FCB93C4CD4A
9508056097 48621 52603 F8FA46A69EBC65D7909353C5FF8884D8D0E2E02EF8904CD76BC93A5C63816735
9508084992 38622 36182 7C20F6CF1A09EEE4F40FE6F70B0F070213E4AE0B9599CF6348B0EAC781225457
9509608180 34117 56010 1FCAE4D8D313F45CA27A11534B4CD27D2DCB5D2077EB4A59FD6E6B779822343C
9505809387 57552 34132 7C20F6CF1A09EEE4F40FE6F70B0F070213E4AE0B9599CF6348B0EAC781225457
9510422964 46932 27067 7C20F6CF1A09EEE4F40FE6F70B0F070213E4AE0B9599CF6348B0EAC781225457
9513815653 16366 19188 7C20F6CF1A09EEE4F40FE6F70B0F070213E4AE0B9599CF6348B0EAC781225457
9515011266 30997 38332 9B88F8A7226466492A6C223FC804478D1C5CBDF440CEF6A5EB46AD04B0AF446E
9510289508 13006 54482 7C20F6CF1A09EEE4F40FE6F70B0F070213E4AE0B9599CF6348B0EAC781225457
9514736662 6228 47957 7C20F6CF1A09EEE4F40FE6F70B0F070213E4AE0B9599CF6348B0EAC781225457
9512163584 45600 52014 7C20F6CF1A09EEE4F40FE6F70B0F070213E4AE0B9599CF6348B0EAC781225457
9516134457 23211 51264 D4D534470B725126F2FF54546E712B4F84F168E0FA0FE5F0BA6638E1630A3E6C
9511340005 48056 17355 7C20F6CF1A09EEE4F40FE6F70B0F070213E4AE0B9599CF6348B0EAC781225457
9510577152 24404 28829 7C20F6CF1A09EEE4F40FE6F70B0F070213E4AE0B9599CF6348B0EAC781225457
9505144673 27792 47657 7C20F6CF1A09EEE4F40FE6F70B0F070213E4AE0B9599CF6348B0EAC781225457
9509800938 5631 15315 19E194CE4A57663D8749ECF1D678DD0E6D79FADD411A572E6E1CD66685706B6A
9504663096 42324 12006 7C20F6CF1A09EEE4F40FE6F70B0F070213E4AE0B9599CF6348B0EAC781225457
9505808899 65436 48266 7C20F6CF1A09EEE4F40FE6F70B0F070213E4AE0B9599CF6348B0EAC781225457
9513677281 63599 59551 0C72F9DA06CBC369CBB9AD8BA6BC0EB5D6AE7A91E9CC77A738B1DF75025CD6E8
9507125373 36726 58083 7C20F6CF1A09EEE4F40FE6F70B0F070213E4AE0B9599CF6348B0EAC781225457
9506135869 35536 42272 7C20F6CF1A09EEE4F40FE6F70B0F070213E4AE0B9599CF6348B0EAC781225457
9504938787 43712 7592 7C20F6CF1A09EEE4F40FE6F70B0F070213E4AE0B9599CF6348B0EAC781225457
9508900729 18912 17909 7C20F6CF1A09EEE4F40FE6F70B0F070213E4AE0B9599CF6348B0EAC781225457
9507811527 49870 16497 7C20F6CF1A09EEE4F40FE6F70B0F070213E4AE0B9599CF6348B0EAC781225457
9515227590 11470 60982 7C20F6CF1A09EEE4F40FE6F70B0F070213E4AE0B9599CF6348B0EAC781225457
9504809058 62896 17706 7C20F6CF1A09EEE4F40FE6F70B0F070213E4AE0B9599CF6348B0EAC781225457
9510864945 7440 4749 7C20F6CF1A09EEE4F40FE6F70B0F070213E4AE0B9599CF6348B0EAC781225457
9510865431 65236 21958 7C20F6CF1A09EEE4F40FE6F70B0F070213E4AE0B9599CF6348B0EAC781225457
9512920995 52549 34175 7B68A17522FC1AAB4375AF692738822CFEF57629DA5D543986FDFC55E9668294
9507236560 6719 34359 F4551C9445ED9AB3EFFEA1B3316FB5ED48CFFBB049804514347552394A4F5601
9509354058 44116 8831 7C20F6CF1A09EEE4F40FE6F70B0F070213E4AE0B9599CF6348B0EAC781225457
9506225822 42129 18821 A07E189DC47F8270A3BC6B5031997D229BEF8577D9DEE79FC42DF8DD8A15E655
9515589240 27473 57707 FA297318C60F4D1EECB05822CFD2607ABCF01E588CE0E4BDB330D23521741D69
9512777909 64500 55424 7C20F6CF1A09EEE4F40FE6F70B0F070213E4AE0B9599CF6348B0EAC781225457
9514472402 2435 59903 F24AEE99B8169299DC9345D4E61E7C4372A5435C9E7FB2DA4DE7A8C969A3F8AD
9506575614 52590 14022 7C20F6CF1A09EEE4F40FE6F70B0F070213E4AE0B9599CF6348B0EAC781225457
9505416799 6591 54040 FBD468A2D7CF2774559E8D9F0C1D2C9F626F56B92F92D95930A18888CDA887B4
9505531171 36440 11843 7C20F6CF1A09EEE4F40FE6F70B0F070213E4AE0B9599CF6348B0EAC781225457
9513192666 30682 53295 7C20F6CF1A09EEE4F40FE6F70B0F070213E4AE0B9599CF6348B0EAC781225457
9506510723 43674 15372 7C20F6CF1A09EEE4F40FE6F70B0F070213E4AE0B9599CF6348B0EAC781225457
9511954750 53144 44485 7C20F6CF1A09EEE4F40FE6F70B0F070213E4AE0B9599CF6348B0EAC781225457
9506944936 51193 52483 C11F945A5033132E8E99D4F10E22FDBC8B7B928B930D233A63CD9E1CE47A3552
9507420605 32492 59637 7C20F6CF1A09EEE4F40FE6F70B0F070213E4AE0B9599CF6348B0EAC781225457
9513069484 21710 21277 7C20F6CF1A09EEE4F40FE6F70B0F070213E4AE0B9599CF6348B0EAC781225457
9511932285 24186 4096 7C20F6CF1A09EEE4F40FE6F70B0F070213E4AE0B9599CF6348B0EAC781225457
9508880373 37802 14827 7C20F6CF1A09EEE4F40FE6F70B0F070213E4AE0B9599CF6348B0EAC781225457
9511113603 6084 13973 7C20F6CF1A09EEE4F40FE6F70B0F070213E4AE0B9599CF6348B0EAC781225457
9509797724 6455 52790 FCDD20930C7151506EDD3B3B4D08B48F98EAB66D42FADDBB359B310A0A4F6319
9509426745 58349 9453 1C160A9F22ED93E280E17BCEE401E24766EF98E5F3C007080D84359706EEEB74
9512854580 33314 39709 7C20F6CF1A09EEE4F40FE6F70B0F070213E4AE0B9599CF6348B0EAC781225457
9511662944 23887 1251 A5EDDB6D5E3B2BA824F31FB14EA6FFD679C797D41BAFACD6CD381B1D513CC9CE
9510736373 46301 63533 37BE2FA72848B39EEE4271FAB1C64FBB594986152430FDAEF220C994DAA3CCEF
9505787918 47710 36557 7C20F6CF1A09EEE4F40FE6F70B0F070213E4AE0B9599CF6348B0EAC781225457
9511647195 19673 26252 AEE85A5898EE0771E56FE31A3CA66BC0A34E7771C26BEDB13FE7D93B85A6BD75
9507706663 58093 40411 D9DDE8AD95B43762557786744EBB88CFE392078B72289899EC8DD0938E47131E
9514524579 41366 5102 7C20F6CF1A09EEE4F40FE6F70B0F070213E4AE0B9599CF6348B0EAC781225457
9504988960 33312 7617 7C20F6CF1A09EEE4F40FE6F70B0F070213E4AE0B9599CF6348B0EAC781225457
9506879558 47508 46790 7C20F6CF1A09EEE4F40FE6F70B0F070213E4AE0B9599CF6348B0EAC781225457
9509771849 36295 7826 4E0393731EC3A2D78273B497045F48665377951C45BFE920CB7E093C3C56FE72
9506091372 25919 25402 708BE2629D82BFD1CC79C060AB54D0502A81415660AE387A395FB5E17156A462
9515030947 55805 53150 0C2BD0786DEEC1D5A07DEFB20D75BE851AF06E9C4EF2468ED4825446AB087016
9513620653 2100 10974 7C20F6CF1A09EEE4F40FE6F70B0F070213E4AE0B9599CF6348B0EAC781225457
9510867624 63303 15980 14F91A4909AC5F566D6B454BFDDDE16FF3C2FA8D20466EC8EDD3F5CA96581133
9512359653 39478 49140 7C20F6CF1A09EEE4F40FE6F70B0F070213E4AE0B9599CF6348B0EAC781225457
9512659175 60330 47548 7C20F6CF1A09EEE4F40FE6F70B0F070213E4AE0B9599CF6348B0EAC781225457
9509704660 13615 14691 494A8E2C9D37B0E380C22ECA0DBA8CB6743BC4F300CBA570DAA209D3EFB0318A
9514499173 25326 8145 7C20F6CF1A09EEE4F40FE6F70B0F070213E4AE0B9599CF6348B0EAC781225457
9513704894 31419 33225 F69DBDDC462174B166CE6170A6953D7E514AB319C45FB9D4E83DB0E674076597
9507606236 21752 31948 7C20F6CF1A09EEE4F40FE6F70B0F070213E4AE0B9599CF6348B0EAC781225457
9508723784 32074 60808 7C20F6CF1A09EEE4F40FE6F70B0F070213E4AE0B9599CF6348B0EAC781225457
9514272748 18857 21652 3B0402BDB4684392A7DA9B3E1FABF241E4BCB4EA7E953C44ACE69192082E334A
9506343708 42942 1150 7C20F6CF1A09EEE4F40FE6F70B0F070213E4AE0B9599CF6348B0EAC781225457
9513089134 35053 14723 76F7277263FCBE400FC68D20E0CB324722B37881801033561B130978BA8DEEF3
9504842390 50283 63852 66EAFA556F24225067DB397508455E95D48C6F34E87E5BB3A3B6E74519994CAE
9506610344 33832 30722 7C20F6CF1A09EEE4F40FE6F70B0F070213E4AE0B9599CF6348B0EAC781225457
9509460202 45478 27488 7C20F6CF1A09EEE4F40FE6F70B0F070213E4AE0B9599CF6348B0EAC781225457
9513158054 2686 25206 7C20F6CF1A09EEE4F40FE6F70B0F070213E4AE0B9599CF6348B0EAC781225457
9509701191 52007 51154 D58BE020D8245E1B088B8DD1E911ECC03D6BA53E65AD60A8C6E55C7B22032222
9514358380 7259 61392 83A76377141439D0110AC62BBE88F6CC506950AC6FC68DAA476322D6A1533D04
9512391493 5970 22076 7C20F6CF1A09EEE4F40FE6F70B0F070213E4AE0B9599CF6348B0EAC781225457
9516088837 34802 65016 7C20F6CF1A09EEE4F40FE6F70B0F070213E4AE0B9599CF6348B0EAC781225457
9512822704 38207 19472 F17890C10792DD45091A1F4E4CCDA934C76EA01BB3AA745C15E0318FB0AE68B3
9508196569 58610 25568 7C20F6CF1A09EEE4F40FE6F70B0F070213E4AE0B9599CF6348B0EAC781225457
9505303829 11059 7727 5DDE197C311FA4027929D6F136925C8F4DE471C56DE7371121C4C734C75E463D
9515138493 33308 34165 7C20F6CF1A09EEE4F40FE6F70B0F070213E4AE0B9599CF6348B0EAC781225457
9511440121 45850 1621 7C20F6CF1A09EEE4F40FE6F70B0F070213E4AE0B9599CF6348B0EAC781225457
9514751247 33938 61760 7C20F6CF1A09EEE4F40FE6F70B0F070213E4AE0B9599CF6348B0EAC781225457
9515615515 1468 59066 7C20F6CF1A09EEE4F40FE6F70B0F070213E4AE0B9599CF6348B0EAC781225457
9507925610 23084 15416 7C20F6CF1A09EEE4F40FE6F70B0F070213E4AE0B9599CF6348B0EAC781225457
9514823087 52172 30540 7C20F6CF1A09EEE4F40FE6F70B0F070213E4AE0B9599CF6348B0EAC781225457
9506449828 31531 26896 C75D1E24B43A49CCE1481645261D66874151CA19E4D2C6924856A2F425B42ED2
9506459147 33326 44318 7C20F6CF1A09EEE4F40FE6F70B0F070213E4AE0B9599CF6348B0EAC781225457

Total of 0 tasks calculated error.
