Total of 100 tasks calculated correctly, accuracy 100.00% 
9523992010 42267 37375 03BB0165E98D7166BB57DBCA8A89511EA7FF1BFC63A55FED43498686E46C0F03
9527530842 62570 10233 7C20F6CF1A09EEE4F40FE6F70B0F070213E4AE0B9599CF6348B0EAC781225457
9523967795 52350 44833 7C20F6CF1A09EEE4F40FE6F70B0F070213E4AE0B9599CF6348B0EAC781225457
9519959072 6149 8579 46135BA5831183CFDF196F70308C033859257DD8121D7FAB8B29552A02AFDFB8
9520768726 51946 57411 7C20F6CF1A09EEE4F40FE6F70B0F070213E4AE0B9599CF6348B0EAC781225457
9521248275 27337 49631 021555CE1F07D0F68B14D568757786DB112107CCAA2DF2055F50AE6717561A81
9527719479 63311 24421 09006263127D9364D04499F3FD7A663A02013ADDE6677472ED1795395E31594C
9517932023 47544 35573 7C20F6CF1A09EEE4F40FE6F70B0F070213E4AE0B9599CF6348B0EAC781225457
9525229112 4198 13164 7C20F6CF1A09EEE4F40FE6F70B0F070213E4AE0B9599CF6348B0EAC781225457
9521041106 62323 25696 496B4202951EAF7700010F680F1F6F3D56FC571CF86854C2B6DF2A0D5B2AE2BF
9528190085 16193 38045 F438CAB596DB4441BB07207544C735D0B47E256E7D0AD3B5899351203D56FF54
9525393187 62735 16280 2C495617E5571E46C197AF93855874A9EAD18EC119602A9DFED2C997EFD2E652
9521503827 41641 59322 228166D0EC0E05C924442B7694C0B20BDD2D1A195274CF3B858F610FCA14B298
9527171192 54878 3284 7C20F6CF1A09EEE4F40FE6F70B0F070213E4AE0B9599CF6348B0EAC781225457
9521204284 17714 18477 7C20F6CF1A09EEE4F40FE6F70B0F070213E4AE0B9599CF6348B0EAC781225457
9521856981 59394 47431 7C20F6CF1A09EEE4F40FE6F70B0F070213E4AE0B9599CF6348B0EAC781225457
9522866675 31196 29947 7C20F6CF1A09EEE4F40FE6F70B0F070213E4AE0B9599CF6348B0EAC781225457
9519960126 41756 63938 7C20F6CF1A09EEE4F40FE6F70B0F070213E4AE0B9599CF6348B0EAC781225457
9523234840 20059 26803 FA961BCC1F7D498255176079E1661602C9A90B011F5476BF865CE6A225D54E26
9519411848 30663 58584 21303472FD410E53F5E1572662A08D3ECA23D57468021155EC545BBDD5EEEE79
9527623255 5734 30236 7C20F6CF1A09EEE4F40FE6F70B0F070213E4AE0B9599CF6348B0EAC781225457
9523870502 36098 57757 7C20F6CF1A09EEE4F40FE6F70B0F070213E4AE0B9599CF6348B0EAC781225457
9518078656 33870 63230 7C20F6CF1A09EEE4F40FE6F70B0F070213E4AE0B9599CF6348B0EAC781225457
9523207532 23337 46705 68D6387C7B9ECEF8E1C08B5E518C01C75FFF790E44F14493CD4B21665431580F
9520664527 57448 31023 7C20F6CF1A09EEE4F40FE6F70B0F070213E4AE0B9599CF6348B0EAC781225457
9519777950 12092 51566 7C20F6CF1A09EEE4F40FE6F70B0F070213E4AE0B9599CF6348B0EAC781225457
9517074181 10325 3903 3D8FF58145F20E12037E336A2E477B28CADFBF93FD6ABF71207217B017B54508
9527939029 5578 55292 7C20F6CF1A09EEE4F40FE6F70B0F070213E4AE0B9599CF6348B0EAC781225457
9521708725 8084 45581 7C20F6CF1A09EEE4F40FE6F70B0F070213E4AE0B9599CF6348B0EAC781225457
9517160038 1916 27025 7C20F6CF1A09EEE4F40FE6F70B0F070213E4AE0B9599CF6348B0EAC781225457
9526462897 51467 25446 A9D96EC4FCB96B280308DCF26FEE8756B946B92C62ABF3510B18031C52C7DEB9
9523152645 63153 61106 BC729BC5391457B52A01D0BDA36C6FE15A93CB442EF6D45881140CE3BEECFED3
9525760412 44672 2910 7C20F6CF1A09EEE4F40FE6F70B0F070213E4AE0B9599CF6348B0EAC781225457
9527494369 33210 65385 7C20F6CF1A09EEE4F40FE6F70B0F070213E4AE0B9599CF6348B0EAC781225457
9523529000 30208 20256 7C20F6CF1A09EEE4F40FE6F70B0F070213E4AE0B9599CF6348B0EAC781225457
9520126753 19420 16913 7C20F6CF1A09EEE4F40FE6F70B0F070213E4AE0B9599CF6348B0EAC781225457
9518215722 37430 49988 7C20F6CF1A09EEE4F40FE6F70B0F070213E4AE0B9599CF6348B0EAC781225457
9523608394 55767 36767 0A405708DBF57EBAF602ED20E5100F3841F482A6B50BD487707910D5D16F9737
9527147728 17055 21369 439F42C6F5744419A7C9D9ACC69D744BB66273C4B3A061DE5494B988243A24BE
9521727390 22284 38509 7C20F6CF1A09EEE4F40FE6F70B0F070213E4AE0B9599CF6348B0EAC781225457
9528078488 7454 35008 7C20F6CF1A09EEE4F40FE6F70B0F070213E4AE0B9599CF6348B0EAC781225457
9522947833 24107 17908 81ED65088B7B541DCB61DC15042646D1A81B6022A891C8777ABEE1DA14497D27
9518031008 16754 60646 7C20F6CF1A09EEE4F40FE6F70B0F070213E4AE0B9599CF6348B0EAC781225457
9527457067 44295 45332 51E1C399F7A23AD258F80969451AC5CFE84FCD0C781F11F6C6892A37694C6DED
9516747104 3281 36369 3A2D805C0DB47E084605D85A809C609A6B263C48CA4A313C955D9E97398AC273
9525220267 49074 63961 7C20F6CF1A09EEE4F40FE6F70B0F070213E4AE0B9599CF6348B0EAC781225457
9523418845 22674 40434 7C20F6CF1A09EEE4F40FE6F70B0F070213E4AE0B9599CF6348B0EAC781225457
9519522474 54123 43508 5EF588FE22AEE38F8455F6F54727EABF56FC6172E6B2AB1243DEFE14944AFC05
9521510909 12021 62906 5E6DC2372F5E3D510B2E36F6AA595B0E37422F28B3B0A221158227958837F63C
9527235198 30573 15523 EEDB20ED34F0383E45406EC605CCCF65B5027B89C5981E46744629687E603F80
9523431289 59606 18675 7C20F6CF1A09EEE4F40FE6F70B0F070213E4AE0B9599CF6348B0EAC781225457
9522112637 19517 15405 A20328EE144D2631D296C75ED7A8AB8B979CDA37C30F87CC37E1730E4524E572
9523443241 36801 53930 7C65193B069413CD0EFDC681ECD582571B043B71C4205DE5862113B121F846CB
9517518083 53480 40940 7C20F6CF1A09EEE4F40FE6F70B0F070213E4AE0B9599CF6348B0EAC781225457
9522720835 30099 27737 6418EA5E97D1568DCEDDE9F19C7158DAFC7A4171E3BD206CEC988B3700DF7BA0
9518048338 8695 61214 CEA47D6DC1F0B8DF74AB73CAB080F65BAB7CD4EEE282FC7FCD2CA1C9C141DB77
9520044958 1437 49043 0C394470A1D6D4E7477A08920AA4C10ECC1DE8C41CFE3000BFFC57F24C7D8EC0
9525105057 42422 34304 7C20F6CF1A09EEE4F40FE6F70B0F070213E4AE0B9599CF6348B0EAC781225457
9520862210 63330 55789 7C20F6CF1A09EEE4F40FE6F70B0F070213E4AE0B9599CF6348B0EAC781225457
9520053224 12774 23511 7C20F6CF1A09EEE4F40FE6F70B0F070213E4AE0B9599CF6348B0EAC781225457
9523660144 46299 33066 21A4266F39E65F33B7059523B295152354DA312AAF699390C012ACB667972EB6
9526202139 55651 47948 050A9C123830A746D35CFA6600ABB71AAC60EFAB8848E6EC77EB683022E7D61D
9525943160 2692 38154 7C20F6CF1A09EEE4F40FE6F70B0F070213E4AE0B9599CF6348B0EAC781225457
9525893551 48081 46034 E507BB8B368DF56DABA52F09C5D552D8B74755875492F6CDCD18A14D7508A53A
9517553334 22521 40224 F7762831E64116B9FC12C9DC69B42EDD4BC4C758E29BF265C42F8B824A3A608A
9517912729 26201 12983 E593B48326ED4682ED936596BE357BF681069729F91C13414CD6E17442C9E0BA
9517879065 10446 39756 7C20F6CF1A09EEE4F40FE6F70B0F070213E4AE0B9599CF6348B0EAC781225457
9516616106 20541 54033 1F1EE3D3FFB80E54E0B1B85AC42EBAF5CB70856E20E96F0A52C93A56C8674E54
9521106553 49153 11570 FAFA183684920D5790A0CDE6114265658990CCA269BE820EFF0050AADEC1D217
9528222912 17709 55331 90D76300D330B9AFC07F16DE7067A3D98D6391C1C12CC690EE4E39507A05FABB
9518378209 32071 47256 DBA1ADC5CAE2A56F05B7BF69EB9CB39C913334D9600C2FF514B725C3C8796B1A
9524995637 1198 46330 7C20F6CF1A09EEE4F40FE6F70B0F070213E4AE0B9599CF6348B0EAC781225457
9524865280 50455 44317 40FDCD403D83133B6DBD58E1F3A821C2079EF40BAFF405BD8FC7B1594ECCA808
9518205800 6910 54707 7C20F6CF1A09EEE4F40FE6F70B0F070213E4AE0B9599CF6348B0EAC781225457
9518593589 33312 53371 7C20F6CF1A09EEE4F40FE6F70B0F070213E4AE0B9599CF6348B0EAC781225457
9518799883 32486 22408 7C20F6CF1A09EEE4F40FE6F70B0F070213E4AE0B9599CF6348B0EAC781225457
9524541585 32545 25294 2A0ED0157B1CE5671D80D62CCF3134A2E3ABF22600C7CFA1E05B6FF7945F7581
9519596268 31673 62132 801BFC908029792585F08E0DF500FAE348A9B136DB64C68C80F982D42BC4C69A
9520306502 25120 49912 7C20F6CF1A09EEE4F40FE6F70B0F070213E4AE0B9599CF6348B0EAC781225457
9517719442 20413 19680 673205430067D4F3B2AA190DE8D147971A4BEC1981E9472A8E063C182A9533F9
9521401379 61965 52305 C4174AEC9AE17DC24041D69805B6E9A55B29F50B73FCC1E672192E8A0CFECEE4
9520598775 49417 63472 91F52FB1121615E1382940C5F2532486459BA3988459EE559E1CDFAF8F708DEC
9522091297 11403 5480 015A0FE3EFF24F414284C2AC52236C33E94B7DD507124B3604A3C874CF25DD73
9528290453 46609 62655 D1631A7BA6D011B93373D5B2352B62A336A5FD7347FF320457D1517D5CD9B7F9
9522412187 26931 50352 CD0BCB80CDF5580E6E4EEF4470384B4CF8F7720A32F102B30F2E5F1E836FD8E9
9517346426 35809 1827 6A19C7DB5AA438D145240E872AE20D2F37423B0D113EEB7F10CCA6ED34FDEA7C
9524790342 3228 9048 7C20F6CF1A09EEE4F40FE6F70B0F070213E4AE0B9599CF6348B0EAC781225457
9525498173 34681 50633 F7F16566365ECAC6B79AB97D0AEDAC7FFACF2EF80615F1F94290105DA1276EFF
9521759134 46835 10778 D7CFC2DBFC06707CF3393730EA53D7D4335A9B00ED9115184E2F39CBD2BE09E3
9521036164 34207 12259 D2F462A2D46C50474A32376EE6699567FFC47230C2270531A99DC70E49A0378E
9524468733 3858 40381 7C20F6CF1A09EEE4F40FE6F70B0F070213E4AE0B9599CF6348B0EAC781225457
9522704805 17518 62148 7C20F6CF1A09EEE4F40FE6F70B0F070213E4AE0B9599CF6348B0EAC781225457
9525472195 14877 35095 85F6F8D4C4BAFD1AE0B0F348DFECC12C83C539EB3FD2937B8F383ED0814CD8D2
9518534714 41361 23208 86DC9018C0930CBC02CC7D27BB40002B7345B3B4A429E384E12EFBEBEDAE768A
9521742946 15482 59748 7C20F6CF1A09EEE4F40FE6F70B0F070213E4AE0B9599CF6348B0EAC781225457
9524890417 39838 7679 7C20F6CF1A09EEE4F40FE6F70B0F070213E4AE0B9599CF6348B0EAC781225457
9520760555 37350 65001 7C20F6CF1A09EEE4F40FE6F70B0F070213E4AE0B9599CF6348B0EAC781225457
9522876048 47876 2466 7C20F6CF1A09EEE4F40FE6F70B0F070213E4AE0B9599CF6348B0EAC781225457
9518149482 50428 44389 7C20F6CF1A09EEE4F40FE6F70B0F070213E4AE0B9599CF6348B0EAC781225457
9524757296 29897 59987 7284C64E8531C40126FD01CD28B256574D37E5469096690406DFAD8AC8A61A8E

Total of 0 tasks calculated error.
