Total of 100 tasks calculated correctly, accuracy 100.00% 
9579357220 37829 48736 711CB3570B39BE11067882D3F991C4DB54EBEE7EF1752776E85B708AD33D147F
9582283871 23991 56132 AEB49610305C32841448F08CDFBE307D2CC101AE0673D62B4E8D31FCE0E92DB4
9582837866 49485 24327 8DE6301D2FBE5C38A76A1F2F6EAFA004F86303DC85C7C7B53EEDFEB423BBD3C9
9583247144 60743 50053 E62E0F16C24A7D77A0C2E66FD8D0027446B357EB662FF3494402562D3568F6B0
9583768158 48690 9183 7C20F6CF1A09EEE4F40FE6F70B0F070213E4AE0B9599CF6348B0EAC781225457
9583619602 62719 42742 3664E566D04A2872DBDDACC7C38003F3F8DAF786D8DD2DC6357C0193A87218A9
9586955332 2663 8211 CD82026BB3B1746BF162F3471BAB5E31730E564B016B521E85E1A42259E91A58
9577026208 34621 63763 58A93A3681CD233471ACFDC3C1F234A744B0876E1F94287480E8923896BB091E
9584088200 15599 10067 D9F7500F1E8C33E89DB240C3E8352B5F80FE6012E1F051E5DB9FCF29873BEAED
9579927315 44842 21130 7C20F6CF1A09EEE4F40FE6F70B0F070213E4AE0B9599CF6348B0EAC781225457
9583919306 25712 25124 7C20F6CF1A09EEE4F40FE6F70B0F070213E4AE0B9599CF6348B0EAC781225457
9584074429 17362 49561 7C20F6CF1A09EEE4F40FE6F70B0F070213E4AE0B9599CF6348B0EAC781225457
9578703639 47611 3982 4593AE5ED65D4E917A4BF628B68EE75F5F1B3B5ED798B8A969BE334CD1A55A31
9578469799 62648 35979 7C20F6CF1A09EEE4F40FE6F70B0F070213E4AE0B9599CF6348B0EAC781225457
9580541065 56148 10627 7C20F6CF1A09EEE4F40FE6F70B0F070213E4AE0B9599CF6348B0EAC781225457
9583177718 31445 29190 A68C92A87407539EA591039CDDA0BD54096E72A315C4613BF4A507CDE2F6BF2E
9584680982 51722 56807 7C20F6CF1A09EEE4F40FE6F70B0F070213E4AE0B9599CF6348B0EAC781225457
9584291702 5361 30021 9EB2FC4284EE461685F14F37DECD1F702A7128BEB013CC922E589A1E8E4B1272
9582892954 4795 47671 1F3C4D95BFEC533090FE4214ED5FCF732A332FB85D79B1AA69BADE158BC66D17
9584080708 30441 14125 A37B864C559A5B9E468D4ABCA05E9C8D19372DA1BB67CF68C18AAABF3CF517C2
9586110642 61433 31876 FFFC1AFF8EF11007F280E35764B4E9CCFB361D02FA0FC9B77549AD3E60DF7E75
9577681733 3634 3815 7C20F6CF1A09EEE4F40FE6F70B0F070213E4AE0B9599CF6348B0EAC781225457
9582851494 49934 9983 7C20F6CF1A09EEE4F40FE6F70B0F070213E4AE0B9599CF6348B0EAC781225457
9582562270 56636 57495 7C20F6CF1A09EEE4F40FE6F70B0F070213E4AE0B9599CF6348B0EAC781225457
9578873980 22131 3983 AA0531223A0789940703F59F216DF5C3F3AEB0CC44EC8FB4F90BEB6461BC84D8
9578461171 38247 49381 BF349476480CDF0F3713D3396002909CDA7576C914EB7214A50AF5F3D4082D24
9588041176 981 26702 3E000EBB766D0A7CC417EAE79D8CE047B93354BD941D22D7A8882BCDD6CE58FC
9584167955 45828 5122 7C20F6CF1A09EEE4F40FE6F70B0F070213E4AE0B9599CF6348B0EAC781225457
9584688491 14235 35171 5AB9D9F05E61AA3FADA9FB5A019B927593DD5DBA8008D3D4D34900D067355D64
9581683018 12802 32164 7C20F6CF1A09EEE4F40FE6F70B0F070213E4AE0B9599CF6348B0EAC781225457
9581058554 16735 59049 4D51D9AD744B53D5F71DF0A9DDCBC6F489E366B6AA50F2AA7DA232550136427B
9581259657 24188 42709 7C20F6CF1A09EEE4F40FE6F70B0F070213E4AE0B9599CF6348B0EAC781225457
9584807521 776 13925 7C20F6CF1A09EEE4F40FE6F70B0F070213E4AE0B9599CF6348B0EAC781225457
9586388780 51089 13054 4BC05F9EC7710EC728F4249169A6A71F8119646D23071F4DC750E069CBB742A8
9576583595 40768 31471 7C20F6CF1A09EEE4F40FE6F70B0F070213E4AE0B9599CF6348B0EAC781225457
9583186135 44381 47921 A166524E35412ECDDCB115497F6D38CF5BEBC0472C1D2D62C4A10570BE4CEFBC
9584655164 55385 13241 93508755CAA56366519651C3A062FA04A0C268C5F839B55FD7043849A1A2CB88
9587342389 58393 56104 4059537C7114175AB376307A2D1BCBFB6EFAD474BFDAF5D4835AED1C6B00F726
9576542977 3230 50043 7C20F6CF1A09EEE4F40FE6F70B0F070213E4AE0B9599CF6348B0EAC781225457
9588035996 36650 57072 7C20F6CF1A09EEE4F40FE6F70B0F070213E4AE0B9599CF6348B0EAC781225457
9581243384 14626 1682 7C20F6CF1A09EEE4F40FE6F70B0F070213E4AE0B9599CF6348B0EAC781225457
9579967126 10723 60611 2B3AAC91953F8D8FA22BC4B300B77B81084D51A36D13EA3819339D79989EFB5C
9576820203 457 32349 B3B27743901F52AD91745CDEA6A1C42F95E95059B5EC2B65744BC8F25EB1DBDE
9584275767 12216 56213 7C20F6CF1A09EEE4F40FE6F70B0F070213E4AE0B9599CF6348B0EAC781225457
9581643368 23668 7578 7C20F6CF1A09EEE4F40FE6F70B0F070213E4AE0B9599CF6348B0EAC781225457
9577575594 51655 29224 5725FFFB8485505FF4AA4C40C00CE0D7A8FB98B5B566861E07362A116FA568F0
9580529135 837 41595 E42D3EB0BE0174E5414E3DCEF6D1830C731B8ECE2AACF9F9B22ADF4757BCF33D
9588358425 60840 27585 7C20F6CF1A09EEE4F40FE6F70B0F070213E4AE0B9599CF6348B0EAC781225457
9579196790 19729 62294 047F42C3D73145C20A5DA8E75E3CBE528F62FAB6DFA39E0A33F002B268FD7B1F
9583711067 25346 14853 7C20F6CF1A09EEE4F40FE6F70B0F070213E4AE0B9599CF6348B0EAC781225457
9577758298 36891 58155 1A248D5F03B16670E2C7F57DDCB46F36A80437D297CEE281BDA9D742DA0EBBA2
9579636450 39259 34531 A46CEFB876952BE5F5FB79D48CA3BD2E8E4F9378E16FC7B47BEC3D0AB9E59097
9581365326 10437 787 4632F80BF584EE1697BDF2ADC6D0B86F090A03CA3A8285FDE019ECC23E5AB367
9578939727 2452 18122 7C20F6CF1A09EEE4F40FE6F70B0F070213E4AE0B9599CF6348B0EAC781225457
9579926196 28673 26778 A0AE9932F99B67A5C8DE61CF7591FF82785E8A75238A6B43F9DFC28BEB2848E8
9586417805 55452 17765 7C20F6CF1A09EEE4F40FE6F70B0F070213E4AE0B9599CF6348B0EAC781225457
9579990227 18973 22557 BC3383F6A2A4CB1ED39CC6EDB61412D6CEDCC7275EE5BFAAC66638DE0169B5CB
9581123254 1939 18611 DA2318A10B3928480828D9A65D83ED4368B7823701D92674BEB59865766C6AAC
9577716795 11453 26305 BE79B11CF5A267BFA160E4FE509EAEFAE8A1D50BA13380FDE46836F375E4DCA5
9579828393 38412 31268 7C20F6CF1A09EEE4F40FE6F70B0F070213E4AE0B9599CF6348B0EAC781225457
9586317263 373 60104 679C9409BDC3C75CBD17E4A6605FD69EB91260BAE6D8FEA1B3C65838BA9148A0
9582122856 43834 21910 7C20F6CF1A09EEE4F40FE6F70B0F070213E4AE0B9599CF6348B0EAC781225457
9581086914 62042 15972 7C20F6CF1A09EEE4F40FE6F70B0F070213E4AE0B9599CF6348B0EAC781225457
9577125776 15909 58150 9C7758D14E1F0F29063F1B235A092017D72D81185A06BF20F6A8B0A9819638A3
9577348867 8511 4377 C3A0A50868EEB1723DF9714BDC11C97B84357601927073AA6E46B4FD16D38B1D
9585234297 56101 11387 D416863CA9144613D32F0EE056757522900EAC956BEF0909311CF00729A5305D
9579406800 37490 41795 7C20F6CF1A09EEE4F40FE6F70B0F070213E4AE0B9599CF6348B0EAC781225457
9576998122 59627 56990 25B2CE6BB64C931EF1F2225F6061085596EA398138DB30BCAA51967175D9F254
9583408287 55448 45308 7C20F6CF1A09EEE4F40FE6F70B0F070213E4AE0B9599CF6348B0EAC781225457
9581923307 34544 26968 7C20F6CF1A09EEE4F40FE6F70B0F070213E4AE0B9599CF6348B0EAC781225457
9583450498 50983 25074 6A861D353161BF413A321A41CF890B649159367C9536361C48A3CA0E358A35C2
9584272705 30110 45295 7C20F6CF1A09EEE4F40FE6F70B0F070213E4AE0B9599CF6348B0EAC781225457
9578142365 26731 11645 7982C5C0DA1E36B7B0FDC79A4D348EF7596B1EF932DDBA1A5B63884B9391B094
9584908930 6532 41595 7C20F6CF1A09EEE4F40FE6F70B0F070213E4AE0B9599CF6348B0EAC781225457
9576666895 64139 31850 7DAAA79CE19510A460659A36B2CC47EACA506CAAB1D49D6140408941DDFE92A8
9580483248 51728 20763 7C20F6CF1A09EEE4F40FE6F70B0F070213E4AE0B9599CF6348B0EAC781225457
9587939481 21506 17144 7C20F6CF1A09EEE4F40FE6F70B0F070213E4AE0B9599CF6348B0EAC781225457
9583058606 26382 3495 7C20F6CF1A09EEE4F40FE6F70B0F070213E4AE0B9599CF6348B0EAC781225457
9576832732 56287 19007 40F305AE69AE872C70B3F05ADE880F7E1EEBF17787C4621AAC6BC4565CAA437C
9580067802 63854 21614 7C20F6CF1A09EEE4F40FE6F70B0F070213E4AE0B9599CF6348B0EAC781225457
9583107759 31906 13564 7C20F6CF1A09EEE4F40FE6F70B0F070213E4AE0B9599CF6348B0EAC781225457
9582150998 31768 9198 7C20F6CF1A09EEE4F40FE6F70B0F070213E4AE0B9599CF6348B0EAC781225457
9583952646 8390 7840 7C20F6CF1A09EEE4F40FE6F70B0F070213E4AE0B9599CF6348B0EAC781225457
9584106964 4166 3848 7C20F6CF1A09EEE4F40FE6F70B0F070213E4AE0B9599CF6348B0EAC781225457
9578104381 64511 34350 1569E475471F9728D223CF473B9A23A4EC9916F4E8C95CF382D2E4BF1FD6BE87
9584331136 21786 29547 7C20F6CF1A09EEE4F40FE6F70B0F070213E4AE0B9599CF6348B0EAC781225457
9581587594 28314 2594 7C20F6CF1A09EEE4F40FE6F70B0F070213E4AE0B9599CF6348B0EAC781225457
9582476314 7361 47864 7BD8F279DAF5D8AD443B7161F57DFF4B9BBD1A63E5F87A4819E5155B29085292
9584660198 313 14259 0676B0A3399FE729F37E7F10A21D3A37477648CBB2A49A22FC13014FBE2E8F7A
9586438332 38518 23889 7C20F6CF1A09EEE4F40FE6F70B0F070213E4AE0B9599CF6348B0EAC781225457
9579748711 9676 52970 7C20F6CF1A09EEE4F40FE6F70B0F070213E4AE0B9599CF6348B0EAC781225457
9583301454 33145 54313 0F9A537207B14E82FA3D71520F29C1DE3C795487D6C8EB4390A7FEB80BDB5BC7
9579536502 26433 46247 989BA0B9B5FFFC74588E232F4C831E1D9FE725A70746EEABB4D46D87D0AEA996
9579251597 43307 8037 146BD69E7967831C906BB3A2DD458D7234F3B8E7D879B397DD1030E7BE9FCFEA
9579647460 35355 50044 9DE923557903ECC78247A3DEBC849D3C0BA69C99A6F43C35FEA50A92B7EC3796
9576710218 54273 14087 79484D836A0E3BE7616E61BC3C9B988119E3BD92D50EB1B92E3F2461058FB4D6
9587761921 21664 50815 7C20F6CF1A09EEE4F40FE6F70B0F070213E4AE0B9599CF6348B0EAC781225457
9584441621 2897 57953 DCAD970C6D7BC391E1C075B75951AE542197C0652FAA9288F9F994BCD6250BFC
9576726346 704 54714 7C20F6CF1A09EEE4F40FE6F70B0F070213E4AE0B9599CF6348B0EAC781225457
9583206220 61395 23664 5ABBBDACDCA74F87C030F5BEDFBBDC7C3E2C00A1D4F338A1A19896987B31C00B

Total of 0 tasks calculated error.
