Total of 100 tasks calculated correctly, accuracy 100.00% 
950942507 61941 38447 BCC8C78780149DB1CA48860CA970CE67D2D9ED2892207E8EBEA1D15A6ED0AB61
959450403 27157 43257 E575900339334AE4F4D9B64A85F1C5577A6301D93DF89AB2FB26913FB26F6550
956864947 45721 17702 180F3C04FD6E587FAC223A2707043ED29F9EEE2CBDE9626ACC0980DE8F0A872E
951896883 57989 52807 ED76DE0DC37BA6AE3A4ED1BF96CF9FA3F65915AA3EEAD24A7D18D53B1C0784D5
958245973 4719 48522 883E640D6DC8364C6CA9070763764BB021F6DED23901513523DE7962F7B49D98
954752650 44129 56246 EBDB87D576F2CF70EFB16051B6ED168BBF9BD136DB9D6AB216842A38BEC8C600
955918234 45513 46119 32AFC9973DEA0D381899F07D837143459760EC77871B2E2AA75BFA0A40559104
955553303 13478 22109 7C20F6CF1A09EEE4F40FE6F70B0F070213E4AE0B9599CF6348B0EAC781225457
954902200 28761 63494 85CC0B1C8C15495637A2A21A4428C1D4C3A3DCD47F4A118EDA3082CD772A6625
952038715 57007 28531 362E76E081251DA9D575B8E04803F42D762D43FE421CE684058C32CF680CA950
950674502 11883 33663 B4990326487744552B6762732DF7DFB1A1A007FA191AB94CE0B325E62404B075
953921500 42951 27446 B4E9A2FA803920758CB4D86F45C41E84C84EE49BE5A4C77F4B24C28D61273445
950746222 16184 23431 7C20F6CF1A09EEE4F40FE6F70B0F070213E4AE0B9599CF6348B0EAC781225457
952653417 29096 17224 7C20F6CF1A09EEE4F40FE6F70B0F070213E4AE0B9599CF6348B0EAC781225457
953473486 1372 60250 7C20F6CF1A09EEE4F40FE6F70B0F070213E4AE0B9599CF6348B0EAC781225457
958883152 43113 36830 49DD81B7AB29517CD6ABFACF121C245B05E8EB0F392056FAF38E32C1A481F9F4
956284870 11050 52592 7C20F6CF1A09EEE4F40FE6F70B0F070213E4AE0B9599CF6348B0EAC781225457
951605912 38776 12540 7C20F6CF1A09EEE4F40FE6F70B0F070213E4AE0B9599CF6348B0EAC781225457
952174246 35630 5584 7C20F6CF1A09EEE4F40FE6F70B0F070213E4AE0B9599CF6348B0EAC781225457
952945760 9430 33814 7C20F6CF1A09EEE4F40FE6F70B0F070213E4AE0B9599CF6348B0EAC781225457
957053624 25878 8128 7C20F6CF1A09EEE4F40FE6F70B0F070213E4AE0B9599CF6348B0EAC781225457
949244208 15643 39732 208F441CDFCF56E4011E8DBFBF8A3EC496CF497F6DA31B938C3309B73E43FCCD
953029842 32292 34666 7C20F6CF1A09EEE4F40FE6F70B0F070213E4AE0B9599CF6348B0EAC781225457
952801770 13724 53964 7C20F6CF1A09EEE4F40FE6F70B0F070213E4AE0B9599CF6348B0EAC781225457
960287391 42433 21358 15A259E7DC1B6526A5FCF3FE873F08ED05EEF37C7118738AA5CE241C6EB43851
957052283 53440 14284 7C20F6CF1A09EEE4F40FE6F70B0F070213E4AE0B9599CF6348B0EAC781225457
948899744 3018 2460 7C20F6CF1A09EEE4F40FE6F70B0F070213E4AE0B9599CF6348B0EAC781225457
949020820 13472 7438 7C20F6CF1A09EEE4F40FE6F70B0F070213E4AE0B9599CF6348B0EAC781225457
956292773 51042 73 7C20F6CF1A09EEE4F40FE6F70B0F070213E4AE0B9599CF6348B0EAC781225457
958083241 57915 5997 89C4C3E0D73347B0959D1D4B5619B06C57B090A704EFA0A6633658824AFA3F37
953689736 35675 2383 3CE8E2BBD17489FEF4A9A307EF70E22D00FA9033CCAC8D94234696462EFF4C1D
953175009 54008 14 764D1DD863F3FE11D0AD4055F0218429C99AC0C1058A54FD023B86E777196F78
954163100 22482 63731 7C20F6CF1A09EEE4F40FE6F70B0F070213E4AE0B9599CF6348B0EAC781225457
955117469 46912 43568 7C20F6CF1A09EEE4F40FE6F70B0F070213E4AE0B9599CF6348B0EAC781225457
955313517 42387 310 4346D6E8E1D50F0412E29BB050AD820D6DC737EBA273403BEA6F78C7ECE51F5D
949718360 9740 64853 7C20F6CF1A09EEE4F40FE6F70B0F070213E4AE0B9599CF6348B0EAC781225457
951441671 46925 3004 DCC6E22929AB0DFF7BB9C9052BD6129BDCD80F85D348FD107F42FE1E6D10DC80
955557066 15280 20839 7C20F6CF1A09EEE4F40FE6F70B0F070213E4AE0B9599CF6348B0EAC781225457
958735716 49826 40654 7C20F6CF1A09EEE4F40FE6F70B0F070213E4AE0B9599CF6348B0EAC781225457
949529737 1910 22095 7C20F6CF1A09EEE4F40FE6F70B0F070213E4AE0B9599CF6348B0EAC781225457
952284863 7396 13133 7C20F6CF1A09EEE4F40FE6F70B0F070213E4AE0B9599CF6348B0EAC781225457
956532037 23479 4934 91EAABE6FF81D4C6AF36732E169A6C8969B240D4783482D72F5D82B1A6858A1B
951423857 50804 41522 7C20F6CF1A09EEE4F40FE6F70B0F070213E4AE0B9599CF6348B0EAC781225457
951514060 30228 53884 7C20F6CF1A09EEE4F40FE6F70B0F070213E4AE0B9599CF6348B0EAC781225457
956136393 32167 5282 2A971D7147AFE9303252A635C03CA59A6F4CD7F8E7B9A4D428AC79B98F0B0139
951122137 37459 17330 CBC94DCBF9573980D5A93940DDD4F2AF80E16151D596655DF4E7773463370FA5
952245536 17407 56780 86C6C186BCB3D79C123E682EBF56186C012A5EC7DFC4D2CA2B1C8DF8F3830DE4
954576391 31051 47645 E777F8F9C7EEAE7EA0800820E6043BE21F9AAA67543E09F76E498BC4A9D274F1
949859626 47039 24840 F7EF0016E1549E0513A88910B462AB6C0C931759BB50B7BB7BAD35F6E4DA3085
950532963 21812 26330 7C20F6CF1A09EEE4F40FE6F70B0F070213E4AE0B9599CF6348B0EAC781225457
949315848 4688 33339 7C20F6CF1A09EEE4F40FE6F70B0F070213E4AE0B9599CF6348B0EAC781225457
957400850 27777 14639 D8286E5473A0E4E349288A9F7444054356D3AE33312A97B370CF71C2D8CEF877
953005202 5623 8213 7140EF8A6F67DFD0F7905C46907C31D8283D2E23D1144EFE6A04A448DA7CE28C
950411580 1433 38719 C7CFF4628CEC2F6A99C92D19808087601E74BE4A19682E66B8FD770142F81199
955806343 57640 30338 7C20F6CF1A09EEE4F40FE6F70B0F070213E4AE0B9599CF6348B0EAC781225457
949999013 22962 61313 7C20F6CF1A09EEE4F40FE6F70B0F070213E4AE0B9599CF6348B0EAC781225457
948481145 23934 21766 7C20F6CF1A09EEE4F40FE6F70B0F070213E4AE0B9599CF6348B0EAC781225457
951049903 64783 14848 46B4862196247F4DA929FB97A9CDE512C9897FF7DC8BB30F8F2E69B6CD734009
955509545 39187 11753 756F7E09C0778611E218F45BF3DE2FA9DB6D9273B48CF13D78BA884D0834CE43
959497396 53946 28445 7C20F6CF1A09EEE4F40FE6F70B0F070213E4AE0B9599CF6348B0EAC781225457
950614721 31380 54735 7C20F6CF1A09EEE4F40FE6F70B0F070213E4AE0B9599CF6348B0EAC781225457
958731595 43701 23467 A59387461EA53F6F73C8FD65ADBF775D88FE3A87692489946EF7420BED60FE4D
959366139 59578 36769 7C20F6CF1A09EEE4F40FE6F70B0F070213E4AE0B9599CF6348B0EAC781225457
949316572 28635 38080 F29E1DCBB04608309F65B1EE2B8DE841CA244D0AFEF0564D9000C2D531A1DBBA
959120019 23897 14793 13DA58236B0324A7A09B2DF54EC089491B09027EECFA326AD78B55F03D015749
960016732 17721 38998 ACCBBAA94CBE848050EB2BF90F5E5173E09C53D2D8BA7050FC5150228FBA6FFD
956927725 31024 43745 7C20F6CF1A09EEE4F40FE6F70B0F070213E4AE0B9599CF6348B0EAC781225457
950054458 55750 56826 7C20F6CF1A09EEE4F40FE6F70B0F070213E4AE0B9599CF6348B0EAC781225457
955191016 3531 33332 1712C5BF09D061E935BE8EBDD6E4F8C9FCFDC64140DE2A61DFC86B19684BE977
956612828 34672 31437 7C20F6CF1A09EEE4F40FE6F70B0F070213E4AE0B9599CF6348B0EAC781225457
948671734 20358 33297 7C20F6CF1A09EEE4F40FE6F70B0F070213E4AE0B9599CF6348B0EAC781225457
953773847 59198 55114 7C20F6CF1A09EEE4F40FE6F70B0F070213E4AE0B9599CF6348B0EAC781225457
951337712 54704 5640 7C20F6CF1A09EEE4F40FE6F70B0F070213E4AE0B9599CF6348B0EAC781225457
959224398 55249 40907 3299235418F8A45463B96CD8B7BAEBB370D7AC1660557F455BDD928BDD791C72
949097091 24998 3432 7C20F6CF1A09EEE4F40FE6F70B0F070213E4AE0B9599CF6348B0EAC781225457
951535560 50125 64081 BC703B9E40044394ED254DD346E353562470A26D9E9A7CA30FE32B9F3B3DE08D
954700124 20431 14990 2DEF144EAF56192005905A502C22F0B383DA3BB49BA5C7F6C000EA7BEBD6E9FD
958235426 6575 10200 391BAD3355B68B5188A1B3699C71E8F5C5B696DEF05D69AF889E10C7905761E5
949639133 34522 36423 7C20F6CF1A09EEE4F40FE6F70B0F070213E4AE0B9599CF6348B0EAC781225457
957597990 2185 32862 32580616D14CC740BE5F7D98F3338D70F9C2932685794656C978383A250478E0
955051647 65468 10059 7C20F6CF1A09EEE4F40FE6F70B0F070213E4AE0B9599CF6348B0EAC781225457
952557253 59658 56068 7C20F6CF1A09EEE4F40FE6F70B0F070213E4AE0B9599CF6348B0EAC781225457
958424664 49184 25868 7C20F6CF1A09EEE4F40FE6F70B0F070213E4AE0B9599CF6348B0EAC781225457
959947193 27145 62614 B5B1D19CE34D3386211CD0534BCC2DC72CEF30CCE3A0C4700DD67F381936600D
953432597 54485 49995 B6E6BEC2E8E67CD1A4A8BAE9B60CFD4DD2FA66EC3C9FBD81F4B4508F2616BD62
951099096 32613 16597 5CDE13E06C1BB59F7B12247E8F3A2A6444E69B1E767159C6FFC6C66B43A9556A
956368459 64934 14440 7C20F6CF1A09EEE4F40FE6F70B0F070213E4AE0B9599CF6348B0EAC781225457
953690137 54393 55299 F5C557CE44D2A62939AD5F4B0866473B881C96AFFB7A4DF5CDD3E00AE63BCAD4
960137934 1833 6848 72B2CF00293995290F422064B5DB99A3CF9255A59CBEF0B2F8DF6E220D6E839E
956976689 59688 30992 7C20F6CF1A09EEE4F40FE6F70B0F070213E4AE0B9599CF6348B0EAC781225457
950396189 20126 35423 7C20F6CF1A09EEE4F40FE6F70B0F070213E4AE0B9599CF6348B0EAC781225457
959402972 24683 56252 C3F9E380B81CEB6407EC04B9F06963F2F3C599D5CB23556D9B0EFB9CDAA95B89
955719514 3035 4509 10E998BEC0FC2A5212BE4D0BF73664D25DE55D6EDF77C63DF4C1AB12F3552881
949360988 14009 41185 869156A5856EE91F575CA9D83FFE0541066EA3F6259EB5D09B3AB97F21636CFA
954317384 14487 43219 EF0F9B8622B090D923B866A113048A9439B882CC733277649F216408FFFC0B65
958689655 40215 14308 ADFE370E6AB7856B5E8FD157F42C89F2CED99021FC61C3A3686185A95390FE8D
959720873 54750 41330 7C20F6CF1A09EEE4F40FE6F70B0F070213E4AE0B9599CF6348B0EAC781225457
950818092 24070 52504 7C20F6CF1A09EEE4F40FE6F70B0F070213E4AE0B9599CF6348B0EAC781225457
955610864 25418 31196 7C20F6CF1A09EEE4F40FE6F70B0F070213E4AE0B9599CF6348B0EAC781225457
959480003 35314 28097 7C20F6CF1A09EEE4F40FE6F70B0F070213E4AE0B9599CF6348B0EAC781225457

Total of 0 tasks calculated error.
