Total of 100 tasks calculated correctly, accuracy 100.00% 
9589346328 31056 55803 7C20F6CF1A09EEE4F40FE6F70B0F070213E4AE0B9599CF6348B0EAC781225457
9592297260 16351 47335 360D87F8EC18DDEAF7FAEE1EFF10F2B02BC855845F10B3CC231FD87E98B95280
9597226276 45276 3846 7C20F6CF1A09EEE4F40FE6F70B0F070213E4AE0B9599CF6348B0EAC781225457
9590464132 65267 21681 371EF72CFAA4F199D3D23F8D0BE0AA3D19A232969AFD3D82337ECD71ECEEC22A
9599698345 60367 44254 11F2550728B9745917155D61CEB6B7958D6B832258DF10C84A2062114AE6BF68
9596713320 898 23015 7C20F6CF1A09EEE4F40FE6F70B0F070213E4AE0B9599CF6348B0EAC781225457
9598929142 6127 29096 4A7FBE4176FC19FEED9389725218AF9BF96116914B153156A41996D7C6CD2549
9598892831 3356 23985 7C20F6CF1A09EEE4F40FE6F70B0F070213E4AE0B9599CF6348B0EAC781225457
9593903546 51910 38731 7C20F6CF1A09EEE4F40FE6F70B0F070213E4AE0B9599CF6348B0EAC781225457
9598606452 64757 31823 DFF90044E032BF8C3A1B4FE9338B9DB3BCF205026D5A7048150896299C283449
9590157374 13278 62297 7C20F6CF1A09EEE4F40FE6F70B0F070213E4AE0B9599CF6348B0EAC781225457
9589999035 5054 18558 7C20F6CF1A09EEE4F40FE6F70B0F070213E4AE0B9599CF6348B0EAC781225457
9588597787 18971 26560 1CC9887E75207C1AAC728D71394A5EFFAF07E8C74FC159761883008F987EDFA9
9599087371 34927 59265 9066C0D51E82F84791757ABCAA8244C07DFB68BD40E9FC1649B53736AFEB2577
9594723025 12492 20688 7C20F6CF1A09EEE4F40FE6F70B0F070213E4AE0B9599CF6348B0EAC781225457
9590123511 53893 19326 45D82D387634FBDA9007C6615D15E01346A7C7439265DB373E43FF5D399BB9DA
9599518074 37048 46279 7C20F6CF1A09EEE4F40FE6F70B0F070213E4AE0B9599CF6348B0EAC781225457
9598449003 18039 63443 79885AAD53B89EB6466E537A946CA95C1E835D75067BB97B544C5D9E3E8C3C22
9589431332 19800 3018 7C20F6CF1A09EEE4F40FE6F70B0F070213E4AE0B9599CF6348B0EAC781225457
9591844849 30146 41956 7C20F6CF1A09EEE4F40FE6F70B0F070213E4AE0B9599CF6348B0EAC781225457
9599094526 23237 54769 D1C57676797018B0C6CA2C05096B4FCC764B18589A461BDA0383F9B983752607
9590773160 50049 21811 016A845A295E26C07C1B2C9A60AEB9CCD010E03CE9E5B1F14FDECD5552E64598
9594608608 6786 65348 7C20F6CF1A09EEE4F40FE6F70B0F070213E4AE0B9599CF6348B0EAC781225457
9594639190 15925 456 99D9420E4F060B702A46D30C185370E8871091B83BEBDD22256167AF30D76CAC
9590648817 29066 25559 7C20F6CF1A09EEE4F40FE6F70B0F070213E4AE0B9599CF6348B0EAC781225457
9592566604 21854 64930 7C20F6CF1A09EEE4F40FE6F70B0F070213E4AE0B9599CF6348B0EAC781225457
9597047129 34793 5944 001972DE25632E8343FA8C05E6625FD8C8D9BE9D141BCA57E092F7AE903EBCFD
9599398412 6152 41006 7C20F6CF1A09EEE4F40FE6F70B0F070213E4AE0B9599CF6348B0EAC781225457
9599750646 32799 7659 BE9205DE2594CFBBF3C008B53B42CBB34FA8EED7CC0A8476DB408647E07A9C17
9596857179 42230 40237 7C20F6CF1A09EEE4F40FE6F70B0F070213E4AE0B9599CF6348B0EAC781225457
9592318238 59211 57128 97597E423CDA232C1030F084728E4B9EC857B81AE24FC2FE6DC481A4311773F3
9599717980 41776 10226 7C20F6CF1A09EEE4F40FE6F70B0F070213E4AE0B9599CF6348B0EAC781225457
9588820744 52771 45889 18938BF0B2FEECAA34770F66328B7419341DCD5311F177E483CBDA022F9EE0F3
9593062189 34732 7165 7C20F6CF1A09EEE4F40FE6F70B0F070213E4AE0B9599CF6348B0EAC781225457
9594015880 24369 35711 C856200810567B642163A56CE6E49EF577B693DAD93B4E2AC8200570C75E65EE
9590588642 55626 14504 7C20F6CF1A09EEE4F40FE6F70B0F070213E4AE0B9599CF6348B0EAC781225457
9588606024 26974 1173 7C20F6CF1A09EEE4F40FE6F70B0F070213E4AE0B9599CF6348B0EAC781225457
9589989272 29922 36654 7C20F6CF1A09EEE4F40FE6F70B0F070213E4AE0B9599CF6348B0EAC781225457
9596289987 48886 61821 7C20F6CF1A09EEE4F40FE6F70B0F070213E4AE0B9599CF6348B0EAC781225457
9590486558 53404 61349 7C20F6CF1A09EEE4F40FE6F70B0F070213E4AE0B9599CF6348B0EAC781225457
9597861556 45692 24985 7C20F6CF1A09EEE4F40FE6F70B0F070213E4AE0B9599CF6348B0EAC781225457
9588985903 38808 58948 7C20F6CF1A09EEE4F40FE6F70B0F070213E4AE0B9599CF6348B0EAC781225457
9599831133 23707 63155 B0355E281C23A76F7FD4BA1EDEC62CCE2C461DAEF6ED0B31623F91D360A01B9A
9588784368 45603 1110 ADAC83482A1FA709A1AF9652CD3BB190C054EA6A1890D67EDA76B92B845167CC
9592711805 40243 43868 3D7A514BD850663B78F3927EE7CDEA30C800D30305A9D275D18E02A3D5776D20
9591758697 27118 40605 7C20F6CF1A09EEE4F40FE6F70B0F070213E4AE0B9599CF6348B0EAC781225457
9594540182 12508 43721 7C20F6CF1A09EEE4F40FE6F70B0F070213E4AE0B9599CF6348B0EAC781225457
9595679828 3211 19471 12CF2E3797B033C600B8004C41168F72F97118E971A115759676989DB5AF5D87
9591762443 1360 30911 7C20F6CF1A09EEE4F40FE6F70B0F070213E4AE0B9599CF6348B0EAC781225457
9600192317 26629 21717 BEE82F206517D38B298750C3B05C40B403D0B21E0EA355D36B6E482F4460389D
9597062770 35905 44017 584EDD57AC1EA6D14817E5C1007D6176521266E487EE1C4EDD3C3FE6E0CD71E6
9596942691 54631 36233 899E9A0F8D334064BB0E40B51D7C2729A667565313C333F7ADFDF4A594629889
9597322537 19292 62770 7C20F6CF1A09EEE4F40FE6F70B0F070213E4AE0B9599CF6348B0EAC781225457
9591989454 4876 42373 7C20F6CF1A09EEE4F40FE6F70B0F070213E4AE0B9599CF6348B0EAC781225457
9588561540 57684 44701 7C20F6CF1A09EEE4F40FE6F70B0F070213E4AE0B9599CF6348B0EAC781225457
9597268254 18914 50902 7C20F6CF1A09EEE4F40FE6F70B0F070213E4AE0B9599CF6348B0EAC781225457
9599023215 33564 19507 7C20F6CF1A09EEE4F40FE6F70B0F070213E4AE0B9599CF6348B0EAC781225457
9598694446 18571 45802 46D23ABF4CAA5C72D1D5915A11E70D58DD4906B86E1FD3057709EBDADE679F67
9598669891 49900 35626 7C20F6CF1A09EEE4F40FE6F70B0F070213E4AE0B9599CF6348B0EAC781225457
9600121419 34617 50971 8F38ECD7D10B3B1B443D6ECFAAD15ADD79EE5DCADCF30128418B561281D61FF2
9597611114 30467 49545 420EF8EE44DB60A8F4BE522AF54D152DC63A32D1B2DB16886A5B96F920662AD1
9593517755 27218 11951 7C20F6CF1A09EEE4F40FE6F70B0F070213E4AE0B9599CF6348B0EAC781225457
9590826960 43233 55291 A43609C1C6A4BEDF905AD87AAD7CF415DB10AA0ECC9FDC2E3E0CCECF0542F65C
9595848648 17912 41719 7C20F6CF1A09EEE4F40FE6F70B0F070213E4AE0B9599CF6348B0EAC781225457
9599239710 43933 22288 98E045AFAE0F713EA87E2E9DAC4BE5CA3B1C1ADB9B494D8EDF92DEC1600B9EAD
9599407286 64998 15058 7C20F6CF1A09EEE4F40FE6F70B0F070213E4AE0B9599CF6348B0EAC781225457
9589244876 23657 24321 B93230C19DEF6B6273B541D624A4AC2D4B6C26B1C229F24A362F8B79F2B6F7A4
9595232214 39478 22661 7C20F6CF1A09EEE4F40FE6F70B0F070213E4AE0B9599CF6348B0EAC781225457
9598558323 14126 42198 7C20F6CF1A09EEE4F40FE6F70B0F070213E4AE0B9599CF6348B0EAC781225457
9591004821 16730 60521 7C20F6CF1A09EEE4F40FE6F70B0F070213E4AE0B9599CF6348B0EAC781225457
9594177375 34097 47498 3486688CB9EAF2BC984A43BD29EBF266B57DCCB4A17051F2B4B2A4928AE61505
9599568324 42027 44433 FF3DE1F894B53C5B34CC6AA7791D0BDE1AF1A19FCCCD6316B52D4BFCA50C495D
9592859418 37561 32273 8DDCF9E5AA9E72EE2C76C0C040BDBCD9A94252BD85698E5E77F4299E183C7C56
9598103148 184 23858 7C20F6CF1A09EEE4F40FE6F70B0F070213E4AE0B9599CF6348B0EAC781225457
9596405432 444 5424 7C20F6CF1A09EEE4F40FE6F70B0F070213E4AE0B9599CF6348B0EAC781225457
9592262400 13264 55699 7C20F6CF1A09EEE4F40FE6F70B0F070213E4AE0B9599CF6348B0EAC781225457
9590886475 59164 6572 7C20F6CF1A09EEE4F40FE6F70B0F070213E4AE0B9599CF6348B0EAC781225457
9598650034 22537 12435 51AEF46856C795D077DB24CC992FA94FEC95AEE08E62AEFBF6712E13FD8FCC99
9592659355 29087 7399 C85AF3700E021BFC14A94E53073D66C3D5FB7A360EE123085152C21BFF90B2CA
9591252904 2151 40964 46BF4F2CEEA31C08119F9D4BCA4EDF74073D4B6B708AABFCD67511E455B78E55
9590800579 53172 37896 7C20F6CF1A09EEE4F40FE6F70B0F070213E4AE0B9599CF6348B0EAC781225457
9589934315 58916 30792 7C20F6CF1A09EEE4F40FE6F70B0F070213E4AE0B9599CF6348B0EAC781225457
9600186978 25421 9077 2E2EF590278F7D4B567B79F24947C6D6D3C2594B5D068285963D6A9CF0D6D5C6
9589674561 40504 42754 7C20F6CF1A09EEE4F40FE6F70B0F070213E4AE0B9599CF6348B0EAC781225457
9590648654 15610 13467 7C20F6CF1A09EEE4F40FE6F70B0F070213E4AE0B9599CF6348B0EAC781225457
9598474817 25432 17680 7C20F6CF1A09EEE4F40FE6F70B0F070213E4AE0B9599CF6348B0EAC781225457
9600064638 57716 38557 7C20F6CF1A09EEE4F40FE6F70B0F070213E4AE0B9599CF6348B0EAC781225457
9594172888 2215 40840 B53119DEACA4F8DDB8A22D6DFC821073509BFEACC46AFAA966EF4BEE411867F2
9591641722 16749 31264 A180CAC4877F8DBC299B4AC391569E628975A0C25410001BBA6C6E5CEC77E085
9600184466 37676 48369 7C20F6CF1A09EEE4F40FE6F70B0F070213E4AE0B9599CF6348B0EAC781225457
9593841187 61459 63231 4ACF1338E875507721563ED40E7DEBBDD83F8B5AFDA50892327F21104E146737
9589361002 33499 33693 0AB845A209823666439E19B6F975F7266EBFD19F5027262BA5737727D72E457F
9596970301 41687 31799 79E29EA9E0487E059C0C5CB4FF2169930F669F6516138525F1DA502652A6D042
9596790209 64304 53214 7C20F6CF1A09EEE4F40FE6F70B0F070213E4AE0B9599CF6348B0EAC781225457
9596956308 38421 58968 EFF5D980CB652EF9C24F0678C66BFB0BF68F0F486CFA3A6FED04B89754B038B0
9590332601 60592 25766 7C20F6CF1A09EEE4F40FE6F70B0F070213E4AE0B9599CF6348B0EAC781225457
9589603744 28611 27072 861ABDAC121924569784AEAF6E2B071DBE8B5F636F5195B5A0514AA67C7F54D4
9595404278 31270 49666 7C20F6CF1A09EEE4F40FE6F70B0F070213E4AE0B9599CF6348B0EAC781225457
9592633376 24887 25435 A3ED45A71A775E45AB378978A93198AEB9801CC8F5FF08B6C51C02076479A3B2
9595895124 53993 56487 B7B579DAD3A4A62BB3FD8EBD74700C63259D0DB3B5F2B620CB4A0DB4337D9CC8

Total of 0 tasks calculated error.
