Total of 100 tasks calculated correctly, accuracy 100.00% 
9630728780 25404 25821 7C20F6CF1A09EEE4F40FE6F70B0F070213E4AE0B9599CF6348B0EAC781225457
9636006491 27238 24804 7C20F6CF1A09EEE4F40FE6F70B0F070213E4AE0B9599CF6348B0EAC781225457
9636129196 17038 50455 7C20F6CF1A09EEE4F40FE6F70B0F070213E4AE0B9599CF6348B0EAC781225457
9626013601 9132 6226 7C20F6CF1A09EEE4F40FE6F70B0F070213E4AE0B9599CF6348B0EAC781225457
9633223759 42186 12427 7C20F6CF1A09EEE4F40FE6F70B0F070213E4AE0B9599CF6348B0EAC781225457
9634545676 50500 967 7C20F6CF1A09EEE4F40FE6F70B0F070213E4AE0B9599CF6348B0EAC781225457
9632264269 64049 59094 811A261F7374DD131EC32CF95CC444BF3DA4E5684B377F419F961A02829F83C3
9635657529 53611 976 941F2A656F4FE9BE5527B371FAB627846D893C9171912559501BC6A30B414F37
9631025127 27004 46794 7C20F6CF1A09EEE4F40FE6F70B0F070213E4AE0B9599CF6348B0EAC781225457
9628097115 29331 49901 74C5C341275DA7DEC91E3917548CDEAED2E19175ABE9BACB2F60F76BA597D22B
9629799006 16428 33289 7C20F6CF1A09EEE4F40FE6F70B0F070213E4AE0B9599CF6348B0EAC781225457
9634762183 60526 33875 7C20F6CF1A09EEE4F40FE6F70B0F070213E4AE0B9599CF6348B0EAC781225457
9634809001 11651 27291 FC830B9ADD088D691F76F07237ADE4E683C5E89D8AAA7914E65A25D243F09F29
9631174726 13082 46016 7C20F6CF1A09EEE4F40FE6F70B0F070213E4AE0B9599CF6348B0EAC781225457
9633623730 152 23035 7C20F6CF1A09EEE4F40FE6F70B0F070213E4AE0B9599CF6348B0EAC781225457
9633768216 55000 36631 7C20F6CF1A09EEE4F40FE6F70B0F070213E4AE0B9599CF6348B0EAC781225457
9635258877 53745 34409 99CE06251D6D927633753E435A92685667E3918BAFBBF2F023104C829B5A718D
9631596831 12707 14677 B16B562375FA15605979D4E206CBDBA1D67C25DDDC31C4093F93589AB3D76A7F
9633396846 5961 52322 C0FD210B218BBE28F92405FF5F40552CC9BEEF42294F6E28BEFBFDFEBEE2FF26
9633636216 55117 39571 F04E3332A1629FCFFF5D801C6CFC68331A43137449E03D6F0260DC526950B23C
9629942956 607 48266 8321879035C093A7A7E4CBBBCC8EE9119C7ED9DACDD248720DA02E382FEA8E19
9632785931 15240 58864 7C20F6CF1A09EEE4F40FE6F70B0F070213E4AE0B9599CF6348B0EAC781225457
9634934357 63979 34341 DFBF5AC2373A0205C3447F967A5A8BFE9D07CAB0A542650D3CBB89D6F9078330
9626021092 49852 4890 7C20F6CF1A09EEE4F40FE6F70B0F070213E4AE0B9599CF6348B0EAC781225457
9633644091 25852 39461 7C20F6CF1A09EEE4F40FE6F70B0F070213E4AE0B9599CF6348B0EAC781225457
9635426253 28644 38700 7C20F6CF1A09EEE4F40FE6F70B0F070213E4AE0B9599CF6348B0EAC781225457
9627348181 58507 14113 3BFD3A7CE9AC088370B4A5668D22A97513902ACDFBA57C0632DD79934091D5DB
9633771953 33757 26655 7110885D154DB0D822E0571DE0A3F16961F559A4F2D68AF6878334BBAB6F280C
9630425841 64554 61875 7C20F6CF1A09EEE4F40FE6F70B0F070213E4AE0B9599CF6348B0EAC781225457
9633425384 19858 25111 7C20F6CF1A09EEE4F40FE6F70B0F070213E4AE0B9599CF6348B0EAC781225457
9628047660 22141 4164 719C34B500904A3E22717E173074B8E5A70C54ABD515EA93AA9B0AF4C78318B8
9634844965 50490 32384 7C20F6CF1A09EEE4F40FE6F70B0F070213E4AE0B9599CF6348B0EAC781225457
9636093224 34598 12123 7C20F6CF1A09EEE4F40FE6F70B0F070213E4AE0B9599CF6348B0EAC781225457
9628470428 47807 16653 44730A21B035DD9EF1618B14A033C88924108427E88DA1B8B951AA1E08D33DE6
9635300396 63867 38810 674D73B4AF36B62A83D2E5396FE103EFFFC1AE082D03F4D98BC5786850F7908C
9628452010 43904 17016 7C20F6CF1A09EEE4F40FE6F70B0F070213E4AE0B9599CF6348B0EAC781225457
9632830441 10887 6564 BB1C86598F33516CE250E581A8F6FEB42B53BC81E2F313A0C8EB21A00CA8A585
9636272264 1752 26017 7C20F6CF1A09EEE4F40FE6F70B0F070213E4AE0B9599CF6348B0EAC781225457
9633451938 13325 42536 6BF2EC1D4FC1271DAAE234E1F22939E1D34B1FA2E518CE94E563D6D1430615F1
9634089350 31412 10381 7C20F6CF1A09EEE4F40FE6F70B0F070213E4AE0B9599CF6348B0EAC781225457
9633878751 10935 40565 BB9B344ADFA8663818067F0365F351094D75C16B84C8AD942755172153115F7D
9625749367 3185 11090 225C5CBB448A2893AE44210BFCBD4BFA265A589A78721E6631FC5B4FCA539326
9627762315 19441 35609 4FD63C31BE05B96A237B438FF8110F6FB27B685D6AF5547B15B257635C260374
9634679118 64154 49543 7C20F6CF1A09EEE4F40FE6F70B0F070213E4AE0B9599CF6348B0EAC781225457
9630215442 43000 37067 7C20F6CF1A09EEE4F40FE6F70B0F070213E4AE0B9599CF6348B0EAC781225457
9628581821 15110 15180 7C20F6CF1A09EEE4F40FE6F70B0F070213E4AE0B9599CF6348B0EAC781225457
9626508550 17990 35781 7C20F6CF1A09EEE4F40FE6F70B0F070213E4AE0B9599CF6348B0EAC781225457
9629656911 50323 2554 18108DE864FD1E8F84841106AF17B6F99BB6B2E330C285393336E0AF1B5C74AA
9628507245 16379 37388 5E1F57FA5EAB2B9ACE7075DF5F37E58E3B9DC5EEEEC68D4893B6CDCE9325A925
9636039718 4705 38055 53AAB1F50DA8AD93E7CB4C3CCDCF9A5033D95EF43EDD46540A341F81A8A94EA9
9629385606 12561 28671 2415504521479148E4A316DB01C059E5935F886F297FB42A2C10F448A10E71AC
9625568451 51292 14329 7C20F6CF1A09EEE4F40FE6F70B0F070213E4AE0B9599CF6348B0EAC781225457
9627171625 60423 31105 E8F837583839DF953003D57EF621C28907A1A09799DA58368E55A0F36C910B9F
9631119673 45409 55277 D58A1B53B710C9B90D4DC30DDFDAE54D906C37185973FF89ACB443F9FEE289A4
9633532424 36626 11242 7C20F6CF1A09EEE4F40FE6F70B0F070213E4AE0B9599CF6348B0EAC781225457
9631661702 35742 48624 7C20F6CF1A09EEE4F40FE6F70B0F070213E4AE0B9599CF6348B0EAC781225457
9629825089 443 806 F4AFCDD9DB0A164EED651E54CF6960CB805B81F06C03217830820AC7F2D9F07F
9631742259 14432 6690 7C20F6CF1A09EEE4F40FE6F70B0F070213E4AE0B9599CF6348B0EAC781225457
9631592528 40132 7853 7C20F6CF1A09EEE4F40FE6F70B0F070213E4AE0B9599CF6348B0EAC781225457
9627774634 41082 18908 7C20F6CF1A09EEE4F40FE6F70B0F070213E4AE0B9599CF6348B0EAC781225457
9635614053 22543 5945 2ADC7CF93B9285CCE8224C6AEF87BE7567125EC13F52A239EF6A890C8DCDEAD5
9626771691 26015 52386 C1584EBA32094A6D1344D5D3A6D3B3DE5AA5E08DD4BE32BC2F62080B2AAEF34D
9635507823 22859 43866 2DCF81CBC512058CEAB101E60B3795C86ADD117CD7DFF284F9CA668C57F80CD3
9631440597 58373 32508 6F2F5292875E2C2E5756A93D2AC61C700C83304B7ECFFE53CFCE8DB73254CA57
9634539483 39479 489 CBA9DDCCEC2701F81EDD7D6E264BF084E4B20C64E69BB9322B23261180A0616B
9624952870 26921 22621 CCDD8A8FF18195E26C1C742B1CA55F29C82D1561C3C4B4BDBC5D1B8B4160907D
9626739838 48844 50538 7C20F6CF1A09EEE4F40FE6F70B0F070213E4AE0B9599CF6348B0EAC781225457
9627101729 33667 25461 05F27CF3EE682B2AA858524346B7510F9FFD17554DBCC52DD74EA1DFB0B65D2A
9628361520 16284 20102 7C20F6CF1A09EEE4F40FE6F70B0F070213E4AE0B9599CF6348B0EAC781225457
9635016156 51019 17967 A2108D4933840395489EEA617B0C2C1DA818174B0B1BC4A79F06269B7B7D1963
9630098445 7272 13121 7C20F6CF1A09EEE4F40FE6F70B0F070213E4AE0B9599CF6348B0EAC781225457
9636067280 1986 53600 7C20F6CF1A09EEE4F40FE6F70B0F070213E4AE0B9599CF6348B0EAC781225457
9633585614 26726 11630 7C20F6CF1A09EEE4F40FE6F70B0F070213E4AE0B9599CF6348B0EAC781225457
9628410225 40166 56910 7C20F6CF1A09EEE4F40FE6F70B0F070213E4AE0B9599CF6348B0EAC781225457
9627528442 53897 7572 A4C325BE799F27973BAC20EEEE8AE695A4DED19AF6B9C5A6ED8045DE4082E226
9629665872 45009 28642 17F335F563F338748EB5A5499342E0676CA748F58126B5AF1ABD3AD424874CA9
9636172205 21429 13156 CFB5C989DE1714C8825F9D741FCB2B90F06E76D1716D65EA28E2A9BB3DF446D2
9631748491 3913 45567 257E61733263CFF9D53EB086D03898B3D0D5F819D9B627BDAABA6A49868F1002
9627454373 39606 24546 7C20F6CF1A09EEE4F40FE6F70B0F070213E4AE0B9599CF6348B0EAC781225457
9629574158 8264 30116 7C20F6CF1A09EEE4F40FE6F70B0F070213E4AE0B9599CF6348B0EAC781225457
9631849312 16361 30849 E3162791DFB1A9A05866AF52513973D25D30B09526559306C6E58301B9700940
9627854395 14986 54101 7C20F6CF1A09EEE4F40FE6F70B0F070213E4AE0B9599CF6348B0EAC781225457
9631070406 65045 26305 43FF9E4462A465E9344DAFAC7CFD12CE2D0F53E788F29BF8E2C472350500ADB8
9628705201 28460 15731 7C20F6CF1A09EEE4F40FE6F70B0F070213E4AE0B9599CF6348B0EAC781225457
9629894265 36839 59052 CE8109EFC92048E5942322A2316515B944D7F773226D55590E96B363DA950B2C
9629132479 52366 34660 7C20F6CF1A09EEE4F40FE6F70B0F070213E4AE0B9599CF6348B0EAC781225457
9627504648 56928 32291 7C20F6CF1A09EEE4F40FE6F70B0F070213E4AE0B9599CF6348B0EAC781225457
9627302607 46145 6522 4DF808CEA58D992A1C3EF72EFCBFE6AC18013012D58D3956395297BD15CF975A
9626334810 10035 60445 2D66277F4836B285E4A4ACCF43EC67329A4494BB29BC9D5A8CB71841EACB3B20
9632909373 9968 64733 7C20F6CF1A09EEE4F40FE6F70B0F070213E4AE0B9599CF6348B0EAC781225457
9625151584 20192 53218 7C20F6CF1A09EEE4F40FE6F70B0F070213E4AE0B9599CF6348B0EAC781225457
9624557221 34614 50327 7C20F6CF1A09EEE4F40FE6F70B0F070213E4AE0B9599CF6348B0EAC781225457
9632667439 6960 57306 7C20F6CF1A09EEE4F40FE6F70B0F070213E4AE0B9599CF6348B0EAC781225457
9632831412 12784 60595 7C20F6CF1A09EEE4F40FE6F70B0F070213E4AE0B9599CF6348B0EAC781225457
9626699588 48195 36884 78D0ADF39A14771C72781AF3395629C7C7B27D060987173139D4F6F26B4ADF0D
9626706892 13771 30029 D41E068E2725F96C86C7C41D0C08E7A7293C26591D7BB4BA09145FD1DD11E9AB
9628205610 9442 63524 7C20F6CF1A09EEE4F40FE6F70B0F070213E4AE0B9599CF6348B0EAC781225457
9626642995 34126 26367 7C20F6CF1A09EEE4F40FE6F70B0F070213E4AE0B9599CF6348B0EAC781225457
9632064603 58702 25335 7C20F6CF1A09EEE4F40FE6F70B0F070213E4AE0B9599CF6348B0EAC781225457
9627127792 6706 41880 7C20F6CF1A09EEE4F40FE6F70B0F070213E4AE0B9599CF6348B0EAC781225457

Total of 0 tasks calculated error.
