Total of 100 tasks calculated correctly, accuracy 100.00% 
9640748261 31842 16674 7C20F6CF1A09EEE4F40FE6F70B0F070213E4AE0B9599CF6348B0EAC781225457
9646362547 30478 18268 7C20F6CF1A09EEE4F40FE6F70B0F070213E4AE0B9599CF6348B0EAC781225457
9640967813 47480 18716 7C20F6CF1A09EEE4F40FE6F70B0F070213E4AE0B9599CF6348B0EAC781225457
9647416714 14332 54769 7C20F6CF1A09EEE4F40FE6F70B0F070213E4AE0B9599CF6348B0EAC781225457
9645093269 50390 56605 7C20F6CF1A09EEE4F40FE6F70B0F070213E4AE0B9599CF6348B0EAC781225457
9640486640 19951 61084 03109301C984821AFFB2D115DA773F2F245CACC8F095EFA692A5B88A348FC863
9645115136 36115 18285 D33E400FEAE1A391E7D6768F86BA26D557C0C56B0694CB5D976A2B775DEF0342
9645215757 54442 64796 7C20F6CF1A09EEE4F40FE6F70B0F070213E4AE0B9599CF6348B0EAC781225457
9646656334 60556 24925 7C20F6CF1A09EEE4F40FE6F70B0F070213E4AE0B9599CF6348B0EAC781225457
9641055859 15519 16384 9E5BEA9E633440AE1BFD1DBC76F35AAD43DD8897D8DAB3C961140BCF0068B7B8
9642540555 47259 50328 9E034116388AD022D3E04947DBDFD3C7CEDEEDB555827FDE28AFD72C6D50BB38
9637893033 5144 50149 7C20F6CF1A09EEE4F40FE6F70B0F070213E4AE0B9599CF6348B0EAC781225457
9645393443 63626 43842 7C20F6CF1A09EEE4F40FE6F70B0F070213E4AE0B9599CF6348B0EAC781225457
9648250371 43683 58090 5C3EF1A659A0D4575F26A5DE0F7CD13538712B52ED6AED76FC47FE436A017A6B
9640643235 62857 8577 3FF3C492A0400E12ECB4185D21308CBCA84FF5C1047A76680BE287D684F4BBE4
9642513326 63926 11426 7C20F6CF1A09EEE4F40FE6F70B0F070213E4AE0B9599CF6348B0EAC781225457
9640462223 58440 45313 7C20F6CF1A09EEE4F40FE6F70B0F070213E4AE0B9599CF6348B0EAC781225457
9646548616 44617 62495 29DA7F0C3D20FA2C5327DDB7B57A825A17BDDACD2254465019DE9D06B80248CD
9643040828 42094 44878 7C20F6CF1A09EEE4F40FE6F70B0F070213E4AE0B9599CF6348B0EAC781225457
9641085862 4048 57669 7C20F6CF1A09EEE4F40FE6F70B0F070213E4AE0B9599CF6348B0EAC781225457
9645862182 54255 18093 5D6E5B0BC77599152D8E215D9ABE8B83936ED5F8693346BA9734ADE4E9B240B3
9644751025 32082 22074 7C20F6CF1A09EEE4F40FE6F70B0F070213E4AE0B9599CF6348B0EAC781225457
9647340661 33507 11252 4860EE28F28242C789F33588BFA8CB8033FEB3A7635460868193ABB658E3720F
9644074503 13699 7072 9A9B4175FE34499C489B96A62FBADD873B9AA4CF842E5B92D3B2B490DD96D2A4
9637829371 20032 56001 7C20F6CF1A09EEE4F40FE6F70B0F070213E4AE0B9599CF6348B0EAC781225457
9644509207 46545 40987 B9E0923F89B5338E74980FC2503F000831265BEC1E202991261EFDDA22A774A6
9643394758 11449 19366 E0421F7BD481A5A5710820E3F99E9E2F69F513C6B041CC9C7DDD62C5DE3746D9
9646589791 8490 2376 7C20F6CF1A09EEE4F40FE6F70B0F070213E4AE0B9599CF6348B0EAC781225457
9647877294 58404 54385 7C20F6CF1A09EEE4F40FE6F70B0F070213E4AE0B9599CF6348B0EAC781225457
9645056714 39396 49606 7C20F6CF1A09EEE4F40FE6F70B0F070213E4AE0B9599CF6348B0EAC781225457
9637269465 49525 64181 20BAC26B02736AF8EE842B701D995470F08BF7A6E8E6DAFDA781B7E65DDF6841
9641703521 37622 1096 7C20F6CF1A09EEE4F40FE6F70B0F070213E4AE0B9599CF6348B0EAC781225457
9645347064 16159 58518 77B5B060C894F9824C87F781CADCE97960372CEE5DA87D9D87F091B43E5C7E30
9637686131 59581 34038 02FCF315FF7D1B56A49695205628A2F4228A27575C295DB72ABB8DE4FF1DAAFB
9644293756 15538 21890 7C20F6CF1A09EEE4F40FE6F70B0F070213E4AE0B9599CF6348B0EAC781225457
9644017602 64924 41187 7C20F6CF1A09EEE4F40FE6F70B0F070213E4AE0B9599CF6348B0EAC781225457
9640883019 9551 15573 CEF90340573D9587FFA5D3BDF7073F3AB48D9E9C51EAB771E4C320A9F1C7C230
9636825963 50888 29295 7C20F6CF1A09EEE4F40FE6F70B0F070213E4AE0B9599CF6348B0EAC781225457
9638798284 24966 37317 7C20F6CF1A09EEE4F40FE6F70B0F070213E4AE0B9599CF6348B0EAC781225457
9644650768 8920 43177 7C20F6CF1A09EEE4F40FE6F70B0F070213E4AE0B9599CF6348B0EAC781225457
9645230173 52331 9545 0E76743984F7319E09EF98F2B20DEDF4DD1CBC0E230F524CC0A2E5AB98F4AC71
9639166633 44503 37487 AD7416143480C6019B3FFDA3B85E4173C661EB58FD33D0425A589C330A696AD0
9646789428 16443 26748 E32DD48B8B528F34BE8C43200BD88D238780DFBB1B295F7F48EABA0556F1E330
9643247634 52180 42685 7C20F6CF1A09EEE4F40FE6F70B0F070213E4AE0B9599CF6348B0EAC781225457
9644219698 16982 8213 7C20F6CF1A09EEE4F40FE6F70B0F070213E4AE0B9599CF6348B0EAC781225457
9636978810 55053 52319 035AE3F9902789A4917C8D49F8944E76AC41A1CF43913C99665A5D4749BC109F
9643381321 52970 30920 7C20F6CF1A09EEE4F40FE6F70B0F070213E4AE0B9599CF6348B0EAC781225457
9646774392 11576 60752 7C20F6CF1A09EEE4F40FE6F70B0F070213E4AE0B9599CF6348B0EAC781225457
9639282378 49605 54675 E2095A0FBC8D8D3C95A806711DCA17E1897679EE35F872301BE17F70AD3141F8
9642785520 22530 23306 7C20F6CF1A09EEE4F40FE6F70B0F070213E4AE0B9599CF6348B0EAC781225457
9638757454 59951 43615 9D7195A928FC77A29B4256C330C24FBE93322927B5FA04F430CCD75B2A664B75
9644791164 32268 51402 7C20F6CF1A09EEE4F40FE6F70B0F070213E4AE0B9599CF6348B0EAC781225457
9645007066 41114 298 7C20F6CF1A09EEE4F40FE6F70B0F070213E4AE0B9599CF6348B0EAC781225457
9637963271 51997 27887 398E89BB378D0BC3D8B1609EA17165C477E5558C312A954B6CA25B66CEE2D068
9646069101 41995 11721 F8CBD9E4BA103BBAFDBA36A28BC43933CE5A8DE200D1D96870FB5DC290CEE85E
9643489562 21201 20518 BCD0450E99FB4110EF70F25B0A0C54F0F2096E1700B7FE3D86163394460C3970
9647023436 731 47152 2E9253746DB08034E65C7258B358B2AAAD7404CDAAD20F0F38C5C30E517D78A6
9643538850 25596 5759 7C20F6CF1A09EEE4F40FE6F70B0F070213E4AE0B9599CF6348B0EAC781225457
9642843419 29287 3379 2FE5E4E58C3DD9EB5E108ABD603403556D55A006A2044BED3C2BFD2CAB7726F2
9640004538 29656 49570 7C20F6CF1A09EEE4F40FE6F70B0F070213E4AE0B9599CF6348B0EAC781225457
9640047920 37756 41206 7C20F6CF1A09EEE4F40FE6F70B0F070213E4AE0B9599CF6348B0EAC781225457
9642619966 59917 278 3596C6C44CC614A96CC7C50CD738A2AE2F93BFDF5290A8DBCA78D3EBC183FBF1
9637061526 26137 31578 865B04BD4E385B011C4CD79422EF8BABF109BFD5D084E1F8954D460769779AEC
9638508916 28326 494 7C20F6CF1A09EEE4F40FE6F70B0F070213E4AE0B9599CF6348B0EAC781225457
9644653162 29991 44757 3ACDFC69A721E458773D6A80BDC297AF8759DF5096B7BF5B0377A319BAE01E91
9641287889 28572 20554 7C20F6CF1A09EEE4F40FE6F70B0F070213E4AE0B9599CF6348B0EAC781225457
9644718719 30089 64437 874E0988EE75F9B9D0B180D0A3970428B0C581B130DF24B271D3E1310BFCEAFB
9645385565 20410 821 7C20F6CF1A09EEE4F40FE6F70B0F070213E4AE0B9599CF6348B0EAC781225457
9643747069 24405 64902 2894E5BAA76277ECBDF6EA0451DFB29DE35D3077CEAF2A366D549D36453FAFF1
9645592532 25425 19836 8F47220FFBCE8F22124B241BC197DBCAD546F876EFBFA5A37345F4EFA4365056
9641033021 55319 4899 40BE3429CAC325D4FEF3578A05079381131FDAE20C70D2593BD62BE0C19BA9EE
9641533935 18253 19717 2A102CDC973AC1C78008B66FB40B884088B932C158830DA3CF510384D1462DCE
9640546720 61572 45080 7C20F6CF1A09EEE4F40FE6F70B0F070213E4AE0B9599CF6348B0EAC781225457
9646722548 31680 27811 7C20F6CF1A09EEE4F40FE6F70B0F070213E4AE0B9599CF6348B0EAC781225457
9646450659 40262 61312 7C20F6CF1A09EEE4F40FE6F70B0F070213E4AE0B9599CF6348B0EAC781225457
9637065542 56319 53620 BF1E430D4FDF00035844DBA7D8E11CECF7A61CB4ADBCAA970D39AC6CFEF53CF0
9646029735 2283 46010 DBC5F41934E91460E2C2889A6EF9F5EC2D680FE81E1AAC6ECC126A13286E49F5
9640794106 40875 21873 965AC9B01D14D34CB191D93CD1496291A1AE6FC42027C5162669FA51DD2DB6A2
9642587638 30171 16412 19B9DC99F243D2B6CFCEF5A6924DD3EEE2DBA183C432AC95B73834F40C24880A
9644341911 5531 63915 93CD73FDE2FF4B1B0C2FA3F4A675B89070A2DFF07E1BFF2BECB23C2EF75C6491
9648057971 58154 1591 7C20F6CF1A09EEE4F40FE6F70B0F070213E4AE0B9599CF6348B0EAC781225457
9648279849 10755 3717 BEF83F762C87E0B4D01539119A68633830F9A234058A3B35B8641FEAE0FFBAB3
9638188286 2815 37820 9563F5FE4A75751A919C4F83320E45420C34EE442C49E17DF9DCB9B3CFD4E551
9644398198 50817 24560 2C75F605E588BE9DAE06DAAB6C9E8E3944BE0260B7DE67D6DAF888B460D0D5AD
9645458852 44308 28755 7C20F6CF1A09EEE4F40FE6F70B0F070213E4AE0B9599CF6348B0EAC781225457
9638252071 57078 14837 7C20F6CF1A09EEE4F40FE6F70B0F070213E4AE0B9599CF6348B0EAC781225457
9643546374 61814 27004 7C20F6CF1A09EEE4F40FE6F70B0F070213E4AE0B9599CF6348B0EAC781225457
9647467322 5880 22918 7C20F6CF1A09EEE4F40FE6F70B0F070213E4AE0B9599CF6348B0EAC781225457
9640721658 49853 64969 4AD4720F8AE83B1AD2E8883EC60C6919C5F270CD62FE783060280F67D1084E42
9646827890 58673 39536 89C8D1C625BF48EAF0FE469A00835E45348E0A28DBE7831356E77A943CB921FA
9642471508 17851 23496 CFE6A40CCED0AE421A4D600B62DF82D55048B99268CFB513D885E1C44D88139B
9638126950 27350 56525 7C20F6CF1A09EEE4F40FE6F70B0F070213E4AE0B9599CF6348B0EAC781225457
9638228962 16059 15163 291876EACFEB5AFB7C916DD3CC0B7F44352639F13923AE43CD269CB1816E2EDD
9645304763 43573 22532 A1D5EC1E0A4A39F7705051833F3528C3C4331535CEAE80B53150FFFDC6E76392
9637929590 65107 40155 F1B083BAFA5D16B0430DE12638F13D16295139CDA04E78472A2375D2C82E7352
9643563941 30497 44794 F16D471D7856418246150DF63BF26821E347FA47F6EECF0306C0E82DA508B868
9646914445 11200 8364 7C20F6CF1A09EEE4F40FE6F70B0F070213E4AE0B9599CF6348B0EAC781225457
9646907833 43241 45685 20605EDA54850054E90315230E7CCCEAB9C2B2CE9B82EF1AB8DE40DCEB6BBBA9
9636728344 9124 46865 7C20F6CF1A09EEE4F40FE6F70B0F070213E4AE0B9599CF6348B0EAC781225457
9637105928 64237 52897 45F0793C0ADE550EAA4B8EBB7916EA3AA6DD79090AAF95CF0FF63595F7D6B5F6

Total of 0 tasks calculated error.
