Total of 100 tasks calculated correctly, accuracy 100.00% 
9656105642 51918 11871 7C20F6CF1A09EEE4F40FE6F70B0F070213E4AE0B9599CF6348B0EAC781225457
9655710729 34611 25093 24A16C69E5661FC7A3F723ADB4B6BFAFBAA3DAC83AF59D65C7D0238F30BEF7A4
9656390893 40842 54101 7C20F6CF1A09EEE4F40FE6F70B0F070213E4AE0B9599CF6348B0EAC781225457
9660003674 28958 27601 7C20F6CF1A09EEE4F40FE6F70B0F070213E4AE0B9599CF6348B0EAC781225457
9649780256 39340 15372 7C20F6CF1A09EEE4F40FE6F70B0F070213E4AE0B9599CF6348B0EAC781225457
9653714003 34862 32604 7C20F6CF1A09EEE4F40FE6F70B0F070213E4AE0B9599CF6348B0EAC781225457
9650465459 26251 49277 9FC869A5490F1CEB3C50A62632475CCF74FAC9CDBC26CDEF6248BF170CA48B0E
9652848581 23269 42774 49EE1D68F36E97EBFAC8E76447D0A9F02BC3FC07B2041A5C124C1877906A665F
9657605034 5653 33071 148269933C20125883D157CE6CD7B4DE25BF4410588C671B58388BEE10EFFECE
9654288518 55120 40806 7C20F6CF1A09EEE4F40FE6F70B0F070213E4AE0B9599CF6348B0EAC781225457
9650720545 57275 22635 32B081803E8909B00DC31127E56A931A9BB79F90872F5B52022822BA199BDB91
9649551140 60137 21999 85CFD44A3F8A4169855F9DB9F3BCDD611674AD9515ED2DD9E286B34FEA276CCC
9654250545 49573 23015 F162F72708FFE66AB4180E42FDF44F03FF6AF73DBD2A20BA9175D59DD68F41B3
9657987483 3777 36245 83D960F20D8A6E6FA1EA867E14907854CE1B5FD74740ACB03C435D0C6248A847
9659530519 50962 39845 7C20F6CF1A09EEE4F40FE6F70B0F070213E4AE0B9599CF6348B0EAC781225457
9659666571 65331 10468 A97C9CB755E9F569314927E8EBA9D866609E97C52DB729BC7646F982017E538E
9656565096 12217 50596 3F8BA6414AB1DEF31EE5280116CA88014322E12FBCFEEE05A57C814CE4D64981
9648644238 5039 12632 47BB406BD1302222C1ACAC618BBDE85A6E8B57A3616C137530A451157A4BB6B7
9650955157 11276 43674 7C20F6CF1A09EEE4F40FE6F70B0F070213E4AE0B9599CF6348B0EAC781225457
9657235868 20156 49412 7C20F6CF1A09EEE4F40FE6F70B0F070213E4AE0B9599CF6348B0EAC781225457
9653970356 64934 4802 7C20F6CF1A09EEE4F40FE6F70B0F070213E4AE0B9599CF6348B0EAC781225457
9658589298 13211 29903 F1C643D1DABC90A936650635615BB23E4D2F08626A91130671F1E8399D82B7C5
9651318707 60539 45292 68706F18952BA0A0B6340CDB9C088675A01A6FCBDAF6FEE51405250F272BC67A
9656731785 22360 1126 7C20F6CF1A09EEE4F40FE6F70B0F070213E4AE0B9599CF6348B0EAC781225457
9657771742 63877 10228 5935BA8B12AA6C056EFAF26BFED5607A7E710BFAC83C324A4D324C4C0C2A18CC
9655908021 3403 27451 97D321B206AA52769B538B3710A72C6418A6DCA41381795E5008862ADE1A4F35
9649840709 54554 54635 7C20F6CF1A09EEE4F40FE6F70B0F070213E4AE0B9599CF6348B0EAC781225457
9652614573 11740 46106 7C20F6CF1A09EEE4F40FE6F70B0F070213E4AE0B9599CF6348B0EAC781225457
9655452467 26607 3951 AAA4379029F049B6DABC146C7F30BF3F1E9BD9EC3D4B291534A50913853C0C61
9649404610 32809 40917 719C9E97BA3B3C11EE660C6AEF5B7988143247CB6EBADEBC15B31A8CFCCC9BB8
9651680783 30371 54483 BED267B36AED2159F08CAB274E30D351ACBFF6E28025915F505BB737D85DDAB4
9656273250 63861 56840 9312DEF4B35A4774BB4F6CD39314B3017CFDD3BF69B601C03968C0C03AC41061
9658709423 9289 64837 89966BCE1CD579697BD1324D46BE00F458C16BDA5DBA69E2C7F1A46FB42D3435
9659218997 24843 58627 9EB01BEC8CEDD921922588AEE1509E52C5F2F3D32697D9037F2ECF734AFA84AD
9650484205 22775 27734 CC8C852A2F97E5654DC8467C2D287E43B2B4E8B9620B0D6C60386A9E1D8ADF99
9659952721 54725 45513 CD50AFF3DAFAC14CC313BCF59E239AC23C31D73B6D23FC08827F730497F4AEFF
9650947106 31557 10149 635459C2A9FEAEAF63FD6ABC4D3A9377DA32A7DB7D793E73900832254D7ED395
9658483174 60745 35441 160DF0D86F6ABD6E8E37BF56961EC29BF240B23ADCE3B251389A585579592DE1
9655578593 57745 8056 2326067DE967A80D69828A94F062708DA85535BC16C7D3FC515490EDE762F3D0
9657895615 6233 15709 25BAB72FAD6924BAD284EC2A7D5780E93149F3D5E66C3464A4343991ECB15C0E
9654117952 31947 25383 0C8735369C08BC5EF0906D433EC1A33D86FED3430F13CA019B099FE838B59B3E
9651079978 53708 12120 7C20F6CF1A09EEE4F40FE6F70B0F070213E4AE0B9599CF6348B0EAC781225457
9657543468 60771 39602 8A3B0B3B54AE08E541ADE9D9BBB1EE1AFEF2CB8D2501EE0330B5DF765A72D1C5
9648665118 47633 3774 117B445EBB5E7C44687BAB4F3702982E6356360461336D03635D12FFF7810959
9648672580 24247 12868 FBF9A4134BDD78DB071EE3072A9C1484EDC3BDDD637482410B8E73E507684CD2
9650612783 2327 1848 D8268765057389BFBD9DB7C2107265ADA8057C3089F4D466AFFFE2842D90207E
9649986613 18446 27477 7C20F6CF1A09EEE4F40FE6F70B0F070213E4AE0B9599CF6348B0EAC781225457
9657596742 14984 50024 7C20F6CF1A09EEE4F40FE6F70B0F070213E4AE0B9599CF6348B0EAC781225457
9656835111 47307 62597 FCB2FC8727DCB8A086B4BD9B75BD7E9540E516D103C9548C2BACE96CA472FEED
9649150239 24428 18815 7C20F6CF1A09EEE4F40FE6F70B0F070213E4AE0B9599CF6348B0EAC781225457
9656760580 63118 28066 7C20F6CF1A09EEE4F40FE6F70B0F070213E4AE0B9599CF6348B0EAC781225457
9652420124 41867 59895 0E4AD1947904F63FFEF98D86ED868AC206A1AB128DFB5F25CA2D6A2C6012CAE1
9651114558 44115 52714 B1CFB0226E76052C6540370478798CF37E3041283096528397359BBAC5EE9689
9651725105 61208 3444 7C20F6CF1A09EEE4F40FE6F70B0F070213E4AE0B9599CF6348B0EAC781225457
9653584885 37793 46045 3F84D29DF09D0AEA6873D7ABD5D928CB2EA0FBA8DACB826CEC15733390FF5320
9656336382 16096 40557 7C20F6CF1A09EEE4F40FE6F70B0F070213E4AE0B9599CF6348B0EAC781225457
9653528880 607 20849 13DB87334ED8843F377BC68FD420EFD0AF44B842341E610BF90BEB54FB8FD469
9655823059 64152 23437 7C20F6CF1A09EEE4F40FE6F70B0F070213E4AE0B9599CF6348B0EAC781225457
9648605393 57870 65480 7C20F6CF1A09EEE4F40FE6F70B0F070213E4AE0B9599CF6348B0EAC781225457
9655445636 33903 46154 1325E6204799AF60B2FFA07EC84F4CF62B9406D93640B3BEB04A4FEA950BF944
9650840805 12821 19948 AC2357AD77EE4179223E5844870C66A7CAD2C4AF1F0993B4B636AFC193445F35
9658287362 9199 22515 48123B8608517C28EFCD541F64D7BE01D23044D70F4E034E7883A265E1F6FAC9
9653166145 4992 45881 7C20F6CF1A09EEE4F40FE6F70B0F070213E4AE0B9599CF6348B0EAC781225457
9660163511 55929 49735 FBFF06471A6DC88238A1D594465FA7542F49B5ABE7DDECFEC088B49AF25F76D7
9659288347 34780 41296 7C20F6CF1A09EEE4F40FE6F70B0F070213E4AE0B9599CF6348B0EAC781225457
9657608501 34135 31104 2D60A9EA6C4F9B563CE5338B54F4CFE2219BA34C95FA0E77930E4DD521BA5C80
9652363980 20242 47585 7C20F6CF1A09EEE4F40FE6F70B0F070213E4AE0B9599CF6348B0EAC781225457
9649465978 44444 54206 7C20F6CF1A09EEE4F40FE6F70B0F070213E4AE0B9599CF6348B0EAC781225457
9660119054 61653 62118 CE1B9F7FF3FCFB25B05DF8CFC02D02D523A433008770374E6419F4EA75D64CEC
9660316370 43146 45161 7C20F6CF1A09EEE4F40FE6F70B0F070213E4AE0B9599CF6348B0EAC781225457
9653626821 23246 53501 7C20F6CF1A09EEE4F40FE6F70B0F070213E4AE0B9599CF6348B0EAC781225457
9652312731 38420 45666 7C20F6CF1A09EEE4F40FE6F70B0F070213E4AE0B9599CF6348B0EAC781225457
9659484703 21412 20240 7C20F6CF1A09EEE4F40FE6F70B0F070213E4AE0B9599CF6348B0EAC781225457
9658453070 19223 13223 74E20B9EBB6956DF9D49306A6ED3251E68EAF2CD556EB412C8B75B3A3C1CCE45
9652621442 3357 6688 A6C0014CF50F182FFA201D2FE8D85C2128BF49D701E7F62F74EA7F901B983234
9657089486 34938 51226 7C20F6CF1A09EEE4F40FE6F70B0F070213E4AE0B9599CF6348B0EAC781225457
9655456161 32775 53475 9BEC8A28AC697487D92841FC3993DBD9EA83F1B2FE88DC658B3E9A6A8CF0BAC0
9650040295 12274 12312 7C20F6CF1A09EEE4F40FE6F70B0F070213E4AE0B9599CF6348B0EAC781225457
9657260254 18486 15123 7C20F6CF1A09EEE4F40FE6F70B0F070213E4AE0B9599CF6348B0EAC781225457
9651716265 11769 9663 EACE2796B3E9E0A00FCD6F711343FE010E01D0AADE8D300F4C8428CF5919F2F6
9648958140 20679 8450 FF1EC950E52D8919AEA0800ADBAA1E76060229098D65C7B8309A499E7B7F571C
9650623155 25553 37799 42FFF3CBB3F71FC1DA7AC8FFC0782C737E74738141B699C1678D86053DB865EA
9656622541 17978 53044 7C20F6CF1A09EEE4F40FE6F70B0F070213E4AE0B9599CF6348B0EAC781225457
9659823645 12519 13630 74FE0E53D0B1D7EC4F6F9A1CED26C4C1EC6FDACE1C3AC00885EA6C568AFE28A8
9656812020 24911 28382 3A7CD5D561CBEB720B1A055A903647665D0D13C30CA6C2FDC24B1B9B7F68DFB4
9658020113 20340 34988 7C20F6CF1A09EEE4F40FE6F70B0F070213E4AE0B9599CF6348B0EAC781225457
9649875718 35941 4520 645E4DDA5088B66E5266F2B42F551FE5A298D9B8511310934A8340E099054584
9652269613 28736 36271 7C20F6CF1A09EEE4F40FE6F70B0F070213E4AE0B9599CF6348B0EAC781225457
9659550397 60889 55660 E83FAF0076DC887ED205D912EFC657C81DC1000E28DB5F80E7630FC883DE79E0
9651333706 35674 17637 7C20F6CF1A09EEE4F40FE6F70B0F070213E4AE0B9599CF6348B0EAC781225457
9653014241 35878 39453 7C20F6CF1A09EEE4F40FE6F70B0F070213E4AE0B9599CF6348B0EAC781225457
9649939871 50067 20393 1D653A0401FC9FF71D44ED3BA97DD9ECD3C180596045A36DD75D335F3421C79F
9654684671 13134 43158 7C20F6CF1A09EEE4F40FE6F70B0F070213E4AE0B9599CF6348B0EAC781225457
9659134523 2968 13238 7C20F6CF1A09EEE4F40FE6F70B0F070213E4AE0B9599CF6348B0EAC781225457
9659736484 15030 28714 7C20F6CF1A09EEE4F40FE6F70B0F070213E4AE0B9599CF6348B0EAC781225457
9652542539 61957 54687 CF420598047BBAE55A9A1E8D3124085DD1A6E0E5FBA229BCF1CF1DFD580D0959
9648726278 43040 61643 7C20F6CF1A09EEE4F40FE6F70B0F070213E4AE0B9599CF6348B0EAC781225457
9657524795 53429 27577 D5DB18ED8CFE5F5AD6C37B5B454847F6D55CA7270E7B2C02D09A84107D94CB21
9653738872 43290 65441 7C20F6CF1A09EEE4F40FE6F70B0F070213E4AE0B9599CF6348B0EAC781225457
9658072268 49510 11840 7C20F6CF1A09EEE4F40FE6F70B0F070213E4AE0B9599CF6348B0EAC781225457

Total of 0 tasks calculated error.
