Total of 100 tasks calculated correctly, accuracy 100.00% 
9674381064 4447 17125 A1B45DDDD9733718E80D28BE76C047A11CED5C58DFE51D604FAEB549E5FA1FC2
9677781946 50366 13100 7C20F6CF1A09EEE4F40FE6F70B0F070213E4AE0B9599CF6348B0EAC781225457
9681710869 58334 63242 7C20F6CF1A09EEE4F40FE6F70B0F070213E4AE0B9599CF6348B0EAC781225457
9681824877 51221 46606 D75EB55A3FC19D5E40DFD03452189B57BF6CDF8D0B1B2597CB6CCE4E46A01C71
9682120782 64678 59997 7C20F6CF1A09EEE4F40FE6F70B0F070213E4AE0B9599CF6348B0EAC781225457
9681195582 26175 41741 A59BA943A84C4323625C3D2E18B9E26E5752ACCBC6D5D59CE9F50546163EB76B
9674545517 55230 50321 7C20F6CF1A09EEE4F40FE6F70B0F070213E4AE0B9599CF6348B0EAC781225457
9684271705 60671 50946 0FA0A418FF5DB5498A1B6C14AA8BA0FE6CAED987144DF2A6F09F3BCCCFE871A5
9677606186 2899 58390 9CA3FF1AC594C3EC9DDBF17B6E69DC7741476E7E9A2282DB6DB43CFB9D42C48E
9677058263 18062 58624 7C20F6CF1A09EEE4F40FE6F70B0F070213E4AE0B9599CF6348B0EAC781225457
9677404216 53292 53319 7C20F6CF1A09EEE4F40FE6F70B0F070213E4AE0B9599CF6348B0EAC781225457
9679144279 47775 64143 922CAE9057F9E0942B40899F115223C72C5D154C441525F3E8220B7BD9BFD869
9682701031 62688 15778 7C20F6CF1A09EEE4F40FE6F70B0F070213E4AE0B9599CF6348B0EAC781225457
9682187715 12532 22440 7C20F6CF1A09EEE4F40FE6F70B0F070213E4AE0B9599CF6348B0EAC781225457
9679347485 11085 4342 29D1B9E13AEE4B2FA4814886C8962407C1B6161931BF2965420B651FA0F3FCC7
9678984363 34225 1416 558946CEB4E64F2A308FE029D59FA36EAF2A04070E7B894BAAA51C946565E425
9680574947 34376 32750 7C20F6CF1A09EEE4F40FE6F70B0F070213E4AE0B9599CF6348B0EAC781225457
9674729322 2816 63588 7C20F6CF1A09EEE4F40FE6F70B0F070213E4AE0B9599CF6348B0EAC781225457
9681878430 18648 24194 7C20F6CF1A09EEE4F40FE6F70B0F070213E4AE0B9599CF6348B0EAC781225457
9677731629 11458 30478 7C20F6CF1A09EEE4F40FE6F70B0F070213E4AE0B9599CF6348B0EAC781225457
9683466643 58431 6704 7F1C5FBA844F27C0B4A09515106FCEBF11032EE95DAA3605A5F5B4E58D4E539D
9681031183 19747 34948 DDCC56306CA3CE12FE9D01D48D066FCE1C30FE123C43973F9FBEC5DFE864176B
9678981325 59903 594 44E182E2FAA25DA347689D44BF61EB784A4C187002C38B7EC4CB80EC4F59670D
9679895236 30237 13010 BDD1AF0ABF06C756CA6C7D29426457F175C8C3EAA7A6E56CD5AE62185B7D3A1B
9678616199 3484 12889 7C20F6CF1A09EEE4F40FE6F70B0F070213E4AE0B9599CF6348B0EAC781225457
9675689554 59837 48563 7508A3261307C3A81E568C979DF36948C5CA90336C3241F3D6FC387282FE57F6
9683276417 56766 41693 7C20F6CF1A09EEE4F40FE6F70B0F070213E4AE0B9599CF6348B0EAC781225457
9684213256 18450 59927 7C20F6CF1A09EEE4F40FE6F70B0F070213E4AE0B9599CF6348B0EAC781225457
9680269825 46032 40834 7C20F6CF1A09EEE4F40FE6F70B0F070213E4AE0B9599CF6348B0EAC781225457
9673714662 10686 40797 7C20F6CF1A09EEE4F40FE6F70B0F070213E4AE0B9599CF6348B0EAC781225457
9672771241 34539 32852 57ED3033962BC165B66351DB82766DD747B3167C72C6E23E74DB75B16B8DFCA0
9680944775 29120 37562 7C20F6CF1A09EEE4F40FE6F70B0F070213E4AE0B9599CF6348B0EAC781225457
9675261893 28728 8534 7C20F6CF1A09EEE4F40FE6F70B0F070213E4AE0B9599CF6348B0EAC781225457
9681762993 50274 17607 7C20F6CF1A09EEE4F40FE6F70B0F070213E4AE0B9599CF6348B0EAC781225457
9679010122 666 37011 7C20F6CF1A09EEE4F40FE6F70B0F070213E4AE0B9599CF6348B0EAC781225457
9682109328 12807 55230 7693837B9C8A6B9B8CC097AB59A2E0EF8AF09BEC3442AAEEC04F9608E5CF2A53
9683132196 11813 63248 E8F0AED81315BC16554637B4395D5670CB5C124DA3294FABB6E5FAF4F494BBED
9674373644 32584 56830 7C20F6CF1A09EEE4F40FE6F70B0F070213E4AE0B9599CF6348B0EAC781225457
9683272322 5867 42195 5A596D632A9D9249495C757C28F37FEC625E7C65E098154C1CCEAF49F4BA161A
9679825742 31866 3095 7C20F6CF1A09EEE4F40FE6F70B0F070213E4AE0B9599CF6348B0EAC781225457
9680381934 6264 4859 7C20F6CF1A09EEE4F40FE6F70B0F070213E4AE0B9599CF6348B0EAC781225457
9682906328 9555 24627 69CE343368D23145421585B8D3AC4D3135BB249FC61F65E8ABC1091FDA46E1B2
9678259015 47885 29774 64F511EE92741F789A86D8DE3CA5DFD01B108FEE43AE164141571714531E1014
9677625912 54518 20073 7C20F6CF1A09EEE4F40FE6F70B0F070213E4AE0B9599CF6348B0EAC781225457
9677177832 28786 61935 7C20F6CF1A09EEE4F40FE6F70B0F070213E4AE0B9599CF6348B0EAC781225457
9675518776 15931 51517 798ECFA7FB975D898AD4BCABE35BF1C4E6FCC9B2ABA036D8CAF9E5C2091A7083
9680547244 1483 55545 F8F346E9372FED087DCB1EACEEF1E58CAEB5B550C5AAC11CCD96154AD1579453
9681111707 20722 45589 7C20F6CF1A09EEE4F40FE6F70B0F070213E4AE0B9599CF6348B0EAC781225457
9676656189 5450 17934 7C20F6CF1A09EEE4F40FE6F70B0F070213E4AE0B9599CF6348B0EAC781225457
9677796848 61194 40532 7C20F6CF1A09EEE4F40FE6F70B0F070213E4AE0B9599CF6348B0EAC781225457
9682427817 46959 23809 18D4E1CB28F630BC59575290092743D7D99FDB5590E666F59AC93E57D2C3AA5E
9681458530 32883 14486 352DE68DFE35109A428101D3C0A5C02A1943E957E952FE998A58A2252B5EF64D
9677688460 6703 52918 5E8D8155807BCDE0B1BB77EE2E31F3CBA10AC91634318AD40F086B50D007CCB6
9677847450 15468 54578 7C20F6CF1A09EEE4F40FE6F70B0F070213E4AE0B9599CF6348B0EAC781225457
9672809280 63094 12203 7C20F6CF1A09EEE4F40FE6F70B0F070213E4AE0B9599CF6348B0EAC781225457
9677984396 1324 11529 7C20F6CF1A09EEE4F40FE6F70B0F070213E4AE0B9599CF6348B0EAC781225457
9680565822 29860 25772 7C20F6CF1A09EEE4F40FE6F70B0F070213E4AE0B9599CF6348B0EAC781225457
9672768192 8922 53143 7C20F6CF1A09EEE4F40FE6F70B0F070213E4AE0B9599CF6348B0EAC781225457
9677630138 62839 8143 F912AD507245BBE89F8A309305CDFA4BF53E48F3A643382B83BCB2C52B2FF879
9673385150 14499 39740 051323D229111FB4D1BD275AA90EF733276F70785D6849DD3F975978E6FA6644
9676231333 39629 8462 42FF421E8850499E602CA6408119E8272718602EA6582F1AC9E264CCA2EFA6EF
9683076918 51406 24955 7C20F6CF1A09EEE4F40FE6F70B0F070213E4AE0B9599CF6348B0EAC781225457
9680172641 21272 1734 7C20F6CF1A09EEE4F40FE6F70B0F070213E4AE0B9599CF6348B0EAC781225457
9682514974 21407 62823 217930BD1AB56A4B019F5466A7FCF174B7560831ECB81351B5ECDD770E14EEC9
9675474703 58142 63539 7C20F6CF1A09EEE4F40FE6F70B0F070213E4AE0B9599CF6348B0EAC781225457
9677119290 43059 35688 50115B0FFEDCAECA2609136636CD2D8508BBDFAA4BC941F96EBBBA1C7B0B4FD0
9675176144 40719 57886 F7690F71068F3BD04D293402008D8D64AF8BDBD79FC321E2D157F97918BC96C2
9678504626 54661 4385 CB467F9CDDC549289AEF3FD9AF5ED8DAEBB56EC4E6A20359351884AA650EF205
9676919002 52244 33664 7C20F6CF1A09EEE4F40FE6F70B0F070213E4AE0B9599CF6348B0EAC781225457
9678936732 4673 58548 55824E4FC7DF9B5684796D2842C4B8313D6671DF3301A4909CA97C6A4734FBD7
9672981496 21777 25823 7AA1F73D6702D7F683F386C9014071F23B95202A2F01065534E1402538B0C995
9676219452 22609 34580 9E1B58DC6C8E04469190E39BA9A111D70BF184C5A5660166A291E3876136BF9A
9680225679 1807 41427 316C2BF9F188B0EA5643C22222DF9552DCA1B18C4B7B5DE545E858527CB2D63D
9679731677 37228 19895 7C20F6CF1A09EEE4F40FE6F70B0F070213E4AE0B9599CF6348B0EAC781225457
9675987836 27111 17305 51BA15C0E4E8248D1BFE97B70E2C1BA82F260D4EDECC26E46510B9D21E456976
9683820015 53577 8497 8793B692E28EC38C033482BC953BA21FA54BEB6C4984599B36A16A186CAE03BA
9674333686 7018 30839 7C20F6CF1A09EEE4F40FE6F70B0F070213E4AE0B9599CF6348B0EAC781225457
9677910481 11695 17830 AEEBCF4CF5250AA8111D02BAC1EB7C3269424B01B110666A06F0579477C4DC89
9677949087 41873 47968 AD4B0BEA6EF9D39D383EE9ECDEAD012F23CF1E5653B06F7ED762F8677FD09C69
9681549089 62120 55082 7C20F6CF1A09EEE4F40FE6F70B0F070213E4AE0B9599CF6348B0EAC781225457
9681555978 64518 17879 7C20F6CF1A09EEE4F40FE6F70B0F070213E4AE0B9599CF6348B0EAC781225457
9680969348 25958 27989 7C20F6CF1A09EEE4F40FE6F70B0F070213E4AE0B9599CF6348B0EAC781225457
9678239269 38961 11721 4C3CB8116AF4D987B0FB157CDC817A9A909117D65D3EFF867A14BC9CF2BC0132
9679909788 12191 55023 1E27364CCB14D7138FD6EA478B0F3A21274E27183A356929B05AB6454B255F09
9679128566 4358 34401 7C20F6CF1A09EEE4F40FE6F70B0F070213E4AE0B9599CF6348B0EAC781225457
9675347565 39054 26427 7C20F6CF1A09EEE4F40FE6F70B0F070213E4AE0B9599CF6348B0EAC781225457
9679972372 64481 10828 4008AD0563DB97C9A5561CEA532170B99600A22700B7ADCF764B9F35D2BB2CB1
9679291344 53064 34804 7C20F6CF1A09EEE4F40FE6F70B0F070213E4AE0B9599CF6348B0EAC781225457
9675710694 35583 36966 99A6A3E563F58DA8A17B274394BB5FECF2B58394CAFA504233D966273C4B6380
9676623937 62019 33440 DB8AF242A94DC4E016958F0B52A0C490FA3A086D5706644A4651663FFE40B942
9677907767 61841 57994 2AA0A734F301AC9F2AA53313CBEF2C4C6FB671B7F98B3D98104F5B24DDE40B6D
9678647465 5552 5694 7C20F6CF1A09EEE4F40FE6F70B0F070213E4AE0B9599CF6348B0EAC781225457
9679101950 28366 23719 7C20F6CF1A09EEE4F40FE6F70B0F070213E4AE0B9599CF6348B0EAC781225457
9675372531 27997 58811 AAAE8EE645FF6C9989F9CFA1A70399A88E7259A9F2982F0F4D494A6056D567ED
9675529478 1333 5309 99FED5EBAA2DFB8BA73DD59E87C9A1BD6021E0DCB7C2D842FC0BDC7CE1BC0821
9682951587 22768 27588 7C20F6CF1A09EEE4F40FE6F70B0F070213E4AE0B9599CF6348B0EAC781225457
9674956423 29894 1755 7C20F6CF1A09EEE4F40FE6F70B0F070213E4AE0B9599CF6348B0EAC781225457
9683846746 50319 37493 7B20B05ED7CDFD0F72F0CD0BA6B11E131F5A08DFACD4788210E106D670D2656D
9682991418 2138 33967 7C20F6CF1A09EEE4F40FE6F70B0F070213E4AE0B9599CF6348B0EAC781225457
9679768700 1424 39985 7C20F6CF1A09EEE4F40FE6F70B0F070213E4AE0B9599CF6348B0EAC781225457

Total of 0 tasks calculated error.
