Total of 100 tasks calculated correctly, accuracy 100.00% 
9692749361 52687 33115 25C76CD7F153CDF54A3C8FB3C5C268B535FDC67BADCC367C8869F09334774E04
9686831006 28646 28124 7C20F6CF1A09EEE4F40FE6F70B0F070213E4AE0B9599CF6348B0EAC781225457
9685468704 59814 25478 7C20F6CF1A09EEE4F40FE6F70B0F070213E4AE0B9599CF6348B0EAC781225457
9691868326 63211 50686 3A903B798A00157CCCEE3BB42FA9137BCA1CB1A05C1FF5E312284A5A1ACA270A
9694203160 26363 27773 2FC88DE36C4702D30B238F7F07161A15CFFA6AA1CB5E7071B78B09F23516079D
9693846640 58277 47018 F4263B23E3EA61F8523033077CA7413B08B72349B471DFDC6822166B1452C211
9689928809 43079 38799 E051BC61432D78126CAAB26051182CD0A4E67CE373E9DA62A734A5D3F80A831F
9685500485 26416 43420 7C20F6CF1A09EEE4F40FE6F70B0F070213E4AE0B9599CF6348B0EAC781225457
9693801452 1569 42520 70670C5F096CFB41F6E919269F500D9C4A229DAAE2005CA450231C6C3A1D5BE5
9692329386 20312 41984 7C20F6CF1A09EEE4F40FE6F70B0F070213E4AE0B9599CF6348B0EAC781225457
9693148891 42245 57539 844E2C872EAA7894E8FBABA8CE2BB629781F7D47919B2ABFA0A44789E17D7C25
9690946282 63248 64218 7C20F6CF1A09EEE4F40FE6F70B0F070213E4AE0B9599CF6348B0EAC781225457
9688049849 47833 32615 83F1D59A6681A6E19D344D7705D82CDDB9E4C06B1D89E31CCF7EC3D6BE418083
9690571283 8275 51725 C4E5B6363A81931F2FB10263044AD53F0B6C20B3F02D6D938D26D1EC568963EA
9687584798 6178 36812 7C20F6CF1A09EEE4F40FE6F70B0F070213E4AE0B9599CF6348B0EAC781225457
9690049529 28724 57372 7C20F6CF1A09EEE4F40FE6F70B0F070213E4AE0B9599CF6348B0EAC781225457
9693802667 8962 3371 7C20F6CF1A09EEE4F40FE6F70B0F070213E4AE0B9599CF6348B0EAC781225457
9689534160 61319 62849 F026491C6944A70519B0646E036BABFC2C47F6CFBE94309B922436F7019F33A9
9686590789 27816 53423 7C20F6CF1A09EEE4F40FE6F70B0F070213E4AE0B9599CF6348B0EAC781225457
9694598015 5580 41421 7C20F6CF1A09EEE4F40FE6F70B0F070213E4AE0B9599CF6348B0EAC781225457
9686328405 55678 46886 7C20F6CF1A09EEE4F40FE6F70B0F070213E4AE0B9599CF6348B0EAC781225457
9687887090 8298 16682 7C20F6CF1A09EEE4F40FE6F70B0F070213E4AE0B9599CF6348B0EAC781225457
9686170079 5959 35957 FC471CA63AC53691C60CA3137A214A288A60F221621ABF474EEFD78418155D8F
9688939418 65401 51613 C52CC3D24DEC3EE282614F2D60C46F292609E60009E4B28EFF490061C39DBEDE
9691035996 55076 37203 7C20F6CF1A09EEE4F40FE6F70B0F070213E4AE0B9599CF6348B0EAC781225457
9685363912 43190 37103 7C20F6CF1A09EEE4F40FE6F70B0F070213E4AE0B9599CF6348B0EAC781225457
9691373591 24759 9062 34414C1478C8A50B5F3B03F2603967D7913E67E48412DF9B98EE1ADD4D84AB2A
9687415354 10436 8555 7C20F6CF1A09EEE4F40FE6F70B0F070213E4AE0B9599CF6348B0EAC781225457
9688948015 42295 8474 4E55F2074D6849E6D608958022A6810FDDBD9205833D73F7AD6C7F388803200F
9691116775 52777 5007 C6CE4336278FB0C6F06627E34FE6AB89E6E495998925FF39E1EE927110073D0E
9688606702 63798 41033 7C20F6CF1A09EEE4F40FE6F70B0F070213E4AE0B9599CF6348B0EAC781225457
9696261862 47905 6582 C8977E44F47E4D4F652E72C93D0AF535688778C18BE78290061240CA0D0CB50C
9686593040 3982 64567 7C20F6CF1A09EEE4F40FE6F70B0F070213E4AE0B9599CF6348B0EAC781225457
9695932619 50972 24564 7C20F6CF1A09EEE4F40FE6F70B0F070213E4AE0B9599CF6348B0EAC781225457
9689369874 52460 12318 7C20F6CF1A09EEE4F40FE6F70B0F070213E4AE0B9599CF6348B0EAC781225457
9685496739 20825 56366 2DB88A450FC910D7B1A30C4880148BC30D4324C96445985378F0A06B90CA25EF
9693537811 32022 50414 7C20F6CF1A09EEE4F40FE6F70B0F070213E4AE0B9599CF6348B0EAC781225457
9688302076 17753 42674 F5C2825E8EA1D6FE9D5A4D6BBBD54B4665CA625246F7B3ECED89A982B2DEB940
9694124588 33629 21442 CE2F836E489250C14FC0C2FD7736FBA62CFFC3FCB871C44535C0098352BFF28D
9688958914 6733 32596 F0CC0E6B1717A3B17F471D9B450F02F75A5CB478F8C862503391E3FA479C6D70
9690316157 2127 61061 1886F08394AEF4AA22C95EBE54E24AB3B41A45796B04B45CC2A9B88240C6F913
9686313156 13355 13092 A56851F7D1E6BF72DF48807948F4B7BE40D09364571AE4C1811CB910294CEE8E
9694738458 2282 54732 7C20F6CF1A09EEE4F40FE6F70B0F070213E4AE0B9599CF6348B0EAC781225457
9690922126 34253 34262 B104C88E98FD4EA2C5AB5EB5FABB0412C710D6FC100BEDFBFF1E4CFE0990B5FE
9688617167 37568 2836 7C20F6CF1A09EEE4F40FE6F70B0F070213E4AE0B9599CF6348B0EAC781225457
9694038046 17722 33680 7C20F6CF1A09EEE4F40FE6F70B0F070213E4AE0B9599CF6348B0EAC781225457
9693378257 12265 53077 8B417269E82110B03FF0E88985ABEE3D8856666C14FE405A2FF57E765339FCD2
9693326973 40446 29029 7C20F6CF1A09EEE4F40FE6F70B0F070213E4AE0B9599CF6348B0EAC781225457
9692798486 43415 52798 52B176670F129BBA70A49CA5983BB4E4C9BDAFE0F889504BA359E2F50FFC8719
9692108546 40704 50387 7C20F6CF1A09EEE4F40FE6F70B0F070213E4AE0B9599CF6348B0EAC781225457
9690453471 13973 16768 97ADB1D18D159DABF913E760C0049B80053CABF029F4FF9C6B2674461B7EBEFD
9692712766 24332 6324 7C20F6CF1A09EEE4F40FE6F70B0F070213E4AE0B9599CF6348B0EAC781225457
9693200011 60966 56310 7C20F6CF1A09EEE4F40FE6F70B0F070213E4AE0B9599CF6348B0EAC781225457
9691739138 48702 37950 7C20F6CF1A09EEE4F40FE6F70B0F070213E4AE0B9599CF6348B0EAC781225457
9694691237 63382 21540 7C20F6CF1A09EEE4F40FE6F70B0F070213E4AE0B9599CF6348B0EAC781225457
9688527191 34033 58036 7DA4920DB85A09B23A047291DE6A3CAF40E8C968128A4D270EEFA61B04AD8902
9688186073 41525 56681 73F8F9DF02B3CBBA2DC6D838418C640A9EB808D6C901E9DDE9CBAA0AC70D74B0
9684877765 40165 10979 D641257AFBBBC5DF2F9B74154D48156D5CD4C594A45F7CD57933AC009A18021E
9694141821 23401 54186 7A7BBC6E074B551DDF537A19E06694DDCCE568A5D5DB8BFE0062D14D7ED61EA3
9685198713 1686 42730 7C20F6CF1A09EEE4F40FE6F70B0F070213E4AE0B9599CF6348B0EAC781225457
9691301955 437 14969 D57CD1719710038DD5AAD71F487943495297FDC94F100C156E2233F071D7C901
9686297250 42945 38641 639B103D437EAEEF1AF563AE05312313D348DD526F1409B6FCC57E69414579B7
9692805066 34779 21514 B42D423253C60011A84C86E36E961A48440DBD596273ABEBCA4E65F436E910F1
9696199211 53355 3482 0A7452E3FA7318B1BDDD354257C8182B5EB99414B4070DDC23454FEF1474D6FA
9690885729 51943 4013 98BF4C73DCFD6F14CED583417FF2121BD30A15698469C59EEFEE6A941CEDB907
9691329369 27977 46045 37A0A9C26814314863EC0197805BA3D78DFE91284A20AB9B5A4DAB2438058465
9690322488 12591 59074 C9ADA9780D4B7D4FAC159DD66C9561A4B919EDA789BBE83FABBDFEF21F664A65
9685232017 5728 1169 7C20F6CF1A09EEE4F40FE6F70B0F070213E4AE0B9599CF6348B0EAC781225457
9692664977 7147 10374 831A801D1EBA70176BD7180F167404C58E230CE1C152DB8A2DDB65A40EE4E811
9695290085 42524 60920 7C20F6CF1A09EEE4F40FE6F70B0F070213E4AE0B9599CF6348B0EAC781225457
9691090939 24554 20351 7C20F6CF1A09EEE4F40FE6F70B0F070213E4AE0B9599CF6348B0EAC781225457
9689165310 62740 20837 7C20F6CF1A09EEE4F40FE6F70B0F070213E4AE0B9599CF6348B0EAC781225457
9692241489 22105 34974 4ED09455D07783C04F411789E90992911E586A1945AF7D5E70688CE08BCF0890
9694632784 45853 64003 2E4CC1D837DFB0A64B1DB2DE205558A2BC65FF9BC954AB28FE13605E75FBB108
9695066261 26337 10347 16447E2DE195859E57518A18B3F107950CB798AF186A8AD9E0CA7D766A40CDBE
9685025252 8524 6516 7C20F6CF1A09EEE4F40FE6F70B0F070213E4AE0B9599CF6348B0EAC781225457
9688155517 5652 65025 7C20F6CF1A09EEE4F40FE6F70B0F070213E4AE0B9599CF6348B0EAC781225457
9693346630 14092 25121 7C20F6CF1A09EEE4F40FE6F70B0F070213E4AE0B9599CF6348B0EAC781225457
9687317844 55368 54911 7C20F6CF1A09EEE4F40FE6F70B0F070213E4AE0B9599CF6348B0EAC781225457
9693966748 35248 10464 7C20F6CF1A09EEE4F40FE6F70B0F070213E4AE0B9599CF6348B0EAC781225457
9688183576 12978 24821 7C20F6CF1A09EEE4F40FE6F70B0F070213E4AE0B9599CF6348B0EAC781225457
9688789198 55681 31931 314C0A62883BAB82F438EE6ACA4D325644E036C98EDD3F26C75267B54063658E
9689130636 23945 45342 4DCF67674ECA8EADA21C4895893A6CDEB3BF8582FE38B8104819D13DB671F340
9690797891 36040 26893 7C20F6CF1A09EEE4F40FE6F70B0F070213E4AE0B9599CF6348B0EAC781225457
9696000792 19579 9060 DF1E5A303738BC41DAA8873CC0B721393A2CA4643966A4F718FCEC01EE553C28
9692246596 19160 42073 7C20F6CF1A09EEE4F40FE6F70B0F070213E4AE0B9599CF6348B0EAC781225457
9687473268 57547 58781 06667DC0E338450667D6B367603EBF4B361CDB9968F0C806698A3A57E70AFEEB
9689571067 45464 51611 7C20F6CF1A09EEE4F40FE6F70B0F070213E4AE0B9599CF6348B0EAC781225457
9688352760 50200 30000 7C20F6CF1A09EEE4F40FE6F70B0F070213E4AE0B9599CF6348B0EAC781225457
9692821962 54617 60421 B5051F671B9F30626DF4284F66F80A84C9BFEC46D1E6C5AFF1A7FC927A0A2545
9694424578 61820 1367 7C20F6CF1A09EEE4F40FE6F70B0F070213E4AE0B9599CF6348B0EAC781225457
9685894024 80 18128 7C20F6CF1A09EEE4F40FE6F70B0F070213E4AE0B9599CF6348B0EAC781225457
9692671825 28348 7287 7C20F6CF1A09EEE4F40FE6F70B0F070213E4AE0B9599CF6348B0EAC781225457
9685077899 29170 60374 7C20F6CF1A09EEE4F40FE6F70B0F070213E4AE0B9599CF6348B0EAC781225457
9695540989 490 48361 7C20F6CF1A09EEE4F40FE6F70B0F070213E4AE0B9599CF6348B0EAC781225457
9687751131 46990 19008 7C20F6CF1A09EEE4F40FE6F70B0F070213E4AE0B9599CF6348B0EAC781225457
9696319089 3276 50990 7C20F6CF1A09EEE4F40FE6F70B0F070213E4AE0B9599CF6348B0EAC781225457
9693651474 25990 60781 7C20F6CF1A09EEE4F40FE6F70B0F070213E4AE0B9599CF6348B0EAC781225457
9688392732 41354 51378 7C20F6CF1A09EEE4F40FE6F70B0F070213E4AE0B9599CF6348B0EAC781225457
9694472202 56265 40395 9F03B4AD3A7C2980ED4CB4D973AF14D42658BBEF9CC6C2FB1B8869179B1B061E

Total of 0 tasks calculated error.
