Total of 100 tasks calculated correctly, accuracy 100.00% 
9715424201 59031 22759 796BC89FA0A2EA26A80E6D014F905B4B95D245E66D7C468FEEE559FE31A2DA8A
9720111514 5468 9138 7C20F6CF1A09EEE4F40FE6F70B0F070213E4AE0B9599CF6348B0EAC781225457
9714535419 51226 1964 7C20F6CF1A09EEE4F40FE6F70B0F070213E4AE0B9599CF6348B0EAC781225457
9711954587 25381 16358 1C8438B2DF609C06600751C2977970511617996213574CD0DCC85CC000B75ECD
9710846168 25275 48653 81C8B6A3F7BCBC1BB815466E0804AF4FB83BA1C9EC8E44D1941B935DCF2189EF
9712382974 44580 15621 7C20F6CF1A09EEE4F40FE6F70B0F070213E4AE0B9599CF6348B0EAC781225457
9718947339 41194 22925 7C20F6CF1A09EEE4F40FE6F70B0F070213E4AE0B9599CF6348B0EAC781225457
9711688316 52868 2685 7C20F6CF1A09EEE4F40FE6F70B0F070213E4AE0B9599CF6348B0EAC781225457
9713251870 26532 48759 7C20F6CF1A09EEE4F40FE6F70B0F070213E4AE0B9599CF6348B0EAC781225457
9717480091 13682 18130 7C20F6CF1A09EEE4F40FE6F70B0F070213E4AE0B9599CF6348B0EAC781225457
9713484560 50277 13044 9780AC3A60B37CC8FFBF3E32C0484AC702872E2C5EAE909799AF8CEE18BB5B57
9714067886 44384 16119 7C20F6CF1A09EEE4F40FE6F70B0F070213E4AE0B9599CF6348B0EAC781225457
9717172979 58465 39747 D80B992394AA36DC5A92726C760A766A4175804F42DEC5504D47B82260BA7D20
9714240410 14325 61913 F8FA1C6381035B4D0010F4CB18D4463A082C9C005880BD8D6A85C6427AE1F267
9712381732 29058 64828 7C20F6CF1A09EEE4F40FE6F70B0F070213E4AE0B9599CF6348B0EAC781225457
9716169101 35456 59526 7C20F6CF1A09EEE4F40FE6F70B0F070213E4AE0B9599CF6348B0EAC781225457
9715899262 48947 46473 0109B50FB1EE6FFC94F89585714B9903F983D19AAEFB77027FAF62796B0990C8
9709779148 2363 45125 9FFCDD64AA4AB0D5091B3E29D4B063AAAC37A202E5C53EFE04E4ADEEAE2D04A2
9713235554 52141 4702 E7273542CD42F2EB9E87BE9D41803C091764C6A37E977A49DF17884C618B8BF1
9713092540 17244 52111 7C20F6CF1A09EEE4F40FE6F70B0F070213E4AE0B9599CF6348B0EAC781225457
9719448758 37549 25911 97C9B5C0682FA175C26E5E6B30765C84A76506006BB6A6BC5C616DADEDBCDA5C
9709458973 63495 62570 666FB4689811B1586D0FE55774BE4968641ED780E68E136F057723256681BA42
9714065986 37175 29159 02DED348135A09C7F556C4B444B70A30BE6632547B6CDEE1CE7275F6E899FF12
9709358432 5059 43956 78261EA88A01382E01253095B4DE4B715BB84CEC6D835A7726BC6C9D7ED97D36
9712976801 15227 26572 2CD240DB383095AB22BB558431E8BF3EB35C63E8CAF124D066F1117569C89D95
9713647832 2773 46217 F6D990D94A2E74833C032654D139620083C92EE8E067C512C5B308D6DC734584
9715155222 54137 24726 6C12CB1585C137A48B2755D2470C54D27FECF97F13AF6318379D32CED6529FBB
9719976101 7630 57961 7C20F6CF1A09EEE4F40FE6F70B0F070213E4AE0B9599CF6348B0EAC781225457
9713889022 23990 2362 7C20F6CF1A09EEE4F40FE6F70B0F070213E4AE0B9599CF6348B0EAC781225457
9718593485 17601 36364 DB93699A17797EEF59A168A6C4B1563065B87EFD2B99E749D6D0BA52E6E63CF4
9716963127 19960 87 7C20F6CF1A09EEE4F40FE6F70B0F070213E4AE0B9599CF6348B0EAC781225457
9712930088 42563 38342 E91065105AF62151A7E41CB52B4F436FD83DBFABBFA700C3A6604A46BEC69D17
9709142828 63419 35360 5BD3C077B82489A3A7DF05CBD78D382424948FBE0ACA3BD3ECE906B1E0D1716F
9715627993 61088 33155 7C20F6CF1A09EEE4F40FE6F70B0F070213E4AE0B9599CF6348B0EAC781225457
9717490672 33155 25704 A9E6D3FED3370590F2DC1FFE59E013FDA32495F8D6A88E280D2C3108F1125081
9713816172 46015 7004 DA9A0B61DCA199D48DDB1584E46BB290099CBA161C4A6B9BCE8411827A6A8A8C
9717142994 14261 61835 E196B43C298E70DFD0C24BEACC12BD53FAA67D3503535C2D753C16AC4246A3D0
9712136303 37736 19305 7C20F6CF1A09EEE4F40FE6F70B0F070213E4AE0B9599CF6348B0EAC781225457
9715681575 26500 3325 7C20F6CF1A09EEE4F40FE6F70B0F070213E4AE0B9599CF6348B0EAC781225457
9714550339 47651 282 2982EA45BAB0D1B5095495EE947B9F5180CABC3ADE1BD8749EC2D280352E33CD
9709978986 29639 6223 AB9C605AA5BD08903A401EC0D70D2B50A8472FAB5E2A5051A2E505DDB82D5924
9717661925 31449 50479 982A6B008F5F596D2EDED4AB80A5515FFAE4D337CC4A38EB78277C877ED7B30A
9713975117 39932 20797 7C20F6CF1A09EEE4F40FE6F70B0F070213E4AE0B9599CF6348B0EAC781225457
9712607596 54529 31795 3771BCAA3B07CC5CC5958BFFE362EBF658446CB70AD83CFAC6F47F1E37174A08
9711784472 39287 39944 55D558B642C28DD51ACB6B01624E6C26031B1FEB056AF47738E162A01761BF03
9717224457 44075 13789 E6E80F052B6CD87D46765D13146831F55CBFF39727A15E2BAE0E71972718BEEB
9710432096 52163 42466 06D5ACEFD83F3706C6CB91E029D448DF92545AC163263CC92A526B25A80BB88A
9709969296 41747 50276 B212F3526E7B805902A4BD45A2A8F547C2197D74ADE56B4AC470FA0BAFD86951
9712503644 15455 10840 3BBD0245E0D48D618284A2F8049F39D9B00EFB085D7E400AD54C0131952B8B62
9708789243 57063 47206 BF2DE78B203D7EAE5D0BE9BDBFCD8062717B9336315863C66DA43D8571AEE33F
9712362940 63445 48409 64987118043B72420ADBBEDACDB669005B84EBB7626BA4DAA60706CBC18F258A
9719544170 48705 2547 210AD463BCA7B5863BE39BF789FD225E2A9C6C5477AD8877A2D5964B072188A1
9716726458 18224 27943 7C20F6CF1A09EEE4F40FE6F70B0F070213E4AE0B9599CF6348B0EAC781225457
9716056807 22081 56771 51146BE4C3808A1745E7CB807DD144A1A7793B08F61CFB882AEE0B64B609BDA3
9710346760 3011 27277 09F3AF47B9F0018C6CCC2CD0B9042034F5D526D1AED31EA5DA553F35A162A5C6
9715834126 15849 16024 96E8EA6C9003778C114E2B3EC29BA782EC07DDDE2918072DBCAF969AD449275A
9710616218 62965 63875 9A5E67C7C125AA70A6EBA4794EBEDE87CCA1827424C91ED617A83259010391CB
9711216386 23021 11493 14858863C00538BB64D1C08C54B8AED0B9A536538869F5843059A1245577CDF2
9718539655 13743 48520 A0FBAC0B8F5C77FB439263DD65FCA2A92AE40D9734FC09C1FCC264A88CB6EB12
9708637156 30085 59280 ADDD7A8ECB487A2D65324D667E6DB1EC6D0432630890D88C20EA487874154126
9719535380 4433 5091 54C404CA79E3050F3FF63B94489F14D7684F2B2F917FDA470163CA65FE84D43F
9717995891 29412 36050 7C20F6CF1A09EEE4F40FE6F70B0F070213E4AE0B9599CF6348B0EAC781225457
9712199726 62488 47604 7C20F6CF1A09EEE4F40FE6F70B0F070213E4AE0B9599CF6348B0EAC781225457
9713713097 13171 1300 3CD66CB93F6F7BFA5089A724DF32042C84A97B464E34056407EDD0C4A19CFCE3
9717856864 1254 8880 7C20F6CF1A09EEE4F40FE6F70B0F070213E4AE0B9599CF6348B0EAC781225457
9713325410 62169 9945 5ECEF09DB439E37F267D6DF33461DDEB770A96A1F267482B7F3C2A64C4526C28
9715157254 16754 45169 7C20F6CF1A09EEE4F40FE6F70B0F070213E4AE0B9599CF6348B0EAC781225457
9711847109 52221 18043 82A11914A0105F1DCBB017ACE574E2A18A8321D000A6E4156B25EACC3BF22A03
9717189492 4933 45483 CD8DC387DC5ED4FE230638854304FD7B90F08D93706EF9A4BE62148370F61CAC
9711947160 51407 7922 2A2C419716EED436C8087C2912959FCB85ED79F72EDC3923036B2C9C76A48649
9715050625 19196 20277 7C20F6CF1A09EEE4F40FE6F70B0F070213E4AE0B9599CF6348B0EAC781225457
9709330373 34667 7347 D422FFA1D6FDCF3D2FBF91DB5F2B797CF5899FEA1809452DDE9001DE81CAA09F
9715314997 27043 15807 2DDF629403B04C9F629BC76123A07723DD255D6B7E798B1EB0FECDAFDE90857C
9720115226 18283 2483 21134F12312F442FB5C557ACB5F88EDB3434211FC49CFC0A35BD870AD0CB8911
9711415083 34267 21831 9D602A00A4DB73E93D73A54FB1BEDB812F8B6A975D884214BC1C4275B8F35807
9715052534 32868 48417 7C20F6CF1A09EEE4F40FE6F70B0F070213E4AE0B9599CF6348B0EAC781225457
9712416813 53072 53434 7C20F6CF1A09EEE4F40FE6F70B0F070213E4AE0B9599CF6348B0EAC781225457
9716928095 48381 62871 E4285BB7B7FE8C26EF7E650DF4C877DB542F61A165E880AF56984EAAE684A87A
9708865947 55017 51092 DA3584C231A04CB225F91A4EEAC95A6AA4F65F111DEFAEEDE873E57346E7CF72
9711023200 5213 44355 019469699B3975F74A68816B038D93BA2B04883CD61CEF908C093F3C3656F240
9718784102 39339 60117 DC8700FCF6E5C1346F5A2782A0EC1659872A59AD587F570D4625BC84A446667C
9715964710 25399 8297 DFFD98991CCEEC68F651A7823E883CC9ACDEAB3A08843E2FF692C8812BE48C60
9717515027 26537 52100 FCBF946B6AC0DAF0ED7CC81005C2AC6B01A02481DEACE95D7A6076342EF7278B
9715403483 42888 39477 7C20F6CF1A09EEE4F40FE6F70B0F070213E4AE0B9599CF6348B0EAC781225457
9720205477 58408 53257 7C20F6CF1A09EEE4F40FE6F70B0F070213E4AE0B9599CF6348B0EAC781225457
9716265533 51094 13694 7C20F6CF1A09EEE4F40FE6F70B0F070213E4AE0B9599CF6348B0EAC781225457
9710462906 706 43630 7C20F6CF1A09EEE4F40FE6F70B0F070213E4AE0B9599CF6348B0EAC781225457
9713635128 65082 13485 7C20F6CF1A09EEE4F40FE6F70B0F070213E4AE0B9599CF6348B0EAC781225457
9718493111 30228 59507 7C20F6CF1A09EEE4F40FE6F70B0F070213E4AE0B9599CF6348B0EAC781225457
9716675974 63060 62210 7C20F6CF1A09EEE4F40FE6F70B0F070213E4AE0B9599CF6348B0EAC781225457
9719982151 48149 65219 ABDAC2C2E949791EB39497758AB36F895495C34AE34F2799990E5AF8B5F4880F
9717238032 1346 36758 7C20F6CF1A09EEE4F40FE6F70B0F070213E4AE0B9599CF6348B0EAC781225457
9718651128 11851 58627 7D2C4C823FB4A5E61D132DD3F5E9E1C3FCF16B192C8C418563ACED43016D9412
9712881457 64479 25877 5D7753CB9291D974330A663844D6F3B560DFA7D3F010D5E519A014AB4C4668F2
9720011592 18492 23125 7C20F6CF1A09EEE4F40FE6F70B0F070213E4AE0B9599CF6348B0EAC781225457
9710907143 57237 57300 846508816FCF776135A94D7CB14654379FCA8E152D8903899168C424AD992465
9714136857 58222 2482 7C20F6CF1A09EEE4F40FE6F70B0F070213E4AE0B9599CF6348B0EAC781225457
9713138493 16687 4724 5872320E47DB9431F15F677D57B4EB9DEB6379B068AA2ECCD09CFF36ADABE419
9720298375 42881 15732 BC7BF50A8559810552A0C5630B0913E83FBB2FFFC71CC292B8AE3A0416A908E1
9715583310 1521 51966 A8034DE172896CD27384A82F7ACA74751116F216F8ABE91E09769F0A2662CB6A

Total of 0 tasks calculated error.
