Total of 100 tasks calculated correctly, accuracy 100.00% 
9746733438 17930 19258 7C20F6CF1A09EEE4F40FE6F70B0F070213E4AE0B9599CF6348B0EAC781225457
9755709549 60841 19246 C3E64456FA33AF53C12E48145341D66E9B1786A100F57E09FFC018592009914F
9748683694 45405 41547 ACCB0946B1D986B4B394BF17A85F0471A82F76E8C3DFC4A1C6BE46E08D64D170
9747189000 6549 64387 0B0926DFB23ADAB9C414D721B772A9D4A9915623FC992054DCEEC0DB9F6E8FD2
9747613147 12662 61285 7C20F6CF1A09EEE4F40FE6F70B0F070213E4AE0B9599CF6348B0EAC781225457
9751174759 60750 62017 7C20F6CF1A09EEE4F40FE6F70B0F070213E4AE0B9599CF6348B0EAC781225457
9749764540 45653 60860 9464737B163735E907CA7FA44160F6FE6B43FE3E077EE360312728B521912D2B
9749267628 2817 53466 95FF5F08F63096BE0D659CD33F1F1D6CFBF5ABF69A07E9AB9E0A2479F9753935
9753785716 27211 41365 27CB0EEFE5AF5481DE12051E347AD2D3828E6864B7A66D1F01758BE3F05C67EC
9749615458 30345 26559 90DC80E9F1A8E8E468CDA274900FA24D6ABEEC073FFA33ACCF553DE54B1EEE13
9746532437 29231 7244 8FDA1310F8A1D763B9EE5B735393138BC741A1226FE20CD213C2AB7AA105FD67
9750195079 59897 51563 2EEA1CED730C23FBACA01C386216DD4AD1C6424FCE4320F9C987058B311BB3BA
9751052326 37460 15699 7C20F6CF1A09EEE4F40FE6F70B0F070213E4AE0B9599CF6348B0EAC781225457
9754464751 31477 21630 2F73CE8FDE1D3C9D9CA899A7A7747E3FDABDA8E99096CC0290753482042075DD
9745396594 56976 56480 7C20F6CF1A09EEE4F40FE6F70B0F070213E4AE0B9599CF6348B0EAC781225457
9752595648 7710 55519 7C20F6CF1A09EEE4F40FE6F70B0F070213E4AE0B9599CF6348B0EAC781225457
9747139234 53781 24894 C67F9FE5018C15FE157FCBF00E4E74364AA221AE5D9A09C669BA1F0CA28C320E
9749654987 59838 51054 7C20F6CF1A09EEE4F40FE6F70B0F070213E4AE0B9599CF6348B0EAC781225457
9745274515 29858 30720 7C20F6CF1A09EEE4F40FE6F70B0F070213E4AE0B9599CF6348B0EAC781225457
9747318277 22422 30659 7C20F6CF1A09EEE4F40FE6F70B0F070213E4AE0B9599CF6348B0EAC781225457
9753547974 39774 61062 7C20F6CF1A09EEE4F40FE6F70B0F070213E4AE0B9599CF6348B0EAC781225457
9753998329 18211 39453 EC7497CD7DD5366B9D027A8957193E2C56DE961D511888252835F92B9CDB3156
9749409187 5867 37099 19E3A34C408F24EC64267C46B06E4C57824B5C57E7A1A20617E520A4C96AD3DE
9750709876 42438 10423 7C20F6CF1A09EEE4F40FE6F70B0F070213E4AE0B9599CF6348B0EAC781225457
9748623432 31920 2830 7C20F6CF1A09EEE4F40FE6F70B0F070213E4AE0B9599CF6348B0EAC781225457
9748687992 29792 60663 7C20F6CF1A09EEE4F40FE6F70B0F070213E4AE0B9599CF6348B0EAC781225457
9753252141 18408 21573 7C20F6CF1A09EEE4F40FE6F70B0F070213E4AE0B9599CF6348B0EAC781225457
9753159165 4923 19671 0A56D0E0AFA1BDE0F206CA0B182F70D1BDF7EDB3BA4AA77369075E03E9769EDA
9746472447 31268 40390 7C20F6CF1A09EEE4F40FE6F70B0F070213E4AE0B9599CF6348B0EAC781225457
9751334867 56358 26880 7C20F6CF1A09EEE4F40FE6F70B0F070213E4AE0B9599CF6348B0EAC781225457
9753922719 36465 58659 DA4D1042ACAD62A788D2751CF0409E54B21522DC104470FBE5593B06866C86B2
9752700930 54149 53890 C2BB6BF340CC3153009F8280D52082FE2C451BD8DBD053F8222E94CAD6BA24CE
9748280323 13282 48961 7C20F6CF1A09EEE4F40FE6F70B0F070213E4AE0B9599CF6348B0EAC781225457
9754476185 63298 45012 7C20F6CF1A09EEE4F40FE6F70B0F070213E4AE0B9599CF6348B0EAC781225457
9750896721 25895 40743 DFD3D937E81FA9279628F60985A10DC1B71CEB6F9E5089B3222D2DF2D0A37EF7
9748441814 57897 27625 58010BA51A26ED7901A6E3D76A45CB5E65B94A912B8FEEDA24E79EBB8163B872
9751564236 17041 13585 3150CF5E107209B3A0E258942D13B9957362D72790ED874AF552A0F06B314335
9753393907 18187 459 ABF2D43DAE29E5A62D5E3E1AF2E0A110CDCB983BEF942D1B031324F1C32DAC40
9748756651 17612 56288 7C20F6CF1A09EEE4F40FE6F70B0F070213E4AE0B9599CF6348B0EAC781225457
9748365640 6095 37910 DADF536745E9AA132EC303ADD56EC512730BB37BE4989A484392B40AB6CED64A
9752275370 51460 28915 7C20F6CF1A09EEE4F40FE6F70B0F070213E4AE0B9599CF6348B0EAC781225457
9745694308 37323 37454 596DBBA3452ACF7393C6EE1CF019589AA352F37D2B0EA13DFA111A5BCEE419FA
9755272479 9887 27802 45995403AF48652E06448E6957A6CC8F46DE82A1104FD2B040E858FA7BEAB242
9751756266 11909 7193 726DE36E7129B2B0352B26AB0F766A9D30DA61550EE67AC6071F561E4EBBA2B0
9755815179 11681 47957 9E3BFCD8FAA740FFF092487893BD94364B8B37F5208C8B66F9C5E6FE6380E822
9751144861 33603 20259 E03473EB3D857F44B28299B067FC931EE573C4BEF3353AFD45CA72E9B0BEEEA3
9753597327 15243 22053 A1BB1EB08C64360FD3CC976DBAAC8DE42C089D2814A6ADCA89C42080DE42FBDB
9752546651 45674 41817 7C20F6CF1A09EEE4F40FE6F70B0F070213E4AE0B9599CF6348B0EAC781225457
9748385935 42224 43767 7C20F6CF1A09EEE4F40FE6F70B0F070213E4AE0B9599CF6348B0EAC781225457
9752862135 48716 47118 7C20F6CF1A09EEE4F40FE6F70B0F070213E4AE0B9599CF6348B0EAC781225457
9745541076 60728 4862 7C20F6CF1A09EEE4F40FE6F70B0F070213E4AE0B9599CF6348B0EAC781225457
9749951860 55037 57556 130FD7143CBE0539D54E3319CEAD5F793AA0B662518B7909DC8A7DBF0DB46DC5
9745000347 9591 10623 5D4E492E5701014D36256192E828F3E00ABE4124D4E03ACFBD1E88659ABCE046
9749939660 50788 35524 7C20F6CF1A09EEE4F40FE6F70B0F070213E4AE0B9599CF6348B0EAC781225457
9752086454 7623 47922 862E96A686E1B0E41E6866038B66AD3C40AA2745A445AA156277E2B8B4CD6F05
9749166877 16473 2675 8D7D58862FCF2F446E3749258512E8F5B1E6BCB6EE445F6184A27761AA864EA9
9745754871 29243 20575 866B7C974D9877F7B9ABB88A36F655D552CB58E48700047A0CB38C9CD28E9BB3
9752564897 7615 11430 51A29C9CA389617E1562401C1F8DD06075B7C05D21475799DF8C92EF449D9D68
9750160637 27170 41272 7C20F6CF1A09EEE4F40FE6F70B0F070213E4AE0B9599CF6348B0EAC781225457
9754771575 3363 19691 04F7F1AB3633C8E507D6221DA15CEEB1E5A9353F8808C6A4269CFE0DD931C815
9746880964 57316 50474 7C20F6CF1A09EEE4F40FE6F70B0F070213E4AE0B9599CF6348B0EAC781225457
9745541390 36150 28428 7C20F6CF1A09EEE4F40FE6F70B0F070213E4AE0B9599CF6348B0EAC781225457
9752226445 18734 12489 7C20F6CF1A09EEE4F40FE6F70B0F070213E4AE0B9599CF6348B0EAC781225457
9746729215 44122 121 7C20F6CF1A09EEE4F40FE6F70B0F070213E4AE0B9599CF6348B0EAC781225457
9749904214 12847 60234 E4BDFA745A2A6BE2826D140CA1844D0994A11B98F8B099D9134DD585DCA3683A
9752033037 17520 61314 7C20F6CF1A09EEE4F40FE6F70B0F070213E4AE0B9599CF6348B0EAC781225457
9751267645 16766 15987 7C20F6CF1A09EEE4F40FE6F70B0F070213E4AE0B9599CF6348B0EAC781225457
9755994678 9971 11406 3923A528C5617AB2C61E94AE6A136D26EBE08C4A251CFD1F2619467925677996
9745100206 19780 6903 7C20F6CF1A09EEE4F40FE6F70B0F070213E4AE0B9599CF6348B0EAC781225457
9756075206 11497 36016 98788C87AF7B4450AD868459830B16681F782321ACAB116472316054B713E8E5
9749360234 13765 23668 55B5351587DC89B73F6CBF2DA75E6EE3CE4B1C6AC603B1226BAF322A92AB3DA8
9744437395 2490 36172 7C20F6CF1A09EEE4F40FE6F70B0F070213E4AE0B9599CF6348B0EAC781225457
9749075490 18773 35599 80E7281D5B6E7BB61179AB068A8049B4336FFDB13328EF2D1E71D0838B104594
9745613819 11583 6168 B875877EE58D0CD6792BB1915C3423A1D72F2A754D97A4A9AC6AF979F5CB1885
9749981506 16174 42962 7C20F6CF1A09EEE4F40FE6F70B0F070213E4AE0B9599CF6348B0EAC781225457
9747603228 60325 32421 D38EFC61639EEB69712F4E6A3AD27A635B55BEF074D6916E666A6ABF024694F8
9750610704 18559 46452 0B0818261DE6857B6E6D9AC0C3C4E381D5799DF1FA3D42A3C06B7D23EF40D674
9756214966 4790 43469 7C20F6CF1A09EEE4F40FE6F70B0F070213E4AE0B9599CF6348B0EAC781225457
9751214329 20862 26282 7C20F6CF1A09EEE4F40FE6F70B0F070213E4AE0B9599CF6348B0EAC781225457
9753758592 61910 10840 7C20F6CF1A09EEE4F40FE6F70B0F070213E4AE0B9599CF6348B0EAC781225457
9746556023 49560 55740 7C20F6CF1A09EEE4F40FE6F70B0F070213E4AE0B9599CF6348B0EAC781225457
9746132074 61734 28858 7C20F6CF1A09EEE4F40FE6F70B0F070213E4AE0B9599CF6348B0EAC781225457
9755909753 26669 16845 4B4B5F53AE8A4CD06E4E675B8CE6D557A5389AB9F695DFDA6E421AFFE616C6CF
9748682690 47443 5258 084165311ABF24CCA15E43A4573B3FDB941054A52607273F20D34CF6172580FA
9752722471 51674 43505 7C20F6CF1A09EEE4F40FE6F70B0F070213E4AE0B9599CF6348B0EAC781225457
9752674212 5201 52016 04F697826B4D0F7826F79B8A40B609196C751066DB87023B1910FAA4BA38157E
9753128986 52621 30110 092D5E187CDCC3D853A36A9663BB8E1EC7182F73FE4C9A8ED3625F197D7E69AD
9745014758 58689 55353 8E4A60C02D6A758DF7E6F43C8AC59D8DF92A69862AA032B7875FCB1CB246B791
9745411078 41488 781 7C20F6CF1A09EEE4F40FE6F70B0F070213E4AE0B9599CF6348B0EAC781225457
9748312375 23743 28344 8D8DC772916C61D571815DE245EEBD9DF151EF4161FF4219B36B306AB9712E5B
9746794669 7873 9730 3E262818926E1C90C89817EC5E48CAC3369EF60696201860F5FA2B27B2187C43
9745194289 23386 26265 7C20F6CF1A09EEE4F40FE6F70B0F070213E4AE0B9599CF6348B0EAC781225457
9751309164 12442 7579 7C20F6CF1A09EEE4F40FE6F70B0F070213E4AE0B9599CF6348B0EAC781225457
9752242259 8052 11747 7C20F6CF1A09EEE4F40FE6F70B0F070213E4AE0B9599CF6348B0EAC781225457
9749722566 38675 52982 6039F6FD28A488F03112DED383546D4BAE1AA415E539EBB3DA54BE6BB705B808
9750560691 20752 56859 7C20F6CF1A09EEE4F40FE6F70B0F070213E4AE0B9599CF6348B0EAC781225457
9753406406 16696 41389 7C20F6CF1A09EEE4F40FE6F70B0F070213E4AE0B9599CF6348B0EAC781225457
9748843180 26213 40243 61BA89A7FFA3178B81FCBA5037EC69FB9D5B4926D0C75E671178EDDB57004CA6
9744770373 62701 5982 4BD8647181883A41F78446882EB64231FDD3E99763350B7A55D02DCDF83798F0
9749327458 17961 50177 502B111CB3AAD8ADFF4943D6568E5C10087F277D7A9B07EE7B90CDD9D7C678DC

Total of 0 tasks calculated error.
