Total of 100 tasks calculated correctly, accuracy 100.00% 
9775405628 3448 34376 7C20F6CF1A09EEE4F40FE6F70B0F070213E4AE0B9599CF6348B0EAC781225457
9773701588 23716 63200 7C20F6CF1A09EEE4F40FE6F70B0F070213E4AE0B9599CF6348B0EAC781225457
9779136654 23664 45764 7C20F6CF1A09EEE4F40FE6F70B0F070213E4AE0B9599CF6348B0EAC781225457
9775174563 44147 32201 7CFE2D5B39BF32DDEA16CFD66C4893A103AF7E9697CB3229DC0830469D6D73E6
9772549744 57606 61302 7C20F6CF1A09EEE4F40FE6F70B0F070213E4AE0B9599CF6348B0EAC781225457
9772844871 57646 61495 7C20F6CF1A09EEE4F40FE6F70B0F070213E4AE0B9599CF6348B0EAC781225457
9773114813 37185 46190 39CDCE6BBC1D7E45624062BB60AA979E79CB03521D0D1104AD11D025C60FB949
9779687468 27602 10873 7C20F6CF1A09EEE4F40FE6F70B0F070213E4AE0B9599CF6348B0EAC781225457
9768790979 17358 52154 7C20F6CF1A09EEE4F40FE6F70B0F070213E4AE0B9599CF6348B0EAC781225457
9771750095 60820 4336 7C20F6CF1A09EEE4F40FE6F70B0F070213E4AE0B9599CF6348B0EAC781225457
9769886385 48385 24161 7F0CD1D8D9954EBFF37149C3689D45588262667386699EB2D9F89D13E1577F31
9779589353 5132 26463 7C20F6CF1A09EEE4F40FE6F70B0F070213E4AE0B9599CF6348B0EAC781225457
9776858170 28048 41185 7C20F6CF1A09EEE4F40FE6F70B0F070213E4AE0B9599CF6348B0EAC781225457
9779553659 47224 22412 7C20F6CF1A09EEE4F40FE6F70B0F070213E4AE0B9599CF6348B0EAC781225457
9773306525 32401 12582 4FEED333AD8EEA2B6DB3C36ADCD74CC78DDA4FB85B28F14CDE16F66F72B46089
9770219832 30496 8336 7C20F6CF1A09EEE4F40FE6F70B0F070213E4AE0B9599CF6348B0EAC781225457
9779331840 57013 54559 9BFF7389621FA43BFE209EE22AB3814DD50384BC0D65CDDA1D3649CD4CC7291A
9779501989 55563 23408 588CCEF6C9D476C8EDF1AE65E2835D26E5E322967BE6205D555DA317CD7DE8B1
9780225820 28762 30634 7C20F6CF1A09EEE4F40FE6F70B0F070213E4AE0B9599CF6348B0EAC781225457
9776611544 6406 5314 7C20F6CF1A09EEE4F40FE6F70B0F070213E4AE0B9599CF6348B0EAC781225457
9775628503 47662 58918 7C20F6CF1A09EEE4F40FE6F70B0F070213E4AE0B9599CF6348B0EAC781225457
9772742800 39707 55195 9FD2B7AC82EBF0991884B745B87F69C115D7EE928D5697140F619B91D73E7FFB
9769089692 35064 16958 7C20F6CF1A09EEE4F40FE6F70B0F070213E4AE0B9599CF6348B0EAC781225457
9769008800 54642 16134 7C20F6CF1A09EEE4F40FE6F70B0F070213E4AE0B9599CF6348B0EAC781225457
9775884768 41524 44275 7C20F6CF1A09EEE4F40FE6F70B0F070213E4AE0B9599CF6348B0EAC781225457
9768740913 20026 23750 7C20F6CF1A09EEE4F40FE6F70B0F070213E4AE0B9599CF6348B0EAC781225457
9780302498 5946 5741 7C20F6CF1A09EEE4F40FE6F70B0F070213E4AE0B9599CF6348B0EAC781225457
9769290936 65005 30108 8D09E44C57253CF153C7B72601B2EDBAA26E54C55117E82CF291B86BAF5F9917
9780049954 23262 62586 7C20F6CF1A09EEE4F40FE6F70B0F070213E4AE0B9599CF6348B0EAC781225457
9779174382 54917 47223 77664DF042056427026D8CF42CA066A0122ABD0308645E2682466CDD12171382
9777926892 35003 3979 22172C1771060B4F262BA6580EF43D31000BBAF6A7027ACB2F4F80521A6304AF
9768892213 34889 40072 0814F329CA2AF1B289C2BDF870C8AF1B99235101CE522574ABD2A81467D1C3E7
9777346994 38071 47178 226CB3C0C0A5D313F1EA85F71B109A3543D3EE3014DB08BA9CCC1A0A5F2DC261
9773157623 30863 47296 F481F5E19143E11A3279F12A2317B0DFBAD099BD84155E1B5ADE8AACF130F313
9775005424 49196 63215 7C20F6CF1A09EEE4F40FE6F70B0F070213E4AE0B9599CF6348B0EAC781225457
9769878154 11529 29012 803E81C2FD3A69E4A3F1AC0B3D903922D84582AF041C5C72CA12F1D6002A7DBC
9774041342 58577 8447 1CF5D945DAE1E3ABE0B4444BA85F34EF014756BF7CAF45FAD89062077A590A90
9773789497 32183 61470 B2CD0EEDCC8F15F47598F337C39886856805A35549146AE90A2CEEBCEBF49537
9769634501 38757 52499 35FBC38036784023758540D543ED009A846719A93929EABB912346F75818EA78
9777447596 37796 25040 7C20F6CF1A09EEE4F40FE6F70B0F070213E4AE0B9599CF6348B0EAC781225457
9769557998 18333 52085 5C90129D989A8E7E785F7E3B7999B7A4A6AC1FEE0146DA2F35D75CDBBC842D64
9777891257 9572 53637 7C20F6CF1A09EEE4F40FE6F70B0F070213E4AE0B9599CF6348B0EAC781225457
9774306986 19293 62449 FFE6BE88F8542B25CB0F5D97974A758E64789451EB21D4ECA8B94FF6F7891DFB
9774837170 54616 53181 7C20F6CF1A09EEE4F40FE6F70B0F070213E4AE0B9599CF6348B0EAC781225457
9774992926 1889 11941 6839E13910E01B3F5F627B640CFC080FF643E700C912F5176C907425B1DD9306
9769523965 35905 6972 B3832F8C6CF70C59C04F5289EFAC472D8263713EE72741AF24417A332D1C406D
9777384589 39897 26589 4C88A3C3FBDE8A302AA6DA385979F238532AD85CF6B4E7D996A03FA7CA646FCF
9772734657 29197 36884 3469D713E1C2BD3674E6F75C6C37982DE687A34F5D08F090962DBE392302CB58
9773096362 22688 41165 7C20F6CF1A09EEE4F40FE6F70B0F070213E4AE0B9599CF6348B0EAC781225457
9778169355 44782 36219 7C20F6CF1A09EEE4F40FE6F70B0F070213E4AE0B9599CF6348B0EAC781225457
9776956974 46548 22644 7C20F6CF1A09EEE4F40FE6F70B0F070213E4AE0B9599CF6348B0EAC781225457
9772922900 63677 18049 DCB143DA7CC79FE36553449934F6F7C9CF0D491FB7887BB9C721AF0E266A8CCB
9777537174 7018 62706 7C20F6CF1A09EEE4F40FE6F70B0F070213E4AE0B9599CF6348B0EAC781225457
9777905453 12811 49984 A200935D9A9724524FF24F2DDA310DE5CC73898EDBD46AB966DCF892D88A9E46
9772946573 32872 45357 7C20F6CF1A09EEE4F40FE6F70B0F070213E4AE0B9599CF6348B0EAC781225457
9774421477 9660 57927 7C20F6CF1A09EEE4F40FE6F70B0F070213E4AE0B9599CF6348B0EAC781225457
9773965284 62871 50892 2ECD8086760759B166481067E44F2CAEF91242970C8AE73E4C2FA35CBF062FFD
9777399152 29791 60567 35482DDD2366188F524F1FAE30E548748C3361628ECCAAAC499BE25A8C223FCD
9774984326 6788 28724 7C20F6CF1A09EEE4F40FE6F70B0F070213E4AE0B9599CF6348B0EAC781225457
9771296671 9487 52475 7CDF633D2E0B96EDBE5C2C7D3CB66DA9D25172868E8E7FDC5604DA642F23BC65
9774198484 55088 48929 7C20F6CF1A09EEE4F40FE6F70B0F070213E4AE0B9599CF6348B0EAC781225457
9780276188 25329 22665 E1869F6393522889DE02EB19795E3B2591C6A0C5891A6F3CFE297D29D9C38583
9768906524 27807 15314 B8C9F1B90660A73E7D5EB5D03C8D23708D459C0202651501B458FD9645DD6EB3
9769752724 23210 27386 7C20F6CF1A09EEE4F40FE6F70B0F070213E4AE0B9599CF6348B0EAC781225457
9774122259 63332 7426 7C20F6CF1A09EEE4F40FE6F70B0F070213E4AE0B9599CF6348B0EAC781225457
9776145286 1177 63750 FBE6FBB7C256D4F80A6099E0961300AF984A4220CDFD313F66A261B243383D10
9769646146 4518 13580 7C20F6CF1A09EEE4F40FE6F70B0F070213E4AE0B9599CF6348B0EAC781225457
9773220871 33258 23855 7C20F6CF1A09EEE4F40FE6F70B0F070213E4AE0B9599CF6348B0EAC781225457
9776496801 50288 2979 7C20F6CF1A09EEE4F40FE6F70B0F070213E4AE0B9599CF6348B0EAC781225457
9771212032 63900 12548 7C20F6CF1A09EEE4F40FE6F70B0F070213E4AE0B9599CF6348B0EAC781225457
9773343852 47732 2681 7C20F6CF1A09EEE4F40FE6F70B0F070213E4AE0B9599CF6348B0EAC781225457
9771410847 13429 6268 F4B4DBB079284D640CBAF90969C30338A61960A23B6F7AF0B20C842A9C2A25F3
9776876885 6920 47987 7C20F6CF1A09EEE4F40FE6F70B0F070213E4AE0B9599CF6348B0EAC781225457
9776803351 37099 65235 9A6C8AED8FC7D2FF619050836310C26623390FAB1ADC20F0DA1061AE336920B3
9774700778 45190 63162 7C20F6CF1A09EEE4F40FE6F70B0F070213E4AE0B9599CF6348B0EAC781225457
9768728251 51608 64205 7C20F6CF1A09EEE4F40FE6F70B0F070213E4AE0B9599CF6348B0EAC781225457
9771734659 4489 16030 ED0CBA53C771A235C1C37DC26D2EDA8544807463459E993BDBF45B6D0301C9E9
9771689653 31823 2367 4FAD27FC29806DE52EA172DCA2FA98B500FF58B54CB22B39F74B42CC83E1FD61
9771993219 27662 47654 7C20F6CF1A09EEE4F40FE6F70B0F070213E4AE0B9599CF6348B0EAC781225457
9775260736 7020 58981 7C20F6CF1A09EEE4F40FE6F70B0F070213E4AE0B9599CF6348B0EAC781225457
9768564348 13253 11818 7A27757B1F4EB37FA55B68687BE70B4B29767D462AAB6149A4F0A8CF027AC044
9776645868 10722 35866 7C20F6CF1A09EEE4F40FE6F70B0F070213E4AE0B9599CF6348B0EAC781225457
9772761088 34769 9968 30F43F75EE6E3BCC461AE77F2720FD0F4CB064B92E91374A14894E478BCA980D
9777517001 64936 13324 7C20F6CF1A09EEE4F40FE6F70B0F070213E4AE0B9599CF6348B0EAC781225457
9771514084 18301 21960 4112FF987B4F72D9560F7CE51ED80A5E197499EDAA4BC06B9307A04A9E04A503
9769012779 45117 19503 1A3B0EB18BF0226ABDE08AEF57892360761CA63F403EE9A924C9CBEBE76A21B5
9776479578 13004 8513 7C20F6CF1A09EEE4F40FE6F70B0F070213E4AE0B9599CF6348B0EAC781225457
9771299939 25973 47674 52058693F7454D26CF689A0FC769798F3FA7D06A5AA263C5334F992B25CEE39D
9769140843 10779 7698 9DAE4555045B01B18538F4F48C0EC716A908217E6DF18BB444AE043B08BCC54C
9776553825 3735 29056 BB232DB967AB780A44AC2A2E3C966DE063A62C7BF80214A9B810711C606C50F0
9775510607 13753 10493 C7C2415B33FCC68576E8E5B5A9A82872C050D7AB81B15589906465ED4FF1A6DE
9769652335 9321 17171 5224D845CAB3891EC5DEB3495570ED10344F198241A275562674EB96EAA4C1B8
9771615611 58707 35579 245773C9CA7D0F3EE17D7E0BDCFD53768BD98F7A42DBEF780F3DB3DF8D04225E
9770235528 3478 15015 7C20F6CF1A09EEE4F40FE6F70B0F070213E4AE0B9599CF6348B0EAC781225457
9777263990 32871 47762 101884BC85A0B2D8CBB880E7647B4562BA376242F795003496E3FB31C110A3D7
9769590100 36799 39545 45FB3E4CE1288E9BC97CD27EA9065FE3D98829260889C7CE981E045CEACF7D8C
9778234213 19283 36595 322B117F45A1392F80564E81910009CF24C82953474201FD1C40DEA17AB3FC16
9774062978 29988 7829 7C20F6CF1A09EEE4F40FE6F70B0F070213E4AE0B9599CF6348B0EAC781225457
9777164942 65106 55365 7C20F6CF1A09EEE4F40FE6F70B0F070213E4AE0B9599CF6348B0EAC781225457
9775594918 57424 48583 7C20F6CF1A09EEE4F40FE6F70B0F070213E4AE0B9599CF6348B0EAC781225457

Total of 0 tasks calculated error.
