Total of 100 tasks calculated correctly, accuracy 100.00% 
9789908738 475 793 B424EFA55EAD2AF917275F0D3DA59CBB7A230CCE6BE64DAD176E1570C98E3855
9781969517 33879 9119 0E3E20A238E14BB8C217EE735AC7BDB430937883BDE5F7C8379528F732FDB27A
9783304460 46276 20468 7C20F6CF1A09EEE4F40FE6F70B0F070213E4AE0B9599CF6348B0EAC781225457
9790054893 21776 60786 7C20F6CF1A09EEE4F40FE6F70B0F070213E4AE0B9599CF6348B0EAC781225457
9782654389 59159 62641 BC670B15D1B94FE846F2FA579BA797376E220398922E6E85662352CEF5F8A29B
9784651872 8762 5422 7C20F6CF1A09EEE4F40FE6F70B0F070213E4AE0B9599CF6348B0EAC781225457
9782706262 24974 56181 7C20F6CF1A09EEE4F40FE6F70B0F070213E4AE0B9599CF6348B0EAC781225457
9782716709 42903 47782 53421342118ABD7D3FE7787E6AB11C9A15AC819F372E2EF42CF411BF87CB65BE
9788390879 36678 29937 7C20F6CF1A09EEE4F40FE6F70B0F070213E4AE0B9599CF6348B0EAC781225457
9790393648 2808 64318 7C20F6CF1A09EEE4F40FE6F70B0F070213E4AE0B9599CF6348B0EAC781225457
9789618609 35003 38152 E959E964C25C6A8C8E9F5BC8C46E123664FBEC2BBB97B3A9AA41064303120CF5
9784747969 64083 64068 0F28963E626772C200335BC81D3BDCC269C5A4661974F90084ED43E66ABFC6B4
9790117373 45160 20791 7C20F6CF1A09EEE4F40FE6F70B0F070213E4AE0B9599CF6348B0EAC781225457
9784975081 31355 44013 8746CBA150C7A53F4A5DF3DA7AA4B56825ADFEB08668081885C385419433996E
9789094819 9718 33913 7C20F6CF1A09EEE4F40FE6F70B0F070213E4AE0B9599CF6348B0EAC781225457
9784889796 46837 42687 F27954E24C33FA0BB0ECFC8E6AC278B42187E2CF848C05B4ABFE8DF19091E942
9784301039 43150 60596 7C20F6CF1A09EEE4F40FE6F70B0F070213E4AE0B9599CF6348B0EAC781225457
9790131035 28160 16014 7C20F6CF1A09EEE4F40FE6F70B0F070213E4AE0B9599CF6348B0EAC781225457
9781407628 24454 39473 7C20F6CF1A09EEE4F40FE6F70B0F070213E4AE0B9599CF6348B0EAC781225457
9784607836 6222 13078 7C20F6CF1A09EEE4F40FE6F70B0F070213E4AE0B9599CF6348B0EAC781225457
9789275860 39147 39296 BACCE006B4A16D7132E97D99BD3DE66E3AC0425E1D12CA1E6FA1BF6D7081AA8C
9792279736 14673 6609 7730F67FE0EAE9965E8B246E8069ECF10462DE21DFDAFE32352BE390DCE0F34B
9790468045 34420 28404 7C20F6CF1A09EEE4F40FE6F70B0F070213E4AE0B9599CF6348B0EAC781225457
9790888217 1994 41919 7C20F6CF1A09EEE4F40FE6F70B0F070213E4AE0B9599CF6348B0EAC781225457
9784488671 11758 30077 7C20F6CF1A09EEE4F40FE6F70B0F070213E4AE0B9599CF6348B0EAC781225457
9782862407 54997 42675 DC75A3B78533FAF7760B96CAD102DC1B39F2831F9640F3AF982CD8EB6E71C1C8
9783187772 54285 14624 FC0F6A3497CC0FBCCDC57A863BFD709C475D0E33D10D537316D4DCD38ED0681F
9781881362 31037 39619 DC94A14DF213A96A1407AE0D437EBC00E45B51FF01E188009B6FA1C2B7049C3E
9780574032 34888 6771 7C20F6CF1A09EEE4F40FE6F70B0F070213E4AE0B9599CF6348B0EAC781225457
9783778747 22792 19307 7C20F6CF1A09EEE4F40FE6F70B0F070213E4AE0B9599CF6348B0EAC781225457
9786963059 3540 17869 7C20F6CF1A09EEE4F40FE6F70B0F070213E4AE0B9599CF6348B0EAC781225457
9786580194 65210 51178 7C20F6CF1A09EEE4F40FE6F70B0F070213E4AE0B9599CF6348B0EAC781225457
9789756112 46153 14154 947F9100D7D07ADEB75D74351F1C4E04D82B7E092420D973C1AEA6A55A4AD89E
9785473510 44000 19696 7C20F6CF1A09EEE4F40FE6F70B0F070213E4AE0B9599CF6348B0EAC781225457
9786309192 23297 21914 1A978128DA37AA317264CD61B20700F87F8DFA98F6016A3CD90014B500AA8962
9789441731 8679 17873 346580CE5D324170BD68E4E43F49449AA87A88A5EAFE8E62A3026259F31484DB
9784645686 21914 7818 7C20F6CF1A09EEE4F40FE6F70B0F070213E4AE0B9599CF6348B0EAC781225457
9792269527 27909 59463 C6104493AD7CF83DDD67120D5BC89AC0E5700E4838C14CA0C9DA198F45CF7AFC
9782447656 49695 42165 50F4236D8B730D9140951368AA2602830700F283C6C90E777FE677B18E20A73A
9785112323 48753 38341 313D3C5B195C4CDB8DE8C1753185CBBE07766FFA2903F0F5A560FC2F3ACA06B4
9781951540 46831 6625 3255BEEC4B76CC1909C0F3813ED4E0259641D0627010FB259076EB4A807F66A1
9785204557 42067 1683 02709FF39EF912A769C6D8E673EB684799F8925956DDB206A7BCB1110B895885
9780460967 40923 54514 6FC163FCA9493C98DEC776E9B022105B586673C30BE56E51149F4164C16D358C
9785569810 12014 5897 7C20F6CF1A09EEE4F40FE6F70B0F070213E4AE0B9599CF6348B0EAC781225457
9783494473 19623 42702 F01FE5D0F04B292CD69B8E38F1BECD4553D2009363FEDAA32D3D38B705BE1C5E
9792250427 36082 22327 7C20F6CF1A09EEE4F40FE6F70B0F070213E4AE0B9599CF6348B0EAC781225457
9786375028 22598 62108 7C20F6CF1A09EEE4F40FE6F70B0F070213E4AE0B9599CF6348B0EAC781225457
9783791644 52545 13877 FA38BD5F5266625DB1054BA5E3ADCDEC2A2F986537CBBCA18ACFA5A89BAF34A4
9783448403 63581 61211 F6F61BA556BFA3FA95DDE6008330DEA38ED0DDDB7CEF88AAA2E95B2DBC15BA3C
9781165522 61842 16130 7C20F6CF1A09EEE4F40FE6F70B0F070213E4AE0B9599CF6348B0EAC781225457
9782833151 63405 25941 1F2D3C613C7479A9849258B37B248CBE490EE9CBAC8D11D19BC3B7DD7E600667
9786158117 49176 57420 7C20F6CF1A09EEE4F40FE6F70B0F070213E4AE0B9599CF6348B0EAC781225457
9785360122 21441 47292 883886AC4AA0B3DD57836433AF279706C51AC757563DB445DB676731CFA5CFEB
9789897903 62983 15882 535D39737B78DFA6BDF7D05A291F359C7864250B5BE1E80305A140F4D66F5C43
9784214893 55145 22410 93758B3F0EA4AED61E731DCA4CDA2EB03DD88A1496A51D9513A53DA3298B7195
9784947236 58023 34505 21B5B0E487C91360EEB79375EF40022F6AA6817C0A943769923EBD867703323F
9789804547 16336 64614 7C20F6CF1A09EEE4F40FE6F70B0F070213E4AE0B9599CF6348B0EAC781225457
9780577850 15274 47138 7C20F6CF1A09EEE4F40FE6F70B0F070213E4AE0B9599CF6348B0EAC781225457
9789798941 37388 7423 7C20F6CF1A09EEE4F40FE6F70B0F070213E4AE0B9599CF6348B0EAC781225457
9791745372 13102 64746 7C20F6CF1A09EEE4F40FE6F70B0F070213E4AE0B9599CF6348B0EAC781225457
9786188330 51831 55811 5465943288D4B9F709AAD0F7464BA935B9134C33E1FFF464C32B7E07E0FEABD7
9791178296 40137 10777 EDB3F8BF9C2ECA2AF3991398EC3351C1DFFEF0063182293BFC488E785A70F650
9781518923 60290 1664 7C20F6CF1A09EEE4F40FE6F70B0F070213E4AE0B9599CF6348B0EAC781225457
9788483588 60586 31413 7C20F6CF1A09EEE4F40FE6F70B0F070213E4AE0B9599CF6348B0EAC781225457
9785806014 30561 2083 791179B17AADAF91C9F8592EFFB19374EBF299CA8EF4989FB2C6D34C2B9AE917
9786835194 27880 57071 7C20F6CF1A09EEE4F40FE6F70B0F070213E4AE0B9599CF6348B0EAC781225457
9783499774 59708 13870 7C20F6CF1A09EEE4F40FE6F70B0F070213E4AE0B9599CF6348B0EAC781225457
9792156685 43672 26502 7C20F6CF1A09EEE4F40FE6F70B0F070213E4AE0B9599CF6348B0EAC781225457
9780766110 33783 24632 5E287064703E588927A468B1BE2569AB74F18095BE221E25B2BD9A9BE5828D46
9788373379 63670 47367 7C20F6CF1A09EEE4F40FE6F70B0F070213E4AE0B9599CF6348B0EAC781225457
9790405679 38133 23626 52DF6CA96A41F40718F345F7BDBB362B2E5A434427F194231EC0481567322812
9782747100 40298 8501 7C20F6CF1A09EEE4F40FE6F70B0F070213E4AE0B9599CF6348B0EAC781225457
9789658223 47824 41172 7C20F6CF1A09EEE4F40FE6F70B0F070213E4AE0B9599CF6348B0EAC781225457
9787534478 46800 32454 7C20F6CF1A09EEE4F40FE6F70B0F070213E4AE0B9599CF6348B0EAC781225457
9786876841 7864 57483 7C20F6CF1A09EEE4F40FE6F70B0F070213E4AE0B9599CF6348B0EAC781225457
9785362446 46662 5888 7C20F6CF1A09EEE4F40FE6F70B0F070213E4AE0B9599CF6348B0EAC781225457
9785793441 12380 60585 7C20F6CF1A09EEE4F40FE6F70B0F070213E4AE0B9599CF6348B0EAC781225457
9782699748 33740 61142 7C20F6CF1A09EEE4F40FE6F70B0F070213E4AE0B9599CF6348B0EAC781225457
9790912480 62955 17392 54EDF3379787F2773F7C07B3142FD4E60DA22A3747B6F100134393F8C9C654E6
9790772133 32518 62956 7C20F6CF1A09EEE4F40FE6F70B0F070213E4AE0B9599CF6348B0EAC781225457
9786821657 49414 49877 7C20F6CF1A09EEE4F40FE6F70B0F070213E4AE0B9599CF6348B0EAC781225457
9786056294 23357 1480 3BD7A4D7C4BD70713F700B3DD3335CC7C586BF76385633741CDCB3CABB0B2BEC
9787074021 6130 36776 7C20F6CF1A09EEE4F40FE6F70B0F070213E4AE0B9599CF6348B0EAC781225457
9787929292 25763 54631 95BEBB6FAC704D0AD895C06BCACED00473985C279D11BA7129C9DB8CEAAA133D
9787835800 17202 44685 7C20F6CF1A09EEE4F40FE6F70B0F070213E4AE0B9599CF6348B0EAC781225457
9789588701 60578 21121 7C20F6CF1A09EEE4F40FE6F70B0F070213E4AE0B9599CF6348B0EAC781225457
9782764679 25216 63443 7C20F6CF1A09EEE4F40FE6F70B0F070213E4AE0B9599CF6348B0EAC781225457
9788504365 50041 12708 68A8A507FB3D3CF85CC2F7C9F7274B64829C97ED3482DD724590366EBC8CC6CB
9783545740 63681 657 8735A22F457CB2D70C1B8F0202435905FC72A88E7045CFBECE32269C5878FCD0
9788746974 47362 63746 7C20F6CF1A09EEE4F40FE6F70B0F070213E4AE0B9599CF6348B0EAC781225457
9784346208 37479 35320 1E427832DC7EB51854CCC372D8EF0F93D57F7415100C8FB597D88CA0E8FB6A0F
9790845791 5226 22821 7C20F6CF1A09EEE4F40FE6F70B0F070213E4AE0B9599CF6348B0EAC781225457
9790325513 32408 36985 7C20F6CF1A09EEE4F40FE6F70B0F070213E4AE0B9599CF6348B0EAC781225457
9781197339 8658 56707 7C20F6CF1A09EEE4F40FE6F70B0F070213E4AE0B9599CF6348B0EAC781225457
9786887347 14941 60602 A404605D8520BDAFBED44EBAD421743BEC84376E1F55073986CB8BBA4F0E9FC9
9781099079 35411 12822 C0158BC1F0531B77E94E2ADB506AA6286400971F0E9BB77D1D06E4078BE64FF6
9786938527 14801 32021 CABC78AB8B262991A26FB0FB52D3F77A76BDCD8C7A8AE371FB6E67E4452C30B9
9785570069 21783 29740 A5A5E5CBE7DCBD374A189D7CE6F6D1D92D63DE2FBA3D2DDBC4A0DE999CD846FA
9782347765 32118 19471 7C20F6CF1A09EEE4F40FE6F70B0F070213E4AE0B9599CF6348B0EAC781225457
9789783383 6546 52662 7C20F6CF1A09EEE4F40FE6F70B0F070213E4AE0B9599CF6348B0EAC781225457

Total of 0 tasks calculated error.
