Total of 100 tasks calculated correctly, accuracy 100.00% 
9827523744 52701 34488 2D7335C0A681888F5BB49EB2B0D1FB6B9003619804B6D8655E83C75F270B6713
9820255884 14265 35820 8CDD187E7AC19CDE686E1AFDD2237D2D6B7FB148E124658DDC4A7C35DA09AE10
9820277223 2388 48185 7C20F6CF1A09EEE4F40FE6F70B0F070213E4AE0B9599CF6348B0EAC781225457
9827443232 13783 62973 57C6716B2134ED7937D543B4BA4373B372FCFFACDB48F715B71FEAAB98FF20C7
9820527274 47950 61620 7C20F6CF1A09EEE4F40FE6F70B0F070213E4AE0B9599CF6348B0EAC781225457
9826570109 46633 58981 7D80E993D9FB880E405E2A5C88C3B15C302149001BBF536C443876FC31A5B6CA
9827900597 51414 12925 7C20F6CF1A09EEE4F40FE6F70B0F070213E4AE0B9599CF6348B0EAC781225457
9821739230 36355 10940 6F3A9160E8DB4F3B37E26E01308C3771D4BB19BC200DB49BB4EE6CBA58F6ADFB
9820353369 5829 63769 E11CC27F6BF2689ADCADA77ABDBADAEDCB939B5D3568202E73101B47429D8D21
9819896688 35322 9068 7C20F6CF1A09EEE4F40FE6F70B0F070213E4AE0B9599CF6348B0EAC781225457
9820223272 40477 13608 2A4B6A49AABD44A43D295A056FC68E1EAC10376E47BECA66CE66BA1B1D7A5DB5
9817818613 56328 51043 7C20F6CF1A09EEE4F40FE6F70B0F070213E4AE0B9599CF6348B0EAC781225457
9827609065 19752 53876 7C20F6CF1A09EEE4F40FE6F70B0F070213E4AE0B9599CF6348B0EAC781225457
9822532193 59046 3988 7C20F6CF1A09EEE4F40FE6F70B0F070213E4AE0B9599CF6348B0EAC781225457
9818238516 698 17504 7C20F6CF1A09EEE4F40FE6F70B0F070213E4AE0B9599CF6348B0EAC781225457
9820898094 30600 50466 7C20F6CF1A09EEE4F40FE6F70B0F070213E4AE0B9599CF6348B0EAC781225457
9818432653 32766 44804 7C20F6CF1A09EEE4F40FE6F70B0F070213E4AE0B9599CF6348B0EAC781225457
9819106823 20116 54045 7C20F6CF1A09EEE4F40FE6F70B0F070213E4AE0B9599CF6348B0EAC781225457
9819258757 22846 40840 7C20F6CF1A09EEE4F40FE6F70B0F070213E4AE0B9599CF6348B0EAC781225457
9826216030 21281 33370 4BBE8398A1009CDF2377C2E03DC97245392CDC41034D3747D304B39A1C64F022
9823401155 7195 44669 62F1A016C927336490A9AA09DA641680D9FC946E63E348DA761755C7775F7760
9823208039 43068 35704 7C20F6CF1A09EEE4F40FE6F70B0F070213E4AE0B9599CF6348B0EAC781225457
9823785778 27337 12103 3038AB0A8E170CB3F6AE4C0923F2DB8F22FA2C6685F7AD772E38B211211652E4
9825833138 38286 63772 7C20F6CF1A09EEE4F40FE6F70B0F070213E4AE0B9599CF6348B0EAC781225457
9817346931 45969 60846 AD2AC7FB0E73B6CD22CBE02C4DE6233561B349B28980C53F92B83EAC5495E001
9820519807 55218 37683 7C20F6CF1A09EEE4F40FE6F70B0F070213E4AE0B9599CF6348B0EAC781225457
9816970432 25658 52554 7C20F6CF1A09EEE4F40FE6F70B0F070213E4AE0B9599CF6348B0EAC781225457
9826740940 40882 44640 7C20F6CF1A09EEE4F40FE6F70B0F070213E4AE0B9599CF6348B0EAC781225457
9821666548 39389 19842 71189BA9272AA6F60E8BE205610D6ABDB057D65ACCB83429EF55A281D43085C6
9826719553 22053 25877 BEE935587ABEFEC6376382142298193A52853B725557F3EB593AADA046F3C8A5
9817960932 31989 59990 3FB42D74B382A95163A2EF64D68D95489A3452B398F986DB3EF370992E3B2C34
9822255675 44890 23120 7C20F6CF1A09EEE4F40FE6F70B0F070213E4AE0B9599CF6348B0EAC781225457
9818270930 7636 11175 7C20F6CF1A09EEE4F40FE6F70B0F070213E4AE0B9599CF6348B0EAC781225457
9823840044 32163 28175 A9DF959E178E0480A9D72BA5F0D81BD1931E2161CE72A61AA977ADF31104817E
9818663665 6485 40048 1B77D2DAC81281D1207FE623F3460893FE894BD3050C89B55EE18FAD3EE0519A
9819546398 21910 17282 7C20F6CF1A09EEE4F40FE6F70B0F070213E4AE0B9599CF6348B0EAC781225457
9816808023 17659 32284 4A6EA00FA97BCDC68CB140609EA22A8FB23A2A593A9CC3DD65FD9AE5873B1F00
9824615359 12515 65238 C7792D1778B76CCAE6285A6FE94F881B55928FF23CAF613C75308820D8A318C9
9819329857 13605 11213 E832BEC5FCEE97E643CFB219B34FA8B88185FE5CC233FD5981ECBE5EA16542FC
9819827673 57916 23926 7C20F6CF1A09EEE4F40FE6F70B0F070213E4AE0B9599CF6348B0EAC781225457
9822319919 65084 17981 7C20F6CF1A09EEE4F40FE6F70B0F070213E4AE0B9599CF6348B0EAC781225457
9828132114 18900 64191 7C20F6CF1A09EEE4F40FE6F70B0F070213E4AE0B9599CF6348B0EAC781225457
9822950417 9067 17647 00DED84FFB4848731B22BA1D304D92E3FE537A3647CBF38AC91028041204800D
9819140748 7839 18835 E976CFFBE8B92EC55FD13D35221D24BC4CA4B7888685285321330508EA593A60
9820872992 53143 25561 2B30A2150F71BB17DEE91ABCA5586C0F938BA99DCB4E3D050AACE6960016453F
9824664626 62180 57500 7C20F6CF1A09EEE4F40FE6F70B0F070213E4AE0B9599CF6348B0EAC781225457
9826910769 16314 7822 7C20F6CF1A09EEE4F40FE6F70B0F070213E4AE0B9599CF6348B0EAC781225457
9821448575 3043 21820 604C255937A5ED9D4DFC30C1CDB5039D828405863B87D9B3D1C881CE27045D3A
9817864043 36884 54490 7C20F6CF1A09EEE4F40FE6F70B0F070213E4AE0B9599CF6348B0EAC781225457
9816865513 13889 11645 029D9BFA1756C0FBB8B090275CE299F2709AC8D8636A400612CE496FB2B5A386
9823996272 36695 3326 456BB630E9B88056E650B6412EBD88781539B13373BDFFD110E153AD6466EA14
9823860739 59044 61715 7C20F6CF1A09EEE4F40FE6F70B0F070213E4AE0B9599CF6348B0EAC781225457
9820232365 44068 43387 7C20F6CF1A09EEE4F40FE6F70B0F070213E4AE0B9599CF6348B0EAC781225457
9820017630 21249 2562 4883A6EC577373E011EEB5A7BDE109106B44FF59BD985511865BE4810C0B1286
9820882314 57760 23076 7C20F6CF1A09EEE4F40FE6F70B0F070213E4AE0B9599CF6348B0EAC781225457
9820260789 21090 56576 7C20F6CF1A09EEE4F40FE6F70B0F070213E4AE0B9599CF6348B0EAC781225457
9823958164 15251 32532 5E51EFBC32A5E60A955F99A47C1E4A3417B937C9F00DB507F5CE0ECE81ACAC93
9827775872 2308 53946 7C20F6CF1A09EEE4F40FE6F70B0F070213E4AE0B9599CF6348B0EAC781225457
9826398963 1329 22967 E37958646E215F380D9B89A2F2579F55F39DEBF7927A709CB7513AFBFAF54F2E
9820291626 38262 43064 7C20F6CF1A09EEE4F40FE6F70B0F070213E4AE0B9599CF6348B0EAC781225457
9820313332 26068 12487 7C20F6CF1A09EEE4F40FE6F70B0F070213E4AE0B9599CF6348B0EAC781225457
9820151665 28091 39414 F02713562A359358AC31B26E732CA1B139FC4101756B68393D313D72ECF4C68E
9820867731 34024 38596 7C20F6CF1A09EEE4F40FE6F70B0F070213E4AE0B9599CF6348B0EAC781225457
9816873680 63349 31723 37FF784F54662BE9456A9A3E57C5487AF130069BAFE7A78C5888F41FB29CB0AC
9819066626 24556 52308 7C20F6CF1A09EEE4F40FE6F70B0F070213E4AE0B9599CF6348B0EAC781225457
9820106054 14212 49043 7C20F6CF1A09EEE4F40FE6F70B0F070213E4AE0B9599CF6348B0EAC781225457
9819315919 3551 36478 6B49C6274189801C5EC33010FABC1E47554B41B9292C7F2995BC2295B615CFE1
9821963227 17231 44927 9493134CCBAC350D475CD9ABEBBC1FBFC3B1F104F350CCE2845B41980FBF9CCE
9824467916 33657 59675 4B7883111510B7E950F888CED1E3C430331143F679394316F758874D00E45D12
9824646281 55741 12593 E2FFD1688BC7286971FB0CA7CCED09E46C9B137CC0B4DB60D9A3AE77FB5515C7
9825368121 48891 47718 8C54CFDAC42EB83C74D2476D89DF90A4D2AE4703C68A75E5883A706381A81A07
9819388648 48758 1221 7C20F6CF1A09EEE4F40FE6F70B0F070213E4AE0B9599CF6348B0EAC781225457
9818106977 58235 51649 ED64263BFC15818562187464FA4B50A91D909E134DADC91B95AAD36476D26D66
9827200027 35318 52597 7C20F6CF1A09EEE4F40FE6F70B0F070213E4AE0B9599CF6348B0EAC781225457
9820304467 33721 1209 31BCEED652926D794551F35FD4E066D36222B497A2976AA760A96BDD52AC9960
9817319569 49305 44763 7B241E8FEF14AC68561FAB5A5BB224376987D16DBD17E116823E2BD00DFC28A4
9825217150 65277 48587 0139FF51F8EAA8E0C773C1FDF78D16549FA3256F4F93BFA7F34417110C0573E4
9826478477 4652 47943 7C20F6CF1A09EEE4F40FE6F70B0F070213E4AE0B9599CF6348B0EAC781225457
9825129141 55900 7913 7C20F6CF1A09EEE4F40FE6F70B0F070213E4AE0B9599CF6348B0EAC781225457
9823035404 23399 10709 95F85AD61F906CE626AE6CCB94201F305837A8088D1F8D100CC9289D45CD789A
9817465561 32543 57288 B0C88794829392B40B82D7B1ABBF4784AA7689D85587B7F19FE4964A46E056DE
9827040861 34028 65324 7C20F6CF1A09EEE4F40FE6F70B0F070213E4AE0B9599CF6348B0EAC781225457
9824193034 65329 22333 1E2083BBB3D0E9746C271AAADC1CAF6F656E51A560352E39429A26E334FBFA4A
9817742730 42356 25641 7C20F6CF1A09EEE4F40FE6F70B0F070213E4AE0B9599CF6348B0EAC781225457
9824400782 17382 31594 7C20F6CF1A09EEE4F40FE6F70B0F070213E4AE0B9599CF6348B0EAC781225457
9824041271 32815 10955 D73AEC68EE5BA9A3846F2A246DFF2F3DD8A5E5CAE3DD4B6C9E6A96E822DF4D57
9827709868 50417 39386 97A2AF31F9AC46B25558770807B5543743FF8AAE63810C6137C4439F75365260
9822721398 56800 56289 7C20F6CF1A09EEE4F40FE6F70B0F070213E4AE0B9599CF6348B0EAC781225457
9817177737 22261 34663 59BDC1C8C5460AADEBBEEDB3AB66DE070494B9BC78BC19E9DF27C9E0684CA8DA
9826995028 45966 14227 7C20F6CF1A09EEE4F40FE6F70B0F070213E4AE0B9599CF6348B0EAC781225457
9817197682 46591 43330 0E10F2596F4CCAF648354D079534697D9D637F9FBA2BAD13B90FB2663AF3086E
9821903755 46757 14244 5B604ADDAB0BFCFDB511EB5A5C05D348DB8E0D1A4920ED7703B0BC60ABD06F02
9816762608 4982 44366 7C20F6CF1A09EEE4F40FE6F70B0F070213E4AE0B9599CF6348B0EAC781225457
9823247028 24825 4786 0D78F2557C09B56496F21F424D7F374B1FD25186FB7C475C226381B97525E668
9826231234 14343 40739 39055AD5BD75DB3A397C734B1575DD62C083E6778E614F3BC71FC4F52A217BFB
9827411581 54444 6538 7C20F6CF1A09EEE4F40FE6F70B0F070213E4AE0B9599CF6348B0EAC781225457
9824302490 39871 16824 C20B4DCD08CD3A1FE0279FDA8CA43B2FB30652574F73C7DD1E530EB820E15805
9824220510 13825 45074 98B35869523A69A7F024D817D2EBA5FB57C0A7BAFDA75BD8F681FDEFC5352C2F
9826522438 39733 22295 01380BD91D5049E3B9AD94E981B6B3C1E056A971211C72B847A9F71A88F050F9
9826626764 39914 31715 7C20F6CF1A09EEE4F40FE6F70B0F070213E4AE0B9599CF6348B0EAC781225457

Total of 0 tasks calculated error.
