Total of 100 tasks calculated correctly, accuracy 100.00% 
979854611 12814 37197 7C20F6CF1A09EEE4F40FE6F70B0F070213E4AE0B9599CF6348B0EAC781225457
979080213 4811 24946 90355C7D07C71E6250A97D319CB1003D34B20351AAD6DAB8706618D182BCB3F5
984351624 50738 10889 7C20F6CF1A09EEE4F40FE6F70B0F070213E4AE0B9599CF6348B0EAC781225457
983233969 1337 17872 D3D3E8AFA8839520C5B2EC4A366415E69FF80AD30D684D431EA02661A3033D61
974142453 27381 21655 D0237C3B392E60BF10D0151B0B6F914E0F6742F7208B5E598BFDE3A3B3D328FF
978039355 40925 795 B090848E73A82C14BE9B86F8D97E4D5346D3E4E110DA59C0A202770A637E214A
976065242 13443 37311 EBACE17BA2AC113FA6BCC35554C7DE718911EE1CA8E0B7466840FB844C24E6ED
978168371 4744 46671 7C20F6CF1A09EEE4F40FE6F70B0F070213E4AE0B9599CF6348B0EAC781225457
979962012 54692 22669 7C20F6CF1A09EEE4F40FE6F70B0F070213E4AE0B9599CF6348B0EAC781225457
982834609 19863 39155 D753B619B5FC56BA674A0EA35A8F0C7173B8E6E301FA407745755BFCD6F342D7
978958427 26232 59468 7C20F6CF1A09EEE4F40FE6F70B0F070213E4AE0B9599CF6348B0EAC781225457
977228170 31497 8437 4B3BE96080C55A27F3ECC5D319F428D86872B3CE081AAF2152D3BFFDACB91C1C
978305664 56772 31535 7C20F6CF1A09EEE4F40FE6F70B0F070213E4AE0B9599CF6348B0EAC781225457
981096545 23235 5746 EB5315CD88D170BCFE1FBF88079CE3ED12C9C90C7276289EF5002859009DB69F
974884367 35416 46150 7C20F6CF1A09EEE4F40FE6F70B0F070213E4AE0B9599CF6348B0EAC781225457
984241373 14161 25871 9D8C465C81B2D082A9577BE4A6CF7C7ACF8D4CACDAE37DA9CDDFA31FFB29D30B
979235312 25549 34344 41BD33E37A36F33D2B47E5349A56FC34AC84AFCCF8CAFB36D89192F3F16BA5DA
974992989 4326 12106 7C20F6CF1A09EEE4F40FE6F70B0F070213E4AE0B9599CF6348B0EAC781225457
979869921 26440 8115 7C20F6CF1A09EEE4F40FE6F70B0F070213E4AE0B9599CF6348B0EAC781225457
975500844 11379 43531 6B077C92CC039491F0681D8CB77D35055381EC86AE57A168AE8352F6E1AA2695
974207679 34451 50119 443595B529D9C7A8882AE32BEA7F544F035B79634113FD7E013E973D13983E6F
974721653 23240 50718 7C20F6CF1A09EEE4F40FE6F70B0F070213E4AE0B9599CF6348B0EAC781225457
980650863 20488 57154 7C20F6CF1A09EEE4F40FE6F70B0F070213E4AE0B9599CF6348B0EAC781225457
978520644 38749 35749 85B1BEB1E0EAB135065100E8B62C3862B2885039173CA68E77A32733A2FB942C
983569225 3533 16400 A7DF8A7AAC2255107C8ADB8AD0F889CCD5D902D525F59E0010C60F0C5FEFFCDD
984398615 34256 18421 7C20F6CF1A09EEE4F40FE6F70B0F070213E4AE0B9599CF6348B0EAC781225457
983201184 21429 13509 FA64287538A9D551C44545A6C8A6C14DA141282A284556C5385C15CB43039230
977422858 30716 20907 7C20F6CF1A09EEE4F40FE6F70B0F070213E4AE0B9599CF6348B0EAC781225457
978304593 17458 61394 7C20F6CF1A09EEE4F40FE6F70B0F070213E4AE0B9599CF6348B0EAC781225457
982960422 5750 59204 7C20F6CF1A09EEE4F40FE6F70B0F070213E4AE0B9599CF6348B0EAC781225457
978585267 26437 23593 8F86F55F9A6D606DFE557781B232F45BB765E31266CECAA5E312D2D850277F83
974582078 2089 34810 9E2843BA2F775239EE9FD9182F264A44809FFC13739E01FDC16BD8A528907B41
978623028 28207 38572 99CBAD52694D0638D47773E3F2199D90D4754B3DA4F2441A0CD7673237DF99EA
973431516 37426 47299 7C20F6CF1A09EEE4F40FE6F70B0F070213E4AE0B9599CF6348B0EAC781225457
979994236 15739 57482 8CCB22CBED2253C0075083D7157613C592A2875291E767D4170648129273356A
982290012 31711 43326 93E431947C0B1DC9F31F792386CBAAE6F9A9E4722FDA0B27BF855E9FE59DA0D2
982543672 763 8060 8ACE3A40D1E7AF1E476D863E789AA443F5949EFA60C3F85710F4FE386918C829
978261702 28407 6400 825E394C55A7D7DBF469A88892DEBE37ED9071C89CDA8BC6727D705D7F1A3005
984152474 31827 38851 C2466FCA370A42305F26C8B73A930F528B1C63D86B7BAA8BBF55239C8AD971EA
977707732 38755 58172 BB3E322FB6BF5D43768CE93601154625EDB456DCE297D94DCEC87FD310974339
977213854 1757 17070 B8A68A1D40A30A4CB802FA55C2A3A3B795497DAA3EB1476C41C41D38523E074B
983304023 32045 50349 06CBA8528E63B565EEE24824D11DD72F4584B4088FB5E60E25B2D7314FC81A01
973836908 27102 18485 7C20F6CF1A09EEE4F40FE6F70B0F070213E4AE0B9599CF6348B0EAC781225457
984091669 29997 38030 4B42B046FB0B7B412766E84ACBF822424A0EFB695194B7D81265BC0C57A731F1
977631341 56914 64063 7C20F6CF1A09EEE4F40FE6F70B0F070213E4AE0B9599CF6348B0EAC781225457
977738599 58218 5798 7C20F6CF1A09EEE4F40FE6F70B0F070213E4AE0B9599CF6348B0EAC781225457
983513141 41658 43006 7C20F6CF1A09EEE4F40FE6F70B0F070213E4AE0B9599CF6348B0EAC781225457
973524209 35206 50693 7C20F6CF1A09EEE4F40FE6F70B0F070213E4AE0B9599CF6348B0EAC781225457
974786142 55534 39059 7C20F6CF1A09EEE4F40FE6F70B0F070213E4AE0B9599CF6348B0EAC781225457
982009965 6907 51544 BA9BC25FC822030295611256732B20A088642EF20529A1FD368B58AA7DB05205
981729327 38520 39527 7C20F6CF1A09EEE4F40FE6F70B0F070213E4AE0B9599CF6348B0EAC781225457
980705879 54640 4897 7C20F6CF1A09EEE4F40FE6F70B0F070213E4AE0B9599CF6348B0EAC781225457
976420505 45675 27349 A295A4D40FDC0552EFA531307859355D61397654BB53621DA21FFA2A38EE88A2
980282896 30054 52649 7C20F6CF1A09EEE4F40FE6F70B0F070213E4AE0B9599CF6348B0EAC781225457
977439787 58772 53484 7C20F6CF1A09EEE4F40FE6F70B0F070213E4AE0B9599CF6348B0EAC781225457
974758760 10614 27098 7C20F6CF1A09EEE4F40FE6F70B0F070213E4AE0B9599CF6348B0EAC781225457
981181952 33831 12936 C399E7842F8C48B69C73293EC7D288602E9042188B39A75BABE08B032C287FB3
982551247 29488 29932 7C20F6CF1A09EEE4F40FE6F70B0F070213E4AE0B9599CF6348B0EAC781225457
979819326 11734 37595 7C20F6CF1A09EEE4F40FE6F70B0F070213E4AE0B9599CF6348B0EAC781225457
976332314 19763 28115 E0BA803C4A7254855B8C506821198C9DD43D556EB8AADAD642DDF77AD8E4316B
976000370 49008 45344 7C20F6CF1A09EEE4F40FE6F70B0F070213E4AE0B9599CF6348B0EAC781225457
974888518 26218 21649 7C20F6CF1A09EEE4F40FE6F70B0F070213E4AE0B9599CF6348B0EAC781225457
982203010 11515 37260 5CDBB25DB04D3D8A850E95B8643711F2E82F65D587FA9554946EDCEE15E127EF
984043803 4455 9121 C63F381BB01BA51CED6AD49B3C52BE60C6CF671264225F4A96AE25F327645857
981382761 43168 15403 7C20F6CF1A09EEE4F40FE6F70B0F070213E4AE0B9599CF6348B0EAC781225457
983097354 58842 15491 7C20F6CF1A09EEE4F40FE6F70B0F070213E4AE0B9599CF6348B0EAC781225457
981591325 11449 55183 4CDA3DABA7F38F6AD0D6CF21B3A9B7F264DF2EC35BAA1409F980EF758266B476
974312407 9706 58227 7C20F6CF1A09EEE4F40FE6F70B0F070213E4AE0B9599CF6348B0EAC781225457
980595182 45206 8984 7C20F6CF1A09EEE4F40FE6F70B0F070213E4AE0B9599CF6348B0EAC781225457
973830388 13223 17947 72D674D66502F3B82BFA4FB0B2BA96FCB5294BEC652F74EF5C156B935CB120EC
983577794 32844 37819 7C20F6CF1A09EEE4F40FE6F70B0F070213E4AE0B9599CF6348B0EAC781225457
976984937 52139 52839 FD1CE62B6342CB2C8E9271F791D4CEA634839B0FD6B8299C70A8205749BA5765
974571665 16188 51087 7C20F6CF1A09EEE4F40FE6F70B0F070213E4AE0B9599CF6348B0EAC781225457
978353941 54996 17887 7C20F6CF1A09EEE4F40FE6F70B0F070213E4AE0B9599CF6348B0EAC781225457
976177383 27608 30030 7C20F6CF1A09EEE4F40FE6F70B0F070213E4AE0B9599CF6348B0EAC781225457
979193499 54154 55785 7C20F6CF1A09EEE4F40FE6F70B0F070213E4AE0B9599CF6348B0EAC781225457
975950683 41394 53700 7C20F6CF1A09EEE4F40FE6F70B0F070213E4AE0B9599CF6348B0EAC781225457
983314273 35139 57956 A6D3BCDCA61BA18D7D174884CD981A2C834D7E5E8B6CADE606CB5C18A95F9BCE
978312945 1584 2325 7C20F6CF1A09EEE4F40FE6F70B0F070213E4AE0B9599CF6348B0EAC781225457
977759006 34416 55655 7C20F6CF1A09EEE4F40FE6F70B0F070213E4AE0B9599CF6348B0EAC781225457
975760192 6678 40818 7C20F6CF1A09EEE4F40FE6F70B0F070213E4AE0B9599CF6348B0EAC781225457
980375625 64464 59121 7C20F6CF1A09EEE4F40FE6F70B0F070213E4AE0B9599CF6348B0EAC781225457
977517957 52188 48547 7C20F6CF1A09EEE4F40FE6F70B0F070213E4AE0B9599CF6348B0EAC781225457
982223489 46241 63623 9BAEEC797D2FA3EF6E9837E7ABC9E8318F07D32850991DF157622E1C803FEC65
973663562 33159 9922 4CB3246E3328D663031C7D5D8455BE9C6C64410C89BEFBCACE52465EF9731A0D
973290344 53461 34289 D3DAA0CEC57017DFE619B1025EEC4A41C158602C8408776C4F760889E95A956B
977714431 34344 38628 7C20F6CF1A09EEE4F40FE6F70B0F070213E4AE0B9599CF6348B0EAC781225457
983134183 14409 19604 BE88F374D47AB9194AF3A144C86FE9B25DA11A019181F615387C73651C52981E
976565858 19556 14269 7C20F6CF1A09EEE4F40FE6F70B0F070213E4AE0B9599CF6348B0EAC781225457
973943441 59402 22504 7C20F6CF1A09EEE4F40FE6F70B0F070213E4AE0B9599CF6348B0EAC781225457
976627998 22482 800 7C20F6CF1A09EEE4F40FE6F70B0F070213E4AE0B9599CF6348B0EAC781225457
976220955 56687 13715 9C63313009F16A880104BF8629D7A604533B547D15645EBF9A4F16DE17B50FB2
977442435 36904 55886 7C20F6CF1A09EEE4F40FE6F70B0F070213E4AE0B9599CF6348B0EAC781225457
973770037 49008 49076 7C20F6CF1A09EEE4F40FE6F70B0F070213E4AE0B9599CF6348B0EAC781225457
977704769 50481 3406 968A46F8C1C45E79FDEB53800E8DDA156C0DF0F80D235BA67165F62B67A2CCAE
973366808 10650 34147 7C20F6CF1A09EEE4F40FE6F70B0F070213E4AE0B9599CF6348B0EAC781225457
974642964 23185 12061 980223E437409ED60398598C030D391B22C5B1580329EBACCF60137D7E46D8A6
974008091 63298 12105 7C20F6CF1A09EEE4F40FE6F70B0F070213E4AE0B9599CF6348B0EAC781225457
980273788 48663 54750 07016FAD979CAAB8FF327999D88383AC7E1B2910D61503782D3C92B6A5DADA3D
981193663 42336 2642 7C20F6CF1A09EEE4F40FE6F70B0F070213E4AE0B9599CF6348B0EAC781225457

Total of 0 tasks calculated error.
