Total of 100 tasks calculated correctly, accuracy 100.00% 
9854861899 37549 64928 B492A94091122534F839919E249AD1E0507FB5C82E2483CA693F19D33F129B54
9863296587 5760 45541 7C20F6CF1A09EEE4F40FE6F70B0F070213E4AE0B9599CF6348B0EAC781225457
9864065889 6402 33431 7C20F6CF1A09EEE4F40FE6F70B0F070213E4AE0B9599CF6348B0EAC781225457
9857271282 14423 38916 B1B4A3AE3457E841481B2F703C518B7D134D019BDE2142CB0848341473AB2997
9860704083 38058 20605 7C20F6CF1A09EEE4F40FE6F70B0F070213E4AE0B9599CF6348B0EAC781225457
9853978441 64292 44781 7C20F6CF1A09EEE4F40FE6F70B0F070213E4AE0B9599CF6348B0EAC781225457
9859479759 30353 43573 28E7733CF2FD79E2F203D9F31960E7F4A27C58F2BAC878BB6181E0D155522433
9864234807 55451 24438 DA7AAE5E59EA7CB83044ABA4651B4A0182CD44EBBEED5E3FE5518EAE909A93B2
9861169599 10638 56593 7C20F6CF1A09EEE4F40FE6F70B0F070213E4AE0B9599CF6348B0EAC781225457
9855077189 722 31370 7C20F6CF1A09EEE4F40FE6F70B0F070213E4AE0B9599CF6348B0EAC781225457
9856336055 4839 8431 435263B02F7ED0898867814A178600B89A84FE8D0B6F79EA700AF04B3E7A77DF
9854261232 16078 64835 7C20F6CF1A09EEE4F40FE6F70B0F070213E4AE0B9599CF6348B0EAC781225457
9856512533 59831 48917 6DF74650C298AEB77EE026597E5C1609A9A48D6C90D80B09FB25BD1F41F05850
9861022291 4818 63125 7C20F6CF1A09EEE4F40FE6F70B0F070213E4AE0B9599CF6348B0EAC781225457
9863132002 13048 40225 7C20F6CF1A09EEE4F40FE6F70B0F070213E4AE0B9599CF6348B0EAC781225457
9858870936 36363 6119 C3B98164E69015B8E0B150FA92865BCA90B71A2F36C8FE14F21642AA0549FE48
9863991968 44103 60357 5601CC82CD5FAC501F8C7BB74B743677AE2A7279D68638CC00F7282BCC835FC2
9859073219 26483 30552 945EE2965D57ECBD686EE53927407F10A5C91DF1F1C37A22295894BB142AC57C
9856954118 42473 47935 B5D9D0D26E78CD601F4E010008ED1D1B8D9CD5A601677FB2D58FAEF15FFA7ABF
9853229759 17786 20629 7C20F6CF1A09EEE4F40FE6F70B0F070213E4AE0B9599CF6348B0EAC781225457
9861533040 22915 46744 890CBDA4C3BD58BB9B95B37EE061BD757EAF247D3DA538C90A64E256C5183B33
9857144571 19688 22715 7C20F6CF1A09EEE4F40FE6F70B0F070213E4AE0B9599CF6348B0EAC781225457
9864045515 7666 25916 7C20F6CF1A09EEE4F40FE6F70B0F070213E4AE0B9599CF6348B0EAC781225457
9855782192 40415 64121 473B8DD33BF57BF9AA10D665A89D22E36E8D5AF27E4C13C40714B52E619EE62D
9856927242 28894 24104 7C20F6CF1A09EEE4F40FE6F70B0F070213E4AE0B9599CF6348B0EAC781225457
9863415569 22656 56419 7C20F6CF1A09EEE4F40FE6F70B0F070213E4AE0B9599CF6348B0EAC781225457
9856090225 52052 40167 7C20F6CF1A09EEE4F40FE6F70B0F070213E4AE0B9599CF6348B0EAC781225457
9861978491 11449 58941 F222F192FD3DC3EA64FD75EE976A351DFBF7B758AC70426B4433C144C1D9233C
9854135365 37379 57970 366197B3009D32750A25B1B0D8BFEDD8CC528EDBD6976F3CE8C33FB6A5F16162
9855772836 60906 60596 7C20F6CF1A09EEE4F40FE6F70B0F070213E4AE0B9599CF6348B0EAC781225457
9858346227 477 59317 057ACC195305AE4BD7C554669A3921C30B5A6D39624C3B399BD07A0EE2C86BBF
9858194532 52858 25476 7C20F6CF1A09EEE4F40FE6F70B0F070213E4AE0B9599CF6348B0EAC781225457
9858900447 15707 36332 2B42EB0BD0A6F3ABA32D6B575837515730480D7D2E4B68660AF35F0352A4FC06
9858752038 17777 5467 F9462A6C61E85D629F70D4AA5CA21CF4B1B3E5F7210B82E34602E77287600C08
9863878583 54843 18432 FF68934F3203C146C077CDA448E110F831A36161F812E5A9D61D93967C0DD97B
9858241055 4326 13458 7C20F6CF1A09EEE4F40FE6F70B0F070213E4AE0B9599CF6348B0EAC781225457
9856287001 51292 20757 7C20F6CF1A09EEE4F40FE6F70B0F070213E4AE0B9599CF6348B0EAC781225457
9852604293 42544 42724 7C20F6CF1A09EEE4F40FE6F70B0F070213E4AE0B9599CF6348B0EAC781225457
9853081270 56938 63964 7C20F6CF1A09EEE4F40FE6F70B0F070213E4AE0B9599CF6348B0EAC781225457
9855264092 27768 50733 7C20F6CF1A09EEE4F40FE6F70B0F070213E4AE0B9599CF6348B0EAC781225457
9856698393 23238 23104 7C20F6CF1A09EEE4F40FE6F70B0F070213E4AE0B9599CF6348B0EAC781225457
9853102033 33665 47163 3BB2F5F439C88FBB2FF03932020660D258C6BC11BC208B1AF4E0128C3F0D4ECE
9857447319 41710 59608 7C20F6CF1A09EEE4F40FE6F70B0F070213E4AE0B9599CF6348B0EAC781225457
9853532810 63512 44721 7C20F6CF1A09EEE4F40FE6F70B0F070213E4AE0B9599CF6348B0EAC781225457
9860603136 11107 5541 1CAA6C4A363D71B98B27EDD5BE08248E854BF2D0F40550628D85DE3BB3AB333F
9864230282 57845 55491 EE19492C5245A1135B777C47FE362FF8C6FB7ECA55E6194552E786D804270B86
9856751020 25045 57306 CDFBC818A8BEB512C9844BD728E8CEBCA34CCC4C0DA69458FF76440698FF7853
9861829096 27462 48763 7C20F6CF1A09EEE4F40FE6F70B0F070213E4AE0B9599CF6348B0EAC781225457
9856349782 16505 32009 8EC52C81F391904F4C47DDB2D9FA653E301F46F8FCA43B479B9D13D930760735
9852548295 924 9910 7C20F6CF1A09EEE4F40FE6F70B0F070213E4AE0B9599CF6348B0EAC781225457
9857918761 4496 49719 7C20F6CF1A09EEE4F40FE6F70B0F070213E4AE0B9599CF6348B0EAC781225457
9853968546 6737 44701 19DD1DE7A7CFA547284D11C3FA2457D3CD56692E27E78E65BC8BC46F876B5491
9858651143 46726 6586 7C20F6CF1A09EEE4F40FE6F70B0F070213E4AE0B9599CF6348B0EAC781225457
9860190495 24980 54759 7C20F6CF1A09EEE4F40FE6F70B0F070213E4AE0B9599CF6348B0EAC781225457
9864202741 37802 10066 7C20F6CF1A09EEE4F40FE6F70B0F070213E4AE0B9599CF6348B0EAC781225457
9859704915 40223 54191 E462BB71FD41C3929C653E33E852AB9BE4DA25D57CCB838134FDBF403D6675B2
9852984114 41818 49804 7C20F6CF1A09EEE4F40FE6F70B0F070213E4AE0B9599CF6348B0EAC781225457
9860064228 52047 51822 905F91159A411C36BD771F21995BA870E0A7322F5BFCA0067F0592AB5E130896
9860093033 38137 20805 187468104ABF9FB5B137413865729A644FC61CF90A26C61279D061FFDC564D20
9860705888 11756 1222 7C20F6CF1A09EEE4F40FE6F70B0F070213E4AE0B9599CF6348B0EAC781225457
9853567172 61133 29927 D44B233A735E3D8A5FD7335DD8701B05BECD416F622C8C4E47EF614B9E177FE1
9862295858 11518 65485 7C20F6CF1A09EEE4F40FE6F70B0F070213E4AE0B9599CF6348B0EAC781225457
9852848447 33911 7657 4AC7E404AAA11F2865687EE43DF5AEB16B99E4C7FF1D2247D4A5002BF3B6FC84
9853694855 38927 33661 92BD47306E3F19EBF5187CD7F70A81EFC51A568BA6B0DF133C161A6BF6A2C011
9853496797 31580 29744 7C20F6CF1A09EEE4F40FE6F70B0F070213E4AE0B9599CF6348B0EAC781225457
9861987237 39001 44466 2E68E3B01FB38EDDFF03AF6F899600BB0F8A7EC2D93F475EB08770EE87AC6E3E
9856575889 53015 60897 FBB08473264A0C19EB78647B1AF309220BF89752549D2FF2B22124CD9F40E18C
9857528826 34664 60771 7C20F6CF1A09EEE4F40FE6F70B0F070213E4AE0B9599CF6348B0EAC781225457
9864280331 32699 22976 E4DA7032E90A5DA4802E6F9FB8438A779B057E04483F07B3ADB43E35D6FE01DF
9860810804 51294 22114 7C20F6CF1A09EEE4F40FE6F70B0F070213E4AE0B9599CF6348B0EAC781225457
9855887293 58476 24313 7C20F6CF1A09EEE4F40FE6F70B0F070213E4AE0B9599CF6348B0EAC781225457
9855169894 41254 21290 7C20F6CF1A09EEE4F40FE6F70B0F070213E4AE0B9599CF6348B0EAC781225457
9861366984 50924 48646 7C20F6CF1A09EEE4F40FE6F70B0F070213E4AE0B9599CF6348B0EAC781225457
9854388857 35567 40413 BA9EE7A8EDCD6D214B781AEF32E093DB423388C8CCFFBB56B481A2E514D13A14
9859763949 10789 29394 025E745E2414247CB762F7C2004AEFD9BAB4DE02AC90505CABAD1A92B2FACA79
9861901469 62935 52765 A9AE7A01023A162A63BD11F10FF8F666CF847A2EB25735AFDA253FF402C81833
9861579244 10987 10967 787F1A695395D3793E83904426A7E6D3FCA668EB634CFE8F79271AB3A9BD455D
9857258757 49338 2088 7C20F6CF1A09EEE4F40FE6F70B0F070213E4AE0B9599CF6348B0EAC781225457
9861590108 21155 48579 CC9B6896017DC191A3278543B9679D036B7CD8F5377A059C53C43F7C7BE82363
9855293958 53150 49130 7C20F6CF1A09EEE4F40FE6F70B0F070213E4AE0B9599CF6348B0EAC781225457
9859531051 23341 41417 6797569E7A960E936B600D4CCDC657498DDB5205E5EAFDBBE0245ECD78DD3711
9862809874 35642 23087 7C20F6CF1A09EEE4F40FE6F70B0F070213E4AE0B9599CF6348B0EAC781225457
9858173928 64954 13375 7C20F6CF1A09EEE4F40FE6F70B0F070213E4AE0B9599CF6348B0EAC781225457
9860013911 17977 50820 C34E2174BEBA3C024ADC99CD4FDB0F9E4F364B76BE1BDA3B6B0697D5A14DD8A0
9861945843 49837 1085 992411E4CB17C1662F2B89CABEFDA3E939DD8BEE894CC6CD1E375BC0764E4DEA
9856020273 61551 35095 55D2F8DEB7F95A6715653EA04E222C54C8699DD04A3991AA7F0CFC9C8ECF8A3D
9859683518 15416 21154 7C20F6CF1A09EEE4F40FE6F70B0F070213E4AE0B9599CF6348B0EAC781225457
9857460927 46385 38531 5C79C5916B8CB7C14F146F823EC1192E068EA3A53223180F9F9490B43B4314AB
9858491470 27720 10564 7C20F6CF1A09EEE4F40FE6F70B0F070213E4AE0B9599CF6348B0EAC781225457
9862305847 61642 18872 7C20F6CF1A09EEE4F40FE6F70B0F070213E4AE0B9599CF6348B0EAC781225457
9852952153 210 36907 7C20F6CF1A09EEE4F40FE6F70B0F070213E4AE0B9599CF6348B0EAC781225457
9856273571 54180 50295 7C20F6CF1A09EEE4F40FE6F70B0F070213E4AE0B9599CF6348B0EAC781225457
9859090603 862 18811 7C20F6CF1A09EEE4F40FE6F70B0F070213E4AE0B9599CF6348B0EAC781225457
9857298631 25164 9316 7C20F6CF1A09EEE4F40FE6F70B0F070213E4AE0B9599CF6348B0EAC781225457
9856652535 59403 46606 5C53D8B2FA9968A4A288EB885E5347EC5C83A2F70D8ECF6DB52A8248CAD4D440
9862660816 12995 8468 5D0A6989355E06AF65FF752456976BA04BAF41ABBB790CDA44F2F138C76C6E74
9852748059 14706 22973 7C20F6CF1A09EEE4F40FE6F70B0F070213E4AE0B9599CF6348B0EAC781225457
9862307919 56127 49858 56ED5E0954FFDB631969C474B051B34E95B0714024CC3DFEDF5A219370AE2A0A
9860190571 30103 7399 1CB64A39CE84B3BDFF810220BE192D5A132A19B4AE03999D92AD398582CBC50B
9855594140 29781 50443 F0307B721D4BB4E7519F6655C0B39478751464720937D7390AEDCBFBE4C26205

Total of 0 tasks calculated error.
