Total of 100 tasks calculated correctly, accuracy 100.00% 
9874900439 13318 56576 7C20F6CF1A09EEE4F40FE6F70B0F070213E4AE0B9599CF6348B0EAC781225457
9868689130 16717 18292 D42217119D6C23DAE06B5DFEAC354CB227E7EFD2D980E227AD505FE22D463667
9872468622 3573 24126 1EC3CD290BFFCEBB19E9F6398934855AF9A1F721C70C66ABE1710C6EBF681FCD
9876260399 18652 6343 7C20F6CF1A09EEE4F40FE6F70B0F070213E4AE0B9599CF6348B0EAC781225457
9868929758 56341 12685 EA3388D1867C951AD5FDBAFE7DA07C3F2ED4ABDDF5E9C6E4EA1CC9257ED671AF
9866622319 61903 48469 10768D035E1CE88AAB90FA6EC1FF58A180639E196D611269AAE1A6B41F60812C
9866606581 12220 63790 7C20F6CF1A09EEE4F40FE6F70B0F070213E4AE0B9599CF6348B0EAC781225457
9871242743 4615 9751 6B40452EB60670832B2C58F8089C84CACA6B5364827BF3E683CED60B48D4E784
9869039260 35575 36203 B6C243331E8FA99FD22CB7212A0B87FD181AE236AED1C5EA26F27F7A0CB239FA
9868573336 1282 58709 7C20F6CF1A09EEE4F40FE6F70B0F070213E4AE0B9599CF6348B0EAC781225457
9866348284 28276 12169 7C20F6CF1A09EEE4F40FE6F70B0F070213E4AE0B9599CF6348B0EAC781225457
9869188480 57217 57385 0B506577F0635EF1B265A6DAFF85E2A24B1B7298D4677E090F1E7CB910F22B0B
9870152939 55646 33589 7C20F6CF1A09EEE4F40FE6F70B0F070213E4AE0B9599CF6348B0EAC781225457
9874248713 12608 22249 7C20F6CF1A09EEE4F40FE6F70B0F070213E4AE0B9599CF6348B0EAC781225457
9864873785 50068 16907 7C20F6CF1A09EEE4F40FE6F70B0F070213E4AE0B9599CF6348B0EAC781225457
9865716910 1536 20367 7C20F6CF1A09EEE4F40FE6F70B0F070213E4AE0B9599CF6348B0EAC781225457
9865888952 33599 58082 65A6CD7FC895E309D56D818B3333BD7AD48F8D22B9CF7982D1C1EF6DA2897770
9866310470 42224 33779 7C20F6CF1A09EEE4F40FE6F70B0F070213E4AE0B9599CF6348B0EAC781225457
9868100528 13748 21470 7C20F6CF1A09EEE4F40FE6F70B0F070213E4AE0B9599CF6348B0EAC781225457
9871402148 42184 23241 7C20F6CF1A09EEE4F40FE6F70B0F070213E4AE0B9599CF6348B0EAC781225457
9874619878 52434 26099 7C20F6CF1A09EEE4F40FE6F70B0F070213E4AE0B9599CF6348B0EAC781225457
9874880666 39590 46759 7C20F6CF1A09EEE4F40FE6F70B0F070213E4AE0B9599CF6348B0EAC781225457
9870751795 57961 36054 7EC8250C0B71D3AA53B93E16D6C7A0ECC9E560F4C872F173BB98F2B114CE85F4
9871024800 27926 30633 7C20F6CF1A09EEE4F40FE6F70B0F070213E4AE0B9599CF6348B0EAC781225457
9866595422 52537 26148 4550D778C1CD8BB9EE5EF4DB2AB9F4ADCCD73F3EBACAF91BAE74855AD00E1E1F
9876057470 46875 37283 9A3E0774BB67327BD8A924211E5675F6B04464E5024E6A07B3FFD271B7CE247F
9869857097 55401 7379 9B61E14E2E9F15EAB01E58BC5CAC4D9B7C0D181280263B7436614DD27316C0F7
9873376712 39298 4885 7C20F6CF1A09EEE4F40FE6F70B0F070213E4AE0B9599CF6348B0EAC781225457
9867573297 30704 11856 7C20F6CF1A09EEE4F40FE6F70B0F070213E4AE0B9599CF6348B0EAC781225457
9867006320 1581 57999 E730F0F2645ED6BB688B362A4B5C4AEFCB19A370345C8ACB778CDC245D30E52F
9874448877 47287 52480 7ED50EE1D4DA1A5A28D7F7ACD49AEF502FB7493E141E24516F80DF4BBA46F01D
9868260882 19137 24197 AE0D78CC8E3CB261C1BBA35D1F5895E55D737212E600D7103B2C6BBD71D77878
9866360032 25863 55586 F24F8888887DD88687DA632E47289150401FF4DA1CB03A0C4C6D7F3C0CADB239
9865513196 13127 43791 95252783FA9386EAE5E3C4CC0C7525E1A92854EE54AF3D0563255728A8F68B5B
9870992634 17870 53993 7C20F6CF1A09EEE4F40FE6F70B0F070213E4AE0B9599CF6348B0EAC781225457
9867863089 18523 33509 B891CF8BFD7E748CFF5DF578D391E17262D3487EB2985277B91EA688EC427275
9871460191 16079 26864 64EE1784AC5EC1A1708DF68E5EBC6F5E71EA2382368794ECE12D6331675918E7
9869266353 7662 34171 7C20F6CF1A09EEE4F40FE6F70B0F070213E4AE0B9599CF6348B0EAC781225457
9873651626 19706 15574 7C20F6CF1A09EEE4F40FE6F70B0F070213E4AE0B9599CF6348B0EAC781225457
9873755704 1345 26717 555A67EBDF9BD20ED4E3DF659EFD3888434BFE7CF369E0845F39DBE7EA41FD9C
9870412857 36059 44789 530CBF20EF0FFED4E2DD96DA50B05816FD4C46D83FB536DF57E7553576968115
9869139875 11028 13904 7C20F6CF1A09EEE4F40FE6F70B0F070213E4AE0B9599CF6348B0EAC781225457
9867785900 55886 47733 7C20F6CF1A09EEE4F40FE6F70B0F070213E4AE0B9599CF6348B0EAC781225457
9875266696 58923 61442 B360AA27BD961611518CEADF27BA8321EE67ACE5C90FE2D19550D9BDE7FE0670
9873971530 29947 21801 5F3D9CEB28CBA2C592A88261E9DAF3FD0F56C88E4E379A3143160612E48E5A13
9868879567 45147 42691 B8B9876B0FCC350CACD8029E189DD83974BA41E707A73D8C0880A80B4768554F
9872745417 34928 1259 7C20F6CF1A09EEE4F40FE6F70B0F070213E4AE0B9599CF6348B0EAC781225457
9868481838 819 44235 E821D15A6A6EC674AF09653151B9D39CC0DD0974CCE0A754980930D089316110
9865836229 8077 12126 BDB652CC6412BB709CB13CBF679824C8F63C359118598B0B6F3AEE9EDE7261F5
9866496826 46665 28940 E5260BCA8436BE396C1F8AB48C11151BEFE7925FE355FE7B5798A8A47C331907
9871885858 22358 21040 7C20F6CF1A09EEE4F40FE6F70B0F070213E4AE0B9599CF6348B0EAC781225457
9868982302 7442 57599 7C20F6CF1A09EEE4F40FE6F70B0F070213E4AE0B9599CF6348B0EAC781225457
9867206091 21842 59850 7C20F6CF1A09EEE4F40FE6F70B0F070213E4AE0B9599CF6348B0EAC781225457
9873728477 2697 61390 335E37C8AC0DC313C6AB397B4FE19E2490C7464A98168581C1748092779B8790
9865032615 7101 42 1D21EE211668FDB2DBCE6C810BEBAFF09D17DE63996652EBEF965AF48086B1B5
9874433158 25461 29086 67C8B623403103A52F7BE5A97C3AE52A26B723FE74EDCF133B94F26215C4A524
9867518357 25169 33763 DCCBF307D2A0421FC94829C3C39724D3E7F9125240508274E3872FEA16C71161
9869662301 13783 55010 110E67D2B75C0E7DB128ACF5CDD02957B4EF03555DB54BC8466DDB8322B2B19D
9873565385 24354 37486 7C20F6CF1A09EEE4F40FE6F70B0F070213E4AE0B9599CF6348B0EAC781225457
9875969804 21125 50812 87B8E857F1C02FD8B9304E607DB3B6CC0A2812C60BBB076CAE7E531557D1373B
9866936886 17476 49554 7C20F6CF1A09EEE4F40FE6F70B0F070213E4AE0B9599CF6348B0EAC781225457
9865982731 33939 13480 4D60CEBE700FCACEDE32FC04B8C5BA59E42D98CCBFD7977EE0BA264B5E563514
9874327427 39841 25570 7B863403D224B0F5F0CCE5506D264813564D51E5BB150DFB930C679237EDF5DC
9872340118 2734 63176 7C20F6CF1A09EEE4F40FE6F70B0F070213E4AE0B9599CF6348B0EAC781225457
9868506373 42788 61429 7C20F6CF1A09EEE4F40FE6F70B0F070213E4AE0B9599CF6348B0EAC781225457
9865082363 65331 26977 842FE89DC2D32EDAF6A71CB1C15D9888EE687FFE6FB8F49306261A153042E7B0
9873720091 18671 54999 3B17DA7CFAAAE5858E4A180E3BD19B16B10200D0B7D5C4FA452F6B2D8DA78C80
9869328536 29291 30561 206B9528B8B471CF275CA099BD569E1B88C1F5529B5B0BFDF54299781E6DF49E
9865332308 24097 2976 85CFB509DF32DED599FA6DC80B29EBF6BF249FC2718E89224B958EC4A0D8FB8B
9870311307 11903 8853 96A59563D8FD0F22A5CE7A505756A714778199D19AA18E3BCF92AE17767B8DBE
9873527658 30324 29281 7C20F6CF1A09EEE4F40FE6F70B0F070213E4AE0B9599CF6348B0EAC781225457
9871526864 32893 8641 FF1F9D284BE87D964CFA2E799BDD81050BE9C670B55131EAF8B7705A93562916
9876217279 8833 49221 375AEC10D0D47FA00775727BD5812BACCA820601CB0CEFD06050799035FECD52
9865615755 12230 44362 7C20F6CF1A09EEE4F40FE6F70B0F070213E4AE0B9599CF6348B0EAC781225457
9867960795 35749 9169 0E60D16B72E5E3FBB16EE15E489ACCBD9CBF6BE1C453D681DEDE090BA66C4A7E
9874574301 27771 65265 6FCD3F42CBB4C573D95CE7145D9522143F5FE601378FF2E4F362EAD8879734F1
9864851478 55554 45708 7C20F6CF1A09EEE4F40FE6F70B0F070213E4AE0B9599CF6348B0EAC781225457
9870129049 31085 46543 2D32C4D6532846F4122130BCCA55071F5751C63D0F9499E5ACB1542F6422ACB9
9865178033 34776 56655 7C20F6CF1A09EEE4F40FE6F70B0F070213E4AE0B9599CF6348B0EAC781225457
9865202431 4508 14106 7C20F6CF1A09EEE4F40FE6F70B0F070213E4AE0B9599CF6348B0EAC781225457
9868091851 64934 5358 7C20F6CF1A09EEE4F40FE6F70B0F070213E4AE0B9599CF6348B0EAC781225457
9870362103 23861 26081 F58327297AC7166E30C7D1CD27D9995B6B79AE76A486155A7BED0613FED5155C
9871106060 32688 11983 7C20F6CF1A09EEE4F40FE6F70B0F070213E4AE0B9599CF6348B0EAC781225457
9873256986 40334 62216 7C20F6CF1A09EEE4F40FE6F70B0F070213E4AE0B9599CF6348B0EAC781225457
9868018898 46359 46752 E806BA7A0409329DC0D8AB3E589B4585733C1607C3B95FB196158F81CC48A9C7
9870593686 39243 42263 96117B56E8B4273949017C777F32E4D03CCB8F6B2101154AB3FAF4DEB87252AE
9866021873 4533 59940 43F0D1357AD8D6543EC80F6E09067D0721BD72DF1441DCC9A921C25EF5BAA284
9871447944 40272 44246 7C20F6CF1A09EEE4F40FE6F70B0F070213E4AE0B9599CF6348B0EAC781225457
9870116606 55205 3089 DB6B7C9B660F13CFCE357D01ECD2E6D9C50CACA5150F38EE6F0918C8559E62E3
9868477726 47622 22459 7C20F6CF1A09EEE4F40FE6F70B0F070213E4AE0B9599CF6348B0EAC781225457
9871233162 50940 62079 7C20F6CF1A09EEE4F40FE6F70B0F070213E4AE0B9599CF6348B0EAC781225457
9872288637 34511 27569 66FFF541BE391CDD90A14F6C234A8E91C118DE7A2A2ACBF15CC6FE89426E9B55
9866602502 55744 42237 7C20F6CF1A09EEE4F40FE6F70B0F070213E4AE0B9599CF6348B0EAC781225457
9871771245 53146 36972 7C20F6CF1A09EEE4F40FE6F70B0F070213E4AE0B9599CF6348B0EAC781225457
9867231559 37799 57142 B390E9054ACB7DE57FB1CB8F697757ECB32E3F0D0EB7A90D3C8B6FDAFCF64D47
9866110733 14375 14262 6F22222A3C63FC6A36A34AF2F7D7E32406A2CC538032433D0FD7A0B7640C1B08
9873883398 57755 55596 6803A92B1F752C5BC448F7BBF7A331229543499BC9C064F55B0178E7F5D275A4
9864579656 7720 987 7C20F6CF1A09EEE4F40FE6F70B0F070213E4AE0B9599CF6348B0EAC781225457
9870469647 30636 61236 7C20F6CF1A09EEE4F40FE6F70B0F070213E4AE0B9599CF6348B0EAC781225457
9865399403 4072 46786 7C20F6CF1A09EEE4F40FE6F70B0F070213E4AE0B9599CF6348B0EAC781225457

Total of 0 tasks calculated error.
