Total of 100 tasks calculated correctly, accuracy 100.00% 
9884347911 42194 23385 7C20F6CF1A09EEE4F40FE6F70B0F070213E4AE0B9599CF6348B0EAC781225457
9885750114 41935 9299 DB507E436CA5F56BDB4CCCED4D559F25BDC329D63CCA7A5DD2A6AF2042F14510
9877184138 59572 14466 7C20F6CF1A09EEE4F40FE6F70B0F070213E4AE0B9599CF6348B0EAC781225457
9881156411 39036 42036 7C20F6CF1A09EEE4F40FE6F70B0F070213E4AE0B9599CF6348B0EAC781225457
9878108131 48576 60045 7C20F6CF1A09EEE4F40FE6F70B0F070213E4AE0B9599CF6348B0EAC781225457
9879497025 5120 10731 7C20F6CF1A09EEE4F40FE6F70B0F070213E4AE0B9599CF6348B0EAC781225457
9883545247 16513 6599 498DBCD421A9F22695C17E339DFF6E3CEA48E04AC1D2BD665BD4E2781404CD9D
9877900204 30335 3870 CDDCFD1B55A6A48C009C8511611F9B6E03156D292860335EC12F8D5A08F41D86
9888287575 13757 61858 07CA4E80DA9E9BB675A52DFA5FC0BE6E1182A36ECB4704C4903313BE77D42EEE
9882623558 62363 29632 8BE090009E6557A49CDA0CADC0C3A9EE1B4347C7D0FF783E6FBC2833AA86CC9F
9880171953 30942 35321 7C20F6CF1A09EEE4F40FE6F70B0F070213E4AE0B9599CF6348B0EAC781225457
9885641424 31666 48219 7C20F6CF1A09EEE4F40FE6F70B0F070213E4AE0B9599CF6348B0EAC781225457
9884728357 57783 19815 666D34E09055C87637733870F6DA0DAF94F946E593C07454608341C56756A5AA
9885543930 26202 60041 7C20F6CF1A09EEE4F40FE6F70B0F070213E4AE0B9599CF6348B0EAC781225457
9877605122 38285 4110 CDC533472638ABE6B8FB925144D4AD7203318453DD36C226981D6B44D5CE26F0
9883716217 59665 8127 C5968CD6761F276B66CA2025FD6B3158FDF03691A59D3D4AAB878583E7A2312B
9887920617 44372 16070 7C20F6CF1A09EEE4F40FE6F70B0F070213E4AE0B9599CF6348B0EAC781225457
9881425649 9400 24528 7C20F6CF1A09EEE4F40FE6F70B0F070213E4AE0B9599CF6348B0EAC781225457
9883126121 10732 15941 7C20F6CF1A09EEE4F40FE6F70B0F070213E4AE0B9599CF6348B0EAC781225457
9876678986 13323 45814 BBB68F1312F808CA92DFBB7B36F6D3B7C5B5061D0E14EAB092DBB0C34862DF3F
9880492104 16420 39217 7C20F6CF1A09EEE4F40FE6F70B0F070213E4AE0B9599CF6348B0EAC781225457
9880440729 9651 59492 37F9EAAF368D4A84CC144E6158605618A4AA30C9AB684DB897278F2E46ED1241
9881487782 38021 10765 BACE08E544E5764BFA1B1A4D63E6D697771BC6DC331FF3ECA1C72F0858F2C00A
9881571175 20515 39793 A59A928D890C0849D76969F8AA97DE4E7A1633D271F1FD5E4CBE76AE416BC737
9884921323 676 41680 7C20F6CF1A09EEE4F40FE6F70B0F070213E4AE0B9599CF6348B0EAC781225457
9887354710 54946 14832 7C20F6CF1A09EEE4F40FE6F70B0F070213E4AE0B9599CF6348B0EAC781225457
9886680746 44076 10808 7C20F6CF1A09EEE4F40FE6F70B0F070213E4AE0B9599CF6348B0EAC781225457
9885070046 51205 32962 1A7E509107085DF101885F254DF7838BB7458B29F973ABFBE0895C0079EBA92B
9879841394 55400 46656 7C20F6CF1A09EEE4F40FE6F70B0F070213E4AE0B9599CF6348B0EAC781225457
9887008839 16206 30807 7C20F6CF1A09EEE4F40FE6F70B0F070213E4AE0B9599CF6348B0EAC781225457
9877180272 11610 41399 7C20F6CF1A09EEE4F40FE6F70B0F070213E4AE0B9599CF6348B0EAC781225457
9886174332 23635 37389 8089AA7D4F7CDA2DA9E2C83D2EE180C5DF2620C0912AEF0BEA9EB0BDDE06A5FD
9877375369 57406 16354 7C20F6CF1A09EEE4F40FE6F70B0F070213E4AE0B9599CF6348B0EAC781225457
9885142352 10345 60471 13FCB5748F2D98A8D8F9134243D81BB9C2CCFE66DEDC0384B75F55FF5496CDE5
9883608636 12911 28634 E4F38E920A3E78168569D844B6E2A92739A382737CE23E07AF26EF81F429F5AA
9887052492 25100 38711 7C20F6CF1A09EEE4F40FE6F70B0F070213E4AE0B9599CF6348B0EAC781225457
9881843381 35632 57244 7C20F6CF1A09EEE4F40FE6F70B0F070213E4AE0B9599CF6348B0EAC781225457
9885626999 47938 64815 7C20F6CF1A09EEE4F40FE6F70B0F070213E4AE0B9599CF6348B0EAC781225457
9878227391 11010 34939 7C20F6CF1A09EEE4F40FE6F70B0F070213E4AE0B9599CF6348B0EAC781225457
9884011958 65314 52963 7C20F6CF1A09EEE4F40FE6F70B0F070213E4AE0B9599CF6348B0EAC781225457
9886311072 61606 26313 7C20F6CF1A09EEE4F40FE6F70B0F070213E4AE0B9599CF6348B0EAC781225457
9882099581 53930 53746 7C20F6CF1A09EEE4F40FE6F70B0F070213E4AE0B9599CF6348B0EAC781225457
9884803030 34268 43818 7C20F6CF1A09EEE4F40FE6F70B0F070213E4AE0B9599CF6348B0EAC781225457
9879895369 56651 46355 E9DC6B79403692D63116A2E89D5B50DBBE7A1083155586E96E3C1761B62CF83D
9880855355 39114 51876 7C20F6CF1A09EEE4F40FE6F70B0F070213E4AE0B9599CF6348B0EAC781225457
9888211543 5957 31438 A58F05BD3C64A1B469D2933FD4182945B891FA043FCE1F2183A85124FE535A2E
9885835178 9202 61236 7C20F6CF1A09EEE4F40FE6F70B0F070213E4AE0B9599CF6348B0EAC781225457
9886185664 27121 49117 01E66396C31CD1EEDE3423C872BDE3EB07D65D6A14D56984676CF4E5B71B5D58
9881036245 32889 57071 77C24736041B42E57DAD0C1E17328BE72B64120EDA7CA3A69E8EAF64517E5D01
9886275044 59594 24271 7C20F6CF1A09EEE4F40FE6F70B0F070213E4AE0B9599CF6348B0EAC781225457
9882579321 63180 6403 7C20F6CF1A09EEE4F40FE6F70B0F070213E4AE0B9599CF6348B0EAC781225457
9886425878 12891 2212 C388D32E610E6BEAB27DA7074BCAB31C4B71466EEEF00F4261AEA25488C4BAF8
9880184641 25309 19330 0BC96A93F7FEE41F6262000E2C13646AACC6BB7116EA01299B54936173456C88
9879778950 21364 13100 7C20F6CF1A09EEE4F40FE6F70B0F070213E4AE0B9599CF6348B0EAC781225457
9884802285 5414 62309 7C20F6CF1A09EEE4F40FE6F70B0F070213E4AE0B9599CF6348B0EAC781225457
9886087251 20532 38452 7C20F6CF1A09EEE4F40FE6F70B0F070213E4AE0B9599CF6348B0EAC781225457
9878212538 4105 51533 B831CE4B87EC7A0D0E7B25E865B03095F0230453EF86926D8A677DC7EA4A0C06
9879843701 44134 46938 7C20F6CF1A09EEE4F40FE6F70B0F070213E4AE0B9599CF6348B0EAC781225457
9879718329 29495 46467 C2615F84C1B68A346B1ECA5E2BBF8AED3776AA49C56E65F6481474A4628FC475
9886353747 52301 3878 6F76618A3BD23337D01D79D306B44799B4D65EA246BFB820D0A8B66CB2FCAAF7
9879265809 52396 65439 7C20F6CF1A09EEE4F40FE6F70B0F070213E4AE0B9599CF6348B0EAC781225457
9885394702 9406 37081 7C20F6CF1A09EEE4F40FE6F70B0F070213E4AE0B9599CF6348B0EAC781225457
9887164154 28818 16566 7C20F6CF1A09EEE4F40FE6F70B0F070213E4AE0B9599CF6348B0EAC781225457
9884375334 59212 44093 7C20F6CF1A09EEE4F40FE6F70B0F070213E4AE0B9599CF6348B0EAC781225457
9883669220 36847 42244 0E21DC1EE3A82E890FACDD2067B5223D791A5D53F63E91441B98801A93B97EA0
9878570761 28075 35213 D36BFBAB4D85B878EE1B43717C73D0EE25093C95D72E180879015BC598B30FB4
9876789816 5489 4919 E8B39F9203091550E158EE4778C11108B2B8F6244EEED1FB3343566EBF3BC303
9882863968 34868 25632 7C20F6CF1A09EEE4F40FE6F70B0F070213E4AE0B9599CF6348B0EAC781225457
9883071547 59028 21913 7C20F6CF1A09EEE4F40FE6F70B0F070213E4AE0B9599CF6348B0EAC781225457
9884941030 49747 34359 771557F37103F8E21A1AB15AE3CE21DC097C3E1F9B475B4E2224FE61096DEC48
9880082668 49223 52288 626848D906FC0AC21AA8A7AE2028FAA816DAFCC2E21216EF1D9C56A65337CEE7
9885276205 4182 13759 7C20F6CF1A09EEE4F40FE6F70B0F070213E4AE0B9599CF6348B0EAC781225457
9882175951 42803 57179 D0626CC4BFC4296FFBA3CB5DFDE89BF1938FD96F701FFA5C2587EFBE958FD403
9879646127 52100 25577 7C20F6CF1A09EEE4F40FE6F70B0F070213E4AE0B9599CF6348B0EAC781225457
9876695009 45576 23239 7C20F6CF1A09EEE4F40FE6F70B0F070213E4AE0B9599CF6348B0EAC781225457
9886348013 65059 48701 6907175E5FA39F40018675849083234DBFE871A5C1EEC70BCB472F240975033D
9876931559 50204 4258 7C20F6CF1A09EEE4F40FE6F70B0F070213E4AE0B9599CF6348B0EAC781225457
9885667735 53765 41888 4D75036073472EA3B5F2A016F966B0381A82008AEA2F6EE4FC842890563A0E76
9882763761 53365 24944 3EC940896B268A12E9B2E8EB1BC4E597F4227F7845B9EC40E410C8CF64042EDA
9888020417 13642 4522 7C20F6CF1A09EEE4F40FE6F70B0F070213E4AE0B9599CF6348B0EAC781225457
9876942230 52187 16881 A8A86AB1BE9895B4FB2244B97D3E9BEA34577785AAC69E2D483B14F8D031312C
9877154207 54480 48372 7C20F6CF1A09EEE4F40FE6F70B0F070213E4AE0B9599CF6348B0EAC781225457
9885219560 41476 36716 7C20F6CF1A09EEE4F40FE6F70B0F070213E4AE0B9599CF6348B0EAC781225457
9882213967 3564 36100 7C20F6CF1A09EEE4F40FE6F70B0F070213E4AE0B9599CF6348B0EAC781225457
9880347934 17700 7781 7C20F6CF1A09EEE4F40FE6F70B0F070213E4AE0B9599CF6348B0EAC781225457
9885701282 7861 36698 D16074B92F5496A85A6C3CFC07158D6F69D529DD6388E91A55B434D50B8C4044
9878904557 44314 33838 7C20F6CF1A09EEE4F40FE6F70B0F070213E4AE0B9599CF6348B0EAC781225457
9886106597 8998 6701 7C20F6CF1A09EEE4F40FE6F70B0F070213E4AE0B9599CF6348B0EAC781225457
9885265031 10510 11773 7C20F6CF1A09EEE4F40FE6F70B0F070213E4AE0B9599CF6348B0EAC781225457
9878796633 18097 23572 62F4514F36A0D832EC113FA7CED6330BFD14B5294BF9B55EDB6BF2FAEF950D87
9879375481 42065 1470 5E4E9378EEE2744AAFDE59D78B5E2A86FB4BC0BCF1FC5C8A093F2106B9139953
9880866688 22890 31424 7C20F6CF1A09EEE4F40FE6F70B0F070213E4AE0B9599CF6348B0EAC781225457
9886497358 44987 60030 78532BCCD0541A9A0FB53F8BCA2A97188E5220A55541C0384DE58957D177C928
9885626331 13060 54211 7C20F6CF1A09EEE4F40FE6F70B0F070213E4AE0B9599CF6348B0EAC781225457
9878456191 39828 5176 7C20F6CF1A09EEE4F40FE6F70B0F070213E4AE0B9599CF6348B0EAC781225457
9880979454 37994 60054 7C20F6CF1A09EEE4F40FE6F70B0F070213E4AE0B9599CF6348B0EAC781225457
9884022940 25510 14835 7C20F6CF1A09EEE4F40FE6F70B0F070213E4AE0B9599CF6348B0EAC781225457
9884330192 55198 54475 7C20F6CF1A09EEE4F40FE6F70B0F070213E4AE0B9599CF6348B0EAC781225457
9880357072 60459 62697 D1D03F68902FBAD1F174B4ACF8275F1FF8970AF4CD3B61BADD4ECF35E31736A3
9883448747 63569 22836 9B27500DEF49658F37FF177CA6073521532631A4E8F21B380308F7EA9E36DBE8

Total of 0 tasks calculated error.
