Total of 100 tasks calculated correctly, accuracy 100.00% 
9923571874 3893 30403 BFFCB3213CF7FB5D123575EFA512E70307EBF3F1AD9CAA252E87D8795E1252B0
9921953355 48084 49861 7C20F6CF1A09EEE4F40FE6F70B0F070213E4AE0B9599CF6348B0EAC781225457
9914342821 46670 44190 7C20F6CF1A09EEE4F40FE6F70B0F070213E4AE0B9599CF6348B0EAC781225457
9913657669 26125 48654 ABCF1FFB986D4BEE7AD05ED32ED13A2AACA06C2145C3F53819FDDA063D480061
9912659270 30411 22611 0B735BB021950F6E9009E52F342108C5A4226CCD208AEA1912FF3B4E4B586D24
9916890982 31270 21907 7C20F6CF1A09EEE4F40FE6F70B0F070213E4AE0B9599CF6348B0EAC781225457
9912641616 36790 7762 7C20F6CF1A09EEE4F40FE6F70B0F070213E4AE0B9599CF6348B0EAC781225457
9916907841 40421 52511 21756B1FB9E7A7C80E90D9AF62A2EA8C36ED6F1CBB1CB6CF8C7655B9D9752C90
9918569490 64325 26828 8152BBEFBDCDA3CF5B65C1B527BB656FF8DF6F2470AA0B08EC2AC22E5121CC4E
9918586753 49817 20789 AE826BDDA5227356101B41250ACAA4A8B616D81A4AD4F8C3C4A5F432E3C01A75
9915048733 41108 38077 7C20F6CF1A09EEE4F40FE6F70B0F070213E4AE0B9599CF6348B0EAC781225457
9923380183 30207 40916 8A20E285F2C497279E051053DE395F4466F3FE1E27815A5024154F90DE5970E3
9916462888 54481 25208 FD67F21AAB64D42C58280DF487F25CE93B6A3C876AF4FCEA2B9DC78756EC2489
9914316314 19201 46125 1CFD9B6816E40F14791080F143C62093B26BC7857C745DCE0C30905319FEBC28
9917382856 6602 49208 7C20F6CF1A09EEE4F40FE6F70B0F070213E4AE0B9599CF6348B0EAC781225457
9922290543 41446 35901 7C20F6CF1A09EEE4F40FE6F70B0F070213E4AE0B9599CF6348B0EAC781225457
9914845327 19245 64344 78E42B54767C4C30966C849899844F48B9B9583AC358BBA0D8055CCF0A899B5C
9918477509 13774 65480 7C20F6CF1A09EEE4F40FE6F70B0F070213E4AE0B9599CF6348B0EAC781225457
9914862852 58727 8847 0519B29CA79B42345636FB530300FFBA3000444B94B893B2DBA20DD27D9EEA63
9922737316 41952 57526 7C20F6CF1A09EEE4F40FE6F70B0F070213E4AE0B9599CF6348B0EAC781225457
9917359481 64562 61639 7C20F6CF1A09EEE4F40FE6F70B0F070213E4AE0B9599CF6348B0EAC781225457
9923664309 29531 22182 390DDE7FD7C6CD475B75CB9113D82C2FAB1D478566263042066E11FBB452A03D
9922300458 31121 13567 3C91AF8AEDFC99449668AD0CA55AC9A52A1EB80DA3F87885F669A958F3386FF0
9920605951 56163 1389 76D84EAC4856F856C0C4210B5F382BD55BE63393B113364FFC20D91E548FCA34
9923298822 42749 51134 AB81076A7FCA6278759E8F6917A00B2FFF9F818FD7A78C7EFF14C5DB16BA5EFA
9921009874 29192 23916 7C20F6CF1A09EEE4F40FE6F70B0F070213E4AE0B9599CF6348B0EAC781225457
9913394890 18917 51965 C55EB8299C2E2B99FE13F4E373E521D5204C7471D85ABE8CC14CBB69064CCDF7
9915338070 40173 15760 8F4B7BAE5603F3BE84AE2B11868066EE6D17D0237419BB5B4081C05848FAF196
9923292160 51610 27495 7C20F6CF1A09EEE4F40FE6F70B0F070213E4AE0B9599CF6348B0EAC781225457
9923143577 15633 19694 9D1B26D7E283B82DA05D928D032F8A9F119942D470BD6F0373C2C1F315A19763
9922610909 6974 3145 7C20F6CF1A09EEE4F40FE6F70B0F070213E4AE0B9599CF6348B0EAC781225457
9919555931 63164 3941 7C20F6CF1A09EEE4F40FE6F70B0F070213E4AE0B9599CF6348B0EAC781225457
9918238511 56920 63885 7C20F6CF1A09EEE4F40FE6F70B0F070213E4AE0B9599CF6348B0EAC781225457
9919825607 2173 63935 38C5E59020D82EF920F2D4A69D0F9897C90FC8B393676F3346B93043D20F6E08
9922340807 24638 36995 7C20F6CF1A09EEE4F40FE6F70B0F070213E4AE0B9599CF6348B0EAC781225457
9919101946 29454 28130 7C20F6CF1A09EEE4F40FE6F70B0F070213E4AE0B9599CF6348B0EAC781225457
9923692345 22870 53327 7C20F6CF1A09EEE4F40FE6F70B0F070213E4AE0B9599CF6348B0EAC781225457
9920488903 17420 19551 7C20F6CF1A09EEE4F40FE6F70B0F070213E4AE0B9599CF6348B0EAC781225457
9915486058 25765 62514 09B9805A43ACBACACAEC96140510A9390BE4A81F40BEFC98F0A9E4FD878BFAF2
9922664889 63882 40572 7C20F6CF1A09EEE4F40FE6F70B0F070213E4AE0B9599CF6348B0EAC781225457
9913369016 48960 38134 7C20F6CF1A09EEE4F40FE6F70B0F070213E4AE0B9599CF6348B0EAC781225457
9916661698 43445 1571 CCCF8B57DFBC2305E5466E67E8C3D854E468C486B157CEA83F09DC7A2765ABCD
9917275961 50702 59916 7C20F6CF1A09EEE4F40FE6F70B0F070213E4AE0B9599CF6348B0EAC781225457
9916653255 61984 54611 7C20F6CF1A09EEE4F40FE6F70B0F070213E4AE0B9599CF6348B0EAC781225457
9918744385 44220 51046 7C20F6CF1A09EEE4F40FE6F70B0F070213E4AE0B9599CF6348B0EAC781225457
9921265078 20045 58796 87D5D65643F99591216B568C23962B8740B71ED569C5E6E4D761379090F7F704
9923726731 29944 29 7C20F6CF1A09EEE4F40FE6F70B0F070213E4AE0B9599CF6348B0EAC781225457
9913573663 26674 5956 7C20F6CF1A09EEE4F40FE6F70B0F070213E4AE0B9599CF6348B0EAC781225457
9918881317 28233 3687 675D0ECDE3ABC63BBED50961E415AAEA72CC1CB6CE608803FE1F0497F3B37CAF
9920381469 59685 32281 035611A1C0F8463B00073988027A79DCC2FAC036ACBD39F5DDD8A7CF19A15F7A
9913412707 40432 23050 7C20F6CF1A09EEE4F40FE6F70B0F070213E4AE0B9599CF6348B0EAC781225457
9921728076 7928 28258 7C20F6CF1A09EEE4F40FE6F70B0F070213E4AE0B9599CF6348B0EAC781225457
9917468027 36074 8560 7C20F6CF1A09EEE4F40FE6F70B0F070213E4AE0B9599CF6348B0EAC781225457
9916300166 33986 18378 7C20F6CF1A09EEE4F40FE6F70B0F070213E4AE0B9599CF6348B0EAC781225457
9914514942 55127 42542 509DF54C07AFB470B1328282FCE50A69BB8684A3061CFA13C2B3FE503494A229
9919498012 13934 38531 7C20F6CF1A09EEE4F40FE6F70B0F070213E4AE0B9599CF6348B0EAC781225457
9921244485 6931 13311 8E152C32DCC129D7A3FBD6C1932C7A71FF01DDF1F7865E33034E73B9A00E322B
9918544829 58963 60843 78F3DC0ED1CC255D4182102D5859AA6969BBB3FF6838423A606DE5DA76E03BBF
9917389448 62991 16391 5A5D1649E35789981A60F3D05A341D66B885EA925E159DAB03F18F8C802AFE19
9920031952 37571 6859 AAD2ADB02102E24578ED3D816BC452477B1CFC721BB03374E5349C060D756A8F
9923482894 65221 59169 EFD484955D74AC439BB9A68274CDA16AEA71F5D02809E0AFD166E92F2BC17D59
9917851534 45723 48106 AA90F8AE43C94C2168F4931CF6E76142A7939CC2AADC72E29A23E06BF30935CA
9920385763 54345 20096 1F1E14235E73FF8513E9D9E84FFC7DFBC18D604895D5D9A15CA313C8BC38560A
9920431676 5011 488 B6A444A46222BCD26718DC0F41CC18F267D58F71CB3F9352204FB7200B970EED
9919393823 47953 57224 DFD67A2F005D49C992B27FDC834E9FF398AEC612DFDE76CCB36E59645BB2488F
9922842295 27614 15610 7C20F6CF1A09EEE4F40FE6F70B0F070213E4AE0B9599CF6348B0EAC781225457
9924042195 4088 2445 7C20F6CF1A09EEE4F40FE6F70B0F070213E4AE0B9599CF6348B0EAC781225457
9924003107 28573 40873 BC017E362B987F195BDDF45991A98A611F0FB98FAA09D56143A8F79121D1386F
9917574356 17572 13743 7C20F6CF1A09EEE4F40FE6F70B0F070213E4AE0B9599CF6348B0EAC781225457
9918674293 36898 48947 7C20F6CF1A09EEE4F40FE6F70B0F070213E4AE0B9599CF6348B0EAC781225457
9922539614 47862 11042 7C20F6CF1A09EEE4F40FE6F70B0F070213E4AE0B9599CF6348B0EAC781225457
9916947396 22210 5905 7C20F6CF1A09EEE4F40FE6F70B0F070213E4AE0B9599CF6348B0EAC781225457
9920416173 23363 5824 6331C197D7A207069986F96CC9BF55CB1816A23DEA6FD16753120AA09F710707
9920852108 59181 3479 314FC74E31A7D52CCB7FC9F9CB3B20BF2834CB3DCF3FE65CCD88B9C17B080E8B
9912663192 11712 15509 7C20F6CF1A09EEE4F40FE6F70B0F070213E4AE0B9599CF6348B0EAC781225457
9915645587 30168 1301 7C20F6CF1A09EEE4F40FE6F70B0F070213E4AE0B9599CF6348B0EAC781225457
9916115742 60435 59405 B2292D465969CC4E1BFB4FCE3E836CE7C135EF73FCF64EEE04D4B4D783965691
9916390270 6780 18159 7C20F6CF1A09EEE4F40FE6F70B0F070213E4AE0B9599CF6348B0EAC781225457
9912623098 44112 14167 7C20F6CF1A09EEE4F40FE6F70B0F070213E4AE0B9599CF6348B0EAC781225457
9921209452 16845 47175 BB24CD55A4F8F35952D6987E177B335DB1B56E2B45A65A45A565F55BF2734518
9921200508 51281 2397 66ED067ABDEB1DD22A39206E9094E906538DCDB9B38D413C8A82929DF9B2F977
9914742670 38841 24151 1D29B339FE5EAF969C191D07633CD773BB4F7008467F72FA376FF7799E14E3CE
9913129566 11470 20295 7C20F6CF1A09EEE4F40FE6F70B0F070213E4AE0B9599CF6348B0EAC781225457
9922115146 33904 14935 7C20F6CF1A09EEE4F40FE6F70B0F070213E4AE0B9599CF6348B0EAC781225457
9920504738 41396 12232 7C20F6CF1A09EEE4F40FE6F70B0F070213E4AE0B9599CF6348B0EAC781225457
9914139393 26610 21167 7C20F6CF1A09EEE4F40FE6F70B0F070213E4AE0B9599CF6348B0EAC781225457
9923933408 58246 48014 7C20F6CF1A09EEE4F40FE6F70B0F070213E4AE0B9599CF6348B0EAC781225457
9918638173 3370 2357 7C20F6CF1A09EEE4F40FE6F70B0F070213E4AE0B9599CF6348B0EAC781225457
9921648995 29403 41077 8CB31E821F2CA0AFE2BCAB9DD9A91FF94106F25AF9B5ED67D558927730FE111F
9923740223 62012 3211 7C20F6CF1A09EEE4F40FE6F70B0F070213E4AE0B9599CF6348B0EAC781225457
9917017055 30970 57108 7C20F6CF1A09EEE4F40FE6F70B0F070213E4AE0B9599CF6348B0EAC781225457
9923318209 50333 60486 42779B7886FB6DCAAB53ACBA13FF95897A1D0B2839DB345ED8AB8FFDAB64FE4B
9915491904 64871 31582 63774D3EB019A39B2932DA5CDA8913CE20752FCAD8816FA02EDF917C732119B0
9913210795 18665 37729 1DDFF45AAE98F8107A33CAF3456A64FE07357D12E6C8A19BBCC25C4A47C4D8C9
9921825238 14420 7256 7C20F6CF1A09EEE4F40FE6F70B0F070213E4AE0B9599CF6348B0EAC781225457
9915717469 45177 23901 E78898341E07BE1298FE04A883A073B8CCABAACC833DB846A504805E6E192285
9918457658 25261 44405 DD608F8C3B75619EE66DA4F09307F0A7710F856CFED5540249C669E132B8DBAB
9919753204 18096 11379 7C20F6CF1A09EEE4F40FE6F70B0F070213E4AE0B9599CF6348B0EAC781225457
9920454068 21640 5297 7C20F6CF1A09EEE4F40FE6F70B0F070213E4AE0B9599CF6348B0EAC781225457
9917859883 63352 64308 7C20F6CF1A09EEE4F40FE6F70B0F070213E4AE0B9599CF6348B0EAC781225457

Total of 0 tasks calculated error.
