Total of 100 tasks calculated correctly, accuracy 100.00% 
9942850942 16807 32645 2B1BFFE661F37C63AD2EFC20EF7029418879756266882B10A4A67A41E5A875F9
9947182251 54201 41920 D53A35FE982AED5388C5483E8E92D36B91C9C5FD02897AFD5BF2AFB25B189518
9939774079 37259 43294 A02FA11158B3B1BC588AF002D6C9CFD6A8C4BBA34077F4E5C114385870A7845B
9938180307 65517 63165 6866EB427DC5C102B7F161F16C4390777C4DCF7B87A97605A1C58311E9A9AD93
9942637249 24107 47 7AC4489CDFC78B1B9523F129EA3748456B6C09A2AD89C0D92D953F4FFBB881F5
9937226954 28032 5695 7C20F6CF1A09EEE4F40FE6F70B0F070213E4AE0B9599CF6348B0EAC781225457
9939008689 52067 57369 CC2B3E159D5D7D4EF51941B55B64586EE8AFA9B14DF854D7D2F5E30F5619AEB8
9936910987 58196 10778 7C20F6CF1A09EEE4F40FE6F70B0F070213E4AE0B9599CF6348B0EAC781225457
9948032215 2622 55928 7C20F6CF1A09EEE4F40FE6F70B0F070213E4AE0B9599CF6348B0EAC781225457
9945673516 47355 8974 A40A6D611119B668C8E7D56255F4E369745C53DAF4870C854467917E3ADEF42B
9943057156 10914 20617 7C20F6CF1A09EEE4F40FE6F70B0F070213E4AE0B9599CF6348B0EAC781225457
9944027191 36557 58402 DF14F6CFD921F06ACEBDCA071CBDDF72BBEF0053285935613259D7AA3434EF57
9942034436 26899 29443 9DFFFDDD93B3FB94D70B158CA8824650EA03F773084F78862B63E28A008B2238
9936747465 17227 45282 60374B29CEDDD1337C2BFEB4F1B11A711929776F46F547405F88FCEB0F9E58C9
9948197688 12492 23285 7C20F6CF1A09EEE4F40FE6F70B0F070213E4AE0B9599CF6348B0EAC781225457
9938498209 29598 28500 7C20F6CF1A09EEE4F40FE6F70B0F070213E4AE0B9599CF6348B0EAC781225457
9938512408 3667 49689 28013CB6D9CC1C9EBE83D80CC7F807C4CA480B14B9625E77BF9EE4E776B12D1C
9937607460 57206 12917 7C20F6CF1A09EEE4F40FE6F70B0F070213E4AE0B9599CF6348B0EAC781225457
9944084597 43450 33779 7C20F6CF1A09EEE4F40FE6F70B0F070213E4AE0B9599CF6348B0EAC781225457
9946906556 26847 52114 5355335B0B8FCB627F245CFFD24FD759B6FF5C922A5E0077C65AD4056987D7F7
9941444449 42815 972 6B27086E7B78678988DC3A15B280A65BC25162C81A5B5FB89FC56ED0F565FE01
9943622650 63599 60621 4D2249A324ED836F63CD8C99CA002F0878D8524A910364854C72F76A1BA62EB6
9943505532 469 38345 7DBA8CC6EE1EC6878292E825F9DB85BCB84960F185E2C3C823ED3D015D8C7415
9938958243 47499 15444 BF7E6A05286349502538E85606E4B48C4AA2D4351733EDA1551F53360C461958
9937016069 50550 18629 7C20F6CF1A09EEE4F40FE6F70B0F070213E4AE0B9599CF6348B0EAC781225457
9939315311 32478 53906 7C20F6CF1A09EEE4F40FE6F70B0F070213E4AE0B9599CF6348B0EAC781225457
9939888626 59908 65118 7C20F6CF1A09EEE4F40FE6F70B0F070213E4AE0B9599CF6348B0EAC781225457
9938401037 24159 49000 B1F9ECC4D7ACC9505CFFDADF09106BF166048C76E5B0C9578E6DDB8C749FA17A
9947814922 50840 36343 7C20F6CF1A09EEE4F40FE6F70B0F070213E4AE0B9599CF6348B0EAC781225457
9938281929 62656 34298 7C20F6CF1A09EEE4F40FE6F70B0F070213E4AE0B9599CF6348B0EAC781225457
9943039186 13502 21317 7C20F6CF1A09EEE4F40FE6F70B0F070213E4AE0B9599CF6348B0EAC781225457
9937173997 63542 14564 7C20F6CF1A09EEE4F40FE6F70B0F070213E4AE0B9599CF6348B0EAC781225457
9941363274 37666 53895 7C20F6CF1A09EEE4F40FE6F70B0F070213E4AE0B9599CF6348B0EAC781225457
9940724084 9580 26002 7C20F6CF1A09EEE4F40FE6F70B0F070213E4AE0B9599CF6348B0EAC781225457
9940079932 24937 8026 10267CF5017EEBB521E24129FBEF76474754D248F280BDCABCC25B8BBDFC534B
9942475372 895 60965 1BCA780642B1BA3620959562F623C8E5A8A57FC08D146BE71099A62EF2C1E027
9938512523 9804 64883 7C20F6CF1A09EEE4F40FE6F70B0F070213E4AE0B9599CF6348B0EAC781225457
9947529575 6874 25016 7C20F6CF1A09EEE4F40FE6F70B0F070213E4AE0B9599CF6348B0EAC781225457
9945293164 41978 41611 7C20F6CF1A09EEE4F40FE6F70B0F070213E4AE0B9599CF6348B0EAC781225457
9946147872 35068 44756 7C20F6CF1A09EEE4F40FE6F70B0F070213E4AE0B9599CF6348B0EAC781225457
9947262779 18983 5457 EA1A94991F90925B2B568B6E49D6A59AB25E7DC5EF38F16DCBE108B53F69031F
9940446598 38483 18857 D884ABA9F4C3DE359F9DB6F25466EDDA98453ACD786EB71E4B4C113D73386B09
9948058730 38544 61326 7C20F6CF1A09EEE4F40FE6F70B0F070213E4AE0B9599CF6348B0EAC781225457
9941110308 1213 2773 9166D274F76F6E1D8A09F0AB4017050D2889CB5B8B14AF36BFC51F6A987D866D
9941002301 61405 54225 FC8A537011D5463AA3E1BACF6FE394F3D20F315CF889614A5CD56B438E0B3C9D
9944249059 47276 47393 7C20F6CF1A09EEE4F40FE6F70B0F070213E4AE0B9599CF6348B0EAC781225457
9938553140 52017 35148 8A76114A58A7C0C1B5ACEC0533082C2A6CDB32A04AD74F41DBDB957FDEBF4EC3
9938784057 37354 32713 7C20F6CF1A09EEE4F40FE6F70B0F070213E4AE0B9599CF6348B0EAC781225457
9947280588 57645 38538 4A5B50418B68E150D2E5F29E6F0F025217B0C895C3C3944D9227EBE985B291B3
9938870703 10478 2069 7C20F6CF1A09EEE4F40FE6F70B0F070213E4AE0B9599CF6348B0EAC781225457
9938087898 58180 64786 7C20F6CF1A09EEE4F40FE6F70B0F070213E4AE0B9599CF6348B0EAC781225457
9944170283 44816 23464 7C20F6CF1A09EEE4F40FE6F70B0F070213E4AE0B9599CF6348B0EAC781225457
9943834490 49047 21491 D54FA794685EAD9EE2C7CD10ADC459DD42F0F46D742601CC5CBBECFAC69B6C76
9944554954 2874 48612 7C20F6CF1A09EEE4F40FE6F70B0F070213E4AE0B9599CF6348B0EAC781225457
9945749895 9921 27412 1A3C2F59AA8B62516EA3F6FBB1DCA785E2430760187F2D1DD040171BCF3401D6
9944520355 31396 31951 7C20F6CF1A09EEE4F40FE6F70B0F070213E4AE0B9599CF6348B0EAC781225457
9943883389 40058 61603 7C20F6CF1A09EEE4F40FE6F70B0F070213E4AE0B9599CF6348B0EAC781225457
9937243573 22348 44402 7C20F6CF1A09EEE4F40FE6F70B0F070213E4AE0B9599CF6348B0EAC781225457
9943034620 41838 55829 7C20F6CF1A09EEE4F40FE6F70B0F070213E4AE0B9599CF6348B0EAC781225457
9947107105 9986 51935 7C20F6CF1A09EEE4F40FE6F70B0F070213E4AE0B9599CF6348B0EAC781225457
9937054538 38467 56412 3DD19B8DDE2E0D9741D07E87B952282440F70BE0B842BCA4AC330786CCEDCEF9
9942642436 5946 6927 7C20F6CF1A09EEE4F40FE6F70B0F070213E4AE0B9599CF6348B0EAC781225457
9937253587 47424 17268 7C20F6CF1A09EEE4F40FE6F70B0F070213E4AE0B9599CF6348B0EAC781225457
9944607678 27144 38743 7C20F6CF1A09EEE4F40FE6F70B0F070213E4AE0B9599CF6348B0EAC781225457
9940160486 28088 42814 7C20F6CF1A09EEE4F40FE6F70B0F070213E4AE0B9599CF6348B0EAC781225457
9937186695 60217 65504 1C5D5AF8D52AC1267EF37EC3247ECF92964C552FEC4047D1B06750E1201D98CF
9939787543 10214 18785 7C20F6CF1A09EEE4F40FE6F70B0F070213E4AE0B9599CF6348B0EAC781225457
9941493346 41852 24575 7C20F6CF1A09EEE4F40FE6F70B0F070213E4AE0B9599CF6348B0EAC781225457
9944801904 28109 6692 796049A3002FE951EE0F9EE0D9E65C793466CDC3A61ED4259B14E7EBBC359E8E
9944385905 25033 8900 6B728F2DD002C0C42845B9AE08BC553815678DC61BC1B201E1C5EE49B425DC77
9939230204 38393 56431 65DC852F9DE3E877458231BD910FF03E262C8AF9320E5ED104C49C973725928B
9943484750 15765 23197 699DEA0C40BCF6A21EE6A0C8833F75EFEAAD250A92B6105FBEDA6BDAE0A58E34
9945241140 17560 31771 7C20F6CF1A09EEE4F40FE6F70B0F070213E4AE0B9599CF6348B0EAC781225457
9938994848 64704 22144 7C20F6CF1A09EEE4F40FE6F70B0F070213E4AE0B9599CF6348B0EAC781225457
9940434385 36888 30255 7C20F6CF1A09EEE4F40FE6F70B0F070213E4AE0B9599CF6348B0EAC781225457
9941778860 22151 4902 360A94B5AE2FFE55ACE41C300202D25FDFEA016FAC5A648AF324778D51516F89
9947399437 41308 24743 7C20F6CF1A09EEE4F40FE6F70B0F070213E4AE0B9599CF6348B0EAC781225457
9944738329 5557 250 8BA289B086C160E57A45D0237BB5F52A59FD090E08D58559EE9F53DF0E6077E2
9947327077 32600 10868 7C20F6CF1A09EEE4F40FE6F70B0F070213E4AE0B9599CF6348B0EAC781225457
9938349357 43728 6658 7C20F6CF1A09EEE4F40FE6F70B0F070213E4AE0B9599CF6348B0EAC781225457
9936918427 50495 10626 410580F2DF88FC609D6F7B5BA402A72A4389068E917B0667EF41F9A24248C594
9941023956 51038 14972 7C20F6CF1A09EEE4F40FE6F70B0F070213E4AE0B9599CF6348B0EAC781225457
9941706355 29191 65387 9D18482CAAA5AF996AB07C120C5E0E1773FEC6956BF79E986A79915F383AEB15
9947090119 56982 40889 7C20F6CF1A09EEE4F40FE6F70B0F070213E4AE0B9599CF6348B0EAC781225457
9941286857 50969 50087 32BAA2D09C639CED849A515A08F8021A2E90501A7D0A9749245BBD15242EC851
9939412697 61169 11441 DA29CED8DED936102EC21B2EB971A6EFAAFD6B60ABE5ABAA7CD3A9EF908EEB78
9937427402 45735 40289 3C4312A4D36C47E8D9494CD517B534A12EE78448A62313F5B401268930B6C5DB
9943647209 52706 51809 7C20F6CF1A09EEE4F40FE6F70B0F070213E4AE0B9599CF6348B0EAC781225457
9939251770 43354 40706 7C20F6CF1A09EEE4F40FE6F70B0F070213E4AE0B9599CF6348B0EAC781225457
9941957101 60245 9970 33F97B948E468DEEAA0E2CB5B377599C2883E8CD538863A7DB6DE50CD014597F
9943137008 56298 52654 7C20F6CF1A09EEE4F40FE6F70B0F070213E4AE0B9599CF6348B0EAC781225457
9939544509 61990 49258 7C20F6CF1A09EEE4F40FE6F70B0F070213E4AE0B9599CF6348B0EAC781225457
9940512031 43282 21555 7C20F6CF1A09EEE4F40FE6F70B0F070213E4AE0B9599CF6348B0EAC781225457
9940139922 52255 57582 6CF7508A9D67E08D351A314D7FBC3603798CA1BF31E7B50C2EA695620B43D05D
9946131333 15463 6570 EAB02CCD0AE01C68672CDA1B8B5A4D5B47E5FCA1C37E065322E1F0C8478BA288
9946286578 16210 30330 7C20F6CF1A09EEE4F40FE6F70B0F070213E4AE0B9599CF6348B0EAC781225457
9948059932 64548 29150 7C20F6CF1A09EEE4F40FE6F70B0F070213E4AE0B9599CF6348B0EAC781225457
9943769529 11806 12450 7C20F6CF1A09EEE4F40FE6F70B0F070213E4AE0B9599CF6348B0EAC781225457
9940678097 46534 55624 7C20F6CF1A09EEE4F40FE6F70B0F070213E4AE0B9599CF6348B0EAC781225457
9937882059 41422 25682 7C20F6CF1A09EEE4F40FE6F70B0F070213E4AE0B9599CF6348B0EAC781225457

Total of 0 tasks calculated error.
