Total of 100 tasks calculated correctly, accuracy 100.00% 
9974620966 45112 5652 7C20F6CF1A09EEE4F40FE6F70B0F070213E4AE0B9599CF6348B0EAC781225457
9979526343 34675 8018 0524C3B9B7BA08F28E7F25E675965D0E29CF9B35AF3341948D9784847BF3245F
9977538157 19189 53728 7C96E29F636FD56635A4911299300A5E504FEDAC916949D9E4A5A1E0CB48242F
9981530694 13435 34737 A3D1E27B05925FAF3A22D970DECB9B5907AE9BD9172783511AC4280FC336141F
9978934297 45300 36649 7C20F6CF1A09EEE4F40FE6F70B0F070213E4AE0B9599CF6348B0EAC781225457
9984019960 2594 20170 7C20F6CF1A09EEE4F40FE6F70B0F070213E4AE0B9599CF6348B0EAC781225457
9973354131 14103 9623 3005D99F83BF00C687E639B3105537D664F7430C62960B2C808141CA71C0CD29
9982273720 40838 57641 7C20F6CF1A09EEE4F40FE6F70B0F070213E4AE0B9599CF6348B0EAC781225457
9978545145 47681 14226 B14B742B201D6C2158E4581FC468E21BDAE649DC209A6FBB769997173A7BF1CF
9973450429 26401 52496 2D02DDDB5FE236D4349604A70253C429938A776052898CE89214AFFC3018A35E
9981070435 57981 39079 E39CCF0F7F9C1D10B8479D069A1DDC2B078371CE39AF910F7D7141632A8D48E3
9984322523 27719 19249 133CD078D1807EF07CA07F2FA8FEA7830A3D8A73513C6A7EADA64DF9F3C9AEFB
9972702315 42112 44456 7C20F6CF1A09EEE4F40FE6F70B0F070213E4AE0B9599CF6348B0EAC781225457
9981708954 11742 24935 7C20F6CF1A09EEE4F40FE6F70B0F070213E4AE0B9599CF6348B0EAC781225457
9981374690 17286 62415 7C20F6CF1A09EEE4F40FE6F70B0F070213E4AE0B9599CF6348B0EAC781225457
9973399056 12177 39957 9EEE3D938DB3572BAC9B91642DD8148E3F390412B281AEA82FFB1B8A5B3B2400
9977535863 50255 3981 5D72FC3AF11E03643E68F7D02DF43DCE5504A816532D0EFFA8BBB15E90BA24A5
9981463381 62067 2861 601B74099445358B46314FC05E4A899618872CCF00C99A20D717BC56233FC069
9981222483 1345 14362 287A633C035DEA206260A57A02C2EAAA63803A2D1F65DA6C09958379C4D41D42
9976330829 58014 26992 7C20F6CF1A09EEE4F40FE6F70B0F070213E4AE0B9599CF6348B0EAC781225457
9979035780 19555 10845 8E518FB9C65322BDA8CFB244703EDBEB23A5655998EB1B105DD367B15812CD7C
9973817409 52920 5866 7C20F6CF1A09EEE4F40FE6F70B0F070213E4AE0B9599CF6348B0EAC781225457
9982135831 11220 27029 7C20F6CF1A09EEE4F40FE6F70B0F070213E4AE0B9599CF6348B0EAC781225457
9977035716 39949 23109 65DFBBBD12D963308048C7D394900B61DEE054A8EC4DCD0976D69237A2B36727
9983316566 61180 40133 7C20F6CF1A09EEE4F40FE6F70B0F070213E4AE0B9599CF6348B0EAC781225457
9972748917 64078 53312 7C20F6CF1A09EEE4F40FE6F70B0F070213E4AE0B9599CF6348B0EAC781225457
9974809719 15028 33605 7C20F6CF1A09EEE4F40FE6F70B0F070213E4AE0B9599CF6348B0EAC781225457
9980708874 47493 31894 9BC20D5EAE5D87B67F75714E46EA2A9F120FAB87E7201759C5BAA48DDA408461
9973890576 51768 14187 7C20F6CF1A09EEE4F40FE6F70B0F070213E4AE0B9599CF6348B0EAC781225457
9983623474 12568 48346 7C20F6CF1A09EEE4F40FE6F70B0F070213E4AE0B9599CF6348B0EAC781225457
9973427548 59708 3727 7C20F6CF1A09EEE4F40FE6F70B0F070213E4AE0B9599CF6348B0EAC781225457
9982221254 8597 63909 64DF4C8BEB56ECDBA2E46F9BBDB005AFB319BFC1631EA8E265A8ECDAAF4D4C9D
9983912886 59806 20929 7C20F6CF1A09EEE4F40FE6F70B0F070213E4AE0B9599CF6348B0EAC781225457
9980041497 49246 6303 7C20F6CF1A09EEE4F40FE6F70B0F070213E4AE0B9599CF6348B0EAC781225457
9978124038 43275 14126 A79EADC277D14A303BFDD2C9A736B47DDB4C02851ADC9112C630EDDDE36DB0D7
9976841467 8439 26816 A06028A9A2296D80F3A17C4405379FFE002AD994A1822E11AC3B6B2F349BB61F
9980399899 30568 41899 7C20F6CF1A09EEE4F40FE6F70B0F070213E4AE0B9599CF6348B0EAC781225457
9982646849 41614 57824 7C20F6CF1A09EEE4F40FE6F70B0F070213E4AE0B9599CF6348B0EAC781225457
9975362105 49921 43509 48945677079CBD60A73C5AB3EB4A6E75DAF8D848EEDE69218810D57449A5982D
9984241651 29920 46439 7C20F6CF1A09EEE4F40FE6F70B0F070213E4AE0B9599CF6348B0EAC781225457
9981045170 51494 23168 7C20F6CF1A09EEE4F40FE6F70B0F070213E4AE0B9599CF6348B0EAC781225457
9973036706 10529 54200 ED3084D02F5604E33F505E2FEEF97E73533A69C8ABBD594C221483493E0E6C20
9980256923 12759 44687 90A0EF202FBC268DD204495C42256F58F59C3D96F9FA4A38FEEE82CF46691102
9974385218 49367 32262 866E89648AF23AF33E6D3C3BD9024115F46B22E9399CC3BEC2AE2901F044BAF9
9982525667 6306 43648 7C20F6CF1A09EEE4F40FE6F70B0F070213E4AE0B9599CF6348B0EAC781225457
9981495837 476 61764 7C20F6CF1A09EEE4F40FE6F70B0F070213E4AE0B9599CF6348B0EAC781225457
9984219307 61223 64475 80FFB3ADA7FC585B9B0DFBE6890DC270CDA13F7A04CC56B7B80FB71DB7101C03
9981901567 22322 7160 7C20F6CF1A09EEE4F40FE6F70B0F070213E4AE0B9599CF6348B0EAC781225457
9981569421 5077 50535 D27C8DF78B332B8B0B8D4A02EA9330A62FB7C2DD43BCD717FA38336205F77BD1
9978625050 55222 61623 7C20F6CF1A09EEE4F40FE6F70B0F070213E4AE0B9599CF6348B0EAC781225457
9983324160 12151 2901 8F3D121B6F82B71BF0D2386F2D33A9CAD764543CFC5CC126DCC8A018C3446028
9980031306 34383 34541 EB25290342CF3615347D466E0528A75B39D27145C8D161C8C95DF5D95AC99EB1
9979174020 61976 5581 7C20F6CF1A09EEE4F40FE6F70B0F070213E4AE0B9599CF6348B0EAC781225457
9980946121 64224 3207 7C20F6CF1A09EEE4F40FE6F70B0F070213E4AE0B9599CF6348B0EAC781225457
9979034383 231 57897 76E668857602083F9FF808BF41A54850395AA229616FA7BC9382B1E41828A827
9981264222 22677 61705 E0DBF846B427B9561D77B758B428D7F7AE460BD3091B475A609FFF90874714C6
9977809340 18375 7064 6730EFC4FA8E134B03077E30F7E2871A9DC689EF213516B9188AAA2B7AB8C104
9984226075 15289 62191 CE1E084D6A8EB537DE92FB912D6588CD6943E8BC173B2753E896A160E34D5BBF
9974291359 60667 43807 0A6220119544EA28A59B083D8D6B18036C99285C26A278DBFAA2B8ADCB406505
9979318560 38340 4653 7C20F6CF1A09EEE4F40FE6F70B0F070213E4AE0B9599CF6348B0EAC781225457
9977509997 12956 52637 7C20F6CF1A09EEE4F40FE6F70B0F070213E4AE0B9599CF6348B0EAC781225457
9978587600 26305 14893 38C37A6CAA2EBBCFE3C2DE657243303224ED9D0AC32A2C92322B8BE8AF58492E
9982028339 54835 4325 A45A01DFEB151F5D805823B4BF7F71CE5A10FE5D8A7C6081C1053FF309B78B6F
9980981726 45000 10421 7C20F6CF1A09EEE4F40FE6F70B0F070213E4AE0B9599CF6348B0EAC781225457
9979275313 47453 61047 FC564AA34FEB2F265B6DB0658496D914A9A50C3D165F776801682388F13A5525
9975327546 17033 23467 F1F03BBB903AF0168EBA77CC268E94EED75330E9C79D65BD00387E38F53F9608
9978891256 20372 64849 7C20F6CF1A09EEE4F40FE6F70B0F070213E4AE0B9599CF6348B0EAC781225457
9975675489 44349 28026 42A093B82049EA3D16B7A4032FC9332678F621CA0B29E7EC2B0F09CE436D70C5
9973081072 38870 15220 7C20F6CF1A09EEE4F40FE6F70B0F070213E4AE0B9599CF6348B0EAC781225457
9976608183 29117 40436 CD190F0CADA4499BFF4A9AB0F5AE303A2834A5AD2915E140CC5C972CA0EBAFCF
9976093739 37715 34371 B354A8B5782E2A9E240D5F809E1D2B3645EB6E50399A8C7001AC32FD8E66067A
9976886950 36395 37069 BDCCE3DD5F23F3CA1E0E1FE0BE3BAF991C2FFD0419AC2A12960CBDF284C683FE
9983342202 13524 1557 7C20F6CF1A09EEE4F40FE6F70B0F070213E4AE0B9599CF6348B0EAC781225457
9976468256 9437 2526 EA934046BAB098D05BBA45A69792D0BABF43E6B7FFFDD7FED3EF6A072D623A0D
9977698216 36063 17725 20BE6CE8DC757F87E6BE290B9E22D6BD2D7732C579A3F45D96B0AD7644D3FAF1
9973096053 58637 48460 B08AB960706C6093AFF0B7FD373A93B5ADEA2924C7991C6912C1847FC2C660F9
9981344414 1370 14354 7C20F6CF1A09EEE4F40FE6F70B0F070213E4AE0B9599CF6348B0EAC781225457
9976710671 3948 11245 7C20F6CF1A09EEE4F40FE6F70B0F070213E4AE0B9599CF6348B0EAC781225457
9979036389 24850 53279 7C20F6CF1A09EEE4F40FE6F70B0F070213E4AE0B9599CF6348B0EAC781225457
9981137113 60428 62255 7C20F6CF1A09EEE4F40FE6F70B0F070213E4AE0B9599CF6348B0EAC781225457
9979854724 28415 35199 CBFE897E358F043406E66A62082BABDD688EC96221BA20A48FFE59DA40CCE310
9983474833 30329 28386 56A417BB0227D71BBD859E7DFF7E3CD28C8A9753D1F57B8C0415C6FC0981DB8E
9981930569 54917 24043 9A1C2245C5CCD13D565FCAE8D51587A6838C33E4974096465077DFA6F404A720
9978436007 2578 35266 7C20F6CF1A09EEE4F40FE6F70B0F070213E4AE0B9599CF6348B0EAC781225457
9978795341 15876 38163 7C20F6CF1A09EEE4F40FE6F70B0F070213E4AE0B9599CF6348B0EAC781225457
9975881344 19493 15318 0FAED54C9EBD4248C8FC5EBA5EE712A1BA3A73A3D111F0705E04BCEF049D0F00
9973591733 34561 38090 8E9D1F637413D3EB00E8987804F37B67ACE554CD749CA066111B87AAD7FC69DB
9974988170 18147 46653 50F1FB19C624A5F2E16B45D9CFFA2B4BF74BF32152F8C6A83AFBE9FA3044EA54
9983218422 46632 44345 7C20F6CF1A09EEE4F40FE6F70B0F070213E4AE0B9599CF6348B0EAC781225457
9980852163 33154 49432 7C20F6CF1A09EEE4F40FE6F70B0F070213E4AE0B9599CF6348B0EAC781225457
9980332729 44270 6897 7C20F6CF1A09EEE4F40FE6F70B0F070213E4AE0B9599CF6348B0EAC781225457
9984171219 45459 7636 21162409E7EEE98ED02DE992D83F280C6C29454B71DA245977A1EB8A7DDB64D4
9977723132 60385 43161 0E097EFC1E43F8EF60DBF2379F8B5B6DFA183B19A980A610418FD8B4D02D4C18
9977777696 33667 5126 A315D1E698DC15C0B2AC3726BE299B9D03AB2DCD440DE4F732CF8A1F3ABA1E42
9984076305 41258 9138 7C20F6CF1A09EEE4F40FE6F70B0F070213E4AE0B9599CF6348B0EAC781225457
9983708696 1320 17113 7C20F6CF1A09EEE4F40FE6F70B0F070213E4AE0B9599CF6348B0EAC781225457
9972980584 63317 19326 8D3B4D17A844BB36D292D0BCBA3E211D80FB4FFE9AD27851B9C40034DFF0D128
9980248060 34134 21879 7C20F6CF1A09EEE4F40FE6F70B0F070213E4AE0B9599CF6348B0EAC781225457
9978699894 2665 20650 01DCC5507681059590DAC8B754D31B8A18D5F86332A5734F570E1CC50EC678CD
9972973112 32252 35789 7C20F6CF1A09EEE4F40FE6F70B0F070213E4AE0B9599CF6348B0EAC781225457

Total of 0 tasks calculated error.
