Total of 100 tasks calculated correctly, accuracy 100.00% 
9990015693 10186 17836 7C20F6CF1A09EEE4F40FE6F70B0F070213E4AE0B9599CF6348B0EAC781225457
9989807773 6177 24005 65718E350414DD7A53D3C13A98D1A8995E400A6AFC2D28DA6420DBDC0F440E93
9991138916 1487 50966 1C50DF4E57920D053B7220031EF38DDD5BF66D96B4B5C8B9943D0A0D8F043959
9987461397 46054 36940 7C20F6CF1A09EEE4F40FE6F70B0F070213E4AE0B9599CF6348B0EAC781225457
9992001771 47126 35372 7C20F6CF1A09EEE4F40FE6F70B0F070213E4AE0B9599CF6348B0EAC781225457
9994625588 42327 47892 ED4F375ABF10810D8341D4D0675A01C9FC0DFA6A0194325547364DDAAC37D1CE
9987094799 38197 53826 5278B9BBD6B4763AFB0C13FD70203FACB558155959D732FC1D0B1008FEAF6854
9994883341 42255 3223 A8559654B97CB8D3FC858ED537B8B4615B30AA2EC535541D3D4CE2519546D604
9995965658 40547 52713 804F5C34C5EA2251342B4DFB14852B8FC6EDA674DDB94BF7E9F5E5CA6F765DFA
9989245930 47381 44191 BCF960BC350029E7D225C6335B45E2CC4155BD86B06C7FD0D5FCBF88EAAC7137
9991425382 38539 65070 5F0D4E583245439B1444C78E98A70ABA23A8CD65BBC1C6FD711BA3EA86E8CF6A
9987614355 43896 45338 7C20F6CF1A09EEE4F40FE6F70B0F070213E4AE0B9599CF6348B0EAC781225457
9986209587 55967 21031 EE7285CA887A35A58E0268510080A1B1F9D995253935953BB532F56B75915AE1
9992265976 49694 6328 7C20F6CF1A09EEE4F40FE6F70B0F070213E4AE0B9599CF6348B0EAC781225457
9991928660 11184 1080 7C20F6CF1A09EEE4F40FE6F70B0F070213E4AE0B9599CF6348B0EAC781225457
9993286836 31466 19225 7C20F6CF1A09EEE4F40FE6F70B0F070213E4AE0B9599CF6348B0EAC781225457
9993342659 31591 5217 9D0D47E8F23027D1DF7A8BB8FCED7E501E422306514C260885D1EF51D58B41F5
9989283671 30040 27569 7C20F6CF1A09EEE4F40FE6F70B0F070213E4AE0B9599CF6348B0EAC781225457
9985179756 6446 11427 7C20F6CF1A09EEE4F40FE6F70B0F070213E4AE0B9599CF6348B0EAC781225457
9987587341 33875 23284 803F2C6E2A3CBEE92BB7A6D137F556585F8C581A1F467DAF5AB2524DDD91D1C2
9986056845 12480 47740 7C20F6CF1A09EEE4F40FE6F70B0F070213E4AE0B9599CF6348B0EAC781225457
9986026752 30517 46815 EAE75CB072B68D070004D5D8AC11E7676CDE039D33D3766D24043DBD49094786
9990172732 52243 56587 349CF47ACB82CD98D94E82B121C1296B39EAB92F7BAF3A45134A2D3D873BA061
9986476261 58483 9333 8F237215149B0078FF6FAE9C024C14E1548AB867B7C10526BC1B6D35F806812E
9987546454 1380 28255 7C20F6CF1A09EEE4F40FE6F70B0F070213E4AE0B9599CF6348B0EAC781225457
9985910045 20475 37111 0BF99FB1693910951F7FA255187E7DA80C2215583B66C817040124DD1DD526ED
9991245841 50622 5424 7C20F6CF1A09EEE4F40FE6F70B0F070213E4AE0B9599CF6348B0EAC781225457
9988495667 64498 43013 7C20F6CF1A09EEE4F40FE6F70B0F070213E4AE0B9599CF6348B0EAC781225457
9991908095 22334 48833 7C20F6CF1A09EEE4F40FE6F70B0F070213E4AE0B9599CF6348B0EAC781225457
9988047230 59400 60313 7C20F6CF1A09EEE4F40FE6F70B0F070213E4AE0B9599CF6348B0EAC781225457
9986945528 27168 35833 7C20F6CF1A09EEE4F40FE6F70B0F070213E4AE0B9599CF6348B0EAC781225457
9989809234 6368 43597 7C20F6CF1A09EEE4F40FE6F70B0F070213E4AE0B9599CF6348B0EAC781225457
9989772135 61204 63536 7C20F6CF1A09EEE4F40FE6F70B0F070213E4AE0B9599CF6348B0EAC781225457
9991454373 18650 53894 7C20F6CF1A09EEE4F40FE6F70B0F070213E4AE0B9599CF6348B0EAC781225457
9986934025 944 21780 7C20F6CF1A09EEE4F40FE6F70B0F070213E4AE0B9599CF6348B0EAC781225457
9984993576 58090 48493 7C20F6CF1A09EEE4F40FE6F70B0F070213E4AE0B9599CF6348B0EAC781225457
9987710068 4675 50176 8F702B75E0E635FC131BAB1CAAFDAD00A4DD4DEDE3F6171F4D913DE5C0781AE6
9994444351 62645 44498 DBAE7567102370E0651F9E72AFC9F27EC477BF36F886E60C7B8AF425AE1AB1EF
9990700519 20324 16820 7C20F6CF1A09EEE4F40FE6F70B0F070213E4AE0B9599CF6348B0EAC781225457
9986557666 51994 38623 7C20F6CF1A09EEE4F40FE6F70B0F070213E4AE0B9599CF6348B0EAC781225457
9991608429 24962 42255 7C20F6CF1A09EEE4F40FE6F70B0F070213E4AE0B9599CF6348B0EAC781225457
9985503443 65308 49089 7C20F6CF1A09EEE4F40FE6F70B0F070213E4AE0B9599CF6348B0EAC781225457
9985764664 58099 24273 5B24E2813F9333BEE922474CFCCC181DBD93AB5FC40882F6B4AF567855867417
9986725536 46288 3635 7C20F6CF1A09EEE4F40FE6F70B0F070213E4AE0B9599CF6348B0EAC781225457
9989646014 3347 18418 60A741ED9BFC471840C4F68614AF6D57DC664E295BC666647F00C0F86C1C1A0E
9987134535 14751 10109 704772DBE20620D03A8C3B5D961EE2E0B35F6C17DD3281A5DC65B0EEC717007A
9994115749 1167 21179 CA3F5CFBDA5431F526066EE1CD4B318893E6D608C386DC6CC4975879A9F4C277
9987329145 65308 20264 7C20F6CF1A09EEE4F40FE6F70B0F070213E4AE0B9599CF6348B0EAC781225457
9994533475 37195 60769 A70AAE86C15B7851B359EC00B82A3C5BBE7E38E5840FB89C9F4FEE321EE0C238
9994636437 4238 35687 7C20F6CF1A09EEE4F40FE6F70B0F070213E4AE0B9599CF6348B0EAC781225457
9993920289 65259 9865 3B127FFF6063F325F97E3998B67CBCD90AA01819BA1D6499266CED0D7E35490B
9984598645 10635 1728 31B7DE56A71E6DB15F3F545B4A59DCEB38B763EE00DB2D0AD2EC740BEA807D63
9988616008 36542 39133 7C20F6CF1A09EEE4F40FE6F70B0F070213E4AE0B9599CF6348B0EAC781225457
9992904197 58703 16815 6C541A151450CDE7AE613B6E08932F59FF9AEF6F93D2DC155F2A861269F13E53
9990172904 46116 56719 7C20F6CF1A09EEE4F40FE6F70B0F070213E4AE0B9599CF6348B0EAC781225457
9985434052 27861 7236 0887FEA730F91E2F90191C093D97664B36ECB629498A925115068CA197282641
9995485241 63829 43349 F1CE4AFC9942099B63E9EBAC5557761A8A7984B6EB0AE1AE1756D495FBE33339
9984490070 57388 373 7C20F6CF1A09EEE4F40FE6F70B0F070213E4AE0B9599CF6348B0EAC781225457
9991531926 10595 15735 DCBCAAB84DD9E86215B0C63E0FF5E8B663A1FA434F619C1F8C2AF27719B8FCA7
9985719852 31248 22030 7C20F6CF1A09EEE4F40FE6F70B0F070213E4AE0B9599CF6348B0EAC781225457
9990386032 42901 65033 E10E73FDAB4C59AFD3B5A28C5B3E383A0BEDCF0AC8ABE724AFDFFFF52579CF6E
9987857102 27444 58531 7C20F6CF1A09EEE4F40FE6F70B0F070213E4AE0B9599CF6348B0EAC781225457
9989770313 42038 26675 7C20F6CF1A09EEE4F40FE6F70B0F070213E4AE0B9599CF6348B0EAC781225457
9993106192 55189 53035 90D7EEE69548556BC1710B2E9D0B48E5A44564E5BAA36F86E441BB31A12CC091
9988862342 42176 9978 7C20F6CF1A09EEE4F40FE6F70B0F070213E4AE0B9599CF6348B0EAC781225457
9985901761 24689 36941 510F4A855B043A7B740C6B71DB3D32DD96FFF4DB720502A5C4CD19206B7E043A
9986203142 53627 12680 065E377712B8C4803FC6472CED5F211447976526EF64AF4EC491A0B5DDFBFD39
9985511474 17435 25509 D71094C9F67A512C9A0C4BB7DF71103333A696CF08619F7B1BA8EE61C8F12903
9984839387 46877 31908 FE162955BE33DD42652EFF21CA0703C6E440B6EDA776C83A25F901E05B978731
9995051625 45665 65163 7EF8075B006A70EDA5530938D2AC60654BF03D2A90FF3A4453CE7CCC5FC8014C
9992842200 61397 48862 95ABE8735FEA3C1028C9F651F764471A40826B5E761253965B06A8B12BCFC6CB
9987070887 35100 19886 7C20F6CF1A09EEE4F40FE6F70B0F070213E4AE0B9599CF6348B0EAC781225457
9984747854 8085 3485 818652D077A74EB8DEFEE8562D9A7008785FEE4A31261BE587C843F39413A775
9994910852 48533 49366 652322826E408A1FECB100A6E6E1D2FEE4FF7874ECF92A6354BBD6798E47FAD8
9993926724 31306 61638 7C20F6CF1A09EEE4F40FE6F70B0F070213E4AE0B9599CF6348B0EAC781225457
9993800183 42092 56617 7C20F6CF1A09EEE4F40FE6F70B0F070213E4AE0B9599CF6348B0EAC781225457
9994857743 60411 34486 DC88F05C6A133BF25573F64ADA7C46C1BD5FF5EB211EC8DE5461EB4B2DFB75CB
9985705530 41238 22382 7C20F6CF1A09EEE4F40FE6F70B0F070213E4AE0B9599CF6348B0EAC781225457
9994646829 5631 46632 0E30E9E8B3F5D403A02C2770A6D8E2C5AFC0233623FF4743DFBCC7E0C117B8A7
9990110369 11231 24581 E1227DEF6FD7DD10F4AF42DFF6C9601BBC3FC0ECE2339C1D8A2F13E026E02C7D
9990313639 52216 58777 7C20F6CF1A09EEE4F40FE6F70B0F070213E4AE0B9599CF6348B0EAC781225457
9988393005 8164 65465 7C20F6CF1A09EEE4F40FE6F70B0F070213E4AE0B9599CF6348B0EAC781225457
9986779712 34895 33827 A19CBFEAECD73AAA1D20EA8DAC9D9C13C9AE6DD9C87FF42301F701778850DAE6
9996244913 5355 10318 DA69B346B840674BD3E425F4154018A2D9377C7E409BB1AB2AB515698851D540
9984488869 20601 26614 318E114CABFB0AA9F7616827CC74D8E5CDA91D403EDD820139EC8B0CC8F66CBB
9994363070 59482 59480 7C20F6CF1A09EEE4F40FE6F70B0F070213E4AE0B9599CF6348B0EAC781225457
9992758829 41873 56441 AA70928F42AA2825849B65956CBF205E9F11D56768647A6A92AA012124928B75
9989163767 57933 7280 08B0C9D9DA97A279BB4032A86FC4B874F9F537BD3928C553A65B0CD5DA5235B6
9990912614 35880 42328 7C20F6CF1A09EEE4F40FE6F70B0F070213E4AE0B9599CF6348B0EAC781225457
9991823510 42639 37981 62F381057EE58CCAB9CD1F7B4EF3522ABEAF6E6D0D5E96AC4CC1577D7CE0ECE1
9985682030 57080 2838 7C20F6CF1A09EEE4F40FE6F70B0F070213E4AE0B9599CF6348B0EAC781225457
9984531507 1017 13293 7B31CD47875338DE2FAA009BADF54CDF217C50915B01F1ECA99EE55480721676
9995576929 23404 60788 7C20F6CF1A09EEE4F40FE6F70B0F070213E4AE0B9599CF6348B0EAC781225457
9990440863 25407 25101 C6244031F1BF32E4E30B3E53B668B17791EE94651D530083533839A08427361F
9987623417 60411 55629 662DC83AFE9F777ADAA9FF73CF7650C08EBE9E1ABC85CFEA64DF7EF06344D598
9986827326 33964 40024 7C20F6CF1A09EEE4F40FE6F70B0F070213E4AE0B9599CF6348B0EAC781225457
9986081062 63566 57930 7C20F6CF1A09EEE4F40FE6F70B0F070213E4AE0B9599CF6348B0EAC781225457
9985630783 63966 3399 7C20F6CF1A09EEE4F40FE6F70B0F070213E4AE0B9599CF6348B0EAC781225457
9996252495 24788 45581 7C20F6CF1A09EEE4F40FE6F70B0F070213E4AE0B9599CF6348B0EAC781225457
9992295322 51008 64724 7C20F6CF1A09EEE4F40FE6F70B0F070213E4AE0B9599CF6348B0EAC781225457

Total of 0 tasks calculated error.
