Total of 100 tasks calculated correctly, accuracy 100.00% 
10025699506 53210 3750 7C20F6CF1A09EEE4F40FE6F70B0F070213E4AE0B9599CF6348B0EAC781225457
10031824475 10261 19314 97952BCC6AA9C7F6C6152A2DDE5603EB9625B7D3F12B57B196CEE1B6D5595E2B
10022663898 34117 6208 69581C4380673A88F4E44BF641F2A37B207A7D1BC7E5C755A0CECDCDA76D3BFA
10022058919 18296 13726 7C20F6CF1A09EEE4F40FE6F70B0F070213E4AE0B9599CF6348B0EAC781225457
10027511005 5391 10303 9BDEDD2EB5AC1F0580EEF90076C4E36165961473990D04C0FCBB06F9AA10423A
10031848062 43641 46902 8FAAF2277EF68B208A7E03D3B23FDFA9E2E2D27D96D00C8E458902B63D9B896B
10025830279 2564 10213 7C20F6CF1A09EEE4F40FE6F70B0F070213E4AE0B9599CF6348B0EAC781225457
10031094985 62539 31203 41C9B898263A6B45BB0574D6D84D643EBE72FBCEC94544626429EA69B92B5E76
10025201134 10521 24949 ED6C417942669820CEF20BBC23C3570163925779F1886D20AB8FF58F59D373A9
10028042146 27457 20830 B80D066D553C412730B53FC9EC2C93DE6875B9DFEF64CF899DFF100E59230624
10022169080 26800 16228 7C20F6CF1A09EEE4F40FE6F70B0F070213E4AE0B9599CF6348B0EAC781225457
10024650704 48831 3141 4292761EFD8501BCBC907618648207A0EED2D260097DB48AD0145CC85BFA54CB
10029164539 51599 39301 E8A373457D3C0343315E1627075B60384B5D56813E69A7ED5B5201F1776EC912
10027672291 9076 6032 7C20F6CF1A09EEE4F40FE6F70B0F070213E4AE0B9599CF6348B0EAC781225457
10023420036 41853 27443 1D1FA12C61F944833F7131719A171A9184A0FCDEEFAA1DF162FEFF5EBE7639BA
10020623103 36231 38352 87C3AFA5C0F2A184DFD38EDB8FD510D91903B35DDFC47B286E132132D36D190A
10026011522 2098 55999 7C20F6CF1A09EEE4F40FE6F70B0F070213E4AE0B9599CF6348B0EAC781225457
10024396494 52434 5404 7C20F6CF1A09EEE4F40FE6F70B0F070213E4AE0B9599CF6348B0EAC781225457
10027848387 60213 41213 06C54F7781E41196861FE468CDFA1EC10ADC6E526D59FC51C0DD6CC85E39925C
10021891624 65346 32334 7C20F6CF1A09EEE4F40FE6F70B0F070213E4AE0B9599CF6348B0EAC781225457
10032089683 23150 43700 7C20F6CF1A09EEE4F40FE6F70B0F070213E4AE0B9599CF6348B0EAC781225457
10031566461 25955 24627 416F739EBE1E02CD112A1C4632239F734B63B4B1DFA88D6228649C16CC39D433
10027066428 64693 64508 73FCFB8247987DE82CB6B3B436465E5E0FBFBDD426C90DB3D5F82EC28A5E9E6F
10028619153 7632 5270 7C20F6CF1A09EEE4F40FE6F70B0F070213E4AE0B9599CF6348B0EAC781225457
10024619131 60716 59784 7C20F6CF1A09EEE4F40FE6F70B0F070213E4AE0B9599CF6348B0EAC781225457
10024120840 54231 47250 DB050C7A026A14285049F585BBDB6AC40386A2CC148E7F5888B15CE8512F3830
10021759101 3759 46351 9DAA9CEABC665394189EDCB3F2D0C970367CA727A9A102979AA028D56148E91A
10026853354 28632 43526 7C20F6CF1A09EEE4F40FE6F70B0F070213E4AE0B9599CF6348B0EAC781225457
10028083625 15519 49442 B90C511F0B3625D7B83BE4E488551C420D7BB8B393CA23315570AFCB43B20303
10030377188 10803 62808 A9BAB9266E22DB799691DAEDF619629E6FEE3DBF5EBC2F52B65008904BCE607B
10029714517 58365 21980 702E44B2B4957262628D7DD4E8632F077D4C78ED553FC4A2DB61B276CFF0D03F
10027529179 9610 53725 7C20F6CF1A09EEE4F40FE6F70B0F070213E4AE0B9599CF6348B0EAC781225457
10029212436 38474 11890 7C20F6CF1A09EEE4F40FE6F70B0F070213E4AE0B9599CF6348B0EAC781225457
10021678769 13641 23957 93FFDAB7E853746A1AC2A3AB87C662D1A80EE00AE52E9048D7A8C7B4F5C5284E
10025142700 22631 1179 4D636AB49A2C7FEB76F56E05808EC038E83DF476784256CD6BB5DAF31A577C8B
10029678296 14278 60152 7C20F6CF1A09EEE4F40FE6F70B0F070213E4AE0B9599CF6348B0EAC781225457
10024957732 16497 63700 22D4481844F4C71E32F53F3CA6AF04D4160E961AA4663435314DC79F62F08919
10031879980 4424 36820 7C20F6CF1A09EEE4F40FE6F70B0F070213E4AE0B9599CF6348B0EAC781225457
10029136044 45865 47078 E759B805858D793C1D33E83839796F4A105A3365ABA48295915AF65481FE352F
10023526743 19535 2491 F531C3C08A20046423CD68C44BD70200A985A4E885FEECB6EBD3A284EC6952B8
10021034951 50403 35680 CC98B0AF42FF61F1954476ABD0ED09917CCE117D4AA64D90D7F33B780BDC29C8
10030041629 61152 33669 7C20F6CF1A09EEE4F40FE6F70B0F070213E4AE0B9599CF6348B0EAC781225457
10029874068 58863 43812 9A23B426B5BB3B18ED965BE272AF8212513ED6F2888CAF32BB939A9F8826422B
10025193671 18001 58222 9A1BB06871B540EE16CBF4846C1A52271A84550BF845DBA78702007758ECCE49
10025633664 55222 32830 7C20F6CF1A09EEE4F40FE6F70B0F070213E4AE0B9599CF6348B0EAC781225457
10030456512 46327 46896 6734184E879FE5FA5714CAE285D0105F3A8D14EEEF8E0134E7C11FE1C2EF6489
10021714774 62846 18986 7C20F6CF1A09EEE4F40FE6F70B0F070213E4AE0B9599CF6348B0EAC781225457
10026405708 22432 1345 7C20F6CF1A09EEE4F40FE6F70B0F070213E4AE0B9599CF6348B0EAC781225457
10028339238 32466 26151 7C20F6CF1A09EEE4F40FE6F70B0F070213E4AE0B9599CF6348B0EAC781225457
10030183577 23431 65102 7627D0CB8329E2181AE3D6EA5191C4DEDB3EC416AB4F5A38EC65C5FDE8F55098
10020762417 3169 30373 324FF10AEBC0A5EB32E3C47073D912434F6EADC730604351113C4380744B46B1
10028581461 55425 36102 101819BC33F13FE099D144055B29AF8F1C8E517B47AAE90F1D78E0773D6A4C29
10022158089 11785 17575 CAE8FE0534ADA3675FBB750BC70756B28601034A9CA7521487D38A81E2E738CB
10021101389 46341 62869 F1721A11E026D5A49DD6B6B361EF3FE36F39F4033D4D24AF0AF2F124D1BEC71C
10029210848 53134 41201 7C20F6CF1A09EEE4F40FE6F70B0F070213E4AE0B9599CF6348B0EAC781225457
10021009650 27356 6314 7C20F6CF1A09EEE4F40FE6F70B0F070213E4AE0B9599CF6348B0EAC781225457
10025355983 30162 30048 7C20F6CF1A09EEE4F40FE6F70B0F070213E4AE0B9599CF6348B0EAC781225457
10031346824 43080 18308 7C20F6CF1A09EEE4F40FE6F70B0F070213E4AE0B9599CF6348B0EAC781225457
10029642155 8954 40269 7C20F6CF1A09EEE4F40FE6F70B0F070213E4AE0B9599CF6348B0EAC781225457
10021433013 5113 14238 73F7342014018D337515317FBF6AFB8E537F918C48F8143AAA210875F4866EF3
10025274461 10490 13151 7C20F6CF1A09EEE4F40FE6F70B0F070213E4AE0B9599CF6348B0EAC781225457
10029431949 21610 48175 7C20F6CF1A09EEE4F40FE6F70B0F070213E4AE0B9599CF6348B0EAC781225457
10024109184 3578 25772 7C20F6CF1A09EEE4F40FE6F70B0F070213E4AE0B9599CF6348B0EAC781225457
10028854374 47363 59337 FDB5BFDEE41F64C8ECD03D09F4D5516099EA64F3F620B0E330AADA797BCDEC3A
10025896208 37911 46815 8C66C87C413EA28A91CF8F37941B99E835D6F7D0261AB984F8E6E210E9D7E7BE
10031748648 25580 38657 7C20F6CF1A09EEE4F40FE6F70B0F070213E4AE0B9599CF6348B0EAC781225457
10031926689 4959 49600 293C0AB834B86F3F256FBFEE05FD1EF34EB7EFEB5F112015F745DBD96322ECF1
10026494550 25918 49979 7C20F6CF1A09EEE4F40FE6F70B0F070213E4AE0B9599CF6348B0EAC781225457
10021081109 14942 24473 7C20F6CF1A09EEE4F40FE6F70B0F070213E4AE0B9599CF6348B0EAC781225457
10028620706 35376 5045 7C20F6CF1A09EEE4F40FE6F70B0F070213E4AE0B9599CF6348B0EAC781225457
10023750303 24931 49023 4A36AE414675BEA652EC317A7D58B0A456254D10D3C763FC48E82BAE16617388
10027373418 22567 41461 42A2AC928D5E872BDE4A21806B5671F19E1F03BAC352314C66127C4C48377891
10021335837 45958 55803 7C20F6CF1A09EEE4F40FE6F70B0F070213E4AE0B9599CF6348B0EAC781225457
10027060537 44079 31695 D0948DEBB10922A39E54699592887A5AA9859D12FA141E5DE328185BC9FF12DD
10022652823 14941 14487 8386F2DDB9D5F4BDC1639E75F2CA56F1976AE2CE0F3837472F04AF5DFAB14E48
10024696239 1347 51367 87C914E5EF0C118C35E01A2B30CAF2A6A9BDF67C13EB2B0DEC881590F7D6C213
10024974601 12174 48919 7C20F6CF1A09EEE4F40FE6F70B0F070213E4AE0B9599CF6348B0EAC781225457
10026103184 37959 30380 61A34F50235AE6CA700D10BCB0A306D6A10A7F55831F0EE5FEAFC955197D2AFB
10030306519 3615 50331 928ADF435FC50602CFEE10FB033CDF56B14DD0CB9A9AB6550F5466660B59FA79
10022363511 41311 58076 93E7E626F1FBE0AF89086FA9488CDFD0499CE0D0DE2A5F57EAC80A56400502C6
10028586268 20695 49299 28659C8B52CA119907079B4D758073484BD48B74762FDD20C69AC6180D31CA1A
10020725975 15413 58393 6302AE9357C0CFDE8E48E96EC7830456DCD3819121B45CE5AC1EBA671264253D
10029536089 62752 40411 7C20F6CF1A09EEE4F40FE6F70B0F070213E4AE0B9599CF6348B0EAC781225457
10024199876 48140 43896 7C20F6CF1A09EEE4F40FE6F70B0F070213E4AE0B9599CF6348B0EAC781225457
10022126023 64529 16454 7942F52B22F8B925C1232EAAA39CF8EE23B72C73D88499C7EF9ED0549F12D14A
10030775794 35410 11820 7C20F6CF1A09EEE4F40FE6F70B0F070213E4AE0B9599CF6348B0EAC781225457
10027526999 13281 62022 C09C5272199A04817D44C7D3901DC5320F93443C1189864F2A1D89BC40485589
10030132770 59882 59841 7C20F6CF1A09EEE4F40FE6F70B0F070213E4AE0B9599CF6348B0EAC781225457
10026146967 62666 33755 7C20F6CF1A09EEE4F40FE6F70B0F070213E4AE0B9599CF6348B0EAC781225457
10021203127 47952 21382 7C20F6CF1A09EEE4F40FE6F70B0F070213E4AE0B9599CF6348B0EAC781225457
10031339442 97 21853 A05B872777C25DF993448EBCD0E59E58043081028E38341A720B44CD1AF03BA2
10029582745 41955 44591 15AA299965FFB854767D766F8966709313D076A4E867A700E1E0A41F4D254E24
10026010659 35862 59189 7C20F6CF1A09EEE4F40FE6F70B0F070213E4AE0B9599CF6348B0EAC781225457
10023150233 28329 27357 E891D9A122324929840077A4404C2F37D85A1173E7466A98FB9F4682EA51D85C
10030570841 41398 48386 7C20F6CF1A09EEE4F40FE6F70B0F070213E4AE0B9599CF6348B0EAC781225457
10025104609 30890 9651 7C20F6CF1A09EEE4F40FE6F70B0F070213E4AE0B9599CF6348B0EAC781225457
10020965665 20479 50194 D6B6375872D218944A34F9B574A277BC545D0B2B3C93BCAFD93EE8ACAE86127B
10022008074 44248 40255 7C20F6CF1A09EEE4F40FE6F70B0F070213E4AE0B9599CF6348B0EAC781225457
10028738664 5520 61755 7C20F6CF1A09EEE4F40FE6F70B0F070213E4AE0B9599CF6348B0EAC781225457
10023869500 1020 3277 7C20F6CF1A09EEE4F40FE6F70B0F070213E4AE0B9599CF6348B0EAC781225457

Total of 0 tasks calculated error.
