Total of 100 tasks calculated correctly, accuracy 100.00% 
10060349661 47140 51088 7C20F6CF1A09EEE4F40FE6F70B0F070213E4AE0B9599CF6348B0EAC781225457
10064401276 43373 38143 EB5F3B6B04096298DA373CBCD7F1D674CCA5F4B037BAB958746C80A4DFF9FBAE
10065991412 50466 52585 7C20F6CF1A09EEE4F40FE6F70B0F070213E4AE0B9599CF6348B0EAC781225457
10058844480 1103 45442 929F86C0BE0BA821D05C42AAF90C3AA6EAC60D7F1C5A52212B5C73B225F3BA44
10061223238 55116 39179 7C20F6CF1A09EEE4F40FE6F70B0F070213E4AE0B9599CF6348B0EAC781225457
10059220761 27294 51624 7C20F6CF1A09EEE4F40FE6F70B0F070213E4AE0B9599CF6348B0EAC781225457
10059601862 1370 35427 7C20F6CF1A09EEE4F40FE6F70B0F070213E4AE0B9599CF6348B0EAC781225457
10064220363 54159 27898 F0AAE5521CE38A10A718F2619848FB73527E5874538912D7DFEC64EE27889F2E
10062164929 6295 13314 B9A02047D71B4B3E32EB59F9C78DE5478982456A32D958B7809940C708BEC584
10063151037 56288 11367 7C20F6CF1A09EEE4F40FE6F70B0F070213E4AE0B9599CF6348B0EAC781225457
10063687212 42706 8215 7C20F6CF1A09EEE4F40FE6F70B0F070213E4AE0B9599CF6348B0EAC781225457
10059542343 33869 44636 C72F115951125E825DDD3E55A7ED845013A4DC8EB05A11AAE3F681E4625285A9
10066812755 100 50111 7C20F6CF1A09EEE4F40FE6F70B0F070213E4AE0B9599CF6348B0EAC781225457
10060396619 56668 61485 7C20F6CF1A09EEE4F40FE6F70B0F070213E4AE0B9599CF6348B0EAC781225457
10063986527 12010 5585 7C20F6CF1A09EEE4F40FE6F70B0F070213E4AE0B9599CF6348B0EAC781225457
10059343900 60859 5565 B4E7A7B55DE4F35450CB961C2A1058BF84645AB3C492883E091F7CA084511F84
10061015779 51552 2964 7C20F6CF1A09EEE4F40FE6F70B0F070213E4AE0B9599CF6348B0EAC781225457
10063425525 47808 62008 7C20F6CF1A09EEE4F40FE6F70B0F070213E4AE0B9599CF6348B0EAC781225457
10056792097 405 50983 8C468FFC6A152D26FC00C126970A548EC1EB366AF99D3BBE9B12D3D60B3B4700
10059411533 2901 27392 2DF79A5C262022C52934045BE4D7AEB4F9A3D05BD0573A2D0DCE68AD7D8627E7
10059817286 61222 65204 7C20F6CF1A09EEE4F40FE6F70B0F070213E4AE0B9599CF6348B0EAC781225457
10064861427 20830 37688 7C20F6CF1A09EEE4F40FE6F70B0F070213E4AE0B9599CF6348B0EAC781225457
10067688965 46128 48553 7C20F6CF1A09EEE4F40FE6F70B0F070213E4AE0B9599CF6348B0EAC781225457
10059878507 63180 19080 7C20F6CF1A09EEE4F40FE6F70B0F070213E4AE0B9599CF6348B0EAC781225457
10060294815 10775 41972 8953ABFB0A6704CD140070F2C2C41643A862B3B33DDDC7F936CC432212F8F147
10066211987 37147 63676 D399AA25D4BC4BCA6CFA8E22D616E8D8D2ECC137FBB67740AEEE5339E3576CB3
10063887824 6090 42854 7C20F6CF1A09EEE4F40FE6F70B0F070213E4AE0B9599CF6348B0EAC781225457
10061623670 2786 46825 7C20F6CF1A09EEE4F40FE6F70B0F070213E4AE0B9599CF6348B0EAC781225457
10060858459 64488 20609 7C20F6CF1A09EEE4F40FE6F70B0F070213E4AE0B9599CF6348B0EAC781225457
10064337001 4692 57224 7C20F6CF1A09EEE4F40FE6F70B0F070213E4AE0B9599CF6348B0EAC781225457
10060156621 64013 61139 78D1A1040876BC3AD3122F54BBB2C05769A7CAD5F24E7A70D55283B3899169AA
10067627677 15714 53652 7C20F6CF1A09EEE4F40FE6F70B0F070213E4AE0B9599CF6348B0EAC781225457
10060499044 46957 17030 A3E31763E29B02E9855925E51EA6C47AB38E6020DA466D16D1F7EFE2996B0771
10057855423 38375 64282 0DBCF72C6BAE122B1EAC4A8667A5BED2E0716784695B69F76142DA379EAC3CD7
10066964275 46475 26809 28D93CF166B8E0B3BA37A31666038F673B988C60B6721C33010287994C5CFE4B
10057153602 47708 48514 7C20F6CF1A09EEE4F40FE6F70B0F070213E4AE0B9599CF6348B0EAC781225457
10064065656 62601 30409 9B5CA00A73493DFAA5612C5ADAFD9C09B24E4B49842783E412EC5F7D09B229A4
10061444244 19713 49279 77B295E262B2FDF4273B23FCCCF59FC7DF8D22CD7F7322682E20F7F25C37BCB3
10065626564 14538 37095 7C20F6CF1A09EEE4F40FE6F70B0F070213E4AE0B9599CF6348B0EAC781225457
10066267845 60081 39104 62F7EB12621AB9CEBEC0639F17027B77CE13F15C0A8EFD9184E2A322F20AEFCD
10057585133 5913 62213 8757F51BD5FB3A843A08733E10DB33EF7B12F6D7C2A39901BC29FCF7E4F9DB6B
10057015265 14191 29704 E6C2859230317BFC146900500B1DB932DA0CAB46B1EC847162EAA16B586BC416
10060841801 58974 28587 7C20F6CF1A09EEE4F40FE6F70B0F070213E4AE0B9599CF6348B0EAC781225457
10062596919 38090 26453 7C20F6CF1A09EEE4F40FE6F70B0F070213E4AE0B9599CF6348B0EAC781225457
10061378694 11402 43787 7C20F6CF1A09EEE4F40FE6F70B0F070213E4AE0B9599CF6348B0EAC781225457
10067365900 26159 59465 F9AEC1C49552324B5AD19189E18903C793203365D6090EF829C47B60281C312E
10066801934 25174 63077 7C20F6CF1A09EEE4F40FE6F70B0F070213E4AE0B9599CF6348B0EAC781225457
10064883025 60593 52332 14B66BE37C19ACFA82E5BEF6F45D024C2CDD54899ECF09164866319447D09422
10060634124 48694 1066 7C20F6CF1A09EEE4F40FE6F70B0F070213E4AE0B9599CF6348B0EAC781225457
10063190584 55278 49229 7C20F6CF1A09EEE4F40FE6F70B0F070213E4AE0B9599CF6348B0EAC781225457
10059581444 42849 52143 5255338B1335F44CC33B0D949E09DF1351DD736CF6CF6721EA58AD7E29CA38D6
10059606523 8500 45401 7C20F6CF1A09EEE4F40FE6F70B0F070213E4AE0B9599CF6348B0EAC781225457
10064152005 7920 20507 7C20F6CF1A09EEE4F40FE6F70B0F070213E4AE0B9599CF6348B0EAC781225457
10063703126 42116 9983 7C20F6CF1A09EEE4F40FE6F70B0F070213E4AE0B9599CF6348B0EAC781225457
10065716158 33635 3499 DF7450D943F2512D9541ED9DCAF434B97DD2428ADFD281A4F61CD347A20D47C8
10067026329 13478 22127 7C20F6CF1A09EEE4F40FE6F70B0F070213E4AE0B9599CF6348B0EAC781225457
10059342207 25938 16897 7C20F6CF1A09EEE4F40FE6F70B0F070213E4AE0B9599CF6348B0EAC781225457
10057895349 37389 38347 EBC3F9FE09CEEF64322FCE57091A7F86B425D52E4BC52143B370EECD5B30350B
10059826024 9167 24665 37FA8E63B274493B7791389739F818F040B669D1E3742E624EEAC10625C193C3
10064266231 26750 60583 7C20F6CF1A09EEE4F40FE6F70B0F070213E4AE0B9599CF6348B0EAC781225457
10064395618 27424 7163 7C20F6CF1A09EEE4F40FE6F70B0F070213E4AE0B9599CF6348B0EAC781225457
10063360000 34267 8919 E88C9C3BECE4EDCED69CECC383FF55C1BD201B63792AE1C8E8D383A2ADFAE6EB
10057560632 50886 61594 7C20F6CF1A09EEE4F40FE6F70B0F070213E4AE0B9599CF6348B0EAC781225457
10062680149 32251 7024 D40653D33ED960C79E4680A7F7B790867D046154660241F7EC82441294BEC75C
10062953019 56587 52103 BCD2FD0C5CE9D090A284E180212728C99F0B0E718F71ECD617CF1B7970D2A1C0
10058169127 41857 9402 CBAD157C99DB899C49ED4CAB3D56192A5062AEBA8B951BFC091FE1BA4A541380
10062830759 17777 32009 85047F255163141423618613C5F3B80DA75DE88189E3812B464D1F14940E79B8
10060875090 58167 17451 FAA9C27796159B6D9BC357691EBC2DFDC0C617178FE6D72C35BF4CEE90BB429F
10065193019 64195 390 CD83935AC380883514FE77DCF32E67290CAFD1999749CD23A48CDAB2EF34BB87
10057089167 58535 41077 E3CDB31BA2F395EC6D0A0740D7C34E9A74B6D86717436AE7A6C7B21935BC6E43
10062675115 40513 6197 3CD48AF0104D55BC557411BA364A0A14C36D93F833710CDAD87A5EB772D9CC04
10057163229 14217 54466 37D922D8868C29E7DC910A9F0FFB77EFA3529940BF6DAAF3564B4D0C3375C67D
10063408249 10169 43563 3BB117762513052E81A415A66D5304F4C7C20F64C1EE71A8470CD798837902E3
10067084830 21804 39429 7C20F6CF1A09EEE4F40FE6F70B0F070213E4AE0B9599CF6348B0EAC781225457
10060015807 29619 42575 4950DBE7DCF8709517496F6765E3127F4E78AE64262BE7DE09B51364E03A70B6
10059242995 11932 23921 7C20F6CF1A09EEE4F40FE6F70B0F070213E4AE0B9599CF6348B0EAC781225457
10058495605 7629 65369 D2597009440D37D6F341486C53CC21FAA213173A9CB94C4359AA06F9AEAFB4DB
10056732397 54580 33979 7C20F6CF1A09EEE4F40FE6F70B0F070213E4AE0B9599CF6348B0EAC781225457
10059667786 36465 20788 0243BA86731DD4E959D96E43C5A20B5D238E8B2B0F9FF4327C7568B4B6FF9DAA
10059911101 49366 51561 7C20F6CF1A09EEE4F40FE6F70B0F070213E4AE0B9599CF6348B0EAC781225457
10068064498 57637 11882 4085BB8BB5392988A4312050BACEC18F42BBDC0FB4751C2E7BEDE5BD5C381C78
10060750937 53310 19242 7C20F6CF1A09EEE4F40FE6F70B0F070213E4AE0B9599CF6348B0EAC781225457
10059423509 38428 57629 7C20F6CF1A09EEE4F40FE6F70B0F070213E4AE0B9599CF6348B0EAC781225457
10063535966 11101 57197 379B84F6D80F050B97EB4940064A12B7B9F48970C7A74A88030E937E07EC9575
10065213626 50901 27064 15FB165D374B2CFFCAD15BBA1474AE39027DC60A6D7EB2F23512ED634FD14430
10060320661 8145 43314 5B372449F2820437B47C950AC6ABB4A1545B585E1FB77556F16E499DDD673F59
10060259216 14710 51011 7C20F6CF1A09EEE4F40FE6F70B0F070213E4AE0B9599CF6348B0EAC781225457
10066240621 19941 48529 B9A32CCB131299BADEE6C585084C9282E3F4BDF1F8ED6F57E04F0A5F1CCD5959
10063991041 15117 5455 3E314788E280266E73BEA1D681917A26C2D23231DAD22F14C7C19E6311689C75
10059631029 64984 11528 7C20F6CF1A09EEE4F40FE6F70B0F070213E4AE0B9599CF6348B0EAC781225457
10065723338 25132 36811 7C20F6CF1A09EEE4F40FE6F70B0F070213E4AE0B9599CF6348B0EAC781225457
10064818142 62793 54510 1ED8ED1A10EB80DFF5C4C257CA3A84E01174A24C9DD99A139EA16B3C4D704AC1
10056591306 24525 21992 950FAAD2B38B8C54E07B1B2066E423E606CAF08C4CFC359E648202074A14AB48
10066346488 58105 56887 056A21D24B72E14611121F154C02FA41051E90A31F53299ECB619BC706FEA9BC
10059296834 54224 59771 7C20F6CF1A09EEE4F40FE6F70B0F070213E4AE0B9599CF6348B0EAC781225457
10059407025 1108 55468 7C20F6CF1A09EEE4F40FE6F70B0F070213E4AE0B9599CF6348B0EAC781225457
10065417072 58850 26807 7C20F6CF1A09EEE4F40FE6F70B0F070213E4AE0B9599CF6348B0EAC781225457
10058139138 47609 27381 CF2597ACE8ED68116B1123173D62EC418C2734E4CB734F3D16BD98CE02D433F1
10065818537 57632 13678 7C20F6CF1A09EEE4F40FE6F70B0F070213E4AE0B9599CF6348B0EAC781225457
10062183335 24667 19194 75BD40C6AEA7A7301B2EB85B8065601BFF1252538F4D210C46CBD9F3340E4B52

Total of 0 tasks calculated error.
