Total of 100 tasks calculated correctly, accuracy 100.00% 
10083734949 61382 26860 7C20F6CF1A09EEE4F40FE6F70B0F070213E4AE0B9599CF6348B0EAC781225457
10083282234 36487 12016 E44BB718BCC5D17659FFC2F3D70E80969987520CF0BF844A75B85D490C78A01A
10081426804 53253 49099 9F18FB45271E57F1008E167DB562A499D0B0C157806618B1CA761CF86A5EB1E5
10088696658 22058 4159 7C20F6CF1A09EEE4F40FE6F70B0F070213E4AE0B9599CF6348B0EAC781225457
10090944913 2985 9981 9E2D19FAF2539B8CCDF3AD1342261DFAA36D5C9F9C9052EF0B35F2540AF46CF0
10081910279 37241 52046 64800C9E9BE940F988B5CDF52C8038A472E8BB0006BA4445AA18DEDC76040A2C
10087567585 28504 32737 7C20F6CF1A09EEE4F40FE6F70B0F070213E4AE0B9599CF6348B0EAC781225457
10082604802 60369 17539 9F7E5EE41A9383710E3E41FF5BEAE3C60E36A852BB9C164A50EB51D1E9215510
10081134089 56389 50542 78C4349623FA68A794EC9B25936BDE619C3146CE98C12481BBC338BFD7E0C5FC
10087084102 48384 46955 7C20F6CF1A09EEE4F40FE6F70B0F070213E4AE0B9599CF6348B0EAC781225457
10081722299 7881 13988 4D5E973230B4136E974402EAD903657379624481CE9AE75009D5A8D31D828632
10088491921 36372 43000 7C20F6CF1A09EEE4F40FE6F70B0F070213E4AE0B9599CF6348B0EAC781225457
10089780359 38934 16970 7C20F6CF1A09EEE4F40FE6F70B0F070213E4AE0B9599CF6348B0EAC781225457
10082355849 63253 54259 F22CF9A15ACCA9776AF853E5D6D63EE2306597DC1639EB3E362F6AD4DB672197
10083923155 17656 15020 7C20F6CF1A09EEE4F40FE6F70B0F070213E4AE0B9599CF6348B0EAC781225457
10083815419 43390 47870 7C20F6CF1A09EEE4F40FE6F70B0F070213E4AE0B9599CF6348B0EAC781225457
10085758926 54094 3512 7C20F6CF1A09EEE4F40FE6F70B0F070213E4AE0B9599CF6348B0EAC781225457
10089465294 29761 64726 F2494C0C5B8246FC520D593847D6DCED07C356B0B719C55508F006C0685E68FC
10091660070 10731 39939 5D3DF0543E3CA7B11DA4A0DAC293B8193DE677B2F1E63E17174F4C73541D0556
10088000563 34538 44231 7C20F6CF1A09EEE4F40FE6F70B0F070213E4AE0B9599CF6348B0EAC781225457
10089907143 7394 43427 7C20F6CF1A09EEE4F40FE6F70B0F070213E4AE0B9599CF6348B0EAC781225457
10081448980 33267 17231 C25D4FB8591EA40849EB77C2AA29498E5DB2859358041A741A3E0F6B30E7F2A2
10090843076 38810 63934 7C20F6CF1A09EEE4F40FE6F70B0F070213E4AE0B9599CF6348B0EAC781225457
10086715864 2697 30532 AB5B5AE77A58A8F307F54088DD4185CB1BC3C2989F65895F2D2D67090FCAA448
10085937520 61465 59737 31289CFE5EB284D193F9450BB8FA198873B4E01F853710D35802315A34FC499E
10089263692 36491 27073 22372CF74BF93F3BEBA245D03D6C70CB35121DB7BE3F26C56A5C7451C456D3C7
10087372856 48125 43936 2DDD4DE129D2461E9AE0590A8A9EC3B67C7829ED07900A4D4C83FF150D92DAC2
10085968589 31054 3916 7C20F6CF1A09EEE4F40FE6F70B0F070213E4AE0B9599CF6348B0EAC781225457
10085304014 19533 53543 096A6A12D8F2612D88FDF7EB71DA72B9DDE57A92F2F8EB448C1FCBF918DC42CD
10087194669 55199 37827 50790E44B53AD00EA9A54C7DEAAE6201D49998F65A360C158C71A4930E5228D0
10092123141 58757 47044 A8E15C8F2733D9600C5B87AC225F51969A2DA187E473BAB2E8015BFB2340012E
10083620180 33989 28264 E086099963D0C04FBB94B95AF6960B6C28E3CBE66B350987CEA77BC1AD861710
10085032419 20024 33037 7C20F6CF1A09EEE4F40FE6F70B0F070213E4AE0B9599CF6348B0EAC781225457
10090911398 54724 14187 7C20F6CF1A09EEE4F40FE6F70B0F070213E4AE0B9599CF6348B0EAC781225457
10085770369 31084 31542 7C20F6CF1A09EEE4F40FE6F70B0F070213E4AE0B9599CF6348B0EAC781225457
10084967604 3059 9935 FA84C8CEA414FCBDCEEA339FA4E09D29E4DA11E41BC46FD295505C6BBEA05C10
10083212496 30485 23029 85119325FE567022D4650A56FA97A0F08F6CF319E83A66A559ACA91953F4C6B3
10085618822 65270 30366 7C20F6CF1A09EEE4F40FE6F70B0F070213E4AE0B9599CF6348B0EAC781225457
10085140504 62038 40232 7C20F6CF1A09EEE4F40FE6F70B0F070213E4AE0B9599CF6348B0EAC781225457
10081294473 52674 30355 7C20F6CF1A09EEE4F40FE6F70B0F070213E4AE0B9599CF6348B0EAC781225457
10089735864 64533 28201 6AFE3E95152A4867BFBF5B4B4E0FC20A429D11225A6362324BDF6770CCC57074
10087762616 49367 7921 ABDE5DD3069B74F99BE3B90E97CA330FDD81937CCAC29F1F76FA4E7AD26E01FA
10087582286 36341 60990 FC913F5534BB291CEC491B94A8987342CF2C23D168848D9AE85C328A13C5219D
10090670444 22080 36575 7C20F6CF1A09EEE4F40FE6F70B0F070213E4AE0B9599CF6348B0EAC781225457
10083275006 24097 26511 26AD2DE47C0CAD0943918BF3DAFD51E286B26613081564EB19887A23CD915BFF
10082858055 61350 11203 7C20F6CF1A09EEE4F40FE6F70B0F070213E4AE0B9599CF6348B0EAC781225457
10086598110 30472 36681 7C20F6CF1A09EEE4F40FE6F70B0F070213E4AE0B9599CF6348B0EAC781225457
10091027506 44235 15927 9B7909FF972FD07B5FA80348603BB5DD5FBA04F0D4C8D04444956BCACAAE800E
10084497609 54842 16129 7C20F6CF1A09EEE4F40FE6F70B0F070213E4AE0B9599CF6348B0EAC781225457
10083486893 60874 25316 7C20F6CF1A09EEE4F40FE6F70B0F070213E4AE0B9599CF6348B0EAC781225457
10080758855 26014 51494 7C20F6CF1A09EEE4F40FE6F70B0F070213E4AE0B9599CF6348B0EAC781225457
10080639303 30633 32840 1D5E58A5EE093296AAE617BC972EFD009FBB156498F141CCAA312F0BF86B85CD
10089985206 61149 23217 314F6D3E447D3CBC4F776060B035D31EB1C70BB22DA8D36DF0CA9D9B4F43237D
10084491059 36732 4494 7C20F6CF1A09EEE4F40FE6F70B0F070213E4AE0B9599CF6348B0EAC781225457
10089806254 21656 17604 7C20F6CF1A09EEE4F40FE6F70B0F070213E4AE0B9599CF6348B0EAC781225457
10087827697 48214 52257 7C20F6CF1A09EEE4F40FE6F70B0F070213E4AE0B9599CF6348B0EAC781225457
10090761879 61991 45 AAEC83810D6A8FF765ADB2624A1B947D73F0B7E5CF7925E26B8A46576823B100
10085261062 53094 57809 7C20F6CF1A09EEE4F40FE6F70B0F070213E4AE0B9599CF6348B0EAC781225457
10081341667 56454 59917 7C20F6CF1A09EEE4F40FE6F70B0F070213E4AE0B9599CF6348B0EAC781225457
10084375292 40335 7983 5D64F7B8758870C33909E2C33AD0B15DD81A5791DE2130EF8D832F0D2B8DACB7
10082433057 20401 29935 6461E95E0F5BCF1373B1D0145290E9632DBB6171709DBB2A2EA2D372974AA05B
10084478517 35940 22936 7C20F6CF1A09EEE4F40FE6F70B0F070213E4AE0B9599CF6348B0EAC781225457
10082973610 58665 33379 9781C7106E67DD26275CC20A8ADC75D042475A35786D011F417CD2B501A60E19
10082725095 34223 3427 CCE64FD70AB2B820EC27B38E21A932A2DEA76AFB504F8A6790733DE7354F972A
10088413103 37953 13277 D86B620F6DFA1BF7F2E539638BD73D386F6B9A528DE2E3AD1DE19002C4893111
10082204500 4840 27344 7C20F6CF1A09EEE4F40FE6F70B0F070213E4AE0B9599CF6348B0EAC781225457
10082297273 36860 5485 7C20F6CF1A09EEE4F40FE6F70B0F070213E4AE0B9599CF6348B0EAC781225457
10091251870 9418 17617 7C20F6CF1A09EEE4F40FE6F70B0F070213E4AE0B9599CF6348B0EAC781225457
10087035870 14850 11396 7C20F6CF1A09EEE4F40FE6F70B0F070213E4AE0B9599CF6348B0EAC781225457
10090190681 11585 58599 B7950DBD3446417C956E0248DBA5D26C71BCCA1CB3BCBA344032A8C169D7D59E
10087359219 18591 40744 D8AE09F315BC74F5CB584355ED92DA6E7F6115264C2D7052471E37F9FFD8D205
10091649894 57388 43861 7C20F6CF1A09EEE4F40FE6F70B0F070213E4AE0B9599CF6348B0EAC781225457
10083169842 47514 24514 7C20F6CF1A09EEE4F40FE6F70B0F070213E4AE0B9599CF6348B0EAC781225457
10092294181 53009 59294 5A8DEADA18FD2270CC7D1662503034B1FE44B6FD3EE37DD433FA01697B2E2376
10085634381 31512 29842 7C20F6CF1A09EEE4F40FE6F70B0F070213E4AE0B9599CF6348B0EAC781225457
10087879369 7996 52478 7C20F6CF1A09EEE4F40FE6F70B0F070213E4AE0B9599CF6348B0EAC781225457
10091267084 59021 31000 CDCD6B9DAAE693F533EC3E3CB4D5FAE9F15328D1BC150882A3CDCFCE5D9C0D15
10085976442 2650 12754 7C20F6CF1A09EEE4F40FE6F70B0F070213E4AE0B9599CF6348B0EAC781225457
10082322041 41045 4403 A0CBC5855FF2AF3E1957067FB5159A1AC6C979A50B5339BB888C04530CFB85B4
10088488963 26749 21925 0CE077EB67A0BDE3372E2CF9AB5733AD4A9739C849841350ACBEC47AF5AB37CE
10089557148 32619 3787 1E5BEF3A7DDCF268D3B667100C5A940F5FADA90092182F1B2353AB6FE17F0607
10085138676 30254 9863 7C20F6CF1A09EEE4F40FE6F70B0F070213E4AE0B9599CF6348B0EAC781225457
10091333720 55771 1287 40D4FE5B07BD35579200D0E660EED9035BA97113F3B4A1EF0CC9EFB148D66364
10091940260 25753 52521 3085AA9EC4B90369011816BE540DD2A6B5D95E29451585BC196B634B74C60905
10090386347 33510 27227 7C20F6CF1A09EEE4F40FE6F70B0F070213E4AE0B9599CF6348B0EAC781225457
10080879531 15873 2179 F7A96B649E56CF961301F96806B29E01006433DBF36B599356D33DD8E23220AC
10091205499 56566 51464 7C20F6CF1A09EEE4F40FE6F70B0F070213E4AE0B9599CF6348B0EAC781225457
10082373693 61828 10260 7C20F6CF1A09EEE4F40FE6F70B0F070213E4AE0B9599CF6348B0EAC781225457
10087047692 18364 11205 7C20F6CF1A09EEE4F40FE6F70B0F070213E4AE0B9599CF6348B0EAC781225457
10091245825 59083 24992 F8CB7C98A5E1EE474E8E61CDBE349952CA98E3593A0C86A17D28C39BF04F3FFF
10083160755 54582 10264 7C20F6CF1A09EEE4F40FE6F70B0F070213E4AE0B9599CF6348B0EAC781225457
10091310740 50669 24915 FE13B6DC3608A37B9B11DFAAB6C11A64C974946101D5E196DB6135E68DC6E7E0
10082090414 42694 37271 7C20F6CF1A09EEE4F40FE6F70B0F070213E4AE0B9599CF6348B0EAC781225457
10083196405 12515 40934 73BEF40F270A4E2B418D7EDBF802C73E6203784CF2E8C052D12AC6252083B6A6
10092117519 56056 47928 7C20F6CF1A09EEE4F40FE6F70B0F070213E4AE0B9599CF6348B0EAC781225457
10081857369 41589 28371 95B13A7A86C4584E6FB7E91C56C3511CA324D868181DB3EEBFF86EAE0944E922
10084854701 16061 49520 AAEB0B94C960659ED51DCF09419DAA95C90F537E8766D3526DD1C10279C5901F
10083185735 46512 38225 7C20F6CF1A09EEE4F40FE6F70B0F070213E4AE0B9599CF6348B0EAC781225457
10083619448 29832 59132 7C20F6CF1A09EEE4F40FE6F70B0F070213E4AE0B9599CF6348B0EAC781225457
10089997206 64837 34299 480FF19F277099381B2CBF375C7E9BC8FC59AF8E63C73F67E849DDBA57F8B940

Total of 0 tasks calculated error.
