Total of 100 tasks calculated correctly, accuracy 100.00% 
10093800722 16687 53872 832C960D397F26EF771FBBFC20A683991E374A3C1E84B0D5CBD84870A0568E19
10092771370 2629 30751 C3732FA57D6BC480E6E729F0060E10A7C325F25DFA71C1582155E052D42C0989
10094508943 5122 14071 7C20F6CF1A09EEE4F40FE6F70B0F070213E4AE0B9599CF6348B0EAC781225457
10099186663 1931 49719 1CB96C067E1E9229DCCF7463B88552E5A48BA1385A38D61C21DC7545F50757B5
10095830369 58318 64075 7C20F6CF1A09EEE4F40FE6F70B0F070213E4AE0B9599CF6348B0EAC781225457
10096243069 51523 1283 C472D8402416A350035AA21D088A3DBCE6CA33778C351E9F786CEF8FD8869647
10094969005 14060 9587 7C20F6CF1A09EEE4F40FE6F70B0F070213E4AE0B9599CF6348B0EAC781225457
10098525296 8450 57680 7C20F6CF1A09EEE4F40FE6F70B0F070213E4AE0B9599CF6348B0EAC781225457
10092610983 46425 6051 031ED116C5E34F9C2DCB3D9414E7BDFB6519EA6422ABAA9B16C514B59938A739
10096323091 53863 45208 F534CA59803720FFB71041B4E8BBF08D12768667CF8E0EBB57C8B57F952E5968
10093812834 16084 36739 7C20F6CF1A09EEE4F40FE6F70B0F070213E4AE0B9599CF6348B0EAC781225457
10095560539 36954 39907 7C20F6CF1A09EEE4F40FE6F70B0F070213E4AE0B9599CF6348B0EAC781225457
10102414675 63344 50283 7C20F6CF1A09EEE4F40FE6F70B0F070213E4AE0B9599CF6348B0EAC781225457
10102889519 2674 42034 7C20F6CF1A09EEE4F40FE6F70B0F070213E4AE0B9599CF6348B0EAC781225457
10098794756 60262 6711 7C20F6CF1A09EEE4F40FE6F70B0F070213E4AE0B9599CF6348B0EAC781225457
10097420489 45535 35708 9CA6A496144452AB962963E375E8F849D957A9D022FD0C0283225141BFA09653
10103679083 27350 42563 7C20F6CF1A09EEE4F40FE6F70B0F070213E4AE0B9599CF6348B0EAC781225457
10098530701 49191 8080 E52F1A44324649A913DB00651EC9865C69A767CEBF86371947CD019468DFF74F
10093129341 1667 1206 6BC1F2C11DCA936CB3131AE40032A6965D1F5BD7BE23EE6E4DFE1ADED5FD99CD
10102326985 17293 51129 ED437DAFC2206900694A7AA9B9DA4C5E25C6F3A6D9D212456BBDD4B9CAD8A161
10098518491 59788 50272 7C20F6CF1A09EEE4F40FE6F70B0F070213E4AE0B9599CF6348B0EAC781225457
10093954071 25760 45784 7C20F6CF1A09EEE4F40FE6F70B0F070213E4AE0B9599CF6348B0EAC781225457
10095110011 25294 1932 7C20F6CF1A09EEE4F40FE6F70B0F070213E4AE0B9599CF6348B0EAC781225457
10093465807 44313 13775 294174BDFBB28B3B3CDFCAC7C778DDCF1F0D776A8D1C9F58461A45CC4AFC8526
10103322578 59785 396 4D45029A2DFD76BEA768DC4F26CAE6A9E5A19AA5E480BFFE8C758540E12C2128
10095365579 50813 45261 32E5EDCCE08909A380064D80507E431FC93B667905376782F623D6E72C6F3EB7
10102500509 50075 29616 12F683C063249B30A48D301E0A6325B5AAE1D1063DCDA233EBD48BE0A8E1B282
10103015312 19383 46273 D59DEB27470A183A5EA318EF73897563E572E24220F209B5B32F2EFF41EDE6DE
10097302932 23967 197 0A79ECF45C5CDCA0B858594C583B5B88A39BE6C77EADC74EC1E17A6E910EFF9C
10101212698 55901 49143 99C32F9973BEF5D404A4E6F075957D099B35EA04F398F42B4805512836693FE6
10095429292 48837 9772 B67BE23B9B233792930A81B1DCB6239516384921F4DD7D2C2099476FF7BF0FC1
10101296646 58271 43242 C02A4F91E2A7F84312BEC61F7EBEEEC69AF13CDE3CBB5BB8D4A3189EE61CBF2C
10103678082 43962 55914 7C20F6CF1A09EEE4F40FE6F70B0F070213E4AE0B9599CF6348B0EAC781225457
10093020133 49480 52213 7C20F6CF1A09EEE4F40FE6F70B0F070213E4AE0B9599CF6348B0EAC781225457
10103547961 39473 49012 A45163EAC339D9B06F322DC1EC4D55900206CCB58D69D9225CF6FF9362AAD59E
10098517059 53808 22443 7C20F6CF1A09EEE4F40FE6F70B0F070213E4AE0B9599CF6348B0EAC781225457
10095260135 57737 22993 307C8AF1AAF1E9BF7D482A334156E68C3BC53C3AA0D90551F00DD52904D42DA7
10093589741 13832 23305 7C20F6CF1A09EEE4F40FE6F70B0F070213E4AE0B9599CF6348B0EAC781225457
10100733911 45540 20640 7C20F6CF1A09EEE4F40FE6F70B0F070213E4AE0B9599CF6348B0EAC781225457
10100478692 8621 7743 B8ECA14E433EC9E2E01E28BDFC7CD001FD216DBE025C96E0D4953BF671269877
10093401682 57293 49440 03DC7003980D74513C94043911477037C3967EBA833A68916D136C0C2EF84056
10094621210 21703 36217 2779CA785A5B833D705B3B286FDAD9DF39AF12ECAE501846F19A999B949C5CAA
10099987584 15404 30192 7C20F6CF1A09EEE4F40FE6F70B0F070213E4AE0B9599CF6348B0EAC781225457
10094792871 47060 24673 7C20F6CF1A09EEE4F40FE6F70B0F070213E4AE0B9599CF6348B0EAC781225457
10099042519 54188 57580 7C20F6CF1A09EEE4F40FE6F70B0F070213E4AE0B9599CF6348B0EAC781225457
10099476973 11125 59177 8A042831A313A3939174B76B2D59C9A2AEDE2A08AC9BBBB2C6E7A66A1950BE2B
10097425037 51221 22447 3FBB777A48C2BEE966DCF0D92363B9364D934033A9ED1A01ECAF716412206374
10096788824 22371 5303 20B3E41C1CF2143C9DE4E2D36E292A766E2FB7332D0E634D6A7414998797F053
10093772989 11213 64060 1CA278F6A93E3D94E570E4CB08FFC7CA7C7B5D4770B498BDE4A656FC86D79C8D
10099187249 28488 18753 7C20F6CF1A09EEE4F40FE6F70B0F070213E4AE0B9599CF6348B0EAC781225457
10093391080 42423 19485 27ED769B86DBDDCC30E8F56B7E88844142E8792902CEF8ED1B648599B81D153F
10096596972 10345 18187 C844F23A008D2F55B990BE130C6900CEB15B1320A929456B94B55C0A4F1C7BD2
10094440873 57889 24814 2F04BFE49B85EE382190F9856BF0FB36044D7573A15FA92D70D7E9E31679F6A1
10102185912 60394 48381 7C20F6CF1A09EEE4F40FE6F70B0F070213E4AE0B9599CF6348B0EAC781225457
10097518171 22964 5412 7C20F6CF1A09EEE4F40FE6F70B0F070213E4AE0B9599CF6348B0EAC781225457
10096824845 36434 14922 7C20F6CF1A09EEE4F40FE6F70B0F070213E4AE0B9599CF6348B0EAC781225457
10102444245 23596 13639 7C20F6CF1A09EEE4F40FE6F70B0F070213E4AE0B9599CF6348B0EAC781225457
10094639047 41103 3805 16FB8E8D6EF296291B4F08B0627E9D355D6518A40EE14D58D086722E094E60B2
10093602121 4883 37001 3BB66E3DA784341068F0345D4E64C995C7FB3ABF18ACBA86BDE45098AEAEA242
10093215431 19880 47232 7C20F6CF1A09EEE4F40FE6F70B0F070213E4AE0B9599CF6348B0EAC781225457
10096244834 23864 30956 7C20F6CF1A09EEE4F40FE6F70B0F070213E4AE0B9599CF6348B0EAC781225457
10100849612 11779 29340 B6CBEDDD017D4190BD0A4AC5CA6A5F708365A24574FD2E4CFF5D532DF0704D89
10097021820 41044 51268 7C20F6CF1A09EEE4F40FE6F70B0F070213E4AE0B9599CF6348B0EAC781225457
10100478370 25985 51785 79E1196C141BE5E2637712C68BC56138E002C595DA07ACD997AE43223FA6AB36
10099457229 37414 28947 7C20F6CF1A09EEE4F40FE6F70B0F070213E4AE0B9599CF6348B0EAC781225457
10094344425 13038 7631 7C20F6CF1A09EEE4F40FE6F70B0F070213E4AE0B9599CF6348B0EAC781225457
10097776476 20589 38773 148E6A349CC4DCD0D8EB0463D343A4A747E9FAF122069BF587A7DC1B334885EA
10099835433 14481 59018 101D0173FD9873505A5A8C732D5B4DE3D91E63F23D3C819DAB73926734172745
10102706027 23056 22119 7C20F6CF1A09EEE4F40FE6F70B0F070213E4AE0B9599CF6348B0EAC781225457
10095998985 49557 37464 454968112678687CD286ADDEFF42A805D7E03E1DD8FE32D29311396550DB629F
10102480177 58641 41463 FEC7635EE76151BEE72EE896EB5024511ED9D8C890E6ECC1499C392B4AE9ECED
10097808119 6574 35702 7C20F6CF1A09EEE4F40FE6F70B0F070213E4AE0B9599CF6348B0EAC781225457
10102882308 55225 34511 25ED957F424BC347761249B479CF4CEB022C9F9AC29875C9735E697E3CAE6728
10096528068 26304 31877 7C20F6CF1A09EEE4F40FE6F70B0F070213E4AE0B9599CF6348B0EAC781225457
10101437231 46743 18370 144B76560EC7E6BDBD5961DB1ADA5276672163EE5AC887866377077D0813162A
10100611507 34290 60964 7C20F6CF1A09EEE4F40FE6F70B0F070213E4AE0B9599CF6348B0EAC781225457
10100111094 28847 41464 6C5BAB205F57C929B3042D1464E366FF7E86B10F1B9BECBE74F66700F4738687
10099700833 16849 9267 6EAF9809EF367E1D150EBA6CD4FD52530FB43FD9F17FB6F0136C5587F76C2113
10093846665 50535 5397 8C70B9B7882BDFAE776D70DC3530573CE273D51B5E47F8FAA88AA34D88A6DF19
10097824028 43132 38160 7C20F6CF1A09EEE4F40FE6F70B0F070213E4AE0B9599CF6348B0EAC781225457
10096496717 24617 31461 2CF78B9723D3477DA3299D13E0F546FBFB682D4F7A29E937ED01488762425CF8
10100171590 54950 47805 7C20F6CF1A09EEE4F40FE6F70B0F070213E4AE0B9599CF6348B0EAC781225457
10096963541 32141 19187 285ABEB25F52B6F1739959A4E8B3A6AC2501FCF47275A7FC55C43E55168BD694
10093115873 8890 19043 7C20F6CF1A09EEE4F40FE6F70B0F070213E4AE0B9599CF6348B0EAC781225457
10097231734 13265 21780 6892440A49E21CD66EB5FB7FE03D603D860506277C03D748B7550F1899D0770C
10101561745 29173 24786 8E946E48B85D17A4D93FB2968A5E7C52A73C95B82979822A52F2ABA23C871D06
10096831634 8523 44394 204DE2D32232126127A9A186436E81971A71937ED263AB831F6C96FEF9202598
10098090841 47860 38531 7C20F6CF1A09EEE4F40FE6F70B0F070213E4AE0B9599CF6348B0EAC781225457
10094288198 17249 46019 D81D20572C013D46318AAEF1C219B1131AF5E967A8DB6C43ADF8233E98C56C61
10099941605 32794 18793 7C20F6CF1A09EEE4F40FE6F70B0F070213E4AE0B9599CF6348B0EAC781225457
10100054927 42376 65414 7C20F6CF1A09EEE4F40FE6F70B0F070213E4AE0B9599CF6348B0EAC781225457
10096896497 29858 34338 7C20F6CF1A09EEE4F40FE6F70B0F070213E4AE0B9599CF6348B0EAC781225457
10095298645 17134 39091 7C20F6CF1A09EEE4F40FE6F70B0F070213E4AE0B9599CF6348B0EAC781225457
10097268904 44783 35946 9760FD4009123FF3FCA14AFA32FFD3533765DB21A7B22E3EA0E7EBA349B154AA
10098839428 29137 27781 AC7C7724A9EAC48FF989EA9CE0E065588338954D223B1F183A7457AFE8E9B6C2
10094555815 483 16381 91F4E48A8777F23D2274724806D15B1CCE2A382D7D8E2998756FA37756FB1BD8
10103594645 54955 45707 F25F8851BE9637EADD85A7EF27146C63B648A6CE67274EE2F840662A56AE4BC9
10099957586 32808 3233 7C20F6CF1A09EEE4F40FE6F70B0F070213E4AE0B9599CF6348B0EAC781225457
10097312577 5907 19711 D1579FAEAC362EA35BC987C000E7ABEE0FA42564F0B99223F2D6A70164ED9701
10092790751 23802 27551 7C20F6CF1A09EEE4F40FE6F70B0F070213E4AE0B9599CF6348B0EAC781225457

Total of 0 tasks calculated error.
