Total of 100 tasks calculated correctly, accuracy 100.00% 
10121331165 47757 54961 F03A8EBE2EF643995A02D0EEE71908BC28315D9C20291E59AF26FE9644AE745B
10119422885 47420 56321 7C20F6CF1A09EEE4F40FE6F70B0F070213E4AE0B9599CF6348B0EAC781225457
10116562310 7924 35895 7C20F6CF1A09EEE4F40FE6F70B0F070213E4AE0B9599CF6348B0EAC781225457
10118537044 23919 61174 669E1CE062CC37ED190EC121B34B3CF42C2388DADF1DB0E5A0DAA4DDE57E75DE
10119395647 62506 42038 7C20F6CF1A09EEE4F40FE6F70B0F070213E4AE0B9599CF6348B0EAC781225457
10117694860 45543 46524 B6112F7E77E0C1CBFDD7459E55BC4E364814F08907C87A56603865B5489A7079
10119850161 59365 45176 1A7372234275FE8158A2A67AAA5183BB7C469BD949FAF345C3640435283C4F9F
10124259794 53554 5180 7C20F6CF1A09EEE4F40FE6F70B0F070213E4AE0B9599CF6348B0EAC781225457
10118673325 21981 6365 55D8E4164457E753788E9E7D523EEA3B2D03E05406E3AC470CEC8012589BAA25
10124238760 58552 65424 7C20F6CF1A09EEE4F40FE6F70B0F070213E4AE0B9599CF6348B0EAC781225457
10128239077 43630 20376 7C20F6CF1A09EEE4F40FE6F70B0F070213E4AE0B9599CF6348B0EAC781225457
10125417585 24452 6198 7C20F6CF1A09EEE4F40FE6F70B0F070213E4AE0B9599CF6348B0EAC781225457
10120884984 27550 8558 7C20F6CF1A09EEE4F40FE6F70B0F070213E4AE0B9599CF6348B0EAC781225457
10116558678 11591 59852 0E2959D4C7AFDD55F5BDD5D7C186311642773E8FE83D43751462D089C66B7ECF
10121298312 25618 33375 7C20F6CF1A09EEE4F40FE6F70B0F070213E4AE0B9599CF6348B0EAC781225457
10117770855 50643 56561 13B7B2FEB9CBA08B83916251FCD27982A68BB84A6D0346D40E7E84EFC90D0615
10118324067 16090 35862 7C20F6CF1A09EEE4F40FE6F70B0F070213E4AE0B9599CF6348B0EAC781225457
10127115322 581 59496 D8CD7567C05BF53B88652BE0552384E32B50B2F2864BCE672842BDE9F4D03C9F
10124827338 25343 3382 48FDA9DD261A12D115C431A198BBC0DB2F1DB846D450AB51FAD42C9F8200D512
10123786045 50100 31831 7C20F6CF1A09EEE4F40FE6F70B0F070213E4AE0B9599CF6348B0EAC781225457
10125008743 23947 55076 816C1CFB273D7F43D80D223CE0398A5FA16DA961DAA3F98F9580529C8432505C
10117397172 23095 35940 03F4A7D6448FC7413BED12C22E5B2D5B531E7B5EA14AA79DEC2F0073F9ABABB6
10120863606 6130 64844 7C20F6CF1A09EEE4F40FE6F70B0F070213E4AE0B9599CF6348B0EAC781225457
10120947560 36330 48426 7C20F6CF1A09EEE4F40FE6F70B0F070213E4AE0B9599CF6348B0EAC781225457
10121264443 60543 45634 20C8008B325529E00DD4AE80894DFDD9704811E26BBE8A1A4BE3CDFEF3E466B8
10119133767 2536 50927 7C20F6CF1A09EEE4F40FE6F70B0F070213E4AE0B9599CF6348B0EAC781225457
10120826283 34119 20756 18F4980A6533CEA2878D569A0378A4B454AA16B208CA737F0A6C3DC1C6A6ECB1
10118853386 39495 55635 26A0EBBA8A81E9E8041E399ECD6557BD80CE8A44954B013E0B7C774A05078F75
10121090242 2191 22734 3CDA36A59295CE22BFEA9B7A05C7C8FA17A4487D18BB523073BBD110D5F938C8
10125382042 35204 43200 7C20F6CF1A09EEE4F40FE6F70B0F070213E4AE0B9599CF6348B0EAC781225457
10125154680 5604 37969 7C20F6CF1A09EEE4F40FE6F70B0F070213E4AE0B9599CF6348B0EAC781225457
10117158950 18031 30900 ACB567087858BFB0F4634150BCD2FBECECEF2770BD18A297DF4E612CC521C292
10118462452 64495 8647 52BC2C400804AA8A6FD4638C6F2023969E02913F5C6F141078A147CFC8334DC9
10122030836 48248 40895 7C20F6CF1A09EEE4F40FE6F70B0F070213E4AE0B9599CF6348B0EAC781225457
10119086597 17717 34794 BDBC0D87476E37F1ABD90A9F528161C2F53A07E0063DB7CC993F1479670CB172
10120240659 31494 44265 7C20F6CF1A09EEE4F40FE6F70B0F070213E4AE0B9599CF6348B0EAC781225457
10117528646 47825 34094 FC0889D63F6C815D0B4E64B69920A3769ABF3AC2C384CFEB1E23D54015CEDBC1
10123568621 11614 17786 7C20F6CF1A09EEE4F40FE6F70B0F070213E4AE0B9599CF6348B0EAC781225457
10121738955 5145 42059 CD0A6C12DAC9D1A6FECFCDF8F75F88573F747793FC4A3F6F7F385FEF5119D9E7
10123362920 7618 52101 7C20F6CF1A09EEE4F40FE6F70B0F070213E4AE0B9599CF6348B0EAC781225457
10120568542 27763 58664 A957386C3C99653BF2CC9146C5BEB5C60E977E0E91732845FD2D7023EAD6F634
10117238160 2062 45086 7C20F6CF1A09EEE4F40FE6F70B0F070213E4AE0B9599CF6348B0EAC781225457
10116943057 59968 58136 7C20F6CF1A09EEE4F40FE6F70B0F070213E4AE0B9599CF6348B0EAC781225457
10122983491 18030 38041 7C20F6CF1A09EEE4F40FE6F70B0F070213E4AE0B9599CF6348B0EAC781225457
10120312358 59237 51859 59A87E7181549F5291F9D877E819B652783E58F7375961EFD0583ED67E93D18E
10116536296 38549 47322 051FCDE36A118956CFBF768B9B46F8CA6F49337EAF7EDD08C86D806B31A0A525
10121378996 4971 17398 3D300FD1FE2C3DC7C333F6F48EC71DF59DDE5B465AB51219769EDD20329735A6
10123253575 45755 37539 05B2C784B0C2AAB03DF3A233AB03FEC88B07B761D7302B9EA34C852286A315E6
10117915771 47789 24676 57473632A110F4058E52C51D204694E0F161497D0A48E22614FAC5CFD4AD9DCC
10123552911 11278 63400 7C20F6CF1A09EEE4F40FE6F70B0F070213E4AE0B9599CF6348B0EAC781225457
10127728210 46977 18927 53DB16AABF62B494941C92EB85838670C49308BE94E1269232BF9F644D0002B0
10117710185 17435 43484 2DC4D785B1A7A32EAAAF8EFEFA8DB8C243ED46FBCE7569E6B39A75792A489D4B
10125037876 39235 26733 A9D4A5CE80816D8B85B61EBE88215EA436F0EC450C029B5EF5430E8C02119B2A
10121235779 28746 50991 7C20F6CF1A09EEE4F40FE6F70B0F070213E4AE0B9599CF6348B0EAC781225457
10125696473 59958 32039 7C20F6CF1A09EEE4F40FE6F70B0F070213E4AE0B9599CF6348B0EAC781225457
10117327888 60715 61922 6525B626BFCCBC09CB93812F2A37959460C2CA564DC464EF5F93B7648CC2A377
10124249785 9406 41225 7C20F6CF1A09EEE4F40FE6F70B0F070213E4AE0B9599CF6348B0EAC781225457
10125737568 59268 13386 7C20F6CF1A09EEE4F40FE6F70B0F070213E4AE0B9599CF6348B0EAC781225457
10126419563 50790 50406 7C20F6CF1A09EEE4F40FE6F70B0F070213E4AE0B9599CF6348B0EAC781225457
10121615552 26799 57049 B75D8EC7AC173C5E8E5A415C8A17B155ADC12FAEC5CBEFEF804AF72A43BF2C1C
10121427728 56427 54406 3942421FBED089666FCF427A0C5C23840816FEB93B595FC4EEA04E7568DDAD82
10120471370 48863 20459 B692A70E523AABCF2133D01A7506D5F183045E35973A9D2E895ECECA98C2BF93
10119761690 32377 19187 A948D291AF2F2FAA7480769FB41DCAD718AC82517AB15D7B9C75BC2539C493FA
10119728640 32917 50564 445AE6FE507C167FE9A0C516C3612BF29002981A58320DBF64EA55928A6264A4
10127127543 40590 53097 7C20F6CF1A09EEE4F40FE6F70B0F070213E4AE0B9599CF6348B0EAC781225457
10126975472 62955 8949 B471F2883806D26FAB2FA33627F04C28DE09780BA010C72F9185E24BA3B24C4E
10119118494 8305 40165 7975F98092DBD3D5F4A55D3AF7FD1F7AABE10AF5CA0B14FE4272A89678C406E2
10124812127 51507 10240 8A482131B0885F1CCC7CF7A9067D5800B62607B0FC4173041D41436447784A34
10116565503 20443 45034 CE414982C7FD57E373AC6EE97123B8AEE62B13381D69703873859493366BCA57
10122195101 60219 36919 55BED165D5D1BCBE26299F2667E9B91183B5E2A1B2C8A6A8FD1236904DA34C0C
10121438182 8227 28605 6BDB2ABEFB0B4B5D88B5742295BE7608836AE798F5DF5DF2FB30F843D3EA8B3B
10128098362 28566 42353 7C20F6CF1A09EEE4F40FE6F70B0F070213E4AE0B9599CF6348B0EAC781225457
10124080062 65440 33415 7C20F6CF1A09EEE4F40FE6F70B0F070213E4AE0B9599CF6348B0EAC781225457
10120756952 59230 30484 7C20F6CF1A09EEE4F40FE6F70B0F070213E4AE0B9599CF6348B0EAC781225457
10122442985 58959 46058 06BF9A043FF0A3D9E755915A4EFF5A4939C15842CCA4330D203A1DA80F76AB8D
10122746627 41430 35363 7C20F6CF1A09EEE4F40FE6F70B0F070213E4AE0B9599CF6348B0EAC781225457
10118995547 44081 31957 8D0CCF5DE65D919EA9E71280B74D72D0DF3C577CC7AC7091BAEFD5FE10977187
10125331060 37044 59459 7C20F6CF1A09EEE4F40FE6F70B0F070213E4AE0B9599CF6348B0EAC781225457
10120333330 13991 61298 AF3DCB08B4E1B695287472AFD5F542A46F7D82705E76DD0BE07D1E067B3FCFAC
10118361526 6746 44444 7C20F6CF1A09EEE4F40FE6F70B0F070213E4AE0B9599CF6348B0EAC781225457
10120679947 42181 9313 023A2465686154795E0C783027DAE189B1CE25660A1418330F1FB8D506E4E991
10120061845 44860 39076 7C20F6CF1A09EEE4F40FE6F70B0F070213E4AE0B9599CF6348B0EAC781225457
10118940550 34319 58443 5E693DD4D0E0CCBF26786456EBC4D795A94395229C312748C527E3A5169BCE15
10122413346 35833 3497 4D7F940636AB12F80A4CD16A8CF4D729D88C4850EC8F795F78CB846235AEAA61
10124637660 29554 3116 7C20F6CF1A09EEE4F40FE6F70B0F070213E4AE0B9599CF6348B0EAC781225457
10123869261 24401 61280 D98E319C610ACEE04166397D8A0CC0EC1355ED0D94CF4DE0E8C802C367513016
10124478765 49621 23553 1B6D722ACAA82290B250888C761E8FA7687B04AC7B0022E7272C1067D62CB841
10120322885 52366 30014 7C20F6CF1A09EEE4F40FE6F70B0F070213E4AE0B9599CF6348B0EAC781225457
10119589461 27975 18680 7075F8F7BC80328F7AA4F6B0090799352259E3786E89E5F26CC7033F13B69EB9
10127552761 5523 6395 EEE6DA75D5F78CD7B29DFFEE90C86BA5F646444607C3F473E7151A6C182095A6
10118479007 8731 50974 726CBDB6A2849604B5E8F221ADFE06FE33C2E1DA29BA2E4C3EEEAEC252BA40C6
10118132683 62097 6014 2C5E43194964BCCA6D7B4984E081BB8665ABD9D947877F77A52886AA0BA37EEF
10125736167 43769 31563 AC77C510EEC05F52EE7EFED42A0CC3356F0FF626024E414C3B3CFED7CBFA3665
10126003350 9763 22241 84A626FE3A7F2AEACB64D9FF81783561222D61DDC6F5538AC54BD2361D6FC113
10126458540 9217 33108 819AAE6E51D4CE05504E76E2A9041A41A599BE128F2BB13E0D5E91C3FA33554A
10122262769 26604 24861 7C20F6CF1A09EEE4F40FE6F70B0F070213E4AE0B9599CF6348B0EAC781225457
10117514856 2247 3362 C01C502509AD42A549E0F65552FE70ED97B514BC0591780762002DC0D8B80A0D
10121145957 45674 55919 7C20F6CF1A09EEE4F40FE6F70B0F070213E4AE0B9599CF6348B0EAC781225457
10126879349 34297 36789 CD5230050D5904411EE62991FB27B8DD8FAD869D2B76174942E3A60B69797709
10118661782 26399 27422 540AA932186AC0FD135BC497EF9A00D7C0C278D15896ADD433D5436646D9FB21

Total of 0 tasks calculated error.
