Total of 100 tasks calculated correctly, accuracy 100.00% 
10135293777 51128 10364 7C20F6CF1A09EEE4F40FE6F70B0F070213E4AE0B9599CF6348B0EAC781225457
10129068588 632 35031 7C20F6CF1A09EEE4F40FE6F70B0F070213E4AE0B9599CF6348B0EAC781225457
10139921052 12863 38030 541BAE48F9F940F6E022775BE1194B3867DA60E32117325B6908ED19B416CC76
10137621661 13877 16607 66C6F180EBF3049CD79ED5A6A7423528A994E98DBF70497B3957BD50D2F6E57F
10137157800 4226 30193 7C20F6CF1A09EEE4F40FE6F70B0F070213E4AE0B9599CF6348B0EAC781225457
10135964055 44699 46093 A3E6C69D50716B48D34588BE6D13F25261EC6D003CD6CC9369887EE11FE9FCA5
10131353233 45056 23840 7C20F6CF1A09EEE4F40FE6F70B0F070213E4AE0B9599CF6348B0EAC781225457
10130891983 57644 9682 7C20F6CF1A09EEE4F40FE6F70B0F070213E4AE0B9599CF6348B0EAC781225457
10135196143 55062 48949 7C20F6CF1A09EEE4F40FE6F70B0F070213E4AE0B9599CF6348B0EAC781225457
10130217375 4728 7239 7C20F6CF1A09EEE4F40FE6F70B0F070213E4AE0B9599CF6348B0EAC781225457
10134538428 61333 30030 713DC1C492157DC9B7C61763646DE201C9199A854D93C11A70FDEAE6C60CA05D
10136591551 53181 38916 5628F2B1F15B77E1A65CA498D9CFB783D17B499BB8D49357F06AA12F457B4F24
10133105977 23346 34093 7C20F6CF1A09EEE4F40FE6F70B0F070213E4AE0B9599CF6348B0EAC781225457
10139102389 50034 29919 7C20F6CF1A09EEE4F40FE6F70B0F070213E4AE0B9599CF6348B0EAC781225457
10133029855 39614 6587 7C20F6CF1A09EEE4F40FE6F70B0F070213E4AE0B9599CF6348B0EAC781225457
10134070983 19719 50904 27AC5744BA2D401FC90D801B2E6197F521C98F2375B942978BC3C00760BCAF50
10136476965 47830 32395 7C20F6CF1A09EEE4F40FE6F70B0F070213E4AE0B9599CF6348B0EAC781225457
10137609552 57026 45324 7C20F6CF1A09EEE4F40FE6F70B0F070213E4AE0B9599CF6348B0EAC781225457
10130136060 32297 30346 FB681921D6A41115F5F88F5EB468C65A60CD1A15BE3CB53BCA3E9E2C8C0A5FC2
10136420146 65532 57581 7C20F6CF1A09EEE4F40FE6F70B0F070213E4AE0B9599CF6348B0EAC781225457
10134617612 48359 4607 DBB7FC5A05437B91A4C0E0EA52114B96540279217508B6A9D103CE4050E9FB6E
10137044335 43003 1416 334FC845C2D89B0CABA52B455E2DDE8EBC5C3E36A5F103258C61C1C7EFA4F00A
10131644156 63126 62487 7C20F6CF1A09EEE4F40FE6F70B0F070213E4AE0B9599CF6348B0EAC781225457
10131582735 46317 3434 68CA57D010EAAF1813FC5D149E1C0CCC64369B25267951972736AFB99A555ACF
10138963528 64865 12603 24FEF13039CDCFBDCA2AD5300676AA0CF8B0F68DFB8E25505A536CAEF2B8DEB7
10134915788 17050 43606 7C20F6CF1A09EEE4F40FE6F70B0F070213E4AE0B9599CF6348B0EAC781225457
10132381279 56979 24773 A7304D368D698D2B88A984AD6B96B54B69C7B439D92B206607E0C42BA2C93EF2
10133856535 42010 44058 7C20F6CF1A09EEE4F40FE6F70B0F070213E4AE0B9599CF6348B0EAC781225457
10139676096 55301 17990 85C82146E9EA4388C7CA9963172020C565656F1F244CB2AEF9713FFC7B5555FB
10133413335 49008 30906 7C20F6CF1A09EEE4F40FE6F70B0F070213E4AE0B9599CF6348B0EAC781225457
10129199356 49884 35375 7C20F6CF1A09EEE4F40FE6F70B0F070213E4AE0B9599CF6348B0EAC781225457
10129136165 5416 986 7C20F6CF1A09EEE4F40FE6F70B0F070213E4AE0B9599CF6348B0EAC781225457
10133297317 24417 13953 512C0008B6515E764A7E03ABC077C8C8775B3AAB3E498141262BBB4EEA0CCAE7
10138601024 32299 36502 3E9D7593A37D7022B5B3EB7342012D196B5C87FA6AA55CCDC3202C657DADBFD5
10133192472 14312 19718 7C20F6CF1A09EEE4F40FE6F70B0F070213E4AE0B9599CF6348B0EAC781225457
10134567600 33409 63256 FF6D1663481FF87737A73076FFD31097E0BD0D03E6018504733885B48AE67236
10136030549 51623 5264 1272D420C35888DBFB2DAD089C0F5184F8C9F3A62217230D5668E93C2DCABE09
10128770953 16564 9687 7C20F6CF1A09EEE4F40FE6F70B0F070213E4AE0B9599CF6348B0EAC781225457
10129422847 30643 63285 95C8F974E4BB98FFFDBC9A55FA86A18DB690C11C0F20C0362E123C1C5830BC46
10130897469 61210 28651 7C20F6CF1A09EEE4F40FE6F70B0F070213E4AE0B9599CF6348B0EAC781225457
10135798752 6845 15992 61FDB52479CE0D41206A1FBF689E200BD915210A995C93140DEEE5A0615F404B
10129404584 44714 17936 7C20F6CF1A09EEE4F40FE6F70B0F070213E4AE0B9599CF6348B0EAC781225457
10131758938 15808 9661 7C20F6CF1A09EEE4F40FE6F70B0F070213E4AE0B9599CF6348B0EAC781225457
10138763992 27197 56929 3DEE3280C7111D9E7A1BB5E370AC963CBFB065454D54A1C584A482D00C6770BF
10135572225 25389 6902 ABD241EA7E22AB5421C4DB2329D06DEB19F17486AE56C4C57013E9AAE2B536FD
10134679735 30425 7755 CE74E80B3E8D21DE3A314465F8000B8D2A4C26D45B20B8A881E10260C18A9C1D
10134510486 39133 12208 00B20B7BCB39E886564A4012B63F6FD98A66DDE22C39AF06AF807F3260A37D44
10134212604 63916 7632 7C20F6CF1A09EEE4F40FE6F70B0F070213E4AE0B9599CF6348B0EAC781225457
10137769530 17037 56028 BADA16265DAEFE596DEC2B75947E44A072ADDCFAF712129A26E78AA2BEF3501B
10130435296 53529 36696 163D791C3015E1D09722A5AF71D1751D0CD2D9BB43197F3F08376A62FD48ABBD
10134476483 8518 43369 7C20F6CF1A09EEE4F40FE6F70B0F070213E4AE0B9599CF6348B0EAC781225457
10138565720 24614 7534 7C20F6CF1A09EEE4F40FE6F70B0F070213E4AE0B9599CF6348B0EAC781225457
10130445410 10464 30468 7C20F6CF1A09EEE4F40FE6F70B0F070213E4AE0B9599CF6348B0EAC781225457
10133147209 12799 48981 D309DC9A5505237E3A01C4AA72C94BDC6B9DFCA93A7C777A3CBA851B0723B84B
10136317503 17371 17866 C93B68A5014F5640F57BE3546FB83D07BAE02FD7FF8BD2A09CAF24AB1E9C4E66
10132460828 56594 4620 7C20F6CF1A09EEE4F40FE6F70B0F070213E4AE0B9599CF6348B0EAC781225457
10137019011 43190 6154 7C20F6CF1A09EEE4F40FE6F70B0F070213E4AE0B9599CF6348B0EAC781225457
10139368854 12131 40885 09929BA2148DFDC870ACF495F11BC4A23D3BE7124006591AEB6D23C0D25A2231
10139117099 40545 12581 1353CF9C0FA00F663230CF2B0C36A51ADB6CAE5C91D64A05DA7FC7CA5CB53BD1
10133469233 30719 29977 5B5D9FFC412B15A1B5310017B5EF1183069B135E94A6E722A33252191EB24930
10137920578 17985 16605 75A8B1674BA663AC6E0012BA3E0339C72B6A2B129CB5C6FCF9207FE0158331AE
10130894464 22304 62151 7C20F6CF1A09EEE4F40FE6F70B0F070213E4AE0B9599CF6348B0EAC781225457
10129723329 24158 38951 7C20F6CF1A09EEE4F40FE6F70B0F070213E4AE0B9599CF6348B0EAC781225457
10134738805 28832 1013 7C20F6CF1A09EEE4F40FE6F70B0F070213E4AE0B9599CF6348B0EAC781225457
10133481676 18982 21346 7C20F6CF1A09EEE4F40FE6F70B0F070213E4AE0B9599CF6348B0EAC781225457
10128640141 10216 57727 7C20F6CF1A09EEE4F40FE6F70B0F070213E4AE0B9599CF6348B0EAC781225457
10136110101 28385 41793 7FB7F2C2113D783201D01E69A3150350807247A061A517079480F650E5A1A232
10134925188 7004 35921 7C20F6CF1A09EEE4F40FE6F70B0F070213E4AE0B9599CF6348B0EAC781225457
10134259469 7482 58779 7C20F6CF1A09EEE4F40FE6F70B0F070213E4AE0B9599CF6348B0EAC781225457
10128631088 17298 12265 7C20F6CF1A09EEE4F40FE6F70B0F070213E4AE0B9599CF6348B0EAC781225457
10136791122 48578 2471 7C20F6CF1A09EEE4F40FE6F70B0F070213E4AE0B9599CF6348B0EAC781225457
10132070353 30100 70 7C20F6CF1A09EEE4F40FE6F70B0F070213E4AE0B9599CF6348B0EAC781225457
10132011099 64763 26016 8F4E41D63ACE1943AAA0FA83861C0C3384DA4662179227553360FB83A2537526
10131144507 32 59635 7C20F6CF1A09EEE4F40FE6F70B0F070213E4AE0B9599CF6348B0EAC781225457
10128973055 8608 64716 7C20F6CF1A09EEE4F40FE6F70B0F070213E4AE0B9599CF6348B0EAC781225457
10135190742 41140 25141 7C20F6CF1A09EEE4F40FE6F70B0F070213E4AE0B9599CF6348B0EAC781225457
10138654419 2167 45392 7204C16D97D30D9FF8AAE66D096C683966C23098F88527EF1909907E3DF4927E
10129326621 22579 53325 FFA6337CDA33888ABA214FC5A7C766DA67E535F248D643FED680CFB5BD076DA4
10131362027 36381 18079 F9F7DD3AD8F974A7C4BBBAC7700AB2921CB39B00E020E7297E243D73B5F39F58
10137287176 5913 24083 1AE970ACA4164EEA611ECADD31FEF5DB6E77BC6898018C1041E64B2121788281
10139443860 23140 64577 7C20F6CF1A09EEE4F40FE6F70B0F070213E4AE0B9599CF6348B0EAC781225457
10131620052 63088 19200 7C20F6CF1A09EEE4F40FE6F70B0F070213E4AE0B9599CF6348B0EAC781225457
10134089040 31168 9025 7C20F6CF1A09EEE4F40FE6F70B0F070213E4AE0B9599CF6348B0EAC781225457
10132406544 57335 47264 CC40DA6BED892CF2FF11D39DE8DA56EAEEB57516FF6FC961D4AE30A2889EF553
10134035179 48569 39561 65FD326B649D18F77D3C55D34A109A73B1332F6AD649F781B57D5D2D620635F1
10138322919 16579 3363 0069A476C4FDE34A7DC0C82FC66BCCC52208D4A4F8F800B172F1815550F14856
10135563612 45683 16640 5E9084CE158FE840A6CE466D09E265F51CA0DE8D62669473AA5AB350EB8ECDC0
10131798356 27931 27518 D89A49F862264D2951E21D7825EC6E071B7172515F2B1A802B112A8DF7005ED7
10132020676 20218 46497 7C20F6CF1A09EEE4F40FE6F70B0F070213E4AE0B9599CF6348B0EAC781225457
10135029611 32146 19602 7C20F6CF1A09EEE4F40FE6F70B0F070213E4AE0B9599CF6348B0EAC781225457
10129727237 53011 1451 31319E08E7C63DE58CA3A5F17EC40EF6012D0CF2F5BD07324CD744278CFB6B10
10137569416 15988 55861 7C20F6CF1A09EEE4F40FE6F70B0F070213E4AE0B9599CF6348B0EAC781225457
10138744759 5306 9940 7C20F6CF1A09EEE4F40FE6F70B0F070213E4AE0B9599CF6348B0EAC781225457
10130020739 18490 23902 7C20F6CF1A09EEE4F40FE6F70B0F070213E4AE0B9599CF6348B0EAC781225457
10135539266 56822 56874 7C20F6CF1A09EEE4F40FE6F70B0F070213E4AE0B9599CF6348B0EAC781225457
10138315623 53658 8464 7C20F6CF1A09EEE4F40FE6F70B0F070213E4AE0B9599CF6348B0EAC781225457
10129263303 53892 64675 7C20F6CF1A09EEE4F40FE6F70B0F070213E4AE0B9599CF6348B0EAC781225457
10138588080 49691 25177 98F5359E38650F272B55DEC3A5F31BA25D87B0C02F5BBFD891B1BD5401389960
10136898541 4570 63985 7C20F6CF1A09EEE4F40FE6F70B0F070213E4AE0B9599CF6348B0EAC781225457
10133857311 23003 60286 09A8DB3F0325E6150B6C9F593B1D0810470855C7D5230C74EE5D7882389F6D8A

Total of 0 tasks calculated error.
