Total of 100 tasks calculated correctly, accuracy 100.00% 
10186036683 49122 60186 7C20F6CF1A09EEE4F40FE6F70B0F070213E4AE0B9599CF6348B0EAC781225457
10177427010 13628 1312 7C20F6CF1A09EEE4F40FE6F70B0F070213E4AE0B9599CF6348B0EAC781225457
10179789922 62091 60330 17E45EB0D54DFC108F3B44974503776CAC4B0C3DC4F11CB6D29FABC4D3F4F8A5
10187089228 37290 50483 7C20F6CF1A09EEE4F40FE6F70B0F070213E4AE0B9599CF6348B0EAC781225457
10177314571 13139 12174 B687F457EA9048FD1CD8ADCAED0ED49A9F00E54559A81EAB712C56C4CFFB3407
10179110956 57900 19887 7C20F6CF1A09EEE4F40FE6F70B0F070213E4AE0B9599CF6348B0EAC781225457
10178976840 25212 5592 7C20F6CF1A09EEE4F40FE6F70B0F070213E4AE0B9599CF6348B0EAC781225457
10184446246 49188 15086 7C20F6CF1A09EEE4F40FE6F70B0F070213E4AE0B9599CF6348B0EAC781225457
10180502339 62936 7068 7C20F6CF1A09EEE4F40FE6F70B0F070213E4AE0B9599CF6348B0EAC781225457
10181758842 44903 16312 1B560EB07CD6865195013E9D28BF043BE6C8E476D9CCA92293295CF3AB6B5E06
10180020920 9965 1519 A953C75DD74BFD731B3D1B41DF18C0361391C4DB25C6DD4D7871838F1E0F61F4
10176446585 28219 1111 E6FEF9ED96A5FB0076742B39F5D8AFF626B817D70FEDA23A1B2BAF5BC65DF1DA
10185392120 39110 7709 7C20F6CF1A09EEE4F40FE6F70B0F070213E4AE0B9599CF6348B0EAC781225457
10185437017 63229 14812 4AC47E7A6961914D939EE9C456DD93F3AE0A0928CB5C73152151E54BBE16CA52
10181877507 42058 22033 7C20F6CF1A09EEE4F40FE6F70B0F070213E4AE0B9599CF6348B0EAC781225457
10179473224 37982 4306 7C20F6CF1A09EEE4F40FE6F70B0F070213E4AE0B9599CF6348B0EAC781225457
10183724133 64298 51143 7C20F6CF1A09EEE4F40FE6F70B0F070213E4AE0B9599CF6348B0EAC781225457
10183136617 54816 34716 7C20F6CF1A09EEE4F40FE6F70B0F070213E4AE0B9599CF6348B0EAC781225457
10187116017 38598 555 7C20F6CF1A09EEE4F40FE6F70B0F070213E4AE0B9599CF6348B0EAC781225457
10183367543 63143 664 BAB6BB0C7D89621F6BAA44EDC2D0F0E35DAA5BC251FA8B0DE69BEA6745E4AC83
10176735081 16852 9387 7C20F6CF1A09EEE4F40FE6F70B0F070213E4AE0B9599CF6348B0EAC781225457
10184470589 2923 33355 825D03C794455E23B4468926881175058C320BE1853E73ADC2483B096F58487C
10186516228 40801 12909 9798F22FE25763E8B260D43C75647BEE11546D7ECD5866A706C3C83CF1776212
10177681107 15783 19220 518800E6924C28D7D08BE4D8455E77C92D74C80B809F4A45928C963B702313B9
10180012189 29939 23932 BBC2A0265C9857DD0A0FD6554F0D9CEEFAB4B622F669033B1E5B1A5B380DA904
10184682939 6489 38664 FFC2A754E0786BE1AACE74AD2329B87685DF91195CABEDBEF990F44313501E1E
10186668191 56955 34739 86F54486569A6CD093A510657367DA5F1AAB7B51BB3DAB57ECC6F2873AE2B921
10185511492 8005 1718 3EB2A24C2DF6D7875C868E739C399A99D939B6A6B4F9C708B681F8DD5224EBC1
10185226445 31900 46981 7C20F6CF1A09EEE4F40FE6F70B0F070213E4AE0B9599CF6348B0EAC781225457
10177140492 39187 10801 ABFFC5DD91BFA1B9CDB8582D550026E1D858FC146EF03E9A1EB714755506DB82
10179871703 17056 25141 7C20F6CF1A09EEE4F40FE6F70B0F070213E4AE0B9599CF6348B0EAC781225457
10183843991 44546 48468 7C20F6CF1A09EEE4F40FE6F70B0F070213E4AE0B9599CF6348B0EAC781225457
10179440652 4111 16530 0B89E105D9DFB8F414E15AE9751E781BA647CC93ECE0E2CF963A0842F2AB4AA8
10181951961 439 48507 318465BF6D158421BA2132E07D8B648BE6BE2F025436F24B5AF5BB188874FDDB
10177059847 49057 41929 A9EF1458A6CEF5844F4D24880067E9BB904EA0B0221C34DD42C9919C862C8C49
10177105971 40987 24503 3B590F77A17E5C8BEA3B7BC4A07DEB5F3D96214B8ABFBCEBDF35074256B5B00C
10182881327 63151 64680 2239E397A857A551BF1789DAE46BC5F76E4E2FF5752C9EB5DA99EF12653D1161
10180760182 6752 54091 7C20F6CF1A09EEE4F40FE6F70B0F070213E4AE0B9599CF6348B0EAC781225457
10182335397 34348 19193 7C20F6CF1A09EEE4F40FE6F70B0F070213E4AE0B9599CF6348B0EAC781225457
10184447580 27399 41823 99115F052D82CC31B32028AFF2F3F6FB6D9B7010D50384773CC34C0B7C65D5CE
10181577044 3500 64741 7C20F6CF1A09EEE4F40FE6F70B0F070213E4AE0B9599CF6348B0EAC781225457
10187314886 55241 19128 109EB22A6C8CA9F24CE0AC1724939A066660D77A5BDBB678352CCE6145E2E069
10180120559 62259 61328 0C8DDB4D822F966E09D8C3194896D05617D18EB13220DBA28F44B4AFCD915394
10179256924 50830 590 7C20F6CF1A09EEE4F40FE6F70B0F070213E4AE0B9599CF6348B0EAC781225457
10181373063 48565 16975 382BEC4C5DAE32C210C2BB6369E428E85020BAF95A13115BAEDC2AFD31CB8088
10185250863 9082 23809 7C20F6CF1A09EEE4F40FE6F70B0F070213E4AE0B9599CF6348B0EAC781225457
10182729106 59977 54967 5CA5F56590C7E66998729779CEBEAD6B4704FEF0F68DBD84C326BB1657D15468
10186605640 6274 24060 7C20F6CF1A09EEE4F40FE6F70B0F070213E4AE0B9599CF6348B0EAC781225457
10177787772 50505 26177 144AF2A385D1F5F4D45410689C4C8D6C36E17DD751C80CF16AFC8CEBDDFB8657
10181797188 23816 44981 7C20F6CF1A09EEE4F40FE6F70B0F070213E4AE0B9599CF6348B0EAC781225457
10178746855 18043 48388 B031B43232E7B369965B80D24B8EC15A3AA5CCFCEB0A35C224A51EE8B7511175
10178321370 27242 34343 7C20F6CF1A09EEE4F40FE6F70B0F070213E4AE0B9599CF6348B0EAC781225457
10177661993 64981 57401 15E11D1BA1860866B4CEC2079CE793F8EAFFC1F31203253DEA0C0B1F1FE316DB
10182381837 56956 13146 7C20F6CF1A09EEE4F40FE6F70B0F070213E4AE0B9599CF6348B0EAC781225457
10179452227 38039 513 BD8954618EE715FE0746957314D35BBD9B1BF1F7696ABCF6FDEAD158C7EDB334
10185830911 43586 49397 7C20F6CF1A09EEE4F40FE6F70B0F070213E4AE0B9599CF6348B0EAC781225457
10179271735 28819 61905 C4A69D879C765ECE318F91E49D5357F8C8E0F9A67A69D4CB9D2345773F49F269
10184642472 48084 9477 7C20F6CF1A09EEE4F40FE6F70B0F070213E4AE0B9599CF6348B0EAC781225457
10183981670 28359 46912 80441B42D468A297F0CBE8247BD18525F4213DFC10283C229AE2D66199DE3D19
10187776404 61815 60558 507F4245863B501CE82BBEA23AD19BAC0A52298C1FC9952409ABDEE2E138E42E
10184045566 42189 41118 BAA54BFB14A3E93FE4F346CD998E712AE780DA59C1DF212CEC9C77752CF8EBB5
10178343770 30698 8915 7C20F6CF1A09EEE4F40FE6F70B0F070213E4AE0B9599CF6348B0EAC781225457
10186202880 63160 9361 7C20F6CF1A09EEE4F40FE6F70B0F070213E4AE0B9599CF6348B0EAC781225457
10181361945 12901 50861 04ADE15C04F6FF9C5148A0B3B7FD39514049DEBBA970FC84BBE0870568168241
10186884244 35059 58671 17E86A5659CC65CF1249D4F67D7CACFFB5B81464B4F5F053BB52D30046CB3D08
10187149609 55029 20663 602F18C4C0B32E1D0E79CEF40A8C43856B574555729264D594B61B8A9E123D0C
10178120126 45270 63789 7C20F6CF1A09EEE4F40FE6F70B0F070213E4AE0B9599CF6348B0EAC781225457
10176530876 52542 33609 7C20F6CF1A09EEE4F40FE6F70B0F070213E4AE0B9599CF6348B0EAC781225457
10177544409 308 42530 7C20F6CF1A09EEE4F40FE6F70B0F070213E4AE0B9599CF6348B0EAC781225457
10180256381 5991 22057 F0CE1DF82EACF067B3C7EA514BE419D8176BC37F923BF670F7CA433C6FF53E2F
10179250429 51916 39978 7C20F6CF1A09EEE4F40FE6F70B0F070213E4AE0B9599CF6348B0EAC781225457
10179885581 56944 2749 7C20F6CF1A09EEE4F40FE6F70B0F070213E4AE0B9599CF6348B0EAC781225457
10186529947 55912 7013 7C20F6CF1A09EEE4F40FE6F70B0F070213E4AE0B9599CF6348B0EAC781225457
10177695716 38737 14613 AE7753499FFB6021EFA43260AC6DB7295EA5B271C9D9DE931F657C80F3107541
10178509934 41250 36424 7C20F6CF1A09EEE4F40FE6F70B0F070213E4AE0B9599CF6348B0EAC781225457
10186290748 64573 12806 697B99ED527EE5F0D5401F72B9B8FF31BAD0233F2E682BC62CFCBB0E468CB669
10177709957 18146 35667 7C20F6CF1A09EEE4F40FE6F70B0F070213E4AE0B9599CF6348B0EAC781225457
10188255761 46190 22457 7C20F6CF1A09EEE4F40FE6F70B0F070213E4AE0B9599CF6348B0EAC781225457
10181887641 34777 4701 89D084C2D6AD2BEA04E11B01EB5E69CB6CF83D9C90F6D18784BA4AB0F907C6CA
10179962619 29020 32230 7C20F6CF1A09EEE4F40FE6F70B0F070213E4AE0B9599CF6348B0EAC781225457
10177610596 23688 9108 7C20F6CF1A09EEE4F40FE6F70B0F070213E4AE0B9599CF6348B0EAC781225457
10184846567 30852 7865 7C20F6CF1A09EEE4F40FE6F70B0F070213E4AE0B9599CF6348B0EAC781225457
10182490114 46082 806 7C20F6CF1A09EEE4F40FE6F70B0F070213E4AE0B9599CF6348B0EAC781225457
10186614879 50630 19724 7C20F6CF1A09EEE4F40FE6F70B0F070213E4AE0B9599CF6348B0EAC781225457
10176583872 49012 25612 7C20F6CF1A09EEE4F40FE6F70B0F070213E4AE0B9599CF6348B0EAC781225457
10179046163 42261 43907 EE3A02D8DF02A09B39DEE18EB8CC6DC47EC92B6033D59ABF1EF06EEF033C9AAA
10179245140 27639 51238 F250B26209CDAC5C3637503708C42954726E0F705DCCAF2FD67529A98D895730
10177035974 41820 51833 7C20F6CF1A09EEE4F40FE6F70B0F070213E4AE0B9599CF6348B0EAC781225457
10182707356 26712 27765 7C20F6CF1A09EEE4F40FE6F70B0F070213E4AE0B9599CF6348B0EAC781225457
10178833051 26082 44145 7C20F6CF1A09EEE4F40FE6F70B0F070213E4AE0B9599CF6348B0EAC781225457
10187345682 20650 18619 7C20F6CF1A09EEE4F40FE6F70B0F070213E4AE0B9599CF6348B0EAC781225457
10184618583 36905 34368 0C399E6A615E4E1563C17C00F70C079BFE5C576FFBBD4426C9261D307DDC0A1A
10183039230 57855 43606 E70EA66F58C81EA4523470845B9500722BE6E1599682CF8449AF4BABC08CB47E
10182787290 51861 6421 D5A98E5C9BE6A4CF7EBC7263D2F2BF2951323469307B4A3D42552EE72CA9B1D1
10177904816 7525 28500 BEA76C994C255CFC3CE58798394CBFBBE9C47F50D38D08D0508C16FE027A7DFD
10179073820 74 47775 7C20F6CF1A09EEE4F40FE6F70B0F070213E4AE0B9599CF6348B0EAC781225457
10188087413 55466 62015 7C20F6CF1A09EEE4F40FE6F70B0F070213E4AE0B9599CF6348B0EAC781225457
10180466008 28136 63651 7C20F6CF1A09EEE4F40FE6F70B0F070213E4AE0B9599CF6348B0EAC781225457
10179378352 37917 52592 D4A19A95DA44662418791658CED462F5D8D86DBC1CE3C07BD32D2F97A6534D60
10178115035 57110 51229 7C20F6CF1A09EEE4F40FE6F70B0F070213E4AE0B9599CF6348B0EAC781225457

Total of 0 tasks calculated error.
