Total of 100 tasks calculated correctly, accuracy 100.00% 
10222253775 3162 61349 7C20F6CF1A09EEE4F40FE6F70B0F070213E4AE0B9599CF6348B0EAC781225457
10220549489 18565 5805 769850EBC52E4CB468E6C3A1242137A524D40A8C3D75C3822161E8E9F0B36D6B
10217888708 545 3403 58F53D8164ED055A182219BC06494442C589C15510C4D314B52E045CFCBD5A54
10216359189 49475 43853 C3295026742419E3647A0D82B384077AD46D1E4F634745038131CCEA7BAF5981
10222544767 59194 35251 7C20F6CF1A09EEE4F40FE6F70B0F070213E4AE0B9599CF6348B0EAC781225457
10214746218 19623 56127 AFBB61624D9964798846F06F187DDB5EAB729DF82DBBB010A401961D6F9D6647
10223440997 2274 30337 7C20F6CF1A09EEE4F40FE6F70B0F070213E4AE0B9599CF6348B0EAC781225457
10221280363 35726 28140 7C20F6CF1A09EEE4F40FE6F70B0F070213E4AE0B9599CF6348B0EAC781225457
10220220331 60905 50756 D564CB1CF626B5D98DE1A998F5D3DD46E37F575FD3E260657F3E63CBCA6F5CFC
10215113107 54707 63687 963A19EA7079BDDB90F1ADDEF26DA5E9A10B47E2F5957D90B9ED90D442468186
10217120319 47113 7949 8D4C423FB9592FB21E962C11656675461869BC41A4671E39FD16F54B94E3BAC1
10217470980 4472 6339 7C20F6CF1A09EEE4F40FE6F70B0F070213E4AE0B9599CF6348B0EAC781225457
10224018754 49750 12302 7C20F6CF1A09EEE4F40FE6F70B0F070213E4AE0B9599CF6348B0EAC781225457
10217344020 11236 61881 7C20F6CF1A09EEE4F40FE6F70B0F070213E4AE0B9599CF6348B0EAC781225457
10220172387 51576 25528 7C20F6CF1A09EEE4F40FE6F70B0F070213E4AE0B9599CF6348B0EAC781225457
10222052701 53465 8533 7DCF70402B4AAC91FB15A5F08E83CE688E66A8ACBF0ED433FFCC48EFE304A694
10222592935 18549 25473 6803ABAF5D554907E0F1701357F03E9178D726F2336B0BA4255A8437396122FA
10219746178 43478 52266 7C20F6CF1A09EEE4F40FE6F70B0F070213E4AE0B9599CF6348B0EAC781225457
10219516240 15599 7923 80BA1D0B675F0F657909217B8C25E17E30B1FBE11D7644C3CCCCAE504D9A3750
10220983454 9825 29931 7998474D7E5BBC0D48E65CF8B01F616931C9A243AD06A183CD0B4E870C7E265A
10221756483 13203 61342 1A0A734F545AFB8C676D59CAC105E3D19A9F9E8A77756C1D5B8FC05BEEE5CB81
10218051504 29925 61480 8A576942D212603EF48B638EA04FFCF65BB14C65BC5E8C4484D91D5557B01C11
10214768419 51308 25409 7C20F6CF1A09EEE4F40FE6F70B0F070213E4AE0B9599CF6348B0EAC781225457
10217647032 44622 17148 7C20F6CF1A09EEE4F40FE6F70B0F070213E4AE0B9599CF6348B0EAC781225457
10220351047 52774 42272 7C20F6CF1A09EEE4F40FE6F70B0F070213E4AE0B9599CF6348B0EAC781225457
10220105790 50041 26623 573915FBF86598A4B9D1E58CFCCC5F38C2CB1A50639E5ED6CE9B4CAC55F619F9
10218735732 26072 19125 7C20F6CF1A09EEE4F40FE6F70B0F070213E4AE0B9599CF6348B0EAC781225457
10221749763 3808 6676 7C20F6CF1A09EEE4F40FE6F70B0F070213E4AE0B9599CF6348B0EAC781225457
10214138472 57911 58069 EA6D6D2DCE46F70CE786B487E2DE698598ED98241183BE3D53C372B7D7DD93D1
10216681808 37929 7635 4FC00D4DF0653CC5EFEFBA128828DAC168E0BBC21DB09844EAD7313A5FD31ADB
10221253967 29520 36216 7C20F6CF1A09EEE4F40FE6F70B0F070213E4AE0B9599CF6348B0EAC781225457
10217197934 3541 8442 4B09F37B35D2F3472135091C43F1249A1BBBC64F0308D61DB816F15FA466EA4D
10216361302 43822 64822 7C20F6CF1A09EEE4F40FE6F70B0F070213E4AE0B9599CF6348B0EAC781225457
10216212434 4342 20997 7C20F6CF1A09EEE4F40FE6F70B0F070213E4AE0B9599CF6348B0EAC781225457
10217485131 10166 17928 7C20F6CF1A09EEE4F40FE6F70B0F070213E4AE0B9599CF6348B0EAC781225457
10221048258 56150 30630 7C20F6CF1A09EEE4F40FE6F70B0F070213E4AE0B9599CF6348B0EAC781225457
10222720179 38455 15639 46795D54CE0FB4BB6A97B95CD5E41CF47BB0A702BE82BC7177833E2101909268
10220098850 36400 1921 7C20F6CF1A09EEE4F40FE6F70B0F070213E4AE0B9599CF6348B0EAC781225457
10220296633 54820 19860 7C20F6CF1A09EEE4F40FE6F70B0F070213E4AE0B9599CF6348B0EAC781225457
10215935864 56150 41998 7C20F6CF1A09EEE4F40FE6F70B0F070213E4AE0B9599CF6348B0EAC781225457
10218254881 5872 21405 7C20F6CF1A09EEE4F40FE6F70B0F070213E4AE0B9599CF6348B0EAC781225457
10221033000 14152 35522 7C20F6CF1A09EEE4F40FE6F70B0F070213E4AE0B9599CF6348B0EAC781225457
10216921567 44145 11511 98A6D7056DD83BA57387ABEA1276A93189068D71A045BB41719D00C8F5AB1677
10219541478 64878 58184 7C20F6CF1A09EEE4F40FE6F70B0F070213E4AE0B9599CF6348B0EAC781225457
10214944481 35546 15708 7C20F6CF1A09EEE4F40FE6F70B0F070213E4AE0B9599CF6348B0EAC781225457
10217572815 50126 59551 7C20F6CF1A09EEE4F40FE6F70B0F070213E4AE0B9599CF6348B0EAC781225457
10219288444 58083 53698 6372A40631D7FCEFC72D4798EFBA5680EECE62A53AF945797FCD3A4EB0242C49
10214471459 17648 18522 7C20F6CF1A09EEE4F40FE6F70B0F070213E4AE0B9599CF6348B0EAC781225457
10214965434 37223 19867 AA7954AF17AFCD8FA3AE4A05729E7B68E11A1C703D9A26E7BBCC6C1E5BEA843F
10218721353 42562 5211 7C20F6CF1A09EEE4F40FE6F70B0F070213E4AE0B9599CF6348B0EAC781225457
10216041178 40587 24068 AF2D0297F06684D8AFA2A7736595EA440585AF3FD84E8DB03C065D50C640B61B
10215792718 13354 9361 7C20F6CF1A09EEE4F40FE6F70B0F070213E4AE0B9599CF6348B0EAC781225457
10214533476 32597 63035 36794293BFE6E50EF4C1958FA03DCD304D877820E010FE520FF6F9BC3FBF30D7
10223529905 39463 54227 A26F96E6C3C1CB60B5D8292FE3275D8F33F8D22C84939A511CA3C60D00D1F8C3
10216218267 9994 15894 7C20F6CF1A09EEE4F40FE6F70B0F070213E4AE0B9599CF6348B0EAC781225457
10220939059 45880 63647 7C20F6CF1A09EEE4F40FE6F70B0F070213E4AE0B9599CF6348B0EAC781225457
10215492836 7059 21893 10DD530FD73BEBA5C2042621A91304556E948C8A08B2037FDC5D100084E09FB3
10213449116 29646 26785 7C20F6CF1A09EEE4F40FE6F70B0F070213E4AE0B9599CF6348B0EAC781225457
10218864821 5473 53708 C8405559FD83131B53D5DB2427C06092742BCA88C0F4DD9D1C5B22AAF417A8FF
10221706737 54849 8648 EE46C61E6DD8D6D5A8580859AE475EF63262A9943E8D7B16FAF9638BC3125B2D
10224269849 18094 54526 7C20F6CF1A09EEE4F40FE6F70B0F070213E4AE0B9599CF6348B0EAC781225457
10217309817 63159 27908 9C9275A2D979F3E3EAFF240F20DDD29B825FAF047C41A3B5EFF58D1B78FBCDE1
10219897573 55292 8977 7C20F6CF1A09EEE4F40FE6F70B0F070213E4AE0B9599CF6348B0EAC781225457
10212679506 7063 6397 7DB612E5CD0735C6A39373579CF983E43C5EB258A56AD6C35D27296C09E2D969
10218337283 40665 49736 C88D6038C872A150C8BD3F3248B6BA69E2A60BBC71A60299555D2DE5FED17D70
10223153478 58329 31271 4DFFB8363F547C741BA563E7ADA25434F52C9DED75E562CBB18F009A0B5575E5
10223792248 48019 5690 FCE79FCCCB8BB680C72EA9C3919B6CA00F8130B90E21688C58074AAE53F4C11E
10220312624 18393 18290 6663E9CBFF8F1721526DF0BF016A227837E61D9C5A9DC1B95978885032F3F8EB
10216099538 13915 30879 511F46FEE36BAB2B32D30D3C7B38D0BC79ED64B277776F6A7AF29F7733A45E5F
10213623925 34586 11221 7C20F6CF1A09EEE4F40FE6F70B0F070213E4AE0B9599CF6348B0EAC781225457
10213036434 63725 21886 DEC033986A17CD28EDFCE8972D2F50982B4178E05E52751D5FA52157B30BA8EA
10221518409 26985 5823 F33CB37E788FFA8C7AA81F5509C5CDB9079AE6E0D3B52F6F653D9A58B7935C03
10216332338 33379 22331 29B555ABE7029CA8829D5BADC5AEF67D3D66D7EB2B5E2DB648560A011E5AD8AE
10219433695 61215 20813 E633F8B55A404181DE83E30DF0F4C4FE1F1F480F3AB4AB37DA8FF38DA6A85434
10224288957 46287 64832 FBD0CCEE85BB7F18E6D79ABB5FF7911C88C232B520A4CF137449EAACBB6C9129
10215175215 39222 14090 7C20F6CF1A09EEE4F40FE6F70B0F070213E4AE0B9599CF6348B0EAC781225457
10216310901 43121 21045 E76155FE320BE402DD9BE192F6DD532D388451AA63FF33596060B666DC08DCF1
10222523269 34531 20634 91354AF5858332C706BD1869D90A59A5933E47F706FA3D1790ADB145BC927C17
10219792958 13384 57684 7C20F6CF1A09EEE4F40FE6F70B0F070213E4AE0B9599CF6348B0EAC781225457
10220665150 51730 19971 7C20F6CF1A09EEE4F40FE6F70B0F070213E4AE0B9599CF6348B0EAC781225457
10220290469 61695 51914 1735E791B96B2493C74293ACDF9A391995B312B2F44BAFD1AF9F38BD70E21D3E
10217413544 39190 5154 7C20F6CF1A09EEE4F40FE6F70B0F070213E4AE0B9599CF6348B0EAC781225457
10215650590 28325 40834 210C859991A3B8BABBE3A4ABF3728228316E5483FDEF344F3447E6EF6364241A
10217229452 25452 40605 7C20F6CF1A09EEE4F40FE6F70B0F070213E4AE0B9599CF6348B0EAC781225457
10224277373 3994 18388 7C20F6CF1A09EEE4F40FE6F70B0F070213E4AE0B9599CF6348B0EAC781225457
10212610406 54973 35451 85EA68B581B6046BAB4459F9FA4CED08A9131516841008FD0A931B85DAF5D724
10219886558 11055 60622 2890C9F26C14EBD07B260D8E0304C463B6C9A27111030643173036872E75792F
10220599786 60957 23000 5A341677FD694B6C0808BCD8B99CB84D64D186A249742933A804D5EBE9E3A78F
10213591203 8586 34250 7C20F6CF1A09EEE4F40FE6F70B0F070213E4AE0B9599CF6348B0EAC781225457
10217785663 3881 27698 2809ABE0D9EACD64CB046D5A48D2B81082F3C792970C50DA9678F422243455BD
10220405749 64888 57796 7C20F6CF1A09EEE4F40FE6F70B0F070213E4AE0B9599CF6348B0EAC781225457
10220205165 874 27879 7C20F6CF1A09EEE4F40FE6F70B0F070213E4AE0B9599CF6348B0EAC781225457
10222844997 58084 9498 7C20F6CF1A09EEE4F40FE6F70B0F070213E4AE0B9599CF6348B0EAC781225457
10216116972 29061 27470 F9625960A4B29CC4F3078C8B1882944673A652E5ECB04CBB098A4D9E8B442841
10213842495 496 28509 7C20F6CF1A09EEE4F40FE6F70B0F070213E4AE0B9599CF6348B0EAC781225457
10213160886 40206 41595 7C20F6CF1A09EEE4F40FE6F70B0F070213E4AE0B9599CF6348B0EAC781225457
10216707786 11929 59225 DF959F6574F00DEF9FCC314103BE25310C3163B8C48863F73C4FE55072870983
10222884111 13995 5370 F3E28A0367300F7DE828BF91C41F2673A67793804CBF52F5B6DA6166F5687DB6
10218523710 48477 33494 82CC364657FFE70E9549FED2ABE5806AA16043A2AE369940AD5A103A447AFD7A
10223333222 5473 19457 37541E368243FCAD4490B81500885D9561BBAE6FA4D8A4C3F3817ADF8155F580

Total of 0 tasks calculated error.
