Total of 100 tasks calculated correctly, accuracy 100.00% 
10228164684 28308 57635 7C20F6CF1A09EEE4F40FE6F70B0F070213E4AE0B9599CF6348B0EAC781225457
10231120693 40208 27561 7C20F6CF1A09EEE4F40FE6F70B0F070213E4AE0B9599CF6348B0EAC781225457
10236273941 37241 4691 D1A93579E4C4C6DC9A7B10FFD5D0E3F42245304B4524D53684C563E55C0F2FCE
10235146849 43210 37330 7C20F6CF1A09EEE4F40FE6F70B0F070213E4AE0B9599CF6348B0EAC781225457
10235791925 32659 50579 B4C7E9EFC80576EA314D2E953EC1FBE170DA343B3A386D5A7F10943196AEA209
10226338206 38747 50146 122B9AC5A997346C28FA1F392F582BF424F2D830EF070EE43943A149DF4276F8
10230029407 18658 27207 7C20F6CF1A09EEE4F40FE6F70B0F070213E4AE0B9599CF6348B0EAC781225457
10236294934 3927 24460 602A0071E12CCE485B4E2CB95253EC685708F848E4CA197887F21EE0005A3C41
10234269252 3473 23842 5033929CDF982E61C79FEBDB708D318B501B215C5AD7EBF7358F7E559748B535
10227643033 38942 26618 7C20F6CF1A09EEE4F40FE6F70B0F070213E4AE0B9599CF6348B0EAC781225457
10234862449 59150 49816 7C20F6CF1A09EEE4F40FE6F70B0F070213E4AE0B9599CF6348B0EAC781225457
10229636123 56732 8693 7C20F6CF1A09EEE4F40FE6F70B0F070213E4AE0B9599CF6348B0EAC781225457
10228625543 53864 28163 7C20F6CF1A09EEE4F40FE6F70B0F070213E4AE0B9599CF6348B0EAC781225457
10227168645 42916 7026 7C20F6CF1A09EEE4F40FE6F70B0F070213E4AE0B9599CF6348B0EAC781225457
10229156992 49561 55755 BC084A8F0B3EFD3F398996C07500305A89D6994501EA799F2DE3648D874EFAFA
10226779260 54123 48597 E50F528EAFE41254FB1C18C42228E738006172CB1FFC3D38A9397A2E0180E8F6
10235705859 2163 6406 D0268A4DB47BF949B0226DBC0F52EE086306C5707C46D0DF6DF1DC2B1CE03546
10234938439 8711 56592 789DA04E8A47611D7B602C72CBA9B59902FBDC29A22979EAAB452374D3F42110
10233683735 63879 8186 5E3EECF5B3620B9B05EC6D60C6E09FA469A00B58F2927182B4F2C96EDB87B952
10226426206 55037 58448 1150FA2F39D9368BD8DA1848DAB66744331657A6889035DB5A101E38F7101701
10226624553 33929 6589 11EDFAA7D17023F1D2F99B76B4C25289379BD061EEAFAD25CD1B4BDBC5708D4A
10229598338 53362 49044 7C20F6CF1A09EEE4F40FE6F70B0F070213E4AE0B9599CF6348B0EAC781225457
10235952854 16480 18696 7C20F6CF1A09EEE4F40FE6F70B0F070213E4AE0B9599CF6348B0EAC781225457
10227383670 6012 12529 7C20F6CF1A09EEE4F40FE6F70B0F070213E4AE0B9599CF6348B0EAC781225457
10227001060 29821 10669 EA75848EC72BE0B8648B6C8B6AF0F0630C9A8392D0F3CAE6957223D236CD0A6A
10225526862 34288 45502 7C20F6CF1A09EEE4F40FE6F70B0F070213E4AE0B9599CF6348B0EAC781225457
10230165375 54383 48200 964509253078171C3ED9BF05BE12CE1A5C798D20351F0F8A39669571FC77B758
10233597595 9791 45394 15D91CAE4B658D907487B5BF4738DDFEAE66A23432C68979EF647BFD0CFCCFB4
10228967085 47359 21194 C74C3E47D152F9B0C600A2F26D7C82E223019E39DCFAB1B11A98ABB765AA99AE
10227391339 58008 61775 7C20F6CF1A09EEE4F40FE6F70B0F070213E4AE0B9599CF6348B0EAC781225457
10236004585 49899 31617 4B033D0FA825DD7E8A0A658F941B02A17D7AC6AE3A0BE2B3E381A3232A511040
10234794867 47244 28571 7C20F6CF1A09EEE4F40FE6F70B0F070213E4AE0B9599CF6348B0EAC781225457
10228883342 44737 46940 DE437887EDC613944ED5215A2E1E3BE5EC0E97A6DA9BBF4CC52532FC62A7CC0B
10224971507 62781 25935 C2301F01925ED4B8BA1B58CF5FD26BE93DD1C292B353B765F702285CB388C92F
10226963401 57501 426 EA04F4A4B8D5B8D644FBD81283710E612FFE6F5EF503D727277D7DD12E82298A
10226422909 566 5328 7C20F6CF1A09EEE4F40FE6F70B0F070213E4AE0B9599CF6348B0EAC781225457
10233172061 50027 50603 F00266F93941C5542BA7A3D0C9340C85848CF5B9484ADB2C8E8CFCFDA9383D90
10225351387 56923 60821 885CEAF367D9AFDFFD9EF82F293911C0CB7A052BABCD75D6AFD68CA33649A114
10234389612 2632 50633 7C20F6CF1A09EEE4F40FE6F70B0F070213E4AE0B9599CF6348B0EAC781225457
10234262064 54612 38481 7C20F6CF1A09EEE4F40FE6F70B0F070213E4AE0B9599CF6348B0EAC781225457
10227700639 30655 59877 D166648B96F95060654D91411DA9E0D094DAC537C9C9AA29AE0200491942BFB7
10233638591 18612 44692 7C20F6CF1A09EEE4F40FE6F70B0F070213E4AE0B9599CF6348B0EAC781225457
10234335953 32641 18464 6B38F1F2339B41121DE2739BA273FF7CF9743626AE1F802BE40116DCEE111DA5
10226142490 22503 55519 29B8091A66EF28A310D8686DAE35658EA0009CF4C18FAFCDA51EE70E5A7B93ED
10234311990 27940 44141 7C20F6CF1A09EEE4F40FE6F70B0F070213E4AE0B9599CF6348B0EAC781225457
10231406226 2450 7050 7C20F6CF1A09EEE4F40FE6F70B0F070213E4AE0B9599CF6348B0EAC781225457
10224677173 7168 25262 7C20F6CF1A09EEE4F40FE6F70B0F070213E4AE0B9599CF6348B0EAC781225457
10231174083 26669 29906 496169580A8AFBA34958DD3B4C623920B5CAD964072F1086713A28AA4A8E9EAB
10232947088 16949 11876 34027D6DD2614DB1120EC2E1E114B97FD49A2001846A9F2D73BC38DB69CC96C1
10235167908 22717 59713 14A0D1FA06138F5EDE57CC1941AA5F755E0F1588076457764BA30D6C7B57D5DA
10230227920 23948 27532 7C20F6CF1A09EEE4F40FE6F70B0F070213E4AE0B9599CF6348B0EAC781225457
10235933751 59655 62991 31A86653A577FB18E2A8ACCAEB944CEE7BA53FD385292F63BB480A3B432D1EA9
10225792202 9025 29979 CD6270B6F499D4A8E34ABF081509FA55651A449FD2421D60F1C6CE1C57162C5C
10232954468 2468 51136 7C20F6CF1A09EEE4F40FE6F70B0F070213E4AE0B9599CF6348B0EAC781225457
10234163571 21461 11208 706F6C2047F9CF0D027035FCCFF1C66FDDEAD67EF1404210821C318299C8F408
10227443878 4449 31946 D080175E16C4A2556B72CF61654EAD761C3B0291CD26E20931C60A3402C5862E
10235431725 46669 29925 CA7E7E5F4BFBC5648FA70C12837B16B90EEE425E04BB3982703C0CE36F7FA5D4
10228840152 26033 50579 4A0E465C72F5603FECC1022D3D553B3315233DB61DCE2CD4432B28DA2E54E3F5
10227891179 18042 36211 7C20F6CF1A09EEE4F40FE6F70B0F070213E4AE0B9599CF6348B0EAC781225457
10230098023 30456 32675 7C20F6CF1A09EEE4F40FE6F70B0F070213E4AE0B9599CF6348B0EAC781225457
10232612781 54761 49618 D5154315CF098ACFDD9015CE587D27361FF8C0BDC1061BA746AAB4DD7278E21B
10234425281 47894 1300 7C20F6CF1A09EEE4F40FE6F70B0F070213E4AE0B9599CF6348B0EAC781225457
10229033223 7473 51144 E9587C1C63908191175F94592403657641CFD4F64025B914AA75D4A983E94E9D
10229324391 16734 14124 7C20F6CF1A09EEE4F40FE6F70B0F070213E4AE0B9599CF6348B0EAC781225457
10229341706 60802 27185 7C20F6CF1A09EEE4F40FE6F70B0F070213E4AE0B9599CF6348B0EAC781225457
10234411316 10521 59122 ED84A0BC345BF96ABCC38B7A3582359206B2FEAC94D15D33CB36EDA6F96164EB
10232820162 58038 4734 7C20F6CF1A09EEE4F40FE6F70B0F070213E4AE0B9599CF6348B0EAC781225457
10226125357 21842 63630 7C20F6CF1A09EEE4F40FE6F70B0F070213E4AE0B9599CF6348B0EAC781225457
10228735487 28504 22161 7C20F6CF1A09EEE4F40FE6F70B0F070213E4AE0B9599CF6348B0EAC781225457
10233960785 55542 9698 7C20F6CF1A09EEE4F40FE6F70B0F070213E4AE0B9599CF6348B0EAC781225457
10228328267 57054 58283 7C20F6CF1A09EEE4F40FE6F70B0F070213E4AE0B9599CF6348B0EAC781225457
10231644739 2651 43993 8110710AAC4B7F750878130FF0EBB345B3642C9C5351DDDEC1B5EC2C9AB7E7A2
10235939889 51500 31421 7C20F6CF1A09EEE4F40FE6F70B0F070213E4AE0B9599CF6348B0EAC781225457
10227013462 40485 37202 0EB11912BA834388D841B5A07923C8456119FD3DF9621B51DDD7D180C607D89D
10235463760 43438 3217 7C20F6CF1A09EEE4F40FE6F70B0F070213E4AE0B9599CF6348B0EAC781225457
10233663397 15915 12575 33694309E07C9EAFB82646360441478E54AF44A35EA6BF680A80E6F03A12A0D6
10235398492 57406 39858 7C20F6CF1A09EEE4F40FE6F70B0F070213E4AE0B9599CF6348B0EAC781225457
10229528718 59502 51685 7C20F6CF1A09EEE4F40FE6F70B0F070213E4AE0B9599CF6348B0EAC781225457
10227201770 34359 29119 172080ABC29A617ACD22186B0A38ACA37FA73B61FCDCF18AB61E999311D9F519
10234908251 28887 6253 22FB6ECD5787EC4E5C3C00DB25C94DD0B8FE6B10B9E468A9FC4CD3C13A8AEC54
10226221219 24390 45877 7C20F6CF1A09EEE4F40FE6F70B0F070213E4AE0B9599CF6348B0EAC781225457
10235268654 3175 36156 82E4FBF0857C2AAFE8BC3BA299921ACFF4B5FE3C01AEFF8255124A1B5B68216F
10228293196 28352 38092 7C20F6CF1A09EEE4F40FE6F70B0F070213E4AE0B9599CF6348B0EAC781225457
10228338031 715 37097 1B49A4B7A48E8EF129073E9D06487B941F6B1A7DF59FA20C30EA906A430DD12F
10229917374 28596 62062 7C20F6CF1A09EEE4F40FE6F70B0F070213E4AE0B9599CF6348B0EAC781225457
10235797179 45561 49859 F37501E3E5D224BA75D579C0AE97123DED65E1348C7CFF59F32EB2791F314898
10234449739 42781 2513 FD994C42BB994467D91B7672FE06F9258DCDF0336A3A848A7DEE4239E5739BDC
10227257067 64897 24601 048B63AF3DA9D7B302A37AB78A2E7146925044A61FAAA1A06064936F5A072197
10229547531 52188 56480 7C20F6CF1A09EEE4F40FE6F70B0F070213E4AE0B9599CF6348B0EAC781225457
10225481333 44717 36832 0DC7B10E17BE275AF02DE14197FC7F3E17988FDC706225D9C1D4BEAF808A1A3B
10229565460 6375 33747 7A96B19D41AD02B5BB6F1F534E6479F491E9B2E8C7EDD074FF9E1FC9F9A2E7E1
10231275004 17568 1714 7C20F6CF1A09EEE4F40FE6F70B0F070213E4AE0B9599CF6348B0EAC781225457
10227334293 55524 31179 7C20F6CF1A09EEE4F40FE6F70B0F070213E4AE0B9599CF6348B0EAC781225457
10235502533 64983 22626 2D9EBD2998782B55358EF6760BF70677FAAAE618109B756983525EBE3AA4E9D1
10234481088 18394 40439 7C20F6CF1A09EEE4F40FE6F70B0F070213E4AE0B9599CF6348B0EAC781225457
10230031475 58586 2556 7C20F6CF1A09EEE4F40FE6F70B0F070213E4AE0B9599CF6348B0EAC781225457
10233610034 7938 65461 7C20F6CF1A09EEE4F40FE6F70B0F070213E4AE0B9599CF6348B0EAC781225457
10231737626 28035 7005 BF0C220940B31D33FE91B849644D75114328FCA927EDFE07F6EC0CEB62BD46DF
10234984965 24623 1283 D8AFF409087642E125ED0CE42629BF1089A3805B2DB80695438F11C6C55EC575
10231683040 8544 25282 7C20F6CF1A09EEE4F40FE6F70B0F070213E4AE0B9599CF6348B0EAC781225457

Total of 0 tasks calculated error.
