Total of 100 tasks calculated correctly, accuracy 100.00% 
10239845232 29531 62554 1BB0C2613348CFC14424BFD49BA709D7C8BFD389EDAD3FB1399348AED1B8D6D3
10244781570 39903 46255 805015F2D219B74E991418BF1E7FF847C2F6C9C72CBBF1BCEA6D2CC1F328B0BF
10241001416 15114 55698 7C20F6CF1A09EEE4F40FE6F70B0F070213E4AE0B9599CF6348B0EAC781225457
10244044476 33097 24793 C869795E9BD9ABFDCCC06813DB3CB8066E2FA3EFE6C4DEDBCCCA06068B31F2BB
10245476564 3270 8203 7C20F6CF1A09EEE4F40FE6F70B0F070213E4AE0B9599CF6348B0EAC781225457
10245791405 20540 6613 7C20F6CF1A09EEE4F40FE6F70B0F070213E4AE0B9599CF6348B0EAC781225457
10238876186 65412 2138 7C20F6CF1A09EEE4F40FE6F70B0F070213E4AE0B9599CF6348B0EAC781225457
10242721340 30609 40784 5810F8D07F7D48024BB88736F119F04433B3D384D6AA099085C6B01941901F7E
10237190887 48696 38492 7C20F6CF1A09EEE4F40FE6F70B0F070213E4AE0B9599CF6348B0EAC781225457
10241434054 7265 27713 00404CA3A33513597DA0DC981485D589E250963AD06F6EF3EF6393EB5211198B
10244011087 6962 63696 7C20F6CF1A09EEE4F40FE6F70B0F070213E4AE0B9599CF6348B0EAC781225457
10245018624 60454 62860 7C20F6CF1A09EEE4F40FE6F70B0F070213E4AE0B9599CF6348B0EAC781225457
10244152764 15745 29567 EC7C77127A9BDBA80FA35985C4B4BFF901141046EFD82CBFCC5E8872E4776FF3
10238557738 59032 26670 7C20F6CF1A09EEE4F40FE6F70B0F070213E4AE0B9599CF6348B0EAC781225457
10239919498 56749 30753 85322D6264DB5EF5233BE04C1C7B6FF876EE9A09FE5A8A81543F6110C876F3EC
10238230561 44759 4993 4EFF9EB2C918E6E632220E97BCED7C53A2D28FA05AA5B909DF9340A5C0E1F1E5
10243324958 51686 20977 7C20F6CF1A09EEE4F40FE6F70B0F070213E4AE0B9599CF6348B0EAC781225457
10245629146 16744 22011 7C20F6CF1A09EEE4F40FE6F70B0F070213E4AE0B9599CF6348B0EAC781225457
10240696796 38933 47526 DA8ADF5B56FF1A4DA0A71DD766B0FBBD466676D16DB3A750FAB554A1160D7F6D
10239741389 36835 36811 CEDBBE87A1C8B37573796AC484F659CD77230C28AA68A0BEB3A96419B756AD08
10239969299 61217 32068 0809FE4B6F2EC314BCFF0472CA1A5AAA41FAB2FD09C41280F348C3350528A9B0
10244943668 13134 64827 7C20F6CF1A09EEE4F40FE6F70B0F070213E4AE0B9599CF6348B0EAC781225457
10245598037 46512 50262 7C20F6CF1A09EEE4F40FE6F70B0F070213E4AE0B9599CF6348B0EAC781225457
10241414737 5104 55496 7C20F6CF1A09EEE4F40FE6F70B0F070213E4AE0B9599CF6348B0EAC781225457
10242367531 13390 49172 7C20F6CF1A09EEE4F40FE6F70B0F070213E4AE0B9599CF6348B0EAC781225457
10242315265 413 45507 DDD21E46C2D15B5B86AD48E48B3AF822866E9377732DE10A575CF549982D78A8
10239731385 9641 30634 973BA667F5FB72DF76259F371529CF92E4903A52CFA4DA93782553A36FB0CA1A
10242034805 16335 23634 C9A560918A0AC2613B6335C8C34DF5C402892EB75B0B032C3E10216072947358
10237610246 49126 31640 7C20F6CF1A09EEE4F40FE6F70B0F070213E4AE0B9599CF6348B0EAC781225457
10243478495 54428 24765 7C20F6CF1A09EEE4F40FE6F70B0F070213E4AE0B9599CF6348B0EAC781225457
10241323536 11391 34925 DB9AEA30C78BD0DACD3F1B15D597C46C2D0413D4BE2B85125ED98824BDBA3051
10246736862 52302 48336 7C20F6CF1A09EEE4F40FE6F70B0F070213E4AE0B9599CF6348B0EAC781225457
10241736158 40251 26031 1A631DF3DBD9511B8A7BDB2501F04ED2CB18DED0CC217D07E17E186BF4D100CA
10237456398 14095 10593 045B40650F8ED6A64D2DA85DBEA4D91AF35F75D12BEAE169C9BB54A2AF0D5A79
10242665630 22990 49117 7C20F6CF1A09EEE4F40FE6F70B0F070213E4AE0B9599CF6348B0EAC781225457
10239134478 57031 45481 C4D3BF3DA114C0129D746A65ED173E2995B4EC114234D05A355855EB0ADE1DE5
10245281547 31525 34268 C6D4DE4174D132204B0D1D497497B35685DE3BF94757818E994040D6CC18A1C8
10248349523 21917 13179 369D6CE7FC95B5C9E63DE71B1736B525DF25ABCFD374CD3F790E63AFBD39F995
10243620960 45837 8980 29A0B6369157D60FFD941A03D659C98A0863227D8263F9D662EFC639F67B1471
10239061292 745 41043 EE9A6249AE6E23D069F34AFEC20A802A32034785B3731C53B5C2507506EB0B8E
10246562249 46806 32597 7C20F6CF1A09EEE4F40FE6F70B0F070213E4AE0B9599CF6348B0EAC781225457
10243300048 43619 18588 ADD50A07427250166C9640B4BB2BC047E9816B213922132EF1D41DF92EBC734A
10243377787 50042 42547 7C20F6CF1A09EEE4F40FE6F70B0F070213E4AE0B9599CF6348B0EAC781225457
10244702806 27218 25192 7C20F6CF1A09EEE4F40FE6F70B0F070213E4AE0B9599CF6348B0EAC781225457
10241518378 12472 48525 7C20F6CF1A09EEE4F40FE6F70B0F070213E4AE0B9599CF6348B0EAC781225457
10239057884 51686 30871 7C20F6CF1A09EEE4F40FE6F70B0F070213E4AE0B9599CF6348B0EAC781225457
10238812895 5734 3304 7C20F6CF1A09EEE4F40FE6F70B0F070213E4AE0B9599CF6348B0EAC781225457
10237744035 20925 31413 61C3B095AE6F7C6A687A269727402D2D5707AE8B92784ED6E9F92017950C252B
10245338679 54722 41344 7C20F6CF1A09EEE4F40FE6F70B0F070213E4AE0B9599CF6348B0EAC781225457
10240627099 5534 64362 7C20F6CF1A09EEE4F40FE6F70B0F070213E4AE0B9599CF6348B0EAC781225457
10243458803 31354 62592 7C20F6CF1A09EEE4F40FE6F70B0F070213E4AE0B9599CF6348B0EAC781225457
10239761602 28898 10618 7C20F6CF1A09EEE4F40FE6F70B0F070213E4AE0B9599CF6348B0EAC781225457
10242509740 43495 17542 132D0ED4665670298B1E96BEA51BA08DE917A67C4E3500DD2962F9F0757D330B
10239328701 41540 1908 7C20F6CF1A09EEE4F40FE6F70B0F070213E4AE0B9599CF6348B0EAC781225457
10245797521 58037 51338 1D0D886A120768EA04EE8096F63241BDC02DEDBD152AD6ACABE88A9AE2AEA6CD
10238703117 36466 24019 7C20F6CF1A09EEE4F40FE6F70B0F070213E4AE0B9599CF6348B0EAC781225457
10240952208 38658 27001 7C20F6CF1A09EEE4F40FE6F70B0F070213E4AE0B9599CF6348B0EAC781225457
10245591808 28616 31608 7C20F6CF1A09EEE4F40FE6F70B0F070213E4AE0B9599CF6348B0EAC781225457
10242205408 33229 61503 982509EDE9F5CE080E2FD1A5677FAAA1D534786B16C9786A076858C0A667D376
10246241258 40746 18352 7C20F6CF1A09EEE4F40FE6F70B0F070213E4AE0B9599CF6348B0EAC781225457
10242659198 64089 6424 5D5FD87DDB8A350D1D54AF7D74FB4EE3001155FC23D44E201C2A6747353D3CDD
10239055210 11676 18025 7C20F6CF1A09EEE4F40FE6F70B0F070213E4AE0B9599CF6348B0EAC781225457
10243390237 39668 23390 7C20F6CF1A09EEE4F40FE6F70B0F070213E4AE0B9599CF6348B0EAC781225457
10241485443 37100 8329 7C20F6CF1A09EEE4F40FE6F70B0F070213E4AE0B9599CF6348B0EAC781225457
10240221877 50705 53138 C613A8F86C3C964978B725A7D48736633ABD269205025C9F48F15763A5B2EB3C
10241260228 61291 59009 EA8F35DDE3B8AD36F207D54843E34FE9A5C1B1F561B1FEAD88E557535744164D
10243306645 14329 16043 DBBAD3EFF1E4E67B1D8E2EA2D80A1436EA74007940E5B8F8190801BB891241F2
10237433105 48698 15374 7C20F6CF1A09EEE4F40FE6F70B0F070213E4AE0B9599CF6348B0EAC781225457
10243428926 56262 36837 7C20F6CF1A09EEE4F40FE6F70B0F070213E4AE0B9599CF6348B0EAC781225457
10242640762 27683 17394 46064C7BC6127EC7B34528E0E1E6319098C0C2BA63A8D4123F47D32379E7BBFF
10237440049 27168 36746 7C20F6CF1A09EEE4F40FE6F70B0F070213E4AE0B9599CF6348B0EAC781225457
10237165393 47166 22164 7C20F6CF1A09EEE4F40FE6F70B0F070213E4AE0B9599CF6348B0EAC781225457
10239638252 35547 9605 60F9B9B1B6E2916B751DDF403614E58D1AD66C417B8FE3FC2B27AD8C7E78DF20
10242732277 41161 64610 7CFA60FA1B811DD0C1D53CB1B4E327BAD2372FCEA53E25A4C2AE0D3DCDC195E5
10246635456 15182 45293 7C20F6CF1A09EEE4F40FE6F70B0F070213E4AE0B9599CF6348B0EAC781225457
10237412426 35521 48979 70B10561247CD1C3B2D128DF87E1F0C8A1FCAA2790D9B183C6FBF49D70B195D3
10243436479 10649 60258 C8D467C8DF4D92A07C95EFF0EE41111C0B13AD83CB0F7ED4C6C93DCAACCBD848
10244291181 39257 8935 0BBAAD7D555E0B03B0F0586105B36BE1415953EB78A268B6A2C856450788EA08
10239499254 5925 37288 EC477556B94BE166475287BA4C0E638FF44B3FB1EEC50FEDCF8E9B7BCA5DF74A
10245087723 46257 57145 19CB25A9D9F499122C60CB84CC6EB9612E3C5B6952B10CCD4E2F0A60FF2AFED1
10238250496 62938 4136 7C20F6CF1A09EEE4F40FE6F70B0F070213E4AE0B9599CF6348B0EAC781225457
10246198866 44296 8649 7C20F6CF1A09EEE4F40FE6F70B0F070213E4AE0B9599CF6348B0EAC781225457
10236682266 99 59459 D37A1F7334A7D07377240F81C880481AC1CA7DCDC33E20953488D3BCA49F4AD4
10244917247 38370 16417 7C20F6CF1A09EEE4F40FE6F70B0F070213E4AE0B9599CF6348B0EAC781225457
10237764994 36046 59478 7C20F6CF1A09EEE4F40FE6F70B0F070213E4AE0B9599CF6348B0EAC781225457
10238290017 43897 8553 40242C6EE479D6994B2972FD82DCC618ECA8C17447D22B30B083F14ABB70EAFB
10239167248 37982 27623 7C20F6CF1A09EEE4F40FE6F70B0F070213E4AE0B9599CF6348B0EAC781225457
10239774782 38288 56301 7C20F6CF1A09EEE4F40FE6F70B0F070213E4AE0B9599CF6348B0EAC781225457
10241015846 18414 53829 7C20F6CF1A09EEE4F40FE6F70B0F070213E4AE0B9599CF6348B0EAC781225457
10240819310 40040 33760 7C20F6CF1A09EEE4F40FE6F70B0F070213E4AE0B9599CF6348B0EAC781225457
10245609652 3301 50634 669D1308F61F4E774F1D2EBCE8734F269EE77910E1D030D48BCA96E60650EB44
10245733055 29361 45563 80E6A8BDD3E3B0863658EAD3D939A005690A16EE5FD5A5B55AD61624F6831030
10239900349 28388 58950 7C20F6CF1A09EEE4F40FE6F70B0F070213E4AE0B9599CF6348B0EAC781225457
10236776378 39032 40366 7C20F6CF1A09EEE4F40FE6F70B0F070213E4AE0B9599CF6348B0EAC781225457
10242637578 35518 63036 7C20F6CF1A09EEE4F40FE6F70B0F070213E4AE0B9599CF6348B0EAC781225457
10244830119 17273 18419 FB5C44441306A96116ECD0B5C9282A175195A78AD8ABAEFC9F47469F9B7A34A9
10239447575 20211 48597 5F2A194839F310073AFA652908946E2283F196E0D28FD7EABCEEBE132FB0DBD9
10244952324 10318 39758 7C20F6CF1A09EEE4F40FE6F70B0F070213E4AE0B9599CF6348B0EAC781225457
10246644108 24075 19974 DB7AF03752947FECB3756F8470737D89255391F6551083A266327D22A9856251
10245830510 54735 64467 EAD71610E24A4F805CCC86E73A49853EC4FD1EA2EF0AE46E3BC7DF0E1B17BE5E

Total of 0 tasks calculated error.
