Total of 100 tasks calculated correctly, accuracy 100.00% 
10258682683 28664 22262 7C20F6CF1A09EEE4F40FE6F70B0F070213E4AE0B9599CF6348B0EAC781225457
10251138908 8848 37193 7C20F6CF1A09EEE4F40FE6F70B0F070213E4AE0B9599CF6348B0EAC781225457
10254672334 44091 56413 F1254197CD280518E1C8972D5A00B350C41BEB73BAC7E920D839921719C0C9F2
10248785735 6512 59220 7C20F6CF1A09EEE4F40FE6F70B0F070213E4AE0B9599CF6348B0EAC781225457
10251732959 14227 18047 ABE8C78D0A2924C943A6ED97C44C934E79A354A47FF3CE121D469F0CE3DEC986
10260204170 40359 51680 4CEAE350299122F401198512AB41537635C51A6A48D1F9EDC119F512FA0EDF88
10259725156 22090 4196 7C20F6CF1A09EEE4F40FE6F70B0F070213E4AE0B9599CF6348B0EAC781225457
10259531307 44816 26283 7C20F6CF1A09EEE4F40FE6F70B0F070213E4AE0B9599CF6348B0EAC781225457
10250867398 40444 9323 7C20F6CF1A09EEE4F40FE6F70B0F070213E4AE0B9599CF6348B0EAC781225457
10253798289 7825 9918 5DC3A8D8018B58E558A241E9038F2FF49517181BC22CC455CFFACA39C273F959
10253146851 64122 5440 7C20F6CF1A09EEE4F40FE6F70B0F070213E4AE0B9599CF6348B0EAC781225457
10258548842 59017 22903 1909361B44030EE08F2C39554C0A9184AB769FC71A39947039AEAB7EEFC3FBA7
10251127420 41493 48075 F3688CD35F2842B69BFADAC61502D5B4FF2BA2A8A18C9537B2210BD1C0E19EA6
10253353861 9076 37500 7C20F6CF1A09EEE4F40FE6F70B0F070213E4AE0B9599CF6348B0EAC781225457
10250120081 42786 64179 7C20F6CF1A09EEE4F40FE6F70B0F070213E4AE0B9599CF6348B0EAC781225457
10252943535 16542 38391 7C20F6CF1A09EEE4F40FE6F70B0F070213E4AE0B9599CF6348B0EAC781225457
10252707025 26787 33650 9B54C6137F38481A7BB4B194086DEC78C3F278ACE65E9B542649F597361590A4
10252097876 46935 7261 997BFC105E37C136A068B6B725AFF965D050F6D23DD813207162D45248D156C2
10249424101 64096 3016 7C20F6CF1A09EEE4F40FE6F70B0F070213E4AE0B9599CF6348B0EAC781225457
10256733687 1572 37134 7C20F6CF1A09EEE4F40FE6F70B0F070213E4AE0B9599CF6348B0EAC781225457
10251525320 20158 63229 7C20F6CF1A09EEE4F40FE6F70B0F070213E4AE0B9599CF6348B0EAC781225457
10257054797 37930 25699 7C20F6CF1A09EEE4F40FE6F70B0F070213E4AE0B9599CF6348B0EAC781225457
10258799819 63355 55383 03141CCA6B574A1EA65822BC7C60B10375AA2D291E6772C23207376D46762B13
10257051016 44900 63467 7C20F6CF1A09EEE4F40FE6F70B0F070213E4AE0B9599CF6348B0EAC781225457
10258210417 25425 8623 12666830737994A1E6B36B7171F32C436B57C8C14DC7D39D3F9A511BCE506F8C
10248825692 48216 60444 7C20F6CF1A09EEE4F40FE6F70B0F070213E4AE0B9599CF6348B0EAC781225457
10249195672 17993 54350 0DEC015C912ADB7769F16D7D4A297BDD46DE277C9F41C8507E99A8742CC6F91C
10256237321 7243 14345 76C2C28858AB998B0A823F5CEE57BA95FCFD3EC12699D7D30E975192C0BF7B97
10258893980 54482 208 7C20F6CF1A09EEE4F40FE6F70B0F070213E4AE0B9599CF6348B0EAC781225457
10250545767 41272 51553 7C20F6CF1A09EEE4F40FE6F70B0F070213E4AE0B9599CF6348B0EAC781225457
10253369245 40941 23570 569F3F134A973DB9952B97207DFA07CBD78B247DD815FB9574A3F6182419A313
10252694497 44903 19578 357CA0CA787419A849B9990471DBB8673733492B003DE12DB41955A81443ACD7
10259040776 12936 59124 7C20F6CF1A09EEE4F40FE6F70B0F070213E4AE0B9599CF6348B0EAC781225457
10257549165 53459 45071 54B54C1C828AECFB5238FD53089B411A928DF4A412ECBC6B3AA21213C084D854
10257139676 44558 59062 7C20F6CF1A09EEE4F40FE6F70B0F070213E4AE0B9599CF6348B0EAC781225457
10257106095 19432 45942 7C20F6CF1A09EEE4F40FE6F70B0F070213E4AE0B9599CF6348B0EAC781225457
10252064887 19405 51761 3A2F7F1AF7D4BA02EE29C2272298C5E9864E64F73E9DC6BE4022E48B3A3E7C3F
10256960642 54 22072 7C20F6CF1A09EEE4F40FE6F70B0F070213E4AE0B9599CF6348B0EAC781225457
10255783947 45106 27033 7C20F6CF1A09EEE4F40FE6F70B0F070213E4AE0B9599CF6348B0EAC781225457
10254472982 26722 52041 7C20F6CF1A09EEE4F40FE6F70B0F070213E4AE0B9599CF6348B0EAC781225457
10256301257 44917 16293 FEAB4E314DFBC0E4A9BFC9C951F37689EFFFB604F213393CBDD6BC9B31F27A60
10249527875 56991 58462 D45D1F34F7DC5F3070353C1EFFCF391F9BDBA98056388DB49D8E2FDF5A736D89
10253970679 25328 54587 7C20F6CF1A09EEE4F40FE6F70B0F070213E4AE0B9599CF6348B0EAC781225457
10252466853 29435 52890 086D3A88E22946C537CBCD57E17B22EEF3A973CF151A065F453FF36CEF760FB1
10252288237 7558 4199 7C20F6CF1A09EEE4F40FE6F70B0F070213E4AE0B9599CF6348B0EAC781225457
10257891809 14845 30477 957A936CD946BA19BD307CBA7F1AE8D6F06588C65C9F7CD7F08BE2600169D592
10257057289 22383 5592 6A45DDB68E88CA562289DDF8398F3DBCA66AE6A28C372A72CAACE254AF19E6AC
10257839059 42421 59877 7DD1F8436592E4A38F9D72BD1E58790CBD43092DFBE05E732BBE42F68D6489CE
10257264776 57465 3495 BFC1952CC0850CF673AF9C09C5953F3232CEA01D0785A49F1A10AE9A3BBF0C1B
10252105836 6905 53935 75E32B1E2178F15E6D18639E100C04BF553488CA0A2DB61B704AFF15E190F5B8
10251616195 9163 13825 6A6BC07F774A6B02F2DA60EAD7AD95412799E4CAF9EBB0DCDF93BA9D44F2FC94
10258072343 17327 37804 087E3FC2F2993698B60698FFA364C199433BBDC57C6AB8BFDCCBA03F4C2DB5C4
10251516360 24833 6716 3C623B27DADE13F84DE57576CF29E03A1B28B12EEEE011F2B23842F811EA3534
10260120758 48362 21014 7C20F6CF1A09EEE4F40FE6F70B0F070213E4AE0B9599CF6348B0EAC781225457
10254244254 57720 20210 7C20F6CF1A09EEE4F40FE6F70B0F070213E4AE0B9599CF6348B0EAC781225457
10257585621 34463 13186 B433DB58BD4DCAFCACF6C0CCBEFFA7BED5DAC8D787136AAF747B674A5E7AE8D1
10255614948 60108 55764 7C20F6CF1A09EEE4F40FE6F70B0F070213E4AE0B9599CF6348B0EAC781225457
10254463800 10640 35845 7C20F6CF1A09EEE4F40FE6F70B0F070213E4AE0B9599CF6348B0EAC781225457
10256740339 52237 9885 42E0E8D48EDBE8698947DC7BC9815C0D347E7FD3C924C15C7D4E7DCCF8971891
10251008718 15629 61032 983CD3317559CA79C1EAF33C66F1CBD413B0E62A3500AAA17FDA239B7C35B852
10248921329 26209 1077 644F62294E4B4459E23C7019AC750AC3ECB78300AF45B3EE3E0EE7E261E40939
10256720095 43151 24811 1F7AB03E46A840002FFDF6470ABAB5C8DCA27844F29D9B33FE4A8D1CC81491AB
10257098158 1258 64820 7C20F6CF1A09EEE4F40FE6F70B0F070213E4AE0B9599CF6348B0EAC781225457
10251119260 12609 55881 39AA3B0148C3471C7EC6CEC9AEDA7C964713D5E90C6225B4CAD81ACF1B8E6003
10254368475 56013 3545 11A785D6588667BF9419BE172035587CF4C792643ACFB7AB79142DEFFC1E049D
10256596824 19139 4110 66389EDDD0E21CA75C80265F5B667A74A7CC4160D9F67BB6C3A935EE3614C0AA
10253636190 21192 24336 7C20F6CF1A09EEE4F40FE6F70B0F070213E4AE0B9599CF6348B0EAC781225457
10258497115 60600 30120 7C20F6CF1A09EEE4F40FE6F70B0F070213E4AE0B9599CF6348B0EAC781225457
10256774961 13174 6628 7C20F6CF1A09EEE4F40FE6F70B0F070213E4AE0B9599CF6348B0EAC781225457
10252849921 37311 50991 29D7C8CCA3A885053AA2BB30900ECD32AAB1065EC46F70A18F56F50EA32BCD3B
10250144772 1876 19107 7C20F6CF1A09EEE4F40FE6F70B0F070213E4AE0B9599CF6348B0EAC781225457
10249640578 18678 55448 7C20F6CF1A09EEE4F40FE6F70B0F070213E4AE0B9599CF6348B0EAC781225457
10260057601 6165 30483 B5DC2065DA9E01E2E778817B6AD4060AF11A40A17A6B3E3A94F021DF005EE2E4
10256983600 35331 41514 BC41E75CBD68FEA445197380A16FDB82B666248E97FE88609CC638D60EAF68CB
10253721403 57210 33371 7C20F6CF1A09EEE4F40FE6F70B0F070213E4AE0B9599CF6348B0EAC781225457
10256852266 8412 63474 7C20F6CF1A09EEE4F40FE6F70B0F070213E4AE0B9599CF6348B0EAC781225457
10255806616 39023 20499 962D439B680A55F888EA9DCF471AAEA97CE1B7053585FCC0D5D620225D22CDE4
10250042328 62742 33103 7C20F6CF1A09EEE4F40FE6F70B0F070213E4AE0B9599CF6348B0EAC781225457
10250271935 13828 34602 7C20F6CF1A09EEE4F40FE6F70B0F070213E4AE0B9599CF6348B0EAC781225457
10248885438 28732 30002 7C20F6CF1A09EEE4F40FE6F70B0F070213E4AE0B9599CF6348B0EAC781225457
10253369058 48159 61910 A0810C692B3F0B0D0FC6C31223E227DDB4440A5B3DA5AD4324487FD80EE3E9A0
10253672611 4355 30571 66087600BD3BB8BBD86C3866CD0AABE3D69A9F5A0B8F10614F301FE4AAD39DA6
10259103388 54565 39626 E2F4E3352A8DDA9532142394B5F7F6BECE8557EE5F5400FEF5BC64131271973C
10258106568 16888 54998 7C20F6CF1A09EEE4F40FE6F70B0F070213E4AE0B9599CF6348B0EAC781225457
10250798708 15103 53356 2DD340595816DC001EE5DA410D10E06B03F4C3C2D165B4B587749F15A0FD2BED
10249783622 25625 8767 57EC5425C5FE35CCED896937BE0C55DADD2A348D1705AC496D3B9C60ADD13BE5
10257338145 43955 17408 75D74AF80878EB6AB25D30998B9AB213D9F1DB184AC6B0873E1AF6D8385BC14C
10255613068 36373 31224 662227E619A2897FADC047C619B9726EEF57736A06EADEB2B0DF02614BFF1D6C
10252319730 39357 36765 8CBD5B6DCC9BBA7FB49EEC087DF372F7C7AC09753DDC004BB672BF78781F2A0E
10254440759 16237 50419 E42DA350A7563FA101DDB8B23096AAFEEFF7361ED02B82E982F1B6BA105F6552
10258235856 584 13951 7C20F6CF1A09EEE4F40FE6F70B0F070213E4AE0B9599CF6348B0EAC781225457
10248797529 19576 60390 7C20F6CF1A09EEE4F40FE6F70B0F070213E4AE0B9599CF6348B0EAC781225457
10258302652 9087 15611 3D1BDF29BD9BB55FB0485A26165DEE8107E6839367478A1EE484FE5D740BC90A
10257747909 55061 32095 FCF6D04D1DFAA3F9F15366602E67F5FAB1E443792BFFF27A079C28B819C70659
10255788889 19181 31134 8A62A994F2BF28AC520EA91D0FEB8B7049C6B58FCDE8284CA30CE501412CE8D1
10254744117 64959 3940 E3062C320688FF0C1FED6BF64149BE48D32A4EA6A357707E47CFE6319C3AF265
10249368084 43452 56835 7C20F6CF1A09EEE4F40FE6F70B0F070213E4AE0B9599CF6348B0EAC781225457
10251640295 42122 28504 7C20F6CF1A09EEE4F40FE6F70B0F070213E4AE0B9599CF6348B0EAC781225457
10253281559 15039 53395 B72EB425BA98B270D2F88D3DC990F4CA6BEC0E87628831803BD0873F3E16E313
10250161997 16302 25905 7C20F6CF1A09EEE4F40FE6F70B0F070213E4AE0B9599CF6348B0EAC781225457

Total of 0 tasks calculated error.
