Total of 100 tasks calculated correctly, accuracy 100.00% 
10369169864 19353 7971 A781518C65BD50010429242F3ABA40F3B61C0118C8797A6E464D36BAE7388D3E
10372557452 23117 55090 430AADDA513743ECA2C01653F8FD66E5828767A24EC1F9EDA65EBD0CD8174488
10371533593 49244 34310 7C20F6CF1A09EEE4F40FE6F70B0F070213E4AE0B9599CF6348B0EAC781225457
10373587543 60901 25659 9A0E87DFF190C8C150AD05B3F0E776D7BEC5ADEBC9C1BFEEE3EE003D4DDE86AC
10372113041 64802 44254 7C20F6CF1A09EEE4F40FE6F70B0F070213E4AE0B9599CF6348B0EAC781225457
10368879080 5697 58024 F5D98FB7588043132440C423BF7C9DC859193B7B19679AA63AB67FD9B23BF966
10376201205 2804 32949 7C20F6CF1A09EEE4F40FE6F70B0F070213E4AE0B9599CF6348B0EAC781225457
10379364028 29309 35315 A70BFB608736E7D6192BFF9005EBBF8E106BA191F29E4B8A5934CCBA8D07A26A
10374818115 24252 2736 7C20F6CF1A09EEE4F40FE6F70B0F070213E4AE0B9599CF6348B0EAC781225457
10375324816 28541 2098 7C26AF636104A9FC5E8B060D79E2135D38E099D8934DD1B360B2E94E4D8472BE
10378832456 9209 16706 3D3F71A8B13DA44B503DDD2D21625E4CDEAD386A127A4D089F81FCBEECD0D634
10376411395 50344 7025 7C20F6CF1A09EEE4F40FE6F70B0F070213E4AE0B9599CF6348B0EAC781225457
10380214955 12130 4137 7C20F6CF1A09EEE4F40FE6F70B0F070213E4AE0B9599CF6348B0EAC781225457
10371665158 44961 6596 F3261C6106B8CB1C0E98653DC913C15F0DE3BA20DD538DA2CE15B74B2B4C6A38
10368661404 56434 22170 7C20F6CF1A09EEE4F40FE6F70B0F070213E4AE0B9599CF6348B0EAC781225457
10373642350 16410 54884 7C20F6CF1A09EEE4F40FE6F70B0F070213E4AE0B9599CF6348B0EAC781225457
10369515438 3644 25600 7C20F6CF1A09EEE4F40FE6F70B0F070213E4AE0B9599CF6348B0EAC781225457
10378161194 38038 39574 7C20F6CF1A09EEE4F40FE6F70B0F070213E4AE0B9599CF6348B0EAC781225457
10377913046 44243 46239 F1064CF81246B2C01AF1FFAE7FF1A666951D4E2D7BD4467B97E78A857E8AB141
10370119920 16029 40570 CD0C15B813505AC2EEC9F022E12C39BD3F4DC5A3A0CD195342500C343D9FAA53
10369544169 22404 63886 7C20F6CF1A09EEE4F40FE6F70B0F070213E4AE0B9599CF6348B0EAC781225457
10374658793 30887 2570 1F038FB8FE409FDE1D9E1EE025B74DF536D133688E9A22CC8B5479EE7BCD7EF3
10370937843 22290 55562 7C20F6CF1A09EEE4F40FE6F70B0F070213E4AE0B9599CF6348B0EAC781225457
10378395422 2204 30155 7C20F6CF1A09EEE4F40FE6F70B0F070213E4AE0B9599CF6348B0EAC781225457
10371746908 15948 41792 7C20F6CF1A09EEE4F40FE6F70B0F070213E4AE0B9599CF6348B0EAC781225457
10377896371 11562 18355 7C20F6CF1A09EEE4F40FE6F70B0F070213E4AE0B9599CF6348B0EAC781225457
10376836448 29825 47936 6C4D46DDB674CE10FB3276F5C8D0A6672EA70A25C9FAEEF7D416AF4E16DF49ED
10380207655 5802 46072 7C20F6CF1A09EEE4F40FE6F70B0F070213E4AE0B9599CF6348B0EAC781225457
10371087088 32390 29371 7C20F6CF1A09EEE4F40FE6F70B0F070213E4AE0B9599CF6348B0EAC781225457
10373649508 59752 13928 7C20F6CF1A09EEE4F40FE6F70B0F070213E4AE0B9599CF6348B0EAC781225457
10369331217 22095 46818 80D319102B2D4DF99257A40DE7099A206722E3EB703AEECD5E1B177123BEFDFE
10380219566 61688 63162 7C20F6CF1A09EEE4F40FE6F70B0F070213E4AE0B9599CF6348B0EAC781225457
10376114465 39300 18008 7C20F6CF1A09EEE4F40FE6F70B0F070213E4AE0B9599CF6348B0EAC781225457
10368690991 6348 38368 7C20F6CF1A09EEE4F40FE6F70B0F070213E4AE0B9599CF6348B0EAC781225457
10369061257 11452 64849 7C20F6CF1A09EEE4F40FE6F70B0F070213E4AE0B9599CF6348B0EAC781225457
10378450644 9276 10832 7C20F6CF1A09EEE4F40FE6F70B0F070213E4AE0B9599CF6348B0EAC781225457
10370929400 23953 17552 80BE2ED07F276D9A79AB278BF2EB91723EBF556E4CC0FD20529D29C7E3CB734A
10369149466 60668 9823 7C20F6CF1A09EEE4F40FE6F70B0F070213E4AE0B9599CF6348B0EAC781225457
10371173176 48243 45671 987E1BEEEFD994A93E20EB315FCA316A25F4E85C96D2033EFAF63073154192F3
10373689870 16011 1662 5ACA9017A9E801CE36CAAF7206D9CA844CC67EDA64CBD4AE92F968DE173350F4
10376804371 1047 6233 2AC3FFE9658BA6208E7B781C0FD41F67DEE01942D88CA9F3E91973413CEADD09
10374286724 41210 59841 7C20F6CF1A09EEE4F40FE6F70B0F070213E4AE0B9599CF6348B0EAC781225457
10370549065 36417 19958 4119C2A5537EB924694FBFAAF17FAF4C934F114CE04D8E43BF1F4FF56D8AB18B
10372471507 39146 35036 7C20F6CF1A09EEE4F40FE6F70B0F070213E4AE0B9599CF6348B0EAC781225457
10371067368 16855 5597 895ECB673C84E7F58198CAE16955B2B5487059CD1E86544E3838D51D3500DABC
10378715180 39404 10643 7C20F6CF1A09EEE4F40FE6F70B0F070213E4AE0B9599CF6348B0EAC781225457
10376461906 59182 13064 7C20F6CF1A09EEE4F40FE6F70B0F070213E4AE0B9599CF6348B0EAC781225457
10374200222 29045 47006 ACDB47FA0E9719F07F9B7E0350C0705401DC860D1C07011AC4A81E9C33A0D53A
10368638151 42136 42126 7C20F6CF1A09EEE4F40FE6F70B0F070213E4AE0B9599CF6348B0EAC781225457
10377834592 11452 37088 7C20F6CF1A09EEE4F40FE6F70B0F070213E4AE0B9599CF6348B0EAC781225457
10375469756 38677 26104 5B37A88FEEEF06FDBEEFF489F955C8DA8B01F900AC5635E6C667519F4D859109
10376442920 44460 29173 7C20F6CF1A09EEE4F40FE6F70B0F070213E4AE0B9599CF6348B0EAC781225457
10369750065 17893 34587 1D136F230BD16F263CF04D47283E1BBFAEEBB283497E0A4DE8440B37983B4C6F
10375665026 53223 5611 89B58347DDEA983CD3DB1901D99685401CD154056D667E9E0439B26913EC25D0
10379467707 5246 39490 7C20F6CF1A09EEE4F40FE6F70B0F070213E4AE0B9599CF6348B0EAC781225457
10380192042 64085 51243 37CC2A71F472F087B7EA3C936E5B47FCD497B57D26C0990A83CF5EB86770BF5A
10377279734 34675 4818 5E51331095319A78E465B2C027E5D0C7C8F9B0D9039C7DE45424CC2254F49F73
10379372631 22463 31987 9EEA79374C8540A5967B7B0D2B0759BDA90D569BF7E507D5E7166C33A3A04D74
10377012153 57294 19087 7C20F6CF1A09EEE4F40FE6F70B0F070213E4AE0B9599CF6348B0EAC781225457
10375364876 23547 2859 5938F56B5354DC8D1E946923DDC530A31A1E0C908A8318651743663FBDF5264C
10375639211 12916 20072 7C20F6CF1A09EEE4F40FE6F70B0F070213E4AE0B9599CF6348B0EAC781225457
10378608605 5467 14201 79356F5E3BAB0847D3328E8CD5A761F917BB2EA2AA1C8DA64C040881733030E0
10372228968 20464 58342 7C20F6CF1A09EEE4F40FE6F70B0F070213E4AE0B9599CF6348B0EAC781225457
10369136350 3150 5414 7C20F6CF1A09EEE4F40FE6F70B0F070213E4AE0B9599CF6348B0EAC781225457
10370589409 57041 56038 95805708F9A342A0D4BFB2A5CA4DE2F478D3E8E336AC4BF2EFCC1084589D598E
10373320505 10762 22883 7C20F6CF1A09EEE4F40FE6F70B0F070213E4AE0B9599CF6348B0EAC781225457
10376737314 41554 34960 7C20F6CF1A09EEE4F40FE6F70B0F070213E4AE0B9599CF6348B0EAC781225457
10374702657 55390 22378 7C20F6CF1A09EEE4F40FE6F70B0F070213E4AE0B9599CF6348B0EAC781225457
10370537506 10766 23019 7C20F6CF1A09EEE4F40FE6F70B0F070213E4AE0B9599CF6348B0EAC781225457
10377343855 58068 22632 7C20F6CF1A09EEE4F40FE6F70B0F070213E4AE0B9599CF6348B0EAC781225457
10372234179 30751 21287 485E8AF507B31969EA36680B2B34A488A4EB367FF9361539D3D0970E17873019
10378963203 33038 53027 7C20F6CF1A09EEE4F40FE6F70B0F070213E4AE0B9599CF6348B0EAC781225457
10380198681 48797 62396 23BC78A3DBD7ADC1BDCD16EFC513352A72D4FFCD62ABEFAC6CC64FAA691876A1
10378602417 51504 45208 7C20F6CF1A09EEE4F40FE6F70B0F070213E4AE0B9599CF6348B0EAC781225457
10369461572 61904 54244 7C20F6CF1A09EEE4F40FE6F70B0F070213E4AE0B9599CF6348B0EAC781225457
10378584892 39487 22707 4B522B27D8962C2AEA1F8DA96C191594C02E11D2E3590F4738852AEBA9A3ACF2
10373038076 56554 5025 7C20F6CF1A09EEE4F40FE6F70B0F070213E4AE0B9599CF6348B0EAC781225457
10373179616 60526 23371 7C20F6CF1A09EEE4F40FE6F70B0F070213E4AE0B9599CF6348B0EAC781225457
10377935776 65294 52968 7C20F6CF1A09EEE4F40FE6F70B0F070213E4AE0B9599CF6348B0EAC781225457
10375201923 51757 30515 78488F9A1011C2AF831703032385113B3E20ACADDA5BB891EEC263C795510337
10376785601 26620 13638 7C20F6CF1A09EEE4F40FE6F70B0F070213E4AE0B9599CF6348B0EAC781225457
10373103519 48523 12434 5A0CE39E4A1F2327E44F5888ED35FA01871B0C8138C54552DF7AEE3511CA15D1
10372233596 42254 46419 7C20F6CF1A09EEE4F40FE6F70B0F070213E4AE0B9599CF6348B0EAC781225457
10376367784 12652 50303 7C20F6CF1A09EEE4F40FE6F70B0F070213E4AE0B9599CF6348B0EAC781225457
10371021542 12206 14907 7C20F6CF1A09EEE4F40FE6F70B0F070213E4AE0B9599CF6348B0EAC781225457
10375305257 22214 34170 7C20F6CF1A09EEE4F40FE6F70B0F070213E4AE0B9599CF6348B0EAC781225457
10377254403 43607 10368 953AA04007C1370043228B0DE00B3F765190742184F820F97D1A915591197F4B
10373565938 62866 34203 7C20F6CF1A09EEE4F40FE6F70B0F070213E4AE0B9599CF6348B0EAC781225457
10370823316 12506 21564 7C20F6CF1A09EEE4F40FE6F70B0F070213E4AE0B9599CF6348B0EAC781225457
10370154192 39724 28774 7C20F6CF1A09EEE4F40FE6F70B0F070213E4AE0B9599CF6348B0EAC781225457
10369243006 24184 19264 7C20F6CF1A09EEE4F40FE6F70B0F070213E4AE0B9599CF6348B0EAC781225457
10370474473 42710 15888 7C20F6CF1A09EEE4F40FE6F70B0F070213E4AE0B9599CF6348B0EAC781225457
10373300742 57132 1498 7C20F6CF1A09EEE4F40FE6F70B0F070213E4AE0B9599CF6348B0EAC781225457
10372595565 24504 21461 7C20F6CF1A09EEE4F40FE6F70B0F070213E4AE0B9599CF6348B0EAC781225457
10374033603 54587 63232 DFED96CFF88993B4CCB972AA470D060A5C12DCF3792715B46F115BB74B51C4F6
10375539194 49627 49895 CEA455C8ED154DB1E95981FB18E40428EF774428848A42FE27273B5378B7E06B
10371518444 13334 15878 7C20F6CF1A09EEE4F40FE6F70B0F070213E4AE0B9599CF6348B0EAC781225457
10376086809 42410 42251 7C20F6CF1A09EEE4F40FE6F70B0F070213E4AE0B9599CF6348B0EAC781225457
10377471570 16542 19201 7C20F6CF1A09EEE4F40FE6F70B0F070213E4AE0B9599CF6348B0EAC781225457
10370281225 60178 42696 7C20F6CF1A09EEE4F40FE6F70B0F070213E4AE0B9599CF6348B0EAC781225457

Total of 0 tasks calculated error.
