Total of 100 tasks calculated correctly, accuracy 100.00% 
10415062833 60104 62938 7C20F6CF1A09EEE4F40FE6F70B0F070213E4AE0B9599CF6348B0EAC781225457
10408244845 31693 64239 1F3F2E23B1FB4CAFF284253D22FA9973F6E235E16074E3DF07F563953FC92D69
10408865586 43053 24054 3D6181247DCFF40ADA8C2477BAB9CFF4D477B290CDF19FF851763AE9A60D69BD
10415476543 28876 32836 7C20F6CF1A09EEE4F40FE6F70B0F070213E4AE0B9599CF6348B0EAC781225457
10414284468 13129 51169 9AC1AC803FB5FDE3F7C450FDDCB1AEF2D661F9E28D805F83F8422BDA5A74B730
10406279293 59712 1461 7C20F6CF1A09EEE4F40FE6F70B0F070213E4AE0B9599CF6348B0EAC781225457
10414822546 43995 1017 087463C07E41410E37ECEDB1B80DE910B47ECFCDDC9C0E56FC0317B5A287504A
10414604769 31635 62622 CD28EA12C1FA93778B87857EABDA7C44FB5645265019CA77CF6699E557450DAB
10412544048 51873 52228 416233E53225BEC47675812C7877DBC0BAAD35F693E557DC199FEA86A7316AC9
10410146061 43437 55391 7870CCFE44E7F621064226077996DCFF25F2F1C00596840B57FB27CD17F7C9C7
10410743933 386 39408 7C20F6CF1A09EEE4F40FE6F70B0F070213E4AE0B9599CF6348B0EAC781225457
10411286551 29940 11923 7C20F6CF1A09EEE4F40FE6F70B0F070213E4AE0B9599CF6348B0EAC781225457
10416083544 51928 40771 7C20F6CF1A09EEE4F40FE6F70B0F070213E4AE0B9599CF6348B0EAC781225457
10405081469 51183 11944 9D1263321F52388922C3F8CEF3F75B76EDD8C42D98280BB94DBF9BA110ED0AAB
10412307366 36578 49892 7C20F6CF1A09EEE4F40FE6F70B0F070213E4AE0B9599CF6348B0EAC781225457
10415014301 37415 6929 89784EA78EA76FB130D42C7F74E1144CB22CA2522E92EB9E06AEB9999EE83FA3
10404651796 46619 51720 CF8069FCD6D3678C1878AACC2D8A94FD8A21A9429C82B7F091717DA95AA3393B
10412809550 52969 35940 649DD117A5F7A45F248D8092C88F10861265A7917BBF465F92DE2FCAF265B7CF
10412253587 20314 13742 7C20F6CF1A09EEE4F40FE6F70B0F070213E4AE0B9599CF6348B0EAC781225457
10406458662 15355 19854 13297E47733602A16BBC0CE2031E73D9540093723C717D57B5832B5662B9C091
10405220952 64782 37650 7C20F6CF1A09EEE4F40FE6F70B0F070213E4AE0B9599CF6348B0EAC781225457
10412143713 53303 42174 0EB585435AE3D860F81A77E93F15B3FD28CE2F06303A1A0B6E2100D511AC6F21
10407928838 8245 27999 366BFB25FD75276090A2F04B1A90255955B4257EB26F2D28224B832603705048
10416359954 17820 26910 7C20F6CF1A09EEE4F40FE6F70B0F070213E4AE0B9599CF6348B0EAC781225457
10407021683 44237 10331 CA1DD9EF8CAB99B7FE5129CC37EBAB34173D775F017EA42259A5C5C36DF61EB7
10405067386 42460 63372 7C20F6CF1A09EEE4F40FE6F70B0F070213E4AE0B9599CF6348B0EAC781225457
10412588543 47436 57827 7C20F6CF1A09EEE4F40FE6F70B0F070213E4AE0B9599CF6348B0EAC781225457
10404544935 9274 50516 7C20F6CF1A09EEE4F40FE6F70B0F070213E4AE0B9599CF6348B0EAC781225457
10416199198 39608 10921 7C20F6CF1A09EEE4F40FE6F70B0F070213E4AE0B9599CF6348B0EAC781225457
10407193179 19160 37051 7C20F6CF1A09EEE4F40FE6F70B0F070213E4AE0B9599CF6348B0EAC781225457
10405456939 36001 58883 B94154306839076E93D6DDEC86370127EC829BD1A9C741991EBA7EEC64093B8D
10412105776 51768 40945 7C20F6CF1A09EEE4F40FE6F70B0F070213E4AE0B9599CF6348B0EAC781225457
10411726490 35216 57199 7C20F6CF1A09EEE4F40FE6F70B0F070213E4AE0B9599CF6348B0EAC781225457
10414214832 50789 54202 2E626B9C07D287C7FB68067D1BEA0293A78C38F0CD0AC1357CBD54FA7DDDB9F2
10405854738 2947 4894 A28C1BA2CEBFB8BA2D8186EC0BF710BDEF37DBC80FDE1667AD69D5B2285F2D63
10406837751 58516 61912 7C20F6CF1A09EEE4F40FE6F70B0F070213E4AE0B9599CF6348B0EAC781225457
10405743689 49190 65317 7C20F6CF1A09EEE4F40FE6F70B0F070213E4AE0B9599CF6348B0EAC781225457
10409266661 53298 35740 7C20F6CF1A09EEE4F40FE6F70B0F070213E4AE0B9599CF6348B0EAC781225457
10404483088 57534 32182 7C20F6CF1A09EEE4F40FE6F70B0F070213E4AE0B9599CF6348B0EAC781225457
10410888159 49973 15131 9FC02B9E52B37511B5B5A6655D7FBC578C80715D406C78B004E496FD8CEC1A3C
10411507676 35346 18468 7C20F6CF1A09EEE4F40FE6F70B0F070213E4AE0B9599CF6348B0EAC781225457
10412527745 39500 22117 7C20F6CF1A09EEE4F40FE6F70B0F070213E4AE0B9599CF6348B0EAC781225457
10404709100 36660 49457 7C20F6CF1A09EEE4F40FE6F70B0F070213E4AE0B9599CF6348B0EAC781225457
10408659580 6989 64226 0E101AF4C186A100F56CAB030DFB8E614A645EC72544146BCCE258024D1D5ADB
10412962902 24361 14195 C3C3DCCE80C1D683FF9F53C871245FB5806E86DD564660493D5B9F64D766F8DA
10414487135 17766 7992 7C20F6CF1A09EEE4F40FE6F70B0F070213E4AE0B9599CF6348B0EAC781225457
10410174456 18110 33391 7C20F6CF1A09EEE4F40FE6F70B0F070213E4AE0B9599CF6348B0EAC781225457
10410838366 51920 5713 7C20F6CF1A09EEE4F40FE6F70B0F070213E4AE0B9599CF6348B0EAC781225457
10407121081 45547 24585 A5E8729AE86C0CC9937AA02BD06654A2022FA8603F96087B414855F17D9EF2E5
10416252615 35492 57821 7C20F6CF1A09EEE4F40FE6F70B0F070213E4AE0B9599CF6348B0EAC781225457
10404891231 29438 39822 7C20F6CF1A09EEE4F40FE6F70B0F070213E4AE0B9599CF6348B0EAC781225457
10409448005 2335 17533 591B4B781791D85EB84113B256A5DB04F865F0520C4DC6C6CB6B8F6771B3C623
10405853165 15474 47661 7C20F6CF1A09EEE4F40FE6F70B0F070213E4AE0B9599CF6348B0EAC781225457
10413935448 53635 27604 22B5FA4C594D230D1068994C13A1C7D22782EDE7E9B6C69488ACDE6A284EDD33
10408775356 40119 45665 60094EDF2EC4B0EC46DF03DF75A297C48504BBD64527B34BC69B8815E1E30F7D
10412769366 16402 1095 7C20F6CF1A09EEE4F40FE6F70B0F070213E4AE0B9599CF6348B0EAC781225457
10405350845 36465 8952 E42EE108186498B9CC3A07D0BD0A71568AC2BC9F5C3D2C6A50A6C09C549A3626
10409905115 59916 53975 7C20F6CF1A09EEE4F40FE6F70B0F070213E4AE0B9599CF6348B0EAC781225457
10409461144 15840 43012 7C20F6CF1A09EEE4F40FE6F70B0F070213E4AE0B9599CF6348B0EAC781225457
10412828885 48819 62054 2F87514347F4E1AF5753B58D6FCA9B86AF7F830D11090029646B3DACBE9F40C8
10405394239 23106 24809 7C20F6CF1A09EEE4F40FE6F70B0F070213E4AE0B9599CF6348B0EAC781225457
10406748476 18997 46511 99B825B8140D6324AAB56B765783ABCA58103AECE26CE6ED79324CC4D3D4C324
10406400583 27153 51790 B0472D63EFFFAD08A7530EED6C5205AF916F794D68B93A3B1EA3CB76C65FAE44
10409075960 1903 57984 EF71B7361567AA6E4C14DCECC9469271ED167ADF102636F3BDBA2F8CEEF1457B
10410193609 32317 13448 C4445D2E81A6A728245557F18A7466F336CEAAD8A319B47290DC1080E2EBAAFC
10408924556 60156 6347 7C20F6CF1A09EEE4F40FE6F70B0F070213E4AE0B9599CF6348B0EAC781225457
10406388540 50798 47718 7C20F6CF1A09EEE4F40FE6F70B0F070213E4AE0B9599CF6348B0EAC781225457
10409022589 9052 23944 7C20F6CF1A09EEE4F40FE6F70B0F070213E4AE0B9599CF6348B0EAC781225457
10412128456 4381 56469 A2566B2902B8E88E1FB6E30554C3F799A18C3B18A271CAF8F7B168381332B111
10411979516 48077 36018 651DCA579B89AC022A7DD7E6967D865E074193057DC1D98B759CAEF6A591B705
10407197395 4837 48785 3BA0F3C46AAF1479404BF35D01B5010F6125C299ECE588DDC93236B371D4BDBE
10413355228 54253 32130 67240D86CA7E47858D486A0DFCE0EB882668621CCE741D270BA29195D307A835
10411002981 65067 31504 7665838205EB7405E23E3600B4D586E57259D9CB0DAE4B6198AE4EE9ED49AB62
10414290068 29443 37994 2790522D5913BE7001627064CCB7C6A4E61743C5787D0BBF93425295B6662F1A
10405389883 33803 42609 A09188A1AF448E5091C5482EE261D272240C30F45955C314C82832F4364BFA11
10413720206 14641 51231 862B8B9B2E9C575265F0C0F4EA930D47D19FFE9DDA81D0DB0B27F964F28F1152
10409741583 31089 51577 B8933097E866BD498A8BEED54CF8131F4CCEF900195D44F7122791A0F62B820E
10413904232 27252 27791 7C20F6CF1A09EEE4F40FE6F70B0F070213E4AE0B9599CF6348B0EAC781225457
10405172897 10702 4469 7C20F6CF1A09EEE4F40FE6F70B0F070213E4AE0B9599CF6348B0EAC781225457
10413169610 52382 54187 7C20F6CF1A09EEE4F40FE6F70B0F070213E4AE0B9599CF6348B0EAC781225457
10409351156 65425 31237 8F591F3D09175E45EC4FB5395497D6BBB9C549A67A3DF634835D3CEC7E76E920
10408816200 29226 48933 7C20F6CF1A09EEE4F40FE6F70B0F070213E4AE0B9599CF6348B0EAC781225457
10407322823 15714 10066 7C20F6CF1A09EEE4F40FE6F70B0F070213E4AE0B9599CF6348B0EAC781225457
10404759564 64787 59226 4EBE5D53DE3268AC8CAA7E82512E9538AE1A6BAD6D8B975D09A6643CE5789E30
10404926056 32492 6014 7C20F6CF1A09EEE4F40FE6F70B0F070213E4AE0B9599CF6348B0EAC781225457
10405715115 39181 18290 19C5A6B03F82F484D56044A84481EAACD397C93D7563D4CEF0D83C775CF70FB0
10404889272 45767 3343 D08FBFDBD35A1B75CE22C074AD1097AF5799B4D9DA812E39A809B88E637B8F81
10406797806 7718 1913 7C20F6CF1A09EEE4F40FE6F70B0F070213E4AE0B9599CF6348B0EAC781225457
10408940550 39863 23234 D0345800C9DB296AF7644D550C408692D55D534186A0BE66C22B90810F893410
10405270899 2086 8134 7C20F6CF1A09EEE4F40FE6F70B0F070213E4AE0B9599CF6348B0EAC781225457
10413253077 12334 60963 7C20F6CF1A09EEE4F40FE6F70B0F070213E4AE0B9599CF6348B0EAC781225457
10414446165 46245 50940 A7A394E4B3F901EDFFA940DFB80B9BACECB5504FDE3EA8A528E7B7A1B70274B4
10410392096 44039 12339 832025312E541336C40446E8D9155E727036823AED1FE21FB1F1E49E037611FC
10413238615 16231 14631 7D528DD940F22F3B40413FBA54190E2B6BBB04DB13398D146B2EC38BE909B286
10407884642 41072 62952 7C20F6CF1A09EEE4F40FE6F70B0F070213E4AE0B9599CF6348B0EAC781225457
10407927235 13140 51994 7C20F6CF1A09EEE4F40FE6F70B0F070213E4AE0B9599CF6348B0EAC781225457
10408636048 45609 3214 0A398B4670A278B8A16BC5235A26CBD8F36425E0DC95BF3A0E0EC92A262210CB
10406784010 31913 33935 060F6EF66065318A772A53C23B4D990E9E92D122078B89E9B1E1DE1C2D3C036E
10409008934 21756 3928 7C20F6CF1A09EEE4F40FE6F70B0F070213E4AE0B9599CF6348B0EAC781225457
10408449688 15036 63186 7C20F6CF1A09EEE4F40FE6F70B0F070213E4AE0B9599CF6348B0EAC781225457

Total of 0 tasks calculated error.
