Total of 100 tasks calculated correctly, accuracy 100.00% 
10429147931 61743 41980 93B81547D782D7E82C53A0EA9E760F30F0D372861337D37DCDFA2EC509A455BE
10433140710 63303 56529 E06CC2C61E9A5FB539987725F1BEFD41D23231F38F488EE71703C7B9D26D549D
10429284207 63221 41782 C2B383B6ACE0CEBAAB6C97D555116487795D28DB66D9A75918D2EEA30947651D
10438084521 49216 4158 7C20F6CF1A09EEE4F40FE6F70B0F070213E4AE0B9599CF6348B0EAC781225457
10436572729 6426 8348 7C20F6CF1A09EEE4F40FE6F70B0F070213E4AE0B9599CF6348B0EAC781225457
10430570738 23852 63648 7C20F6CF1A09EEE4F40FE6F70B0F070213E4AE0B9599CF6348B0EAC781225457
10430783064 27682 64797 7C20F6CF1A09EEE4F40FE6F70B0F070213E4AE0B9599CF6348B0EAC781225457
10433547475 4016 48383 7C20F6CF1A09EEE4F40FE6F70B0F070213E4AE0B9599CF6348B0EAC781225457
10430582412 35137 49962 1DE907652C692D93E91D4748FC2EA75C1CEC7ED4CCEAE0C5F47C59A7D0B0BBCC
10430397683 33117 47276 3241216CE39CCF84A5B5316631445BE48842076131E6BD9ABB07B0C4F92838DD
10428910432 29184 25661 7C20F6CF1A09EEE4F40FE6F70B0F070213E4AE0B9599CF6348B0EAC781225457
10431126862 40867 31950 E398BDBEE3D09EF7B086E2D2BD6A9170298B2AF79A3A0CEF6AEF22666281F91B
10432171419 39262 42159 7C20F6CF1A09EEE4F40FE6F70B0F070213E4AE0B9599CF6348B0EAC781225457
10438670305 43563 52828 191349B49CB9F3CDE4960A2110D30D709EFA5622D96F63C356FB60DE89A79017
10432879759 58078 51947 7C20F6CF1A09EEE4F40FE6F70B0F070213E4AE0B9599CF6348B0EAC781225457
10436294361 22011 418 028F9EC9C692ECBA3C9A1F5A228AFC473DA97E12FB2C354958953413A47905CE
10431107386 21419 19336 AFA15046279214AAD01C1839FBE5FE3EDE16B7D7D07855D090E2FDCC0F79E7CC
10436727311 42558 10019 7C20F6CF1A09EEE4F40FE6F70B0F070213E4AE0B9599CF6348B0EAC781225457
10435110066 3021 50772 6AE3F40E8FD2E126D13F48E05E2CE9D4419CA23B0C9BFDA5742F01C56CA61BA3
10432810540 46396 11177 7C20F6CF1A09EEE4F40FE6F70B0F070213E4AE0B9599CF6348B0EAC781225457
10435297951 30071 35346 7EEFBBFBD0458E947EAB9679BB3F251E15FEE9F7D979AE0AE578F3C5198748AC
10435804540 34940 55007 7C20F6CF1A09EEE4F40FE6F70B0F070213E4AE0B9599CF6348B0EAC781225457
10432417755 16888 46869 7C20F6CF1A09EEE4F40FE6F70B0F070213E4AE0B9599CF6348B0EAC781225457
10432973404 4345 3650 7F4FEBC97721804A7A49B83051583D9973DE80AC9DEC037A335458648A2FFA2E
10437150454 38293 46187 E699F1BA25F2478861024E4C4A16CF02CEB7DFFD0FC1D2ACA439799622F40642
10432090483 55911 60114 CE973EC0BAD1D6C2592D41A84F1843224AA846B4641CCCC0AA82716B9523BAED
10434922186 31803 3472 968541CA85221E241449C18EBD8C0EDFE3AEF830345079FF43819DD768C386DF
10435759375 60653 8912 81852BA757FD0FE174531B6FA09B859A0E065C4B79BA86C33CB8864B6085C552
10434199480 15277 50358 DD15D16063D4F3703D2005E23080A33790EF8EDDDE897E7C2F3C1476A813C07C
10432056963 59574 32197 7C20F6CF1A09EEE4F40FE6F70B0F070213E4AE0B9599CF6348B0EAC781225457
10437832898 20323 34335 28CF156D6FFF333D2157DE852EE8065D4CAB5F9FC3A39843AAFED9D6BE2E265C
10431188417 36854 21945 7C20F6CF1A09EEE4F40FE6F70B0F070213E4AE0B9599CF6348B0EAC781225457
10437119522 54801 20338 C2E3D00A85B289B439BEA2415933FD3EF4279AF8B7018D304F71A579C67A5E16
10438958513 8965 20851 B4B3B1B7B2B870B4F80146A39F968F8BF73DD527C921E8E1025E6C8E5CA33B73
10432500597 44284 37178 7C20F6CF1A09EEE4F40FE6F70B0F070213E4AE0B9599CF6348B0EAC781225457
10436724519 61117 35476 20F8AAD8F94D889E727491EF4CAC2D78B509B89F4E101C81E1B6E92CA59CEFD6
10430676967 56011 9410 68AA09B395C46EB84414609278A9A3FA457758422F6AF77F59E463A9208FC056
10436355336 6390 46415 7C20F6CF1A09EEE4F40FE6F70B0F070213E4AE0B9599CF6348B0EAC781225457
10437112552 29449 46699 603B949724657FF7AF52C8FE7850000AF0FA35D8F8F050D94B600F71E4AE0639
10439259611 52504 59624 7C20F6CF1A09EEE4F40FE6F70B0F070213E4AE0B9599CF6348B0EAC781225457
10433296714 39309 20056 B3C31424E3E00D83117C014856CB69FC6354BD87DA9CD8D25016427BD47E0C98
10436472153 49953 6656 96DA00D5DAFF587CDF28237A9B76E1CEDC01EB38C434778385034FD65F0518DE
10429000473 7035 8630 FF832C3426917B3B7BC0EBB4A9601F78C61C637C6554795D9914517068D027DD
10432982652 51871 36521 6E55C94D596B65ED4CBE463701452F952EB5D23323FBDA5A10474A9DDAC1C01A
10430386571 43509 5885 2AC12D08958B8ECFBE4016F67F0F61BA7A9B7E9CBEE278E32EBB10A5ADA09832
10434513643 24927 31354 5A90D9BFA5B963C651AF305A1BCAF71F7A2E2BBA61DA2770022C0FBE866B8BB5
10434389741 20874 49695 7C20F6CF1A09EEE4F40FE6F70B0F070213E4AE0B9599CF6348B0EAC781225457
10428874155 490 56265 7C20F6CF1A09EEE4F40FE6F70B0F070213E4AE0B9599CF6348B0EAC781225457
10428762188 39246 8432 7C20F6CF1A09EEE4F40FE6F70B0F070213E4AE0B9599CF6348B0EAC781225457
10434966289 26908 8152 7C20F6CF1A09EEE4F40FE6F70B0F070213E4AE0B9599CF6348B0EAC781225457
10438659298 7265 5124 9BF7FD2E3F3605457E10A6FC0104B958AEB7345E53F563330722D551BA07BE57
10436120589 56806 38214 7C20F6CF1A09EEE4F40FE6F70B0F070213E4AE0B9599CF6348B0EAC781225457
10429011087 13765 34150 E12DB7F7B262C159292A9B8EF0D7D1479F2894DAE863EDAFF283CBC190066A21
10430607412 51925 28571 304F41D197612E30031EBE7C6628E3DE6D81BEC73F948F7172FA423221AC70F6
10436612932 55546 42439 7C20F6CF1A09EEE4F40FE6F70B0F070213E4AE0B9599CF6348B0EAC781225457
10437050432 55676 50663 7C20F6CF1A09EEE4F40FE6F70B0F070213E4AE0B9599CF6348B0EAC781225457
10439193172 13234 21548 7C20F6CF1A09EEE4F40FE6F70B0F070213E4AE0B9599CF6348B0EAC781225457
10429691813 52286 61010 7C20F6CF1A09EEE4F40FE6F70B0F070213E4AE0B9599CF6348B0EAC781225457
10435390214 37822 43504 7C20F6CF1A09EEE4F40FE6F70B0F070213E4AE0B9599CF6348B0EAC781225457
10437423828 21734 20817 7C20F6CF1A09EEE4F40FE6F70B0F070213E4AE0B9599CF6348B0EAC781225457
10437079591 15452 63090 7C20F6CF1A09EEE4F40FE6F70B0F070213E4AE0B9599CF6348B0EAC781225457
10434448726 54096 63726 7C20F6CF1A09EEE4F40FE6F70B0F070213E4AE0B9599CF6348B0EAC781225457
10430010125 38035 17194 9223943212A35D601A4EC5710CA9560E9055315483466811D135A78D79059EE4
10440240230 4287 25139 C3EE6D041F4209286AAD5EA5F6C459831721D86546716900DE02A1FBFF9EA62D
10435021943 4317 47828 03D09E98815D8D5D2D4B1DD274346EBF810BDDFEF66F86FD1FFCD3E3228C526E
10429895903 10953 32221 D2CD081724639AED9F46C456563200C86A706D9CF588864984EB9E454C75A258
10437576988 35440 33647 7C20F6CF1A09EEE4F40FE6F70B0F070213E4AE0B9599CF6348B0EAC781225457
10431207066 55501 22520 5D3468504E445FAE02DB69E7EA1A8175265EE9D2EA8F5C71F28A6CBA030EF110
10431077137 37751 57052 8EBE1B2BF11A89E8903E8F19729D526D487070CA673C81A8E5D6950621B42254
10429042049 57211 45051 672C8C5EA226B36A7BFB83A9F344D7FF79A57A23F5EB3B7248B7F0BCB98BBD60
10439796308 55825 22917 534C9FD576DBE904C3C46BBFD07452D0499128552805957EFC5884CC9989CC3E
10432556267 54768 16688 7C20F6CF1A09EEE4F40FE6F70B0F070213E4AE0B9599CF6348B0EAC781225457
10431170994 20633 35269 32C7193F9EEF123C04E642709757C0C1CCE82CF5DB69547219A3FFA1620EC349
10431790666 26288 37132 7C20F6CF1A09EEE4F40FE6F70B0F070213E4AE0B9599CF6348B0EAC781225457
10439434307 14947 21087 0FE9F421F7F21EEBA6504680A199B0E6F04031E2C7429BE74B861688B3AC6717
10437198930 19306 49857 7C20F6CF1A09EEE4F40FE6F70B0F070213E4AE0B9599CF6348B0EAC781225457
10437993468 35303 61055 A801356FD74F66B99C9F0492EDBB3B5C137300F65765A4258AF2BCC5DAC24EF1
10435273237 51850 14237 7C20F6CF1A09EEE4F40FE6F70B0F070213E4AE0B9599CF6348B0EAC781225457
10436494663 17364 57723 7C20F6CF1A09EEE4F40FE6F70B0F070213E4AE0B9599CF6348B0EAC781225457
10439470974 2085 64490 580E94A6E4A3FAAFCB81B181F8307E6BCB78BE72332C84E86EF8C0FEC727DBD0
10428851934 6781 19353 4AA7B71876C1B841B89A300D9B0B4B84C03089977CBECF2149676E97B25BA16B
10430435740 37539 41703 969835530A2C579A62CB28330B637AF6193730156FE55EAE1C6E0901CA3BF152
10428877108 28610 32627 7C20F6CF1A09EEE4F40FE6F70B0F070213E4AE0B9599CF6348B0EAC781225457
10428831460 51885 39903 1FB239C782CDE3CD9BD4060447AA7AA5A520CAD61D00C89777F827507CEC5C72
10431664876 13599 27889 3DDBCD6D39BBA5BD36824267E03088A6AB956022EA249F97C8B7699E361405B6
10433700934 15007 21603 3D5FAC7581F276009B0A62F37AA21EC5C875C4D490A3112C4477B529EAC6C0F6
10434843265 15101 163 EDA860E664062972841953D8C17E6AB115EEE19DB3C5C2D79CA20A02EDA12B2C
10436935902 27068 600 7C20F6CF1A09EEE4F40FE6F70B0F070213E4AE0B9599CF6348B0EAC781225457
10439075928 40727 16499 6801C56504E248FA8593D9285D062F260F60C60236CABD7BEE757A235E92F58B
10437273351 52117 63809 FB0C84BA1DB80AA55B7AB68F45DC5C67E6A38FE7AE52C2EC5D6FD7B96F9B55DA
10435875573 62418 38338 7C20F6CF1A09EEE4F40FE6F70B0F070213E4AE0B9599CF6348B0EAC781225457
10434388991 8648 25590 7C20F6CF1A09EEE4F40FE6F70B0F070213E4AE0B9599CF6348B0EAC781225457
10433595173 35195 28278 28663FF2FB04A2951117120994F68E2AD472C8BB7382BC05BDA6C653110F4D0E
10434602412 60096 40188 7C20F6CF1A09EEE4F40FE6F70B0F070213E4AE0B9599CF6348B0EAC781225457
10431559046 814 40609 7C20F6CF1A09EEE4F40FE6F70B0F070213E4AE0B9599CF6348B0EAC781225457
10438363935 34159 11720 986E4679E35BA8F4E26B9566D1A8D9E64C21597FF0207B1E008DE0F817D4A6A0
10439372609 31144 22696 7C20F6CF1A09EEE4F40FE6F70B0F070213E4AE0B9599CF6348B0EAC781225457
10437545996 2381 49144 766C0986721A8620C540D720EC9FEA72F897B4C98F955D8B630FCF5E0FF2E868
10430445944 15369 18843 BE0C2486221979764344BF52BFB4669AC7A5A9D790D50D31AF09D9F00DCFA5F0
10434261364 6403 39281 578A9BEB7753840C8E7A194EED889772CD139FF79B2FBEE357051F0DA0627296

Total of 0 tasks calculated error.
