Total of 100 tasks calculated correctly, accuracy 100.00% 
10462010945 58352 722 7C20F6CF1A09EEE4F40FE6F70B0F070213E4AE0B9599CF6348B0EAC781225457
10457775713 1066 19188 7C20F6CF1A09EEE4F40FE6F70B0F070213E4AE0B9599CF6348B0EAC781225457
10458246580 53291 4279 C66DB4BA1F8DBEBD0F4F783577C4A6AB482F69ADF8B7E8819F8D258B0068EC96
10456431717 37905 53253 1556F95AFBD9B8F60F6C03C1A82CE7F9E0989CECB4AB162E872F91A53BC0A94C
10462234902 42506 7213 7C20F6CF1A09EEE4F40FE6F70B0F070213E4AE0B9599CF6348B0EAC781225457
10460669854 11261 60322 2041EBCBBB40F8338C155EAA05640D9DF4E91254EF5FEBBD210B5B4DF90C70AC
10463318825 57817 13788 01D3E6735440F2A94F82ECCD865E4CF399E6B1EA962CFF3A77FE7EC92CD270C3
10454286283 55275 1663 B910CC6A03EA68D9191F4E0C10FD5AF95A411D3E2AFB6C01F6E85CD71018D268
10461373811 30575 65107 77F19DF9A607B32EC439A9EA660421694D2495DE2C97DA51777DAC731FDE5511
10459113944 6853 30035 31227F6DA63BC97BF3E888BA5EA2B04CFAC47B8D02F3E2B7DC473ADAFF680F83
10458824833 30889 59571 47285A4A91D44EE4DE2D87DD54D5159A0C0041E490A47E0A8D4FDF304989A650
10463009692 23063 57541 B4D0C3EC2DCAEFD6861FB876C17E91647A73BC7F4B191FFEBCAD4ED615EE742A
10456008171 49581 397 D63FADFBE3B17ACDA26BDE4D611B228CBE26455D1372F19E84B4CA4803650B02
10456697494 1698 8433 7C20F6CF1A09EEE4F40FE6F70B0F070213E4AE0B9599CF6348B0EAC781225457
10458942324 6221 5 05CD3C3CEED9AB53A351D895219F6F5B39200D75166EB83C2200625205D33634
10461044129 35912 22911 7C20F6CF1A09EEE4F40FE6F70B0F070213E4AE0B9599CF6348B0EAC781225457
10453909017 34074 22822 7C20F6CF1A09EEE4F40FE6F70B0F070213E4AE0B9599CF6348B0EAC781225457
10458873683 53273 14431 F67724BE15E5B26E09771DB9C29EA406442A9C82AF53499647CDE1BB9CCBA3E0
10463352466 12324 34302 7C20F6CF1A09EEE4F40FE6F70B0F070213E4AE0B9599CF6348B0EAC781225457
10461597837 30874 24432 7C20F6CF1A09EEE4F40FE6F70B0F070213E4AE0B9599CF6348B0EAC781225457
10462717697 50413 29024 E84EBA45ECC3545F453E8921F59C86CF9D1FEF4E724119A2502833BD55A645A2
10452886555 62584 28465 7C20F6CF1A09EEE4F40FE6F70B0F070213E4AE0B9599CF6348B0EAC781225457
10462966005 23692 65525 7C20F6CF1A09EEE4F40FE6F70B0F070213E4AE0B9599CF6348B0EAC781225457
10454108223 37065 58838 AEA11E072BBB8A6A3EDFD534D45FC8D69DFEA7879B8B779C317C9E2B0E125C20
10456690249 16978 64851 7C20F6CF1A09EEE4F40FE6F70B0F070213E4AE0B9599CF6348B0EAC781225457
10454920254 20143 27087 D91619613D7D4D19F788A942D61565A7D4FD49919F02F4DD2A655535EDCA79CC
10459452934 45203 57165 89F9E112DEF852A25B4E06F719005F8CFB82F3BCE43FF0DC22AB9CE9C704182C
10462862981 56905 50089 64770B1B9AB6A0CEDC3B96A4378E9CBBA1C0D115CBA56C19950D2F5EFCC45CA9
10458782564 52428 40663 7C20F6CF1A09EEE4F40FE6F70B0F070213E4AE0B9599CF6348B0EAC781225457
10464177680 51251 2071 50B36428255C0682A0BDB6C42F5086D69E8792074D7C0354B577AD351227D2DA
10462928859 9406 44361 7C20F6CF1A09EEE4F40FE6F70B0F070213E4AE0B9599CF6348B0EAC781225457
10459932753 9208 41453 7C20F6CF1A09EEE4F40FE6F70B0F070213E4AE0B9599CF6348B0EAC781225457
10458438281 9978 33634 7C20F6CF1A09EEE4F40FE6F70B0F070213E4AE0B9599CF6348B0EAC781225457
10455964154 27988 31896 7C20F6CF1A09EEE4F40FE6F70B0F070213E4AE0B9599CF6348B0EAC781225457
10462788505 57540 63667 7C20F6CF1A09EEE4F40FE6F70B0F070213E4AE0B9599CF6348B0EAC781225457
10460282457 19057 58506 EC7BE64506E6DA5895F5D0946134CD4D1A578445103EA014F88B3740105ABD5D
10455366498 55594 38323 7C20F6CF1A09EEE4F40FE6F70B0F070213E4AE0B9599CF6348B0EAC781225457
10459843704 61049 49985 FD94C7728883A563B061BEF6CFA9A8A56C01650576492E8241B477E799DFCB15
10461191315 52970 52061 7C20F6CF1A09EEE4F40FE6F70B0F070213E4AE0B9599CF6348B0EAC781225457
10453273242 29256 18324 7C20F6CF1A09EEE4F40FE6F70B0F070213E4AE0B9599CF6348B0EAC781225457
10458014853 7527 3285 B29F7EE37DBABB9E38A283750C77AD993440106FDDB8A05178856A51477A2876
10457934287 30431 40619 07AC4DBA3273BC8E4C5C8ECD9EADE70F7E07FB693B9F2EB08FB5ADBB7186D34D
10463397809 13563 38373 AE1040ED6D22E78011A228E551F68B1DBD7180D2BCD49AF5688AD90456B55CD5
10460890576 26712 12697 7C20F6CF1A09EEE4F40FE6F70B0F070213E4AE0B9599CF6348B0EAC781225457
10460408987 43254 17524 7C20F6CF1A09EEE4F40FE6F70B0F070213E4AE0B9599CF6348B0EAC781225457
10459964103 61093 46548 92B3BFE3E34B2DA068B260D134DF4326E0B846B1DB5E2FC5341EF4F30C8CF85B
10457082467 59274 46976 7C20F6CF1A09EEE4F40FE6F70B0F070213E4AE0B9599CF6348B0EAC781225457
10454471637 9335 37543 A2F4437259BE75E47DA3010B4E0A63C22D2BBAB395FC387103C37BDC1E02A979
10461950484 57285 726 8A086D80A53871CB37214EFA96EF31AE6BA4327933866094EE91769FBF6FBFA0
10463802879 65133 4625 1C6B726BB1F41D12FE9D3B4310A26EE899FF46AF6755B9AA547BF16B642476F0
10457459815 60117 33049 D900261816DE90508525C7893E3A13FB62C406023FEC2FF73D19A841B7BAD365
10459906416 9490 7089 7C20F6CF1A09EEE4F40FE6F70B0F070213E4AE0B9599CF6348B0EAC781225457
10458835826 27271 60222 E43C69107814C941289842594BD6644FC604EA8F546329C956A2657927050164
10455165269 21439 36057 42C4EFA0342D65A4D38EF9758855CE741C9143B5EFB8BAD25789BCE4CF4CFE00
10458937264 57194 6823 7C20F6CF1A09EEE4F40FE6F70B0F070213E4AE0B9599CF6348B0EAC781225457
10461301510 30502 22812 7C20F6CF1A09EEE4F40FE6F70B0F070213E4AE0B9599CF6348B0EAC781225457
10458379459 9903 64249 77388C34099074BCDDAFE864DFB98ED84ED98A854362D16C8AED87159795117E
10460977909 39849 29409 579FB09E54535838045416C4F31ED2C23B38D3BDAC9EBA49CC655153273FF9CB
10457798332 21614 25475 7C20F6CF1A09EEE4F40FE6F70B0F070213E4AE0B9599CF6348B0EAC781225457
10460633588 42604 16075 7C20F6CF1A09EEE4F40FE6F70B0F070213E4AE0B9599CF6348B0EAC781225457
10461782183 33273 17185 B2036AAAA68A7E5B9F3A637D636B3FDBBBDE9BF576CA5BF35152692502DD6FB8
10453906770 51310 39772 7C20F6CF1A09EEE4F40FE6F70B0F070213E4AE0B9599CF6348B0EAC781225457
10460136169 30505 54798 CF0C9B8D5B3FE348B3DC82F97448F661393681118A65A74393D12E3ED92AAAD4
10461336037 46959 32035 8DFA2FE90A20C711ED4482A4C3A327CFA0E64BF60A4A05E49D2037A591497376
10453299354 62022 58178 7C20F6CF1A09EEE4F40FE6F70B0F070213E4AE0B9599CF6348B0EAC781225457
10454243478 55694 28158 7C20F6CF1A09EEE4F40FE6F70B0F070213E4AE0B9599CF6348B0EAC781225457
10454850925 29568 20620 7C20F6CF1A09EEE4F40FE6F70B0F070213E4AE0B9599CF6348B0EAC781225457
10455585127 28365 50587 DDBBDD2AF4712C474DBEFE3A6F4B3682DCECF28105C2F61F3B43D826D633B8B0
10456932892 43641 64678 35B5B5280F02ED27CCE814595F41BF9AE73F4F8F28E275D6EFED0A9E877C33C7
10458507577 23674 47045 7C20F6CF1A09EEE4F40FE6F70B0F070213E4AE0B9599CF6348B0EAC781225457
10456737583 42356 37868 7C20F6CF1A09EEE4F40FE6F70B0F070213E4AE0B9599CF6348B0EAC781225457
10453059444 22959 7815 1569E7E6F1B015CAFB111F29DEC4C131D237AC761FF52D192BE864FFBE4DD664
10462838394 53523 52585 BBC44AAF7B49E2351B5CF4A72D55BC57A720074A9FEA51B9CC930DE697C89E55
10454274795 65342 21314 7C20F6CF1A09EEE4F40FE6F70B0F070213E4AE0B9599CF6348B0EAC781225457
10463175276 58141 33956 C6BA1F6F0C864E162FC596994703A27D678897550552786E5C0D754099EF1A5C
10455855329 52893 38562 903DED8A99DB7F23D918192EAB98C78849AAA89C94227A5DBF3F08F477AA987F
10454185255 58811 2351 D599A263DA4DDDE0BA836111118DB0402BDF7797FA322EDCD8742B9F941C6817
10456180927 60772 8248 7C20F6CF1A09EEE4F40FE6F70B0F070213E4AE0B9599CF6348B0EAC781225457
10459011464 64471 9963 052A5C3A86E34B5E90C302DC05B41CDB425274FFF7A02589C578E2C6ABBEDD8C
10456361328 28480 23222 7C20F6CF1A09EEE4F40FE6F70B0F070213E4AE0B9599CF6348B0EAC781225457
10453384206 25415 51846 A35461FBBE533053A63F04C3C63F83F494B93E6AEE59523FADD998263BB04446
10460040877 34950 64661 7C20F6CF1A09EEE4F40FE6F70B0F070213E4AE0B9599CF6348B0EAC781225457
10458116802 2083 42827 01F2ABD7C7AEA8A02E95E679BD28AC79DFEB68C40944CEC0A1A8FC4FC46DD243
10453581428 21994 60246 7C20F6CF1A09EEE4F40FE6F70B0F070213E4AE0B9599CF6348B0EAC781225457
10454077323 20617 34006 920A16297409B18369DCF7B385E4C91EA06315BC96DF9EC30F09B0118C87FD57
10458353984 43851 10588 8C5EC96F62448458D40D6D99C90B151136A6061363FA433CBEBD557EF0371324
10459912666 15687 46567 837A710763333459C95495E5734DC278D537752084853DF2B2E4BAD978FEEE33
10461818803 41406 944 7C20F6CF1A09EEE4F40FE6F70B0F070213E4AE0B9599CF6348B0EAC781225457
10454248600 21392 28641 7C20F6CF1A09EEE4F40FE6F70B0F070213E4AE0B9599CF6348B0EAC781225457
10464311311 34978 3470 7C20F6CF1A09EEE4F40FE6F70B0F070213E4AE0B9599CF6348B0EAC781225457
10463687433 16332 8940 7C20F6CF1A09EEE4F40FE6F70B0F070213E4AE0B9599CF6348B0EAC781225457
10453687322 26445 56047 70FDEB20BBF07D057BF8BFFEE00D0002F2AD27E1728BB2BA6EC7D74DD8A1C8B6
10454293802 20823 31794 9EADE106970862657D864028062FF7DE957E366E4BF7A637576BB6C7A611484C
10458887019 41501 27017 3B8662BBB64813E2121FBFCC46169B06D65364D53128D702386E7FF6B802D969
10464258719 14839 36500 17A758C9DE6FA288CAB68A6D69038D7A89142B06EB75587D82E29E8C63E7EA1C
10454488798 44311 44439 C0867CB0B425198C853DBDA7F4A6F017F65AC08CB595DA7277DAE955DC1FCE1F
10457553007 54247 46490 4B8D4D00E8F60369F866E111C8DFAC1C12B5B93B5B805241A3932B0D14E8CC5D
10462332029 61144 26702 7C20F6CF1A09EEE4F40FE6F70B0F070213E4AE0B9599CF6348B0EAC781225457
10463872869 25982 43358 7C20F6CF1A09EEE4F40FE6F70B0F070213E4AE0B9599CF6348B0EAC781225457
10453285079 7954 32519 7C20F6CF1A09EEE4F40FE6F70B0F070213E4AE0B9599CF6348B0EAC781225457

Total of 0 tasks calculated error.
