Total of 100 tasks calculated correctly, accuracy 100.00% 
10473519315 52035 43874 3A61C18A7C38602952362E01068C6765E3A4B9035004AB953CD82223DA034FBF
10464454040 49578 12590 7C20F6CF1A09EEE4F40FE6F70B0F070213E4AE0B9599CF6348B0EAC781225457
10465446191 40973 8880 6EE12A6CC230BA684A331C572D52D6EF550BA8811C10DBB4065B5C311269F53E
10465426697 44522 30242 7C20F6CF1A09EEE4F40FE6F70B0F070213E4AE0B9599CF6348B0EAC781225457
10474173118 9268 7357 7C20F6CF1A09EEE4F40FE6F70B0F070213E4AE0B9599CF6348B0EAC781225457
10475215429 31222 18494 7C20F6CF1A09EEE4F40FE6F70B0F070213E4AE0B9599CF6348B0EAC781225457
10468051110 59062 25762 7C20F6CF1A09EEE4F40FE6F70B0F070213E4AE0B9599CF6348B0EAC781225457
10475425736 54949 54664 DD0AB7FF9B57F8D51D0D5F347782BA2CA9CAA77D1F019301EA496F2832591046
10471431648 9429 62840 9427B7ADB03A4E41A3554EBCDE94F63DBF9230EA11E212A13DCB31F1E09B7DF6
10466283036 41429 63069 B5C739C990A840F1792D5C310723D77DB9A4D60EAD979244C23A0D9A4A5CE1AF
10470335516 43367 63772 A710857B6424F85743D16314ED097B77F6343E87FB8BA86689A471A17073590B
10470354489 39566 25904 7C20F6CF1A09EEE4F40FE6F70B0F070213E4AE0B9599CF6348B0EAC781225457
10472065428 37614 58737 7C20F6CF1A09EEE4F40FE6F70B0F070213E4AE0B9599CF6348B0EAC781225457
10470293260 43464 28852 7C20F6CF1A09EEE4F40FE6F70B0F070213E4AE0B9599CF6348B0EAC781225457
10473173461 57591 64675 BDB90C4217962E4237807EFA480F9F574535C5CC4C3364A68EC7779C900464DE
10475215445 1789 58167 79C21D41C51DDE5D9813FFE7E74CF1425049FA0FA7EDAB9CC19BF3C0B22EA1A2
10472168281 6793 34036 A1133640C6FEF5BBFF5741153B7BAB3D02B4088F3721107C25465E5909D44517
10472231715 46019 17463 D9669D05C9CAE4D32D3D0B1854F2A54504EBA54B436A36BF2D9F2987EEAEDB8E
10468130397 42296 28594 7C20F6CF1A09EEE4F40FE6F70B0F070213E4AE0B9599CF6348B0EAC781225457
10465843102 39039 2148 7477B5B410643EA8F1DA420048A95678F410710909A938E9A1851870CF8E63BC
10467541889 13270 59374 7C20F6CF1A09EEE4F40FE6F70B0F070213E4AE0B9599CF6348B0EAC781225457
10471060487 53769 43656 10BE82AA58BF2E755F7BE7A017B485DC4C0698FB3B914B5F03CCBA617AC7466C
10469540137 13672 34948 7C20F6CF1A09EEE4F40FE6F70B0F070213E4AE0B9599CF6348B0EAC781225457
10474202981 57687 1213 7F18BA602077763094E1AE8A524628E4025E512E7E4A7718F3F7ED6BE38AC967
10467794540 41489 25418 BAFF66A8C5ED57389645EF73F7D2C06DE7F1CC663845C5F557FA4C2D20674BEA
10469768734 10909 58673 A1E0C246DFA84A71C43F42AC5A00E125DED429BB8110E136A035A1CBF83ECC80
10474165457 45188 64549 7C20F6CF1A09EEE4F40FE6F70B0F070213E4AE0B9599CF6348B0EAC781225457
10470824310 5678 33890 7C20F6CF1A09EEE4F40FE6F70B0F070213E4AE0B9599CF6348B0EAC781225457
10467636842 44029 60964 93B7F1C5DE6184577B69DB6C57461DDCCAF44EFE5BCA16E166FB7ADE4C693C20
10468817414 14422 44214 7C20F6CF1A09EEE4F40FE6F70B0F070213E4AE0B9599CF6348B0EAC781225457
10466930298 17411 41477 D7264E8BD1EE94F176AC0F9A6F391982EB7FB0F7416DDBCF86C22ED7E5840687
10474412477 64302 24473 7C20F6CF1A09EEE4F40FE6F70B0F070213E4AE0B9599CF6348B0EAC781225457
10464824642 7188 36026 7C20F6CF1A09EEE4F40FE6F70B0F070213E4AE0B9599CF6348B0EAC781225457
10474062972 9686 46107 7C20F6CF1A09EEE4F40FE6F70B0F070213E4AE0B9599CF6348B0EAC781225457
10467037412 41830 5394 7C20F6CF1A09EEE4F40FE6F70B0F070213E4AE0B9599CF6348B0EAC781225457
10470603654 51245 53412 B5BAEC0953BE824FE4246979DE698ACB5FE4C7E67F8B7C22F60F4EAF42685DDB
10465665913 37569 5265 687C874F45DEEDED9F900B678A68C91C1B722565C7F7F3374A8356478B039606
10472496543 6829 22790 4A639C2864DA087BF00D9DFA073CFD2576C82C3C71A2537D88593D876AEBD87A
10474820326 51916 65067 7C20F6CF1A09EEE4F40FE6F70B0F070213E4AE0B9599CF6348B0EAC781225457
10470951343 35324 44136 7C20F6CF1A09EEE4F40FE6F70B0F070213E4AE0B9599CF6348B0EAC781225457
10471749276 54654 39466 7C20F6CF1A09EEE4F40FE6F70B0F070213E4AE0B9599CF6348B0EAC781225457
10469387578 21803 35755 E0E74850016E6914749007DAC2956F15F5303575728FE766D690D523B58BC57E
10468494940 65389 57862 81E5E4D1958294D6E8170615D1A8C6F7E0569AE9D08B0C2A18C90DEC20345781
10472538840 29733 58563 1E5943A8266E4D3D58C1AFCEA979CA323A7A98F263BE05CE286B67C2D2EE6993
10466620908 32796 892 7C20F6CF1A09EEE4F40FE6F70B0F070213E4AE0B9599CF6348B0EAC781225457
10465171249 16125 48489 81EFB296350B302D7A2ECBFF4C851193A70D56C0C20A3A61F0DADD94B0DC1CD0
10469199787 10866 24093 7C20F6CF1A09EEE4F40FE6F70B0F070213E4AE0B9599CF6348B0EAC781225457
10466560336 17905 54875 1E6DC0BDCB833313A1BECE56EFC03561DA2261F38E6D71CB5FF43EC51B4087AA
10473514277 64128 34850 7C20F6CF1A09EEE4F40FE6F70B0F070213E4AE0B9599CF6348B0EAC781225457
10465378797 20188 30776 7C20F6CF1A09EEE4F40FE6F70B0F070213E4AE0B9599CF6348B0EAC781225457
10471870898 27430 51572 7C20F6CF1A09EEE4F40FE6F70B0F070213E4AE0B9599CF6348B0EAC781225457
10473756809 58866 15862 7C20F6CF1A09EEE4F40FE6F70B0F070213E4AE0B9599CF6348B0EAC781225457
10473871447 8668 43507 7C20F6CF1A09EEE4F40FE6F70B0F070213E4AE0B9599CF6348B0EAC781225457
10469574467 46273 26141 57E99C772E37DF9B21B3C887BC36D37C19FDC098933EF344D2CBF5553AB16C05
10471017055 15353 47662 FFBED7F5F568855AF43C77AD8414776DD1422DF7F32672733406AD37B29B7B31
10473600151 44371 23456 1D83E049D23D7B4E376574E58DDBA33D9E49C57B9F5663BFDC2D2CFAB06F8F38
10468121228 18591 29608 0583B8F0A22646A430A38438992BC472742F6980E49793E32285E1D52439154D
10469319267 61894 765 7C20F6CF1A09EEE4F40FE6F70B0F070213E4AE0B9599CF6348B0EAC781225457
10465732604 9281 24609 CB0CB91BB8789732BD671A6659F452216A797148299F01699DC9EB5C22CC61FC
10469410354 39347 29759 621D59AA0F5C8704BB0C552962807E541E74372DB35FC4468A09EBB7DD84EAFF
10467085474 12553 11722 22AA088E6E2FC7E3E3CDEE34D6F5BE5C2E91DE4B53D2DE79DA32D7552CA15BEB
10468135578 48583 30183 2D491772FD289474BA445939A8A7293D2AAF245ACA8AD9413F815ACF15D57644
10468959612 49730 24248 7C20F6CF1A09EEE4F40FE6F70B0F070213E4AE0B9599CF6348B0EAC781225457
10464555557 33145 32744 56498290A95C9B13C74742772617D987948F2EA07C0AE2D880103052AAA7534C
10464717001 63167 23268 6D8860F893C6497074CB84D923B0C3A82A2C700C03925B2658448AEC6C18D391
10467055978 32590 8467 7C20F6CF1A09EEE4F40FE6F70B0F070213E4AE0B9599CF6348B0EAC781225457
10473213288 10226 32792 7C20F6CF1A09EEE4F40FE6F70B0F070213E4AE0B9599CF6348B0EAC781225457
10471299592 10716 52234 7C20F6CF1A09EEE4F40FE6F70B0F070213E4AE0B9599CF6348B0EAC781225457
10476011826 54161 54357 1BD5D13C7769571D42D8FF92392B8098F7963061C7AC7B56501F09969C3F83E9
10469372166 48047 31167 3B5E72189C62EF7A7F8ED8BAF251C91D9F1685DD2ACD88037C1EF8D7AE76B0E5
10470227898 23217 31928 400984B17E008184C7FC2370B3CACEC3A245031D9CC065E6E36E817EB2F2AE0E
10474814952 8258 8420 7C20F6CF1A09EEE4F40FE6F70B0F070213E4AE0B9599CF6348B0EAC781225457
10464716475 22423 33434 B61B9D5280F3B352B560184EF91BF69F3FF938047EF9C8B68ABA52DA0F5B2332
10473184192 44457 6703 9CE0910BA3908AED67DAA4BC689287BBBC9698ADDE40B1AA1788FC3149D148E1
10464741839 21229 32003 3DC0DA3D4C172D6CCFECBA1EBD0806CE94D51175A6007107AE87155C378249A8
10474745845 10363 27600 0BF6C41EFAEA7FB5A8471C171F94272BA95432364EEEC55CA94FF274715E886F
10467038102 32093 37937 4E47A4CF9F87647D99BA253051320D257C333C544444B6FC611786A0CC288987
10468186495 34 13885 7C20F6CF1A09EEE4F40FE6F70B0F070213E4AE0B9599CF6348B0EAC781225457
10467625673 2962 45694 7C20F6CF1A09EEE4F40FE6F70B0F070213E4AE0B9599CF6348B0EAC781225457
10474562888 43152 40580 7C20F6CF1A09EEE4F40FE6F70B0F070213E4AE0B9599CF6348B0EAC781225457
10465446600 63627 50051 FCE3D40B4806AFD75BC3CD7CF356165D09E415FA623AD8BF5A745085CC2413FB
10468265667 56420 8449 7C20F6CF1A09EEE4F40FE6F70B0F070213E4AE0B9599CF6348B0EAC781225457
10472783394 50604 54952 7C20F6CF1A09EEE4F40FE6F70B0F070213E4AE0B9599CF6348B0EAC781225457
10474329515 12217 3425 ED6189240E32FE6054FA655DB8B90A679A178E27515E76BAE51546790ACD0F97
10467751176 37406 46056 7C20F6CF1A09EEE4F40FE6F70B0F070213E4AE0B9599CF6348B0EAC781225457
10473393392 64089 38734 2E82B1AA78175C879E06B0D9A6197787BBA184886C59AB3D0FCFF20861A5CB80
10471724421 53897 49286 27C9B25F09C205C989C77E1F0C42D6D126AE6488D90DB703C04196EDC6A6E63D
10471496199 10388 20242 7C20F6CF1A09EEE4F40FE6F70B0F070213E4AE0B9599CF6348B0EAC781225457
10466751915 56641 50893 CCC51CB13D5431FFF4452A52BF93EA5E5A301195F76B0583D2C29A19E9166496
10472765767 26551 29720 23C6DF968167C6E6C3526CE52010C65B9474116DD0C881BC9FFB581BF623C09C
10468976054 34917 30989 CADCD23EF19E5AF6A0E010B805A195DB238469FBA96CDA3AE16243143DA89BF5
10468015016 23040 55522 7C20F6CF1A09EEE4F40FE6F70B0F070213E4AE0B9599CF6348B0EAC781225457
10469414371 18090 49487 7C20F6CF1A09EEE4F40FE6F70B0F070213E4AE0B9599CF6348B0EAC781225457
10465329448 21021 60141 45E1E27B7B43A7D6008F20118D3A8A7773EA6A9BDC1AC3A2C0BE4035E7F2CA9F
10474810944 16612 55378 7C20F6CF1A09EEE4F40FE6F70B0F070213E4AE0B9599CF6348B0EAC781225457
10465794652 40406 38469 7C20F6CF1A09EEE4F40FE6F70B0F070213E4AE0B9599CF6348B0EAC781225457
10465398460 38975 39633 8DBAAD364BCA3EC8C00D094D5E8E1ED56A797FD2CAA39671793E0BA0A62FE9A3
10471943939 45903 50191 0E402B1349C25E165548444E8CF4BA96C93F4C1DE619BD9334C78D95FDC813E1
10472727911 31167 33681 7905B23ABD158C26876F6859F7E8352CCD8C3C23469B961904D4F1E749352290
10472700029 15999 56336 47A5AE2A4B2384D20C84B8F3FEBC9B61C52D1879284AF1D4F1217CE1586D94C2

Total of 0 tasks calculated error.
