Total of 100 tasks calculated correctly, accuracy 100.00% 
10479809434 6470 57939 7C20F6CF1A09EEE4F40FE6F70B0F070213E4AE0B9599CF6348B0EAC781225457
10476700972 51879 30781 998E770E240AD0788FBB3BFD8D692595F0671F2AD561DD051A673AABB20FE0D0
10486803490 20313 22492 F36B07E272110B91A63A3B41A694C2F9EC83A8702953999998FAE542D7E678F8
10478982032 13472 11493 7C20F6CF1A09EEE4F40FE6F70B0F070213E4AE0B9599CF6348B0EAC781225457
10487162528 61504 43528 7C20F6CF1A09EEE4F40FE6F70B0F070213E4AE0B9599CF6348B0EAC781225457
10478286429 22545 62556 131C86CC4F9AFB15B9CE998B1ED1D50ECCDFF4EB198E7C8438CC794F1EEC65F7
10487048636 33329 21709 2F3B9E0AB91A7C151386208002C4B1426C0EBE484306753605D0A0AC6235B8B7
10480567839 64973 50797 F06A375CF902E2FEE8DC70EAA091A9932AF79EA4E538A8B366392B1E82FB2A72
10485802740 6931 16682 C718A83DE5D2795991C9FBB741A95007E05039824D7EB1CE1C03825D7C757253
10483965368 1633 5627 6BBB354E71683ACFC9C554A8BBD96BA735648653E2F7A5A4D1CC4A40AE461F1C
10481210733 37429 14003 DCA6942AECA1203A56BC9FE67DCE1406CC8B0A675C40CC67F48989A5A5BAB20C
10478084903 38867 41623 494FAB88D35FB3CCD45D4149A38DE5AB1D71A7A908CD12CA0C0104DAF4EB93F7
10484523738 5058 36686 7C20F6CF1A09EEE4F40FE6F70B0F070213E4AE0B9599CF6348B0EAC781225457
10485239660 53453 14137 99B00661187CC6F3F59EE72F959CD8FB8D1BC7FBC66AE2355576EEAFFAB12285
10488121931 16709 35101 B43EA7C34525CCC2CBCF5E58FAD07522F1BCF7AB671CCA0D44ECFDEF9FABAD59
10485055866 16441 19474 B4036004625E32A655893FA85CBDFD0B7D0F5003E1ABC53DE436C592A7148201
10483184213 45536 15184 7C20F6CF1A09EEE4F40FE6F70B0F070213E4AE0B9599CF6348B0EAC781225457
10486169737 26770 23916 7C20F6CF1A09EEE4F40FE6F70B0F070213E4AE0B9599CF6348B0EAC781225457
10476969787 23885 19181 8AF536AC1AA022894B27484104D00E56C47D9E36CCAD89783E24F809228B0147
10488306132 15877 2929 E57191D50D49E2FF2D4E977EE72781BDD209F9A718974462F818A62D6A8AD3A3
10482059108 38954 65382 7C20F6CF1A09EEE4F40FE6F70B0F070213E4AE0B9599CF6348B0EAC781225457
10487484393 6430 10108 7C20F6CF1A09EEE4F40FE6F70B0F070213E4AE0B9599CF6348B0EAC781225457
10482644174 58182 64436 7C20F6CF1A09EEE4F40FE6F70B0F070213E4AE0B9599CF6348B0EAC781225457
10480055989 37914 29897 7C20F6CF1A09EEE4F40FE6F70B0F070213E4AE0B9599CF6348B0EAC781225457
10477347637 32067 53429 20F3CB5F84D917E42603AFC791AE6EC44E49E79233EBD35CA2ACCF3DA65F6B42
10479071921 3686 43935 7C20F6CF1A09EEE4F40FE6F70B0F070213E4AE0B9599CF6348B0EAC781225457
10485495660 24414 39936 7C20F6CF1A09EEE4F40FE6F70B0F070213E4AE0B9599CF6348B0EAC781225457
10485894557 36739 20308 1C1542DF6EB3E816C1379D5BC639291724EEDAC27299E5DD3F20C2C58BF0401B
10486361977 240 50635 7C20F6CF1A09EEE4F40FE6F70B0F070213E4AE0B9599CF6348B0EAC781225457
10486715654 20087 10099 6C5056E174AB317B73ADFF26A001558C1A25C7EBE55B94227167680BBF65B99B
10476754433 332 49445 7C20F6CF1A09EEE4F40FE6F70B0F070213E4AE0B9599CF6348B0EAC781225457
10478464415 35265 26857 7E6659B0901C15389CB3FA035C4DD0B13C17FB05F9B094B3D68C100BD935A75B
10479082251 18605 8172 2F09799FA5DE971B80C29C8F578011DA39CD74A8CC5F49C1CA9F2D9999E2EF66
10478254007 53928 19041 7C20F6CF1A09EEE4F40FE6F70B0F070213E4AE0B9599CF6348B0EAC781225457
10482364073 54080 57127 7C20F6CF1A09EEE4F40FE6F70B0F070213E4AE0B9599CF6348B0EAC781225457
10483565811 5848 43618 7C20F6CF1A09EEE4F40FE6F70B0F070213E4AE0B9599CF6348B0EAC781225457
10485350660 22225 37850 DB3720DD28B01E336F339F2B1E4D048807476EFD2F486C2D1FBD4F732347A60A
10485953336 2064 13802 7C20F6CF1A09EEE4F40FE6F70B0F070213E4AE0B9599CF6348B0EAC781225457
10481153692 32396 2338 7C20F6CF1A09EEE4F40FE6F70B0F070213E4AE0B9599CF6348B0EAC781225457
10479526582 41821 16702 F24E1ADD10E3E777CB908E981FA4573E18978862B4BB16B30B297C06D8E4DC1F
10481755684 19358 37593 7C20F6CF1A09EEE4F40FE6F70B0F070213E4AE0B9599CF6348B0EAC781225457
10480039911 14323 26911 2F336F5E5059226AA61BF510E833E89F4332DCC20C034187E819E44AE38EEF2A
10477525121 50606 43822 7C20F6CF1A09EEE4F40FE6F70B0F070213E4AE0B9599CF6348B0EAC781225457
10480746215 33980 21554 7C20F6CF1A09EEE4F40FE6F70B0F070213E4AE0B9599CF6348B0EAC781225457
10479530436 7 17678 55E6BA9A7D61F541C3EEAC6F7115BE5514C42F4A766A8C43004FA9C07AD39217
10480697750 41874 14572 7C20F6CF1A09EEE4F40FE6F70B0F070213E4AE0B9599CF6348B0EAC781225457
10483748900 64512 34728 7C20F6CF1A09EEE4F40FE6F70B0F070213E4AE0B9599CF6348B0EAC781225457
10477309287 50253 542 CBD635525EA59F7AB7C2509AB42AFB19D58779F6B3A84CB8590C3C1E399C2E46
10482407712 63048 17300 7C20F6CF1A09EEE4F40FE6F70B0F070213E4AE0B9599CF6348B0EAC781225457
10486873694 5921 62537 0B95C874FFDA1CE16D3986658F3A391933DF3AD5C831DD8166C63DB408689A03
10482157376 60712 46871 7C20F6CF1A09EEE4F40FE6F70B0F070213E4AE0B9599CF6348B0EAC781225457
10481350552 974 48936 7C20F6CF1A09EEE4F40FE6F70B0F070213E4AE0B9599CF6348B0EAC781225457
10481693598 29522 297 7C20F6CF1A09EEE4F40FE6F70B0F070213E4AE0B9599CF6348B0EAC781225457
10478278492 57502 55853 7C20F6CF1A09EEE4F40FE6F70B0F070213E4AE0B9599CF6348B0EAC781225457
10477764739 6023 52736 64F878E3B011D3290176EDF74BA1297CFE2F344491E46C8108F787CCAC948C10
10488165819 24896 44417 7C20F6CF1A09EEE4F40FE6F70B0F070213E4AE0B9599CF6348B0EAC781225457
10479972144 42651 43464 0E9238347CB7E99EECCB7356ED9E0A19FC16F83CC4A54B117A3CBDB0B2BCE675
10487852949 31551 32434 F5EDE4DA040A88CE973EA0D3C28C17135CB73D1F152911FE0D05EA8D8A4C3C14
10482113589 4840 4407 7C20F6CF1A09EEE4F40FE6F70B0F070213E4AE0B9599CF6348B0EAC781225457
10485710279 61257 53119 61ED1C72C8F8EC8F8B3ADE0DB3D8578C9FD7F1B5ECDF79E5D1FA50A0B563BB2F
10479818016 52444 54641 7C20F6CF1A09EEE4F40FE6F70B0F070213E4AE0B9599CF6348B0EAC781225457
10479716182 26910 7980 7C20F6CF1A09EEE4F40FE6F70B0F070213E4AE0B9599CF6348B0EAC781225457
10478113385 56514 51527 7C20F6CF1A09EEE4F40FE6F70B0F070213E4AE0B9599CF6348B0EAC781225457
10479920080 56350 22206 7C20F6CF1A09EEE4F40FE6F70B0F070213E4AE0B9599CF6348B0EAC781225457
10481526544 44057 13059 336C1984A0236B05C28A96B906C1747818032EAA20B68A175AD2C2E7A7E5A267
10477139485 63489 7113 D74E09BC9E21592647CFE41CA98E5A34B3CFC7189885024DFA0906B208AEC4CB
10488286359 54953 23670 3E343D8C7BEB20915A4EB83D17A53B8192959D493974A4BC945FF9D5FBAE7822
10477584551 42810 34345 7C20F6CF1A09EEE4F40FE6F70B0F070213E4AE0B9599CF6348B0EAC781225457
10481161382 58874 22319 7C20F6CF1A09EEE4F40FE6F70B0F070213E4AE0B9599CF6348B0EAC781225457
10477059783 751 58207 3210A92D83D4ABAFFB421016EBA5BF7658A8DA824943A9EA52D56D8EF462E6B4
10485181539 1134 56091 7C20F6CF1A09EEE4F40FE6F70B0F070213E4AE0B9599CF6348B0EAC781225457
10479494150 10610 61381 7C20F6CF1A09EEE4F40FE6F70B0F070213E4AE0B9599CF6348B0EAC781225457
10476941197 22819 55112 B5A5D76D66BC6BE51B74F159672574284141F564AA8B59148D3A84ACBC44B473
10476836678 57820 48740 7C20F6CF1A09EEE4F40FE6F70B0F070213E4AE0B9599CF6348B0EAC781225457
10483510856 45600 57559 7C20F6CF1A09EEE4F40FE6F70B0F070213E4AE0B9599CF6348B0EAC781225457
10478519601 42420 23552 7C20F6CF1A09EEE4F40FE6F70B0F070213E4AE0B9599CF6348B0EAC781225457
10479326023 45355 64592 ADD5816296481B929860B1C6ABFA49F3B90C65233BF7529AEBB693B790A1720F
10485105081 41738 15407 7C20F6CF1A09EEE4F40FE6F70B0F070213E4AE0B9599CF6348B0EAC781225457
10480899776 9180 16963 7C20F6CF1A09EEE4F40FE6F70B0F070213E4AE0B9599CF6348B0EAC781225457
10485036181 58600 49149 7C20F6CF1A09EEE4F40FE6F70B0F070213E4AE0B9599CF6348B0EAC781225457
10478727326 19429 50569 C02C48BC9F519384034317A5B574DB7B27C29E27E46558944E5A1243FF253075
10481726292 13040 30178 7C20F6CF1A09EEE4F40FE6F70B0F070213E4AE0B9599CF6348B0EAC781225457
10480728016 15183 30942 A079ACF1052345850C69BB2A0C513F5434970B1BE5198E5B656C0B21AAE8C46D
10476811666 39294 49560 7C20F6CF1A09EEE4F40FE6F70B0F070213E4AE0B9599CF6348B0EAC781225457
10479692461 25619 61977 7E0A0AEACA706779F4C95D27A2406557FA4C341E41252FD534E899CEC01AE0BC
10487915133 11240 1260 7C20F6CF1A09EEE4F40FE6F70B0F070213E4AE0B9599CF6348B0EAC781225457
10488114636 24057 40958 7A12389B3EA7BCEEA1C250C4BE9E247D39B617DF58E0C799CC9F5F973D0899BB
10484792258 25149 65301 06F0BDAEB78717502311CDDD137F215AAF22878EC6CD9376DAE6F46EC2D1F43D
10480014944 38306 23210 7C20F6CF1A09EEE4F40FE6F70B0F070213E4AE0B9599CF6348B0EAC781225457
10480542397 35694 46963 7C20F6CF1A09EEE4F40FE6F70B0F070213E4AE0B9599CF6348B0EAC781225457
10478158001 57582 49106 7C20F6CF1A09EEE4F40FE6F70B0F070213E4AE0B9599CF6348B0EAC781225457
10484595569 50762 18118 7C20F6CF1A09EEE4F40FE6F70B0F070213E4AE0B9599CF6348B0EAC781225457
10477821605 43466 62683 7C20F6CF1A09EEE4F40FE6F70B0F070213E4AE0B9599CF6348B0EAC781225457
10488145701 36329 22853 7212A78B4EE73E7C03EEC3901A81E87D80F5B6B99E5269D8CD250E8C64A38252
10479367689 35929 1035 329F0FAABE8067EA707C31823F79C2796AB8BC71692DF5D33BED6FA721CDD032
10485113349 30643 36007 E1FD76223EA1B310CCE371958E2AA4D4A05BDCD174FBCB294535CD588C8AEDC8
10481506359 59584 4727 7C20F6CF1A09EEE4F40FE6F70B0F070213E4AE0B9599CF6348B0EAC781225457
10485095960 55045 18696 35FA6275464E02DDFFD00C16BB251DAA139995AF0565C82339D7540FB66F193C
10478827549 61727 62046 9F5479E4A8BF0084C8D9EE3A48563ACF219681925F472B594E0351E8C56F5E47
10477978765 65337 35144 D276706AC25772C6435B408BFDD9AA37C3491ED05ED67278D26F7C709C2A41B7

Total of 0 tasks calculated error.
