Total of 100 tasks calculated correctly, accuracy 100.00% 
10521037598 13256 46180 7C20F6CF1A09EEE4F40FE6F70B0F070213E4AE0B9599CF6348B0EAC781225457
10515706316 56031 49354 AF9CB1FB92C1099A84EA662132B0708707179DEF58EAB44D65136AB091409137
10518991650 57409 14418 A17CD8511F460DB6102F0FF8FD376FFCC728AC57B59F1D98152975B1E5ED2895
10521976794 22118 3419 7C20F6CF1A09EEE4F40FE6F70B0F070213E4AE0B9599CF6348B0EAC781225457
10515780891 3605 33597 BC597D822B5F5CA1DD25B368CEF4BCD6DA5CF75BA7B7FFA2ED840EF5EEE03A6F
10521237275 12654 16829 7C20F6CF1A09EEE4F40FE6F70B0F070213E4AE0B9599CF6348B0EAC781225457
10524226104 23549 52115 4B6C54A17CE333EAF5DDDDD59BB5E6258AC021987E3AA99A3BBA26104CD99476
10522630892 42083 31257 17B79245693A95E0B8F1C7AA0CDB4B2CC628EFEDD725E229BDDF05F4FAF8BB12
10521466217 20305 10580 A9E85A8AEAC28F56AD603543205ED7648FFCD7EE4DDC1CB616B5B9D9F46B2B82
10516408445 39366 65315 7C20F6CF1A09EEE4F40FE6F70B0F070213E4AE0B9599CF6348B0EAC781225457
10515607981 18645 4417 A7FE4EFF5EB5B03A5AECBC56EC27436F73CED8CF89C3CC0607C2ED7E09788158
10520446118 52402 14777 7C20F6CF1A09EEE4F40FE6F70B0F070213E4AE0B9599CF6348B0EAC781225457
10516020334 59451 57792 88A80F4FE33E55BCD716686E6915D3B98504C35282B6BA1EF18657F3A488A841
10524347196 59267 58899 63EAC12D949D4627FB2E7A8D990F4F67D4B1AE3A94FAA91D4EDE37FACCE983D5
10520296258 49066 34725 7C20F6CF1A09EEE4F40FE6F70B0F070213E4AE0B9599CF6348B0EAC781225457
10517089622 29403 10618 D1911ECC2EE2F636E0E1C29BA3FA9E545A3994F89C5E518C6433F719AD515215
10520315413 29658 58604 7C20F6CF1A09EEE4F40FE6F70B0F070213E4AE0B9599CF6348B0EAC781225457
10522267052 60375 32138 2781B32F146059C6EFEDED2A8244466D7BE8D3DA3FB6E022AAEB123F740EF7A6
10523246322 8028 11361 7C20F6CF1A09EEE4F40FE6F70B0F070213E4AE0B9599CF6348B0EAC781225457
10523130055 18018 55383 7C20F6CF1A09EEE4F40FE6F70B0F070213E4AE0B9599CF6348B0EAC781225457
10522892125 25422 10313 7C20F6CF1A09EEE4F40FE6F70B0F070213E4AE0B9599CF6348B0EAC781225457
10516769735 19359 38375 C0A9BA69830127525472F2D5B6476337D6F8FE484CC264DCC39425D92D24373B
10518033043 33675 17747 EA28F78C30566808CB5935923E8D97D0A4B598CE7CD11C075F7863DB09DBD388
10518913089 65521 1762 138B35B204C367D102DC7CDF5A609975DCAE545A4495EC0ADB66281087AE609B
10522831249 12428 48345 7C20F6CF1A09EEE4F40FE6F70B0F070213E4AE0B9599CF6348B0EAC781225457
10522931901 37044 65042 7C20F6CF1A09EEE4F40FE6F70B0F070213E4AE0B9599CF6348B0EAC781225457
10515472471 54202 43087 7C20F6CF1A09EEE4F40FE6F70B0F070213E4AE0B9599CF6348B0EAC781225457
10515198324 63224 43175 7C20F6CF1A09EEE4F40FE6F70B0F070213E4AE0B9599CF6348B0EAC781225457
10514611211 1897 53497 F733047E6BD63FB20AD147206DC1F8124E283FF93EC69B8923B776D0EE1EA0DA
10520907949 2444 2523 7C20F6CF1A09EEE4F40FE6F70B0F070213E4AE0B9599CF6348B0EAC781225457
10520300952 12658 16276 7C20F6CF1A09EEE4F40FE6F70B0F070213E4AE0B9599CF6348B0EAC781225457
10512714933 46241 23320 B63D264E4BE81961FC163EBA01E2F6B2F79A73426A7A9B80EF87A622919EB647
10522330685 49738 61477 7C20F6CF1A09EEE4F40FE6F70B0F070213E4AE0B9599CF6348B0EAC781225457
10519961558 37811 39694 1B2A03A175D2B416268CB29A323623E259F504904B7BBC3C1D7CA26E9925E8AB
10520265076 13288 20811 7C20F6CF1A09EEE4F40FE6F70B0F070213E4AE0B9599CF6348B0EAC781225457
10522042466 19133 37819 63E4D142154E90E7CD07704F657EEE9170834778D2680F8EF70EDEBDDD990C82
10518385262 35667 3905 C17720226B8807A86BC7A5C3B75BEA296A340E8AAD557C9D4C2AB2DFA3986FC3
10514416351 14859 31199 5A05FE19A275978DB975AA50E80D79D6CD95CABE15C81B393827FA07D64EE4BD
10520627692 25080 14614 7C20F6CF1A09EEE4F40FE6F70B0F070213E4AE0B9599CF6348B0EAC781225457
10523261818 25248 61908 7C20F6CF1A09EEE4F40FE6F70B0F070213E4AE0B9599CF6348B0EAC781225457
10519266854 49686 5920 7C20F6CF1A09EEE4F40FE6F70B0F070213E4AE0B9599CF6348B0EAC781225457
10512838727 22315 18652 48F89D7EA588A48FF2D9A4C0ABA904E078D2F9547734AC79F724765CF12A6221
10519556553 29298 12540 7C20F6CF1A09EEE4F40FE6F70B0F070213E4AE0B9599CF6348B0EAC781225457
10515009323 40758 55851 7C20F6CF1A09EEE4F40FE6F70B0F070213E4AE0B9599CF6348B0EAC781225457
10516566049 36571 51772 8F913043806E348FF29144AACDEBB08A5B388CDDF765ADB4645D08DE15DCB692
10516092991 56759 46474 7E2A9540BB067773206F49300D3627327C70C19BD0FF150457D7FAE8AAA8FFB1
10515246754 9524 38848 7C20F6CF1A09EEE4F40FE6F70B0F070213E4AE0B9599CF6348B0EAC781225457
10522246785 55652 51009 7C20F6CF1A09EEE4F40FE6F70B0F070213E4AE0B9599CF6348B0EAC781225457
10517865091 40432 4632 7C20F6CF1A09EEE4F40FE6F70B0F070213E4AE0B9599CF6348B0EAC781225457
10521699857 28516 52613 7C20F6CF1A09EEE4F40FE6F70B0F070213E4AE0B9599CF6348B0EAC781225457
10517067241 60964 48581 7C20F6CF1A09EEE4F40FE6F70B0F070213E4AE0B9599CF6348B0EAC781225457
10513542320 25666 6001 7C20F6CF1A09EEE4F40FE6F70B0F070213E4AE0B9599CF6348B0EAC781225457
10514896048 60249 8302 2EC474A9D14E1C5927AB37124E70A12402765D52E0C49E6C899CE25597C10E70
10517858407 3564 7995 7C20F6CF1A09EEE4F40FE6F70B0F070213E4AE0B9599CF6348B0EAC781225457
10519667090 25971 6884 A8D486A1C43DE3BF7ADDDED6353E60C2F63076DB8B84927809780B6A04C81994
10515510245 10244 49631 7C20F6CF1A09EEE4F40FE6F70B0F070213E4AE0B9599CF6348B0EAC781225457
10520752054 42004 32439 7C20F6CF1A09EEE4F40FE6F70B0F070213E4AE0B9599CF6348B0EAC781225457
10513238670 262 58006 7C20F6CF1A09EEE4F40FE6F70B0F070213E4AE0B9599CF6348B0EAC781225457
10517147929 7894 44885 7C20F6CF1A09EEE4F40FE6F70B0F070213E4AE0B9599CF6348B0EAC781225457
10519491924 19434 3654 7C20F6CF1A09EEE4F40FE6F70B0F070213E4AE0B9599CF6348B0EAC781225457
10519402457 62596 13386 7C20F6CF1A09EEE4F40FE6F70B0F070213E4AE0B9599CF6348B0EAC781225457
10514290965 37191 14133 9B0C06D66C62483147ABDDE007BC1787A395EC2F761292AD2F116899F9540DEA
10522428059 18797 44607 A0E60CF1CFA97A8B18BAA6CBBF6D88D4F03D215373AB5BD03FA89043F7BED3B7
10520634195 28519 42174 0CEF0DB2CE6579AFAFD4AFE275567D517A66115EDB2A9B4C31D2F9433F940D13
10516885977 8198 39185 7C20F6CF1A09EEE4F40FE6F70B0F070213E4AE0B9599CF6348B0EAC781225457
10517585106 27935 48797 F727374F8CEFFCD3F918F3357266F494EED9C5A92A635C4BC966C3154344A89A
10523491745 25057 36703 92CB3A620C58F7C21A0F5858A2BF2ECF5C7614F5852A52144442B59FD773129E
10519047948 18812 51951 7C20F6CF1A09EEE4F40FE6F70B0F070213E4AE0B9599CF6348B0EAC781225457
10513181323 51681 32836 7EFE70519647110D0FA4FD7C9E7C27A2775B70F0CBA29052E23D758D1FF913BC
10521622993 54 64672 7C20F6CF1A09EEE4F40FE6F70B0F070213E4AE0B9599CF6348B0EAC781225457
10523515565 55045 20391 6C20964DF69E70FE05390E0611DAC532F31054C8C1B6FA84CE568F7798B05A83
10517970856 54289 23940 6B82B5B9439DB4C7966A9333F0A17402417E4746F69785261C3B59DA88A79340
10516358891 21162 54849 7C20F6CF1A09EEE4F40FE6F70B0F070213E4AE0B9599CF6348B0EAC781225457
10515394155 53606 59956 7C20F6CF1A09EEE4F40FE6F70B0F070213E4AE0B9599CF6348B0EAC781225457
10515767771 60376 61250 7C20F6CF1A09EEE4F40FE6F70B0F070213E4AE0B9599CF6348B0EAC781225457
10519906891 56053 56321 F0EA8C4B603B0D2279A5F68593EBFEAB76CC09DC569FD01684FCFEBBDAC89FAB
10523022989 33591 36337 7F4FDC8FE37F82B8B2E812FD379871884769A8C76CB3271E12B52CAABAFBC66B
10516919355 43829 53002 839E607B9D18D1697B4A3664D06F4C2CAC0995D2B46328E284723A39A8657802
10519642563 24840 23929 7C20F6CF1A09EEE4F40FE6F70B0F070213E4AE0B9599CF6348B0EAC781225457
10516701925 61867 2839 05E436630F95584A2E496E68178A7F24397A9C8B4BEBC8EFCF2D6A68717AB569
10513924090 60010 18928 7C20F6CF1A09EEE4F40FE6F70B0F070213E4AE0B9599CF6348B0EAC781225457
10517612545 53729 21725 D6984E3715A3C1849D56B40BBB2B816DC761A8BC035041BAF831E70837337BCB
10521391418 1220 7401 7C20F6CF1A09EEE4F40FE6F70B0F070213E4AE0B9599CF6348B0EAC781225457
10522906120 10375 46996 24FB3ACC568DFA3E2A2EF972EEDA6134CDADFE602087495AAB710D6A0495FB71
10521679769 46144 2705 7C20F6CF1A09EEE4F40FE6F70B0F070213E4AE0B9599CF6348B0EAC781225457
10522065106 61096 15808 7C20F6CF1A09EEE4F40FE6F70B0F070213E4AE0B9599CF6348B0EAC781225457
10519881352 52106 40552 7C20F6CF1A09EEE4F40FE6F70B0F070213E4AE0B9599CF6348B0EAC781225457
10518074622 45719 42255 8B679B18CDAAE4A775F02C510C60CD60BB0E8561BD40FDB58963FAE2A97E5027
10521839495 23002 33813 7C20F6CF1A09EEE4F40FE6F70B0F070213E4AE0B9599CF6348B0EAC781225457
10516788255 37015 64409 3B08E48AA806918CA3EEBDF0DC9832835FBCAEF9C67F1CDB8926F04A4CCC7C1D
10519141316 28089 32777 B70E7045B95AC4CAFF3C44FAA36A7E060DD95F59B588EA66758EBACC33AE29A2
10514203195 56319 37716 303338B9D0D381B2A842E7165B6ABE3CE32AEF9736CB80389B375B1F334678AD
10521745776 28656 35183 7C20F6CF1A09EEE4F40FE6F70B0F070213E4AE0B9599CF6348B0EAC781225457
10516448227 30778 50625 7C20F6CF1A09EEE4F40FE6F70B0F070213E4AE0B9599CF6348B0EAC781225457
10518836873 39688 61650 7C20F6CF1A09EEE4F40FE6F70B0F070213E4AE0B9599CF6348B0EAC781225457
10518484830 41643 38779 FB8064DDF3F3A2FA3CEE2F07756A112720D9166224B9CBEBA2E7507DC8B1C3AA
10512620385 49294 33972 7C20F6CF1A09EEE4F40FE6F70B0F070213E4AE0B9599CF6348B0EAC781225457
10514796274 51709 21177 C5BD255D2089E74DF59320D738BD6A0C58E2139A760E6A1CD3082927DB7CEF1E
10517279368 13912 29343 7C20F6CF1A09EEE4F40FE6F70B0F070213E4AE0B9599CF6348B0EAC781225457
10518334745 3672 19324 7C20F6CF1A09EEE4F40FE6F70B0F070213E4AE0B9599CF6348B0EAC781225457

Total of 0 tasks calculated error.
