Total of 100 tasks calculated correctly, accuracy 100.00% 
10571268264 765 60058 54477410225480E96BDD77F7FE566671949517B5D0139FBA9649DA2502200AF9
10562935317 41176 42969 7C20F6CF1A09EEE4F40FE6F70B0F070213E4AE0B9599CF6348B0EAC781225457
10570625004 14445 43942 E646206D4C5D947DF698F58C9AFC8626D32E91EAFD37C5B0C07FFB51C6DE7DE4
10571243775 4151 30567 56B21ABA4644074DA39967F6A3F843659B013F5D0072302E88629F5533C64414
10562091672 61098 59432 7C20F6CF1A09EEE4F40FE6F70B0F070213E4AE0B9599CF6348B0EAC781225457
10568454917 51362 41021 7C20F6CF1A09EEE4F40FE6F70B0F070213E4AE0B9599CF6348B0EAC781225457
10571905344 4044 21769 7C20F6CF1A09EEE4F40FE6F70B0F070213E4AE0B9599CF6348B0EAC781225457
10561544838 59399 27561 227D4DDB7366A76B6A0DA8C8CC8B654DABAFB92223B3C722BFAD805E620F1CC0
10564572814 32991 19059 5726AAA3DB819383E5DDAF0730FAF532AEC808C0CCBEABF77CEDB8E5A3D29E65
10570390309 34137 4694 7797D85EE6E146855B6E181F1052CA366602372088D36A2DBBA1FFA4FC1436F5
10566593690 43438 25696 7C20F6CF1A09EEE4F40FE6F70B0F070213E4AE0B9599CF6348B0EAC781225457
10562683195 30813 47788 A58F9607D4048747DFA5C94A5C71D8F11F3A1E91BFBDEAFCFAF8CD029BC3311A
10564256713 30152 5472 7C20F6CF1A09EEE4F40FE6F70B0F070213E4AE0B9599CF6348B0EAC781225457
10562883708 26967 49147 0AAE1C6C23F4C1AF17A0565789BDA8BBCBBE2C6231BEBD4E4CA8CDC4794C8745
10567958320 34244 5553 7C20F6CF1A09EEE4F40FE6F70B0F070213E4AE0B9599CF6348B0EAC781225457
10569284526 21155 15066 0E5C3EB388812BCE3F74587959BEF552DD213A02D63CF24C504DFD4E19DAEAF4
10560508213 36824 23858 7C20F6CF1A09EEE4F40FE6F70B0F070213E4AE0B9599CF6348B0EAC781225457
10568266849 51118 5906 7C20F6CF1A09EEE4F40FE6F70B0F070213E4AE0B9599CF6348B0EAC781225457
10569638578 42943 62141 2C85ABD727080FF008E76F56C3852F33E9DEF72A55E3BE50BD2C6FC7863B2E72
10562883137 36146 63175 7C20F6CF1A09EEE4F40FE6F70B0F070213E4AE0B9599CF6348B0EAC781225457
10572157630 30696 33497 7C20F6CF1A09EEE4F40FE6F70B0F070213E4AE0B9599CF6348B0EAC781225457
10566486309 49150 19474 7C20F6CF1A09EEE4F40FE6F70B0F070213E4AE0B9599CF6348B0EAC781225457
10571087768 24713 18728 1DDE14F5E5F61C937CE37D10254AEB532D3009F71962A46C1CDE193E48801298
10562812147 23918 35728 7C20F6CF1A09EEE4F40FE6F70B0F070213E4AE0B9599CF6348B0EAC781225457
10563241271 11723 50631 1960DA9CE599197E09F66C8EC122CC70244CB45D22C8F33EBCB469FF0CF689FA
10563879909 55753 29533 9A74EA083452A8B43B2083495D4564410CCB551CC95EBDF7AF5625944576C0C4
10566803843 9311 1241 1EDDDA240ACE97A1CA7EE25CEA50397884562FC1C6A61830F65B19A717ED44DE
10571348433 24240 53464 7C20F6CF1A09EEE4F40FE6F70B0F070213E4AE0B9599CF6348B0EAC781225457
10569213855 64599 8000 981569A3545F9FDA46BCCB1B47FE4515C9C29BE893E4B80A644DA2CAF2F24038
10567584798 32301 21501 13907D1F5269135B916F944FFB3EB1B2EFE7DB03CC615B6B0532019D77DCCCA7
10568341613 62005 10733 754CEFC3CBF0B06CCF502DBBC5F6FC15E7B63DF06B13232F8A8861D3ABC07872
10571340291 44061 43171 69F14007ADC480749493A44A13F5F405D684C149E2D4856A21B68CA38AEB6D0F
10568137452 45816 43069 7C20F6CF1A09EEE4F40FE6F70B0F070213E4AE0B9599CF6348B0EAC781225457
10571425408 54529 33105 1C9567241290C84B75AE1077AB13123E388356E99C5233ABEA42A7E0A4F3D889
10565207653 29376 23729 7C20F6CF1A09EEE4F40FE6F70B0F070213E4AE0B9599CF6348B0EAC781225457
10566204288 65180 45792 7C20F6CF1A09EEE4F40FE6F70B0F070213E4AE0B9599CF6348B0EAC781225457
10563159597 34394 11466 7C20F6CF1A09EEE4F40FE6F70B0F070213E4AE0B9599CF6348B0EAC781225457
10565444289 48564 11706 7C20F6CF1A09EEE4F40FE6F70B0F070213E4AE0B9599CF6348B0EAC781225457
10571078990 24520 52877 7C20F6CF1A09EEE4F40FE6F70B0F070213E4AE0B9599CF6348B0EAC781225457
10568837188 6541 6034 3756CB7F7BCB148225D2B94A50E09A8DF09CFFA643ED10A9CCF58F85E025F9E1
10567192738 20341 16368 1938A7FAED9519ABD5B53A7EC993E159BE7CF0C4171E2A477C5AB04CA79AA0EE
10567645504 28352 36906 7C20F6CF1A09EEE4F40FE6F70B0F070213E4AE0B9599CF6348B0EAC781225457
10569812659 24745 45453 4A738CBAD3E66CE670BA391C18C6FA6778C7FF7EBF0ABC05F466DFC1241C92C6
10563941015 53262 39367 7C20F6CF1A09EEE4F40FE6F70B0F070213E4AE0B9599CF6348B0EAC781225457
10571958187 53985 15318 1940D15AEABF46D9F0285975C067AB2B5631C6178EB6E09D87CE59300D2D6B5A
10563185985 44707 46545 8D2E28FDB649EF802D8D1F32362A38FADB436D0CA520989E8A86F9037F541726
10572167366 11763 815 47E1ED56F63B6CBA9FA7C8FF1DAD0585B44E48E856FABD057EA54CD2BB63AF1C
10564736432 35778 57577 7C20F6CF1A09EEE4F40FE6F70B0F070213E4AE0B9599CF6348B0EAC781225457
10562258029 2206 25363 7C20F6CF1A09EEE4F40FE6F70B0F070213E4AE0B9599CF6348B0EAC781225457
10568720831 20649 32465 19958D6968FD2C3FA1458B17C8866499490FD2037EE83B6C892C1FC83A5EF976
10566060086 36382 30485 7C20F6CF1A09EEE4F40FE6F70B0F070213E4AE0B9599CF6348B0EAC781225457
10571939757 32403 42896 54B4D0AD70AA6ABE3941778E4B2454EF3290F505F89A90EFA3B3D63C2989F919
10569094546 43214 26335 7C20F6CF1A09EEE4F40FE6F70B0F070213E4AE0B9599CF6348B0EAC781225457
10569373362 35449 32638 E3C268496A7D5C7B18BD7F28B593BC00727EF0012C8CF0B032BBB557EC02695A
10570938813 43213 41744 8C8E70F8BCFFC3822EC6261F31397091599F9FDD942329BC6D9DBCCA5246B2DE
10561343848 58918 62129 7C20F6CF1A09EEE4F40FE6F70B0F070213E4AE0B9599CF6348B0EAC781225457
10560960996 50606 43302 7C20F6CF1A09EEE4F40FE6F70B0F070213E4AE0B9599CF6348B0EAC781225457
10569097479 55032 18339 7C20F6CF1A09EEE4F40FE6F70B0F070213E4AE0B9599CF6348B0EAC781225457
10571287741 63935 34207 0F0B4900A5E1537EC6801022C1D51C78560DCDA6ECF849452383FC3EFB2B0D31
10571483187 31102 23546 7C20F6CF1A09EEE4F40FE6F70B0F070213E4AE0B9599CF6348B0EAC781225457
10565725727 42471 29969 B22CD76EBB9C8F7B010BC7FF412A1EFD98228FE17B6B22A94F1CC965A569777D
10569448798 29937 35679 CFFF8E8FAFC7AA4F9C74F892B7DC18666F71095001C5C47C36027DD2F1129BB2
10571211665 47175 5492 12CD8C6273D599A18F611B9B49546E02C042FAD4BCF6B70A32178F90D26E762C
10562966535 50557 13628 D75E4587263A1E6F17F5720482F726AAEEC0227FE5EA14836212A8A945B38EA0
10571610651 56599 19624 ED2AD3C2145B8163D589582A6606ABCFC273C50D83002F7DEEF02D700A0F93B9
10564877117 29012 37496 7C20F6CF1A09EEE4F40FE6F70B0F070213E4AE0B9599CF6348B0EAC781225457
10568584431 43746 10116 7C20F6CF1A09EEE4F40FE6F70B0F070213E4AE0B9599CF6348B0EAC781225457
10568916371 24144 41675 7C20F6CF1A09EEE4F40FE6F70B0F070213E4AE0B9599CF6348B0EAC781225457
10562733126 18735 58935 5AF5B35DF0F3AA6B6B76C922D0FEDADADA04173008CC73D843C81C0290397285
10571063349 25362 35529 7C20F6CF1A09EEE4F40FE6F70B0F070213E4AE0B9599CF6348B0EAC781225457
10569869356 43412 4716 7C20F6CF1A09EEE4F40FE6F70B0F070213E4AE0B9599CF6348B0EAC781225457
10565953017 30697 46272 58624DAC0C8F67205FA523AFD7957AB3B5028D7801B442DE1ACEB5F5CC9CD720
10569144405 23702 61403 7C20F6CF1A09EEE4F40FE6F70B0F070213E4AE0B9599CF6348B0EAC781225457
10571476785 56349 58811 3E9BECC0872DB9876FAF0B838FEC31AABBA41DE7C4A5AB5C593A9B0BB16CAFD2
10570040084 33901 10346 E459399DFD04D1BDD9C6E8ED45B345F50E122FF7AC4184694B4FE724DD60E0F9
10563911089 1114 36468 7C20F6CF1A09EEE4F40FE6F70B0F070213E4AE0B9599CF6348B0EAC781225457
10563789308 44037 24946 5DD716A2876890F4D9776E3566441097F9E18A2D2C376AD620015E3CD0879F65
10562024615 54352 11774 7C20F6CF1A09EEE4F40FE6F70B0F070213E4AE0B9599CF6348B0EAC781225457
10567373764 49937 1961 E96438C1111C5306C95AD5AC0C79621F59FCBA82316E4CDE37BC9D30278A8470
10565441040 17020 32337 7C20F6CF1A09EEE4F40FE6F70B0F070213E4AE0B9599CF6348B0EAC781225457
10571886004 47148 3261 7C20F6CF1A09EEE4F40FE6F70B0F070213E4AE0B9599CF6348B0EAC781225457
10569567766 7947 39190 D9F49B2DF8EFAAE361E53A66AE9288601EE116D41ECDEAB6AD86D1F3736973D6
10564992387 53517 47233 B185144317E0E44FA401E7DE4B4862285106DC33B59D1CE49F4A2F988F5C3268
10560765637 37595 6901 18AFA5D18899923728B38D9C7545746AC00D30D68B1EE39C24DD8139E14915B6
10571090823 14528 20591 7C20F6CF1A09EEE4F40FE6F70B0F070213E4AE0B9599CF6348B0EAC781225457
10567701072 5980 20061 7C20F6CF1A09EEE4F40FE6F70B0F070213E4AE0B9599CF6348B0EAC781225457
10572174843 57989 35810 52FB0849CD04EA6F5A30D63944562338A22CF152E590CC1B0168A26DEE8C6739
10569911873 47620 36006 7C20F6CF1A09EEE4F40FE6F70B0F070213E4AE0B9599CF6348B0EAC781225457
10566107585 52373 3608 48A5BF2F929240DA96CCE615C2A3647CF077A56320645B4E1D2BCBE699D177F3
10564230662 23980 31201 7C20F6CF1A09EEE4F40FE6F70B0F070213E4AE0B9599CF6348B0EAC781225457
10568955655 59488 36789 7C20F6CF1A09EEE4F40FE6F70B0F070213E4AE0B9599CF6348B0EAC781225457
10570277428 5921 57894 08428C6822F522DFD9EAAF0F815932380EED5C57931AE4CA7285F338DFB136B5
10571384519 49435 12896 E129F386E70CD2C34BD44800260EA496AED877CB1D032E06BB3096F2B10E862C
10567623401 17863 48665 D5374E9847986B5AE1C0040653D3E4059CE6C0EB83299AB126DAA83D11FD9BD3
10562078363 4649 21966 7396FA3093AED8BAD1B13D6F7D384FBF18B32883DE125F17ED79BFFBC1F346B3
10570792484 36188 8480 7C20F6CF1A09EEE4F40FE6F70B0F070213E4AE0B9599CF6348B0EAC781225457
10560729516 31497 44607 B2339988F28A41A163E58C4F1D1FE5B6546FD118CF7632E843D6D8E8B204AABF
10572019119 45672 42449 7C20F6CF1A09EEE4F40FE6F70B0F070213E4AE0B9599CF6348B0EAC781225457
10561173557 31919 5387 A37959D89B55F550FFBD2BA62BACD6247F088187D5EB6D949AADBA7EC36A5381
10568840219 21896 51008 7C20F6CF1A09EEE4F40FE6F70B0F070213E4AE0B9599CF6348B0EAC781225457

Total of 0 tasks calculated error.
