Total of 100 tasks calculated correctly, accuracy 100.00% 
1060330782 63650 18890 7C20F6CF1A09EEE4F40FE6F70B0F070213E4AE0B9599CF6348B0EAC781225457
1067370660 44472 35238 7C20F6CF1A09EEE4F40FE6F70B0F070213E4AE0B9599CF6348B0EAC781225457
1064366314 62217 39129 FE87FF3842BADFB224A4CC5341911D9F9B79C5B779E8F733C50AA4012042DA44
1063066937 26266 47257 7C20F6CF1A09EEE4F40FE6F70B0F070213E4AE0B9599CF6348B0EAC781225457
1058484098 16992 28333 7C20F6CF1A09EEE4F40FE6F70B0F070213E4AE0B9599CF6348B0EAC781225457
1065531298 12810 46870 7C20F6CF1A09EEE4F40FE6F70B0F070213E4AE0B9599CF6348B0EAC781225457
1062244466 39959 29144 70C673D218BF2195D9BE4BC178BEACD4E6606293B9EE9D2346F655F9D83BA94B
1061279556 1898 47238 7C20F6CF1A09EEE4F40FE6F70B0F070213E4AE0B9599CF6348B0EAC781225457
1060973522 55658 15648 7C20F6CF1A09EEE4F40FE6F70B0F070213E4AE0B9599CF6348B0EAC781225457
1064607274 9307 35402 6C1212798BD03DE502929F66511542005F3A44F3336B36044A1AB7F7CA27E0D3
1066704982 44912 48395 7C20F6CF1A09EEE4F40FE6F70B0F070213E4AE0B9599CF6348B0EAC781225457
1062345022 31411 21524 D6466CB952DEFA3D65AA63CF30ADE6E3935C08036F81E0777B218EFC47E3375D
1067333403 41 21495 40FD544F91C961D2C3D30991DC46AE54D5071CD9048203FE47D3CDAE946BFFA7
1063277006 19251 2326 0094F81A21546C3952C5F13433B14EAE760CFDE03831A661219FECC530963601
1057019392 32481 50510 1EA868E65D12FD4F8081110AD935C519B6631E902BA7A8348A084EFE29CCFCEF
1066367742 37850 18341 7C20F6CF1A09EEE4F40FE6F70B0F070213E4AE0B9599CF6348B0EAC781225457
1060307023 29556 2390 7C20F6CF1A09EEE4F40FE6F70B0F070213E4AE0B9599CF6348B0EAC781225457
1067450044 905 64728 36CE9056728A819C52146D53DCA38C0DE55AEB722D867CD53DA8FF98C4B11777
1060676391 49509 1330 CAC24032FFC722E33783796691A388BCB5663894D4400851CCBA46C4674D2066
1062081997 64291 40696 F4EC444166508D79E4201E54C670DA87E91511D3B17F53052399063CA7FF8B38
1067121591 14830 26966 7C20F6CF1A09EEE4F40FE6F70B0F070213E4AE0B9599CF6348B0EAC781225457
1060257660 15776 15267 7C20F6CF1A09EEE4F40FE6F70B0F070213E4AE0B9599CF6348B0EAC781225457
1062699206 12666 7381 7C20F6CF1A09EEE4F40FE6F70B0F070213E4AE0B9599CF6348B0EAC781225457
1064751966 15084 64112 7C20F6CF1A09EEE4F40FE6F70B0F070213E4AE0B9599CF6348B0EAC781225457
1062610344 33196 46731 7C20F6CF1A09EEE4F40FE6F70B0F070213E4AE0B9599CF6348B0EAC781225457
1064377184 17156 5403 7C20F6CF1A09EEE4F40FE6F70B0F070213E4AE0B9599CF6348B0EAC781225457
1056827254 47431 8932 8E27F4F29D1A741AE2AB020E0C92C2D77598A6CC6DD497EB910EF49F3A80C64A
1064504888 14986 21163 7C20F6CF1A09EEE4F40FE6F70B0F070213E4AE0B9599CF6348B0EAC781225457
1067036645 52978 6219 7C20F6CF1A09EEE4F40FE6F70B0F070213E4AE0B9599CF6348B0EAC781225457
1058025590 25479 7275 C54C553C74163C1C3AC84562556460ADE1DA1A34DC7D8EBB837CFC0A4D633456
1062324001 23972 19028 7C20F6CF1A09EEE4F40FE6F70B0F070213E4AE0B9599CF6348B0EAC781225457
1064267608 30971 25826 587C71B6112C4EEEFA6DF47BC6D22CE952D5948616A541A767F5F1053A9DFC2C
1062802666 11988 6759 7C20F6CF1A09EEE4F40FE6F70B0F070213E4AE0B9599CF6348B0EAC781225457
1067775945 40118 408 7C20F6CF1A09EEE4F40FE6F70B0F070213E4AE0B9599CF6348B0EAC781225457
1059075467 33803 11845 D9AC56C7BF4EB5397152B4BC90D8F6D25C9E5F66D21DE76C8968BE19B70500F6
1057137843 51400 43668 7C20F6CF1A09EEE4F40FE6F70B0F070213E4AE0B9599CF6348B0EAC781225457
1065413108 53944 29515 7C20F6CF1A09EEE4F40FE6F70B0F070213E4AE0B9599CF6348B0EAC781225457
1067866181 64692 3170 7C20F6CF1A09EEE4F40FE6F70B0F070213E4AE0B9599CF6348B0EAC781225457
1058571478 48287 16821 E39ACEBB7B3F90F74B9DEE7DC043C3B35FA2D44A1D72BAD573A77E9CB36DFD77
1062867925 39153 44349 2B1688BA0FDB194A8A3210676B84844DCEB76C7099CB8A460E3610C8513A02FC
1067429604 21358 47428 7C20F6CF1A09EEE4F40FE6F70B0F070213E4AE0B9599CF6348B0EAC781225457
1063049690 27608 44603 7C20F6CF1A09EEE4F40FE6F70B0F070213E4AE0B9599CF6348B0EAC781225457
1065269364 46765 39576 93474D85A3F5B641498F09F0A30CC46477EE9F752DE8FF902B0D2B16E8B92CCF
1061751024 20838 27117 7C20F6CF1A09EEE4F40FE6F70B0F070213E4AE0B9599CF6348B0EAC781225457
1060679658 2506 4068 7C20F6CF1A09EEE4F40FE6F70B0F070213E4AE0B9599CF6348B0EAC781225457
1060981267 17410 9639 7C20F6CF1A09EEE4F40FE6F70B0F070213E4AE0B9599CF6348B0EAC781225457
1066751276 32247 62856 6C44BA1F882B78CCF6C62CA9B5BEA19DDF4E3935C16C61E5474AA6C0C7BF3B72
1059754014 35635 4093 D88AD04328A1AC979C82E095B20D3527FE84256DCE1445E55ED8F8937925B563
1064611642 25166 60647 7C20F6CF1A09EEE4F40FE6F70B0F070213E4AE0B9599CF6348B0EAC781225457
1064479054 20266 2379 7C20F6CF1A09EEE4F40FE6F70B0F070213E4AE0B9599CF6348B0EAC781225457
1059744377 59579 42125 1C5A87CC722481E9DFD6FB4034B2D26BD63E3B63AF8B2BC030EFB2F1832FF093
1061805227 12162 60601 7C20F6CF1A09EEE4F40FE6F70B0F070213E4AE0B9599CF6348B0EAC781225457
1064241761 59420 62679 7C20F6CF1A09EEE4F40FE6F70B0F070213E4AE0B9599CF6348B0EAC781225457
1058186873 18258 58850 7C20F6CF1A09EEE4F40FE6F70B0F070213E4AE0B9599CF6348B0EAC781225457
1061439257 62216 32547 7C20F6CF1A09EEE4F40FE6F70B0F070213E4AE0B9599CF6348B0EAC781225457
1061386262 14657 17252 DBC85D4766199DF555AB4E61B4B40B45F1F6EBBD42AA7BD709C93A45C591F447
1065570026 19376 10343 7C20F6CF1A09EEE4F40FE6F70B0F070213E4AE0B9599CF6348B0EAC781225457
1057033922 14280 58677 7C20F6CF1A09EEE4F40FE6F70B0F070213E4AE0B9599CF6348B0EAC781225457
1068242938 11857 5316 3FB24001E4791CA0C92E95A45CA8F7F27240806160F8A80D6A5217CE47AA2958
1065898401 2490 51974 7C20F6CF1A09EEE4F40FE6F70B0F070213E4AE0B9599CF6348B0EAC781225457
1058168781 42964 19731 7C20F6CF1A09EEE4F40FE6F70B0F070213E4AE0B9599CF6348B0EAC781225457
1062112669 14600 36008 7C20F6CF1A09EEE4F40FE6F70B0F070213E4AE0B9599CF6348B0EAC781225457
1063181008 26228 19668 7C20F6CF1A09EEE4F40FE6F70B0F070213E4AE0B9599CF6348B0EAC781225457
1059814826 51655 19953 D6AD9186BEE926322756C679CB11E967C03A126B787E3A04DFE5C6B9BD684CB7
1061497081 56424 14491 7C20F6CF1A09EEE4F40FE6F70B0F070213E4AE0B9599CF6348B0EAC781225457
1067476871 4610 55756 7C20F6CF1A09EEE4F40FE6F70B0F070213E4AE0B9599CF6348B0EAC781225457
1061011037 40413 21131 86BA4E73E85D718898D9D0CAD26747F1326701084B001DF978BA93665A200FE5
1065088087 29936 55790 7C20F6CF1A09EEE4F40FE6F70B0F070213E4AE0B9599CF6348B0EAC781225457
1063365707 28203 62668 146131188C330E7DF8833255F12F0AAD7745FD6DFB3B948F2FFC8F3331D09539
1068060929 5131 48028 A293B6CC55A992CAE6AD9D89824264B056BD25542C83C266C724B1B5B5877A6E
1063246653 14941 47955 90E159080C4D0BDB3C89F6E697FEED21B4A22D466CC8C31899CCC18716734482
1065136628 16532 15842 7C20F6CF1A09EEE4F40FE6F70B0F070213E4AE0B9599CF6348B0EAC781225457
1068043118 56555 39710 DE42E4D3A348AEC34F07C8015BE2B7302673CB8885995B35B89CA53F06C44470
1061068505 9952 22568 7C20F6CF1A09EEE4F40FE6F70B0F070213E4AE0B9599CF6348B0EAC781225457
1061788967 22371 25619 4F6D61AC6A08A186D1AA2A32E03A501883187095E07AEAAADDA419E233F0E5DB
1063072464 63659 53263 A00173EDACCD0BE60FC368EF61F2E5DCAC5DE54AF10C92800928B23342B1E65E
1064537066 25173 58859 E97485E4EFB4B456BBD3FE00B26F4521E5CD306A4F27833329DC79790398BC65
1061357753 35127 30822 4C6C899A3B949165276D77F6304DE03C2E2788E604B69A0B223555E102BD0F80
1058207321 28032 48990 7C20F6CF1A09EEE4F40FE6F70B0F070213E4AE0B9599CF6348B0EAC781225457
1057269980 24168 12853 7C20F6CF1A09EEE4F40FE6F70B0F070213E4AE0B9599CF6348B0EAC781225457
1067906400 14527 33391 C9BB0365335D680A2B1E8E9E2B6597459C8FE27D5710586A18C996B29DB1AE6A
1063133396 25915 54228 CCD660C5279B9A0BD3DD3F94C97BE3E5897195B822415E103D2A6D57FB1F3985
1063555737 3185 49545 8B700330E8466ED5F3F70F3EA9C2EA6671E647DB8FF37CADEEB079472755CD73
1060652963 39990 35348 7C20F6CF1A09EEE4F40FE6F70B0F070213E4AE0B9599CF6348B0EAC781225457
1067208910 22798 59811 7C20F6CF1A09EEE4F40FE6F70B0F070213E4AE0B9599CF6348B0EAC781225457
1061429112 29195 37246 4E9F188C7736478505A778ECBDDF5B059356D57FC0217C00D85872A8631F5305
1066498858 29826 23008 7C20F6CF1A09EEE4F40FE6F70B0F070213E4AE0B9599CF6348B0EAC781225457
1065382898 45085 60010 52B062AA05C38DDC402DE8EB7408704CDE7C9DC46153F1128DCAE16DDAF544B8
1064574087 42520 47543 7C20F6CF1A09EEE4F40FE6F70B0F070213E4AE0B9599CF6348B0EAC781225457
1057470155 36020 7945 7C20F6CF1A09EEE4F40FE6F70B0F070213E4AE0B9599CF6348B0EAC781225457
1061393904 6188 58520 7C20F6CF1A09EEE4F40FE6F70B0F070213E4AE0B9599CF6348B0EAC781225457
1057930792 40518 46161 7C20F6CF1A09EEE4F40FE6F70B0F070213E4AE0B9599CF6348B0EAC781225457
1065019661 60142 12944 7C20F6CF1A09EEE4F40FE6F70B0F070213E4AE0B9599CF6348B0EAC781225457
1066504170 37538 34429 7C20F6CF1A09EEE4F40FE6F70B0F070213E4AE0B9599CF6348B0EAC781225457
1065052410 40969 33040 EB4B773FDA7CD0E5972AEA4BDFB329468F086C48F0A28F0D90422D69F65BFEF6
1062594948 51348 21383 7C20F6CF1A09EEE4F40FE6F70B0F070213E4AE0B9599CF6348B0EAC781225457
1058327301 494 62934 7C20F6CF1A09EEE4F40FE6F70B0F070213E4AE0B9599CF6348B0EAC781225457
1066188470 17488 55008 7C20F6CF1A09EEE4F40FE6F70B0F070213E4AE0B9599CF6348B0EAC781225457
1067847447 41224 37413 7C20F6CF1A09EEE4F40FE6F70B0F070213E4AE0B9599CF6348B0EAC781225457
1064319717 64922 36199 7C20F6CF1A09EEE4F40FE6F70B0F070213E4AE0B9599CF6348B0EAC781225457

Total of 0 tasks calculated error.
