Total of 100 tasks calculated correctly, accuracy 100.00% 
10691328282 2651 12348 5019A03B330C802D7716358308EF7B525C3CFF76860C2E0FF7B834426069BB31
10689278300 49091 29865 EFA492EA02C58D851DC46AAC70BBD03E1C4D32A51F7012104CFC946EF2965B5D
10690726803 35758 28922 7C20F6CF1A09EEE4F40FE6F70B0F070213E4AE0B9599CF6348B0EAC781225457
10687050491 48285 9291 2CC4DA7D762372A08ADAC9E8D0290D42B4D43879CE99F9DBEE8881B1431F6F33
10684106139 59648 37334 7C20F6CF1A09EEE4F40FE6F70B0F070213E4AE0B9599CF6348B0EAC781225457
10691343853 26854 26127 7C20F6CF1A09EEE4F40FE6F70B0F070213E4AE0B9599CF6348B0EAC781225457
10686590826 53415 42153 B98B111A31775C35E586A734A1F02FDD598DD4EACE7CDFB6E2E5EDB3C0226E01
10681406799 57712 36201 7C20F6CF1A09EEE4F40FE6F70B0F070213E4AE0B9599CF6348B0EAC781225457
10681553628 23956 53140 7C20F6CF1A09EEE4F40FE6F70B0F070213E4AE0B9599CF6348B0EAC781225457
10688497696 17946 13785 7C20F6CF1A09EEE4F40FE6F70B0F070213E4AE0B9599CF6348B0EAC781225457
10691631017 25228 58048 7C20F6CF1A09EEE4F40FE6F70B0F070213E4AE0B9599CF6348B0EAC781225457
10686679019 48725 44787 87A6EFE6EF5C8455FFD09D0E15AEFB239AB5558954FECF1B35BDED800B58D401
10690019194 249 65384 1E1A5B54A441D4BAA35853BF5363FC82E3C6FB22CCBCC384D2A58775C0809189
10690306887 36619 61925 4C43374FA8309E1F20E5C6727A3374DDB626315D3A4522B04769B25902EC6453
10682183709 25593 46010 AB2D077FDE8762D2507669252833A39A405DE43C7A7684A9FC4329919C1572D1
10688318421 14642 19971 7C20F6CF1A09EEE4F40FE6F70B0F070213E4AE0B9599CF6348B0EAC781225457
10686737602 52248 64718 7C20F6CF1A09EEE4F40FE6F70B0F070213E4AE0B9599CF6348B0EAC781225457
10687509424 51436 12023 7C20F6CF1A09EEE4F40FE6F70B0F070213E4AE0B9599CF6348B0EAC781225457
10681507828 65122 59069 7C20F6CF1A09EEE4F40FE6F70B0F070213E4AE0B9599CF6348B0EAC781225457
10689401499 6155 27957 6696216E5B53D98E9F165589BE93747F2D5ADBA800551483EE16E5B5031E9E29
10686512445 13063 45400 CBCD93B9165503311B2C13C93AC2A10E633298A1B5979695CB8DC15D7C61A149
10684533505 54660 64653 7C20F6CF1A09EEE4F40FE6F70B0F070213E4AE0B9599CF6348B0EAC781225457
10690954958 55270 15937 7C20F6CF1A09EEE4F40FE6F70B0F070213E4AE0B9599CF6348B0EAC781225457
10685441472 5116 51153 7C20F6CF1A09EEE4F40FE6F70B0F070213E4AE0B9599CF6348B0EAC781225457
10688076077 32711 18572 EB244DCE76550DD556474C258A9BF941A3DE682C777037A8C55EB7D1DC9E7CAA
10680685465 54710 52080 7C20F6CF1A09EEE4F40FE6F70B0F070213E4AE0B9599CF6348B0EAC781225457
10684075311 55063 45815 6D370AD368D4300D78BF4321AFA607A4F85DCF05946021C19B2975413135006B
10684153235 11725 38088 7CC04685B5022D60AA1F1091F40E76940E70836CC801EB081DA046CED65A9609
10688117050 33178 6040 7C20F6CF1A09EEE4F40FE6F70B0F070213E4AE0B9599CF6348B0EAC781225457
10683061153 45944 56700 7C20F6CF1A09EEE4F40FE6F70B0F070213E4AE0B9599CF6348B0EAC781225457
10686582672 3425 51492 F276F1EA5170884A3EFAB897F6EFDB2FAEC2B80327FD4FD1C2C4F0539F246811
10684571263 37748 6047 7C20F6CF1A09EEE4F40FE6F70B0F070213E4AE0B9599CF6348B0EAC781225457
10683792602 61884 5579 7C20F6CF1A09EEE4F40FE6F70B0F070213E4AE0B9599CF6348B0EAC781225457
10681199610 46511 64836 578DDE349C99B9A812A8685E6A766E624F2A567A83042040A368C605A014B076
10683957371 63054 36862 7C20F6CF1A09EEE4F40FE6F70B0F070213E4AE0B9599CF6348B0EAC781225457
10689847979 60355 56882 11B8268CD20DD5B19B9BD903C544CF3C860426380F4FCF802D944161C72A8FCF
10691894824 54093 61428 25CFBDE98239A136E7EDDF1B6B8D70069EEBAF5CFEA27F48940BB60EA1A8920B
10689889798 23093 63905 E0E06C6228FCBCFC48346CE4D27D2DBCB5B0D45C8B55097F9DC8D1361906A1A6
10688407107 50663 59471 18E32E25382C52ED53D792D36F0363B21CC9B0B5FDF621101016ED324748A59C
10687243037 51217 18744 5ABB648BE27D8F954B971B6D8367D0AACF987B07D298AB6F922C90CCC90D0296
10681129292 38038 3563 7C20F6CF1A09EEE4F40FE6F70B0F070213E4AE0B9599CF6348B0EAC781225457
10685094934 12981 53809 AE2B58D36166B8B306C31C6B77A3DBD2ED94B3E2B6CAB3F1CD1194ACEE06747A
10684874123 1138 57060 7C20F6CF1A09EEE4F40FE6F70B0F070213E4AE0B9599CF6348B0EAC781225457
10687356771 41219 56492 ABE5E82ED96B0C865D1C5C44C8963499E12A88CA31E4E40F4F97A60C68ECEAA7
10687100591 29176 25595 7C20F6CF1A09EEE4F40FE6F70B0F070213E4AE0B9599CF6348B0EAC781225457
10682572608 11171 64417 F8960A325235E5391A5DE20B8CC50CBC9FC332D1991E803D4FE75F09B296DCED
10690587416 1389 26409 0EA56E2603E3A85541BEE914C1FC6ECCF2D082C22CD2AE426D7EB9EC7D88D99E
10685995052 64004 26705 7C20F6CF1A09EEE4F40FE6F70B0F070213E4AE0B9599CF6348B0EAC781225457
10691530952 43886 47866 7C20F6CF1A09EEE4F40FE6F70B0F070213E4AE0B9599CF6348B0EAC781225457
10688057224 29367 38691 FCFEAC5F221BFAF0569295383D3DBDCF48C722B33F436E7A399E8078069D0E1D
10682432878 37713 64972 B1976F9A7368591A0FAA7964ABDBCC486666ECC2C0EEBDDF45F005165921420A
10686012357 27113 9951 C7E33E1DD9EB56C67BF5A4B155101CC548D155428C85D486F48EB0D0303F7C0E
10684385186 64075 34718 D613B23D2E2AF1BA89B387FF7B94F1D6391FDD55C65E9075009627360C936383
10683340435 60316 11509 7C20F6CF1A09EEE4F40FE6F70B0F070213E4AE0B9599CF6348B0EAC781225457
10690862511 40924 18861 7C20F6CF1A09EEE4F40FE6F70B0F070213E4AE0B9599CF6348B0EAC781225457
10685744992 27706 18863 7C20F6CF1A09EEE4F40FE6F70B0F070213E4AE0B9599CF6348B0EAC781225457
10681749307 2422 37392 7C20F6CF1A09EEE4F40FE6F70B0F070213E4AE0B9599CF6348B0EAC781225457
10682460176 30770 3320 7C20F6CF1A09EEE4F40FE6F70B0F070213E4AE0B9599CF6348B0EAC781225457
10683865493 45706 10187 7C20F6CF1A09EEE4F40FE6F70B0F070213E4AE0B9599CF6348B0EAC781225457
10686666743 24170 45276 7C20F6CF1A09EEE4F40FE6F70B0F070213E4AE0B9599CF6348B0EAC781225457
10689080931 62179 31010 F2948F2F9F84156F7016E5A43123939657C38F7B60497680E93210C6AC11DF42
10682339014 19254 18789 7C20F6CF1A09EEE4F40FE6F70B0F070213E4AE0B9599CF6348B0EAC781225457
10691164694 19235 49922 FAD277AD0D4B039892B4FA726902C3009F78315005E5B127EAC6DD84290997AC
10689332996 17223 49698 62532F423FF83BA2450D2A80EBFAEEEEE39ECFED0F361615873B7B342AEDA51D
10682008271 51169 30642 32B82ACAFC659CE8D6E9C5B8C417F72CBCE6973B57D3850BBCA3E112EA4C0C4C
10686758111 24456 35461 7C20F6CF1A09EEE4F40FE6F70B0F070213E4AE0B9599CF6348B0EAC781225457
10690448322 55678 52769 7C20F6CF1A09EEE4F40FE6F70B0F070213E4AE0B9599CF6348B0EAC781225457
10688313891 2725 59333 5DDEE7B387E8284C2FF061B97F72773C5B7A8F24BE25B1382E3232CD16EB8F34
10682898062 20667 48155 3696C1594C64494C3B16FBAE7F1750F9E4ADCFB6CC6E5EE1311A90642060B825
10689247557 48183 9962 F99A4D2E92DAE0F2911F9DD760133709E97A8A19E07B50C50C591D3C441B49B1
10682402656 164 35644 7C20F6CF1A09EEE4F40FE6F70B0F070213E4AE0B9599CF6348B0EAC781225457
10684279084 40162 39564 7C20F6CF1A09EEE4F40FE6F70B0F070213E4AE0B9599CF6348B0EAC781225457
10681914140 14480 34387 7C20F6CF1A09EEE4F40FE6F70B0F070213E4AE0B9599CF6348B0EAC781225457
10685290445 24446 11551 7C20F6CF1A09EEE4F40FE6F70B0F070213E4AE0B9599CF6348B0EAC781225457
10688599624 6403 12958 2F74A285A4D351E7F6F66ABB3ABDA1CC78A2ED66DE7D20DA55DF90AC9E32084A
10681064939 10780 36702 7C20F6CF1A09EEE4F40FE6F70B0F070213E4AE0B9599CF6348B0EAC781225457
10681307206 36940 2864 7C20F6CF1A09EEE4F40FE6F70B0F070213E4AE0B9599CF6348B0EAC781225457
10683216860 966 18216 7C20F6CF1A09EEE4F40FE6F70B0F070213E4AE0B9599CF6348B0EAC781225457
10687067614 63326 41312 7C20F6CF1A09EEE4F40FE6F70B0F070213E4AE0B9599CF6348B0EAC781225457
10682805987 48944 65248 7C20F6CF1A09EEE4F40FE6F70B0F070213E4AE0B9599CF6348B0EAC781225457
10682095755 11283 21103 C9E45F708092A9664DDDE73712F2B91F6CCECAD0BBD0E841C2A5078AF171E36E
10683035149 51129 7730 11EB85B7A48C4E9CBDB4DDC24DE2F60EE947DF386E15BD5A3FDEF2AE602DD602
10692211981 59136 7599 7C20F6CF1A09EEE4F40FE6F70B0F070213E4AE0B9599CF6348B0EAC781225457
10681473240 54498 40491 7C20F6CF1A09EEE4F40FE6F70B0F070213E4AE0B9599CF6348B0EAC781225457
10682471061 64195 21707 844CE27089C3DC6EB75179316C28C07E4BB0C69BF2045CCDCEBF7F7E9911AE3A
10681510546 40204 25781 7C20F6CF1A09EEE4F40FE6F70B0F070213E4AE0B9599CF6348B0EAC781225457
10692233728 47715 62513 55D90C9238880F21E35672C226F4327EFABF78CC58D66EBFA6971A14D8E60338
10686556586 15013 24311 FE4A0BB3B2135CE770760C0404685873FD8FE8F3C0D74F9A4B9B493A0F91DA8A
10687887478 43568 37726 7C20F6CF1A09EEE4F40FE6F70B0F070213E4AE0B9599CF6348B0EAC781225457
10689326273 2545 43299 0B73C269FDB1F6C4E4E68B6520FBAF44004FBB8F78F700738EBA54C410AFD091
10682388387 18764 24758 7C20F6CF1A09EEE4F40FE6F70B0F070213E4AE0B9599CF6348B0EAC781225457
10683123424 33537 26032 7A91A99CF8089DC7B1EA4649F8A1AFB03CAA0CFA6F886189CC4202F69A6E7A53
10691566487 56596 55265 7C20F6CF1A09EEE4F40FE6F70B0F070213E4AE0B9599CF6348B0EAC781225457
10688942723 12550 15195 7C20F6CF1A09EEE4F40FE6F70B0F070213E4AE0B9599CF6348B0EAC781225457
10681238579 24728 9866 7C20F6CF1A09EEE4F40FE6F70B0F070213E4AE0B9599CF6348B0EAC781225457
10684406370 11595 42219 C7750277FC15A9415B292B96803816BD1C81C79B606996C128DE064078D63C09
10690061732 44920 5910 7C20F6CF1A09EEE4F40FE6F70B0F070213E4AE0B9599CF6348B0EAC781225457
10689873900 43983 12114 74C8700D19C90BB5466DEBCDF3CA308CD94CAED29D6AE33AF6DC87FF56579640
10682817225 38061 9076 6A90FBBA8E7DD93152A3711F55CD17CB3BA34FB0502715C9D3D3D671A9F1FDE6
10684995140 12393 8947 FF09A9DF34D85E2DFA421C21856A34BC5B79B0E71572CE1F307D78D41D6C19A6

Total of 0 tasks calculated error.
