Total of 100 tasks calculated correctly, accuracy 100.00% 
10750236869 60652 13312 7C20F6CF1A09EEE4F40FE6F70B0F070213E4AE0B9599CF6348B0EAC781225457
10749497168 64012 5258 7C20F6CF1A09EEE4F40FE6F70B0F070213E4AE0B9599CF6348B0EAC781225457
10748360784 33893 44245 273402C58D126CF6C6EDCD4AB713632F82F0D8080FECB44F1EA170A7E3CC484F
10745051053 6515 58603 DEE13ECEE596FFD624BFCC6AD3291DD294C01E44BA4FCF028252D00E0686873C
10747876564 62458 22981 7C20F6CF1A09EEE4F40FE6F70B0F070213E4AE0B9599CF6348B0EAC781225457
10742116891 4888 15333 7C20F6CF1A09EEE4F40FE6F70B0F070213E4AE0B9599CF6348B0EAC781225457
10746376664 54998 64005 7C20F6CF1A09EEE4F40FE6F70B0F070213E4AE0B9599CF6348B0EAC781225457
10744603047 523 29663 82B4421BAEDC513BD085393BE977E3EAF0B5AE584F658107533D360A05D1AC63
10750523687 17676 123 7C20F6CF1A09EEE4F40FE6F70B0F070213E4AE0B9599CF6348B0EAC781225457
10749313936 18145 54863 9DF9A66A8F3931A75E0DF670D57F36E1C8859214D555581E57BA30316A4CFD87
10741595602 24581 43445 94669295F54E101EE4E025DB3C688D61E46DDC2CAE8D3971B1587BCF1D0BE89E
10743937011 39813 34232 E4E9CA8DCAD91A00E943949B8A7FE47E53EAE7368DF3AE88FEEEE937A3AB2B85
10751555050 45153 31793 FA7E48137D349060C072033E9B6A28ACB5439FABDAAE96D6B3EC22CC55D6D5BA
10750972284 7608 62104 7C20F6CF1A09EEE4F40FE6F70B0F070213E4AE0B9599CF6348B0EAC781225457
10747704838 57215 16021 335FE8C154D218219995F7488158143F23DA9DE96944DC85054DC62A3E755A55
10742520049 19752 40346 7C20F6CF1A09EEE4F40FE6F70B0F070213E4AE0B9599CF6348B0EAC781225457
10741648958 28329 32243 21F24A56D456AF093D6E189CBC5E7CD530614E23259A0F0793074FC48D3B3A5B
10745833972 1605 38241 BE132F65025358598CF60A4A050BBCC87188E88A299D84655F6888D3C5C18823
10744357151 55861 37575 793C4C358BD30CFF7F05B6C9CC49689AD97C1DC2A426F6A851CD9AB52EA2D15F
10745341159 40758 13734 7C20F6CF1A09EEE4F40FE6F70B0F070213E4AE0B9599CF6348B0EAC781225457
10746053862 5729 33939 235C000711D0E1B3C0C1B18487312C7A8D74B051E7209382DFDCAC8C0BCF2AED
10740957905 8117 29879 5526359DC9DB56B2D8B5F7910AD8ABC80291E57FF7CFE5114565BE61F8F086E7
10741370993 12920 63879 7C20F6CF1A09EEE4F40FE6F70B0F070213E4AE0B9599CF6348B0EAC781225457
10745034399 14191 35297 B357BBA9CFC005C605F4464F50EDB75FEECCC79156AC015CACA08A7E5A56A665
10744662992 13330 60024 7C20F6CF1A09EEE4F40FE6F70B0F070213E4AE0B9599CF6348B0EAC781225457
10750577419 10761 45085 DDDC9296640778667D88B19562A54E29C0061FE866BD22C23EF0D92B81341A5A
10748389124 36236 43723 7C20F6CF1A09EEE4F40FE6F70B0F070213E4AE0B9599CF6348B0EAC781225457
10751445704 21128 55293 7C20F6CF1A09EEE4F40FE6F70B0F070213E4AE0B9599CF6348B0EAC781225457
10744145033 63467 13050 976A3F7B3C7F3B1581E7E6380E982AB0D3A823DD5C997D09986B932C1C06E966
10750773554 5258 15324 7C20F6CF1A09EEE4F40FE6F70B0F070213E4AE0B9599CF6348B0EAC781225457
10743724518 17359 15215 71AB0D7D81E750812ED00E153A448702307221EF10C8FCE4570B5728CE73004F
10746190393 57808 29116 7C20F6CF1A09EEE4F40FE6F70B0F070213E4AE0B9599CF6348B0EAC781225457
10750560538 5483 43 98F10E0B3F6F8D8BC727E2BA205BF7534DBD47028BA1A1CFBC044EB0F3258AEE
10750243418 16171 11353 6A210A8FC19F377730177596215DABE20862B0C9CF706594B0BDCD1805EAEC6C
10741528340 1451 41187 233EF0FB0418C53E4AE6D7E5D4E15F072CC2F5C66824446B577ACC94018FE046
10742893673 46004 31371 7C20F6CF1A09EEE4F40FE6F70B0F070213E4AE0B9599CF6348B0EAC781225457
10749518045 14925 5668 5644C81DA3B58D854846004FC5FDBCEEFBC47BAD9DB73BC08237B849446D11C9
10749282654 29164 24424 7C20F6CF1A09EEE4F40FE6F70B0F070213E4AE0B9599CF6348B0EAC781225457
10747004810 53570 16442 7C20F6CF1A09EEE4F40FE6F70B0F070213E4AE0B9599CF6348B0EAC781225457
10750445225 56939 57554 D528343CC59885166F38F0083EDF829E265E874088EF358252455FCAE47EF720
10746140868 27317 65113 70017333A91D65D1D48F00A6CB3B7F76C424AF54AB6543F58C82B83B5855AD4F
10747853360 16271 15181 82FD953ED9441CEBCAA03B9BF4CC98D99C1AD423FB8FE4ADB186F25980C00376
10744765235 43328 55068 7C20F6CF1A09EEE4F40FE6F70B0F070213E4AE0B9599CF6348B0EAC781225457
10744292132 50445 60780 EFF8A720FF2B628BD86EBCECBA9F2525C1C8E05493939500D0DADF87C34DB347
10751226390 271 7562 3C0B5860B1FF50B6030751FB814F48EAFCCD150E6AF5C56484C4457526282F98
10746387031 59422 33435 7C20F6CF1A09EEE4F40FE6F70B0F070213E4AE0B9599CF6348B0EAC781225457
10743591525 2254 4800 7C20F6CF1A09EEE4F40FE6F70B0F070213E4AE0B9599CF6348B0EAC781225457
10752017746 32379 40851 5F89989EEA48C20F23B2FA11A317451135AA8590E3712089DDA9754898F6E77F
10743121928 24451 36420 CB5BF74A83A92339CA956542CD6B66F382B62B8BF2B1C445C3A607E8F323DAEA
10742286110 65076 28390 7C20F6CF1A09EEE4F40FE6F70B0F070213E4AE0B9599CF6348B0EAC781225457
10750805283 33971 39851 7709D868798D59785861F82B640B759D73E58740EEFA86B97DDBD9781EDF1BDB
10745577502 32506 53196 7C20F6CF1A09EEE4F40FE6F70B0F070213E4AE0B9599CF6348B0EAC781225457
10742612325 29386 34606 7C20F6CF1A09EEE4F40FE6F70B0F070213E4AE0B9599CF6348B0EAC781225457
10749061995 14308 3938 7C20F6CF1A09EEE4F40FE6F70B0F070213E4AE0B9599CF6348B0EAC781225457
10749253522 46144 45566 7C20F6CF1A09EEE4F40FE6F70B0F070213E4AE0B9599CF6348B0EAC781225457
10751666006 25300 39446 7C20F6CF1A09EEE4F40FE6F70B0F070213E4AE0B9599CF6348B0EAC781225457
10743779260 27808 59365 7C20F6CF1A09EEE4F40FE6F70B0F070213E4AE0B9599CF6348B0EAC781225457
10751763081 8667 12425 8EC2CF58B8804079769CF6921C170F8DA78D5B0A6D6DEB1AA9CB6711434104AA
10743408764 8333 394 53893305B15B1C7DE1BDA9A0014F576761CA33921F32BF9C40019DBD346E0146
10740897197 23758 28702 7C20F6CF1A09EEE4F40FE6F70B0F070213E4AE0B9599CF6348B0EAC781225457
10751759112 27481 4072 FB7AA06FD1A6E69502A9328E7BC9783B33CC0965015881E7F863727A5178A58C
10749109678 30885 25367 A4CEFFCC666816A3563AC25A2A6558A38F7C1592BE3F99EACFF735E414B4927A
10748457626 39678 60018 7C20F6CF1A09EEE4F40FE6F70B0F070213E4AE0B9599CF6348B0EAC781225457
10745659417 48882 63471 7C20F6CF1A09EEE4F40FE6F70B0F070213E4AE0B9599CF6348B0EAC781225457
10747959041 16662 29642 7C20F6CF1A09EEE4F40FE6F70B0F070213E4AE0B9599CF6348B0EAC781225457
10741189287 37663 43085 E285024B7B59CED4D0C7834A580FBA8926AE6C4392B904C6F0A2C16AF57ACCBF
10743709606 1664 61857 7C20F6CF1A09EEE4F40FE6F70B0F070213E4AE0B9599CF6348B0EAC781225457
10745480895 59950 56031 7C20F6CF1A09EEE4F40FE6F70B0F070213E4AE0B9599CF6348B0EAC781225457
10751132821 1352 36788 7C20F6CF1A09EEE4F40FE6F70B0F070213E4AE0B9599CF6348B0EAC781225457
10741447232 56630 53010 7C20F6CF1A09EEE4F40FE6F70B0F070213E4AE0B9599CF6348B0EAC781225457
10740871908 11235 6986 200768B091A754D0F99C777B0EF358D2A3F97580AC6FD699F3118884D5D5799F
10744993318 27798 44930 7C20F6CF1A09EEE4F40FE6F70B0F070213E4AE0B9599CF6348B0EAC781225457
10746173795 61264 26946 7C20F6CF1A09EEE4F40FE6F70B0F070213E4AE0B9599CF6348B0EAC781225457
10749136607 59511 40348 38A795F040F055B4D8E58AF7B96CEA83853FE1BDC6DDDE336A53C23503694CB3
10752104590 16642 4704 7C20F6CF1A09EEE4F40FE6F70B0F070213E4AE0B9599CF6348B0EAC781225457
10748871551 31771 54331 771D5A005430123E3AF96BDBCF9797698210428E69224AB78AAEA00AC776BA0D
10747926006 50196 57731 7C20F6CF1A09EEE4F40FE6F70B0F070213E4AE0B9599CF6348B0EAC781225457
10742147914 35670 46648 7C20F6CF1A09EEE4F40FE6F70B0F070213E4AE0B9599CF6348B0EAC781225457
10749498948 9808 30207 7C20F6CF1A09EEE4F40FE6F70B0F070213E4AE0B9599CF6348B0EAC781225457
10747255672 30932 10039 7C20F6CF1A09EEE4F40FE6F70B0F070213E4AE0B9599CF6348B0EAC781225457
10742382323 14278 52457 7C20F6CF1A09EEE4F40FE6F70B0F070213E4AE0B9599CF6348B0EAC781225457
10743213481 57378 8090 7C20F6CF1A09EEE4F40FE6F70B0F070213E4AE0B9599CF6348B0EAC781225457
10751454655 58460 12798 7C20F6CF1A09EEE4F40FE6F70B0F070213E4AE0B9599CF6348B0EAC781225457
10741240045 46047 54789 C8469E075B7B0FF4A7A8A4D91E6913C82229D7124DA3B36AFDF66640C55486CE
10745191677 2183 16634 DD84066EAC4543CE23F2AADC19EE90503D92CB627E3BD1DBD7A0132ABFEF19C5
10744288614 9810 53687 7C20F6CF1A09EEE4F40FE6F70B0F070213E4AE0B9599CF6348B0EAC781225457
10746950944 8304 33789 7C20F6CF1A09EEE4F40FE6F70B0F070213E4AE0B9599CF6348B0EAC781225457
10742014559 42907 45878 4203F33B8CA3DA578E5FF5766C004D48B603C609E41207F94AA715AE999E5F23
10747284720 11198 39788 7C20F6CF1A09EEE4F40FE6F70B0F070213E4AE0B9599CF6348B0EAC781225457
10749792906 11060 9766 7C20F6CF1A09EEE4F40FE6F70B0F070213E4AE0B9599CF6348B0EAC781225457
10749951757 63309 26703 0EBF8738E09F2D73896E2D3B061B9D9A0626EE6E1536EA61023B052DC4F1AF1C
10745217315 38514 36396 7C20F6CF1A09EEE4F40FE6F70B0F070213E4AE0B9599CF6348B0EAC781225457
10744534882 145 24854 A402B464F3DF8C0D1996A07F1CC6CDB771742A6C7424D1CBCDF7B5F234315143
10742226345 50753 10565 A3AA67E6F7808EE43409A06C4ECB06FF0282FDEB8BFB4DB18B59BA404BD7984C
10750219507 44178 3784 7C20F6CF1A09EEE4F40FE6F70B0F070213E4AE0B9599CF6348B0EAC781225457
10748703549 20797 38403 7328B4D13DB79E999DF70ACFD4343F8EBEBDBF18D74EBF20A8371476C80BAFDE
10741206096 54536 6369 7C20F6CF1A09EEE4F40FE6F70B0F070213E4AE0B9599CF6348B0EAC781225457
10748071795 14256 2552 7C20F6CF1A09EEE4F40FE6F70B0F070213E4AE0B9599CF6348B0EAC781225457
10744814722 4012 34317 7C20F6CF1A09EEE4F40FE6F70B0F070213E4AE0B9599CF6348B0EAC781225457
10742298601 12868 47773 7C20F6CF1A09EEE4F40FE6F70B0F070213E4AE0B9599CF6348B0EAC781225457

Total of 0 tasks calculated error.
