Total of 100 tasks calculated correctly, accuracy 100.00% 
10773502865 28015 6971 163908944042DACD8A52BA9A89A06831B5AAD24DD8BC76E2EA6B279A7FFB97A1
10765472545 57970 6716 7C20F6CF1A09EEE4F40FE6F70B0F070213E4AE0B9599CF6348B0EAC781225457
10768000112 60686 21430 7C20F6CF1A09EEE4F40FE6F70B0F070213E4AE0B9599CF6348B0EAC781225457
10771713418 18021 13211 10DDA75E143217AA3195CA7DA57D7026050B5DB2C97BC558CCF856BEEC0ADAA1
10765054045 50778 30647 7C20F6CF1A09EEE4F40FE6F70B0F070213E4AE0B9599CF6348B0EAC781225457
10765133958 24568 47879 7C20F6CF1A09EEE4F40FE6F70B0F070213E4AE0B9599CF6348B0EAC781225457
10765415111 24461 52148 C92D04B6070973898CB55AA9089F73437E8DA0A94E62A646A269C41DA396C064
10774679745 13173 40432 A183CAF937263A7210002549075CFECAC20D59E597E46045473267D97124D60A
10775742252 16102 10433 7C20F6CF1A09EEE4F40FE6F70B0F070213E4AE0B9599CF6348B0EAC781225457
10764829016 36018 64427 7C20F6CF1A09EEE4F40FE6F70B0F070213E4AE0B9599CF6348B0EAC781225457
10766179800 27300 62579 7C20F6CF1A09EEE4F40FE6F70B0F070213E4AE0B9599CF6348B0EAC781225457
10775391426 31993 43746 07A1C03A083C59C55AD3B6DA513C6E200FBC7C1804FA9AF6C50F2DB640A5964F
10773139430 50347 46150 EDA293A5748AC6555059DE8EBCB3FF9D2F4985F732F5752DC94D1AA1A90918DB
10770487289 62567 15920 65315DE65911AC72EAE5B939F47A5D3E17213714DCA07B4BB43187D40023F585
10766241788 6005 23328 C74EF127DB841EE1FBDDC946A2378729D8A53C0E616DC17FA3D0D9F016151AA1
10764570210 20158 46161 7C20F6CF1A09EEE4F40FE6F70B0F070213E4AE0B9599CF6348B0EAC781225457
10771626403 53413 2213 BCF8A92D969297F69C0CEAF0B2031AD0CD1B4BB42BBADC003C8969E2E3B70F3D
10773482742 12059 36987 7FC029DE884496AD920C614D715772E2F20EF12F001DA902E2CDA15B49A4C8BC
10772487204 10034 21383 7C20F6CF1A09EEE4F40FE6F70B0F070213E4AE0B9599CF6348B0EAC781225457
10768858527 4114 25859 7C20F6CF1A09EEE4F40FE6F70B0F070213E4AE0B9599CF6348B0EAC781225457
10765346776 23146 46482 7C20F6CF1A09EEE4F40FE6F70B0F070213E4AE0B9599CF6348B0EAC781225457
10773959065 41807 46819 19F0E4377F4DABF88B8E0FB1AF038F98CE7884E6EE24F3B8BF3753FE7731EDD7
10770712632 22662 13694 7C20F6CF1A09EEE4F40FE6F70B0F070213E4AE0B9599CF6348B0EAC781225457
10767200681 41181 46860 0534C7516D38439CD4C10C53695EFDF7953A6761E941BC0D7AD1C38B4775E1CD
10766602359 52418 30631 7C20F6CF1A09EEE4F40FE6F70B0F070213E4AE0B9599CF6348B0EAC781225457
10775618911 50411 15285 BCE36BC40F4D38D9C0537743A78A159CCB78CD25D46D67062612E6B774045D33
10775872940 56345 56546 5F5E88DEFD530AC57895A0F5EA453414BD2A570DEE336D97D94D047E4077A229
10769809856 11737 48201 2341D389C7ACBC39CDB4B2D3463885E27565D7E5DE4D78B8277C1C87FD5CDCD3
10764562722 29510 48967 7C20F6CF1A09EEE4F40FE6F70B0F070213E4AE0B9599CF6348B0EAC781225457
10771365730 55423 43355 E5341341FC78B537F4322E5DBEBC1041148CB5AB952B92FB51AE9CE8E32B152D
10769694186 48254 24047 7C20F6CF1A09EEE4F40FE6F70B0F070213E4AE0B9599CF6348B0EAC781225457
10770137240 31581 30389 27D0992C760953F8BCA688B771DA1A8E85B76CD55E4262E76651D4B05612377B
10770379910 49794 6402 7C20F6CF1A09EEE4F40FE6F70B0F070213E4AE0B9599CF6348B0EAC781225457
10774431696 483 26575 80575B4E653F41CBF83F357F569E3C6597575ECD090913D427435264315404AC
10770049085 9418 51763 7C20F6CF1A09EEE4F40FE6F70B0F070213E4AE0B9599CF6348B0EAC781225457
10767225375 11549 43633 1AE1B4B2325F0CDCB69071BCEB6A627CC5A2AA1419C0F75C48A6B8691E05F088
10765519614 5808 31127 7C20F6CF1A09EEE4F40FE6F70B0F070213E4AE0B9599CF6348B0EAC781225457
10776091178 34074 39200 7C20F6CF1A09EEE4F40FE6F70B0F070213E4AE0B9599CF6348B0EAC781225457
10765948369 50951 43903 89A52CF4E2EEE49AA6FF8FC8F239312BEE49E124B1A45E8BB2EC7BC9B5AA0305
10768482504 3536 17460 7C20F6CF1A09EEE4F40FE6F70B0F070213E4AE0B9599CF6348B0EAC781225457
10766737262 3489 39834 35AD789948A1206274F392F4ECDFE12098D6EF8F5F7D745AF0544AD78212FFB8
10768247106 11706 23850 7C20F6CF1A09EEE4F40FE6F70B0F070213E4AE0B9599CF6348B0EAC781225457
10765969198 45173 17099 90F79E030B16C64DBA91FDE67E66C98508B51BEC18DA7C89BB5270D1826DF942
10768812401 64940 30090 7C20F6CF1A09EEE4F40FE6F70B0F070213E4AE0B9599CF6348B0EAC781225457
10765746195 30966 43002 7C20F6CF1A09EEE4F40FE6F70B0F070213E4AE0B9599CF6348B0EAC781225457
10767599538 48941 49918 5242DDB9C617A14ED2CD5E009CE6ADCD2C61AF4128B3FD8798031ADD4CE73AA3
10773825568 55465 12133 6DBDAFC0DE3D9F2E5AC1A2D8496FA41878C20D77530A1329197A319392976E94
10772482722 62565 47333 C1337E75BA1EC8CF75AB0674D04B4EA634CB7E38034734F26E64F372AF81C33B
10776192372 62750 30300 7C20F6CF1A09EEE4F40FE6F70B0F070213E4AE0B9599CF6348B0EAC781225457
10765959807 2261 7968 9A36A99B480FC5392782645269FA93A26BC82B31AABE457B14B0091754E698DA
10768347172 20815 5990 55902A05823203B8F723FAE61DB0E78B5A790F72CFCCDD3AFE9A9FBE2FEB5BD5
10774738137 28464 12759 7C20F6CF1A09EEE4F40FE6F70B0F070213E4AE0B9599CF6348B0EAC781225457
10770556746 33531 35187 E48560B20C831915BCF3F88E041B48452015D235F29D9190F45C990F1CAD899B
10770313495 29829 55185 1A33A2EA10DD593D09BAB3D49BC44D78655D0325EA6004FBD102C465BE2A3698
10768149610 6488 7721 7C20F6CF1A09EEE4F40FE6F70B0F070213E4AE0B9599CF6348B0EAC781225457
10767420063 18715 40066 B97C646DE722EE72117B4FA16941CC4D645DD10FBA82B914FA8BAA702B645275
10772503539 54547 30466 4832991371FFA40A2C837C10779319D8C92FA167E12BD888B2AF10C07CD5E8B7
10765311153 38057 10559 48E8231D5348943E069EB9DCFDFD0A3D3C56226473C94B5B1D875A237563E3A5
10770683522 60758 37483 7C20F6CF1A09EEE4F40FE6F70B0F070213E4AE0B9599CF6348B0EAC781225457
10769626594 16993 55608 6EC453DCB0883AB44D214B5658EBCE03DEC47BE8A28F8CF60E99C38270D8937E
10766420944 11996 17609 7C20F6CF1A09EEE4F40FE6F70B0F070213E4AE0B9599CF6348B0EAC781225457
10767176795 35798 2879 7C20F6CF1A09EEE4F40FE6F70B0F070213E4AE0B9599CF6348B0EAC781225457
10773469759 45636 12690 7C20F6CF1A09EEE4F40FE6F70B0F070213E4AE0B9599CF6348B0EAC781225457
10764947947 39981 40467 F38839A2297454C9733C4C1921479759183A13B6B52AF750F62A81A2FF9A1481
10771382070 45004 56580 7C20F6CF1A09EEE4F40FE6F70B0F070213E4AE0B9599CF6348B0EAC781225457
10766432947 29471 42017 00EF6AEE7D14C740584A0794EBD422B55C815C1B4C2B9BB9F3B0227AF75E4700
10771000479 33682 19869 7C20F6CF1A09EEE4F40FE6F70B0F070213E4AE0B9599CF6348B0EAC781225457
10765041202 62393 38124 87855E622DFF058EF6AAE0038245D5BC91B74146CB601BACFF83D1082AC89D92
10775639552 33033 31942 55DD9C8FC1EAE85C5A9AEE0854FF5073D31E122391463C13743B5FD748BBB065
10773649468 17547 38767 B3FDA3682E1D7E97015DD667A2859D3A500FE5B2C38E770A50F0CE533DB359F4
10770613063 22464 59480 7C20F6CF1A09EEE4F40FE6F70B0F070213E4AE0B9599CF6348B0EAC781225457
10764727885 40068 2032 7C20F6CF1A09EEE4F40FE6F70B0F070213E4AE0B9599CF6348B0EAC781225457
10767788024 25583 18361 A8E911B111843A05846CBC62CA51E5D4B063F03B80EF9049FFC1C980163B67C3
10774843540 58494 14076 7C20F6CF1A09EEE4F40FE6F70B0F070213E4AE0B9599CF6348B0EAC781225457
10775602969 21283 27305 AC6F68B8B7FCD789C4A1F3C8DDA3C20D069A60A8838D346C66240D8618B6D08C
10772573157 16821 5064 76F42B8DA27D7CED4855C6DD051C456A5E2A322FBCF0CF73F205F90C59F504E4
10775882696 51338 59053 7C20F6CF1A09EEE4F40FE6F70B0F070213E4AE0B9599CF6348B0EAC781225457
10765596226 33274 45245 7C20F6CF1A09EEE4F40FE6F70B0F070213E4AE0B9599CF6348B0EAC781225457
10766290884 18342 42909 7C20F6CF1A09EEE4F40FE6F70B0F070213E4AE0B9599CF6348B0EAC781225457
10775133679 29763 17425 5640A8341C6FF3264CC2223C72F0C394036AE5AE0FE92B6AA75C8C03CB3BEF07
10765565800 12586 49930 7C20F6CF1A09EEE4F40FE6F70B0F070213E4AE0B9599CF6348B0EAC781225457
10771737135 42495 48958 49CD55FE1FFD736D8B260AABC4F726AD8A77A55154EA5690BDACFA1B48A34D96
10764847623 2305 60687 64645020696E6EF7FAFC4DF512E8F15BCB6DCA4313DCF493AA38336EFA5015C3
10774060598 57421 33156 294AF19C2AC1DDACA5B519998A4B1F7B47B015DCFCA9D80BB393460F82BD47FA
10769989584 11434 24752 7C20F6CF1A09EEE4F40FE6F70B0F070213E4AE0B9599CF6348B0EAC781225457
10768666015 46483 722 3B9902697EB8C954553D96B28166822BF7E3C2143AD24A774FBFB32869816B3A
10765412564 33695 54356 96DCF867C06A392317E1AC28DFFE2260B36CF726D547D2B47AD8441248D3D541
10774813733 44839 4207 DD4F7D4B804F34DABBC0852CA21EB1B75230A3CF3AE5481CE5C4693F6E9E3327
10767403820 21120 14391 7C20F6CF1A09EEE4F40FE6F70B0F070213E4AE0B9599CF6348B0EAC781225457
10773082086 39703 14816 51FA6B2131A2F1127E3544892B8B5D62978BF459BBCA137CDD771079A44C942B
10772567562 22467 62673 3D34A8475DDFADD79FFC9B3BB0FF94B3BB94B0360E6F9A6829AD5291274D8F46
10770770043 13350 32199 7C20F6CF1A09EEE4F40FE6F70B0F070213E4AE0B9599CF6348B0EAC781225457
10765665187 42415 7683 37D2BB4813A13DF7DDBA1B3F2279EE2FA6ADE03E36CF993DF97229B17173185E
10769292565 24531 52561 5EB44B9DF3794F0FC42613BA436DC11357F76B886C798C1974A288D1B53C6477
10774817158 45896 23210 7C20F6CF1A09EEE4F40FE6F70B0F070213E4AE0B9599CF6348B0EAC781225457
10775800141 18461 750 458B5C4E7F918F2292A0DC4C9B6CF0D9A58E6D9479C6BFBCDAA76AD1B59F54BE
10776187884 23724 33650 7C20F6CF1A09EEE4F40FE6F70B0F070213E4AE0B9599CF6348B0EAC781225457
10775024250 14449 25242 D224D6731ABF730596FDEE736AFDDA1C1005E39F40EE4966E9F0FD931B3146F9
10764871669 47890 31590 7C20F6CF1A09EEE4F40FE6F70B0F070213E4AE0B9599CF6348B0EAC781225457
10769595514 61633 15020 480F96BEB24173604856003C43C250CC0237828A7C22379A60B54F2AEBF6C771

Total of 0 tasks calculated error.
