Total of 100 tasks calculated correctly, accuracy 100.00% 
10784027562 4903 18764 DD40FBB7C72412EE40FF0B17E4E83F82B4F44225B705E4CCBD35CF4AADCF0A3F
10777233245 49664 9989 7C20F6CF1A09EEE4F40FE6F70B0F070213E4AE0B9599CF6348B0EAC781225457
10780963861 8718 31364 7C20F6CF1A09EEE4F40FE6F70B0F070213E4AE0B9599CF6348B0EAC781225457
10785587481 2691 43511 B4170FA99891A462764E012D5E0866BE58A6005117C4617624420E80D466E3CA
10786354044 20068 58826 7C20F6CF1A09EEE4F40FE6F70B0F070213E4AE0B9599CF6348B0EAC781225457
10787648079 255 5994 B183E92377B7F748083FF0290AD9D0743A260863603E0A24FD3B5DB88EBA929E
10785851125 50093 44217 2914D124A5DDED879F26B10E55B0D4DA9D1230E2E8C390E20E1AF8FE07530EA8
10776705674 15677 41302 F89B39B409009491BC59B15C72DAEDC42B0470A02CD1CBC786E517EB63F4A48A
10777018141 33687 36906 F598AF1C146912A4BC534381FDF7E78233000ADA1052F7B134D2053CFACE20A9
10780264930 61658 62107 7C20F6CF1A09EEE4F40FE6F70B0F070213E4AE0B9599CF6348B0EAC781225457
10781538877 39557 58468 30738F6E7C326A249120A0E41574386D58E8F89C5671F2D1BC59BE902CE95200
10778646572 26380 46863 7C20F6CF1A09EEE4F40FE6F70B0F070213E4AE0B9599CF6348B0EAC781225457
10784404181 50691 46948 8BC9301E3C54948BFA6AFA91A1C715D288001329AD393909001A3CE3AF69CA69
10777339445 53606 25055 7C20F6CF1A09EEE4F40FE6F70B0F070213E4AE0B9599CF6348B0EAC781225457
10779639202 21259 53005 13AD31E6920E3C28E0D2E481B708E67C4856FCE79E740F9033A20F6D203774D6
10779577990 23860 11613 7C20F6CF1A09EEE4F40FE6F70B0F070213E4AE0B9599CF6348B0EAC781225457
10787961608 53085 53135 2EAB10DEBB8403AB4840E1FEB7207E49136EF60853F263278045227784701E81
10779615685 58835 34927 A46588FC4B1D006D8E276209354E99D00709196BCC52205279B568A7FDC23181
10784064084 39968 12580 7C20F6CF1A09EEE4F40FE6F70B0F070213E4AE0B9599CF6348B0EAC781225457
10783214445 10459 34271 6E1C353A363FAB8DA52F95611618ADF098D3A0C0CDAE29A6B060EDC89B50D130
10784716970 22659 23264 24B6048A5F2DE94D5FFD18788674DD6F600A2DE9E7E9163EB58DE9C254FBDEC8
10785990706 35330 16258 7C20F6CF1A09EEE4F40FE6F70B0F070213E4AE0B9599CF6348B0EAC781225457
10786833762 19579 3850 1168DDD9763003756881788722EF6E9F275351305F8E06BBCE24CE5AEA066C43
10784796222 10462 53596 7C20F6CF1A09EEE4F40FE6F70B0F070213E4AE0B9599CF6348B0EAC781225457
10781334352 45694 60363 7C20F6CF1A09EEE4F40FE6F70B0F070213E4AE0B9599CF6348B0EAC781225457
10781034532 43849 47309 180FBCB72567055E776F1B236260401BA0BA23C609FA9219193FE62B34F942F2
10782960005 49413 9049 2BECE7CE9B64FB7FFD91AB77BEA15EBCD85892958BB6B68EB4F2BA1CECC92606
10776622462 47184 29690 7C20F6CF1A09EEE4F40FE6F70B0F070213E4AE0B9599CF6348B0EAC781225457
10787904035 54798 3176 7C20F6CF1A09EEE4F40FE6F70B0F070213E4AE0B9599CF6348B0EAC781225457
10788025916 26649 21104 971AB5E33CFF28AE6E5F72ADA63EA50FDCC98936BA60B565058F88C4E785CCA7
10778520328 46728 27965 7C20F6CF1A09EEE4F40FE6F70B0F070213E4AE0B9599CF6348B0EAC781225457
10786212931 38943 3394 67B42A22721D92EE4A2AB28236AE145A6E44949DD492DDD5F1C6CF68AE973FE5
10785490756 29900 35511 7C20F6CF1A09EEE4F40FE6F70B0F070213E4AE0B9599CF6348B0EAC781225457
10784075143 18965 10062 7AEF33E66EDEE7EAE7E226DF410B3051017790227D63CC8D8BF5C7AEA2CCC149
10777430792 37114 28536 7C20F6CF1A09EEE4F40FE6F70B0F070213E4AE0B9599CF6348B0EAC781225457
10784706294 27289 57953 1B7155D4785682579045D86204461CE51607C9EC434DFCCC4218AD24636E41D2
10776568324 32890 24799 7C20F6CF1A09EEE4F40FE6F70B0F070213E4AE0B9599CF6348B0EAC781225457
10783702664 33003 25636 8135045B6699D50D8070CFEF203E12E8C51B833978E6CE144F63CE4AB30406D4
10785097461 24250 32333 7C20F6CF1A09EEE4F40FE6F70B0F070213E4AE0B9599CF6348B0EAC781225457
10778826422 33336 46176 7C20F6CF1A09EEE4F40FE6F70B0F070213E4AE0B9599CF6348B0EAC781225457
10779628398 51393 34921 881D0916AA30D6DBD6B0481936921FCF78F20FDC8081458524C658172ACA58A1
10787465788 112 53236 7C20F6CF1A09EEE4F40FE6F70B0F070213E4AE0B9599CF6348B0EAC781225457
10782841936 52775 1587 B8057C9539D22ADCD833583AE860A9D326E8D3BAE7B86882BA679B67A082D6E3
10780227307 63937 35170 B320C4CC87DB9C95B4689BA16EFA3A664069A30E49D178335D7E74242E34766F
10787054837 33376 10748 7C20F6CF1A09EEE4F40FE6F70B0F070213E4AE0B9599CF6348B0EAC781225457
10782982543 19396 17645 7C20F6CF1A09EEE4F40FE6F70B0F070213E4AE0B9599CF6348B0EAC781225457
10778189004 31522 23846 7C20F6CF1A09EEE4F40FE6F70B0F070213E4AE0B9599CF6348B0EAC781225457
10777139114 64116 40878 7C20F6CF1A09EEE4F40FE6F70B0F070213E4AE0B9599CF6348B0EAC781225457
10782534902 47715 43589 8371121F1D0493FF98003459DF8298F1CC5816E62209D6140C8891FC0AEE8AE4
10783981694 43546 7071 7C20F6CF1A09EEE4F40FE6F70B0F070213E4AE0B9599CF6348B0EAC781225457
10786064344 20909 26022 FC2F22BA86329E00EDBCEEA31508BBA0E4BA371B08B9200395C98EA08DDE825B
10781299095 40766 62354 7C20F6CF1A09EEE4F40FE6F70B0F070213E4AE0B9599CF6348B0EAC781225457
10787461455 16409 35865 EBDE7AA3D0576E114CC8084D8FDE5D67249A1D9EEBEFDDFFFD9612AE9EBDBD85
10777161598 11968 40428 7C20F6CF1A09EEE4F40FE6F70B0F070213E4AE0B9599CF6348B0EAC781225457
10781365903 31536 49737 7C20F6CF1A09EEE4F40FE6F70B0F070213E4AE0B9599CF6348B0EAC781225457
10777766911 45413 53785 EF9B1A460966F3EEA642D83FA829AF4DE171A295B8FB9B94D39C2E9CCEA3DCC7
10788242826 4214 62596 7C20F6CF1A09EEE4F40FE6F70B0F070213E4AE0B9599CF6348B0EAC781225457
10782635369 24421 27924 2969CF0A59F8435439834C1E261D63F97A6466025522B645E9B91CA50482989C
10787246183 1322 54846 7C20F6CF1A09EEE4F40FE6F70B0F070213E4AE0B9599CF6348B0EAC781225457
10783546483 5285 55851 3A195B742F5FC708A8FF2F71941BDF9F9AB64A679316860C1BE131B56FDD2967
10783786660 43343 20307 883A8C28D2B44BC39A1AD8085FE17BF4B123B9D688F422B0A6D4A07BC292FFBA
10783566456 56729 2396 0EBBFAFDC4A7CC4FE5D9209777D55D6B0C2BD5B3A7E49FDD1370BE75C0187DC7
10781273517 35451 6866 B93F9433F21BB2F002464AD882CD5BBBD34E4FB7324EF556F9E68CD0751D07B2
10780582551 34901 13270 8AE25517AB03E99088070F9CA2ED5C4EBE100F742B8A2BB3D0E29D641BA83AAE
10787475260 43156 42523 7C20F6CF1A09EEE4F40FE6F70B0F070213E4AE0B9599CF6348B0EAC781225457
10777608047 24147 34379 40A76505A01BC88F120A535E24EE2ACC2B044BD97B87EB3A1FFD22FD5FB36A73
10783702389 39755 60947 594592837A93FB04D338A9DB524B51BC412A7D7CA4A33F60FD48C0970A8BF7DE
10785766040 12814 30059 7C20F6CF1A09EEE4F40FE6F70B0F070213E4AE0B9599CF6348B0EAC781225457
10782946406 28473 23272 9452D853D73BD6F8A33D1EB4BB95259DA016B32091751B3F9BC7DEF70C417D68
10787513652 8795 39380 7A48CCF031088705FC6A340C70BD5F0EBCD05767E5DFBBA870C4A748A37DBF28
10786623391 33195 37560 21A18E27E3CAF2E449443DBE4495EDA2B155931AB49FBFDDFFF8C3F26885D129
10783709903 63609 54546 37F5ED0AA2B6B2D232189FCAECF9208696356783FD018CE0A9016704C9A71AE8
10776963159 49398 23724 7C20F6CF1A09EEE4F40FE6F70B0F070213E4AE0B9599CF6348B0EAC781225457
10777534426 22798 17196 7C20F6CF1A09EEE4F40FE6F70B0F070213E4AE0B9599CF6348B0EAC781225457
10781278248 4249 43358 1DF4224F5D7BD0EF604DEB3E5C08D14DDA0CDE2790CDFE10351A9D159561CD14
10780857104 46389 58431 66851812F530345F787E6305013FC829C8A62FB638E69057A7A35A1EFA9C93E7
10787986868 59325 48118 2806C4D2135FF4FA026241C1D43F974A13152637DC77FF7E0FACB830633A4216
10780426353 55567 6337 1ABA999D96337EC4CB003588D5A58484EC4023CEDA1496ECA0E1A43BCAC9792B
10785077132 43446 46824 7C20F6CF1A09EEE4F40FE6F70B0F070213E4AE0B9599CF6348B0EAC781225457
10783144661 52526 50519 7C20F6CF1A09EEE4F40FE6F70B0F070213E4AE0B9599CF6348B0EAC781225457
10778807947 37583 5086 54D667E66AA010BBF44A28B532C9CFA382C418864BB25184814F468EF710E78E
10785127245 17004 63633 7C20F6CF1A09EEE4F40FE6F70B0F070213E4AE0B9599CF6348B0EAC781225457
10784343955 6097 17210 04291D3B4A63FBF3508DFE24E36DCF635AA217C52D9121714681ED0804C52869
10787905140 5769 37924 C1909CBF4A8B7E64E731162DF941588E2CFCD6E37E3DF714F56194F2CCAF49A0
10785858969 8378 20304 7C20F6CF1A09EEE4F40FE6F70B0F070213E4AE0B9599CF6348B0EAC781225457
10782401249 27109 5378 1F81F937510E649E2A2133C7B3868939973399B91E23570B0E084E26853BEAC1
10776574137 22555 49372 1A43054A6258C5452CEAD91782F24757E996D443D703F8440F215E0525D07538
10778304812 14022 60818 7C20F6CF1A09EEE4F40FE6F70B0F070213E4AE0B9599CF6348B0EAC781225457
10780116073 35510 30643 7C20F6CF1A09EEE4F40FE6F70B0F070213E4AE0B9599CF6348B0EAC781225457
10783107133 28069 43996 00560E837ED943B69604F0993898F42A38D2CFCABBD7FE2C1DD6B3B7854EF4C6
10781808369 53249 55810 89D73D2FF2DB02694E0915399375014C8C41802C82050AAC6A4CC642A7EA0E20
10783748197 12868 10808 7C20F6CF1A09EEE4F40FE6F70B0F070213E4AE0B9599CF6348B0EAC781225457
10780397741 60453 7698 5D1EEE21F0162CABD6AC7626A09975B7E5F8CB260FA30F4727BDE10C57D2CFDC
10780244288 5380 56550 7C20F6CF1A09EEE4F40FE6F70B0F070213E4AE0B9599CF6348B0EAC781225457
10785724284 9623 26527 B6710DDBD9373536434B9FC80FDF63E9772F2993ED06B0C303350EFF815B1F0E
10784466184 52570 4736 7C20F6CF1A09EEE4F40FE6F70B0F070213E4AE0B9599CF6348B0EAC781225457
10777544021 28248 7394 7C20F6CF1A09EEE4F40FE6F70B0F070213E4AE0B9599CF6348B0EAC781225457
10783804206 63918 55639 7C20F6CF1A09EEE4F40FE6F70B0F070213E4AE0B9599CF6348B0EAC781225457
10779294461 51258 57965 7C20F6CF1A09EEE4F40FE6F70B0F070213E4AE0B9599CF6348B0EAC781225457
10779149301 51593 58516 681A8D3A0E7F218F62BBAB9D290824203E793C3E573D443AF04DCB3D8894480A

Total of 0 tasks calculated error.
