Total of 100 tasks calculated correctly, accuracy 100.00% 
1080110164 22174 20764 7C20F6CF1A09EEE4F40FE6F70B0F070213E4AE0B9599CF6348B0EAC781225457
1069598210 33776 23369 7C20F6CF1A09EEE4F40FE6F70B0F070213E4AE0B9599CF6348B0EAC781225457
1076087421 20209 30526 2BFC62D1D831D5B24115840CF975AEAA711CD8B03DAE69D043BC28D08DFDEC05
1079355044 50672 41419 7C20F6CF1A09EEE4F40FE6F70B0F070213E4AE0B9599CF6348B0EAC781225457
1070877724 33485 28408 216CFF6E14ECC8A3ECCEB05F1FBD2D7FD7467EE802BE845A07AAB2C26478BD55
1074147133 14805 64039 0F85556BB3C3CDA9B7DB8C7073088138B378D08D90DAEFD9DBF2154ECA167717
1069141316 19127 39746 007562A7834EDEC333D87D2D65461BE120C518050F683D35B086E91DC23ABA5C
1079816188 27957 5449 657DD2F2989EB0AF8AEC90D0F1DA447107F9C0F2DAD998D3F186B30EA911E471
1071021879 55764 29960 7C20F6CF1A09EEE4F40FE6F70B0F070213E4AE0B9599CF6348B0EAC781225457
1073764309 46796 26583 7C20F6CF1A09EEE4F40FE6F70B0F070213E4AE0B9599CF6348B0EAC781225457
1077061883 1028 11038 7C20F6CF1A09EEE4F40FE6F70B0F070213E4AE0B9599CF6348B0EAC781225457
1072261714 15289 50251 8FB14738BEC6CD11102015BDB79916E42D9F584B1571BC511AA8D339C612FFFD
1077406913 43189 17698 409E425785133C9BB980135EC130D9FC7950ECFDC62FCA7439918B60BD98CD94
1078095392 33269 5923 2F8750C244FB5FF90F0E7CC64A30EEE5EE8573D9DD4873D946F5439F7726E56C
1070198986 63962 24714 7C20F6CF1A09EEE4F40FE6F70B0F070213E4AE0B9599CF6348B0EAC781225457
1074417716 55490 10781 7C20F6CF1A09EEE4F40FE6F70B0F070213E4AE0B9599CF6348B0EAC781225457
1071771484 57096 38999 7C20F6CF1A09EEE4F40FE6F70B0F070213E4AE0B9599CF6348B0EAC781225457
1080134122 47900 39713 7C20F6CF1A09EEE4F40FE6F70B0F070213E4AE0B9599CF6348B0EAC781225457
1077115273 22431 38792 C4BE3ED5E54FE7EEE7BC044CFCCF19B8F701041C93AFFA38F27EAB18BE8854F8
1069048224 4368 18607 7C20F6CF1A09EEE4F40FE6F70B0F070213E4AE0B9599CF6348B0EAC781225457
1076706657 7008 59644 7C20F6CF1A09EEE4F40FE6F70B0F070213E4AE0B9599CF6348B0EAC781225457
1078888505 47714 50506 7C20F6CF1A09EEE4F40FE6F70B0F070213E4AE0B9599CF6348B0EAC781225457
1074857839 59958 20495 7C20F6CF1A09EEE4F40FE6F70B0F070213E4AE0B9599CF6348B0EAC781225457
1077907924 41644 59855 7C20F6CF1A09EEE4F40FE6F70B0F070213E4AE0B9599CF6348B0EAC781225457
1077463204 24120 21455 7C20F6CF1A09EEE4F40FE6F70B0F070213E4AE0B9599CF6348B0EAC781225457
1075252009 40093 44142 AC1E20B1C035B8147CC99F7EFDEC96511BF73B9A163BF7424A8A181DAE05509B
1079562662 35461 56773 86883A5327642F9FC45E748BAA9617AE35BB68B160C31ED033D1C0A64D2C3A34
1078667948 21369 47472 1503D0898639006C04280B76464E9B433B2091A9F067DB58B770A3FD7D9B20EB
1080270494 41089 31912 30E73EB507FBC72462420CB9E9A5C25FF894AD0E041E1A39B858E8ABDA7E46E8
1077092926 63006 8207 7C20F6CF1A09EEE4F40FE6F70B0F070213E4AE0B9599CF6348B0EAC781225457
1070547712 23347 22337 40D231A6B6B9F695516BC909A00731899215FFD4FC440C6B8C7746A89B496862
1072901198 19880 32710 7C20F6CF1A09EEE4F40FE6F70B0F070213E4AE0B9599CF6348B0EAC781225457
1069795937 38072 7176 7C20F6CF1A09EEE4F40FE6F70B0F070213E4AE0B9599CF6348B0EAC781225457
1075412830 13700 29477 7C20F6CF1A09EEE4F40FE6F70B0F070213E4AE0B9599CF6348B0EAC781225457
1069823018 61665 61823 1FF0FFD5D72092D709C4A2DD939C503487F1A52FEB1E73E3A370171AD6684100
1072134978 25860 32261 7C20F6CF1A09EEE4F40FE6F70B0F070213E4AE0B9599CF6348B0EAC781225457
1077347991 17780 34265 7C20F6CF1A09EEE4F40FE6F70B0F070213E4AE0B9599CF6348B0EAC781225457
1069508257 53429 6223 F044C408137AF223FAA59F8790A8F195FFE1604831DB844212269A59D18FA42F
1069675616 23997 38675 09CA77B8CFF14CCDBED016B707B14BB3EE681D19B6E88D8CDDA9A71370693261
1078676083 41669 51870 0431AA5A717FB3DEDC1DDF07A229E13CA9C37032A4CCD1981909A2E50F9067E6
1076986237 9470 23302 7C20F6CF1A09EEE4F40FE6F70B0F070213E4AE0B9599CF6348B0EAC781225457
1076643265 435 48091 28D9A1C0EBA7FBBD2C52A35330C40B9AA73F10A4D3F8A05C213D15AC5F46ED58
1074404496 2254 11528 7C20F6CF1A09EEE4F40FE6F70B0F070213E4AE0B9599CF6348B0EAC781225457
1078350538 30801 41455 3D438F5F23C6F609BF40E31013F625F5D81A76CD5BF99E20F7FBC2769C4C87F1
1073917451 60730 32265 7C20F6CF1A09EEE4F40FE6F70B0F070213E4AE0B9599CF6348B0EAC781225457
1071806844 12847 26161 205C8000943D72E6C2A4EF887806AC5A2EDDEDB9DB185BA725F3DC49EB3B7167
1077894028 59374 6059 7C20F6CF1A09EEE4F40FE6F70B0F070213E4AE0B9599CF6348B0EAC781225457
1070844160 55855 58769 BB712C41AD02CC80D04C2954A517D807F44BBC37DBA703EF02EFF68F9E606899
1075029689 23000 27558 7C20F6CF1A09EEE4F40FE6F70B0F070213E4AE0B9599CF6348B0EAC781225457
1080202952 47552 60574 7C20F6CF1A09EEE4F40FE6F70B0F070213E4AE0B9599CF6348B0EAC781225457
1073191179 53217 34717 2F185A7113ECC5FB30BB03E224CFB7DEAED58F1B7211A6156C9F31F73E8E0C3C
1078992763 15220 26248 7C20F6CF1A09EEE4F40FE6F70B0F070213E4AE0B9599CF6348B0EAC781225457
1073964715 13120 50931 7C20F6CF1A09EEE4F40FE6F70B0F070213E4AE0B9599CF6348B0EAC781225457
1075805435 47268 19274 7C20F6CF1A09EEE4F40FE6F70B0F070213E4AE0B9599CF6348B0EAC781225457
1069340789 41294 3312 7C20F6CF1A09EEE4F40FE6F70B0F070213E4AE0B9599CF6348B0EAC781225457
1080051927 41790 38464 7C20F6CF1A09EEE4F40FE6F70B0F070213E4AE0B9599CF6348B0EAC781225457
1068781299 43309 4671 E1AEE96AA035FD605FB576F5AD2E5A495AC843521F2C49EB5BB1F906AA894607
1080307095 59136 13585 7C20F6CF1A09EEE4F40FE6F70B0F070213E4AE0B9599CF6348B0EAC781225457
1072421654 6515 63268 C564E9E916A7A65BEAE0E6D11F6A7B62F6DF09FBB3994296C04519C05FE1C813
1079303050 5886 48407 7C20F6CF1A09EEE4F40FE6F70B0F070213E4AE0B9599CF6348B0EAC781225457
1073367596 2933 25733 11D3E4305635B26453211AC981FA3132EDF566705CE19D37E3E3F40D727155A9
1076274123 32951 60839 FD71FF2DD48705BCF50AFF814807AA3E37ECECACA868350CC5309439E285446A
1076987792 1950 58853 7C20F6CF1A09EEE4F40FE6F70B0F070213E4AE0B9599CF6348B0EAC781225457
1076944207 17160 34748 7C20F6CF1A09EEE4F40FE6F70B0F070213E4AE0B9599CF6348B0EAC781225457
1069950476 33321 57576 85DFEEE87002A963833B88383B1D9E45DE9D25C045A15E6F88CAC41D67439B26
1070697800 43824 13666 7C20F6CF1A09EEE4F40FE6F70B0F070213E4AE0B9599CF6348B0EAC781225457
1074659514 46100 26959 7C20F6CF1A09EEE4F40FE6F70B0F070213E4AE0B9599CF6348B0EAC781225457
1074089850 47001 28118 78F937992E6A406F107E2067655D52F2C4309BABFA926B94E3BEC5C4B47E7D84
1074221330 33150 37009 7C20F6CF1A09EEE4F40FE6F70B0F070213E4AE0B9599CF6348B0EAC781225457
1076997288 57611 2276 5CF48BE1E11CE97A8801A1FF854E4B63CBDEE8163845520341311E502B91A407
1070515052 15147 46270 3E5AE0739D9D337282B58CCD9F1D8B690E652051DF7B475B495BF6FB1F9FF2EC
1076660555 49506 38884 7C20F6CF1A09EEE4F40FE6F70B0F070213E4AE0B9599CF6348B0EAC781225457
1070102267 31996 15072 7C20F6CF1A09EEE4F40FE6F70B0F070213E4AE0B9599CF6348B0EAC781225457
1077425665 7715 32225 C2FB6258307699F38162B7B9DEBD4B3E194D4297E8EF2B66E2064FA9AB140491
1069797561 4462 26979 7C20F6CF1A09EEE4F40FE6F70B0F070213E4AE0B9599CF6348B0EAC781225457
1070763727 45452 46067 7C20F6CF1A09EEE4F40FE6F70B0F070213E4AE0B9599CF6348B0EAC781225457
1079850551 64054 64254 7C20F6CF1A09EEE4F40FE6F70B0F070213E4AE0B9599CF6348B0EAC781225457
1077874596 20894 55015 7C20F6CF1A09EEE4F40FE6F70B0F070213E4AE0B9599CF6348B0EAC781225457
1073668589 60777 1378 426EF5FA70D23D5ACA4EE75CD11037AF0304C677E593C86AEAF4BC768D3CC9E3
1072209543 42557 33981 FA5925B269146C5379BCEE72988E1690DB412B990C630767592DFC3EF7C9168C
1072452210 19320 32075 7C20F6CF1A09EEE4F40FE6F70B0F070213E4AE0B9599CF6348B0EAC781225457
1078223385 24707 25133 73744382F508005593BA7A7E0E4D7DFC8EE03DCEDA1880601E412D699DC7A580
1072192652 40473 30064 9B2FA0B28A74140D633008BD1C90BA4FF18C6622F899B54DB29E7BC815166B3D
1074295456 35740 47626 7C20F6CF1A09EEE4F40FE6F70B0F070213E4AE0B9599CF6348B0EAC781225457
1074806025 22672 28579 7C20F6CF1A09EEE4F40FE6F70B0F070213E4AE0B9599CF6348B0EAC781225457
1074753481 39631 23764 618435680B14196666A343511059AD8F2064EE82D8C1161E01FCA7762D6F87D2
1069055243 19539 5836 DBD41933035469CB43B91ED41BFBEFD425C6B47947B6F4DF0E987F6C5A9A1FB7
1072419114 35164 59602 7C20F6CF1A09EEE4F40FE6F70B0F070213E4AE0B9599CF6348B0EAC781225457
1069173947 3871 7512 84A35ED697305022E2CDCAA252663E9B99C70346911C053B4E88C6DD5AAA2E2C
1071219186 9713 4601 3881EB65C929CDF5A0B9AC507017C1838D46550A00219350365BFE91B68CAC28
1076514380 63770 65022 7C20F6CF1A09EEE4F40FE6F70B0F070213E4AE0B9599CF6348B0EAC781225457
1074969383 51142 11924 7C20F6CF1A09EEE4F40FE6F70B0F070213E4AE0B9599CF6348B0EAC781225457
1079859061 24585 8130 B9ED8969CC8643223405B35F2CDBBE321905626EFFF98462499FBEA9D1B7050B
1072386191 64280 14920 7C20F6CF1A09EEE4F40FE6F70B0F070213E4AE0B9599CF6348B0EAC781225457
1073062488 60888 2079 7C20F6CF1A09EEE4F40FE6F70B0F070213E4AE0B9599CF6348B0EAC781225457
1071018657 17671 42772 326BA6148905E3936DCD51251992870140DB18ACD6A76B0C90E2EEC28F3DA027
1071695431 30654 35035 7C20F6CF1A09EEE4F40FE6F70B0F070213E4AE0B9599CF6348B0EAC781225457
1074964332 3466 49419 7C20F6CF1A09EEE4F40FE6F70B0F070213E4AE0B9599CF6348B0EAC781225457
1072450589 37949 16577 2A28C2FEA6860D6BD6F88A107BD9C9F012A38FCCFB398D83931AC8C3B0E4EF44
1068593228 22655 43758 464C9C4F30AC59D0D5894D096898DFA08244F9A1CC05BEC19985DE7C6D684E48

Total of 0 tasks calculated error.
