Total of 100 tasks calculated correctly, accuracy 100.00% 
10804777089 53647 44256 074A097AC583465BC8A236517A1021F5FD71BA82D9C4AC187F8BD1D535015B29
10803073748 14909 25832 0891E5069F86EDAB830F9BA9F5A24198D4A8FA7186432BD1467ECDBD339E25A9
10805790152 49591 20468 E3419D843412134C5DA6E863EDD35BF485D60940575F6AB80D0109DCDE33C6F7
10803826977 4524 49251 7C20F6CF1A09EEE4F40FE6F70B0F070213E4AE0B9599CF6348B0EAC781225457
10801798612 58480 57207 7C20F6CF1A09EEE4F40FE6F70B0F070213E4AE0B9599CF6348B0EAC781225457
10804034217 13638 12263 7C20F6CF1A09EEE4F40FE6F70B0F070213E4AE0B9599CF6348B0EAC781225457
10801984363 14021 25697 1D69D3A1C6EBF8FBDB3143D3314CB100D75051A79FB00D0944AA1E9298DA9A15
10810079115 62731 34488 7E058EC7FAF292CC1ED7F4D8848629EE8F8827F93D94DF725ADC0F34F5CBC0EA
10800797730 34232 29985 7C20F6CF1A09EEE4F40FE6F70B0F070213E4AE0B9599CF6348B0EAC781225457
10802789770 22571 43357 65D9B6649A3FF60576978A3A1572A9799812B4DA8EE9807D3A3F973A74BC76FB
10802749680 64063 26910 B333E08222E4BEB9C20C2140E5BA4619705C50FBE01106253B1A74059C2693F5
10806282963 11510 62841 7C20F6CF1A09EEE4F40FE6F70B0F070213E4AE0B9599CF6348B0EAC781225457
10807673801 55081 33459 77769B50B518F70A169E180A3E693CFCD64135307BF1A1965A83295DDDFF64AF
10807828294 30527 34743 DC56251802153ACD0E3F1C9F6588A2E99FDD437847F797EC76E94A9B2698CD08
10805028760 11509 32814 045F6B23B009D19B9417214C36BB84EAF8BCAED837C85BA4AEBD22CCC85BAF66
10808289393 2914 62475 7C20F6CF1A09EEE4F40FE6F70B0F070213E4AE0B9599CF6348B0EAC781225457
10805852053 22809 25302 29AF90199B8E59F726D77EC36A047DB583C4F81A5827CE42FF54667E66CFEB51
10809716869 4953 5191 6FEBFC84C0DDC055F9388BF12C304E1F217EBCCDEF1E2C7A0C76F309E878F66A
10804876008 27824 21799 7C20F6CF1A09EEE4F40FE6F70B0F070213E4AE0B9599CF6348B0EAC781225457
10806260127 38534 45874 7C20F6CF1A09EEE4F40FE6F70B0F070213E4AE0B9599CF6348B0EAC781225457
10805099934 17108 17512 7C20F6CF1A09EEE4F40FE6F70B0F070213E4AE0B9599CF6348B0EAC781225457
10808809019 37534 9641 7C20F6CF1A09EEE4F40FE6F70B0F070213E4AE0B9599CF6348B0EAC781225457
10810839105 25774 51401 7C20F6CF1A09EEE4F40FE6F70B0F070213E4AE0B9599CF6348B0EAC781225457
10809185001 19830 19497 7C20F6CF1A09EEE4F40FE6F70B0F070213E4AE0B9599CF6348B0EAC781225457
10801843197 5131 16793 6DEE04D2CE10B15E220026DB65DDCAECD7D59D2BB0024FF9DC73BA138F602976
10808362957 55216 30295 7C20F6CF1A09EEE4F40FE6F70B0F070213E4AE0B9599CF6348B0EAC781225457
10805562251 37555 51147 22E2DA5277A3BD34DF7A293779494B991D1B0737CEF55252C3DDBECB3CD05E17
10802358101 30389 10779 34082AB442A3CFAD22F6B6767D401EF7F1D600F57FD5CAFB684D5AB5DBA549E9
10802162554 6821 26325 9490B0B5CC368C2FE00DA710CF923ABC704CFE1BB80F6E0EBD6C4B2812722E8D
10801871049 58800 42751 7C20F6CF1A09EEE4F40FE6F70B0F070213E4AE0B9599CF6348B0EAC781225457
10805792868 56017 32433 A79AF01D101BA226E0049287DDC361C86F8B0339FD01482C87ECDC547D67E497
10806830915 58559 36795 A88342484D202D5E572645F09B6955938A3430B50E8FC069FFEC0A7C91A3016E
10809982578 23041 41753 DE5630304F69E5F1FD06BE3EECD715D1CF2174E6BD19B9E39A3E522981B262E1
10800794002 65381 27081 DA5AACF6EFFE07928F83C12EED8AE407BD6C70936B361DBAED6BD7EA14DA3C1B
10801257959 5445 39043 70CAB957A0045D26299E1ECFF46A40A0CF0EE17E303AE70369BC4610857EEDE7
10805708030 17117 11649 9A2D21F898D53022E6D63145DC6565449CD57A9316C8457A54656BEA789D18F9
10801397151 6237 9262 6A44495628AF5CDE9BC85CBA2029D822B8A3F57CD78DEA0E47BCFFB24430E302
10801848400 24298 1361 7C20F6CF1A09EEE4F40FE6F70B0F070213E4AE0B9599CF6348B0EAC781225457
10812309013 37505 37386 6BD77F507B45B7CC0938D8AA29FAC3D4D04D733BCE7BD88212D7BFF9421EB6E2
10804404270 38012 48085 7C20F6CF1A09EEE4F40FE6F70B0F070213E4AE0B9599CF6348B0EAC781225457
10807762630 5410 54870 7C20F6CF1A09EEE4F40FE6F70B0F070213E4AE0B9599CF6348B0EAC781225457
10803154189 10409 48107 9E8FABCC2CC73178C0A9D7C75AF92EC2C5AE5AB530C2892FEDBC84CE4D7F1755
10809523233 45049 40171 BFEC881C78F2EF59198012DF04BEA3C1849038F0051CD90FE8F40CCC01AA8897
10800856817 44054 24900 7C20F6CF1A09EEE4F40FE6F70B0F070213E4AE0B9599CF6348B0EAC781225457
10807169463 778 8827 7C20F6CF1A09EEE4F40FE6F70B0F070213E4AE0B9599CF6348B0EAC781225457
10806824519 41252 3883 7C20F6CF1A09EEE4F40FE6F70B0F070213E4AE0B9599CF6348B0EAC781225457
10807879745 30672 62994 7C20F6CF1A09EEE4F40FE6F70B0F070213E4AE0B9599CF6348B0EAC781225457
10812330680 55154 7958 7C20F6CF1A09EEE4F40FE6F70B0F070213E4AE0B9599CF6348B0EAC781225457
10804413234 14290 14154 7C20F6CF1A09EEE4F40FE6F70B0F070213E4AE0B9599CF6348B0EAC781225457
10811122027 2721 21859 727EEAF8C0297DF95C2363B339E3A71D2A80B10A86F0FF73BBE325AEF1020356
10800604797 4140 30151 7C20F6CF1A09EEE4F40FE6F70B0F070213E4AE0B9599CF6348B0EAC781225457
10802168573 13253 23682 92A4E5C0BB357C079980AC49E4BD593DE4A601767718A9A586069E4B1DC41D97
10807071015 56094 39225 7C20F6CF1A09EEE4F40FE6F70B0F070213E4AE0B9599CF6348B0EAC781225457
10802901614 35745 52760 4A1D8D3EEC3CEA735FCA78297AD8C7434433076D04290F3003931E9EAF0C0013
10809513761 9221 47144 3A559E75961C956A57EC6FFFFD74148BFF11B18FE33B53228FD28B3FAC5A2336
10810085246 60728 60682 7C20F6CF1A09EEE4F40FE6F70B0F070213E4AE0B9599CF6348B0EAC781225457
10809602391 4863 8484 CFB56EE7CC5CDE40ED70B4E5C48E15D27550C10BCCF393C492F3C031C3E05B1C
10802739717 47963 28140 0FFED017F2E4F221B8E75C32AB6505C00E0C5F47ACA159574D671111ABB9110E
10809277417 46824 12871 7C20F6CF1A09EEE4F40FE6F70B0F070213E4AE0B9599CF6348B0EAC781225457
10801809582 25421 50595 F44DA11BFC287BC83D61CE3B233F6B4CD5E1758465D8FBB2A605C487E716E260
10810616076 49697 28161 E59AE6D515573C637AEC84015E9E6CA8ECCC28BD0BD8BAE457904FEDE7C634C2
10805613418 64326 38785 7C20F6CF1A09EEE4F40FE6F70B0F070213E4AE0B9599CF6348B0EAC781225457
10802166638 10264 12557 7C20F6CF1A09EEE4F40FE6F70B0F070213E4AE0B9599CF6348B0EAC781225457
10808322470 61477 63055 8A283A98AD503E71CC41C4880F37E440C5E4DB794017AF71EE3646D8979B2BD1
10805349414 31121 25191 4BC291B7E7EA2A768FF85DC193372E02550CACEA2AA8E9805EDF444CB2BA8180
10810229426 36140 8252 7C20F6CF1A09EEE4F40FE6F70B0F070213E4AE0B9599CF6348B0EAC781225457
10806501771 16371 32956 442BDBED42F4C3872DDA07928C8D8D1E2174A5EED59BB5C5D90209BA462C3B84
10807941395 2289 55410 5684FC4158176FBBB3D502C793CB5A25DD1C73AC26AC469B14EE2E3CD09A814A
10800920132 10386 16495 7C20F6CF1A09EEE4F40FE6F70B0F070213E4AE0B9599CF6348B0EAC781225457
10809959244 31243 60617 19F76252A72399F487AC0F6028A12C5FF06C253020617AEA72442AA64CF7696A
10805794422 59912 18679 7C20F6CF1A09EEE4F40FE6F70B0F070213E4AE0B9599CF6348B0EAC781225457
10805115323 28991 22206 6AAC566C7FCE60F9CC37D69675470BEAF514DA09E820374DFDC54A1FE81B6585
10807190133 13050 35606 7C20F6CF1A09EEE4F40FE6F70B0F070213E4AE0B9599CF6348B0EAC781225457
10808176889 1877 6558 E8ECDAEF945B404C9F82E1FFF71ECD4D207F2EE8C5946879AF93A6564BFDEE4F
10808337496 4267 52633 9258038D4A0FDBDF9BBECDC6730F44F110B87686AED2F2F8C9155CFC81971EB8
10811713861 35503 62307 85EEE88C6F61944B0B45D64D7D7FDD4D23FAA50A7DB45071EAFF7EFB86275154
10802786428 37218 55850 7C20F6CF1A09EEE4F40FE6F70B0F070213E4AE0B9599CF6348B0EAC781225457
10803947494 17793 64235 602B9AFA9CDA95BD26FEA50D852FFB3F3DAC7061413637509A2CF494C0B6C744
10810158548 11487 40226 6DDDAD069C18CAAE87C106D12D631719CC88777ED79B99B625D735393031B1DB
10803054867 63839 8889 C52EA9E75ABF165A1B9E9274C67214ECEE5E59ECB772296B1E017AE08DADA5E2
10807803992 16054 7394 7C20F6CF1A09EEE4F40FE6F70B0F070213E4AE0B9599CF6348B0EAC781225457
10807851434 34162 29230 7C20F6CF1A09EEE4F40FE6F70B0F070213E4AE0B9599CF6348B0EAC781225457
10801731945 55930 50751 7C20F6CF1A09EEE4F40FE6F70B0F070213E4AE0B9599CF6348B0EAC781225457
10806930329 39852 7912 7C20F6CF1A09EEE4F40FE6F70B0F070213E4AE0B9599CF6348B0EAC781225457
10805201993 55022 58012 7C20F6CF1A09EEE4F40FE6F70B0F070213E4AE0B9599CF6348B0EAC781225457
10810140786 35648 29998 7C20F6CF1A09EEE4F40FE6F70B0F070213E4AE0B9599CF6348B0EAC781225457
10810688986 10817 15523 389F5C109EFCAA37AA53B2FF95C085418B4FACE75D45F1A86FE98A7C604DE914
10812136921 2307 35947 72070A26B709D27ABBAAB1F765806F0DDCC5BFA9CA9494CD16F61B2D326344C2
10802938695 31969 16677 B40F883D284DF268EF0DD42531B16FE1CBA077F7EC0C11BD4FEEBF5110E748F9
10810054513 4867 12417 CC609D15577A3A1B84486411D49627CA64B15078EDA96FD8C7F12EE86F9B8AFB
10811184230 35126 53495 7C20F6CF1A09EEE4F40FE6F70B0F070213E4AE0B9599CF6348B0EAC781225457
10803338071 27187 53892 98258AA14C52B7B11F7A3D9F45BEBFEF1FB8D90D6AF2506001740463CC5F2733
10808391344 54216 32041 7C20F6CF1A09EEE4F40FE6F70B0F070213E4AE0B9599CF6348B0EAC781225457
10806575669 25761 14194 371DC0F80C830FFB0595A9D3C3A0BDF0877B7016C0C4D4F3004079088E311C97
10804734910 42781 52720 493AA33E4B8135E908780EAD7A1C3D50AFD01108EE8A7406EBD9F6A7E614E05A
10805157256 63399 58407 12DEA092755C84A7FA7316527FFD8E0BD5F763965987D75D4A036A52F0088E4F
10803227426 28498 41253 7C20F6CF1A09EEE4F40FE6F70B0F070213E4AE0B9599CF6348B0EAC781225457
10803999590 24627 782 29DCE8C97C45D9183B9773990E76CBAEBC32EBB1CF9281D4E8C8786C48C3472D
10806339373 15318 64049 7C20F6CF1A09EEE4F40FE6F70B0F070213E4AE0B9599CF6348B0EAC781225457
10803765700 57729 41588 DEEF572FA9C0D6A1B5B05AD7496D19293DE46B5257D15194C468472D6F2DBD2B

Total of 0 tasks calculated error.
