Total of 100 tasks calculated correctly, accuracy 100.00% 
10879271522 50382 1011 7C20F6CF1A09EEE4F40FE6F70B0F070213E4AE0B9599CF6348B0EAC781225457
10875112749 36881 31522 50B48F7370B853637C20017CC6BFD840A927F1ACA861D8DFFD1DBDCA962F6537
10881569389 22588 47600 7C20F6CF1A09EEE4F40FE6F70B0F070213E4AE0B9599CF6348B0EAC781225457
10875471593 13600 49917 7C20F6CF1A09EEE4F40FE6F70B0F070213E4AE0B9599CF6348B0EAC781225457
10877341903 19196 43080 7C20F6CF1A09EEE4F40FE6F70B0F070213E4AE0B9599CF6348B0EAC781225457
10874229026 61081 37416 CF4451727D5D990C1761AF9077889D499BA4F6EA3F46E2FFAA3343328A08E339
10878068868 24019 2737 0F534F059D8092CFCC31243210ED6E1ADB113A417FB50F076A5D8BA2B11C170C
10877880707 34220 57352 7C20F6CF1A09EEE4F40FE6F70B0F070213E4AE0B9599CF6348B0EAC781225457
10873616765 1323 16513 6F3506A2D0AF065EF627FF461C17BAD6749A9DB72C8B92E27F10C43F72C271C4
10882778426 5123 45355 50F95C862E7191752788B593E701D7998F8A4C50D9232C1A562D745173D8F308
10874545675 11532 46522 7C20F6CF1A09EEE4F40FE6F70B0F070213E4AE0B9599CF6348B0EAC781225457
10874546739 46109 28615 CC4A2463BF8C440CD06846874162F94696E6CA5406885811DC2F401E0E5AAD5A
10875022067 44818 24550 7C20F6CF1A09EEE4F40FE6F70B0F070213E4AE0B9599CF6348B0EAC781225457
10882392986 27343 23594 B1FA044356853DC15299B30566645C1FB21184454FE48E54DC5635D2898F067B
10876253589 31028 44146 7C20F6CF1A09EEE4F40FE6F70B0F070213E4AE0B9599CF6348B0EAC781225457
10877014415 30630 45376 7C20F6CF1A09EEE4F40FE6F70B0F070213E4AE0B9599CF6348B0EAC781225457
10873076282 48340 55410 7C20F6CF1A09EEE4F40FE6F70B0F070213E4AE0B9599CF6348B0EAC781225457
10874998948 53758 23461 7C20F6CF1A09EEE4F40FE6F70B0F070213E4AE0B9599CF6348B0EAC781225457
10872949760 48252 43531 7C20F6CF1A09EEE4F40FE6F70B0F070213E4AE0B9599CF6348B0EAC781225457
10881695684 8823 35015 27ECCDC32DF4FB06C9C8857C954DBA3EF4C116DC249934D01B393D3AE86A8021
10876057841 982 42349 7C20F6CF1A09EEE4F40FE6F70B0F070213E4AE0B9599CF6348B0EAC781225457
10873333631 10760 60940 7C20F6CF1A09EEE4F40FE6F70B0F070213E4AE0B9599CF6348B0EAC781225457
10873993587 18231 61968 5FB872E95277B907A1FAC532BC1D35C67F93E1B84204DF5891899755C3C88C8F
10873587918 57309 269 B43D663C239D1FAD14F000EBD774B7B9543A53C31D6C1A3C316AD818324BF465
10874303510 26556 15659 7C20F6CF1A09EEE4F40FE6F70B0F070213E4AE0B9599CF6348B0EAC781225457
10878841753 46231 15747 D9F1FB13E3B1E6623A15326E124273A5DDB7EA38F913AED226763EE8D99268D6
10878988306 9300 45905 7C20F6CF1A09EEE4F40FE6F70B0F070213E4AE0B9599CF6348B0EAC781225457
10878643845 50048 9829 7C20F6CF1A09EEE4F40FE6F70B0F070213E4AE0B9599CF6348B0EAC781225457
10882801290 50163 11678 11AAAC1F0FDE5D99C8389C5F4049BE40E0B98737A3D3EB6C0F1FE1DF027593BB
10878149312 19025 25820 4C80BAEDEF746DCBE0F10F74CFD5BC3CC62ED270A9A22B03DEA9E97B898B975B
10880223884 25671 64622 38E64E2A3E614D5B88DA909D99351F310B8C52FD45109E4A15D30770253D66CB
10881236436 28181 65114 6B3F0C7AB3D2040DF7CFD26C0FD3327F8E6C653BC0E80A8FEE55FAA62CCF220F
10883938065 24198 53892 7C20F6CF1A09EEE4F40FE6F70B0F070213E4AE0B9599CF6348B0EAC781225457
10874541709 49087 11335 A36C27D3A73A1187F0C4412518C9FCA85C7E87CCF2CBF729F1AB1D86B50F2369
10882150175 9836 63157 7C20F6CF1A09EEE4F40FE6F70B0F070213E4AE0B9599CF6348B0EAC781225457
10881710765 21506 30471 7C20F6CF1A09EEE4F40FE6F70B0F070213E4AE0B9599CF6348B0EAC781225457
10872519182 59452 16001 7C20F6CF1A09EEE4F40FE6F70B0F070213E4AE0B9599CF6348B0EAC781225457
10874468152 56694 52211 7C20F6CF1A09EEE4F40FE6F70B0F070213E4AE0B9599CF6348B0EAC781225457
10876429227 40107 4040 1E5B6FA6CEAEC4A6A4BA0C25D47E5EBF04FF6DF0C498D8BB279984B0C3F099D7
10881001621 11497 41272 E2E9D12DCE914F7AE735402CEF0D69DA26593F27E524D2867EEB02EAACC09605
10881455908 21749 52500 1316AFC571A46E13E13ED896C2D45BA3EF54DD6BA96BC90DB11BA7095C121680
10881921952 6071 64843 0B1FF4F544768568117A41E1171BAAE446B1361B95BA477E45C41D3F7A9C032E
10878880721 12344 25841 7C20F6CF1A09EEE4F40FE6F70B0F070213E4AE0B9599CF6348B0EAC781225457
10882277422 37635 16719 639F6E91C5ED686C5C2CF5F498B47A6ACB8E5392E0640C9C4811AFF670931766
10875215877 51750 45180 7C20F6CF1A09EEE4F40FE6F70B0F070213E4AE0B9599CF6348B0EAC781225457
10878321636 63170 33585 7C20F6CF1A09EEE4F40FE6F70B0F070213E4AE0B9599CF6348B0EAC781225457
10878304042 61581 60737 A7946AE07BDFFF7E7091E01287F689BC141E4C09DF4F45211909BFC76C95CC0F
10877599999 56052 40827 7C20F6CF1A09EEE4F40FE6F70B0F070213E4AE0B9599CF6348B0EAC781225457
10879079077 37746 2027 7C20F6CF1A09EEE4F40FE6F70B0F070213E4AE0B9599CF6348B0EAC781225457
10878539680 5292 9938 7C20F6CF1A09EEE4F40FE6F70B0F070213E4AE0B9599CF6348B0EAC781225457
10877728484 12527 50879 EDF513646F97442864585DC1543C11891DA4EEC573C53316E2B39FF37A6F9728
10876808705 24474 47707 7C20F6CF1A09EEE4F40FE6F70B0F070213E4AE0B9599CF6348B0EAC781225457
10876696113 30434 15222 7C20F6CF1A09EEE4F40FE6F70B0F070213E4AE0B9599CF6348B0EAC781225457
10875116286 44762 2184 7C20F6CF1A09EEE4F40FE6F70B0F070213E4AE0B9599CF6348B0EAC781225457
10880855239 22503 54654 9A586156E24FD86DC8F984242315132EBC95027C1E57ACAB6079E65B73E818C0
10882759316 34890 63178 7C20F6CF1A09EEE4F40FE6F70B0F070213E4AE0B9599CF6348B0EAC781225457
10882831534 62024 2026 7C20F6CF1A09EEE4F40FE6F70B0F070213E4AE0B9599CF6348B0EAC781225457
10879337683 19082 14734 7C20F6CF1A09EEE4F40FE6F70B0F070213E4AE0B9599CF6348B0EAC781225457
10875831569 16242 43601 7C20F6CF1A09EEE4F40FE6F70B0F070213E4AE0B9599CF6348B0EAC781225457
10874788891 42152 52618 7C20F6CF1A09EEE4F40FE6F70B0F070213E4AE0B9599CF6348B0EAC781225457
10873213717 30021 27041 58198EAD3BAC4C06735DCD742E90DBBD21625E07797BAC610A4AA11C2AFE85A9
10882152605 20113 38118 F4DB8CE130694A8D0C0270A8E14BB82A93DCC3BF510A78C937656508E3A5A290
10882549097 9417 28863 B86E28BF822331237E009D388767EC9028D58F0EAFB78E1407136F3EEA1D3638
10874914145 39467 57405 A82F4067AE12B5A529047785110C34F731FA4406D2597030CC600464F8E92D8E
10872585696 11591 1647 6819FD11EADB737D2AF0191704C971AB26FFF314C6294E218117CB514DB7F170
10878658709 57940 6022 7C20F6CF1A09EEE4F40FE6F70B0F070213E4AE0B9599CF6348B0EAC781225457
10877315256 29523 58051 507B1082C3474365121CC4EDCE0412EC87C072BB8796D6F9033B18C87D03CE63
10881590003 16037 50284 74E7B4555760336A3BF49700A130E176A5CDCE79729FE25FA39B9983A7D79A5F
10884022578 20585 35616 5B4B19D144FE5AE0988E4AEB12C0472900A0EA2CFB9B910BD7169041E92F0F87
10875127675 35728 27437 7C20F6CF1A09EEE4F40FE6F70B0F070213E4AE0B9599CF6348B0EAC781225457
10876548399 64881 15242 7D0698617127624AC2B717B69BCA58852D3D5BD53080011A96E487EF241DCD13
10873195891 36621 17419 F0B0F99335330FCADE4E474042589A3A5151A74079DDDF708BC369D707DB5BF9
10873922412 52212 14436 7C20F6CF1A09EEE4F40FE6F70B0F070213E4AE0B9599CF6348B0EAC781225457
10884313831 39756 1511 7C20F6CF1A09EEE4F40FE6F70B0F070213E4AE0B9599CF6348B0EAC781225457
10880494883 7349 22666 23480010E9892DF3780F3DAB0C4D36F2D15622DCB4784CC38704131903224B15
10883737133 31558 16584 7C20F6CF1A09EEE4F40FE6F70B0F070213E4AE0B9599CF6348B0EAC781225457
10875196728 5651 30784 2391CD0C75516CA3FF902E0305C3F4B1B3A3AFFCCEFC717D6215DE46E8BAC349
10882573612 53301 58264 599DC438844EF80EC44EDD3F30268EC787C99EB1A0C22E5882A5BBD08FFD2B0E
10881259411 44811 26017 20B568F7E688FB2548FB03529A037BF43C49732619E8EE71F85C56010FA4161E
10878499490 58958 18373 7C20F6CF1A09EEE4F40FE6F70B0F070213E4AE0B9599CF6348B0EAC781225457
10873090419 47829 13942 2F4B32AD9A6AC7CDF12BDE8E834710F10F7AE4CBDCD7CA88AA931786DE66ADEA
10882510097 34321 46728 168D80658F590F3BF793A022C1860E8DEEB19DA80F9D9A175C41DEFD9F85C866
10876533402 26530 26963 7C20F6CF1A09EEE4F40FE6F70B0F070213E4AE0B9599CF6348B0EAC781225457
10876041031 11641 32335 B9FFEBE329CA6640B8C4BE45B170DB55DDF5850B3D0EE84A52A67BF0F20F9FBF
10882134573 17471 34832 9AC8A9FCDA20892078A74801DA16277B849E962BE8565C683CB5B54C2FDD1476
10876316995 38697 41245 A5ADDAA77DFC5E4A9DF461956949C39DB4F180E36F0E91E93075F9AE4223C2C7
10874974891 8609 24498 9E12CA6A44C40191CC7222F0FA82F0A19BE861D15CB62E8808B645F9B0F8D29F
10882239063 55601 61404 B771F31E7B5E5128E527E93DC0CBC1C765C9238F74DB4D3E898EE2DF62B63758
10879400270 36160 44683 7C20F6CF1A09EEE4F40FE6F70B0F070213E4AE0B9599CF6348B0EAC781225457
10876882209 13694 32852 7C20F6CF1A09EEE4F40FE6F70B0F070213E4AE0B9599CF6348B0EAC781225457
10878205252 44834 49430 7C20F6CF1A09EEE4F40FE6F70B0F070213E4AE0B9599CF6348B0EAC781225457
10875246195 25044 60908 7C20F6CF1A09EEE4F40FE6F70B0F070213E4AE0B9599CF6348B0EAC781225457
10878586364 44533 36985 7C0232BB4FF87AF2F73B5C4B45D0132E2CABEF7B121AD215040001B1E3A2A906
10873538614 65513 11375 6DFCCCDE6AC8D44F790099065C8A1C84469E21BFE70AA08E7A409B9550760F69
10874284053 2302 3499 7C20F6CF1A09EEE4F40FE6F70B0F070213E4AE0B9599CF6348B0EAC781225457
10876595262 4641 35226 A89349FB19F44483E34AB9C228051CA443A11D0FA19DA2020DB7FABA558F58C4
10873176504 29517 5174 E66947AB500488E6A33497976FBB9183EF3572B3F88E3D3F170C65DEEDFC75F8
10876761596 38580 12887 7C20F6CF1A09EEE4F40FE6F70B0F070213E4AE0B9599CF6348B0EAC781225457
10872781146 50667 29832 A01E396C8FE96ECD8F0B0A924DAD1D5ACC862890912EF98423EE7BE8038582AD
10879216493 14202 12068 7C20F6CF1A09EEE4F40FE6F70B0F070213E4AE0B9599CF6348B0EAC781225457

Total of 0 tasks calculated error.
