Total of 100 tasks calculated correctly, accuracy 100.00% 
10893514127 11079 56028 70790F8EB97484F42F442EC58964C73D94DBF98A4E367457B1DDFDFA6E120866
10887295187 25308 1176 7C20F6CF1A09EEE4F40FE6F70B0F070213E4AE0B9599CF6348B0EAC781225457
10896134932 48534 17410 7C20F6CF1A09EEE4F40FE6F70B0F070213E4AE0B9599CF6348B0EAC781225457
10886466295 904 33699 7C20F6CF1A09EEE4F40FE6F70B0F070213E4AE0B9599CF6348B0EAC781225457
10894103201 48097 12420 8998A96BD863C68E0D32C0480D53B76B45379519DD4CE8C52819A3F6BB1DA7D0
10893167819 12270 24178 7C20F6CF1A09EEE4F40FE6F70B0F070213E4AE0B9599CF6348B0EAC781225457
10892063806 3410 18506 7C20F6CF1A09EEE4F40FE6F70B0F070213E4AE0B9599CF6348B0EAC781225457
10884879775 55236 35339 7C20F6CF1A09EEE4F40FE6F70B0F070213E4AE0B9599CF6348B0EAC781225457
10889980394 25882 54423 7C20F6CF1A09EEE4F40FE6F70B0F070213E4AE0B9599CF6348B0EAC781225457
10891164268 993 21527 4E6FF84C968733935309557D43B5BA732D7D57884EFE044E0A69903A716CBFAC
10886579298 20481 17748 9CFCF0434024F803FA9518BC9043B1B4A85AF27C915B558537CF0D20AD7FED3B
10895108726 44985 22376 E78E4D3AFD4592700558069C437B72E262192517E013C867D79BB706E096DD5F
10888992075 61648 44940 7C20F6CF1A09EEE4F40FE6F70B0F070213E4AE0B9599CF6348B0EAC781225457
10885926113 29092 47330 7C20F6CF1A09EEE4F40FE6F70B0F070213E4AE0B9599CF6348B0EAC781225457
10893407934 41020 40134 7C20F6CF1A09EEE4F40FE6F70B0F070213E4AE0B9599CF6348B0EAC781225457
10896319084 40441 58952 38960A87D710E88E0303B88450A5DC12F5B51698F4668F8A66CCC1B2A4BB779C
10889713288 14851 48363 51EE228BC5FB98916388857386B2D74A9C507BF5AE83F09F824446A0E630A8B3
10895987651 37984 28800 7C20F6CF1A09EEE4F40FE6F70B0F070213E4AE0B9599CF6348B0EAC781225457
10896149315 48536 62285 7C20F6CF1A09EEE4F40FE6F70B0F070213E4AE0B9599CF6348B0EAC781225457
10884782486 41635 46562 6BA00693AD22B689DCF61B84BB320510E91F9FD7EFAD968E939B878A81596D6C
10891169321 44397 16343 FB1743122736C4C94839AD50B09127E41A93BCA28185EE89CFBBE061476BBD02
10892242185 59765 63048 D85A0B72692550B84BA06249B5A3687501473C2CD51D225875D610E8E4E284BC
10888137749 55656 42415 7C20F6CF1A09EEE4F40FE6F70B0F070213E4AE0B9599CF6348B0EAC781225457
10885113500 42469 20489 6D3407DB2D1ABC99A3DB481390FA529DD5648BEF5DEF0659528E8A036BC48972
10885710026 58026 9579 7C20F6CF1A09EEE4F40FE6F70B0F070213E4AE0B9599CF6348B0EAC781225457
10889297541 44620 61830 7C20F6CF1A09EEE4F40FE6F70B0F070213E4AE0B9599CF6348B0EAC781225457
10890845818 61075 63651 1A93BD09284B2C78ED10462C4F8052BB38ECA301C2F5DDC73D145068386B10BA
10894503775 53080 56267 7C20F6CF1A09EEE4F40FE6F70B0F070213E4AE0B9599CF6348B0EAC781225457
10890200257 59911 56472 6A3D9C0D5431579CFFFAD119D55A199BFED7C5EEFD876AD6EF59CA9FE36312F9
10885889103 232 6444 7C20F6CF1A09EEE4F40FE6F70B0F070213E4AE0B9599CF6348B0EAC781225457
10887598666 19532 33725 7C20F6CF1A09EEE4F40FE6F70B0F070213E4AE0B9599CF6348B0EAC781225457
10892310429 6108 49714 7C20F6CF1A09EEE4F40FE6F70B0F070213E4AE0B9599CF6348B0EAC781225457
10885764730 17097 13899 EC95D24F9F19CD24724893280B065EA391DC8555413F688D2BFB8517F4205A76
10890056095 41050 24537 7C20F6CF1A09EEE4F40FE6F70B0F070213E4AE0B9599CF6348B0EAC781225457
10889739100 57022 17897 7C20F6CF1A09EEE4F40FE6F70B0F070213E4AE0B9599CF6348B0EAC781225457
10893879406 14188 23001 7C20F6CF1A09EEE4F40FE6F70B0F070213E4AE0B9599CF6348B0EAC781225457
10892950636 44010 45905 7C20F6CF1A09EEE4F40FE6F70B0F070213E4AE0B9599CF6348B0EAC781225457
10891579896 13129 44274 547EBBA13C4F34464B3D2C45D72B9F5256FFDADF72BED47A87A86BFE8B23EF4F
10890927135 60649 38639 7995946C3959D280C34E532C5A805D9E0C79447EBE59A97C3F1A64A7FFA6F583
10886802238 40718 23621 7C20F6CF1A09EEE4F40FE6F70B0F070213E4AE0B9599CF6348B0EAC781225457
10893081916 4496 58684 7C20F6CF1A09EEE4F40FE6F70B0F070213E4AE0B9599CF6348B0EAC781225457
10896104510 39892 42547 7C20F6CF1A09EEE4F40FE6F70B0F070213E4AE0B9599CF6348B0EAC781225457
10887010299 35912 29652 7C20F6CF1A09EEE4F40FE6F70B0F070213E4AE0B9599CF6348B0EAC781225457
10894810930 7181 45979 5257B98855F4DDA41F53B1C628C4B6E14250AEE63459800CD2A9A1CBE59C8A2D
10895193411 40736 1317 7C20F6CF1A09EEE4F40FE6F70B0F070213E4AE0B9599CF6348B0EAC781225457
10892461599 43825 36897 A99E0B25DE558B896616CD75BA4E13AF68EBA5D66CF68B2BF933B47EA5C6A5C3
10886370545 7119 10149 308F74391E9AD6CB1D1DB0E081B9247839CFA1D2E40692221D098B178211353D
10885798636 5035 24676 7A20BC4B99F711BE5F075E337D267DC0804E21E15E3DC6AB812DDB0A339F4044
10885722657 20606 4802 7C20F6CF1A09EEE4F40FE6F70B0F070213E4AE0B9599CF6348B0EAC781225457
10890347929 59942 59295 7C20F6CF1A09EEE4F40FE6F70B0F070213E4AE0B9599CF6348B0EAC781225457
10890375168 3724 36 7C20F6CF1A09EEE4F40FE6F70B0F070213E4AE0B9599CF6348B0EAC781225457
10888257104 39496 54633 7C20F6CF1A09EEE4F40FE6F70B0F070213E4AE0B9599CF6348B0EAC781225457
10891736080 36034 64775 7C20F6CF1A09EEE4F40FE6F70B0F070213E4AE0B9599CF6348B0EAC781225457
10887669550 4887 27849 F12BA6D82943F8F0E450E78A94CE59A3446ACE411071AD70ADB020793D6FF902
10889134355 65127 60104 D3578587B6EE185C0779A207A07353A4973492CD69A1E5143DB0878A8D759610
10890327624 57879 49712 17D2AC45840EA2CB482A07374337F5DC09113F459166352AA6E10DB7948FB65B
10887848492 12985 52326 B0FC4483384C91B15DA9E2A580CDC9D0F87E54BC2B47A169AF48AB66F1492C52
10895949028 28149 44655 B789F5031F7159DFA8E7BE75116B1D0A5870A2010671ACCF0A663C3496D954B0
10890328725 11304 63986 7C20F6CF1A09EEE4F40FE6F70B0F070213E4AE0B9599CF6348B0EAC781225457
10890713379 30713 43676 C26D1728A8A1C666E0EC3665D55978330473E4EF378C6BC9ECB5658F281E278A
10892756039 35427 8607 211FB8F33AE4FF2E940492CEEEEFEB51B223C01DD5245B3DBE4C7E6875F21A12
10888181958 13507 6867 C1894769E365972991AC4118656856AAF6EC7668FF4B06017F90F88F731E29D2
10888123659 27769 14982 658F9BAC4FBBFDD8DB878D955488D2A047B38837F121239A2DD4FD6D9F5BB512
10888935915 25123 58416 D4C5B3E3923C754D724E473986FB3E0F2E43C778DED2742D1A2E4D558A23BD4D
10893055193 22369 18886 6E56E6D3BC805F7CFC4A1DB5105EEA82C1AFE1392B3545E520AB0C187060BC3F
10892675982 23582 65464 7C20F6CF1A09EEE4F40FE6F70B0F070213E4AE0B9599CF6348B0EAC781225457
10886419346 1287 14091 B204A75CC7DFDABE30B7E2E542F658AD53942D8D4DE1140F1B9F826B865D727C
10888947405 41938 23500 7C20F6CF1A09EEE4F40FE6F70B0F070213E4AE0B9599CF6348B0EAC781225457
10888120972 8447 4422 D85B1BBDF65D2306F1C4EB994148467D447B7C25066B78E53DDEE569C76C3D74
10893995212 1839 5925 CDA40C8893A64714A9EF9536C1DD6288332EBA629AD9D917EF1F1ED7133D9F2B
10893111698 28428 48562 7C20F6CF1A09EEE4F40FE6F70B0F070213E4AE0B9599CF6348B0EAC781225457
10892021846 64437 41254 8C81676036ECE6C28972143A1F6FF6EF6DA6D385230BA0B7A7DE4C4E60EDF46B
10886380257 46955 28511 75BC7604394A2FD569FBF644A74551C2D16FA76BBBFE2E38B5557D257A79D79D
10895276563 14566 14894 7C20F6CF1A09EEE4F40FE6F70B0F070213E4AE0B9599CF6348B0EAC781225457
10894056213 7428 9656 7C20F6CF1A09EEE4F40FE6F70B0F070213E4AE0B9599CF6348B0EAC781225457
10885194083 60549 45171 29C6AE7AC4BD8CBCCF07E65CE4293D20A0D23FB28583851A7492F7167422592E
10886017815 61692 64741 7C20F6CF1A09EEE4F40FE6F70B0F070213E4AE0B9599CF6348B0EAC781225457
10885966327 27719 57995 7D806B0A6238D2B906F1FE6C7991BB25D8430E7F36678F45889AC316B4AC77F5
10893524883 52728 1312 7C20F6CF1A09EEE4F40FE6F70B0F070213E4AE0B9599CF6348B0EAC781225457
10896215091 23156 37681 7C20F6CF1A09EEE4F40FE6F70B0F070213E4AE0B9599CF6348B0EAC781225457
10890161092 55350 55357 7C20F6CF1A09EEE4F40FE6F70B0F070213E4AE0B9599CF6348B0EAC781225457
10896297023 57481 60619 F2E8DA13739D2144BC8EE3FC988A67EB42A3BF637DD10A3E4226F1F72B70FF2B
10887819032 52323 24248 471610F433D73A1A64D9BA1B6266FC2C4B0A434546C1646B168091D7C812C2EC
10896248023 63751 51845 0C05F15D09E9187BF65C3D1843FEF7B9CEDA1E59584B0517624733BFE342BC0B
10893749818 36087 25671 9940AA1C5B42C8D198876398E51EE73AA8E700D90DC4C232D582B94443E048F7
10885093655 57193 45627 2AED0A8EE14016446A8CD3DB4451AC0E709A6ADA4347E2162095C39ACF7BBD0E
10895042564 42208 45947 7C20F6CF1A09EEE4F40FE6F70B0F070213E4AE0B9599CF6348B0EAC781225457
10893024617 11081 38645 B35744950E7065C99278EC75A57D8520FDE411E0D905FFFF4EF726A7EE225E34
10886853107 45095 15138 1E59D1316E48DF86323E01EC8D4EAB5344DEEE47A0B46E163D2DD03D2F30DD99
10887911106 24969 12993 455629EC8BC3FF8DEBD8E19B8B066371A2E7ADBD2EDA178B68BDCE413DB2B3AC
10893985684 22218 32596 7C20F6CF1A09EEE4F40FE6F70B0F070213E4AE0B9599CF6348B0EAC781225457
10886917563 49515 6119 6F27022721B0A8EF79B11F11C7C97EF32040EE3BD6599771D14E2D8A90063EA6
10895752553 18705 37280 36BB648180AED1368EAAFD8B72D5F73D1FF14A0ACFB757DD39DC6435C700A3D8
10890071422 31892 64635 7C20F6CF1A09EEE4F40FE6F70B0F070213E4AE0B9599CF6348B0EAC781225457
10891729467 8021 30603 22466BE541F41073F14A5E86A1F2882719F3C7FE22201D2D536EE1FE519C00BA
10890694430 41900 26130 7C20F6CF1A09EEE4F40FE6F70B0F070213E4AE0B9599CF6348B0EAC781225457
10892511985 24870 20737 7C20F6CF1A09EEE4F40FE6F70B0F070213E4AE0B9599CF6348B0EAC781225457
10891669985 23986 27481 7C20F6CF1A09EEE4F40FE6F70B0F070213E4AE0B9599CF6348B0EAC781225457
10887975281 24376 4338 7C20F6CF1A09EEE4F40FE6F70B0F070213E4AE0B9599CF6348B0EAC781225457
10892867761 37713 12230 8BB531F0D0594CC0DE6D3E835206D6129E2A3F21F9EAA2316639560F88EF9CCF

Total of 0 tasks calculated error.
