Total of 100 tasks calculated correctly, accuracy 100.00% 
1085902487 30672 26099 7C20F6CF1A09EEE4F40FE6F70B0F070213E4AE0B9599CF6348B0EAC781225457
1086967434 28476 56591 7C20F6CF1A09EEE4F40FE6F70B0F070213E4AE0B9599CF6348B0EAC781225457
1091392733 6594 33222 7C20F6CF1A09EEE4F40FE6F70B0F070213E4AE0B9599CF6348B0EAC781225457
1081878428 19559 49089 ADE665D3F36B304F52433E4A1962D379884797EDDD0AFFDF39439BE376AA46B6
1089765052 3309 16657 1564D33BA2B7EC1788216496116EDF25AD3A94B81A583CB149E457ABC8A142A6
1092063553 8845 20619 10704798CA3420CD039400AAC0132EA6C5C8EAE93FCE4E68F0F2914D03B7092D
1089187635 59981 56784 AE407FBE30D04DAD9B0CA326B6BC07F4737A06B6566D4C5F9A1B93D5DCAE7E19
1080666113 32509 50493 C74873DB7132B93B0706F6342C5A4517B36B323EDB37FA7C1EF20403DFF22E67
1083254957 11929 6636 D487F3CA3A7FA080EF4E205E3F3BC5D7408D18ACB9E898A2CA9CFDB5DE6A1293
1089796722 30604 63942 7C20F6CF1A09EEE4F40FE6F70B0F070213E4AE0B9599CF6348B0EAC781225457
1084250770 57059 49113 C721F96EE5F30DC70EE9CAF8B17EE696E10E0CF6770214ECED83D35A4F2CAC49
1081023920 28878 25496 7C20F6CF1A09EEE4F40FE6F70B0F070213E4AE0B9599CF6348B0EAC781225457
1083285412 13181 62318 2E0BA35D602D0FC21EA296CF0E67B47B5843DED08564EB63621394BF12CBEFC7
1081695083 13672 34533 7C20F6CF1A09EEE4F40FE6F70B0F070213E4AE0B9599CF6348B0EAC781225457
1092066743 45392 1968 7C20F6CF1A09EEE4F40FE6F70B0F070213E4AE0B9599CF6348B0EAC781225457
1085051760 18717 53947 4A9E3AA1192EE38955E12D0F9CF522E192213E32DF92BA09A3E33C99873AC9C0
1084274374 38887 32731 1E53D396AD7E2B9E649078ABC25D0F488A6A6FF16073AA2CC243175E90F47EAE
1085271574 59987 31269 D99044B19FB3A7BF1C7D8342B6AFAFD6F5422428B79D97CD076B3D20529E7851
1087019047 59895 64455 1B35F11E6FCE2DC300AEFA2605177F21EFC7E8A440653FB22E64D6ACE6C7EEDE
1091384786 29918 60747 7C20F6CF1A09EEE4F40FE6F70B0F070213E4AE0B9599CF6348B0EAC781225457
1086695351 24871 39312 5119D6CCE648915C9EAAE2A9071A58307E30BDFA72A765691D05997C2A629C43
1091700823 20263 7925 DD38FDA82FBDA504193E8B7641EBEB5BCB4470395924C6F401C2CBFD30366DB5
1088087587 30105 28775 9CF5B3EBDC65A7C7B67599B42CE7C34763C24AF4F961E011CB45AAEF8FDCDB7B
1081702098 48057 32522 9C03EB8A0EF1BDA733455C3CEEE590C33747A09105951A8EDD56BD898CB93261
1085284767 10427 12215 2BF794DCAE3D2E305C6B77682606FE9D5B6DCE99408A0423F50B43A348541F55
1089489230 4270 46649 7C20F6CF1A09EEE4F40FE6F70B0F070213E4AE0B9599CF6348B0EAC781225457
1084892403 5144 23644 7C20F6CF1A09EEE4F40FE6F70B0F070213E4AE0B9599CF6348B0EAC781225457
1085754185 41340 12647 7C20F6CF1A09EEE4F40FE6F70B0F070213E4AE0B9599CF6348B0EAC781225457
1083216777 22874 64156 7C20F6CF1A09EEE4F40FE6F70B0F070213E4AE0B9599CF6348B0EAC781225457
1086292449 56031 11704 89E46CA68D0FD0FCD40E03B83BAA3765DE56D817521A0E558CA7E0EB9CBC5034
1089200264 12399 64687 13AB9C71AAD8C6BE3533130E12DE7AB229A5242DE1159471783A49F948BE3B7D
1090512946 35497 6272 A6219811E2DAD55A9994146491FA7AE30A2FBC2555AF166BB3B8723DCDB2E66E
1087321192 25387 27581 6E05022E057D52CBC713096B865F13F70A6D961BC82783C6CF527C24E68159B7
1089566771 46024 33544 7C20F6CF1A09EEE4F40FE6F70B0F070213E4AE0B9599CF6348B0EAC781225457
1083313272 40059 46089 3D71DBEB404372AEFDEA276A32AF21C9BF244677A018B7429C9AC306F29F6214
1086144343 64615 7361 D9CD8EF03404054A88AE12436C8B7312D0A6A870460B0D5C9DAB1DE6F4F0B4FF
1084580551 38567 32038 245E26965232403BFF32BE1CD9108525DE33CAF9582109C62906A45BB2E90087
1085026821 27429 52880 9FA7023BB0E3EC3C60B64F5DCA930D3F4D8A91182AFCEB9A679AC1EC867E508F
1083440938 36516 64132 7C20F6CF1A09EEE4F40FE6F70B0F070213E4AE0B9599CF6348B0EAC781225457
1086008122 3392 13906 7C20F6CF1A09EEE4F40FE6F70B0F070213E4AE0B9599CF6348B0EAC781225457
1083577385 58658 27898 7C20F6CF1A09EEE4F40FE6F70B0F070213E4AE0B9599CF6348B0EAC781225457
1087236773 23825 42201 326F5086FDA8B027702428A4E0B8E6F39AC3CDC9E5F21E81166718312AAFC82C
1081079179 58719 51017 D057A8F6DAA6DC2D9F76C011644163E926B87405B618BA8C497FC83E4B20C8F2
1085165162 60589 61783 BB5C93E43E7C7254338083A8D9979AA4DD794229B564879EB69828D913AD5089
1082062557 46303 54524 E040003EE2A078897B998E141E62D31CC8BB89B1E80F54442C2D849596AB68C6
1090882632 17724 49084 7C20F6CF1A09EEE4F40FE6F70B0F070213E4AE0B9599CF6348B0EAC781225457
1092167673 41796 17140 7C20F6CF1A09EEE4F40FE6F70B0F070213E4AE0B9599CF6348B0EAC781225457
1088937254 51464 36278 7C20F6CF1A09EEE4F40FE6F70B0F070213E4AE0B9599CF6348B0EAC781225457
1091667873 51570 13202 7C20F6CF1A09EEE4F40FE6F70B0F070213E4AE0B9599CF6348B0EAC781225457
1089190799 40546 56138 7C20F6CF1A09EEE4F40FE6F70B0F070213E4AE0B9599CF6348B0EAC781225457
1090771236 53306 20200 7C20F6CF1A09EEE4F40FE6F70B0F070213E4AE0B9599CF6348B0EAC781225457
1089114791 21651 10006 BDA6ED98368C88B5F02F23F7BCFC9FBA6A39E50D7D9564EE730EB939EA5D4946
1081880011 10971 37609 4080D6C8500DC656234B30E29E12C14A76242E4136F6063E6378E801584E021F
1083183815 39317 50164 C20DC62A6F88B07963640F35D96D4B5A28D8AC3A2C48315F7453F6A57F9A331F
1080783209 15195 18068 D05DD84637824446C0B92143EC78C3A41386A3235E946482F6E4B19C63F01E44
1084586245 46917 7754 F2324E43B5B470473D277924F9B9BB5C83DEF3B452BACA74A645D4C99216A053
1084156522 39654 46641 7C20F6CF1A09EEE4F40FE6F70B0F070213E4AE0B9599CF6348B0EAC781225457
1088178934 60351 31225 88B67D21E121DF15C320ACC39D55C24D1F31E0BFD18F022C7BB93CF9C0DD82CE
1084452517 37743 40376 B7F690F7BA1DBA7C41969C37EE5F68DBBD12D2861037CD1B60E156EE4593F96A
1089447373 28754 48144 7C20F6CF1A09EEE4F40FE6F70B0F070213E4AE0B9599CF6348B0EAC781225457
1084611271 60573 3277 714ACAA6F766A2BE8B53D3FBBAC945B19F49D27687A6A3823FD1276617BE0A79
1087502624 52402 20637 7C20F6CF1A09EEE4F40FE6F70B0F070213E4AE0B9599CF6348B0EAC781225457
1092096207 54763 20142 CDD9D547FFE0064E4F9692E279C34D2EC281A86BF9B9E9B5E76FD60234B19043
1090591811 52198 36467 7C20F6CF1A09EEE4F40FE6F70B0F070213E4AE0B9599CF6348B0EAC781225457
1086733264 27060 64105 7C20F6CF1A09EEE4F40FE6F70B0F070213E4AE0B9599CF6348B0EAC781225457
1084096522 13182 32089 7C20F6CF1A09EEE4F40FE6F70B0F070213E4AE0B9599CF6348B0EAC781225457
1089597129 50872 40531 7C20F6CF1A09EEE4F40FE6F70B0F070213E4AE0B9599CF6348B0EAC781225457
1090795455 37232 34844 7C20F6CF1A09EEE4F40FE6F70B0F070213E4AE0B9599CF6348B0EAC781225457
1086736597 7628 47866 7C20F6CF1A09EEE4F40FE6F70B0F070213E4AE0B9599CF6348B0EAC781225457
1088027955 64396 35134 7C20F6CF1A09EEE4F40FE6F70B0F070213E4AE0B9599CF6348B0EAC781225457
1089981860 5609 61519 297AD70DBBF58D4D534F2F1E7630F3EFC7CC0E0AB89FB4B2BA96C63D755147EE
1088468882 51823 20160 1AC85479FAED3B1D145025AE2134D74AAD019C3E724AA576CE3B5F2424856073
1083149052 54645 23593 292DE6E9DA199202A457441F135E59CD43A2966BADE7DD3656FB88BFC5C594F6
1084394099 12428 19641 7C20F6CF1A09EEE4F40FE6F70B0F070213E4AE0B9599CF6348B0EAC781225457
1085917869 2719 18732 E9DC378D8722B4E2A10E6E730F6AEF5C9B0A3097712DE41E38369C8F83189A37
1089918861 30387 8675 A78CC92EA6BF0B8617A1BEF0D0F6E9FE15FF08759F69A8FAD01D176C503A9C53
1091473992 37614 2885 7C20F6CF1A09EEE4F40FE6F70B0F070213E4AE0B9599CF6348B0EAC781225457
1091374471 28010 29017 7C20F6CF1A09EEE4F40FE6F70B0F070213E4AE0B9599CF6348B0EAC781225457
1089174951 48678 52310 7C20F6CF1A09EEE4F40FE6F70B0F070213E4AE0B9599CF6348B0EAC781225457
1088411294 25186 54530 7C20F6CF1A09EEE4F40FE6F70B0F070213E4AE0B9599CF6348B0EAC781225457
1088363361 9270 22473 7C20F6CF1A09EEE4F40FE6F70B0F070213E4AE0B9599CF6348B0EAC781225457
1081026436 2245 54336 D023293B0409DEC388B493CE909ABF40D14A4DA00BC307FB195B7C14B436B66B
1090420603 57083 33687 459A17FFF17B42DDFF5DF3EE1697D72B3BFDCD72BCF26A6C3A116B163325EED7
1084462667 44099 27610 6218ADA48C2CB50F9A39F779BC58E00E5062F3AE0E28E115641EF960B79A32B5
1087839221 40118 22692 7C20F6CF1A09EEE4F40FE6F70B0F070213E4AE0B9599CF6348B0EAC781225457
1090411141 12438 14205 7C20F6CF1A09EEE4F40FE6F70B0F070213E4AE0B9599CF6348B0EAC781225457
1082268100 22557 56660 C483D650BCE715CA4597F589FE13F01A192F1F59BE21121BC6C41A834251A4DC
1085039461 19355 26525 75562E57A8E22E90F75C6F1F05164C75DFC32BC083FE57CD51551B724914D859
1086031585 35496 52085 7C20F6CF1A09EEE4F40FE6F70B0F070213E4AE0B9599CF6348B0EAC781225457
1091234996 34343 3107 5D5C53FFBCDEA81C8AC3D8119F37E126A4936539BF8B1F51CED8271E0AFD766D
1088754235 20125 34100 458E843DED38531B36A9A3BF86DE9DF680B613A34098DE952887BC67E36F5307
1083783843 50611 27247 E350F65AED949BC6C07A57E8EA7BDEC8C8D8A2B4951AEF0CD83E2D72557D5FAF
1086112310 23360 33318 7C20F6CF1A09EEE4F40FE6F70B0F070213E4AE0B9599CF6348B0EAC781225457
1083223146 28815 10122 61AB9D598F8C8D773AEACC17027F0A60ADB5E9FE79AB227E4B2A8AD4F76C15AA
1086589655 8952 20807 7C20F6CF1A09EEE4F40FE6F70B0F070213E4AE0B9599CF6348B0EAC781225457
1087865504 192 17305 7C20F6CF1A09EEE4F40FE6F70B0F070213E4AE0B9599CF6348B0EAC781225457
1085476939 41143 56119 FD4DEC209D86F1477A9FD5697C8462550067E1A150CA27106F81CE57F7589975
1083804287 52235 63451 6FB731BB743C1FDC0FBC78C5B465925DCDD4031AF27EA621EBA5FE6B0A742647
1085729899 59060 61393 7C20F6CF1A09EEE4F40FE6F70B0F070213E4AE0B9599CF6348B0EAC781225457
1084329384 11971 25500 FC3DC7078861CA8D5597A00EE65404E03BB88B8286658FFC0C4104EB35E79136

Total of 0 tasks calculated error.
