Total of 100 tasks calculated correctly, accuracy 100.00% 
10932116719 26553 13881 DDC3C1BD735118D376874BA5CCD9731C2E7AE95AB83B50473E0D0FB9BEB90E38
10923702239 33016 25289 7C20F6CF1A09EEE4F40FE6F70B0F070213E4AE0B9599CF6348B0EAC781225457
10924915273 22970 61802 7C20F6CF1A09EEE4F40FE6F70B0F070213E4AE0B9599CF6348B0EAC781225457
10928348344 29306 44827 7C20F6CF1A09EEE4F40FE6F70B0F070213E4AE0B9599CF6348B0EAC781225457
10924017999 55476 42591 7C20F6CF1A09EEE4F40FE6F70B0F070213E4AE0B9599CF6348B0EAC781225457
10924279352 27543 43414 A7B0FF701D53786D4DA6A018E2C5810B3865AD5547BB115D070A891B867FDF36
10932257942 48646 200 7C20F6CF1A09EEE4F40FE6F70B0F070213E4AE0B9599CF6348B0EAC781225457
10923926364 29989 48301 F4087D833B7E32916CF33147A9DA7BE22B00E26119E418124E50670F820B1DCD
10929711431 57183 39451 D654E52FA4AD64BFFFF606F056F91ECE4F6D6B5AFEDD2540EC00E91C21BCA68C
10923249041 25377 45876 098B839C0D9B391F4B1146E49B3CB4DC9F50A6542F3DBA473CAC22AA5CD1F7FE
10928996503 30215 12785 1A46D5A6C127C80ECDDAC44774BF76879586A30A85F90BC39C34E1D9928CF764
10925726305 9928 32338 7C20F6CF1A09EEE4F40FE6F70B0F070213E4AE0B9599CF6348B0EAC781225457
10924312202 37144 50735 7C20F6CF1A09EEE4F40FE6F70B0F070213E4AE0B9599CF6348B0EAC781225457
10921335498 65345 52881 D5252596767D171E8A24C5A7BE39226E7F61B8C0F55C4186D1119530BBD69F49
10923149623 54177 45476 721CC59C08B2C9EFABE95A40EB80C56150B2442869F4A393CF2DF63FEA5EB0FE
10929376966 9180 22632 7C20F6CF1A09EEE4F40FE6F70B0F070213E4AE0B9599CF6348B0EAC781225457
10920774388 63512 45997 7C20F6CF1A09EEE4F40FE6F70B0F070213E4AE0B9599CF6348B0EAC781225457
10921111134 1110 21465 7C20F6CF1A09EEE4F40FE6F70B0F070213E4AE0B9599CF6348B0EAC781225457
10927634537 7217 49889 BF5D80C383761BE5A53A24F54659EBD1702A43587CDB88C0C212527B8F44975B
10926593028 63716 3434 7C20F6CF1A09EEE4F40FE6F70B0F070213E4AE0B9599CF6348B0EAC781225457
10924325197 56707 16725 4BFE7880D6DAB8E88430D324BDA25DB76E64C1413063D7ABE3B4CCF0304B8121
10923912222 23893 23627 54CDA4F69D5ACB89B18AD1FC0674E11632B387D1A23EB70336ABB6B4ED35E2F0
10927112724 26212 52043 7C20F6CF1A09EEE4F40FE6F70B0F070213E4AE0B9599CF6348B0EAC781225457
10924043944 43120 22140 7C20F6CF1A09EEE4F40FE6F70B0F070213E4AE0B9599CF6348B0EAC781225457
10920936572 59390 40225 7C20F6CF1A09EEE4F40FE6F70B0F070213E4AE0B9599CF6348B0EAC781225457
10926420099 44435 58842 9E8F61B0BDAE8F03A66EEA796DA108FC35893FFCA7466CC88724E5E752EE3664
10925974049 55693 38441 307DB4F1C49D70FB410947C93CE09DD3ABE896C25E8A0E5D8CEE071875FBCE25
10929186871 26698 45731 7C20F6CF1A09EEE4F40FE6F70B0F070213E4AE0B9599CF6348B0EAC781225457
10925937689 11646 7711 7C20F6CF1A09EEE4F40FE6F70B0F070213E4AE0B9599CF6348B0EAC781225457
10930849873 34001 19467 147A6C8BC36C40C5081015519511EF922BAAFE67E3190F94E0F019CFCA2FCC01
10923149308 40888 53852 7C20F6CF1A09EEE4F40FE6F70B0F070213E4AE0B9599CF6348B0EAC781225457
10926576571 33127 22438 4BB8B20853A6D8FC5F3DD0EA2FC69467CC9D069CD43A64DB2D0AFC02E677A88B
10929119535 29823 7023 F5EDCE0DA6909377C7ECEAB2E0F9C15EAAC1D1A0850A049980B772DCD79A2BCA
10928466921 1317 18213 6C4FEBEF883C020CDFF04B3FB212CBC61896A63DC9890BB3859CCFAA32FA6B6E
10925326711 54008 35595 7C20F6CF1A09EEE4F40FE6F70B0F070213E4AE0B9599CF6348B0EAC781225457
10927170496 61487 7408 955C705F47239D22D48C991DB6CE798F546DA51284C5D1EEABD4F5889CEB0A3A
10929805915 64774 23585 7C20F6CF1A09EEE4F40FE6F70B0F070213E4AE0B9599CF6348B0EAC781225457
10932107126 31625 47978 435CC0DBB4030D40BA0F05255D4E95D4BB8AC1969565E30140B063D55B0FC12B
10926492795 26331 36956 F57916A80B99EE1C7C2B5A2A5C7735933AD723F9CAEF779F509873C21AD2370C
10922956187 20407 2039 7A80D67ADD042B3A816CE1A892BC9C587508403ED8D21A536A01C357E51DEB2D
10920610748 14706 11914 7C20F6CF1A09EEE4F40FE6F70B0F070213E4AE0B9599CF6348B0EAC781225457
10929161816 37666 52199 7C20F6CF1A09EEE4F40FE6F70B0F070213E4AE0B9599CF6348B0EAC781225457
10925239136 64200 63842 7C20F6CF1A09EEE4F40FE6F70B0F070213E4AE0B9599CF6348B0EAC781225457
10920701951 10799 6212 252479EDF2F4B2D775A35CB49FB424FDE71322FC46B7DF605928D632B9752710
10930366563 35712 24223 7C20F6CF1A09EEE4F40FE6F70B0F070213E4AE0B9599CF6348B0EAC781225457
10926529416 44770 26944 7C20F6CF1A09EEE4F40FE6F70B0F070213E4AE0B9599CF6348B0EAC781225457
10922890444 57843 56935 372E52B81DBE574B3EA2FB452B726D198277B760D5C4D680A3D9419C04AE0D60
10925885214 45691 14393 2CF7F7F307DCF082AC25F3014CB422AD780A4D1D3B0504374C3380C561476B99
10921967051 26616 2719 7C20F6CF1A09EEE4F40FE6F70B0F070213E4AE0B9599CF6348B0EAC781225457
10921929506 3756 24360 7C20F6CF1A09EEE4F40FE6F70B0F070213E4AE0B9599CF6348B0EAC781225457
10924648545 59221 45529 4C08B2BE8756FD5B570059DCB63C0C4EC90B394A7567F8092A1E7F2660B1CED3
10929162054 10953 19585 3839094D1FC54BB067DED42720772564C745EF060C201415065A67371108F8E6
10925016838 17149 20775 57136B529ABFAF66D88471E9FB9384E79CFE6A573C83B7A886C4445978680358
10930690177 15843 24733 D0AEA6C091488E8602D4071152D6E4BC3204FA97080D934160DED7D716B4528E
10921370930 44213 20972 2EAB326A2EF2874381534E2DF3E9A687DD55C51808C3E2F2BF3AC4299862A584
10926478245 24535 46071 DE74D9E04D08134B9CE28DC6DB35F08B4A7C8D0CD29077A475E6F6E54E24C7D5
10927474278 11588 61016 7C20F6CF1A09EEE4F40FE6F70B0F070213E4AE0B9599CF6348B0EAC781225457
10922722874 21439 40996 D96E29648E6E5D44F0DF96521B7789AAFE1C639F8E087653CC539A759FE7736F
10925757029 18723 65299 6969C9F3DF0553EDC89398AA3D268D93A93CCB6A02B5D5FC229758193084C612
10924109992 25040 34071 7C20F6CF1A09EEE4F40FE6F70B0F070213E4AE0B9599CF6348B0EAC781225457
10926586883 39477 40504 95FE3E543063FFAE30EF3FFB01AAA29612981A324BEAAAFD40515985936C00B4
10929468549 56873 1284 5A2E40005A356827CF6E4B8BE9AA9DA86B9F6BDF99D919863EFD05850607DFD0
10928903051 29449 5557 1139286DF96A233CAA38D7DECC235D5DDB9BBDB8098B873D45B59376B4BE3C8A
10921772943 38393 24393 68F52312C8081CFA51D5A3E6CE8501F43ED3A0686726A7E688592FD930D2E1B8
10926344032 19952 62228 7C20F6CF1A09EEE4F40FE6F70B0F070213E4AE0B9599CF6348B0EAC781225457
10927269396 35623 46163 381DAEF253315B209555CB842DA3F6804959E7FAA838780CA4967CB4096A8391
10926105376 63985 1084 2D3A76285C3844B9193A05FF69C59A88E3CB85EE9456E378C5E1ED7439AC671A
10931063754 37818 21589 7C20F6CF1A09EEE4F40FE6F70B0F070213E4AE0B9599CF6348B0EAC781225457
10926783840 48136 61151 7C20F6CF1A09EEE4F40FE6F70B0F070213E4AE0B9599CF6348B0EAC781225457
10929486842 41539 7743 CB6FF6F4650C038971547C6F2E92097E0CC318E3C709686BC999FA575E3A9E6B
10921144903 56211 38465 E5E57019014195CED966F89D7459D2612FEDEB7EC6506AEAA3BE60EFD288B35E
10928202726 14471 63896 709F11D88A18D9E79191A7B7043CEDB0344F4FD84D840EB77E15F297B3C2DCA7
10921955911 62311 29199 98F31F93594BCCB6E74237FE073929E531B1BEA6F29BE76069CD5BB8D3261AFB
10920806000 836 39059 7C20F6CF1A09EEE4F40FE6F70B0F070213E4AE0B9599CF6348B0EAC781225457
10921863865 9548 5208 7C20F6CF1A09EEE4F40FE6F70B0F070213E4AE0B9599CF6348B0EAC781225457
10920495648 914 40177 7C20F6CF1A09EEE4F40FE6F70B0F070213E4AE0B9599CF6348B0EAC781225457
10928245443 16997 49114 AC52992D30D2C5E91AF0713CFA33377A726B134970A0E620F18F6EB564461D50
10921184279 28992 53540 7C20F6CF1A09EEE4F40FE6F70B0F070213E4AE0B9599CF6348B0EAC781225457
10928843234 39486 62047 7C20F6CF1A09EEE4F40FE6F70B0F070213E4AE0B9599CF6348B0EAC781225457
10928057409 28418 13745 7C20F6CF1A09EEE4F40FE6F70B0F070213E4AE0B9599CF6348B0EAC781225457
10922141284 62950 39794 7C20F6CF1A09EEE4F40FE6F70B0F070213E4AE0B9599CF6348B0EAC781225457
10920483020 17397 2794 61DD13B75F9E6BDE70FF6094A29FC3E9987FB029F09B44582FD7528A049213AA
10923629045 18278 19123 7C20F6CF1A09EEE4F40FE6F70B0F070213E4AE0B9599CF6348B0EAC781225457
10923446653 38599 57514 88CE990452A6E3AF3DEDCAA5AC6F1F34479E9743114B804A7056B78ACA0B73FE
10921199877 17680 33975 7C20F6CF1A09EEE4F40FE6F70B0F070213E4AE0B9599CF6348B0EAC781225457
10932165644 50465 60314 172D4479E57565D3A2270E5A10C5F2D5498402B1160F37C94D3DCFD1F66A08AF
10930730837 25870 62303 7C20F6CF1A09EEE4F40FE6F70B0F070213E4AE0B9599CF6348B0EAC781225457
10921807142 23443 33176 0FA6ECAC46D4EEFC598920DC66958C74E0AD9B8AC51F00CE08CBA7F83D9E8261
10926579383 51359 29113 2E876770306E8198D458485EA478A22BD8A190C5108524375238E43368ED3ED3
10922642409 26086 2813 7C20F6CF1A09EEE4F40FE6F70B0F070213E4AE0B9599CF6348B0EAC781225457
10929869057 55111 3725 F7F666174B6DAE4DA7FCFAF98FC20564328F94BD841C062B2A4D78E7C56FF36C
10925171134 62858 1443 7C20F6CF1A09EEE4F40FE6F70B0F070213E4AE0B9599CF6348B0EAC781225457
10929963302 34085 1032 2A9A1A054364D8FDCAB2B75C078B4800F5746F459D8C8CA2D1FC00ED9B4C42A9
10930921842 29902 58055 7C20F6CF1A09EEE4F40FE6F70B0F070213E4AE0B9599CF6348B0EAC781225457
10928291126 35390 43623 7C20F6CF1A09EEE4F40FE6F70B0F070213E4AE0B9599CF6348B0EAC781225457
10924009492 34001 1777 ACAFEF16625F21EF3805F7BF9CB0A7465F9E66A0493F9694C2A2A41B81C2C387
10926117223 2705 35896 D32D398731AF5F316C6E88E7A8ABF637B459FE2712AD78547EF9E5AC4122B49A
10926521109 24366 22501 7C20F6CF1A09EEE4F40FE6F70B0F070213E4AE0B9599CF6348B0EAC781225457
10931251137 62497 58075 F3F5148457E5F03B33B5B2EA39CD2C1D53F5CEE44AE74A01509A39030F7C35B4
10922567667 50633 44348 F79CE3AA1F7BEEA49BF7F632AD15444416167EC4C343C5A7AF457E7FF6618D4A

Total of 0 tasks calculated error.
