Total of 100 tasks calculated correctly, accuracy 100.00% 
10940426475 46424 18286 7C20F6CF1A09EEE4F40FE6F70B0F070213E4AE0B9599CF6348B0EAC781225457
10940732583 54114 8604 7C20F6CF1A09EEE4F40FE6F70B0F070213E4AE0B9599CF6348B0EAC781225457
10938602111 10168 31467 7C20F6CF1A09EEE4F40FE6F70B0F070213E4AE0B9599CF6348B0EAC781225457
10937486240 43972 1302 7C20F6CF1A09EEE4F40FE6F70B0F070213E4AE0B9599CF6348B0EAC781225457
10941889754 29167 8098 9F4515DFBDBA15965512D1222DB0F3F1FDFAD32F2E16DF58A78F9DC5BEC296E4
10942832776 65050 42970 7C20F6CF1A09EEE4F40FE6F70B0F070213E4AE0B9599CF6348B0EAC781225457
10935480855 29248 49128 7C20F6CF1A09EEE4F40FE6F70B0F070213E4AE0B9599CF6348B0EAC781225457
10936976112 24186 53337 7C20F6CF1A09EEE4F40FE6F70B0F070213E4AE0B9599CF6348B0EAC781225457
10935046243 2874 46757 7C20F6CF1A09EEE4F40FE6F70B0F070213E4AE0B9599CF6348B0EAC781225457
10935869731 49376 25668 7C20F6CF1A09EEE4F40FE6F70B0F070213E4AE0B9599CF6348B0EAC781225457
10940332005 50375 14402 8D24FBAE09C55E1E64CC42235869CFB2D7F9996B5E7CBEB7B3232194C1E8F7CF
10944035077 1076 10076 7C20F6CF1A09EEE4F40FE6F70B0F070213E4AE0B9599CF6348B0EAC781225457
10940001031 12607 160 04BE45DE44CF720050232996B20D9E3CD00D3180E6223A1E4CD1200FDFE4028F
10942025584 20624 65415 7C20F6CF1A09EEE4F40FE6F70B0F070213E4AE0B9599CF6348B0EAC781225457
10933674134 13802 17275 7C20F6CF1A09EEE4F40FE6F70B0F070213E4AE0B9599CF6348B0EAC781225457
10934790877 463 64423 A1064AD336DC1DC10A427ED710EA14CEE7183F77B41B9FBB27F0C5C92F28F21E
10935081698 14769 15058 DFC876C848DC0240D8AB978AE947B3B8C54E3A9569997129917376C679A36855
10939265061 59750 23503 7C20F6CF1A09EEE4F40FE6F70B0F070213E4AE0B9599CF6348B0EAC781225457
10938690894 22831 54260 43FD48C29AC127A9DB2396E2A694193C3131B39A0FF192D44B308EC91D262545
10941400791 21183 45810 3F120C60F1EA3AAE798C1AB53AA53F0673960985CF0F1E82EC308A5516B00AC1
10942738380 1348 18562 7C20F6CF1A09EEE4F40FE6F70B0F070213E4AE0B9599CF6348B0EAC781225457
10934775001 37875 46595 CF03B7A293122B1D4B1F57AF1AE7BEE1C33748FEDDDBBFE18B8CC1010BC96776
10941412545 32418 16156 7C20F6CF1A09EEE4F40FE6F70B0F070213E4AE0B9599CF6348B0EAC781225457
10933599908 52392 13675 7C20F6CF1A09EEE4F40FE6F70B0F070213E4AE0B9599CF6348B0EAC781225457
10933632351 55782 62578 7C20F6CF1A09EEE4F40FE6F70B0F070213E4AE0B9599CF6348B0EAC781225457
10939687269 58352 56431 7C20F6CF1A09EEE4F40FE6F70B0F070213E4AE0B9599CF6348B0EAC781225457
10940005938 18423 45429 755BFE2D650852FA4A6A09FDD7E44C9323CD39F66731279BA541D388070BDC7E
10942075780 56710 14219 7C20F6CF1A09EEE4F40FE6F70B0F070213E4AE0B9599CF6348B0EAC781225457
10943741083 24484 57730 7C20F6CF1A09EEE4F40FE6F70B0F070213E4AE0B9599CF6348B0EAC781225457
10936063836 30637 8947 F665BA9042A3A11D6BFC3C353DF2651EEBCD1C45773A88C0F9C7CA72EBD8BD25
10942510084 14586 36635 7C20F6CF1A09EEE4F40FE6F70B0F070213E4AE0B9599CF6348B0EAC781225457
10935431743 2595 22908 9A8B01D960D2E79570549A88721B6BD6BE75241B2A2DB0C8457598166EDB1D39
10934392628 61407 2798 10C113690AB94B0F705B5B87C16EB2509173D6978A80B266CD31D66E826A44A3
10940084680 52749 40301 DD416A0415B97738B697A65A3D54057B660EF73D3DC535F249FD494DCB56C74C
10939277735 1145 46892 88549C3B92219AB3356E40E449E9985E7C9ABF07B77A1579C407DCBAEAC08107
10940200913 50980 63264 7C20F6CF1A09EEE4F40FE6F70B0F070213E4AE0B9599CF6348B0EAC781225457
10941415059 40594 60559 7C20F6CF1A09EEE4F40FE6F70B0F070213E4AE0B9599CF6348B0EAC781225457
10938926437 22192 29010 7C20F6CF1A09EEE4F40FE6F70B0F070213E4AE0B9599CF6348B0EAC781225457
10933263592 31516 43992 7C20F6CF1A09EEE4F40FE6F70B0F070213E4AE0B9599CF6348B0EAC781225457
10938498572 35670 50189 7C20F6CF1A09EEE4F40FE6F70B0F070213E4AE0B9599CF6348B0EAC781225457
10940357662 16051 29241 3FCCB005DCFFFDCF71C818970405830B369B7E96C14F5DBF132ABAA9FFD27798
10936810603 12208 60664 7C20F6CF1A09EEE4F40FE6F70B0F070213E4AE0B9599CF6348B0EAC781225457
10939501410 18651 35810 D06714199215B784FB897F5E6C6826FE6740408029EE79FE74A79B2079E562A3
10935496923 51885 59627 8B61139EF2AC283309A259CCDF4B7D50163BAC9A1F99AD2EFBE536518E2AEAE0
10933642348 44467 34087 C29E52D5AA25C37AA680D3EA78C02A3DFF13EF3077C4B67554CE382EDB2124E9
10943551515 2020 50506 7C20F6CF1A09EEE4F40FE6F70B0F070213E4AE0B9599CF6348B0EAC781225457
10935731362 20668 37026 7C20F6CF1A09EEE4F40FE6F70B0F070213E4AE0B9599CF6348B0EAC781225457
10934576728 62017 46984 5C0B1FA4A819F7455FF9B00A1290BB2CD52840710EB0A4D776B4EA261E9B66ED
10942846101 15954 4988 7C20F6CF1A09EEE4F40FE6F70B0F070213E4AE0B9599CF6348B0EAC781225457
10938745953 17538 6960 7C20F6CF1A09EEE4F40FE6F70B0F070213E4AE0B9599CF6348B0EAC781225457
10943239741 2582 34068 7C20F6CF1A09EEE4F40FE6F70B0F070213E4AE0B9599CF6348B0EAC781225457
10941767496 6063 47364 6B556130A521C9630E3208419CF8A370F8FEDAF9E1A95A9FEFC9045E5ABEC9A7
10938794098 24513 1325 7D07DA49F449FCC81236A7E4BE80EAB24FCC620505D67EEF9559DF8BE09AA4A6
10932751949 58543 24296 E9D43D3A8B9185417201D5C9CE6349CE800B339021C92B51DF34123BC56B3F8C
10943872843 10727 7176 A73CE152A91B079362697A09122BAA058FE62ACC7C6E7196BD356FDC59B1C47C
10944055345 26992 36215 7C20F6CF1A09EEE4F40FE6F70B0F070213E4AE0B9599CF6348B0EAC781225457
10934014678 44562 10487 7C20F6CF1A09EEE4F40FE6F70B0F070213E4AE0B9599CF6348B0EAC781225457
10938443032 40422 348 7C20F6CF1A09EEE4F40FE6F70B0F070213E4AE0B9599CF6348B0EAC781225457
10938592434 11311 59752 25CE9607790B3B10BE13E8B0276325AD84E92BA7911FBC4AD7F1EDC48F3DA244
10933939192 14005 54957 B8315232CA8A1DA24890C9D38579594B4FC730C6B0CA482786F9E1F013FAD0AB
10936816562 46748 3597 7C20F6CF1A09EEE4F40FE6F70B0F070213E4AE0B9599CF6348B0EAC781225457
10942659341 51413 61796 49D00A780E91729F3403F99412ACC0A8040F5EC5AC851BB07954C2E4A5CDA0F2
10942260913 28154 22557 7C20F6CF1A09EEE4F40FE6F70B0F070213E4AE0B9599CF6348B0EAC781225457
10941715925 32638 24055 7C20F6CF1A09EEE4F40FE6F70B0F070213E4AE0B9599CF6348B0EAC781225457
10943441268 13402 8523 7C20F6CF1A09EEE4F40FE6F70B0F070213E4AE0B9599CF6348B0EAC781225457
10933208407 11442 28768 7C20F6CF1A09EEE4F40FE6F70B0F070213E4AE0B9599CF6348B0EAC781225457
10935272545 21309 21701 B58A5C4B3342C5A0E82FDA18C50C36B0E78A6221E9FE49E36B61A04100C75078
10933955443 53497 37535 68B4DBBC0AA87B2F32DA27AC8B28F6886BCA1C6FE0ADC9579513D5C03D17BB47
10934139206 46767 65053 DD254EDAF5E74B9BD392E8CC044B1205FB44DA98317087F2AAB66AB34188E443
10937877079 23752 34511 7C20F6CF1A09EEE4F40FE6F70B0F070213E4AE0B9599CF6348B0EAC781225457
10938104819 9096 51704 7C20F6CF1A09EEE4F40FE6F70B0F070213E4AE0B9599CF6348B0EAC781225457
10944217453 28031 34679 904CBE341BD6747F6B3DB33219E73F5A713A8D7465D95AE453F8E6000C332AA9
10934007079 4959 64601 88F49862037D417CC18A828EC918C5F63F4684253E4CF7A68F054D8073A0B7CB
10934232649 37738 42261 7C20F6CF1A09EEE4F40FE6F70B0F070213E4AE0B9599CF6348B0EAC781225457
10936444786 57756 18981 7C20F6CF1A09EEE4F40FE6F70B0F070213E4AE0B9599CF6348B0EAC781225457
10941527577 62913 44394 367B5971E34030339BF6A27575784947F1B1264C02BB16FE773E3D8394768A6B
10933472068 51529 57142 6D750B55702F8813FAF41FAE2752EB951F60FBBB12040DF4C5145359D197810D
10940283424 16475 6048 9CDC007C8EF9913E80E0E727BBD562E5ACD903AFB1623E7F33FE6F1A5D4E353A
10938784350 20051 3524 38C15526489F3772F2EAB731BD26395D2A3319B4C1657C14F7E69810F83B9318
10941195359 5970 29979 7C20F6CF1A09EEE4F40FE6F70B0F070213E4AE0B9599CF6348B0EAC781225457
10936060513 57149 49516 0FED2B126255D2F6829A967A06E667C68B5E2A7E2FFBDFF7B02347C62C512939
10935750867 64100 10145 7C20F6CF1A09EEE4F40FE6F70B0F070213E4AE0B9599CF6348B0EAC781225457
10941125036 60783 19797 5AD9B655B5CCCB88A3C646FE18946ED805A727CFA7AC4A9E0884681D347AE991
10938078162 51948 37145 7C20F6CF1A09EEE4F40FE6F70B0F070213E4AE0B9599CF6348B0EAC781225457
10935729051 51287 16239 7ECBD9C4983872651E788C035C56179CCC3D432603DC41034A7D6985705EE254
10937435530 64112 21906 7C20F6CF1A09EEE4F40FE6F70B0F070213E4AE0B9599CF6348B0EAC781225457
10941112224 35600 17935 7C20F6CF1A09EEE4F40FE6F70B0F070213E4AE0B9599CF6348B0EAC781225457
10937280324 26772 29823 7C20F6CF1A09EEE4F40FE6F70B0F070213E4AE0B9599CF6348B0EAC781225457
10934185949 1714 22675 7C20F6CF1A09EEE4F40FE6F70B0F070213E4AE0B9599CF6348B0EAC781225457
10943598101 12059 30433 C0A4CB91BA3F61F6A38591150ECFAC77A80F27151AF9633326B11D904CA482AD
10936910720 5371 37015 5CE543A73A2F7D5F7A0A410E7FD7FA64DB25DBA66BAB4058758E07682DE52C08
10942682052 31867 61845 113980B0BAD1B27919DCD905D71802B44A18DE2063CED900524688F39C6CFDC9
10938808234 56748 876 7C20F6CF1A09EEE4F40FE6F70B0F070213E4AE0B9599CF6348B0EAC781225457
10941354727 40736 18260 7C20F6CF1A09EEE4F40FE6F70B0F070213E4AE0B9599CF6348B0EAC781225457
10939164521 22674 7845 7C20F6CF1A09EEE4F40FE6F70B0F070213E4AE0B9599CF6348B0EAC781225457
10939884868 15330 14512 7C20F6CF1A09EEE4F40FE6F70B0F070213E4AE0B9599CF6348B0EAC781225457
10935552273 18710 2621 7C20F6CF1A09EEE4F40FE6F70B0F070213E4AE0B9599CF6348B0EAC781225457
10936586282 34633 23229 3CE2AC5DBBD9C68AC8B2895DCEA9CF52D1AF86F1CDC9B86786EE8FA6F7706C05
10934572216 51223 10107 956D1EDD539D5C9A5C6E801D8AD52B7A9CA91476A16EC65613FEA303398B6FFB
10939338449 8323 22409 13FC7E4DC093C5A4C6602C79F8BB55037A7C1EF18BC8DE92B98005FFE6ED39E3

Total of 0 tasks calculated error.
