Total of 100 tasks calculated correctly, accuracy 100.00% 
10954346640 19499 47542 497BADCAF88F0891FDB68E9B60F038DC0F9CD8B20395BDB84EFFB294B23E9B0D
10953714065 12724 34671 7C20F6CF1A09EEE4F40FE6F70B0F070213E4AE0B9599CF6348B0EAC781225457
10954033508 34065 10654 20436D331A71ADCE17BCA6EAC62BA912AEDDC2681B79F597D995E34EA08D950A
10947572948 42028 11724 7C20F6CF1A09EEE4F40FE6F70B0F070213E4AE0B9599CF6348B0EAC781225457
10951808619 44841 16523 87A08C0FEAC41394FDC1D51A3CFE761AD198D568B73B3624BCE365504246D15B
10951164428 63143 10287 4CBB2F8CDA1393839741C810DE25AE6BC5C4207B86C1EDF60B59B6DA1CA90792
10953875007 24302 61627 7C20F6CF1A09EEE4F40FE6F70B0F070213E4AE0B9599CF6348B0EAC781225457
10945161882 649 55045 39DEF990F32E3DC7D3FBB4133A866279FD88B4AD715389733F4D113789200C9D
10956025781 20737 37409 62689BF9A6861B9757A4E3D29BF11ABF403D89965E1B854B18E67BB22634A2A9
10948647738 19433 46726 9F10B4E4141FCDAB5431538146D9777B9E8364BD53D8551AE5165FD2E70FCA13
10950558458 4877 36569 9AE815F910BA51E444CBAFF29E2F7084A56A960BE3671CD2F930D5382704FBC8
10952359180 364 55382 7C20F6CF1A09EEE4F40FE6F70B0F070213E4AE0B9599CF6348B0EAC781225457
10948215891 21115 53111 2142909B3373BA14A6C50DC74D30587B739DA36B97CD49748EBB604C98CBCBB9
10951172910 25135 53519 989125DF532852A5F1274B478765ECC7CB07B1857274A70CAAB6043DC9ADFE76
10952313114 37111 54717 2A0D46399F78326EF458FDA7B28CD6E887F2920197B7BB54DB9753E7E1F8725F
10954760136 6130 50385 7C20F6CF1A09EEE4F40FE6F70B0F070213E4AE0B9599CF6348B0EAC781225457
10945314264 10544 18693 7C20F6CF1A09EEE4F40FE6F70B0F070213E4AE0B9599CF6348B0EAC781225457
10947955850 8676 38948 7C20F6CF1A09EEE4F40FE6F70B0F070213E4AE0B9599CF6348B0EAC781225457
10946687159 11689 53692 95BBE94B3546FADDFD01CE87E9C45DF3F0CBB46627E82F217333F11E00B8836B
10946969741 56783 64307 96D473A77F7F89173F0A5295C633981BD2FAF1DC09091A2B236274C710890814
10954232483 10738 47095 7C20F6CF1A09EEE4F40FE6F70B0F070213E4AE0B9599CF6348B0EAC781225457
10950578830 7606 31283 7C20F6CF1A09EEE4F40FE6F70B0F070213E4AE0B9599CF6348B0EAC781225457
10945634074 62654 19572 7C20F6CF1A09EEE4F40FE6F70B0F070213E4AE0B9599CF6348B0EAC781225457
10948875185 9693 46704 C2E3208F62E3240E1571D1E63C8AC371BC1EBF0DA62C849BDA27A742C16F4AFB
10951230064 28222 21674 7C20F6CF1A09EEE4F40FE6F70B0F070213E4AE0B9599CF6348B0EAC781225457
10955235453 50383 60762 0211755E5FADCFBD56A970E8DAE7BB1210BC157109AE2CD9639D8396B00647E6
10951400219 48287 2997 2EA19FA580BEEC174609B9420A01C1E8E595D5C03F699E88E9C046B11A77D853
10947813122 64423 29610 39CAB5758BDC6496ECCDD09DFE87F4BB75D89C10AD8CB160D306B85D88A0FBB5
10949260061 22762 60971 7C20F6CF1A09EEE4F40FE6F70B0F070213E4AE0B9599CF6348B0EAC781225457
10949109532 34035 51180 1AA1D2E2926E069AD85450E8AE0631F8D5815BB95075D585D32228FA2BEDAE94
10955433722 20520 28799 7C20F6CF1A09EEE4F40FE6F70B0F070213E4AE0B9599CF6348B0EAC781225457
10945852091 59313 9443 B70D0F4D10955CE2DDDE5B206C77CBBDC0287AA23B73D16C15E454D86BF49582
10951503809 18874 34371 7C20F6CF1A09EEE4F40FE6F70B0F070213E4AE0B9599CF6348B0EAC781225457
10946907716 43808 9270 7C20F6CF1A09EEE4F40FE6F70B0F070213E4AE0B9599CF6348B0EAC781225457
10948769547 5439 47685 0628E556FE719D5AE9960375C7DA26FB174AD64B87C12072A0FE6D0BC30C14EE
10954346142 23390 10683 7C20F6CF1A09EEE4F40FE6F70B0F070213E4AE0B9599CF6348B0EAC781225457
10950222564 49570 29978 7C20F6CF1A09EEE4F40FE6F70B0F070213E4AE0B9599CF6348B0EAC781225457
10948878915 6690 223 7C20F6CF1A09EEE4F40FE6F70B0F070213E4AE0B9599CF6348B0EAC781225457
10947212912 3509 34866 F5EFCF8190B349B181F6B6FFC1BEA6E35AC26D6758DADA0507B27C73DD80FAFC
10954285770 17496 1809 7C20F6CF1A09EEE4F40FE6F70B0F070213E4AE0B9599CF6348B0EAC781225457
10946444629 60284 41430 7C20F6CF1A09EEE4F40FE6F70B0F070213E4AE0B9599CF6348B0EAC781225457
10950085429 52857 29799 E1B367EE58A01AF4BE0C4835665F0FCD956DCBB50885CE7CFE328F50228BD2AE
10949581792 18047 22046 C83C18CD9F1F7E633373EFABE87EC6AEB47896C89FDA2F681F1CB2C17A9D15DF
10952615602 8820 29809 7C20F6CF1A09EEE4F40FE6F70B0F070213E4AE0B9599CF6348B0EAC781225457
10956052441 1185 39027 65A8E00CAD78795D662BDDD367B5EDFAB0734BDFA2F93EA33ED95C0F1C5DD60A
10953653545 54896 11828 7C20F6CF1A09EEE4F40FE6F70B0F070213E4AE0B9599CF6348B0EAC781225457
10945112257 17106 10279 7C20F6CF1A09EEE4F40FE6F70B0F070213E4AE0B9599CF6348B0EAC781225457
10948877607 3857 46706 FECB21942D1908C4DFF969107DD78ABA6B2AC420F54D7467583676BBD117A339
10952370021 36350 30749 7C20F6CF1A09EEE4F40FE6F70B0F070213E4AE0B9599CF6348B0EAC781225457
10950711938 2687 32836 F27CB350A4F0E38A8CF8B92E6E7AF800BF1C07C11FD5D361693DCDD98DB83D72
10945894824 40156 885 7C20F6CF1A09EEE4F40FE6F70B0F070213E4AE0B9599CF6348B0EAC781225457
10953888060 62171 58481 FE01C2C3722401F772227698912412A93ED475EE7B61C9F01C173762F15BB56D
10945940188 15766 20661 7C20F6CF1A09EEE4F40FE6F70B0F070213E4AE0B9599CF6348B0EAC781225457
10948457722 13774 58849 7C20F6CF1A09EEE4F40FE6F70B0F070213E4AE0B9599CF6348B0EAC781225457
10950561161 64811 50083 C3B1653A8EB24326485B9B9EC6A4602FFEB73E6865C5254A83E583D7419843C3
10946861740 64026 52911 7C20F6CF1A09EEE4F40FE6F70B0F070213E4AE0B9599CF6348B0EAC781225457
10948831140 30293 13779 C32E5C607A2606757B838C3C0E8D1A8EE66064763CE3B7EAFE965E0B7DEFAC77
10956196243 6726 64732 7C20F6CF1A09EEE4F40FE6F70B0F070213E4AE0B9599CF6348B0EAC781225457
10953373353 51915 46285 2A430B3B856133846F3D1DD5DBCE9183A429DE1213AABF96F7B6036097CC81EC
10954455067 53157 3630 B246C434EAEC4AC7EDCBBDAE5ED7D12B5B1AC6C8650C3CFE00206DA357F55B7F
10946365244 7522 61739 7C20F6CF1A09EEE4F40FE6F70B0F070213E4AE0B9599CF6348B0EAC781225457
10948904165 47078 21595 7C20F6CF1A09EEE4F40FE6F70B0F070213E4AE0B9599CF6348B0EAC781225457
10949433890 10733 14823 86F30558B836DC5612D9254B4D09D800ED49F0BDCD79757A9F906A6A0B8669A5
10952393301 50960 64094 7C20F6CF1A09EEE4F40FE6F70B0F070213E4AE0B9599CF6348B0EAC781225457
10949952488 57267 4874 4FDA7648B7D00A688504C4A4A9799DBDA15992BDE058747FA35339AF9071C244
10947785745 49067 59076 1C541F5D197CD8684F384DB326A4F14B6DDF7624B9C402E749FB4747E72A5356
10951378900 50094 43903 7C20F6CF1A09EEE4F40FE6F70B0F070213E4AE0B9599CF6348B0EAC781225457
10953716843 8847 56288 732BDED6FEF7FD45DB102208477E5AE54C35D7F2202D7D27DBE60E7D031FD196
10949800207 60786 9626 7C20F6CF1A09EEE4F40FE6F70B0F070213E4AE0B9599CF6348B0EAC781225457
10948511814 51156 2772 7C20F6CF1A09EEE4F40FE6F70B0F070213E4AE0B9599CF6348B0EAC781225457
10955251992 11427 9184 2667F49FA4895C9850B5AF93FC65120C674DA35CD85F0DDFAB827CD524B759FD
10951770609 17511 38665 C07599AE363BDD50F91E4270260DE1A8AFDBDBF1D760D90CEE128BD7D77F7ADF
10944925738 12991 52062 80BFC4D870B6FB33570BD8D86E1DE5B29D08CB5687E2B6606ADF8AA63A9B8AE0
10953819731 36007 12503 8A61A6E91A97D4334291E552EEBFE1A58931208F7AEB629D5B5EA98911DD4FEB
10946566064 64802 14541 7C20F6CF1A09EEE4F40FE6F70B0F070213E4AE0B9599CF6348B0EAC781225457
10948732409 17158 28212 7C20F6CF1A09EEE4F40FE6F70B0F070213E4AE0B9599CF6348B0EAC781225457
10947273023 59456 47544 7C20F6CF1A09EEE4F40FE6F70B0F070213E4AE0B9599CF6348B0EAC781225457
10948268005 52260 27265 7C20F6CF1A09EEE4F40FE6F70B0F070213E4AE0B9599CF6348B0EAC781225457
10955123924 13906 23687 7C20F6CF1A09EEE4F40FE6F70B0F070213E4AE0B9599CF6348B0EAC781225457
10953237087 53528 22655 7C20F6CF1A09EEE4F40FE6F70B0F070213E4AE0B9599CF6348B0EAC781225457
10952126305 44517 17940 B8013773E18842A96F2A12451D06B971B86C4D2B9CBD9A07C893EB6414150FDA
10952644207 63324 61053 7C20F6CF1A09EEE4F40FE6F70B0F070213E4AE0B9599CF6348B0EAC781225457
10945482640 31446 20430 7C20F6CF1A09EEE4F40FE6F70B0F070213E4AE0B9599CF6348B0EAC781225457
10944808039 55706 61709 7C20F6CF1A09EEE4F40FE6F70B0F070213E4AE0B9599CF6348B0EAC781225457
10950270524 48282 32642 7C20F6CF1A09EEE4F40FE6F70B0F070213E4AE0B9599CF6348B0EAC781225457
10950215759 57483 27167 7557F347E814B8F4BECAC9A51C6B5D10B419CC6ECD1EA636B8E03BDBAA85CE2D
10945113896 39401 33691 AF2D9B88DABE40D8086EAFDB3068DD0BC7656CE0A3B608A40B5CE8CE9D7F664B
10945181136 64814 24359 7C20F6CF1A09EEE4F40FE6F70B0F070213E4AE0B9599CF6348B0EAC781225457
10950736124 63292 53156 7C20F6CF1A09EEE4F40FE6F70B0F070213E4AE0B9599CF6348B0EAC781225457
10946211351 9817 18208 2CA850F0C124463F58F06FC84F6022DE3FD2D7D43EE4CCCEA21E63B8624AADFD
10953078107 37725 18607 61F6C88B81FD0BB3474FAA19CD795937971BE0840238D56DBF1BFA69191A4510
10953732638 50250 30856 7C20F6CF1A09EEE4F40FE6F70B0F070213E4AE0B9599CF6348B0EAC781225457
10953272742 13650 20000 7C20F6CF1A09EEE4F40FE6F70B0F070213E4AE0B9599CF6348B0EAC781225457
10945734067 27939 14954 B9C2201A212959DD3D741922B15F71D3F5285DF3729F2CFFEDF7EBDB12BB68AB
10953179554 47330 31978 7C20F6CF1A09EEE4F40FE6F70B0F070213E4AE0B9599CF6348B0EAC781225457
10948098544 25815 56482 33D547F54D5A86C4706CE4DC41CB82BA045D503169F829E0881BFBC63EA6DC0C
10950882021 53380 27802 7C20F6CF1A09EEE4F40FE6F70B0F070213E4AE0B9599CF6348B0EAC781225457
10945316734 30921 57859 9DA07F0F03059D6C6F966A4D6A0C835419BC962AEE8CE660145DE3B1F6522EF7
10944725626 49119 4978 F8C9189A4F5D4700715C750D48BC2FA72EC3FDA4820AFBB5A878B84E8B2B4F5E
10952106625 39740 1067 7C20F6CF1A09EEE4F40FE6F70B0F070213E4AE0B9599CF6348B0EAC781225457

Total of 0 tasks calculated error.
