Total of 100 tasks calculated correctly, accuracy 100.00% 
10981411968 63613 14999 E38974E54C64C9823198F8478D6BB177500F994DA7A329ED11BDCDFA2CDC6A3A
10984598831 54242 14104 7C20F6CF1A09EEE4F40FE6F70B0F070213E4AE0B9599CF6348B0EAC781225457
10986748090 3339 56577 150508319C951FBDCAF4C29CC7C8BA4D9BBF38227B2C445316AB9303EB1E5F3E
10989441427 4310 54439 7C20F6CF1A09EEE4F40FE6F70B0F070213E4AE0B9599CF6348B0EAC781225457
10988554016 29327 2880 D9597B2DF23BE24ABDEB5A41FE6E81E020CAE40692840A3BD8B4FD88E6A46AF9
10989411157 25615 32245 020B15B1B345C5243EE0DDC779CFA8B9A3372364F5BAD518E8D082C6C29896CA
10983030776 62948 36603 7C20F6CF1A09EEE4F40FE6F70B0F070213E4AE0B9599CF6348B0EAC781225457
10982517201 21988 63363 7C20F6CF1A09EEE4F40FE6F70B0F070213E4AE0B9599CF6348B0EAC781225457
10991532378 34396 25370 7C20F6CF1A09EEE4F40FE6F70B0F070213E4AE0B9599CF6348B0EAC781225457
10984792256 15303 13778 D929040C8DBBF4119177BC337023D34C7DA0A98FD7C5C89ADAFFE7A5DAD59772
10981839459 36576 50632 7C20F6CF1A09EEE4F40FE6F70B0F070213E4AE0B9599CF6348B0EAC781225457
10988321240 7301 38110 D87F06B9F0D214725F81602110BE7BC5ED88FCA88605116FD360CBE5CE5581E6
10982968202 51453 46629 28D5F360299667B3AAA6265C5AC3235D922A4FD6A50278852713120B561024DF
10984242637 7888 6041 7C20F6CF1A09EEE4F40FE6F70B0F070213E4AE0B9599CF6348B0EAC781225457
10983355970 50803 59265 80622ABE51B950DD28936DFA9610016C89F96DD0D95BAD1D3CAA7071902BB624
10988472952 25520 12868 7C20F6CF1A09EEE4F40FE6F70B0F070213E4AE0B9599CF6348B0EAC781225457
10987128458 12766 61972 7C20F6CF1A09EEE4F40FE6F70B0F070213E4AE0B9599CF6348B0EAC781225457
10981609991 11709 21395 6C9786713C845F4D43AD6C76E77A0EFAB7E4D21013D2F17716271FC4BE7C5FA3
10985953745 28292 50492 7C20F6CF1A09EEE4F40FE6F70B0F070213E4AE0B9599CF6348B0EAC781225457
10989740821 53353 27655 DB95F4EC77BFE6C02FC62281AB31A0E628EA69A158BC044F4CDA23AFA18A5915
10983245023 18931 65209 8FB1BEE398EB80AE432F277E14605E3279E7A56EF476496BEAA02613A67D9079
10984512399 58255 25755 818F747202BE646D4B3A08C161E9A53AB5A793D36C202508D37976D813DABD38
10989632201 10971 44545 2A28C88DAF4EC41ADF725588F251489E152A0BA158BC21AC5CA5B713B481E81E
10984512067 12649 7408 52457E87F0328D88A120DDB8DB2E27F2E2017FD05779826A50102EE1772A28CA
10980854591 15538 52975 7C20F6CF1A09EEE4F40FE6F70B0F070213E4AE0B9599CF6348B0EAC781225457
10986864442 16825 10019 CF6606EC2ADD8D4A66A6AF5D97188706C2936B0BEE1643AFD69C0A89E0A3622B
10990130357 1858 57909 7C20F6CF1A09EEE4F40FE6F70B0F070213E4AE0B9599CF6348B0EAC781225457
10990490848 11225 15868 85021B8FA7A35FDC866866C1D9A42AF7347D4F73A395F0AF9E374002AC7C6DCD
10985038143 63075 43770 F17CBB7079ABE2E359FFC7984FB5A17D3B1ECAE207E97D58CDC6223C1D39A65A
10980570335 25198 18104 7C20F6CF1A09EEE4F40FE6F70B0F070213E4AE0B9599CF6348B0EAC781225457
10987845489 38860 21093 7C20F6CF1A09EEE4F40FE6F70B0F070213E4AE0B9599CF6348B0EAC781225457
10989261177 32357 30669 097B514102A670A845F16D44AD01FFA5F9C32488CD7074200D5EE43A1B664CFF
10986277032 37768 29997 7C20F6CF1A09EEE4F40FE6F70B0F070213E4AE0B9599CF6348B0EAC781225457
10990904977 9152 59219 7C20F6CF1A09EEE4F40FE6F70B0F070213E4AE0B9599CF6348B0EAC781225457
10980847849 38102 6204 7C20F6CF1A09EEE4F40FE6F70B0F070213E4AE0B9599CF6348B0EAC781225457
10981819900 12494 2008 7C20F6CF1A09EEE4F40FE6F70B0F070213E4AE0B9599CF6348B0EAC781225457
10987909222 39936 33182 7C20F6CF1A09EEE4F40FE6F70B0F070213E4AE0B9599CF6348B0EAC781225457
10988600414 59890 33868 7C20F6CF1A09EEE4F40FE6F70B0F070213E4AE0B9599CF6348B0EAC781225457
10981082462 40375 28643 1BB681C9EA27CA33BB24251B8A25D4E2B50A7F3BED47B85D947B8BE41DBFFD53
10992167838 36039 42023 67C46FF722DC2AD5B4EA37D4CD727967689EFD4F3E5290239CD83CE781DB58E7
10984457126 54520 40424 7C20F6CF1A09EEE4F40FE6F70B0F070213E4AE0B9599CF6348B0EAC781225457
10985659580 4875 3924 85566E6C824D5E0D2A577CC8B8AE62FC42A1AC0FC44CD5503BB4DAF966E69864
10984228367 4160 54700 7C20F6CF1A09EEE4F40FE6F70B0F070213E4AE0B9599CF6348B0EAC781225457
10991019997 16533 16286 29ECDAB114452EB4C39C08D516998123C16E39E18F11E0A7442BFB124E046643
10982166309 45888 3612 7C20F6CF1A09EEE4F40FE6F70B0F070213E4AE0B9599CF6348B0EAC781225457
10983341806 56788 10835 7C20F6CF1A09EEE4F40FE6F70B0F070213E4AE0B9599CF6348B0EAC781225457
10989645182 38425 8240 264E044B514254464B1DE0866F2BE05D6E9B4CF062D9A68D5A3F117A7726D9C1
10987640307 16881 53450 8A1F10B4821A7771A3B7D4E359692C590E3057F5494670C37F1C29C05B334EF8
10981284098 34714 13089 7C20F6CF1A09EEE4F40FE6F70B0F070213E4AE0B9599CF6348B0EAC781225457
10991321253 32443 2824 A42E12BF0079F378BA4A08F91B61A4FB292FA57B1EF1C3F1143E9432B6D75708
10991050379 36725 21148 E42436FDFAB3BF7A388D7DE1F4D9CA7CE2C30657C0A9377E9E054410DFC70A23
10990561075 7534 54996 7C20F6CF1A09EEE4F40FE6F70B0F070213E4AE0B9599CF6348B0EAC781225457
10985750242 20178 1945 7C20F6CF1A09EEE4F40FE6F70B0F070213E4AE0B9599CF6348B0EAC781225457
10988478166 4502 44219 7C20F6CF1A09EEE4F40FE6F70B0F070213E4AE0B9599CF6348B0EAC781225457
10990948183 57483 41337 23BD32637A24508224E0867041202B7721E51A537E630A673492AA083AE357DD
10983102320 2024 63925 7C20F6CF1A09EEE4F40FE6F70B0F070213E4AE0B9599CF6348B0EAC781225457
10986498163 62765 28231 185693AA22FFE7161536C14251C891BE2CDCE44933CFD631E1F990398C129C4B
10980983321 37510 51536 7C20F6CF1A09EEE4F40FE6F70B0F070213E4AE0B9599CF6348B0EAC781225457
10989688557 12324 37332 7C20F6CF1A09EEE4F40FE6F70B0F070213E4AE0B9599CF6348B0EAC781225457
10988452076 58872 27785 7C20F6CF1A09EEE4F40FE6F70B0F070213E4AE0B9599CF6348B0EAC781225457
10983664334 29124 46094 7C20F6CF1A09EEE4F40FE6F70B0F070213E4AE0B9599CF6348B0EAC781225457
10983742791 22929 45056 CE2D8060BC5283F0AE000D1FBF5C2F43F21BD7B606FC3E72BF66519C40D3F34F
10988568441 5741 33317 B47EECA7397C7F7393A2F54341DE743C5BF6E2824A2E516ADFF9F0A1CD52F8C5
10981417486 39915 17540 957D2EB4FC3046999D3318E50254CC953FA802BDF9C4E310A45D230F3DD4A586
10983236328 44262 38375 7C20F6CF1A09EEE4F40FE6F70B0F070213E4AE0B9599CF6348B0EAC781225457
10984390366 5088 10992 7C20F6CF1A09EEE4F40FE6F70B0F070213E4AE0B9599CF6348B0EAC781225457
10985962116 36591 18284 9565389538315486E8809DE2C1B9CA302598886C7FE1293A943CCBDA2ACD88C3
10980979422 18803 17562 802C235816DDDE9412BA12C678E87F07FF80CE21691892CE48771369A86D4A36
10985740600 5570 55936 7C20F6CF1A09EEE4F40FE6F70B0F070213E4AE0B9599CF6348B0EAC781225457
10985416507 46718 35516 7C20F6CF1A09EEE4F40FE6F70B0F070213E4AE0B9599CF6348B0EAC781225457
10991260621 64822 29320 7C20F6CF1A09EEE4F40FE6F70B0F070213E4AE0B9599CF6348B0EAC781225457
10983222976 5635 17637 1EED384ED1127600D257D7913DF9B1F1B1A143736B5275E2608908BC6BE1353F
10991013248 59190 8264 7C20F6CF1A09EEE4F40FE6F70B0F070213E4AE0B9599CF6348B0EAC781225457
10981061666 917 8969 C9D246177C1F02EE897DB9ACDFE6408BA695073F6666D2E507A869D1083D648F
10989789798 53474 27061 7C20F6CF1A09EEE4F40FE6F70B0F070213E4AE0B9599CF6348B0EAC781225457
10986129020 54537 25688 358FA3F658B9DE86D0C4BD7F026D001025F8BF4E4EBF3D296E479BF0AB23916E
10983973199 63794 34272 7C20F6CF1A09EEE4F40FE6F70B0F070213E4AE0B9599CF6348B0EAC781225457
10986727547 15857 11062 6BF74060CC3C467F834D4BDA49CB424978BA4D3841E64130ACB1E62470FAEC65
10986769141 20391 21406 7F8BCCA6EC520D1434A5CC9E5A303B5B1D77C78F4A2C3C70FC7293B0D072EAA8
10985547162 50875 7219 B6CEB20B0AFEE66BA728033172BEB9A6E6B96AD190DDF466400A5EA683186C1B
10987142670 14296 293 7C20F6CF1A09EEE4F40FE6F70B0F070213E4AE0B9599CF6348B0EAC781225457
10981318481 4359 12926 0AEBDCF608C857562A99E55D490A451C6719C280CB1641421053A7C5D5FB2AA1
10988029797 4988 60293 7C20F6CF1A09EEE4F40FE6F70B0F070213E4AE0B9599CF6348B0EAC781225457
10988174972 9998 58867 7C20F6CF1A09EEE4F40FE6F70B0F070213E4AE0B9599CF6348B0EAC781225457
10986756576 54302 22881 7C20F6CF1A09EEE4F40FE6F70B0F070213E4AE0B9599CF6348B0EAC781225457
10988133622 60957 21948 ADFA8DC3915FE2A48B8E440B8523FFBF5ED11043BB72951BEEA6646B372F1E20
10985030549 50528 6194 7C20F6CF1A09EEE4F40FE6F70B0F070213E4AE0B9599CF6348B0EAC781225457
10989103359 49458 9320 7C20F6CF1A09EEE4F40FE6F70B0F070213E4AE0B9599CF6348B0EAC781225457
10985807814 29033 31222 95C753AD1887E0CF67F0FA59888FA5C35D86A9D05AE73C9FC27BEAA773F47D6E
10983975829 46905 193 AE95969588ABD3376A43B50A761B068B62544F0EA0EBBD2CE78CBC92D236B0F4
10986703209 28585 58721 F0F68B951F219D1BB46823D14DE48FF6E9D582B2A5A4A93974B46008E6152CCA
10983839150 49171 64474 6E5D87A5F08E71ED1CC8E50DCFB50DFF18CC78941D3683699E0ADFBB8BE90F76
10988704126 65440 2670 7C20F6CF1A09EEE4F40FE6F70B0F070213E4AE0B9599CF6348B0EAC781225457
10989336716 18967 25502 FA3810CEA2B98CE76A8D0D5BBED2D8640EF52FA9ACCB3596382EA6011C2B1B7F
10989258970 33343 51157 B703B56BBAFE7E5DADC613699284D8D66CCCFE5B88784B8B7F89C4F7EF6643BB
10986920312 28457 27388 9DC41274A714A82167F21318A47C252DD34FC09CE665BBE332815FFF07891045
10990629059 2421 11756 16F6D15B5E8FD184D165BFAE108D3555FB0255CA0F1DA3F8A743B47176ADC9F0
10984707982 19229 65383 A882F6F90DCF79A4C7CBED543D5A0EC7018A413DD0A8FDE8DF70BFBCD72C3CC4
10991850215 50233 52403 793DDCD0BE1344C3507E848FBBD086101E7F0F1F840598A3867E2D242A8866DE
10987091525 25833 40747 DC6587F8B08DB2F1CB166A59DBFA8D402C77575B90841887547EAA49F3252E09

Total of 0 tasks calculated error.
