Total of 100 tasks calculated correctly, accuracy 100.00% 
11038523931 49518 58720 7C20F6CF1A09EEE4F40FE6F70B0F070213E4AE0B9599CF6348B0EAC781225457
11037912822 39170 16900 7C20F6CF1A09EEE4F40FE6F70B0F070213E4AE0B9599CF6348B0EAC781225457
11035865240 46635 42006 1604FA4A9B7B5AA775D7E6BDAD8C2ABE64DCC5A9670F271E7E50334AFCAB02AF
11039684927 31596 64363 7C20F6CF1A09EEE4F40FE6F70B0F070213E4AE0B9599CF6348B0EAC781225457
11036983250 53750 33364 7C20F6CF1A09EEE4F40FE6F70B0F070213E4AE0B9599CF6348B0EAC781225457
11032940680 10172 742 7C20F6CF1A09EEE4F40FE6F70B0F070213E4AE0B9599CF6348B0EAC781225457
11033055786 40430 647 7C20F6CF1A09EEE4F40FE6F70B0F070213E4AE0B9599CF6348B0EAC781225457
11037503909 21540 21551 7C20F6CF1A09EEE4F40FE6F70B0F070213E4AE0B9599CF6348B0EAC781225457
11029525877 56377 53339 72D596C529CA2E005E40FD4A17BF6AA8AAF9FDF4AA5E8206DE1B923D94C84BC2
11036356811 46030 45172 7C20F6CF1A09EEE4F40FE6F70B0F070213E4AE0B9599CF6348B0EAC781225457
11028914513 60060 5751 7C20F6CF1A09EEE4F40FE6F70B0F070213E4AE0B9599CF6348B0EAC781225457
11028424112 15349 52608 1B1B57F2E75E68E990EA54E8F6186965453D03EC3546DADEE20B0DEA94F53188
11030685107 19427 62811 AE65208757E0B69AD317C5366B3FD252981C1FE6C9E42A2F28F591D0E9F7AE60
11035551860 9292 33413 7C20F6CF1A09EEE4F40FE6F70B0F070213E4AE0B9599CF6348B0EAC781225457
11030779248 11485 56233 B148B6F9BD1D3D9EFA380F97900EFE00F8ECC75BA01A9AA2C73AC51D1EC98B75
11029349342 12991 19213 E7E286F4B0854B07CC1F23101932BF62F98C79F3F7A86308EAA2B19E5D65A521
11033882060 5926 37346 7C20F6CF1A09EEE4F40FE6F70B0F070213E4AE0B9599CF6348B0EAC781225457
11037316055 16171 37252 36C8B1E20492E36A8DF28ECC782CD74B0F0D1CD080015E01EDBDE43D1E12CDD1
11039857885 8663 39242 985006CC6D890CE3E53C3077EB185CE4270A97A1EEA730C649DBC600F5F933E3
11035890526 21900 21201 7C20F6CF1A09EEE4F40FE6F70B0F070213E4AE0B9599CF6348B0EAC781225457
11040270186 1993 56257 71D8A301C8660DC3739AA59B50A5340AACD81E9130589B2C82EF574C9292B20A
11036667180 34235 15819 7588BA78AF23C6137A7661FF89DA97250D4553E18C137407B6BE0B271297BBDB
11036414670 49086 17983 7C20F6CF1A09EEE4F40FE6F70B0F070213E4AE0B9599CF6348B0EAC781225457
11030602559 41932 4549 7C20F6CF1A09EEE4F40FE6F70B0F070213E4AE0B9599CF6348B0EAC781225457
11039719957 42015 24605 DE9AC62C0484BFBC37D2BBA0BEF5255FFE7C930769F3E242B73B5D28674E1B5B
11038854241 3543 28261 DAE2D8D97311A7A620DFCB6D419DC7C99027ABBF9D879B8A54E94AFE29A334BF
11030569868 46593 22234 50880ECAC93CE7A752A3E0C8AE323E508B314CA3EFD5F63D45C3F21AA378A499
11035901999 25016 14713 7C20F6CF1A09EEE4F40FE6F70B0F070213E4AE0B9599CF6348B0EAC781225457
11034904633 12638 46484 7C20F6CF1A09EEE4F40FE6F70B0F070213E4AE0B9599CF6348B0EAC781225457
11037566604 28539 23721 A708C075A13C329B699A66A51AEBB19AB3195A7D4E8A38481A60A55073F1AA3F
11032129151 20283 63828 5B885EB7561FD186D0E22069FA3ABA4BA802933C043D0356969DEB05FDA1DAFD
11036572092 16911 29669 4133EEA4E3715016D51D712E522177C9479EFB4302FD64C1DA122E8A7D63EE04
11038522599 64344 10588 7C20F6CF1A09EEE4F40FE6F70B0F070213E4AE0B9599CF6348B0EAC781225457
11034420739 1198 40454 7C20F6CF1A09EEE4F40FE6F70B0F070213E4AE0B9599CF6348B0EAC781225457
11031198067 43275 4647 F8EBF26CB0A87A11FD4198672E41653DC49F40B867C7E1AAF70B99E7DF4F3F4B
11028617676 65411 46899 61D994B13909E3B49CF80AD62C9326285FB1DD732BE0836836A491B397EB7557
11037708573 27673 38046 1199C55209B563AB3BA0F2D86E74E90BC9A8DA7DB0C62EA26CF1C025C1C4EE3A
11032006935 57074 25242 7C20F6CF1A09EEE4F40FE6F70B0F070213E4AE0B9599CF6348B0EAC781225457
11029338118 42278 49900 7C20F6CF1A09EEE4F40FE6F70B0F070213E4AE0B9599CF6348B0EAC781225457
11034286883 61248 61840 7C20F6CF1A09EEE4F40FE6F70B0F070213E4AE0B9599CF6348B0EAC781225457
11029989903 43184 699 7C20F6CF1A09EEE4F40FE6F70B0F070213E4AE0B9599CF6348B0EAC781225457
11039384150 27384 58586 7C20F6CF1A09EEE4F40FE6F70B0F070213E4AE0B9599CF6348B0EAC781225457
11034776341 57390 6748 7C20F6CF1A09EEE4F40FE6F70B0F070213E4AE0B9599CF6348B0EAC781225457
11033829726 4796 10541 7C20F6CF1A09EEE4F40FE6F70B0F070213E4AE0B9599CF6348B0EAC781225457
11037901203 21148 61400 7C20F6CF1A09EEE4F40FE6F70B0F070213E4AE0B9599CF6348B0EAC781225457
11038497805 64451 40413 780BAB48547D48DC5E74EDCE504AED9FCE2D2315FA12F6D278B3D0736C44F463
11036559997 48639 63048 26B0D98FA1DFBB071795055A12DC916E8D223EDE03CA738AFD0573AD0FA3C222
11037579299 6333 17135 4E47A01BE9700C11C71034A83D221E0919C3DB3E167E6731C18AABF38FE15009
11032702943 20103 18278 57ECEB1951CAB8969CB25A9AA9F9F4DAD4CA0C862F2A9F104AC8DD59DA5A054D
11028515651 7126 9850 7C20F6CF1A09EEE4F40FE6F70B0F070213E4AE0B9599CF6348B0EAC781225457
11033413846 35822 24322 7C20F6CF1A09EEE4F40FE6F70B0F070213E4AE0B9599CF6348B0EAC781225457
11035738448 32589 10361 90A0FFA37388391A6B485A3EE174FFC251D323AC6394BEE3697D38F142FB0DEA
11035502747 8377 10429 0BF00BB572587F33E79473907ECED66823B0F37BBA88572119044E3FE435D729
11038170417 12940 58856 7C20F6CF1A09EEE4F40FE6F70B0F070213E4AE0B9599CF6348B0EAC781225457
11035103438 17834 61842 7C20F6CF1A09EEE4F40FE6F70B0F070213E4AE0B9599CF6348B0EAC781225457
11033407242 17797 4702 4D34ACFAFEB7D60566A0DDE617BDA21E9EFBE8858568759688B5EB67CC858019
11029161750 28182 32025 7C20F6CF1A09EEE4F40FE6F70B0F070213E4AE0B9599CF6348B0EAC781225457
11037835572 51714 7705 7C20F6CF1A09EEE4F40FE6F70B0F070213E4AE0B9599CF6348B0EAC781225457
11030254091 44197 599 BFB98902FC5F46F5496CF2207CE5790A913731413BD2DF708F38CADED0985FFF
11036259695 53336 18115 7C20F6CF1A09EEE4F40FE6F70B0F070213E4AE0B9599CF6348B0EAC781225457
11031424716 62091 5131 7E5CA8EB2C78C22A7C6648A61F300F22E63A01D256273C620151374BA589E0F7
11038248494 63680 1174 7C20F6CF1A09EEE4F40FE6F70B0F070213E4AE0B9599CF6348B0EAC781225457
11033496207 1024 46061 7C20F6CF1A09EEE4F40FE6F70B0F070213E4AE0B9599CF6348B0EAC781225457
11032873210 49400 31146 7C20F6CF1A09EEE4F40FE6F70B0F070213E4AE0B9599CF6348B0EAC781225457
11034839900 13250 44870 7C20F6CF1A09EEE4F40FE6F70B0F070213E4AE0B9599CF6348B0EAC781225457
11038410363 23495 58950 56094EF3D17A6071B15EE0F1D49327EF2A869E83D5357F8F9569038055460C70
11033447933 57912 8905 7C20F6CF1A09EEE4F40FE6F70B0F070213E4AE0B9599CF6348B0EAC781225457
11028961831 7988 1010 7C20F6CF1A09EEE4F40FE6F70B0F070213E4AE0B9599CF6348B0EAC781225457
11031863514 16016 49544 7C20F6CF1A09EEE4F40FE6F70B0F070213E4AE0B9599CF6348B0EAC781225457
11038878275 12772 25097 7C20F6CF1A09EEE4F40FE6F70B0F070213E4AE0B9599CF6348B0EAC781225457
11038140916 44989 40104 16FA05A51ADB8D631B4E136945E856E700AC2A2DB744998A40C56F71AD5D9144
11034331169 24447 26493 6BC30793A774AC150812FA3EDDD50B7632ADCFD48B8F026551B9121A791C9091
11038273097 26809 65052 524C682DB6E00DFF13788F9D983EB7EBB4FF2384F40345B8B46E4DA553D4ECC6
11033693143 14489 27874 FFF91E4ACC4DC958052A1E841C616016C097779D62EFDACE15345593AFCCC3A0
11033452575 44149 56583 F606676DACFE0ABD6A4720F7B2B4447AFFC74D9E74A869564A44B055155E0C01
11034519440 5341 60801 ED34E3FBC06AE3B1CF31CAEAFA8A175BE0E4505D6D30E45E1DB60C37C3F1B7B3
11028794783 48360 44292 7C20F6CF1A09EEE4F40FE6F70B0F070213E4AE0B9599CF6348B0EAC781225457
11036941106 60536 31091 7C20F6CF1A09EEE4F40FE6F70B0F070213E4AE0B9599CF6348B0EAC781225457
11036861507 39850 48046 7C20F6CF1A09EEE4F40FE6F70B0F070213E4AE0B9599CF6348B0EAC781225457
11040085990 42344 38933 7C20F6CF1A09EEE4F40FE6F70B0F070213E4AE0B9599CF6348B0EAC781225457
11030827564 12962 57703 7C20F6CF1A09EEE4F40FE6F70B0F070213E4AE0B9599CF6348B0EAC781225457
11035500265 28504 19953 7C20F6CF1A09EEE4F40FE6F70B0F070213E4AE0B9599CF6348B0EAC781225457
11031488604 9210 26436 7C20F6CF1A09EEE4F40FE6F70B0F070213E4AE0B9599CF6348B0EAC781225457
11032585834 28790 7266 7C20F6CF1A09EEE4F40FE6F70B0F070213E4AE0B9599CF6348B0EAC781225457
11028676274 48310 33080 7C20F6CF1A09EEE4F40FE6F70B0F070213E4AE0B9599CF6348B0EAC781225457
11039197268 24753 50797 64C09825A0D9964C4F7F84B96080827A623BACFF7B03B3E2B279326624BBC1E3
11034636497 5930 24120 7C20F6CF1A09EEE4F40FE6F70B0F070213E4AE0B9599CF6348B0EAC781225457
11029945821 8483 30171 47006070ADFFC1B1ACA7BEE82814A8E68FACC051FE235FAA35BF7EA47388D4DC
11037407916 17239 60558 06210A5B7C3170A3E54E2D69CE45EDD75D3A85758F990C1A66DFB32D281A3BB0
11036459461 29789 51120 BE96607E44FFF02555912FE7893EC08373A9835989E4DFA1F532B0B906BC82C5
11036166107 22580 60019 7C20F6CF1A09EEE4F40FE6F70B0F070213E4AE0B9599CF6348B0EAC781225457
11037131256 11609 11165 8738852F5E669559E0EEA864B2554EBA5F830C7FD843F6B50F8BAD4BF14A4292
11033024657 47309 41492 D11B54C91BE94178437B9A65259AFAD4945C167E1032FED4950693C1D604968E
11039111567 2292 53520 7C20F6CF1A09EEE4F40FE6F70B0F070213E4AE0B9599CF6348B0EAC781225457
11038130348 54859 7686 7A9445CB572F3A01B2049F55AF78F14CC70D895101A8E14FAB29A14507C6A327
11036724582 24430 61887 7C20F6CF1A09EEE4F40FE6F70B0F070213E4AE0B9599CF6348B0EAC781225457
11032964755 23547 39726 F27B4D5546BEABF375E8747177B5FC1E48C4FE69939E00192B356AEBA5598D17
11031887753 61702 63546 7C20F6CF1A09EEE4F40FE6F70B0F070213E4AE0B9599CF6348B0EAC781225457
11035232712 3552 5729 7C20F6CF1A09EEE4F40FE6F70B0F070213E4AE0B9599CF6348B0EAC781225457
11040045187 53775 53968 B39272C38BB84C8D1F4948E5E41D8AAEF1021D5AD58110083E667BA24D95B459

Total of 0 tasks calculated error.
