Total of 100 tasks calculated correctly, accuracy 100.00% 
11057775684 31562 58629 7C20F6CF1A09EEE4F40FE6F70B0F070213E4AE0B9599CF6348B0EAC781225457
11054962434 30762 57131 7C20F6CF1A09EEE4F40FE6F70B0F070213E4AE0B9599CF6348B0EAC781225457
11055866131 30571 13579 F141B7498928505DFD9E5D5E5FD4EC5B12A869672467D4C1E87A70D0EBB89B1D
11053299958 60216 44984 7C20F6CF1A09EEE4F40FE6F70B0F070213E4AE0B9599CF6348B0EAC781225457
11061780827 45577 49572 D1A06AD74649C5086953DA1BB8FB715A59F29C2CC7B3C8312826F5435BEA4152
11055471838 27988 31882 7C20F6CF1A09EEE4F40FE6F70B0F070213E4AE0B9599CF6348B0EAC781225457
11062832901 62380 59362 7C20F6CF1A09EEE4F40FE6F70B0F070213E4AE0B9599CF6348B0EAC781225457
11057655103 25358 19102 7C20F6CF1A09EEE4F40FE6F70B0F070213E4AE0B9599CF6348B0EAC781225457
11060824623 52182 31294 7C20F6CF1A09EEE4F40FE6F70B0F070213E4AE0B9599CF6348B0EAC781225457
11060793667 58896 21929 7C20F6CF1A09EEE4F40FE6F70B0F070213E4AE0B9599CF6348B0EAC781225457
11056217526 62751 43418 438F00538BAA0ACAFCFCFB71F3F1D361BCE57708C3AD9B01FEBB8E99A6E8E3BC
11063449842 37784 58280 7C20F6CF1A09EEE4F40FE6F70B0F070213E4AE0B9599CF6348B0EAC781225457
11052753254 52109 10292 1E695B7EA98FC2A8944A8A4D4D8831ED69FD624B0436DFFA64973F122487057E
11057841629 48130 38847 7C20F6CF1A09EEE4F40FE6F70B0F070213E4AE0B9599CF6348B0EAC781225457
11060358382 23857 58971 6E3806D6481D24D1288B4650A46E4FC68E3F153C3820C2D89342868EFE8A3487
11053776982 31681 37398 21F01892929BFD968F886387F3FB8B86688BFDC077A1E38E0AF6C00A9BC5FCF9
11061038615 13040 4855 7C20F6CF1A09EEE4F40FE6F70B0F070213E4AE0B9599CF6348B0EAC781225457
11055409588 28361 55666 487384CD33DD51D623A95CC75EBC9CECD273E8E6C8B9D053F6163FD7E0E9FE51
11058707180 31735 6169 2C1BDB7CCBF9349AE084DABDFD63873F5D63569DCA01C047C93FE530F839C0D4
11063622197 47534 8739 7C20F6CF1A09EEE4F40FE6F70B0F070213E4AE0B9599CF6348B0EAC781225457
11054864090 23415 5396 5BF138BB52D05E2BF242B528D4695C20689EC5B063590E5B752DB4CD7154ABDD
11052645983 39065 33467 F59CF22811BDBC61CD455BC24C13E7A7E6D906301D0EB79567EDA3C3A78A07BB
11062059575 45898 36832 7C20F6CF1A09EEE4F40FE6F70B0F070213E4AE0B9599CF6348B0EAC781225457
11055925970 27316 1466 7C20F6CF1A09EEE4F40FE6F70B0F070213E4AE0B9599CF6348B0EAC781225457
11064071571 64268 2850 7C20F6CF1A09EEE4F40FE6F70B0F070213E4AE0B9599CF6348B0EAC781225457
11057323047 49755 4931 CA7F5D14B41A4C7E39F8D8ED0DB38C3F1D527A41E160287088A64A98509581A4
11062877711 35015 34594 0FE291E9C3D113994EF5E1FD7D7E0EE44726AEE2A2EA20768B2A054DE31C452A
11060261586 51059 21722 F62D482CE3BA6FF3F222CAD30852D20D1F6218120B8A2CE5CF5680B355D13AF4
11062303771 29563 12380 193AE5185CE14B8F8C00FC2FFFD72CA788D49A09EA2AC0D901D65A1D1DA4620B
11057547863 7017 5163 FB510B3AC127EC878F0A7F7C3345152F3E4729E850E62C65C88A65ACD1576D17
11062187076 44634 35930 7C20F6CF1A09EEE4F40FE6F70B0F070213E4AE0B9599CF6348B0EAC781225457
11059642978 16774 47000 7C20F6CF1A09EEE4F40FE6F70B0F070213E4AE0B9599CF6348B0EAC781225457
11055345241 59303 34872 FB1C69629E5B4D3C8873568D7C78D82CC487D2BDC02EAC331E96CCCBF11738C5
11055632976 61012 19397 7C20F6CF1A09EEE4F40FE6F70B0F070213E4AE0B9599CF6348B0EAC781225457
11063040670 3231 43112 C05DC6B5BCC353F03A123B33C87718227252684F4E613304859EE9A61F0BB456
11060544182 63871 5319 2988C6BFCEC4C958C6B2C308DDDE154DB7C8AC3BD48A5A3AFCD22649C27E733B
11059647564 25512 23589 7C20F6CF1A09EEE4F40FE6F70B0F070213E4AE0B9599CF6348B0EAC781225457
11055568232 1389 36593 3E22739E84FDDBAAC09734F594CB367C40E96E54945231C0B72012259E310FF3
11054607474 56681 16485 F34D82F6CFB44AC0C1984D4E1BECFAC05322A87C86C90283D0455980393EBC3B
11054626794 7505 15431 1AA7A8A467E26A9D6A916AB75A2554BF20D65E2DDF9C7D998FF8D96E733F5B37
11053895804 33218 50063 7C20F6CF1A09EEE4F40FE6F70B0F070213E4AE0B9599CF6348B0EAC781225457
11056223568 55509 24354 C644C615E92B0C9CFC52CC0287E70B8CFC2E50111B4A36FBAEE0D8054172E8B3
11062112890 12177 57042 F8D631E2BABAAA90C2D18950E960A201C4BD9D929E36A93C01F3E4CC368BE579
11062487100 13746 3201 7C20F6CF1A09EEE4F40FE6F70B0F070213E4AE0B9599CF6348B0EAC781225457
11061404985 202 4337 7C20F6CF1A09EEE4F40FE6F70B0F070213E4AE0B9599CF6348B0EAC781225457
11061155789 54204 50348 7C20F6CF1A09EEE4F40FE6F70B0F070213E4AE0B9599CF6348B0EAC781225457
11064101146 17897 37087 28804C3C3DD4D4104CC99B8B03DD088328DC4C15ACDF95A98636490FB56D605B
11059092083 64043 6625 7D2EC7FA81C032B4E6A9A73494B21CB3574887CA3DEADD4CE245A449F76D681E
11059964843 65513 18303 BDE8C3F65F3BF163185131FC5263D8789C4AB91C9D7F6B3FE44E8C584636B12E
11054322887 39239 30549 2CAA39984B918F061EFBFA53BDE510BE54273336346CBC322E17AAF483551535
11056871755 31343 52631 D6BBDA97BAD02BE5A7854EA8E63C7763DDD2B5AC5C5F3CF8B9E281BA7BBBE159
11060113447 13813 37478 7109A663F4EDFA82460FF4A646CEB89360FB503EE0811D3F8D4FD39B44580616
11060751565 37824 61919 7C20F6CF1A09EEE4F40FE6F70B0F070213E4AE0B9599CF6348B0EAC781225457
11056052167 36347 43774 CCD92FAF7237C1B89C40F3EF26B845816746CF5C6554C1C39E144F37E48C1CC9
11055660504 15674 65209 7C20F6CF1A09EEE4F40FE6F70B0F070213E4AE0B9599CF6348B0EAC781225457
11054936319 356 19592 7C20F6CF1A09EEE4F40FE6F70B0F070213E4AE0B9599CF6348B0EAC781225457
11058680888 62352 20441 7C20F6CF1A09EEE4F40FE6F70B0F070213E4AE0B9599CF6348B0EAC781225457
11064213714 42190 59579 7C20F6CF1A09EEE4F40FE6F70B0F070213E4AE0B9599CF6348B0EAC781225457
11055233071 9349 57793 527EB628506A8A7C7BBCEC8C12806131DAD0FF2DCC3B989649099B434FB13813
11057496623 19598 65522 7C20F6CF1A09EEE4F40FE6F70B0F070213E4AE0B9599CF6348B0EAC781225457
11057378972 26286 48778 7C20F6CF1A09EEE4F40FE6F70B0F070213E4AE0B9599CF6348B0EAC781225457
11057847286 1874 57023 7C20F6CF1A09EEE4F40FE6F70B0F070213E4AE0B9599CF6348B0EAC781225457
11061050743 19773 15568 E5F77610D06F64604D2A6F9984B967B14899184CB7FC4957B2EAEB6D78B015B3
11058732662 49603 24219 54FF92B96C35D32B3F7BBA2B0E8A430E0CB1AF54E3AC8CEE2E046D621293E448
11055698001 7871 51870 19B396E9922D0D50670BE0600B54AB12CF313C623565560CFD02DADB7B02F506
11063834657 38691 32154 806DFCCF39FA4361DC47858112E3BEEE2CB2899FF8418FA8652A8FFEC693EE52
11057415925 58502 7540 7C20F6CF1A09EEE4F40FE6F70B0F070213E4AE0B9599CF6348B0EAC781225457
11057897864 52256 65203 7C20F6CF1A09EEE4F40FE6F70B0F070213E4AE0B9599CF6348B0EAC781225457
11058513460 1058 61303 7C20F6CF1A09EEE4F40FE6F70B0F070213E4AE0B9599CF6348B0EAC781225457
11058227703 41999 54670 699960EF0C4EC5D752E09B496D9A1ECE1F5319727DB05445539B0751B9986402
11052969998 16457 23298 9F7876410B30A8E90D93847B875AA9562EFDD49D0900571A8931153A4922A06F
11062834738 36269 30102 880E68212858F6569381FB193A73915EC112C1BE7D35AA51900A1B7B21AD118F
11059440134 53132 54807 7C20F6CF1A09EEE4F40FE6F70B0F070213E4AE0B9599CF6348B0EAC781225457
11061994993 12249 46799 510926142789F91B96F7E76F10B489470D85D1DD5440EA63DF7666DD0883D205
11061401220 4387 36894 A8196B531C9EB18CE112D337767CA6A23EA72365E969D0DAADCEDD79A5B53069
11061646748 35414 51264 7C20F6CF1A09EEE4F40FE6F70B0F070213E4AE0B9599CF6348B0EAC781225457
11054071325 24217 38880 C4370DD4870B469D9495B2B969AF7E0710BBE1B3201C3292E122B4322181FD13
11054790397 61345 56518 10955500538AD794648667E028B9851EEF5EA4CBC5FA3B533C78A3170C0CB520
11056166330 23149 28116 9586C63D2320D2C4E3598DAC156D075F8D78EF3A648292936C4969C4C9E625CB
11059731149 40914 59407 7C20F6CF1A09EEE4F40FE6F70B0F070213E4AE0B9599CF6348B0EAC781225457
11054376609 51744 61612 7C20F6CF1A09EEE4F40FE6F70B0F070213E4AE0B9599CF6348B0EAC781225457
11063168651 57245 34335 C017DAB0C5C6148F18F6607D588725888A78D9B46B8DDA45654C6D058C2B6191
11052921305 16964 43775 7C20F6CF1A09EEE4F40FE6F70B0F070213E4AE0B9599CF6348B0EAC781225457
11061733124 60870 47409 7C20F6CF1A09EEE4F40FE6F70B0F070213E4AE0B9599CF6348B0EAC781225457
11061194845 11299 29335 5E9922A29F1308BB431F14A7F9615861BB998AB4233A7A6F06933582191B2B33
11061535463 19287 60145 AABC796136FB5DDC74FE45686FACA755B42249A25C9E123699B7394540D07E71
11056643511 64234 36875 7C20F6CF1A09EEE4F40FE6F70B0F070213E4AE0B9599CF6348B0EAC781225457
11056176261 24675 37884 AAC96F67B92454380DF5ED8AA532207C1B1612A21324B28AE944C32F08F5E4F5
11053507831 61773 50365 97FC46C84E21365B76596BD7048B3FD39019977D1D29E1764F29B09EE7FD9273
11062437577 45450 29129 7C20F6CF1A09EEE4F40FE6F70B0F070213E4AE0B9599CF6348B0EAC781225457
11062252267 3831 52923 B8963CFBEA0F217EB32BEF144A0C1170F71AD99A7DE8984FC3401785AB293893
11058485687 47865 37907 8A27959DF451DFFBB8C9FB18133F0B9C1CB2608331649C50CEDFB91BFAFB335C
11056076521 51045 56781 FEEF5C3DE64332E25BB6EA6E3FCC52BE382B173DBACEE5F5BE1821AC1BF1A05B
11062544390 2205 6688 190EE7849B03048CE426A6BE830EC3D12ABC5CE8BBD692BA399EAC41897BDBEF
11052907068 7431 10372 5D19D7481AD654B6D60C6BCE28E91336198F9AD2E8CE3A2885F9E898B1A96AA9
11056410216 3023 42922 30CD28BB5FB08634EF7326A38BDF34E19147F97C4C01F84DEAB5B53C4414F87C
11058204424 34329 61041 CEFC6F37B63B6B1068F567677814B10BF9202358D38C8B335942D8E8F8330462
11061457453 55169 37352 FD26D210C2C57E91A6AF2D8EE78EB0EAF376CB486C5F833AC7C1EBF2C073221D
11054227915 65289 6183 010A175BFCAAB04F5240FAEF175F82122D3D87C79C726C7D334DF03BFF29DCD0
11062991592 9700 33982 7C20F6CF1A09EEE4F40FE6F70B0F070213E4AE0B9599CF6348B0EAC781225457

Total of 0 tasks calculated error.
