Total of 100 tasks calculated correctly, accuracy 100.00% 
11065723661 14248 15360 7C20F6CF1A09EEE4F40FE6F70B0F070213E4AE0B9599CF6348B0EAC781225457
11069079527 18153 28286 982C1DECAF5EEE983A9FA7C8A8283E02CC50BC62BB68EF8FA993BB799CECB5E1
11068896592 58915 27629 28D1397B572357539811C9881D385A4C1C9B1276DCC047E77BDE186739FC913D
11070942837 62350 62295 7C20F6CF1A09EEE4F40FE6F70B0F070213E4AE0B9599CF6348B0EAC781225457
11075719352 8317 7423 2F29253CE098F966F8149CBA9D46CB5FAD8BA5693F46252B117168F1240D7E69
11072494166 51843 6694 FFE6C54104C5CCDCA582425AD0F1E085F31D09A546D30DED9ACC889E6AAF5DD8
11074678925 14369 48318 C26920D5CF7C081B999EA661C95A7FCAFA3F6D88BA07D073D29E0984E69C1787
11074816050 29744 55212 7C20F6CF1A09EEE4F40FE6F70B0F070213E4AE0B9599CF6348B0EAC781225457
11074849620 12303 57407 6C6AA6FB205B8AB98D024C188AE2D6BAD8E7AC19094A85E3B898678DB0D0D72E
11074957601 44310 54129 7C20F6CF1A09EEE4F40FE6F70B0F070213E4AE0B9599CF6348B0EAC781225457
11067141488 21762 20502 7C20F6CF1A09EEE4F40FE6F70B0F070213E4AE0B9599CF6348B0EAC781225457
11065388505 53855 38603 507E398C6A96E8B1260328AAFDEC518CCDAFFC7AB265AAE93644767FE2216787
11071835860 1681 52176 48396C8AEE5C3EDE06E857A1C5FC5C6F6A4DA642AC8CD8CE1EAAABE11B2662B8
11071699746 21474 1563 7C20F6CF1A09EEE4F40FE6F70B0F070213E4AE0B9599CF6348B0EAC781225457
11075309139 58744 25312 7C20F6CF1A09EEE4F40FE6F70B0F070213E4AE0B9599CF6348B0EAC781225457
11070632740 39674 5964 7C20F6CF1A09EEE4F40FE6F70B0F070213E4AE0B9599CF6348B0EAC781225457
11075640712 12211 24263 F3FAAD46D83594F06BD7344550679AFBDBFC30AF11ECBADA5F8DDFDB1BB81371
11067298074 57005 16515 170FA45B1873BE19580582168530D406B8B9F942193383D01799258731E54CA0
11070164384 35033 34857 0CDF1CE388BAC152B3EC3D505CDD44EAA931778CCD6D11DEC2C3F562533694B1
11073300488 50558 31737 7C20F6CF1A09EEE4F40FE6F70B0F070213E4AE0B9599CF6348B0EAC781225457
11069834457 51709 266 337D42FFA17EBBD8947B547EF69245DB6CEA4AC1590EA05439FB26D9AA59F594
11064616931 29518 44959 7C20F6CF1A09EEE4F40FE6F70B0F070213E4AE0B9599CF6348B0EAC781225457
11073619118 5671 21423 103576B9A2D3B16DF190EADBB68D2583FCD3490D42C18E2BB2BD57B6356E2C03
11072559309 20484 29621 7C20F6CF1A09EEE4F40FE6F70B0F070213E4AE0B9599CF6348B0EAC781225457
11075273513 47803 42302 117156EDAE231BE4BF60E918A0035A42FE75C7A6DD3DB6F9CEE259F37CDE9876
11075922392 61450 10909 7C20F6CF1A09EEE4F40FE6F70B0F070213E4AE0B9599CF6348B0EAC781225457
11073830394 32006 7884 7C20F6CF1A09EEE4F40FE6F70B0F070213E4AE0B9599CF6348B0EAC781225457
11075027380 36365 5739 9D215475FEDD8391BD6FA08F80B212522BD6AEF953F596C217F116449FFC416D
11075176833 32671 61576 7EEB05172BD18582D411F728A94382F1FC2C8CA05DD0B0FD600E62E72BB4D12B
11073753122 9006 20634 7C20F6CF1A09EEE4F40FE6F70B0F070213E4AE0B9599CF6348B0EAC781225457
11075268885 46280 11216 7C20F6CF1A09EEE4F40FE6F70B0F070213E4AE0B9599CF6348B0EAC781225457
11069338426 33548 17941 7C20F6CF1A09EEE4F40FE6F70B0F070213E4AE0B9599CF6348B0EAC781225457
11067225102 17703 30270 46733335CF6C73964D9387DDB60A8B0B3DA7AC35026C978C488B9654314BECF2
11068072767 21220 26389 7C20F6CF1A09EEE4F40FE6F70B0F070213E4AE0B9599CF6348B0EAC781225457
11071351490 48426 41463 7C20F6CF1A09EEE4F40FE6F70B0F070213E4AE0B9599CF6348B0EAC781225457
11067493654 47257 18847 3443AC8A66694B104EC404DDCB8AC6DD4301EBA02A92FFC4EED1F20D1AFD42EC
11066810075 10675 61676 6233CD47D2D687FAD578DAC0439DFD5320B317B669EC9DEBD6C2169A25962AF3
11071079377 41352 45425 7C20F6CF1A09EEE4F40FE6F70B0F070213E4AE0B9599CF6348B0EAC781225457
11070622088 31733 23605 65496E5BAAB8D49853798409F8DCD3E082B16D4DCB0B94151D63B7729BD58235
11074739771 44037 3405 D1DEE34E8FE3393A8C01610A83EBA975A4B277B446C9E8565C5124C16785F7B0
11075602035 43792 5563 7C20F6CF1A09EEE4F40FE6F70B0F070213E4AE0B9599CF6348B0EAC781225457
11072838684 54804 33421 7C20F6CF1A09EEE4F40FE6F70B0F070213E4AE0B9599CF6348B0EAC781225457
11067551491 25257 54343 9700017AFF9019686575CD653DE042A7E38ECF73C9455F9B9FE3BCF77C8F8B22
11076148489 33810 24535 7C20F6CF1A09EEE4F40FE6F70B0F070213E4AE0B9599CF6348B0EAC781225457
11070563299 8575 6672 4C879B0766E660438B87F342327D2A58037B4BBB05158ACCB40A90FA55E1A441
11073883170 11316 34323 7C20F6CF1A09EEE4F40FE6F70B0F070213E4AE0B9599CF6348B0EAC781225457
11071614263 19182 56445 7C20F6CF1A09EEE4F40FE6F70B0F070213E4AE0B9599CF6348B0EAC781225457
11075788334 1451 48894 43F78092B577FEDDDF04FE1EA7DD41D61F127A3229172CC77882AA7F83548F1C
11072567583 33941 19038 67E7802D3309934D2857ACB3211019B2F0352B3584A51C0845566D8F413D7864
11076265082 57726 62350 7C20F6CF1A09EEE4F40FE6F70B0F070213E4AE0B9599CF6348B0EAC781225457
11069457964 61080 41648 7C20F6CF1A09EEE4F40FE6F70B0F070213E4AE0B9599CF6348B0EAC781225457
11071308603 42976 5030 7C20F6CF1A09EEE4F40FE6F70B0F070213E4AE0B9599CF6348B0EAC781225457
11075469145 27500 33062 7C20F6CF1A09EEE4F40FE6F70B0F070213E4AE0B9599CF6348B0EAC781225457
11071776089 913 23563 4AF555D3BB44C5B78EC766137DED793076BD97C14693E434EB000AEFC413EA41
11068125685 11636 22333 7C20F6CF1A09EEE4F40FE6F70B0F070213E4AE0B9599CF6348B0EAC781225457
11071566695 21051 13757 F6B2DF265CAC86C83E4354EB79F0F77B14686B441236F58FCFA842CB80992287
11066441254 57715 34835 D1588B5F184F4040737619CA8FA444B602DE9B093FCDDC43044E40099AB7D058
11073675747 40350 22596 7C20F6CF1A09EEE4F40FE6F70B0F070213E4AE0B9599CF6348B0EAC781225457
11065508367 64099 7889 5379733450BDC36B0CB7C0B21289A4087D7B96233037896444CABDEC00AE3865
11064641642 148 37190 7C20F6CF1A09EEE4F40FE6F70B0F070213E4AE0B9599CF6348B0EAC781225457
11068994857 14646 24580 7C20F6CF1A09EEE4F40FE6F70B0F070213E4AE0B9599CF6348B0EAC781225457
11074078381 9474 11385 7C20F6CF1A09EEE4F40FE6F70B0F070213E4AE0B9599CF6348B0EAC781225457
11071947943 39355 10860 FEBAC5428341C3CE81564312B99245D386A719417515C66319BB7379208843D2
11071402330 6544 49239 7C20F6CF1A09EEE4F40FE6F70B0F070213E4AE0B9599CF6348B0EAC781225457
11064902667 43915 21682 E1392BC2308A79C32626373F3994A52BE92D6DC29F27753E170666DD7DF70EB7
11070315605 21147 49789 BF4B93E3CE10567E29B8817736CFE6C1A4CD821526A6E3994ED27DCDC44E4C60
11071620793 40444 6688 7C20F6CF1A09EEE4F40FE6F70B0F070213E4AE0B9599CF6348B0EAC781225457
11064638488 60188 44967 7C20F6CF1A09EEE4F40FE6F70B0F070213E4AE0B9599CF6348B0EAC781225457
11068361918 61824 488 7C20F6CF1A09EEE4F40FE6F70B0F070213E4AE0B9599CF6348B0EAC781225457
11070216553 17128 22383 7C20F6CF1A09EEE4F40FE6F70B0F070213E4AE0B9599CF6348B0EAC781225457
11064802847 4112 865 7C20F6CF1A09EEE4F40FE6F70B0F070213E4AE0B9599CF6348B0EAC781225457
11070160429 16073 18244 1CF2DF9664B9ED7D6023604EC6354AB34431ED7D8A86A6D56B5F7BAC1B5C04A0
11071650430 22037 60836 9E915CF80F30D56385E5FFD84FD475DD00A7B2F8284554AD6D85E9834138D013
11069780744 9243 49180 957D16EB007CCB895BA20C37C9DFDBCFEA30C57F97D66CC252740EA1C4EF4E4D
11065273465 11522 35172 7C20F6CF1A09EEE4F40FE6F70B0F070213E4AE0B9599CF6348B0EAC781225457
11076037470 52160 41715 7C20F6CF1A09EEE4F40FE6F70B0F070213E4AE0B9599CF6348B0EAC781225457
11066194183 58542 45329 7C20F6CF1A09EEE4F40FE6F70B0F070213E4AE0B9599CF6348B0EAC781225457
11070568107 54639 45669 0BF8E4D34381F0F6F38325CD71725C6809A86FD7121A8416DEDFD0C90CFF9C2C
11066397851 59483 34325 D5860C42DAA659084BB9BE1C5B99F15E9F58EA130FBF355050A2DD4435B0E90C
11074429804 28705 37317 0AC88E98FF25E0F4A2585B7211B9E7103E421AFC8FE65DFE1CAB8A32B3E06203
11067894593 44929 15862 F5736E2B8A378AE59278CAC5EE717387B93C7897C8DE7D3ACAADD6B3364E86DD
11075694063 39630 14203 7C20F6CF1A09EEE4F40FE6F70B0F070213E4AE0B9599CF6348B0EAC781225457
11075674287 38947 30004 F098218DC5322FD7801871C852568614D654224C276AC54CF3854C138A26753F
11075364933 31244 7889 7C20F6CF1A09EEE4F40FE6F70B0F070213E4AE0B9599CF6348B0EAC781225457
11076271885 48951 13799 B08E9040E662F07367A9341888DD6EF6E3851EF2A90B284960A3BB8A81178297
11064776593 48171 56642 E9485911BAE9885DE3C67699CBC553D7C24971B7862A5E98346292E1B3E7A27C
11073286917 3863 44966 62FF024C2B6DCBFABEA32D42FE091FD63BACEC4BA126667499F409AB7CEDB955
11072695520 11224 43158 7C20F6CF1A09EEE4F40FE6F70B0F070213E4AE0B9599CF6348B0EAC781225457
11068210316 18908 46148 7C20F6CF1A09EEE4F40FE6F70B0F070213E4AE0B9599CF6348B0EAC781225457
11070282332 25972 45454 7C20F6CF1A09EEE4F40FE6F70B0F070213E4AE0B9599CF6348B0EAC781225457
11065553974 34031 13295 1C06AD9517E4778B284382CCDFAC5D5543AD4E879A9DEAB187ADCB1ABC5C5C99
11067755541 53065 57446 F3144FB271839E12A41234316931B0EFCF66A0D5496A1A256C14AE199B85567C
11066970168 22486 25843 7C20F6CF1A09EEE4F40FE6F70B0F070213E4AE0B9599CF6348B0EAC781225457
11072954876 5919 38362 1CF14DD7E2B4D63C1DC57A271F1E3E9702D7D9E25075481CFC76698D89CE14AF
11067324879 37277 5053 DD11428BD8C89BEAF873FEC632E8FEA97B34BA44C27E1D4A44E6B2D06D3AD2F9
11076107166 24367 10892 0A7F0529779984A248D70A24646E2D56C51FF96B43C0400D06254285132F6BA1
11073626136 12118 5046 7C20F6CF1A09EEE4F40FE6F70B0F070213E4AE0B9599CF6348B0EAC781225457
11069429689 42907 17249 EE0EADFE44A4B18EB48A7A898F049919EA1085740E31B61D42C802397CDF6DEF
11073704844 36972 37444 7C20F6CF1A09EEE4F40FE6F70B0F070213E4AE0B9599CF6348B0EAC781225457
11070847367 2469 56087 135E88D1D8FF5C7772F764344D4DF130DE09A6840E85E43E718776AB26EC70AF

Total of 0 tasks calculated error.
