Total of 100 tasks calculated correctly, accuracy 100.00% 
11077924478 33382 50923 7C20F6CF1A09EEE4F40FE6F70B0F070213E4AE0B9599CF6348B0EAC781225457
11082590968 46808 45337 7C20F6CF1A09EEE4F40FE6F70B0F070213E4AE0B9599CF6348B0EAC781225457
11081935750 24987 49039 A4EB95AD7073AC9A111351FC910D20934D4CD4BD5583094D49ECD5E020B46388
11083333017 6980 32787 7C20F6CF1A09EEE4F40FE6F70B0F070213E4AE0B9599CF6348B0EAC781225457
11088182282 43482 20055 7C20F6CF1A09EEE4F40FE6F70B0F070213E4AE0B9599CF6348B0EAC781225457
11087536941 13088 46996 7C20F6CF1A09EEE4F40FE6F70B0F070213E4AE0B9599CF6348B0EAC781225457
11081269798 63520 34899 7C20F6CF1A09EEE4F40FE6F70B0F070213E4AE0B9599CF6348B0EAC781225457
11087876973 4017 22476 ADF1FCC278F62548D40BE445FAEA7EB8610D5415B9A5176DB0FDAC7824AAB9A9
11078709737 41486 23416 7C20F6CF1A09EEE4F40FE6F70B0F070213E4AE0B9599CF6348B0EAC781225457
11076925306 23126 47406 7C20F6CF1A09EEE4F40FE6F70B0F070213E4AE0B9599CF6348B0EAC781225457
11087651858 5735 26514 43C8C17A2EF2E087D400DC8C307EA214070EA1194AD68E37DEED2DB9CB1D9B8A
11083314628 45243 42127 44488E2DE527978F6A252ADC146406223B178C7770210E5290DBB346504C20F3
11083747775 15956 61587 7C20F6CF1A09EEE4F40FE6F70B0F070213E4AE0B9599CF6348B0EAC781225457
11086356896 2443 26318 9636C9449EEB47E772C80EA6C5815252B5565DFE4D5921643D306AE8294B7A98
11076994694 41224 59306 7C20F6CF1A09EEE4F40FE6F70B0F070213E4AE0B9599CF6348B0EAC781225457
11082675590 9712 63430 7C20F6CF1A09EEE4F40FE6F70B0F070213E4AE0B9599CF6348B0EAC781225457
11077512306 54435 6653 8ECA84D0D87534B48EFA69904E6215E5A46229BD27A5882CBA90736C7141FD5C
11079717224 44836 50932 7C20F6CF1A09EEE4F40FE6F70B0F070213E4AE0B9599CF6348B0EAC781225457
11081876640 59602 40330 7C20F6CF1A09EEE4F40FE6F70B0F070213E4AE0B9599CF6348B0EAC781225457
11080059126 54836 55290 7C20F6CF1A09EEE4F40FE6F70B0F070213E4AE0B9599CF6348B0EAC781225457
11081521581 56182 31020 7C20F6CF1A09EEE4F40FE6F70B0F070213E4AE0B9599CF6348B0EAC781225457
11076865921 19177 5024 F2F66164B289B2AEE73FC50CD52D962D7A43157F05029F7A50BA4EF990A4C0DA
11076792105 11637 17704 E2B2D3484F694E2D2CE9CC790E296D00DD9C9E9FDB59A64B6E5F5D41ABA75543
11078861027 43161 11488 A57A97A2D14C46139D2DE43783A015C5B06B500D6D40C9F43D83F8A22ECC50DC
11081495362 64564 33521 7C20F6CF1A09EEE4F40FE6F70B0F070213E4AE0B9599CF6348B0EAC781225457
11079621395 5483 54732 741B2E03EC1662265E7B1BD3AD2B6C976C95C42500AC63626FBE3F2C001EF902
11081141209 22127 28319 9529EB24B590E6CC64311114982C2E22E2D7135F8924672519E3BA2F26BF3056
11076729026 59186 55636 7C20F6CF1A09EEE4F40FE6F70B0F070213E4AE0B9599CF6348B0EAC781225457
11087592156 58357 9426 4EEA53EA4B6FB24E6AF7AA297781FB8A9EFC7607F921F1AB8CB20EA0512BDF52
11081095100 19611 52274 3194597C978D324FA7CDAED9AE3AAFE49E573D858C687CD45966AB5D7E273730
11079905254 47161 5946 4FB46128AA2A15F3459E86A578803F712B73F23704CB807050945662A0992DF3
11081509900 33452 22839 7C20F6CF1A09EEE4F40FE6F70B0F070213E4AE0B9599CF6348B0EAC781225457
11079606987 6151 25153 F5B3D6F74E7A83B30690E41AAA80CC0207B12C4CAD67D98D3E45495E2B157012
11083307647 3296 41575 7C20F6CF1A09EEE4F40FE6F70B0F070213E4AE0B9599CF6348B0EAC781225457
11082826083 44764 65497 7C20F6CF1A09EEE4F40FE6F70B0F070213E4AE0B9599CF6348B0EAC781225457
11085982994 14332 30066 7C20F6CF1A09EEE4F40FE6F70B0F070213E4AE0B9599CF6348B0EAC781225457
11085212897 55294 29716 7C20F6CF1A09EEE4F40FE6F70B0F070213E4AE0B9599CF6348B0EAC781225457
11080324785 3651 10402 1C5F0DF9263136F404A2F5E634F49CF685F8752B5BDBCCD70EF24EA0A7068821
11077936151 50303 58334 EE71F2BCB4F09B28EA665D9EB64096BDA019609C1ECB519DD22D85FF0C70A01C
11078974915 1978 10252 7C20F6CF1A09EEE4F40FE6F70B0F070213E4AE0B9599CF6348B0EAC781225457
11083442385 20907 20415 FE4A2642FE29B507A3509C9691036714A197824CA38EE17C135FEA0360A6B716
11083412957 13611 53556 9EB01BA37D4C9A19B56DE5FA2128FBD057721CE5702E490CA4FB06CA4EE98D51
11080209490 11176 38021 7C20F6CF1A09EEE4F40FE6F70B0F070213E4AE0B9599CF6348B0EAC781225457
11083983771 61740 33963 7C20F6CF1A09EEE4F40FE6F70B0F070213E4AE0B9599CF6348B0EAC781225457
11088336516 51529 61940 0AC77986C2043DE5F2C22D9053EE336929862487A43FE02B6C3229D65BE4B988
11079526655 23889 45989 2CFC60C35888978234D34FAB63451B8EC0844A9C92A885EBCB4B1F7D6B00EA3E
11082441574 38616 25453 7C20F6CF1A09EEE4F40FE6F70B0F070213E4AE0B9599CF6348B0EAC781225457
11084211120 56730 17876 7C20F6CF1A09EEE4F40FE6F70B0F070213E4AE0B9599CF6348B0EAC781225457
11083650436 17482 45573 7C20F6CF1A09EEE4F40FE6F70B0F070213E4AE0B9599CF6348B0EAC781225457
11086180257 10830 48731 7C20F6CF1A09EEE4F40FE6F70B0F070213E4AE0B9599CF6348B0EAC781225457
11086897196 13424 63706 7C20F6CF1A09EEE4F40FE6F70B0F070213E4AE0B9599CF6348B0EAC781225457
11076702944 17009 45576 0170F26D8C48363952072B5CC45C257D991F9B90905FE78B7EFC9F6DCA567901
11086669248 14300 41060 7C20F6CF1A09EEE4F40FE6F70B0F070213E4AE0B9599CF6348B0EAC781225457
11079590266 35655 15209 0BA884BBBD2E468DDCBBF6FA3EA2597ADE761A17E85F6A83F97186D62E5333A0
11081146365 32165 47081 6F063654C0DBB0D91469CECBDA03D815A3D7B2616ACA4F015A4988F73154E636
11084243734 47020 27497 7C20F6CF1A09EEE4F40FE6F70B0F070213E4AE0B9599CF6348B0EAC781225457
11082456451 38302 12424 7C20F6CF1A09EEE4F40FE6F70B0F070213E4AE0B9599CF6348B0EAC781225457
11084075326 33140 21627 7C20F6CF1A09EEE4F40FE6F70B0F070213E4AE0B9599CF6348B0EAC781225457
11076794163 9448 48731 7C20F6CF1A09EEE4F40FE6F70B0F070213E4AE0B9599CF6348B0EAC781225457
11077296680 55093 64985 9FB24A614A768A40F9F838D6BF5EAFABEE7176E2517F6CCFEF5E96D257E4DB42
11088085147 57461 37178 D46989B17370D1E1D86B46E1DE22D4AAB0E5C9B6E55E0CB609482458C2AB7AF8
11081211259 27464 17206 7C20F6CF1A09EEE4F40FE6F70B0F070213E4AE0B9599CF6348B0EAC781225457
11077819749 55734 53973 7C20F6CF1A09EEE4F40FE6F70B0F070213E4AE0B9599CF6348B0EAC781225457
11085761302 2908 29479 7C20F6CF1A09EEE4F40FE6F70B0F070213E4AE0B9599CF6348B0EAC781225457
11084341281 577 59000 FB5B173C5C42F2BACA35440EFB3E47BE37AC6A702415F184F70577806924EA7E
11076564985 13264 20848 7C20F6CF1A09EEE4F40FE6F70B0F070213E4AE0B9599CF6348B0EAC781225457
11084932020 353 6760 5EA23202CCA6898793DC4AE016E53B4577A98FEE53CCB00E221D4D877A45B242
11078903318 2319 46869 8CE2A38877F58A050AE6122F8C15CE7A3B91B7E5A9154D9AC3FA6DD8F179EDEE
11086845046 56306 38853 7C20F6CF1A09EEE4F40FE6F70B0F070213E4AE0B9599CF6348B0EAC781225457
11080067233 17890 60920 7C20F6CF1A09EEE4F40FE6F70B0F070213E4AE0B9599CF6348B0EAC781225457
11077155377 14250 32360 7C20F6CF1A09EEE4F40FE6F70B0F070213E4AE0B9599CF6348B0EAC781225457
11079547201 60551 28833 2627C2F59B3E4F36DD9DC2C166B82A2FAE82EF6BC05FFF666732B3CEC56111DE
11087861313 18605 31744 FC75DCDFDB1F8CB13A31A15208C5838FBC41CE7CB6AB79BFD944498D7DC8ACDF
11081450685 39808 5211 7C20F6CF1A09EEE4F40FE6F70B0F070213E4AE0B9599CF6348B0EAC781225457
11083711970 2417 27482 A0865B2698D837CC851D8505ECFA7ED8E4AE5432246E8838CD247677E2BBCF8B
11085548751 45176 50623 7C20F6CF1A09EEE4F40FE6F70B0F070213E4AE0B9599CF6348B0EAC781225457
11086809048 58959 5279 B15C7DA67D66F741CA21D563925D9A5208000301F1F755C78319922571FAC461
11083649551 38753 6291 F64051A81552A361939C17B407CE4C1EA30BACE2CFE880FEDD4F9BEACE14AC49
11082299367 45005 4779 D986F367AB7397323AF49B8E7912D83325E1F45D25B38FF4A4240D8F4A68E3F4
11082103166 18297 11591 A41889FD7395AEB54822A5A94A588B36FC2D795349A6D2AD1FC3A18839B54D80
11081450357 63275 56769 C32EE5F89F4AAFF60DB2C49FE095530A07EDDC3315D4DB808300AD32BCEF51F2
11079293782 44790 31997 7C20F6CF1A09EEE4F40FE6F70B0F070213E4AE0B9599CF6348B0EAC781225457
11080405483 42687 60149 7B78899D22A58150ECA42FEF2B1F183313B56C30248F7A4926E3E584EA062796
11079967126 43853 19426 1C206E5CBAAE0E5E525D2B17693DE21192E41734BBDA7006213EA34BF5D2E4F7
11084280524 29598 63278 7C20F6CF1A09EEE4F40FE6F70B0F070213E4AE0B9599CF6348B0EAC781225457
11078203292 21246 59411 7C20F6CF1A09EEE4F40FE6F70B0F070213E4AE0B9599CF6348B0EAC781225457
11078624053 46443 23291 E07B7969829256D175295C08DD36CC389FA9027E64519E143D51374C90C92A62
11086350930 1209 11044 D3600ED12F1BFA81858B26778B6855A127E04B1640FD2EB4F039C083D872EF1F
11079318360 7179 65264 D9AA3DFF639A5ED6F33B633EFA9F37BDB77FDC928312C1242BB50DC5A9978D3A
11081646032 2571 54576 DECBF21B988F6B0FB56D7596D61A74978D73C2CADCA9D405EB27695B7DF3AB79
11085870981 33478 65310 7C20F6CF1A09EEE4F40FE6F70B0F070213E4AE0B9599CF6348B0EAC781225457
11087309714 11833 7483 BF6658918E4CDFA7A5FE7D1D6057135C32247EA92DAFDF94F52798CD99210AE2
11077445368 28909 22084 23E6840A395F376C62A24DD4D358BAD9171146FAAEF922B5C34424342C06FE03
11084691567 33337 19896 E2A54FEA6555AA9E553AC50B35809B29D7BF863A4106BF65AA87EB575FDEFA8F
11080233945 41338 2809 7C20F6CF1A09EEE4F40FE6F70B0F070213E4AE0B9599CF6348B0EAC781225457
11081964649 7672 44084 7C20F6CF1A09EEE4F40FE6F70B0F070213E4AE0B9599CF6348B0EAC781225457
11080368995 34608 13708 7C20F6CF1A09EEE4F40FE6F70B0F070213E4AE0B9599CF6348B0EAC781225457
11082271490 31404 61109 7C20F6CF1A09EEE4F40FE6F70B0F070213E4AE0B9599CF6348B0EAC781225457
11086320150 8524 31771 7C20F6CF1A09EEE4F40FE6F70B0F070213E4AE0B9599CF6348B0EAC781225457
11087507085 46287 51335 183F755AED87ADE2AA193EFD85759AFFFA2A7E15DFE196790FB9C795DC2A651E

Total of 0 tasks calculated error.
