Total of 100 tasks calculated correctly, accuracy 100.00% 
11103132666 59176 27659 7C20F6CF1A09EEE4F40FE6F70B0F070213E4AE0B9599CF6348B0EAC781225457
11106996460 43388 5274 7C20F6CF1A09EEE4F40FE6F70B0F070213E4AE0B9599CF6348B0EAC781225457
11101940344 39919 65023 B55BD309E206D93F7DF6FB2B11684BD3DA216050EA71AFBAB8AEEB46FCA00C31
11110960918 41275 1028 58C6330B7242FB4A1628E3C5E0E041450AA06B3CE4353655A118A59790F6A88E
11110944573 40758 16726 7C20F6CF1A09EEE4F40FE6F70B0F070213E4AE0B9599CF6348B0EAC781225457
11108204868 61646 3021 7C20F6CF1A09EEE4F40FE6F70B0F070213E4AE0B9599CF6348B0EAC781225457
11107062695 34045 21041 68B0948D5F045E298F4D2C1755F791AC78BDEFD05391EFDC27B6CDA3E82ECD23
11102562981 45960 54728 7C20F6CF1A09EEE4F40FE6F70B0F070213E4AE0B9599CF6348B0EAC781225457
11100837864 48771 19395 844507B8D44D861628F59C4815D678B2EBA7EE93C9C7B055805D6332B22F272F
11109136471 40298 29398 7C20F6CF1A09EEE4F40FE6F70B0F070213E4AE0B9599CF6348B0EAC781225457
11110815628 46184 59469 7C20F6CF1A09EEE4F40FE6F70B0F070213E4AE0B9599CF6348B0EAC781225457
11104698298 35188 32313 7C20F6CF1A09EEE4F40FE6F70B0F070213E4AE0B9599CF6348B0EAC781225457
11103304546 61467 15361 DE62FFCAF4AEE2977691DC291BFC01AA6294F694BFD47A9951DA4B087D9D4DEC
11105296148 14444 45486 7C20F6CF1A09EEE4F40FE6F70B0F070213E4AE0B9599CF6348B0EAC781225457
11108282105 54451 44892 15BDB9B6B961E2CDDF498582705D14FD444A8F7C3A5E100497E85278FF124A44
11107215094 753 60972 0C96806ED31D27F12A05828985EC131694DE16AE5B2A5C519C62949E0ABB20F3
11109812955 55740 52888 7C20F6CF1A09EEE4F40FE6F70B0F070213E4AE0B9599CF6348B0EAC781225457
11102123501 37130 20516 7C20F6CF1A09EEE4F40FE6F70B0F070213E4AE0B9599CF6348B0EAC781225457
11110587317 44671 56308 9052B377ED7D839AC9C78707759DE061297FF8AE3FE4DD13BC53C0C97FE57D65
11101224684 51451 35481 D941B6026E2E5FED6081AE4349167FEEE82B30061207B392D9C0A7C9411E5909
11106681071 21855 15852 1F9F681915B5F378098B601C093DBF829B3FAD0F3F2CDD7803B8000BC489D1F2
11101144224 32675 38648 35F3BA5761CEE503A4171EB1FC7AFB951A1CC4E06A16B3DE16BEBBF77331AD6A
11103862135 19854 28543 7C20F6CF1A09EEE4F40FE6F70B0F070213E4AE0B9599CF6348B0EAC781225457
11107577800 52474 61811 7C20F6CF1A09EEE4F40FE6F70B0F070213E4AE0B9599CF6348B0EAC781225457
11105664593 65117 27010 DBF996B648C6A9B045010F42F85E067A1C9767EE402A1F52ECB617FA4F15D9D5
11106588411 55656 14974 7C20F6CF1A09EEE4F40FE6F70B0F070213E4AE0B9599CF6348B0EAC781225457
11101972896 21810 12864 7C20F6CF1A09EEE4F40FE6F70B0F070213E4AE0B9599CF6348B0EAC781225457
11102256766 29079 45550 258358BF432C860D25873ED5F1250459856A76419EDA4D4BDDD944BD9C7F28FB
11109955260 25347 26129 D1198430A8DE6EB3C971E723CE605CB72FAA6DF32E01CBF41B4B78925C7DD762
11106935768 20745 11650 63C220837718059977AC285D64E6FD720A5EE402F5A15CD1F81345A9B183996B
11111999743 31822 57733 7C20F6CF1A09EEE4F40FE6F70B0F070213E4AE0B9599CF6348B0EAC781225457
11106462814 56181 61397 0E4339C20169A952374CF42262433594B6A9F69BE97849C19AFD199975072E75
11108319961 1991 25373 DB76FB33FDF40BEA9FA3782A07CB79B9C42EA38B929D7667732B3A4D8A96FA6D
11107023848 38323 33677 DA68BF377A3A1B507A7D758F8EA3B89647EF4207804FEE085C2F33460A709464
11107296836 34034 53019 7C20F6CF1A09EEE4F40FE6F70B0F070213E4AE0B9599CF6348B0EAC781225457
11107801372 54786 21576 7C20F6CF1A09EEE4F40FE6F70B0F070213E4AE0B9599CF6348B0EAC781225457
11106803563 41276 31357 7C20F6CF1A09EEE4F40FE6F70B0F070213E4AE0B9599CF6348B0EAC781225457
11101780147 25354 63670 7C20F6CF1A09EEE4F40FE6F70B0F070213E4AE0B9599CF6348B0EAC781225457
11106985061 11236 14888 7C20F6CF1A09EEE4F40FE6F70B0F070213E4AE0B9599CF6348B0EAC781225457
11104881604 22800 37675 7C20F6CF1A09EEE4F40FE6F70B0F070213E4AE0B9599CF6348B0EAC781225457
11106838752 2608 27033 7C20F6CF1A09EEE4F40FE6F70B0F070213E4AE0B9599CF6348B0EAC781225457
11103426321 21442 51475 7C20F6CF1A09EEE4F40FE6F70B0F070213E4AE0B9599CF6348B0EAC781225457
11101425681 8611 22011 00EB6BC6FE0BFCC12637FDFAA02DD61759F469F9FAAE0581AE45A41CA01D591F
11110873507 62764 37117 7C20F6CF1A09EEE4F40FE6F70B0F070213E4AE0B9599CF6348B0EAC781225457
11107185253 2308 42137 7C20F6CF1A09EEE4F40FE6F70B0F070213E4AE0B9599CF6348B0EAC781225457
11103094187 53497 17031 B8790A5E81E5D97408442833458C1E25C7E7696DF70C99EF4BDA66879FE8F0EB
11110714900 864 59651 7C20F6CF1A09EEE4F40FE6F70B0F070213E4AE0B9599CF6348B0EAC781225457
11112090344 35789 20237 D6F247BDA87339D9C032495BDBD33091FD471B2CE1475DE35974F89634706BB1
11105305478 60709 6777 8A76E1FE00B358244244E83F3D05E21CC2BC4BFC482E051EC5A9EDF5581DA581
11110618219 15427 60612 67C3B7909DA7D41AD34A6F1DCA1311BA0D86182A75E129E08BA523541A5E8CD1
11110105449 31653 30223 E8ED7E1843F860282EE6D48651A33284608E29E12AEB0C8A98D4D4FFF3693CE2
11109808907 14679 27207 6B4519DED88C2A07E6CE9C635ACF3F897BCE750273EC74E9E4005CFF08A1194D
11109886450 34423 28474 EEB7194A6F626E8CBF195D2E498FC69D13484335359974734785E60EFAB48630
11102093629 9821 952 8D4CFF11DF275C70A9DB7CEFFA40F228AAB14F339917613BD92CBF1B9567FD5E
11108942805 60703 59726 5C7BF41CEC6B8D9922D6E911A7EDAB923DE7BD954F55653B30FE472DD9EFA45E
11110893551 64130 64879 7C20F6CF1A09EEE4F40FE6F70B0F070213E4AE0B9599CF6348B0EAC781225457
11105697456 36395 41349 D5E66C4A7584AAD453E4EC18DDC305E17B26C46CCC5462EAED9240D035EB301B
11107265578 11161 37868 0A07FC98E24444E26986260C818954A5B57E0D5370BCB1CE747FC6F60FFA7316
11106894553 16566 38941 7C20F6CF1A09EEE4F40FE6F70B0F070213E4AE0B9599CF6348B0EAC781225457
11104306973 17430 6341 7C20F6CF1A09EEE4F40FE6F70B0F070213E4AE0B9599CF6348B0EAC781225457
11105336026 9401 19878 74F517128B65668375940957CE7FAD9C974C0F79ED05CD6CDDE8904600DD0588
11109464946 29114 7157 7C20F6CF1A09EEE4F40FE6F70B0F070213E4AE0B9599CF6348B0EAC781225457
11107668954 30969 824 6A2ED2F19A94C420CC8DC1BF90FFE813427D8A7C326BB7A843D4F1B64342F834
11105832536 42415 25472 FF71E699410AA46D182CB6E9B1065F1A5FA66AF50172DB6CA1FD4779DF2EE865
11109842531 15191 57022 2F5E4D7E5B645BDD75E5C4D8D62828B09F915FD41F31AFBBB9253748DAE2ED91
11106603807 32130 61305 7C20F6CF1A09EEE4F40FE6F70B0F070213E4AE0B9599CF6348B0EAC781225457
11103213545 60726 55225 7C20F6CF1A09EEE4F40FE6F70B0F070213E4AE0B9599CF6348B0EAC781225457
11106638754 42987 19544 14E5287E3885B3BF273FF0B568231FB08BB81761095E6AE2B2D6A7D8940D7522
11110511284 16466 57725 7C20F6CF1A09EEE4F40FE6F70B0F070213E4AE0B9599CF6348B0EAC781225457
11103695268 1959 3884 D2E2B253AEB461A09DF3D413A3501D4497B09100E06642F4412B755FE9794EC2
11104856368 28548 40432 7C20F6CF1A09EEE4F40FE6F70B0F070213E4AE0B9599CF6348B0EAC781225457
11104865948 49519 58486 0BFF12290A5B46EC76748D149EE719F0877D01804DE1DB5611D7707EE7575FFF
11110570891 52859 47720 E71B640704F3D02E5E4FE6C7F975F44A022082DD76682822CE351F59BD1F8A28
11105150673 807 9863 8BB60E58C9DBA582C6E29FEFA3DF26691FC68B24041F69F7F7BB572AA82DFABA
11109332819 38514 9840 7C20F6CF1A09EEE4F40FE6F70B0F070213E4AE0B9599CF6348B0EAC781225457
11108553997 11302 31921 7C20F6CF1A09EEE4F40FE6F70B0F070213E4AE0B9599CF6348B0EAC781225457
11103887907 17808 27829 7C20F6CF1A09EEE4F40FE6F70B0F070213E4AE0B9599CF6348B0EAC781225457
11102143635 54140 24767 7C20F6CF1A09EEE4F40FE6F70B0F070213E4AE0B9599CF6348B0EAC781225457
11106237839 4586 38866 7C20F6CF1A09EEE4F40FE6F70B0F070213E4AE0B9599CF6348B0EAC781225457
11102098276 53024 938 7C20F6CF1A09EEE4F40FE6F70B0F070213E4AE0B9599CF6348B0EAC781225457
11110772704 63871 10483 09651F5AD368AD71ACFB7F07EDC23663410351E7ACF240843217975C34436BD7
11101879429 6744 9711 7C20F6CF1A09EEE4F40FE6F70B0F070213E4AE0B9599CF6348B0EAC781225457
11105983734 57725 57396 2923D84B07BAC26474EE9381223063E12BC96EFED357AD3AE14D178F18BD6F22
11110037283 37050 63516 7C20F6CF1A09EEE4F40FE6F70B0F070213E4AE0B9599CF6348B0EAC781225457
11105357027 55620 60576 7C20F6CF1A09EEE4F40FE6F70B0F070213E4AE0B9599CF6348B0EAC781225457
11102478561 59687 42262 0AEC6DB7D26FFBA66E663D43617A3A7C9459ACA4E008B944E96EDAD0F477D707
11103969090 54902 8530 7C20F6CF1A09EEE4F40FE6F70B0F070213E4AE0B9599CF6348B0EAC781225457
11107867588 3599 58575 1D102A890DE80D96D3B8BF99FB6C83211C451C63CB9886A83FA58E3CE6DED2AD
11105610216 41550 62787 7C20F6CF1A09EEE4F40FE6F70B0F070213E4AE0B9599CF6348B0EAC781225457
11107085063 33795 61133 3173BBC0CBD507D1DD2BFBB1F4A60CBA1D5399B7592D6D8633787D305DFAC8C6
11101819919 60043 11800 654EFEEB81D2B9F330CD3DAE221A06102BD97E6DEC444E6E9033F7437FBE5B42
11107900990 63780 58480 7C20F6CF1A09EEE4F40FE6F70B0F070213E4AE0B9599CF6348B0EAC781225457
11112188629 32319 21961 01A90995E1DDF5B1A28D76AC11B2AECA15BA06E022F7E13538F0D5E91CDCAEC7
11103085955 46733 27994 BC1B8CAD825EBC46E3CD73BBD7EF7D3218511CCB1E49E12F02A7CDEEC3C40C2D
11111141990 32675 50090 DA8D58FF3162C14E4F4E34D50722DD4187E3F349D8888FD2ED50D6CC70D08C5A
11103780915 26020 63757 7C20F6CF1A09EEE4F40FE6F70B0F070213E4AE0B9599CF6348B0EAC781225457
11100869864 40832 22921 7C20F6CF1A09EEE4F40FE6F70B0F070213E4AE0B9599CF6348B0EAC781225457
11101523065 63181 44202 61F314C817590E78EEBFAC24FA520C360D13928F18B418B35CFB973DA7E8BAF6
11107568544 18637 27167 E924D9489B550AA62057DBE12411F7D964E0AFA59213B8B07D8A3CB1C83EAEE4
11106922443 47563 49377 521E678A0E897ECF5B309033E4219C4D794F2AB7F41AB02FFF279EFC825654C7

Total of 0 tasks calculated error.
