Total of 100 tasks calculated correctly, accuracy 100.00% 
11139440416 37848 42467 7C20F6CF1A09EEE4F40FE6F70B0F070213E4AE0B9599CF6348B0EAC781225457
11139373385 41227 48215 45EE4B875A6F19CB5A45DE34D40457547724E80E0EAF1448C735AD457F67AFAF
11139279605 34031 46724 D2B1C8D424DFBBAC36FCED2F65887A7B4E860E75BAB53278D13007B930B6B35A
11139700030 29357 3902 39D094FBE8ABE9C2550D962D17E935C1EC239AD014115B97247ABC252CF6885B
11139975118 5838 50824 7C20F6CF1A09EEE4F40FE6F70B0F070213E4AE0B9599CF6348B0EAC781225457
11146499612 1252 38095 7C20F6CF1A09EEE4F40FE6F70B0F070213E4AE0B9599CF6348B0EAC781225457
11139656672 14511 23589 6C01E311D34DA71C4601E654FA2C08CFAEE8C932109FCCA03678C747944FFCD4
11145285764 12455 65486 1B0EE5420EA9508BC815ABAB50377601264CEE9B31BDBDFF8E928A524FBC8173
11143231206 11684 4820 7C20F6CF1A09EEE4F40FE6F70B0F070213E4AE0B9599CF6348B0EAC781225457
11140175436 33441 65075 68B5451ABFFDCF214102EA2B6ADAFE9E91A9500AED0AFD0BEE1B1685EBA0DE6C
11137655185 15277 41374 4F5F0D5BED1B09083D67B6FD2F934FFD8D3FA2D0770E92E221C8144C9860E936
11140897150 47435 28391 02FF7EBE49B2CFB8E2ABDC3B08CF82CA4D8E97E5DC320D8867FB3C3A4CD3262C
11141821759 32363 49961 73DE9A223106F9C3856BB6807CF7F454AA53DCA690AA8AAF363BC2D742C408D2
11138111287 36397 41671 AFE5B57DAEF11D8CA5AC9F80F5F070F7B8030147F6F0ABEC0464F50747AB7D37
11139869722 26899 40033 37526946345CBD406E391B2742B745EABDD6ACDE5A613FAE48A652AE11EB7ABE
11147622556 2364 58638 7C20F6CF1A09EEE4F40FE6F70B0F070213E4AE0B9599CF6348B0EAC781225457
11139123091 35448 4740 7C20F6CF1A09EEE4F40FE6F70B0F070213E4AE0B9599CF6348B0EAC781225457
11139586773 54969 1991 B6CCD39A492783FD646BBD16204A0E58293A736DC1C289734BD94308AD2CAB17
11143247044 45485 17234 61A4F01D1F760994FDB500586D0F59AF5F10AE95D4B44E7EFAFB351B510DCBA2
11140372936 38981 45589 CB5FE025964BB9FC82F323658CC124F9D600FFE07A079CE53D372513716CE45D
11145288343 25085 40782 69083F1D994860D02B50D8C326320EF508E09B75EE8DAF75C6AC9CBED39B54F4
11141429403 7876 61596 7C20F6CF1A09EEE4F40FE6F70B0F070213E4AE0B9599CF6348B0EAC781225457
11139915428 22816 21012 7C20F6CF1A09EEE4F40FE6F70B0F070213E4AE0B9599CF6348B0EAC781225457
11147080472 65534 29566 7C20F6CF1A09EEE4F40FE6F70B0F070213E4AE0B9599CF6348B0EAC781225457
11140701904 22323 41074 631378831D76F8FF93CA9C37C532FB0A58A50B57CB1E82FD180F41BA02A382C3
11145399463 26078 19671 7C20F6CF1A09EEE4F40FE6F70B0F070213E4AE0B9599CF6348B0EAC781225457
11143730689 48352 16771 7C20F6CF1A09EEE4F40FE6F70B0F070213E4AE0B9599CF6348B0EAC781225457
11141413035 32250 23481 7C20F6CF1A09EEE4F40FE6F70B0F070213E4AE0B9599CF6348B0EAC781225457
11139970698 18397 12030 A6CD23D03BE8ED62B9449ADDECAB7E1B761515C269C086DF1F9ACC900B031FEA
11140970094 55981 47380 A7B6BB873787C65A3CD7FE143F84BF4C9C1AF08A108E353C8B6196DFEAA3E76E
11142619115 27118 20600 7C20F6CF1A09EEE4F40FE6F70B0F070213E4AE0B9599CF6348B0EAC781225457
11143614122 58838 53360 7C20F6CF1A09EEE4F40FE6F70B0F070213E4AE0B9599CF6348B0EAC781225457
11136774986 49775 56960 E49A1C5BFB2D32EA2DAA714B312A7F78535849E60DBFDA7DDDB8566991CB491A
11145097490 33450 40045 7C20F6CF1A09EEE4F40FE6F70B0F070213E4AE0B9599CF6348B0EAC781225457
11139415241 41050 24836 7C20F6CF1A09EEE4F40FE6F70B0F070213E4AE0B9599CF6348B0EAC781225457
11138707754 8871 2458 7BF24E8F8894DE5AFCC092C501ED7E043E97B3F42E68EEB541408E9F38B46DC1
11142690999 21733 22911 DC13A5F0CC461FA4D0011AD0C392E24B6CA2197E5B7C156C6F24A2DA19ACE513
11141971403 39778 61381 7C20F6CF1A09EEE4F40FE6F70B0F070213E4AE0B9599CF6348B0EAC781225457
11140288346 26326 8657 7C20F6CF1A09EEE4F40FE6F70B0F070213E4AE0B9599CF6348B0EAC781225457
11137835526 40988 25443 7C20F6CF1A09EEE4F40FE6F70B0F070213E4AE0B9599CF6348B0EAC781225457
11147912651 30181 60395 AACF1C75E0F54AEAC8D300469523FB6958CDD8BFF95D028564FEEF1932576B80
11137520731 56478 26342 7C20F6CF1A09EEE4F40FE6F70B0F070213E4AE0B9599CF6348B0EAC781225457
11141503706 60178 32138 7C20F6CF1A09EEE4F40FE6F70B0F070213E4AE0B9599CF6348B0EAC781225457
11145555716 12789 891 922E834EFEF956F97A267662251273F34CF4BA6DCE1FE6C44979A33F992A9835
11141678552 2386 49545 7C20F6CF1A09EEE4F40FE6F70B0F070213E4AE0B9599CF6348B0EAC781225457
11147752902 30125 49995 347F6C255E828F575505D9E601C48798CE001558EF1F2F9F14671C9B58DE3138
11141307900 21077 10133 0ED88B3A9AA4C0CF253B975BD64811CD6FD8DC0A9C996091EE09ED3FD9B50186
11143126629 6994 59523 7C20F6CF1A09EEE4F40FE6F70B0F070213E4AE0B9599CF6348B0EAC781225457
11136826952 4439 46090 9B3CB79E8E96239EDA56EB81F13BC886B4438564A2B2077E82D9A5AF2515896B
11137417411 7313 17627 D376E3487831FF0016FC287B75F0E42EDE68E5401BCF22AC805FD8A237296F22
11139203209 63465 46882 671C57A1469E0D740388EC08107E210867F75631F898FA74B0B5AADF734DB93E
11144645865 4618 56964 7C20F6CF1A09EEE4F40FE6F70B0F070213E4AE0B9599CF6348B0EAC781225457
11139857678 29270 204 7C20F6CF1A09EEE4F40FE6F70B0F070213E4AE0B9599CF6348B0EAC781225457
11139112527 33515 31952 84487EC7AF2AD8EEA3E63143CE9363EA9ADA0FC268460E8786FE7451B36F412F
11138331569 37109 62822 D2366BE1A3E6DC5CB2D23C6CFEA434B9F640474A7517183F8C586BF7A1B031B9
11138316008 26049 26491 BB453F4FB6C81A4FA850DDF9BF8C49A401CE50948247E0C8EEDA60FD54A2E134
11137653273 30526 37493 7C20F6CF1A09EEE4F40FE6F70B0F070213E4AE0B9599CF6348B0EAC781225457
11140197444 63620 32233 7C20F6CF1A09EEE4F40FE6F70B0F070213E4AE0B9599CF6348B0EAC781225457
11145763084 39293 49842 73E0E546F369DEEB4B0D1F2A07D0E40264D05E6A4AA90AC11536253C7E8506E9
11137332034 24533 18557 CA112BFE860DAB02F824B8E652FA23C4C3E770C06649D02B11E47D8EE96014E2
11142760295 11687 30483 6C93079FC1C074567C7241714C43045D36B7AA1708D7D74DA276A16A8D992E56
11136605031 28322 55083 7C20F6CF1A09EEE4F40FE6F70B0F070213E4AE0B9599CF6348B0EAC781225457
11138080512 11102 35615 7C20F6CF1A09EEE4F40FE6F70B0F070213E4AE0B9599CF6348B0EAC781225457
11138759804 55123 47154 0F77A69A7437C515933A33DAF845C3D62CE9969E01191A8391F2F2436F9A4E21
11137627624 53499 32918 30F3405778CF2649A882DFFAEDC1509ECEE40995C2C180B76024E04C176011DB
11141027601 11466 52638 7C20F6CF1A09EEE4F40FE6F70B0F070213E4AE0B9599CF6348B0EAC781225457
11139880577 30351 12649 6AD0AE43F2D73DF4B3D7C7E084758CF45DA32028DC44E00FCE2DEC02E315B13C
11140577739 18090 4405 7C20F6CF1A09EEE4F40FE6F70B0F070213E4AE0B9599CF6348B0EAC781225457
11140161532 28873 61176 1FF563D7B3A9CD0F77FFDC9BE1D6AACC282AFA34250267EF79B995D52D6BB331
11140364160 56259 35028 D264BFD7AF9FAF207D89EB0D5DED4313364DAF2731BB5310AEF599C779871211
11142456437 37533 20646 DBC74AC03535FF80E500963671A41CCBB26968522B142037768E3AF2AB7D6F09
11145232111 24311 2300 DEBD481AD3488DA4E88A44F7CAB9765A0F7D1247EAFE711458AF6130B726F63C
11139173635 55549 7326 BB51A62CDA2BC1F88A7F88B387E2AE27FFAF7722113F00DCC6C729212B1B1A9D
11140090534 18891 39792 D9364F98565BB97C98784816B21DD81D32883909DC5B9E1D0B991D6008041318
11140979297 65006 19518 7C20F6CF1A09EEE4F40FE6F70B0F070213E4AE0B9599CF6348B0EAC781225457
11147724294 23736 50028 7C20F6CF1A09EEE4F40FE6F70B0F070213E4AE0B9599CF6348B0EAC781225457
11144143259 36176 28637 7C20F6CF1A09EEE4F40FE6F70B0F070213E4AE0B9599CF6348B0EAC781225457
11139548236 43220 18088 7C20F6CF1A09EEE4F40FE6F70B0F070213E4AE0B9599CF6348B0EAC781225457
11143682221 45955 53027 1000EE513567D7213B8E14B46AE32B1F972132D7866B7AADCAF1B1F48F8E4631
11147244622 36159 10699 9436A38ACA4085D589A51C5BCC44E644E503BBBF045ECB3FD42B48D28C770CF0
11143611337 11828 37348 7C20F6CF1A09EEE4F40FE6F70B0F070213E4AE0B9599CF6348B0EAC781225457
11138226643 21895 61825 3CC4A9FC53051BE1A4D292D71B0E6939C73D536A3494CAF4084727E99C173650
11147822936 36246 16868 7C20F6CF1A09EEE4F40FE6F70B0F070213E4AE0B9599CF6348B0EAC781225457
11145692791 22735 37294 8973B2B1C01024436639C890CDC1356534915EDD7E8278BD32489287762C6356
11145271488 42249 17101 FE8ADAF626E22561EE8684E7A064744420E296B8451DF159CA9FBC2B725B6C7F
11145303126 15063 36351 6DFD3D035AAFA411A26F13F8A3CAAFE64484541F4168682522017F3C58480A68
11140881108 14545 37165 9ACBAA6FADC214EE2893E3B06163C8A901FF5F745C64ADE4EDA0C50A5A33A952
11147387879 5428 34581 7C20F6CF1A09EEE4F40FE6F70B0F070213E4AE0B9599CF6348B0EAC781225457
11143086098 60479 23716 18E4742F7C9B8E24FCAB92858252236DD774CCA161339BA62CD4A9FBC43BD529
11138144930 44824 48560 7C20F6CF1A09EEE4F40FE6F70B0F070213E4AE0B9599CF6348B0EAC781225457
11143507152 43539 47647 094100E8D70A1CE3B717E8C465563D10E0FE2264A90C115996584EE342DF79AF
11137786946 1853 42167 897BF87B553CB96441A8EAF7E7D237203B67DE2282F8B42CE673A5CA5D0B1B5F
11142510895 7010 13316 7C20F6CF1A09EEE4F40FE6F70B0F070213E4AE0B9599CF6348B0EAC781225457
11148063426 53805 216 8059CA26A4C6977D6979942C0B02BC04B80F461EC3F9F0C684E2056F487ECA62
11140694171 65207 11803 BA3FCAEC05A726A26AABE5D6167A35B29C45FCEF1B30EDAB484677F540C4C66B
11147152395 8918 63850 7C20F6CF1A09EEE4F40FE6F70B0F070213E4AE0B9599CF6348B0EAC781225457
11138603894 61238 53578 7C20F6CF1A09EEE4F40FE6F70B0F070213E4AE0B9599CF6348B0EAC781225457
11147303485 39170 38483 7C20F6CF1A09EEE4F40FE6F70B0F070213E4AE0B9599CF6348B0EAC781225457
11145898489 26558 37496 7C20F6CF1A09EEE4F40FE6F70B0F070213E4AE0B9599CF6348B0EAC781225457
11145752420 37876 39788 7C20F6CF1A09EEE4F40FE6F70B0F070213E4AE0B9599CF6348B0EAC781225457

Total of 0 tasks calculated error.
