Total of 100 tasks calculated correctly, accuracy 100.00% 
11201860598 43140 41390 7C20F6CF1A09EEE4F40FE6F70B0F070213E4AE0B9599CF6348B0EAC781225457
11197236652 34088 42148 7C20F6CF1A09EEE4F40FE6F70B0F070213E4AE0B9599CF6348B0EAC781225457
11207048433 7856 26588 7C20F6CF1A09EEE4F40FE6F70B0F070213E4AE0B9599CF6348B0EAC781225457
11200141375 23410 14457 7C20F6CF1A09EEE4F40FE6F70B0F070213E4AE0B9599CF6348B0EAC781225457
11200761079 38933 31393 37CDEA98694CAE1376152CE5E00C1436C256545993A328E0026A8AB197C0165A
11201982824 746 35575 7C20F6CF1A09EEE4F40FE6F70B0F070213E4AE0B9599CF6348B0EAC781225457
11206126274 6059 19079 CBB217589256C54EA17563850F9ADE07CB87A01DC096045EE6C87E31B80E0623
11204890689 3905 42811 17CBD0F8635839558D0AF0526144646855BD54A1E38E41DA11741D7B28828F62
11206154078 6406 30115 7C20F6CF1A09EEE4F40FE6F70B0F070213E4AE0B9599CF6348B0EAC781225457
11197656431 35679 32202 E56EF77EC587FDBEB5DE9E631DD0B591B2BCBED5ED2927AFD3C3222F3E995301
11207175917 61631 31662 C5A65DFF78C64EBF75D370878BE428325ADD5B3B8291489D1E316DF4A4811301
11208262857 20426 49461 7C20F6CF1A09EEE4F40FE6F70B0F070213E4AE0B9599CF6348B0EAC781225457
11201924291 62142 28201 7C20F6CF1A09EEE4F40FE6F70B0F070213E4AE0B9599CF6348B0EAC781225457
11205963450 39713 8390 EAAAB15BAEE70B2DFA4D7F69DE9BB8A68C9A82590A6C236CDDA64AA913A4D242
11201250101 11564 57889 7C20F6CF1A09EEE4F40FE6F70B0F070213E4AE0B9599CF6348B0EAC781225457
11201126072 10574 36342 7C20F6CF1A09EEE4F40FE6F70B0F070213E4AE0B9599CF6348B0EAC781225457
11196892130 3140 36515 7C20F6CF1A09EEE4F40FE6F70B0F070213E4AE0B9599CF6348B0EAC781225457
11196799937 4748 25422 7C20F6CF1A09EEE4F40FE6F70B0F070213E4AE0B9599CF6348B0EAC781225457
11202021129 42572 48059 7C20F6CF1A09EEE4F40FE6F70B0F070213E4AE0B9599CF6348B0EAC781225457
11203412912 49746 36076 7C20F6CF1A09EEE4F40FE6F70B0F070213E4AE0B9599CF6348B0EAC781225457
11201298612 40885 45940 E53D06E5B040E1DC8C49305702ED9DFDCEA420456B03009D48C7A030D1056FC2
11197736733 54816 59694 7C20F6CF1A09EEE4F40FE6F70B0F070213E4AE0B9599CF6348B0EAC781225457
11197399596 17877 15517 D442BF6A803FE3F0FF896E015CF2E60644D6944F76EACB776F8FEA1948441E58
11197049180 6089 37245 D0E2FB5530EED9581F21F25E83859058FAE4A85691B059FD2E24422305D83630
11199891152 11332 50671 7C20F6CF1A09EEE4F40FE6F70B0F070213E4AE0B9599CF6348B0EAC781225457
11198073036 34069 36905 6DAD0A9B0B20729F81DF10AB7E39B12CDEFF0294F6D0F7D4160EB30D06C9E7EC
11201096461 32632 53474 7C20F6CF1A09EEE4F40FE6F70B0F070213E4AE0B9599CF6348B0EAC781225457
11200068670 44859 32995 A8119F611E87923AD3E5DCC0CBF23A3E60F6D86D1E839805951D8C070B3D8A8A
11205110382 15941 16278 1D90122E6897A42B43E5CF6C79167DDF58F4B6919B161BBF723F34DAEAB00D47
11206394198 34347 63688 0213393A499B587B964756DF21919EACD570C5494E4DC26E2CF17013762820BF
11196461248 46999 27748 062023CD891210AD30A5A8C2B1AFD6610F6271328311ACEAA8E101801B97649C
11203056039 43618 40733 7C20F6CF1A09EEE4F40FE6F70B0F070213E4AE0B9599CF6348B0EAC781225457
11204675661 17130 65461 7C20F6CF1A09EEE4F40FE6F70B0F070213E4AE0B9599CF6348B0EAC781225457
11201074094 21350 46269 7C20F6CF1A09EEE4F40FE6F70B0F070213E4AE0B9599CF6348B0EAC781225457
11196458710 4269 61849 75B966C683ABDE5B5E639D7C99C6AEA00FD7CBC93E4E35F6FD48BBF4355BB5FB
11207349204 11662 33357 7C20F6CF1A09EEE4F40FE6F70B0F070213E4AE0B9599CF6348B0EAC781225457
11205172546 54431 1426 286C5F138DBF70B4CA750BB36806428E143DC5A2CF6459D34E59BCB40B91B6C1
11199531245 16664 31215 7C20F6CF1A09EEE4F40FE6F70B0F070213E4AE0B9599CF6348B0EAC781225457
11202018790 52080 6398 7C20F6CF1A09EEE4F40FE6F70B0F070213E4AE0B9599CF6348B0EAC781225457
11197154959 57542 5133 7C20F6CF1A09EEE4F40FE6F70B0F070213E4AE0B9599CF6348B0EAC781225457
11197417525 32613 31982 78A79249AEC1BF1B7D84AD73F42783805BAB2223CFB68DB2CAEFCC0105323B7A
11199589330 3265 63531 A316DAC2F1EFC4419C24EC9BE7B5579D1ECEF9621E8BA9B1DC76D12724748C73
11198980851 17178 24081 7C20F6CF1A09EEE4F40FE6F70B0F070213E4AE0B9599CF6348B0EAC781225457
11199130210 34701 49546 37225123BBA36721696746506B096BDCF825A465CEB3F9200050B7C339E45F58
11201275252 12287 53665 E27C12A5453B838795292997E5DA13E6919A71751B986003D3FB2D0A08875E4F
11202474541 53327 38018 F009E9AA90B299D5546A15693D9D0DBB88354441751D50455B3BEEF4CA21F764
11206848926 2104 37183 7C20F6CF1A09EEE4F40FE6F70B0F070213E4AE0B9599CF6348B0EAC781225457
11200110421 25178 41424 7C20F6CF1A09EEE4F40FE6F70B0F070213E4AE0B9599CF6348B0EAC781225457
11197182335 45109 42632 1C2953DC5018C39CCC7C2380F622CED351FDD6C41823BBE1A57FCFC9C8923228
11203873127 11590 17728 7C20F6CF1A09EEE4F40FE6F70B0F070213E4AE0B9599CF6348B0EAC781225457
11203611071 63373 51885 B9E82D5AFB38B638C4A604AE4E5618814F6436914E39FDE5B97C4192B617DAC7
11204985835 14920 31936 7C20F6CF1A09EEE4F40FE6F70B0F070213E4AE0B9599CF6348B0EAC781225457
11206643360 28897 15520 DA1A780CC0AEBE8E04B7BFC3206A8BDFF41859E37973E045EBEBBBC17C0686D8
11200089452 54652 46853 7C20F6CF1A09EEE4F40FE6F70B0F070213E4AE0B9599CF6348B0EAC781225457
11200751855 33110 20706 7C20F6CF1A09EEE4F40FE6F70B0F070213E4AE0B9599CF6348B0EAC781225457
11204719833 9474 63645 7C20F6CF1A09EEE4F40FE6F70B0F070213E4AE0B9599CF6348B0EAC781225457
11204364059 46823 22317 422294B7F4D6753DB1874BB95C1B92DB31F123AAB2DB269297708B20DAB3F1EE
11197743705 9757 42996 05BE088A8C9B7FC4769B151A0A2A6225DFB9E66AD25629B58235555593ED222A
11204048096 57466 65491 7C20F6CF1A09EEE4F40FE6F70B0F070213E4AE0B9599CF6348B0EAC781225457
11196708061 57668 46570 7C20F6CF1A09EEE4F40FE6F70B0F070213E4AE0B9599CF6348B0EAC781225457
11203905864 43688 65499 7C20F6CF1A09EEE4F40FE6F70B0F070213E4AE0B9599CF6348B0EAC781225457
11205501540 19409 12395 444C910062FD7B27703A8CE4E38B8F0FA51D285DCB9B3A7E3808B4A454758D3A
11203031338 49728 27919 7C20F6CF1A09EEE4F40FE6F70B0F070213E4AE0B9599CF6348B0EAC781225457
11205541902 36816 35314 7C20F6CF1A09EEE4F40FE6F70B0F070213E4AE0B9599CF6348B0EAC781225457
11198746789 36853 37777 384EA75F11A3817987F8F57502FFBA8328BD2F5A98DD91F48689A8108CA1D44E
11196708065 16598 21891 7C20F6CF1A09EEE4F40FE6F70B0F070213E4AE0B9599CF6348B0EAC781225457
11197986417 41670 52265 7C20F6CF1A09EEE4F40FE6F70B0F070213E4AE0B9599CF6348B0EAC781225457
11208321047 34291 37846 C27876EDC41B64DA7A02983C6B3555E6ACAF3FBA8F6F7F65B7978138014AD0C6
11203885714 53993 9051 B3B25A727AF4E0A30C6C4826B18D693059E8D6A0093305A47D009B9A7F6A7A18
11200832804 38803 29448 00088D4DB45B9AA6057857306602BB221BA9B0220AB52C43498DD8B10D96E700
11196437659 58655 19146 0D1435BCE3D2315B07905210C52B782A1D121C248DAEBEF85BFF3196142A8D9E
11201506376 46522 30602 7C20F6CF1A09EEE4F40FE6F70B0F070213E4AE0B9599CF6348B0EAC781225457
11198829362 29526 16467 7C20F6CF1A09EEE4F40FE6F70B0F070213E4AE0B9599CF6348B0EAC781225457
11196701518 32432 15560 7C20F6CF1A09EEE4F40FE6F70B0F070213E4AE0B9599CF6348B0EAC781225457
11203095134 21160 27178 7C20F6CF1A09EEE4F40FE6F70B0F070213E4AE0B9599CF6348B0EAC781225457
11204937109 5611 1910 17138FD2D0F787F13908663C5403D65D8AC601B1C2F2973C34DBB0846E254792
11206195023 39752 35906 7C20F6CF1A09EEE4F40FE6F70B0F070213E4AE0B9599CF6348B0EAC781225457
11204801310 27377 59794 C785BDC5A95CB99D30C247A784A220DEDF3675B5BA943B98B5636467C97709E7
11204266928 58712 60047 7C20F6CF1A09EEE4F40FE6F70B0F070213E4AE0B9599CF6348B0EAC781225457
11204556901 7917 16896 83D76DDEA1A515E77F36926ED6481E757E54A3065B9BD4051A22D60D6ECB6668
11203063225 44081 45705 20B8E67349364F3EADB98ACB2B0A2E39C79DBC9F1C85AE7B8903177A818B163B
11199425998 24988 55762 7C20F6CF1A09EEE4F40FE6F70B0F070213E4AE0B9599CF6348B0EAC781225457
11197629497 62512 48397 7C20F6CF1A09EEE4F40FE6F70B0F070213E4AE0B9599CF6348B0EAC781225457
11208068751 21261 18195 4B6C733CADC38499503FFEEE55A2C06FA0C883E813E4DF68AD73A39D938FA70D
11207307528 10794 2842 7C20F6CF1A09EEE4F40FE6F70B0F070213E4AE0B9599CF6348B0EAC781225457
11201190293 7736 2140 7C20F6CF1A09EEE4F40FE6F70B0F070213E4AE0B9599CF6348B0EAC781225457
11200017834 50046 20421 7C20F6CF1A09EEE4F40FE6F70B0F070213E4AE0B9599CF6348B0EAC781225457
11205730685 55795 29057 C017D14B99B55D7F1BACD96761401F7CE082E9E20B1403A96BF8724E1B5DABC2
11202631414 53257 290 6B9CB9CA1010E6B52446F401AD1DB23C56EBEDC5B40F8BBB3ECE28A65C22549A
11205011752 22893 39856 7D4A961A8FB8FF23AD2CA9E32C505146A88721D16EDFA7D85D80C23B85C5D9C6
11198266984 2285 13261 D965A6FE4D3A14D112B15161957A9639AC5C188AB1546CC97D08797D6D999F8F
11197553712 58085 56001 904F32FC84CDDFC97B18C4EB9834A5F2EF2E3BA6C69731E63C41903523E26CAC
11199832847 5532 14992 7C20F6CF1A09EEE4F40FE6F70B0F070213E4AE0B9599CF6348B0EAC781225457
11200017707 2358 24646 7C20F6CF1A09EEE4F40FE6F70B0F070213E4AE0B9599CF6348B0EAC781225457
11198243280 18239 44848 42171080BD099F17BD58BDE7A44778272C60F20C26CCF8DB38DD6A6F9AB0F8C2
11204001258 44328 39463 7C20F6CF1A09EEE4F40FE6F70B0F070213E4AE0B9599CF6348B0EAC781225457
11200826248 31436 8499 7C20F6CF1A09EEE4F40FE6F70B0F070213E4AE0B9599CF6348B0EAC781225457
11204924275 22375 47698 052749BA5D27A3A4B83E21264916F4546D4A19A2E1680996C5FCD885FBC82019
11199030567 51035 9442 DB0713244959BB9BB2285A4CD549812B65EE84CBAC75E9770219060C8DE77F7A
11200088516 53952 16382 7C20F6CF1A09EEE4F40FE6F70B0F070213E4AE0B9599CF6348B0EAC781225457

Total of 0 tasks calculated error.
