Total of 100 tasks calculated correctly, accuracy 100.00% 
11215427767 6097 36445 C2B98D979601F61926EA4A06B2F8848D94BCB49D52E2A3142E7EABDB7039856E
11217347054 1384 30604 7C20F6CF1A09EEE4F40FE6F70B0F070213E4AE0B9599CF6348B0EAC781225457
11218805966 55462 55803 7C20F6CF1A09EEE4F40FE6F70B0F070213E4AE0B9599CF6348B0EAC781225457
11215823992 22960 23606 7C20F6CF1A09EEE4F40FE6F70B0F070213E4AE0B9599CF6348B0EAC781225457
11218202061 63876 38213 7C20F6CF1A09EEE4F40FE6F70B0F070213E4AE0B9599CF6348B0EAC781225457
11210895608 47057 13622 FB48B163241C1410C70ED06A31B55EE1C6885C71A11543368A03F320FF88E72D
11220232675 52844 55687 7C20F6CF1A09EEE4F40FE6F70B0F070213E4AE0B9599CF6348B0EAC781225457
11213582222 26091 37159 E139108D46A487E6AE3AA0BF2834285FE2C7CA5E987FA480D3F7C906ADD9DDEE
11214692322 22924 59858 7C20F6CF1A09EEE4F40FE6F70B0F070213E4AE0B9599CF6348B0EAC781225457
11215008784 53835 24516 8A68F89516EBF1C783FA0E83572BFD0038BB0E5ED7EA449B320DCBA711A8DB82
11216401698 53088 23114 7C20F6CF1A09EEE4F40FE6F70B0F070213E4AE0B9599CF6348B0EAC781225457
11214834338 25281 3844 8D25769AEA0F838257BB60C1E8C49DCCA7D6C2CE681986B3D75BBF63BC0C9AB0
11214499971 41215 7526 587AA7D0E348BD9891FCF6B5087BB2B0E20E45620754C9750FCABE97A9222105
11211449810 63677 31470 ED4F8D94FD1CD721BED743FA313712281E965ED7B7EB134C5D9FFD196798C9F5
11211576082 32518 6832 7C20F6CF1A09EEE4F40FE6F70B0F070213E4AE0B9599CF6348B0EAC781225457
11218726096 56148 62305 7C20F6CF1A09EEE4F40FE6F70B0F070213E4AE0B9599CF6348B0EAC781225457
11214592390 2975 4215 5C93BCA02F4A363906848141E74F7126CED9F742FF09F71EEE668715770EDCBE
11218503448 38579 41281 6004EA27EA97EEEF77A439956A5B7B0A902830E830200A48987BA872E6F303FF
11212028447 9468 54605 7C20F6CF1A09EEE4F40FE6F70B0F070213E4AE0B9599CF6348B0EAC781225457
11211381641 13076 40115 7C20F6CF1A09EEE4F40FE6F70B0F070213E4AE0B9599CF6348B0EAC781225457
11217007869 33787 48767 6A8ABBA30C9AA9AF31F646469D1D4353F3758372858868AF3ED05719831837F9
11213450173 46163 20120 C7F7766586D19C0D1A288146A033D51F7F54937321682904CC438B160C8BC5D7
11208705009 35484 24150 7C20F6CF1A09EEE4F40FE6F70B0F070213E4AE0B9599CF6348B0EAC781225457
11218660540 50451 2107 1FFDCF47224B1B3AC0086BB08A63A9357FF8FD20C65C7632934BF585BF0F4A79
11217687479 14786 38947 7C20F6CF1A09EEE4F40FE6F70B0F070213E4AE0B9599CF6348B0EAC781225457
11216450525 36164 34115 7C20F6CF1A09EEE4F40FE6F70B0F070213E4AE0B9599CF6348B0EAC781225457
11212810110 58139 34476 5FD188D0EBD59359AAB94A24093E16DF74898F06A7E9BCF686CCF3EFA98A48C7
11216430698 10792 45012 7C20F6CF1A09EEE4F40FE6F70B0F070213E4AE0B9599CF6348B0EAC781225457
11217879095 6043 39905 9DA69FC8115558DF1477C7F011F9090D589E6D6F1B5F3E4FCD0D44164B3677C6
11213082745 51357 48791 456CE17B1A5C6A466F56A94028A1DC943E2EBED699614C54DE1403443BB02962
11214435578 40344 39509 7C20F6CF1A09EEE4F40FE6F70B0F070213E4AE0B9599CF6348B0EAC781225457
11214113422 38754 2613 7C20F6CF1A09EEE4F40FE6F70B0F070213E4AE0B9599CF6348B0EAC781225457
11216712824 45569 3878 266C4E25B64A8C574DFA6320821F7C11CC137626E33E35E32B9AE007984EE490
11219084950 59626 39158 7C20F6CF1A09EEE4F40FE6F70B0F070213E4AE0B9599CF6348B0EAC781225457
11216804007 63291 52093 A79D4228942DB2C709274696182DB7E5D3E581D039AF3C1EB2B2EBB27E9A9517
11216879650 3124 18479 7C20F6CF1A09EEE4F40FE6F70B0F070213E4AE0B9599CF6348B0EAC781225457
11219133520 58296 57685 7C20F6CF1A09EEE4F40FE6F70B0F070213E4AE0B9599CF6348B0EAC781225457
11219163306 37001 45897 234BE83D03587F8C17593A95C843907D217B2C4EA2D5E329F5507495733D3E6D
11211047734 26418 14334 7C20F6CF1A09EEE4F40FE6F70B0F070213E4AE0B9599CF6348B0EAC781225457
11209150803 53995 47371 3AF41258F0C2796BC302C631B6B778D3B4FA636806CCCBBC335A69C0EBB1FB64
11213212195 29656 28714 7C20F6CF1A09EEE4F40FE6F70B0F070213E4AE0B9599CF6348B0EAC781225457
11215456175 49582 45378 7C20F6CF1A09EEE4F40FE6F70B0F070213E4AE0B9599CF6348B0EAC781225457
11216885603 65020 41313 7C20F6CF1A09EEE4F40FE6F70B0F070213E4AE0B9599CF6348B0EAC781225457
11219060273 59087 11232 8A6246C8F288A56D86316597ECCD7E39652C10A796978D963D7A8A78847592B5
11211863502 47019 59489 EB029B55CD1B66DCC6612567DBDB973E61AA569772DC9EB33E539E97BB934121
11210213073 55789 4195 6608F86EB18D0F13F08604A9DB96A201D982B47638AD58DCCD4A6EA5C2209AF6
11216281294 64819 12097 5AFED078815EF76E63EA2A57F3FBB6402D4347987338604688DD17ED833114AA
11212433758 1372 48286 7C20F6CF1A09EEE4F40FE6F70B0F070213E4AE0B9599CF6348B0EAC781225457
11215278189 3760 42944 7C20F6CF1A09EEE4F40FE6F70B0F070213E4AE0B9599CF6348B0EAC781225457
11216568440 4595 57617 85C586CFE12F3CFB38D66D405A809844F24BECD519AD4933C34A295F7F9C9418
11212208062 11896 18350 7C20F6CF1A09EEE4F40FE6F70B0F070213E4AE0B9599CF6348B0EAC781225457
11214985060 59130 40837 7C20F6CF1A09EEE4F40FE6F70B0F070213E4AE0B9599CF6348B0EAC781225457
11209897823 20296 44284 7C20F6CF1A09EEE4F40FE6F70B0F070213E4AE0B9599CF6348B0EAC781225457
11214328693 37597 6879 2601C2AF9F52FBBB37D648FDC4A33AA8B4BBC3C3F41F1973E75924F3B1045861
11217384024 42664 36192 7C20F6CF1A09EEE4F40FE6F70B0F070213E4AE0B9599CF6348B0EAC781225457
11212579765 63948 61598 7C20F6CF1A09EEE4F40FE6F70B0F070213E4AE0B9599CF6348B0EAC781225457
11213540948 10777 269 DCDAE05956CC135457A7095A0DF2FFFE04AB1142A3D0B1BB6F191D45E4E03848
11215078583 31863 29014 E47416194B7DDC32432316C9DC76874B4946EBD32CBC60376A9E2157C3095EFE
11214493431 31856 3342 7C20F6CF1A09EEE4F40FE6F70B0F070213E4AE0B9599CF6348B0EAC781225457
11214278581 6903 53163 41F24C8AF98B93CFB1FBD5C481F8E0695A997C86DF01F361FC00FB4BBC49B4D5
11214909160 15413 57312 C3CC6FBD34AA7C1F00BE67AB606F76E28A38451AC0C52D6D18C417443B8B537D
11215913844 54279 25204 AF973709D964F294D0FE912EF1E2E43B0D4D379078FE42AF6A2A9FBE6F463404
11216339901 39954 52732 7C20F6CF1A09EEE4F40FE6F70B0F070213E4AE0B9599CF6348B0EAC781225457
11218229690 50206 12960 7C20F6CF1A09EEE4F40FE6F70B0F070213E4AE0B9599CF6348B0EAC781225457
11211246736 19050 2872 7C20F6CF1A09EEE4F40FE6F70B0F070213E4AE0B9599CF6348B0EAC781225457
11210279214 49921 7573 B508E200DF019755BA94FBEE83123760FC7C9E48AEB63708D93122CDB79A63C8
11212909601 23554 63918 7C20F6CF1A09EEE4F40FE6F70B0F070213E4AE0B9599CF6348B0EAC781225457
11219954376 25855 60148 A9000A9CE58958F409DC9F86248DBB747F73EEF56CDDD9FD1B95FC66084B4EBC
11212067330 47741 18134 3FE690F2347348B88D8B92B6EAC8D29DDA5AD686C438F6D095502555ACB6D370
11216641843 3695 51014 67A5A18F874D79192E99D5BB2F9BB92B6C6B81F0FA2EB242D473B895CF44E199
11213409738 34371 31260 8C437FE1C9F2C272E229D2E705EE9D52FBA5E3B26D2A02EA240F0E2F8D79EC4C
11215660906 15703 9702 A3152FAB1D3B6B0F4B2495AE395FE5845AA34B922B9C53B0E1A28FA22B16E965
11210009526 25289 62256 67679CFBB4B39AD8F6C58C88623CFAE0F8081BBED7D0C03A64C27A80927FEA7B
11209119706 15588 22463 7C20F6CF1A09EEE4F40FE6F70B0F070213E4AE0B9599CF6348B0EAC781225457
11216461819 53050 21551 7C20F6CF1A09EEE4F40FE6F70B0F070213E4AE0B9599CF6348B0EAC781225457
11217348828 5324 26746 7C20F6CF1A09EEE4F40FE6F70B0F070213E4AE0B9599CF6348B0EAC781225457
11216294923 18688 21536 7C20F6CF1A09EEE4F40FE6F70B0F070213E4AE0B9599CF6348B0EAC781225457
11213493966 52115 11891 606958DAB3827A97229311F3477C4650BF2B59C9556E300B894757C620A1D968
11210908636 33520 54368 7C20F6CF1A09EEE4F40FE6F70B0F070213E4AE0B9599CF6348B0EAC781225457
11218818054 24448 63257 7C20F6CF1A09EEE4F40FE6F70B0F070213E4AE0B9599CF6348B0EAC781225457
11208566854 22990 19754 7C20F6CF1A09EEE4F40FE6F70B0F070213E4AE0B9599CF6348B0EAC781225457
11209843302 6521 34909 8327882D6B0432D602D4DC69EEBFCD7D0A2F9EE236FFB73D5C4DA61632E27F4C
11218455894 45378 31955 7C20F6CF1A09EEE4F40FE6F70B0F070213E4AE0B9599CF6348B0EAC781225457
11212133007 27536 33985 7C20F6CF1A09EEE4F40FE6F70B0F070213E4AE0B9599CF6348B0EAC781225457
11212606779 50900 22198 7C20F6CF1A09EEE4F40FE6F70B0F070213E4AE0B9599CF6348B0EAC781225457
11216901878 63735 17901 1AFD875ECC2121C83C6AD44D0E3FAA667765E98B2CB491B0AE7F205CDBE322AF
11213671243 5495 21593 CBC2E4451F9E78F3EF639E953111FE571867865113B7457BDD8013DE84A89D11
11213672618 12682 56097 7C20F6CF1A09EEE4F40FE6F70B0F070213E4AE0B9599CF6348B0EAC781225457
11214988096 833 894 838B643AA46001A824EE103CC46E8D40A3D74F1D34E726FA615A52398758D019
11220083085 24735 32754 1F78329520250B81A3F564F050BC1BD660832CDCB7B856E2BE2D88C3FCF6D237
11212456629 41891 26356 36859F73C0E23BCBC0F376BA298AAF6C21E5D38FDF18CF7CD5CA3E4A971E58E0
11215491813 2368 18938 7C20F6CF1A09EEE4F40FE6F70B0F070213E4AE0B9599CF6348B0EAC781225457
11208661642 7450 37749 7C20F6CF1A09EEE4F40FE6F70B0F070213E4AE0B9599CF6348B0EAC781225457
11219002805 17875 11491 C928BFB64F70D7DAB260B8606EFFF1E3C84B865534514018E2ACB4D58874ED68
11209910756 1773 12404 829ABA817D5E478C674B4A964C73F8C764788A3CC5F49C7967B02C5E1DB2A437
11212554795 56546 11998 7C20F6CF1A09EEE4F40FE6F70B0F070213E4AE0B9599CF6348B0EAC781225457
11215168338 59801 20540 A5D87697CF8C59AF4CA1C3C69D83F862261E31903545EACF0F9A48E976AAA9DE
11216333407 14159 13494 EF34EB6D49890552161A9CDE686BD41DED40C84290C68F88C49FA17A897C9CC7
11210205207 32219 39146 9F045BE20AB5CA0015E3FD2EED422616A5218EA2CF699296ED04CC03A58AC104
11214640603 29685 65116 009639B98DF3A62B8BDDC2619CD78B3AF4285CF5DF9BA9877FA4D10C4959D7CE

Total of 0 tasks calculated error.
