Total of 100 tasks calculated correctly, accuracy 100.00% 
1118400890 45546 3629 7C20F6CF1A09EEE4F40FE6F70B0F070213E4AE0B9599CF6348B0EAC781225457
1122137639 55815 21134 EA710909408B61BDDBF497DF4642E2BE41BEE2B5C01A9390A7634D0206678E79
1117569343 5804 50655 7C20F6CF1A09EEE4F40FE6F70B0F070213E4AE0B9599CF6348B0EAC781225457
1123502647 49128 26010 7C20F6CF1A09EEE4F40FE6F70B0F070213E4AE0B9599CF6348B0EAC781225457
1125276014 52972 14637 7C20F6CF1A09EEE4F40FE6F70B0F070213E4AE0B9599CF6348B0EAC781225457
1123895306 49762 58127 7C20F6CF1A09EEE4F40FE6F70B0F070213E4AE0B9599CF6348B0EAC781225457
1123892038 38619 17770 1F5E8AED4AB4A72D3F5BCF4A9F83BFA62246ECAF6C8394AEEC163FFA8E381755
1124703182 35866 60678 7C20F6CF1A09EEE4F40FE6F70B0F070213E4AE0B9599CF6348B0EAC781225457
1124068695 8679 6139 F67318228E5A47E27FBAA688858567EE01457684AE9C565017170191809378FF
1122796365 50757 57726 278DEE95C8A2D986A41955010DB8D24160F085C018F4E7DA10163B32A1C6A8DD
1126717925 5951 52280 661D254A92814B4F464CC3B2EFFC43C4E4C075D3851233F51206218EA19CE1EF
1123617569 59130 40924 7C20F6CF1A09EEE4F40FE6F70B0F070213E4AE0B9599CF6348B0EAC781225457
1120117722 13092 25972 7C20F6CF1A09EEE4F40FE6F70B0F070213E4AE0B9599CF6348B0EAC781225457
1119937784 48740 55154 7C20F6CF1A09EEE4F40FE6F70B0F070213E4AE0B9599CF6348B0EAC781225457
1122136012 55814 20147 7C20F6CF1A09EEE4F40FE6F70B0F070213E4AE0B9599CF6348B0EAC781225457
1123270018 53610 2697 7C20F6CF1A09EEE4F40FE6F70B0F070213E4AE0B9599CF6348B0EAC781225457
1120935920 32051 55181 7D2F9CE612B5896B8631938071F1241FC52017D62E0E4A31D2073FB5209F09FF
1120693836 45145 15672 C4A1E1F10C5D9DBCD50492527F166E80F9E5A76C0AD4BA4721D90020BA9BA25A
1116867324 34074 28204 7C20F6CF1A09EEE4F40FE6F70B0F070213E4AE0B9599CF6348B0EAC781225457
1117468886 33841 3724 E455FF602AEBD341F47C9D6312EBCB3F4B1A285746F6447184592C0BF4F63B79
1120951604 11314 16125 7C20F6CF1A09EEE4F40FE6F70B0F070213E4AE0B9599CF6348B0EAC781225457
1126852709 34748 24813 7C20F6CF1A09EEE4F40FE6F70B0F070213E4AE0B9599CF6348B0EAC781225457
1118977962 13549 58297 9FF957815085396F2F885830789A3A121C6287A255B6F34DA3900E35DAE27387
1116753398 18564 42938 7C20F6CF1A09EEE4F40FE6F70B0F070213E4AE0B9599CF6348B0EAC781225457
1128319592 29100 14129 7C20F6CF1A09EEE4F40FE6F70B0F070213E4AE0B9599CF6348B0EAC781225457
1117264217 44960 46972 7C20F6CF1A09EEE4F40FE6F70B0F070213E4AE0B9599CF6348B0EAC781225457
1117561702 17249 59 A789592831A5DB7C2661B9D4DF8C00EB8E8DF8E6654EE542CDFDC6D49AD41811
1122793546 2646 42912 7C20F6CF1A09EEE4F40FE6F70B0F070213E4AE0B9599CF6348B0EAC781225457
1119015593 17646 11794 7C20F6CF1A09EEE4F40FE6F70B0F070213E4AE0B9599CF6348B0EAC781225457
1122106241 59892 65140 7C20F6CF1A09EEE4F40FE6F70B0F070213E4AE0B9599CF6348B0EAC781225457
1120636351 65285 9529 252A2F755A6DDEF94E6322276F8673BBC2A715ABE958A490CE478A79FC45C833
1119206105 47316 50349 7C20F6CF1A09EEE4F40FE6F70B0F070213E4AE0B9599CF6348B0EAC781225457
1120577513 60779 59124 5835C9A9F1FA34E3AC158ED9FF1867445EF358DACD085BC741C238198575CC9D
1117827023 28118 58418 7C20F6CF1A09EEE4F40FE6F70B0F070213E4AE0B9599CF6348B0EAC781225457
1119896253 41453 12393 9C831D5B69DEDCB4F97A1D152B15596548172E7FEFA69347AADEBEFFC903DBBC
1125575446 18177 8482 4AC5C86DAD6E61DAF423E6189DF3390C7FFFF2BB894A070E9B2CA112F68626E3
1121656794 13624 22 7C20F6CF1A09EEE4F40FE6F70B0F070213E4AE0B9599CF6348B0EAC781225457
1127175149 59257 35458 BF6A3AA1BA84F3C3759742F2B8E5C6D3C5AEB956B0BE35E799CCF31DCBC5E6BE
1121287024 48741 52552 B3D8E55E952281773BA958DA3F5E43302A31122608AEE8EC7ACF4E395AEE3BBF
1125120733 21960 56740 7C20F6CF1A09EEE4F40FE6F70B0F070213E4AE0B9599CF6348B0EAC781225457
1121191312 23437 28644 EE89CD5B44D86A43CC122D104DE9FC75FA5073B7A6636010A3EEFD5A3BB20AB5
1127126093 26777 53496 44A91FAB569FE9A1A14BDD6215AF2BE7E24D8B61B63BB0D5C52BE9504885BF60
1122540899 34541 59251 6D8ADF2311302CF0452C194C383BFAE5145C84129786DB5A35B7F0E7DD1B7E83
1118201091 23526 28023 7C20F6CF1A09EEE4F40FE6F70B0F070213E4AE0B9599CF6348B0EAC781225457
1124146512 64791 18954 647329ACF0537654ED5E8849CA5100B9048D0E45C760FDDA9E6AE64F9CB36843
1119023625 37640 5806 7C20F6CF1A09EEE4F40FE6F70B0F070213E4AE0B9599CF6348B0EAC781225457
1121642877 56782 41270 7C20F6CF1A09EEE4F40FE6F70B0F070213E4AE0B9599CF6348B0EAC781225457
1123208424 29698 50957 7C20F6CF1A09EEE4F40FE6F70B0F070213E4AE0B9599CF6348B0EAC781225457
1121470910 47138 5708 7C20F6CF1A09EEE4F40FE6F70B0F070213E4AE0B9599CF6348B0EAC781225457
1121038169 18346 31744 7C20F6CF1A09EEE4F40FE6F70B0F070213E4AE0B9599CF6348B0EAC781225457
1126485701 18590 27212 7C20F6CF1A09EEE4F40FE6F70B0F070213E4AE0B9599CF6348B0EAC781225457
1124183190 26798 26004 7C20F6CF1A09EEE4F40FE6F70B0F070213E4AE0B9599CF6348B0EAC781225457
1124536025 50646 50211 7C20F6CF1A09EEE4F40FE6F70B0F070213E4AE0B9599CF6348B0EAC781225457
1124491930 17317 55576 6F1C4238047F172667AA3ECA5EE579AF88DD334CF5CDDFED11CDE4F8A785DBA2
1123244800 10248 52024 7C20F6CF1A09EEE4F40FE6F70B0F070213E4AE0B9599CF6348B0EAC781225457
1127072701 14053 1675 6DC2C21CC01BD74A5A54C529040F6F328D58C8EFB43BC59FFDE8CD5554A82E21
1118370420 4760 898 7C20F6CF1A09EEE4F40FE6F70B0F070213E4AE0B9599CF6348B0EAC781225457
1120640085 23474 22168 7C20F6CF1A09EEE4F40FE6F70B0F070213E4AE0B9599CF6348B0EAC781225457
1118261315 15650 38372 7C20F6CF1A09EEE4F40FE6F70B0F070213E4AE0B9599CF6348B0EAC781225457
1126312035 21645 3955 49DEFEF92392F718D1EDD174735AF0EB57A18E32777860268DC95E4217F72406
1123023659 19841 57135 00C84D4C42E5D3104DFB452DA27BFF96BAE6F1BC06F7D3AB19C1A3FE8E8A5E63
1127079746 13867 50424 13F960BC772F46E90BCFF1DF62CE37588A32E753680D045C1D3BAA799957EC10
1119866517 44173 14365 38809030278838E4BF5D955C191CD3B34F252878A588A7539B4159B77BCCC7E1
1118688288 60257 11826 7E18E603E1D949BBDA0B46CEE3059BAB82932C122D32A754083063C9E56C284C
1121787677 42471 1779 FE1DA494FE141BC0DC4D0D4851E26BF36072544945CDE9A94A1BC2A195BA5555
1118495387 10536 48663 7C20F6CF1A09EEE4F40FE6F70B0F070213E4AE0B9599CF6348B0EAC781225457
1128012312 57839 51675 5B5D609E87B4D7E352959028086D2517C29107109C026069F955534A3A787A29
1125604037 21084 65440 7C20F6CF1A09EEE4F40FE6F70B0F070213E4AE0B9599CF6348B0EAC781225457
1118432175 14954 29284 7C20F6CF1A09EEE4F40FE6F70B0F070213E4AE0B9599CF6348B0EAC781225457
1117152579 30272 40873 7C20F6CF1A09EEE4F40FE6F70B0F070213E4AE0B9599CF6348B0EAC781225457
1126059146 36300 16341 7C20F6CF1A09EEE4F40FE6F70B0F070213E4AE0B9599CF6348B0EAC781225457
1126124635 62891 39403 1FB875D751878249AC8A1E4000AB4ED35F9BB47877157868513A8A8977F1BFFB
1122644639 6975 40486 019BEECAB6207D19F54A381CE0BBB2F189961A4E392B4885030364F0E2C376FD
1120950650 65374 10257 7C20F6CF1A09EEE4F40FE6F70B0F070213E4AE0B9599CF6348B0EAC781225457
1117918955 50026 39714 7C20F6CF1A09EEE4F40FE6F70B0F070213E4AE0B9599CF6348B0EAC781225457
1122803070 50457 52766 6023A21A04186C53A776A4942C4C5A1D82D431CC72439C4C922979E405FA2092
1120490801 11332 8533 7C20F6CF1A09EEE4F40FE6F70B0F070213E4AE0B9599CF6348B0EAC781225457
1117264196 20881 52509 1563069F47F0CC75FA4E40DF131A80BE700A83FBE5720957AF68991A36D327B7
1117682609 26323 27862 439DFA40BB74014F2F30534D34277AE3835318E71D0DC5820C26043863458910
1117414675 22164 60219 7C20F6CF1A09EEE4F40FE6F70B0F070213E4AE0B9599CF6348B0EAC781225457
1119021050 59947 54130 A78A240055196E964B77E0CF9E671043B81B2FF4923DE86644069AAC45933CC5
1122485064 23195 20797 E3BFAAB11C08AAE4F1906596D8661F5ABAA6B12C261C156B1836B19FC6332628
1121705098 13934 50010 7C20F6CF1A09EEE4F40FE6F70B0F070213E4AE0B9599CF6348B0EAC781225457
1117950366 2333 29762 6AC932C5E6A31147C1A1DA583825C47798CC30AA6552F3AF1237802132945BF4
1120128138 18194 29969 7C20F6CF1A09EEE4F40FE6F70B0F070213E4AE0B9599CF6348B0EAC781225457
1117908943 40672 24747 7C20F6CF1A09EEE4F40FE6F70B0F070213E4AE0B9599CF6348B0EAC781225457
1121673020 24895 23394 BAAEC335578823EB237BA78938B3472A47CE68C79A05E9A8FC1C7442E59BF52F
1126251959 54018 34246 7C20F6CF1A09EEE4F40FE6F70B0F070213E4AE0B9599CF6348B0EAC781225457
1122394416 6911 9139 05C66F9B339220ABC55196DE01368F496BCDFBD351C34274ED730E56A82EB214
1124362450 4620 54763 7C20F6CF1A09EEE4F40FE6F70B0F070213E4AE0B9599CF6348B0EAC781225457
1121689885 56513 7685 C140CB89789CD006676AE446530B60488BE95339EC57C09103A5C4DC2CC566C6
1120022478 25370 18160 7C20F6CF1A09EEE4F40FE6F70B0F070213E4AE0B9599CF6348B0EAC781225457
1121166154 25545 8484 085D591D158FFECCA0769C9C47FB9AF87644B8F7249884D39F2007CE949B1FDB
1119730165 48762 37581 7C20F6CF1A09EEE4F40FE6F70B0F070213E4AE0B9599CF6348B0EAC781225457
1116766375 60907 56290 BDEB8A45577340A0D7B5530B605A025E458196A568972A0F1E4424D36E8FB5D5
1117920160 42015 38663 3E7A75361E2DF64857E2497FEBE78A119CE1257F6E57655B5B9414455BC13C0A
1121010938 269 56978 89EE074564FF29E81F80D89C71B00FBBB00FF4A051CA72019AB6960F0598A0D4
1118250727 1475 35879 D88A2ED51EEEDEED234B5CA85D2599FD929E20D5B7B806F90AF1E05DC4FC9BA9
1117716043 26645 19322 E1E4D4BA9B9DD6B792F6367907BC8D0FEC9B7436F19FA783221ED1B979465A6C
1118897734 65097 28533 5AE97CF105E78C2051F231C5C881A7F1DFE6B4E7B8947E5DC38B21BAC90F6023

Total of 0 tasks calculated error.
