Total of 100 tasks calculated correctly, accuracy 100.00% 
11292180845 17815 58323 9433395FA897918E0DE57D48E55650D460D22006E26B124555501C368853DA1F
11288354352 54548 19698 7C20F6CF1A09EEE4F40FE6F70B0F070213E4AE0B9599CF6348B0EAC781225457
11286376678 50806 5219 7C20F6CF1A09EEE4F40FE6F70B0F070213E4AE0B9599CF6348B0EAC781225457
11289388013 24870 6333 7C20F6CF1A09EEE4F40FE6F70B0F070213E4AE0B9599CF6348B0EAC781225457
11288746096 14642 22210 7C20F6CF1A09EEE4F40FE6F70B0F070213E4AE0B9599CF6348B0EAC781225457
11288688695 37860 35826 7C20F6CF1A09EEE4F40FE6F70B0F070213E4AE0B9599CF6348B0EAC781225457
11284712167 5354 54164 7C20F6CF1A09EEE4F40FE6F70B0F070213E4AE0B9599CF6348B0EAC781225457
11288853554 41869 39902 BE1472263429C3643B7E3474BA451D57319BF9A5FA8C861B8FDBB1B083323604
11283011647 54377 38147 A936E5B68C5EA9DB569B6DFFDF01A07CD36D53FD4F276B39B0FA226D698CCE26
11286735737 47746 54850 7C20F6CF1A09EEE4F40FE6F70B0F070213E4AE0B9599CF6348B0EAC781225457
11284442003 48026 60371 7C20F6CF1A09EEE4F40FE6F70B0F070213E4AE0B9599CF6348B0EAC781225457
11286826504 21692 9283 7C20F6CF1A09EEE4F40FE6F70B0F070213E4AE0B9599CF6348B0EAC781225457
11288169964 12795 635 737C6A0361D4B5CA0387C37A8F0FEFDF03BC83792506E81E89A2BAFD249B79CF
11281639470 55006 51735 7C20F6CF1A09EEE4F40FE6F70B0F070213E4AE0B9599CF6348B0EAC781225457
11291776937 3037 12452 4F6F85C02D552FABE20C6C0905F2D6A9312A839C41117D66D3C80F6FB7AE2317
11285990252 58838 21825 7C20F6CF1A09EEE4F40FE6F70B0F070213E4AE0B9599CF6348B0EAC781225457
11287656209 49977 12423 D6787D4F35CFB555DADF8DF7BB3F02E6BBF659D4D8C589E9DCE2EB3BA064D8D9
11284534856 45650 57516 7C20F6CF1A09EEE4F40FE6F70B0F070213E4AE0B9599CF6348B0EAC781225457
11281741556 44772 6599 7C20F6CF1A09EEE4F40FE6F70B0F070213E4AE0B9599CF6348B0EAC781225457
11285379551 28332 27177 7C20F6CF1A09EEE4F40FE6F70B0F070213E4AE0B9599CF6348B0EAC781225457
11287963583 50619 29241 3A6D03DF02775B85E5D79147B1F8AFDB137854B2B4A677DC3D6568F56D3A7D20
11290567214 24115 9190 53B6E56AF8E8EC57CA41C6D0E1CFE67D85333CF62BCBBD735F65FBEC6CC819FC
11280816980 50265 63945 8260F576111F11E17D595CE26B2DA5F745424BD93FFCC2962478933330912DE3
11282685528 1892 46546 7C20F6CF1A09EEE4F40FE6F70B0F070213E4AE0B9599CF6348B0EAC781225457
11283737221 49152 54535 7C20F6CF1A09EEE4F40FE6F70B0F070213E4AE0B9599CF6348B0EAC781225457
11289615649 18077 40966 0A18C29501C96286BDC9323A633880430730EEDD60B94D2FABD1779098F2D428
11290776532 5641 30055 1E0B55E139C3191BAC4D714B79500BE7475DD649A5BBBD0A65EFF439437801A0
11290719804 57027 7820 A9B4D822E0D72C11C9C464750F027F87452857D65B3014A9B5848F1C57D5824C
11289376000 11664 43897 7C20F6CF1A09EEE4F40FE6F70B0F070213E4AE0B9599CF6348B0EAC781225457
11283386667 44438 2753 7C20F6CF1A09EEE4F40FE6F70B0F070213E4AE0B9599CF6348B0EAC781225457
11283729086 14906 4700 7C20F6CF1A09EEE4F40FE6F70B0F070213E4AE0B9599CF6348B0EAC781225457
11282157947 20557 27177 1E6E51B14555E92E96B05962CDA9105B7ECFFB7E1884EFB9D5415E1050FD3BFE
11286084393 10792 55527 7C20F6CF1A09EEE4F40FE6F70B0F070213E4AE0B9599CF6348B0EAC781225457
11290047361 3925 33994 7511A03EBE988B6BC3503FB7ADA483D405656AA5C508AAC24ECF56AE334307BF
11280513330 4976 29411 7C20F6CF1A09EEE4F40FE6F70B0F070213E4AE0B9599CF6348B0EAC781225457
11289883063 23499 7371 48F40CC216B88FEAA65EBDBEEB9E77E1A1B1FDC65136FAD857F5D00A203E9811
11287045656 22373 56020 048D05B8A19211C73DB628EB993ABE2BA212C4202259FA4F4989B9D02D235328
11285739472 32134 38161 7C20F6CF1A09EEE4F40FE6F70B0F070213E4AE0B9599CF6348B0EAC781225457
11284415897 62592 32057 7C20F6CF1A09EEE4F40FE6F70B0F070213E4AE0B9599CF6348B0EAC781225457
11289832410 49283 4959 D17C208E3ED1E4F0F845025C1B21D36E48ED83A45B70929E44B34F93A3C8306E
11285787149 49517 6790 50AEC1BAD24A8146E7951C22D0B224C88F1C55E88C993F186392160CB716DF06
11283299545 11852 24256 7C20F6CF1A09EEE4F40FE6F70B0F070213E4AE0B9599CF6348B0EAC781225457
11288926714 10376 22607 7C20F6CF1A09EEE4F40FE6F70B0F070213E4AE0B9599CF6348B0EAC781225457
11285762975 43928 8062 7C20F6CF1A09EEE4F40FE6F70B0F070213E4AE0B9599CF6348B0EAC781225457
11283106109 21114 26209 7C20F6CF1A09EEE4F40FE6F70B0F070213E4AE0B9599CF6348B0EAC781225457
11284524949 26231 32555 A7257F184D2C7E321389FAAB4FED88F4782AF089F219ACBB3DFA2BF49B407BCD
11287674170 56209 51243 671C4B3128C261FCF7BF5D3BD5BDE3767F4A440C4E1C52FE5CC328AAA606A169
11281734986 37499 25606 C4EA352076EACFBC5582A4FA663A0AC67C2D9016E985AB3567831331F654CCDA
11287194100 51776 14313 7C20F6CF1A09EEE4F40FE6F70B0F070213E4AE0B9599CF6348B0EAC781225457
11284214025 8614 29198 7C20F6CF1A09EEE4F40FE6F70B0F070213E4AE0B9599CF6348B0EAC781225457
11280964378 29397 34995 E12F7F2E49EBD4DCB40EC44F4DC0240A2DAA0F2AEC9876BB87F0B8C724420DCE
11283507763 54560 61735 7C20F6CF1A09EEE4F40FE6F70B0F070213E4AE0B9599CF6348B0EAC781225457
11287559733 26559 56931 B3D211DA17E76A7F6B41C671B5ECA9DC4E3F4FFB2923A2936A8790EB2DC893AB
11280666604 24751 26867 9CB196787B4B910970537ABAB83221AE1795192A05E69C54AAF2CBE75D8526C5
11284659347 23762 54159 7C20F6CF1A09EEE4F40FE6F70B0F070213E4AE0B9599CF6348B0EAC781225457
11284174859 17748 9331 7C20F6CF1A09EEE4F40FE6F70B0F070213E4AE0B9599CF6348B0EAC781225457
11285846367 9909 31949 7B7BE89910C9C0C1B441B0EFF93CF450D925814BCB82B346DA1F5C329748CF19
11288833771 42377 32761 203DACCF2E6EF2A3D83D03975423CACDC18DDCE528A422E7AB19A12A9330AC8B
11283348871 24959 51175 3B284E68B25CB3AA116832239222F2493C407DB9B931D82827C22D75EF55FB40
11287011425 52527 46570 7E8AB46C0318A7C305AB50A2DA7A252D160DA4F04BAC16786B80ECB6F591B8E4
11284847114 8686 31575 7C20F6CF1A09EEE4F40FE6F70B0F070213E4AE0B9599CF6348B0EAC781225457
11292295327 19480 38017 7C20F6CF1A09EEE4F40FE6F70B0F070213E4AE0B9599CF6348B0EAC781225457
11288243782 48533 5734 75D0450DA8EA77B5035624867F8E226B7C484CBC6EB822C90E00C1F6169D4EE7
11287018596 39023 57497 1CBEF5B5A9CE9AA9BDB45BBF202BAC42A1F68B255BF24745139C2377AB6916B1
11291632186 64400 1260 7C20F6CF1A09EEE4F40FE6F70B0F070213E4AE0B9599CF6348B0EAC781225457
11287186485 17519 7360 9A2D7961D043A31E48BCEFE1EAB906B1420EFE20C47B86FC360AC33EC61D3AD9
11289556185 2256 45368 7C20F6CF1A09EEE4F40FE6F70B0F070213E4AE0B9599CF6348B0EAC781225457
11290819177 13047 26083 4A7C5EDBF68B0210B293DF1D96F1876BB29EC59272AC94B199B29D723197F60C
11284649929 51468 18072 7C20F6CF1A09EEE4F40FE6F70B0F070213E4AE0B9599CF6348B0EAC781225457
11289376007 16298 53828 7C20F6CF1A09EEE4F40FE6F70B0F070213E4AE0B9599CF6348B0EAC781225457
11287370900 5408 21954 7C20F6CF1A09EEE4F40FE6F70B0F070213E4AE0B9599CF6348B0EAC781225457
11286045153 31439 20740 9AE309E25EBCD63BB000076CDC3249E0DA97E8916E25EC2EBD2B34D826CDEAA5
11290901440 46730 47875 7C20F6CF1A09EEE4F40FE6F70B0F070213E4AE0B9599CF6348B0EAC781225457
11280915530 19796 62884 7C20F6CF1A09EEE4F40FE6F70B0F070213E4AE0B9599CF6348B0EAC781225457
11286970992 54623 41884 BDB02426C1728427E6A343C92064EB256012CEEE5E2B19D005920B00A38CF459
11286172924 43542 52311 7C20F6CF1A09EEE4F40FE6F70B0F070213E4AE0B9599CF6348B0EAC781225457
11290820145 38875 814 ACE4F661B8D5EE137D7B6D7ED38178E9C6F3C626898CA9AFF3E430692D702ED1
11287931103 50061 26489 42E3F960F53A4CC4309CA0BA50FE1FD11A338FEC48F2677CA5B443DB800613DD
11292107741 33005 48532 65BFFB2E17DAEA1F06AA3367CC3A2EC71B7C6B1FF9772A6F2EBC3CFA47A94B82
11284289312 28063 57719 AB173E8EAE9910559C03CCC32B33F959744C57B092379375995E03C8F7ADB5EA
11289330203 12411 21034 721396A9AAEBCA4618E04A0CA65163D8309BB6F1E60316FCD17C4FF67C4ABA6F
11287111884 45268 23540 7C20F6CF1A09EEE4F40FE6F70B0F070213E4AE0B9599CF6348B0EAC781225457
11289631453 22714 39050 7C20F6CF1A09EEE4F40FE6F70B0F070213E4AE0B9599CF6348B0EAC781225457
11281778956 51174 16415 7C20F6CF1A09EEE4F40FE6F70B0F070213E4AE0B9599CF6348B0EAC781225457
11285691767 9100 57448 7C20F6CF1A09EEE4F40FE6F70B0F070213E4AE0B9599CF6348B0EAC781225457
11283028136 24875 59590 1B9752A456581EC911F7E245FA8FB16CBBCF6ABE8AA4D8FA4E58DB809172B084
11289415844 64108 48325 7C20F6CF1A09EEE4F40FE6F70B0F070213E4AE0B9599CF6348B0EAC781225457
11292241404 35491 14380 23C5343EAE0043FAABA10635BB4C06EA266B7B463AC9A4C26D40476364AD8B28
11291207600 56078 12902 7C20F6CF1A09EEE4F40FE6F70B0F070213E4AE0B9599CF6348B0EAC781225457
11289054534 31101 50800 B708BE0A13328A48BB6D585EA198DDE111637BEF5CD3EFCE192205BD5F5AE346
11290567652 22387 30110 02A93EE01C4187F48156EC2C640838EA66B0E06ABB371D9BD8FF0EB339B8206C
11285502402 28678 62762 7C20F6CF1A09EEE4F40FE6F70B0F070213E4AE0B9599CF6348B0EAC781225457
11282584215 14775 42473 5C792D5FB67D1C9D558C10125C6C9968976D50000D5758249B3762E957C82D76
11281380781 30280 63064 7C20F6CF1A09EEE4F40FE6F70B0F070213E4AE0B9599CF6348B0EAC781225457
11282862348 51828 47713 7C20F6CF1A09EEE4F40FE6F70B0F070213E4AE0B9599CF6348B0EAC781225457
11282578936 45491 7275 5150F803CD8363B3CDF3E2D72CBAAC4C20BF310B91958840079FD2D872C28122
11290065161 39307 16640 117B9983AE5E13F34814D9916660D7A1E98C5CA56970B1D5F9BB64AAC9846A93
11283183378 23139 60195 7E02F7A3C5D4B27DAD9E1355C23C3894D8AE9E023776407E0C6EB9DC240C8332
11289415226 34512 33434 7C20F6CF1A09EEE4F40FE6F70B0F070213E4AE0B9599CF6348B0EAC781225457
11285983841 2507 25136 2B98623F74F7EE779927FFAAAA69746CEC96B5F3443D9520CF94F41BA35BA56E

Total of 0 tasks calculated error.
