Total of 100 tasks calculated correctly, accuracy 100.00% 
1133079226 27793 60720 0B70297D87DA837A1E958D44A98E14E186EBF1E8AAA1E1D44659C0647FD1EDB3
1130041652 52686 14758 7C20F6CF1A09EEE4F40FE6F70B0F070213E4AE0B9599CF6348B0EAC781225457
1131641262 33001 60784 A0ACFE891FC45C712293D28CB41B82B76EB25052EBE66CF71E69FE9A0B8B018A
1130887382 49438 39141 7C20F6CF1A09EEE4F40FE6F70B0F070213E4AE0B9599CF6348B0EAC781225457
1133866262 15268 42108 7C20F6CF1A09EEE4F40FE6F70B0F070213E4AE0B9599CF6348B0EAC781225457
1135661951 33040 39569 7C20F6CF1A09EEE4F40FE6F70B0F070213E4AE0B9599CF6348B0EAC781225457
1130196138 36082 55890 7C20F6CF1A09EEE4F40FE6F70B0F070213E4AE0B9599CF6348B0EAC781225457
1134564887 65325 60414 D67832F59C94C9DD54AF127BE5C0E65E21A28D013AD3C1B85DD586CF1CAE4927
1134227734 60988 39579 7C20F6CF1A09EEE4F40FE6F70B0F070213E4AE0B9599CF6348B0EAC781225457
1134781752 17090 46988 7C20F6CF1A09EEE4F40FE6F70B0F070213E4AE0B9599CF6348B0EAC781225457
1130004969 43199 61265 428F8EB33488C99EC415DBA002679F17AA4E2C19A8704EE173E005AF2D8B1083
1135313660 28611 58078 8A664E998E92F186A77BCE38817BB4D8EB72AEDA356BA374EA4A89C5788E294F
1129503473 2586 6803 7C20F6CF1A09EEE4F40FE6F70B0F070213E4AE0B9599CF6348B0EAC781225457
1137707361 7604 31840 7C20F6CF1A09EEE4F40FE6F70B0F070213E4AE0B9599CF6348B0EAC781225457
1134561078 54944 36370 7C20F6CF1A09EEE4F40FE6F70B0F070213E4AE0B9599CF6348B0EAC781225457
1129291217 37373 23892 DB01CBE9B9DE13B0716FDF3B47E9D58A1E0329F2A6B7D755A4E81727FAF51F64
1138691635 27438 17561 7C20F6CF1A09EEE4F40FE6F70B0F070213E4AE0B9599CF6348B0EAC781225457
1140187787 62016 2845 7C20F6CF1A09EEE4F40FE6F70B0F070213E4AE0B9599CF6348B0EAC781225457
1131636443 39232 48549 7C20F6CF1A09EEE4F40FE6F70B0F070213E4AE0B9599CF6348B0EAC781225457
1133995002 55568 15464 7C20F6CF1A09EEE4F40FE6F70B0F070213E4AE0B9599CF6348B0EAC781225457
1138105127 49789 24419 8D9A41A948B07ED0E13A3B32E560B4F2B8EE0B518F90132B52ABD67F60CD2530
1129395636 53587 56844 BBE8DB154F1C2397C10B59F34EE49B0D9CCBF5290B7A487446F59BE4AAF77283
1132157219 56711 16101 B22DA5A06C86F6B1B5D8A360D4AF1C5DCA6736FE87D88DE4C91DAB98DFBFA729
1131916884 25200 41501 7C20F6CF1A09EEE4F40FE6F70B0F070213E4AE0B9599CF6348B0EAC781225457
1137140800 50138 5766 7C20F6CF1A09EEE4F40FE6F70B0F070213E4AE0B9599CF6348B0EAC781225457
1134460964 34971 60238 0DDDDE3135B30F78ED372F1779DA5B8E93009CF4FA56597444A35E1D9613D555
1140047989 3143 45778 45417CBF82D3EA3CCE51D04082C35CC53A4A9300101A3B5962FDBDD4BB748CCB
1138756196 32931 29581 B07D78475287ADBF1B85F4A02796482EEF9C02FBB58DFBE6EB1CDD2E5E0865EE
1140283063 27004 37345 7C20F6CF1A09EEE4F40FE6F70B0F070213E4AE0B9599CF6348B0EAC781225457
1133542842 28772 362 7C20F6CF1A09EEE4F40FE6F70B0F070213E4AE0B9599CF6348B0EAC781225457
1133028138 6503 3260 6A4DCF92C014B308225E09E53D64421A0F1CAF822C35A5AE52FF06764D33DB67
1129082156 62553 23144 1F72FD9F4CA0C5F08E885788F32EB88ED8D454C163BAD8B2C418458D20461FF5
1140052912 54761 48101 38B5831E38A472DA77BCD2DABD149DE407FD4570E705753F7223F3DFAE30167E
1137570731 46946 33486 7C20F6CF1A09EEE4F40FE6F70B0F070213E4AE0B9599CF6348B0EAC781225457
1138813835 47029 27224 63ABA281DE7978E69BD2DBF8DCA86F05C423C53593DF68FB63757366A438BD65
1131536988 50960 60275 7C20F6CF1A09EEE4F40FE6F70B0F070213E4AE0B9599CF6348B0EAC781225457
1139221523 14110 23612 7C20F6CF1A09EEE4F40FE6F70B0F070213E4AE0B9599CF6348B0EAC781225457
1128384721 14641 22815 EB8C0D498E17741E7AEC39F6276A47ABCE815B526F61636A49D6894C544F11BD
1133165831 31377 19473 6590813F845C99D23C23F13E88407CF81F101061CF925E8917B29E2630A10F2D
1133687983 26134 53592 7C20F6CF1A09EEE4F40FE6F70B0F070213E4AE0B9599CF6348B0EAC781225457
1138562053 2794 4434 7C20F6CF1A09EEE4F40FE6F70B0F070213E4AE0B9599CF6348B0EAC781225457
1135253454 13548 16450 7C20F6CF1A09EEE4F40FE6F70B0F070213E4AE0B9599CF6348B0EAC781225457
1138656612 43568 6899 7C20F6CF1A09EEE4F40FE6F70B0F070213E4AE0B9599CF6348B0EAC781225457
1128631446 2990 46508 7C20F6CF1A09EEE4F40FE6F70B0F070213E4AE0B9599CF6348B0EAC781225457
1129951260 36359 13668 BEB68DC5E19B5BBFBDAE5878C2F8A7B7071A1FB108DCD7C9622D31EAEBFF5440
1128893287 37637 19139 1ED0C32CB667BCD07FC92B12B7F6EBD4DE2D1BFC4C434456A16A8E2E2A4A26B2
1138029408 49871 26231 514CD34F9B433D0C3A86FFB3F3A712F53D49C695FA7BF85BED043A2B5A477BC6
1129526818 61337 6178 A1C230B5AB107795571CA68D95DCAD5D98B6593A7AA46E225E0524404483C26D
1139120708 15757 64616 C81E18303AD1AB7458038E4599BF9D5DA0F5D0B9E7B650B306E07FFD3EA3DA53
1138107459 46510 2829 7C20F6CF1A09EEE4F40FE6F70B0F070213E4AE0B9599CF6348B0EAC781225457
1132064113 7758 62444 7C20F6CF1A09EEE4F40FE6F70B0F070213E4AE0B9599CF6348B0EAC781225457
1129196248 59848 33258 7C20F6CF1A09EEE4F40FE6F70B0F070213E4AE0B9599CF6348B0EAC781225457
1128982499 36297 44426 6856C5CF1BEA935D82CC46052C0D18C7FE6AF4BCA5FD1B9A51E19EE3E23019F3
1130008017 55056 29701 7C20F6CF1A09EEE4F40FE6F70B0F070213E4AE0B9599CF6348B0EAC781225457
1132415721 39202 61087 7C20F6CF1A09EEE4F40FE6F70B0F070213E4AE0B9599CF6348B0EAC781225457
1134520206 45858 19716 7C20F6CF1A09EEE4F40FE6F70B0F070213E4AE0B9599CF6348B0EAC781225457
1135932846 19163 63072 2C1C766658B26925CA2AF34AC423CDC2B5C79842493A9026CCCBAB8EAC2903A4
1130183340 63193 7829 F9555B11392E18A4DD322F833880449BA2075821B9372B42DFB809904C69038A
1138701498 5191 61988 099BB17DE233EA1971A897350F275B5E44581C73805DF5D736663D3D2A990FB7
1132046853 23949 38853 9AE025BC15A6F184B2ACEBDC5060F21527F0D18B72EA252AEC01EA857AB52CF1
1140021159 40458 11767 7C20F6CF1A09EEE4F40FE6F70B0F070213E4AE0B9599CF6348B0EAC781225457
1136048187 13651 1222 D62D69992DB05819C908F1D4BF8BC5A358387B2DCCA58D70763BFE88E00E8D05
1130116205 25821 63305 C64EE9DCC46D86A377B5DE0F10899F500308E5D0B5161E0E4FA0243A0B39FFBC
1138600576 53612 14229 7C20F6CF1A09EEE4F40FE6F70B0F070213E4AE0B9599CF6348B0EAC781225457
1140255784 5085 38382 2DCCEA9FFD847CFC0D745B505288B56E2E4F88F44AEC9257DBBA8DBEAE818A21
1140117688 24929 49419 5EE8C5BD95B353FBB75AE204A87CD8CF42A57341A2DEEFB4144337DBDC199745
1129965555 29337 36989 8CEE69EFEFFB0A231230AE626ACA0BC26F66411FB37820D87376C8D2305D8CE6
1138084599 21671 46493 443206D2F379AFD02E412563DFC3D16064A91F4D368ADF29C721AD2C5E3BC279
1132560685 44912 42803 7C20F6CF1A09EEE4F40FE6F70B0F070213E4AE0B9599CF6348B0EAC781225457
1139762841 53815 51922 7F8A409FF479B0EEFCDB26146181088706633D0A84A55813B756D54FD8D4BA1E
1139007288 55168 5382 7C20F6CF1A09EEE4F40FE6F70B0F070213E4AE0B9599CF6348B0EAC781225457
1133412744 43244 4086 7C20F6CF1A09EEE4F40FE6F70B0F070213E4AE0B9599CF6348B0EAC781225457
1132325312 8371 38273 2FD9695D0028D671E76192ABAEC258C6975B57C69F7B0E037A46F590A32D5E7E
1138495180 62783 2629 E33F53BA4609119B207426C14E5B3FBDD3AAA063565B4533DB2BA54EBAF18831
1137020447 42230 8744 7C20F6CF1A09EEE4F40FE6F70B0F070213E4AE0B9599CF6348B0EAC781225457
1131960650 8967 60328 AE63DCCFB24D9F6019834CAFA09A85C403123C0533D74C71B90347F0B9BFCF00
1140065464 12821 46005 EC20832BADBD94DB193A1F6095C2E2DFCC99ECCE378A557A1231F5F3076692B0
1137550830 7872 60791 7C20F6CF1A09EEE4F40FE6F70B0F070213E4AE0B9599CF6348B0EAC781225457
1130733811 12724 29558 7C20F6CF1A09EEE4F40FE6F70B0F070213E4AE0B9599CF6348B0EAC781225457
1131585340 60025 50777 AA9197321BE0003EB50D3918813C2927AF874329BA97879642E97962E9C00C8B
1130682963 29549 55141 E2B74481F3F6F9D578DC157120C04259B4723C0AC3C564128B40B89900C53790
1135036830 10443 47332 9DA06D9365BC9856F6236387982644492228082B193EFEABE059501B10BCD6D3
1138214189 42209 30761 F2C67B6B9A8E41446B3E6201A471BC2A3A5B550D78F4BBBDFD059F249A4165AB
1131094409 38482 63395 7C20F6CF1A09EEE4F40FE6F70B0F070213E4AE0B9599CF6348B0EAC781225457
1133172927 40268 37388 7C20F6CF1A09EEE4F40FE6F70B0F070213E4AE0B9599CF6348B0EAC781225457
1136013140 43648 2407 7C20F6CF1A09EEE4F40FE6F70B0F070213E4AE0B9599CF6348B0EAC781225457
1131495213 32240 42826 7C20F6CF1A09EEE4F40FE6F70B0F070213E4AE0B9599CF6348B0EAC781225457
1137284167 49934 16762 7C20F6CF1A09EEE4F40FE6F70B0F070213E4AE0B9599CF6348B0EAC781225457
1140125474 8123 32706 0166F5047BD153AE2303116194BCF895DECB9175D434B3F8B5E4D416B5954C66
1129832422 58080 9100 7C20F6CF1A09EEE4F40FE6F70B0F070213E4AE0B9599CF6348B0EAC781225457
1137012086 40638 42671 7C20F6CF1A09EEE4F40FE6F70B0F070213E4AE0B9599CF6348B0EAC781225457
1128607351 28341 15678 DC7930C496F6B954FCF3E512E5B17099E022F00B34128643A62D1D2110668284
1137181023 3417 44699 2EFD1B23D7A77EC0D42D521C6B8E5F30C9A3B26A260D945500732D776E69D7DB
1137017775 33845 15366 4EF0D0DEE4A219E1E81CF3A19D1DA9351FBA0A57F97D0ABEAEA32DE1B74BC615
1133101547 1249 18349 FF5077F4E38D324A92B18EA7C39F35D2BB48BAEC6C746A6E59BEDC152DC3743B
1135699346 60204 50928 7C20F6CF1A09EEE4F40FE6F70B0F070213E4AE0B9599CF6348B0EAC781225457
1133705952 15772 52851 7C20F6CF1A09EEE4F40FE6F70B0F070213E4AE0B9599CF6348B0EAC781225457
1131499286 2276 29079 7C20F6CF1A09EEE4F40FE6F70B0F070213E4AE0B9599CF6348B0EAC781225457
1136764618 36353 9535 F41E660B13BCFCDBC2278877AA26DB48D8AF0A351AFC452FD31A33C4B223888C
1132297311 7247 42289 381F5C6395715B7E34B7549D4142C45602A8C200462A5DDBCEB300F098832AA1

Total of 0 tasks calculated error.
