Total of 100 tasks calculated correctly, accuracy 100.00% 
1174850204 29185 48832 0985A5060AE26939D818371273360940BC2FF8FE4D1DFCB75F386039B3FF524D
1169943391 21143 17882 E4B81616C782C159FE610E734AE6F9394039217C777511986293DE3139C7C02E
1167847155 48373 48940 A3E3473E3060C9E47A9A25FF30E46949BDB2EC9F04DA8005B9BE5DE73D9B2906
1171235430 41795 21693 4495817515F2AACAE31E28A4558870B95D3E522891E180B8D8C75003EC41D339
1166716356 34401 58487 8C977B364FA0E82D41418379AAC9B068746C5F34162D8753487A7F5C594B51E0
1166154844 15155 39 31B380623898D5BCA76ECF2F24F70D69687978613A565FDA593AC45383F5FA3B
1171624532 36247 40106 3FD09F57CD1E7E51FBFD9EA2729F1440AC219FEA969A8E77216671230D122076
1172963232 12178 43281 7C20F6CF1A09EEE4F40FE6F70B0F070213E4AE0B9599CF6348B0EAC781225457
1174479804 2908 64480 7C20F6CF1A09EEE4F40FE6F70B0F070213E4AE0B9599CF6348B0EAC781225457
1174456415 4138 8379 7C20F6CF1A09EEE4F40FE6F70B0F070213E4AE0B9599CF6348B0EAC781225457
1175579800 12983 15786 B1B6E0CB624A1ED4A954FDF82ED42B27D73BF870D3DA1AB884C3E2530299CC12
1171104498 60938 31791 7C20F6CF1A09EEE4F40FE6F70B0F070213E4AE0B9599CF6348B0EAC781225457
1172202739 54758 50608 7C20F6CF1A09EEE4F40FE6F70B0F070213E4AE0B9599CF6348B0EAC781225457
1168323504 4240 36971 7C20F6CF1A09EEE4F40FE6F70B0F070213E4AE0B9599CF6348B0EAC781225457
1176333210 34385 56627 380CCDDC8FE1EFA086ED3C978EAF7FE2C127B2A3453F04C8399D30DD590BA2C0
1164719441 46852 12929 7C20F6CF1A09EEE4F40FE6F70B0F070213E4AE0B9599CF6348B0EAC781225457
1171864143 38878 53550 7C20F6CF1A09EEE4F40FE6F70B0F070213E4AE0B9599CF6348B0EAC781225457
1171021929 21470 52812 7C20F6CF1A09EEE4F40FE6F70B0F070213E4AE0B9599CF6348B0EAC781225457
1170357504 3991 11868 0704059B33882851E512DB040740E4126B3AF565585D02F8323625B8B6D178F4
1165531881 20747 35621 A68F82A47C92DC1841B10B37725EC6E96B42DECD1CE79380A1BDA36CEDF80AA3
1167874311 7286 33367 7C20F6CF1A09EEE4F40FE6F70B0F070213E4AE0B9599CF6348B0EAC781225457
1175733799 26275 38189 3E3E6A519F16B255D50931511730FDB2C1C68EC3B270156232E03600AF9BF271
1165606188 55311 21956 730FB3D7CECF5ED13B97DEB71143E858D965C587CAE233D4D2B9A29E4823DE50
1172981054 12184 61160 7C20F6CF1A09EEE4F40FE6F70B0F070213E4AE0B9599CF6348B0EAC781225457
1166570406 10727 27928 B66E972B63B69A5C833117651C28A87B939FE0E4093E3DB61B63E4682EF3A3E0
1173741071 60746 42324 7C20F6CF1A09EEE4F40FE6F70B0F070213E4AE0B9599CF6348B0EAC781225457
1166282958 27548 11851 7C20F6CF1A09EEE4F40FE6F70B0F070213E4AE0B9599CF6348B0EAC781225457
1171537044 37142 40688 7C20F6CF1A09EEE4F40FE6F70B0F070213E4AE0B9599CF6348B0EAC781225457
1165964808 59882 12195 7C20F6CF1A09EEE4F40FE6F70B0F070213E4AE0B9599CF6348B0EAC781225457
1167062420 37946 41223 7C20F6CF1A09EEE4F40FE6F70B0F070213E4AE0B9599CF6348B0EAC781225457
1167175695 26603 28799 1CD336CD4DC59428DA489984A1F1514871309FD0A5DC9F824B8C43A44B704683
1170970791 15698 12634 7C20F6CF1A09EEE4F40FE6F70B0F070213E4AE0B9599CF6348B0EAC781225457
1175204508 37942 9988 7C20F6CF1A09EEE4F40FE6F70B0F070213E4AE0B9599CF6348B0EAC781225457
1164873484 56784 43402 7C20F6CF1A09EEE4F40FE6F70B0F070213E4AE0B9599CF6348B0EAC781225457
1173661714 53461 7417 ADB2C0889B7277ADDEA06B1CE7B8F6B381D4DA71DCB84B19912C3612861598ED
1175831135 28204 863 7C20F6CF1A09EEE4F40FE6F70B0F070213E4AE0B9599CF6348B0EAC781225457
1166900420 22905 12998 E945AA484D73D9F05354D2C8E3B3D39CE74A57DBCA206C93516CD2D73FA9CEAF
1174527979 20089 55879 F1DBFB9B290280DBB4154C705A5E9A814AF27F23AF0BB2AEDFEDA1FC5176AE2B
1176223903 27845 45172 734E2ADBF7C8C6676E01E650141CA8FBC2220B294B8F664BA0CFE3660884FBCA
1169631811 39186 30468 7C20F6CF1A09EEE4F40FE6F70B0F070213E4AE0B9599CF6348B0EAC781225457
1164820530 64835 18038 86BC6C8F8F359547514FE96909B132E17F461B4D935E8E7720E73C36814163B2
1170393170 4366 9475 7C20F6CF1A09EEE4F40FE6F70B0F070213E4AE0B9599CF6348B0EAC781225457
1174516261 45526 56123 7C20F6CF1A09EEE4F40FE6F70B0F070213E4AE0B9599CF6348B0EAC781225457
1173105710 14363 18061 0F7A7AC475D95EDB0A2A7D3CCD0BA2F10906B93D21465409D967298C37FCAFA2
1166228065 32380 49699 7C20F6CF1A09EEE4F40FE6F70B0F070213E4AE0B9599CF6348B0EAC781225457
1172635960 18480 13836 7C20F6CF1A09EEE4F40FE6F70B0F070213E4AE0B9599CF6348B0EAC781225457
1165433101 62996 28759 7C20F6CF1A09EEE4F40FE6F70B0F070213E4AE0B9599CF6348B0EAC781225457
1170249089 3793 38453 DF0CA26EB62CA9F36D2816927A7D0C8565A252FFCF33E8E3B768C40736E3565A
1168284750 32425 39151 6DAE46F9F7A6656EDCC2BAFD90E584D3B6F046A7D4DC1127AF3F9547B2C47E57
1171670110 22161 13577 67146FD17EA42AAD41E8AE2F860251BF6EE27163A2190AAAF3EE74BD934C2FBB
1168662239 17032 29174 7C20F6CF1A09EEE4F40FE6F70B0F070213E4AE0B9599CF6348B0EAC781225457
1166289329 57564 37905 7C20F6CF1A09EEE4F40FE6F70B0F070213E4AE0B9599CF6348B0EAC781225457
1167604532 32086 21794 7C20F6CF1A09EEE4F40FE6F70B0F070213E4AE0B9599CF6348B0EAC781225457
1165316875 42195 55895 BB0A3F2E12610087112DB8DD021FC124CAB94C5BDE7CC09D6D52445FE7B3A54F
1174814897 61592 12973 7C20F6CF1A09EEE4F40FE6F70B0F070213E4AE0B9599CF6348B0EAC781225457
1176144915 63195 65463 85AC2DCD984599BA6FFA2B87D78A79876475557E2F6302A87B507DE8CD0051B0
1165672235 2391 64206 596D60BF39AC15DAFB7ED4F98052042AFA2EBF128A28ABDBB23B7734345B02FF
1167718074 42415 52604 32D055906101BE39D6E3AA3B0AC8D0FE1B42853FF36CB559897A013DE2D2F775
1165266624 32225 14683 1D17019D727FB6775F1739E53EC3D8B9AEB3970F450D18D3DFE8654D8B774680
1166167086 11145 38862 43D72FB3286124626B5EB94CF7F2654A2277A4C0B3CB0D310C14E44CEDCBB475
1165779398 55359 25714 D12C40A6A31956190364C1636C8514E3D8525DA2B746CED4552FB9A965B4B478
1168128113 32525 10476 084F040DF64FA00C3F4B424B2770E8FBF28FCEB2621F498C82D79368B829DDAF
1164994055 22 38598 7C20F6CF1A09EEE4F40FE6F70B0F070213E4AE0B9599CF6348B0EAC781225457
1166687414 38462 29864 7C20F6CF1A09EEE4F40FE6F70B0F070213E4AE0B9599CF6348B0EAC781225457
1174059937 32752 20079 7C20F6CF1A09EEE4F40FE6F70B0F070213E4AE0B9599CF6348B0EAC781225457
1170019357 24134 53961 7C20F6CF1A09EEE4F40FE6F70B0F070213E4AE0B9599CF6348B0EAC781225457
1171421951 7665 32202 65371293867FA987E4ACA3C2820A58C8357221E8417C9E030C11A90B37F2EE3A
1164875144 49971 39282 541F46F47FB487D04ADD292212CCF18163F2CCF8FEFEB992DB65DE54321F43FD
1174994975 16073 51546 761778F1DDAB0AF6AC17DFCEFA7DCE393AF2FE725DBEECCBF6E139B027E512D5
1174318553 37971 46040 E84E0EFBF9D069549E0FC8FF46768D4E930607FC7C9A406145459520A774ACFD
1167503129 15036 40245 7C20F6CF1A09EEE4F40FE6F70B0F070213E4AE0B9599CF6348B0EAC781225457
1175746374 22469 23614 59D0F07220AE5CE901D7369684FB48C07EE1F1A4162B4F3A050D6B2E42959C86
1176074704 9402 64712 7C20F6CF1A09EEE4F40FE6F70B0F070213E4AE0B9599CF6348B0EAC781225457
1173242069 21743 12538 5EFFB4A17B2D45E7B526547C7353DD030F5E11ABBF7392EEBC6E3F3A18B6FE13
1168109295 57572 8686 7C20F6CF1A09EEE4F40FE6F70B0F070213E4AE0B9599CF6348B0EAC781225457
1171168350 54309 46227 5CB10C447072BFCCEEB48C244E199D741E1B7CFE4DA7BFE92D185012449AD167
1171039165 22292 61054 7C20F6CF1A09EEE4F40FE6F70B0F070213E4AE0B9599CF6348B0EAC781225457
1175042267 52949 18414 C21E1487ACD23968FE74A5C3CC1748B57565BB6D077947B6CEA264600546220A
1172093012 51670 19926 7C20F6CF1A09EEE4F40FE6F70B0F070213E4AE0B9599CF6348B0EAC781225457
1170461365 35027 3855 7BDE174B91FDB1C0709BCBE35BD693226DA895DB84D7A1FB7F14A256B8A43DDA
1171589940 19790 59981 7C20F6CF1A09EEE4F40FE6F70B0F070213E4AE0B9599CF6348B0EAC781225457
1171995388 38271 31671 DCA37D5823F521E85926453B216FD00B5BE81E328F7AF48D38FCA4CDEDA52416
1175795832 41786 48898 7C20F6CF1A09EEE4F40FE6F70B0F070213E4AE0B9599CF6348B0EAC781225457
1166178709 64670 36237 7C20F6CF1A09EEE4F40FE6F70B0F070213E4AE0B9599CF6348B0EAC781225457
1169202689 26603 38249 D6BEAFBE63E11B2E1C0AC9DC83ACBA2B445534B56D23F6404D60681FFCCE4E63
1168591570 12456 49052 7C20F6CF1A09EEE4F40FE6F70B0F070213E4AE0B9599CF6348B0EAC781225457
1175670121 12482 44914 7C20F6CF1A09EEE4F40FE6F70B0F070213E4AE0B9599CF6348B0EAC781225457
1173711955 10417 16219 E83518E9EB6D3DEBD8BED670441DA769F313777EEE7D5B5F24C0C9FE8C4700D1
1166906639 41483 64851 937C1FD6DB6755365C2E43A7152EDBCA7DF5269C4558E89F7AB434BDDB55C562
1174071512 9167 15800 BF07405C585797D38FBC11C9734A87ED17D53EDC74B95201ECFABCC0CFCCCCFB
1170129969 50567 50215 FAA1E18BADE79992E4E75B018FB7BD7E9D0A3031522903402114A38C73EA4FFB
1174720526 64515 62910 B9E974518EBEF2B528686EDF1AFF406FDB1D7E71234CB52F2D862D1B2C132263
1174038263 48710 43067 7C20F6CF1A09EEE4F40FE6F70B0F070213E4AE0B9599CF6348B0EAC781225457
1164934877 41242 39109 7C20F6CF1A09EEE4F40FE6F70B0F070213E4AE0B9599CF6348B0EAC781225457
1171910687 10545 58232 D9B449B2E4842105234CFBE8851BDFEFCFBC97C32C799DE3F7877DB4D1EB9BFF
1169867631 56601 9720 C4896D8AE2953E065BAB5D06423437BAD0B6DD30609F339501BFDC0FC5D71AA4
1170063633 42724 59466 7C20F6CF1A09EEE4F40FE6F70B0F070213E4AE0B9599CF6348B0EAC781225457
1170279963 677 45554 EBFC75150B1B9C4C586275D79D9770FE849594A8E1D39AB6AD7AA089F3A58EE1
1175621155 364 24008 7C20F6CF1A09EEE4F40FE6F70B0F070213E4AE0B9599CF6348B0EAC781225457
1176098527 43365 57135 F838B228EDA74D0C418310E93FE10D48663432DA241EFDA221A950680B7F5D62

Total of 0 tasks calculated error.
