Total of 100 tasks calculated correctly, accuracy 100.00% 
956727945 44425 35334 25D655172DA9E5EB2DBB6C74353D11C83A7DEEB4DEAC6F66C2CFA63C2173D307
956728667 55883 18918 C349220A36835E28BFBBD00F1F48DB88774FF25FDAF4636D607A23F1D62228D3
956720798 18383 33784 E0524EC6AECFB7CD1DD62847288C5F90E8B991818C07EADDFBF9C9721ACBA895
956726798 52601 47323 90549F2B793B723CF711D50D044B436F2BA0ED15926A16D7F28D00FF30564A4D
956729372 3282 55817 F13587BC89FE4882C7C889302511FFD738D136129B9F5BE4C492CB4948A93A89
956729263 39606 30126 F13587BC89FE4882C7C889302511FFD738D136129B9F5BE4C492CB4948A93A89
956730882 40829 39381 49B4EF9388C58EBFEB4307079267B46BCA7EBF439FD82E166F76D7FE4A70B908
956723047 54937 32660 C108308D6671D3AE23C1BEC1CF78AA9F1D8285C7C128C4772604C863B410AC97
956724894 52817 43738 DC55881D0D95D9170866E7916CA3BF0C0A97DE5FB1866930CC90E87443A3663B
956735160 26040 60638 F13587BC89FE4882C7C889302511FFD738D136129B9F5BE4C492CB4948A93A89
956735333 38963 54411 B9B2EAFEEC344D65B3219FED8728CF54A109F757828E82D6AB308417A5BE5E94
956733483 10995 27720 3FD44753EB55FAE470AA2C40EC0CDDE0422B28C0FAC136050A632263A42ABC17
956723886 47477 43787 CE3928F66C32DB39A0C6A0AECDA175893D3DA2C745D0366F9E74E676A6107EFE
956724501 31133 3393 185881B646E9E33CDEA9D2B77F302E163549EA37B4A360BDE39AE9D0BE76DEFB
956718096 21612 40061 F13587BC89FE4882C7C889302511FFD738D136129B9F5BE4C492CB4948A93A89
956733427 44007 12271 CFD85B84EFEBC4116042F7BC60A1AD8FA0A42EC354D0C41AB22FFB976C5FF928
956728098 54206 8201 F13587BC89FE4882C7C889302511FFD738D136129B9F5BE4C492CB4948A93A89
956734474 11568 11188 F13587BC89FE4882C7C889302511FFD738D136129B9F5BE4C492CB4948A93A89
956722858 23138 9455 F13587BC89FE4882C7C889302511FFD738D136129B9F5BE4C492CB4948A93A89
956721475 15263 26418 2D7D37B0CDA32CEC671B34CAA35FE065C27FB44AED1F80A44E3413EF3B2FB66E
956734353 9382 3745 F13587BC89FE4882C7C889302511FFD738D136129B9F5BE4C492CB4948A93A89
956720793 38104 53075 F13587BC89FE4882C7C889302511FFD738D136129B9F5BE4C492CB4948A93A89
956724738 53467 63475 D975346F41AB2C6AE167F83BA1C5B4FE7C80A2C57D02F84032E6D3AA750A4227
956722926 3294 13264 F13587BC89FE4882C7C889302511FFD738D136129B9F5BE4C492CB4948A93A89
956725040 28809 11277 DDAB6A75124F23B99D1EDBADEF2F26F088D6BCAB7F669FD71786842A3F73BE03
956725553 62884 64844 F13587BC89FE4882C7C889302511FFD738D136129B9F5BE4C492CB4948A93A89
956736841 2264 12134 F13587BC89FE4882C7C889302511FFD738D136129B9F5BE4C492CB4948A93A89
956738702 3557 41937 6A16402C679678C5F87F5AAD98A9DB1FDE336AC5826F885248B623849919F1C0
956731366 21307 11796 6333360359C821B93FFD6730CEA893C611129246D03C7C23FA7294DDCA06B1FC
956737667 7115 36361 5A504F86C0F3586930245AC565C69937E76612CFE7987547CB5A95A5C7665692
956722849 58516 19993 F13587BC89FE4882C7C889302511FFD738D136129B9F5BE4C492CB4948A93A89
956726516 36512 10828 F13587BC89FE4882C7C889302511FFD738D136129B9F5BE4C492CB4948A93A89
956727432 52159 42868 C25139198A5E33E3E6D9D6D9EB9F6C2D03941DEA7D45C09438DBA3E655C7A6A4
956730830 59019 13328 8D2FE09B3C577F2946135B2CE6ACBC00DBD89C3320F6759AF7A9A66E912B9B63
956737753 4165 10224 067A2A2B9BB68188F80C8204A02954C4DBDDB92703574DA79F26DD45D2BC1C8C
956737001 30514 8380 F13587BC89FE4882C7C889302511FFD738D136129B9F5BE4C492CB4948A93A89
956739489 26367 59078 773EB125684302D07BAA7E9D7F2406D1B9EC808AED0B93806108423700A7FE79
956722033 16450 31921 F13587BC89FE4882C7C889302511FFD738D136129B9F5BE4C492CB4948A93A89
956727452 18503 57020 702CBC741591C59C7D2A2FE40F0C705DC508BBF7D239C8CCE022CF7AF5ACDBAE
956725235 34592 39432 F13587BC89FE4882C7C889302511FFD738D136129B9F5BE4C492CB4948A93A89
956739460 57673 18954 BCA2A9A2921F75003E0E69104ED16B83DF08CAB912DCD9204B0670B31CDEB10B
956727664 17102 62277 F13587BC89FE4882C7C889302511FFD738D136129B9F5BE4C492CB4948A93A89
956737568 8051 57201 26CE7CC9B98546AE0F191197C3B79EDB717666CB3832E6089FDEDE691A0D3898
956729824 36412 57326 F13587BC89FE4882C7C889302511FFD738D136129B9F5BE4C492CB4948A93A89
956737040 47802 45570 F13587BC89FE4882C7C889302511FFD738D136129B9F5BE4C492CB4948A93A89
956739399 42581 57170 64B80636EAAF200011ED642BFD6359F3137461AEF7A6E22138A3D821608FB61A
956731519 56763 56820 BE056513EE5C70D071B9C3AE0C73E114F74C1CCE7B36DC3D5E820160B67B29FF
956737819 32575 3188 E78247DA1D12F3506A4279CC0FE3F4A9B95F1860C62CE1F397AADF4F88F90077
956735102 32415 31171 FD3FC22FE94CE9E5D5D9E1A65124B95697958D456D4B3E6CA0B36C629EC951E3
956739006 59161 32044 34EA0ED3F70DAB1E96EAE3555C4F92B36896C2F63409D443B6C63B14A1D68418
956728276 39364 383 F13587BC89FE4882C7C889302511FFD738D136129B9F5BE4C492CB4948A93A89
956725473 17452 35858 F13587BC89FE4882C7C889302511FFD738D136129B9F5BE4C492CB4948A93A89
956730204 28722 63782 F13587BC89FE4882C7C889302511FFD738D136129B9F5BE4C492CB4948A93A89
956735721 261 32263 2EB42466BF0E3A3E6F40276067F5A451D56D73292E6638CF24C20ED17AAE4F3B
956727274 48829 30190 CCC06D42652743EA800BF28A5D4031BA4782006F59AD2DE7D47168B4D6DA7B65
956728689 59262 53569 F13587BC89FE4882C7C889302511FFD738D136129B9F5BE4C492CB4948A93A89
956731228 29338 19691 F13587BC89FE4882C7C889302511FFD738D136129B9F5BE4C492CB4948A93A89
956735464 62792 40384 F13587BC89FE4882C7C889302511FFD738D136129B9F5BE4C492CB4948A93A89
956737253 27583 18583 1FEB5BF1A5316958C003FA0603AEAA99D55088D8DFF588406EA65E16C3214DEE
956734906 47234 46670 F13587BC89FE4882C7C889302511FFD738D136129B9F5BE4C492CB4948A93A89
956721036 1868 2892 F13587BC89FE4882C7C889302511FFD738D136129B9F5BE4C492CB4948A93A89
956736453 56279 11656 5C23F27EB95EAA6B9C35102624C3252DD82A1028D540E1D9EFDA1BE0FD383301
956722677 46641 9721 F4AB062679788AE242AB578425A5635FF9045072176045336B2029AC5CC20184
956729863 24484 59247 F13587BC89FE4882C7C889302511FFD738D136129B9F5BE4C492CB4948A93A89
956726746 23238 51360 F13587BC89FE4882C7C889302511FFD738D136129B9F5BE4C492CB4948A93A89
956727199 20200 48388 F13587BC89FE4882C7C889302511FFD738D136129B9F5BE4C492CB4948A93A89
956720060 2641 44699 E6F434CEEFB1BD76FAAEF0A54A27E6BA3E9DA80F0D15B096E8C996BB69AD48B6
956729770 57312 61628 F13587BC89FE4882C7C889302511FFD738D136129B9F5BE4C492CB4948A93A89
956730349 63787 10556 A0DDDCED98B2457294AF10E0B2AECF4F7069ED85ABEC5F26280AAB761CC345D4
956737411 51019 40038 5635D0186569F3D3F34B160872B763889D5E53E12E4E29E346377FE92892D262
956736114 50535 36011 F798A912B4B5CCC10253435EF416E2352D88FD73D4E770D689DB33FA5F1B029C
956738716 6563 46934 71E29AAF34FAF8BFEF881A314A811886088B51BFBA7857A995676B6E7E319CCB
956738452 38203 23843 13D1AECAAB1826C5430E3DBC5E13627F72160DCE39740386245492686A0626F8
956736581 59528 16203 F13587BC89FE4882C7C889302511FFD738D136129B9F5BE4C492CB4948A93A89
956727220 10323 58962 2977785AA8DDA4A716C386011A2E847C15BF70A1A22E6F652C04F3B5D19EC51A
956731225 7038 3264 F13587BC89FE4882C7C889302511FFD738D136129B9F5BE4C492CB4948A93A89
956725828 38677 30334 16CC3678726E34FCE6F28797977EE1A49BA40068C3BE21BFC1B0A69F47C04A68
956734023 30592 30719 F13587BC89FE4882C7C889302511FFD738D136129B9F5BE4C492CB4948A93A89
956737407 1889 38101 38F6403846A2773F615198B71A7E35FC0E08B4AB582985DC41E19E8B52729F25
956718106 16339 2199 F4FED37EEABF92512662E7614B0E3E7BC416A06C48CFCC60A71705FA1FFC664B
956727424 54644 16600 F13587BC89FE4882C7C889302511FFD738D136129B9F5BE4C492CB4948A93A89
956718758 8045 13901 294026D3718521818AB98CF743CC169FCF0065A25E068FC65DC85AF15B730AB9
956726267 13531 50335 A7D827AC828C914D23D9FE24025DB0788FA5BD47B9A1D470A998114E639E71B0
956730381 58787 26085 BB584A3B918B5029F45CD919B91EA9CE953E04BDF760CACB4B8E49D924E94B89
956725377 65437 54666 2081D6A89F2BEA05DB1DD9D57477061E278BFD58520C9A6E28894894E735F41F
956722830 44854 47113 F13587BC89FE4882C7C889302511FFD738D136129B9F5BE4C492CB4948A93A89
956736937 8235 25522 BFF9884754ABE9B72525A762E712DFAD7913D63ECF3F0A8DCFD010C601001FF3
956729916 59835 5660 84C71A27A2058BC432A9115EB47808423F9A4058421637EA07D331BCD25CB49C
956728799 36509 49432 BE87FAC1152D1A3EC9990677360F834ECE3DDCFBD5016C49D091193F8C88562C
956728488 39645 17574 E30855C087096C581C019FC15011BA02181D23E2D4C0E78C2D3F8D415BDF3BCE
956721729 53182 26765 F13587BC89FE4882C7C889302511FFD738D136129B9F5BE4C492CB4948A93A89
956721286 54052 10580 F13587BC89FE4882C7C889302511FFD738D136129B9F5BE4C492CB4948A93A89
956728249 63038 6435 F13587BC89FE4882C7C889302511FFD738D136129B9F5BE4C492CB4948A93A89
956735589 47670 51870 F13587BC89FE4882C7C889302511FFD738D136129B9F5BE4C492CB4948A93A89
956720609 30186 27895 F13587BC89FE4882C7C889302511FFD738D136129B9F5BE4C492CB4948A93A89
956726176 14560 29519 F13587BC89FE4882C7C889302511FFD738D136129B9F5BE4C492CB4948A93A89
956719481 8372 54810 F13587BC89FE4882C7C889302511FFD738D136129B9F5BE4C492CB4948A93A89
956729470 17958 33663 F13587BC89FE4882C7C889302511FFD738D136129B9F5BE4C492CB4948A93A89
956731238 23067 49263 02C7400F4BC37B5D1E3B4068E9B50391E895A81BDB60CB18135818F1B4113DBB
956728285 3236 39964 F13587BC89FE4882C7C889302511FFD738D136129B9F5BE4C492CB4948A93A89

Total of 0 tasks calculated error.
