Total of 100 tasks calculated correctly, accuracy 100.00% 
1063389470 61036 63049 F13587BC89FE4882C7C889302511FFD738D136129B9F5BE4C492CB4948A93A89
1063412299 37815 54913 D6AA785D7080B0A39E13C6D0FD8B45B037354247F9E8A7F6E14CFACAD6B555C6
1063405644 26027 28421 71D6FD8F61A468346F4F0F1BA2C419EBFF0A773841168ECCD645F64397FAB947
1063405600 54727 54428 D655736F28F996AD6DAD1E54C9702212DB467B4CA74093D62664471BB2E105CC
1063407154 31067 56057 81A7BE93F625D6F115AA65348ED05D5F020A64B7C60CD80F48333249E9762DF9
1063390322 60825 8584 639A9406D4AE5695188CDBBBA81D7A542EF078FBA3F3057FDB0E5DA928E21F04
1063404723 174 2368 F13587BC89FE4882C7C889302511FFD738D136129B9F5BE4C492CB4948A93A89
1063405794 31424 63564 F13587BC89FE4882C7C889302511FFD738D136129B9F5BE4C492CB4948A93A89
1063409304 64752 22301 F13587BC89FE4882C7C889302511FFD738D136129B9F5BE4C492CB4948A93A89
1063411016 26663 61842 B3B067CC8C7C5B332F8CFACA7C2D1C261504833DD2BA1CB146CF4DA45A09EF97
1063388598 23075 25142 68E9B97FCED9F6E3DCBCC39BBCE2D24DEFE8860A64079A31D7F1D29F44B9EE2C
1063405916 39891 6228 B51AE568E2433276B40C9F4A0A8EE61449BEC8A11259C03ADA82EEB705C52DB2
1063390623 1690 50087 F13587BC89FE4882C7C889302511FFD738D136129B9F5BE4C492CB4948A93A89
1063409207 59149 44054 0E431F63E6AE29231E5755C0B67641DE7D9C52AC91CE55717C9B210384355530
1063412177 8212 28922 F13587BC89FE4882C7C889302511FFD738D136129B9F5BE4C492CB4948A93A89
1063403596 45218 56807 F13587BC89FE4882C7C889302511FFD738D136129B9F5BE4C492CB4948A93A89
1063412401 51346 17406 F13587BC89FE4882C7C889302511FFD738D136129B9F5BE4C492CB4948A93A89
1063406875 1542 63324 F13587BC89FE4882C7C889302511FFD738D136129B9F5BE4C492CB4948A93A89
1063410349 25919 12915 856C594C146FD69A249F81B5DDBB7020D6C7EBD36F382B2FCEB832B23C9F5D8D
1063402852 58582 7450 F13587BC89FE4882C7C889302511FFD738D136129B9F5BE4C492CB4948A93A89
1063391436 65109 2396 C38B347A4C29DE8F0AC79CC82A18C920DC381C3B328C00D349C79EF9B54C9957
1063413312 52520 3545 F13587BC89FE4882C7C889302511FFD738D136129B9F5BE4C492CB4948A93A89
1063414338 52318 27212 F13587BC89FE4882C7C889302511FFD738D136129B9F5BE4C492CB4948A93A89
1063413924 61049 40460 21412658969CC15D67FB5A827A6A26F53D2FFD28552174019207DB863759B858
1063404028 10269 30283 920EB87868FC93674BFDB9EFD34FA366A9160D7DBB6B04D2789ADDBE565BF643
1063403686 15642 25807 F13587BC89FE4882C7C889302511FFD738D136129B9F5BE4C492CB4948A93A89
1063408146 24459 17653 30ED31212329312CAA9A32BD5AC0D0DA5D632D9F9DC554C22736C31C21BB91D9
1063390929 18549 24778 1A005554FAEE23E0CB3CC6ECFC279CFA2613651EF1CC7296D50E15F40A5507B8
1063410252 48757 12453 DF605000188251782CE5C575AA8C48EE2F81EB8949F3DECBF74D788CD592FE8F
1063405446 57241 17033 4F148AD679A55D6596DBE6CA9E017524D1D7C859DC64A50CD17D9BFD35858EBB
1063410540 2803 30295 4531D79946CBD1035D0BD4646194B5AF9085D4630E0079E9C0E882318AA11B12
1063389932 47954 55349 F13587BC89FE4882C7C889302511FFD738D136129B9F5BE4C492CB4948A93A89
1063408839 52257 15910 738146AABABC35A37E68E39BC83FBF74435D90FD789D3C69F19ACDF7498FE453
1063390657 58607 65191 43C5A8A7E775C172C8D8510B21F9732514765657508783EDECB11C6EE0D4D08E
1063413518 40123 11594 FF0637EC5C6D05BAD4C31FD34AB830BF27EA49F9DCE00C168E092F981CFB36DB
1063406840 5512 6500 F13587BC89FE4882C7C889302511FFD738D136129B9F5BE4C492CB4948A93A89
1063411345 5943 55366 77D1D69C0ECDBF7143CE7DEBA776EFFD226005021AD9E64EBAF49CEB6B42CD56
1063405577 37119 19295 B8FE67F445D008B6DB2BAE64D38266EF3A1B9225CFFDE194D9E40431333D74FC
1063405625 47975 5923 236F3D9A0C210D45E03C62083E1725F7AAED1A8BB7D0CBCE44693B874BC2BA5A
1063406461 51346 61210 F13587BC89FE4882C7C889302511FFD738D136129B9F5BE4C492CB4948A93A89
1063412447 30992 31547 F13587BC89FE4882C7C889302511FFD738D136129B9F5BE4C492CB4948A93A89
1063402768 20972 50640 F13587BC89FE4882C7C889302511FFD738D136129B9F5BE4C492CB4948A93A89
1063406508 3060 21529 F13587BC89FE4882C7C889302511FFD738D136129B9F5BE4C492CB4948A93A89
1063410530 63205 28576 BB276F22A2D2E7FD2F0A7C379C738D7ADDB1A1AD06ABD9A2BFB3C9C5894B6B55
1063388704 1377 3001 2500083AB29BADC827392F4C1F1C8223BD811FC84269E66AB1C6849962EF0788
1063412119 25362 59688 F13587BC89FE4882C7C889302511FFD738D136129B9F5BE4C492CB4948A93A89
1063411149 50122 45253 F13587BC89FE4882C7C889302511FFD738D136129B9F5BE4C492CB4948A93A89
1063391285 33917 43135 FF6863998E037A01C954EE1DDD7B4ECE52BB5C9ED3E2CA26415B8AA177867E85
1063412027 32660 58729 F13587BC89FE4882C7C889302511FFD738D136129B9F5BE4C492CB4948A93A89
1063407116 22919 6045 70280F9EB94B1D451068DA783C578D8EDA13D404B7B11DF49AC7941BEBAF53B6
1063413043 34210 18853 F13587BC89FE4882C7C889302511FFD738D136129B9F5BE4C492CB4948A93A89
1063408311 32249 22906 B06DB828BF1878BEDFC7AA19CC19D646984D34E146EF9553FAF3BB2011584A19
1063389254 23014 49444 F13587BC89FE4882C7C889302511FFD738D136129B9F5BE4C492CB4948A93A89
1063389672 38441 21713 C0FEFF5AE8004B59EBD5E3ED289C80F265F8FC2092CE3BB85172686B90B270ED
1063412665 18517 48318 02DEC8F34E0F4A1E4B3F802CB6683E95EF199C6C3C9974AB32E7E6D543C72BED
1063414856 49008 31977 F13587BC89FE4882C7C889302511FFD738D136129B9F5BE4C492CB4948A93A89
1063406128 2456 30791 F13587BC89FE4882C7C889302511FFD738D136129B9F5BE4C492CB4948A93A89
1063412695 18810 28276 F13587BC89FE4882C7C889302511FFD738D136129B9F5BE4C492CB4948A93A89
1063405483 35956 48707 F13587BC89FE4882C7C889302511FFD738D136129B9F5BE4C492CB4948A93A89
1063407338 26958 5488 F13587BC89FE4882C7C889302511FFD738D136129B9F5BE4C492CB4948A93A89
1063406615 20388 26758 F13587BC89FE4882C7C889302511FFD738D136129B9F5BE4C492CB4948A93A89
1063388435 53333 46098 8E0EFCDCBCFA47799494BD8C88F21554C693A69B763ACCA6C5BD2569726FA903
1063409393 5998 44828 F13587BC89FE4882C7C889302511FFD738D136129B9F5BE4C492CB4948A93A89
1063390052 47796 65040 F13587BC89FE4882C7C889302511FFD738D136129B9F5BE4C492CB4948A93A89
1063388377 5583 25779 32DE591CB0780A95E5D355EB55FAF99E05E631D7985A705AA0C0153E71516785
1063405346 52726 21573 F13587BC89FE4882C7C889302511FFD738D136129B9F5BE4C492CB4948A93A89
1063414173 21086 27784 F13587BC89FE4882C7C889302511FFD738D136129B9F5BE4C492CB4948A93A89
1063390911 26034 56898 F13587BC89FE4882C7C889302511FFD738D136129B9F5BE4C492CB4948A93A89
1063406494 34282 34324 F13587BC89FE4882C7C889302511FFD738D136129B9F5BE4C492CB4948A93A89
1063408520 35236 64250 F13587BC89FE4882C7C889302511FFD738D136129B9F5BE4C492CB4948A93A89
1063411666 2960 56510 F13587BC89FE4882C7C889302511FFD738D136129B9F5BE4C492CB4948A93A89
1063410391 60281 29497 7E6D290E8485F6DDEA3DDB4F2ED9EE11128674D0FF5F1DF2CA79A554AB811493
1063391415 45448 51747 F13587BC89FE4882C7C889302511FFD738D136129B9F5BE4C492CB4948A93A89
1063403011 42609 24347 F8660ABFD5156646AC0E2923F15A51F8F9F3A2A028EA7B9BA8AAA64896436CDB
1063389383 58919 20408 08CA5160CB70B08D82937F86CB1727CB0D841C922521D9E28AD67E3411C69D6F
1063389722 3783 31444 1B0EA77D5887098FEA343E806F4B4B1A22D4679B21857CC274591C5531096E6B
1063402891 56414 13058 F13587BC89FE4882C7C889302511FFD738D136129B9F5BE4C492CB4948A93A89
1063414297 59057 32920 25F2B2319FD15B918C432DA2C97C293C9CCE8C14224D9E462C25F2A88F8016D1
1063410747 58652 22339 F13587BC89FE4882C7C889302511FFD738D136129B9F5BE4C492CB4948A93A89
1063404102 56722 36896 F13587BC89FE4882C7C889302511FFD738D136129B9F5BE4C492CB4948A93A89
1063407704 31394 63941 F13587BC89FE4882C7C889302511FFD738D136129B9F5BE4C492CB4948A93A89
1063410330 7742 32476 F13587BC89FE4882C7C889302511FFD738D136129B9F5BE4C492CB4948A93A89
1063411450 43437 46688 E3E96C240E7BDEB494CB2C860DCEFFD625F4DCA0C20FCBDA00CDB388764A8835
1063415691 25163 19763 FCFEB81194F4DB1299BE0FBE74AC6B31FFD5CACBD741340F164FE15876F3842B
1063404864 60761 1129 273E00A0C211CC826C6DA7C173FE56A89C1473A5615D6345FFAFEB1F2AB305FD
1063405792 6058 9173 F13587BC89FE4882C7C889302511FFD738D136129B9F5BE4C492CB4948A93A89
1063407879 2991 11991 086E59ED0F0C5BC577D68E5C8F191177A36D77B27518330961A9128739A3B075
1063391557 28635 42265 C5A9ADC7A84A80F83D9BEF1B3C19CC6D997ABB8422D81BAC1F20D2C79C511846
1063409902 12881 24134 291D8C20C94825EAF4CFD2074FA6FD3419684FB0BA3A565A9D9D26AEDEA3D6D6
1063391732 47693 16818 D74197A46B9C32D6EE406C3D270DCFC26013F99CC93B114C978A6D0A4428F128
1063413458 48171 29562 B1F73FDD7C8E26270FFF3BFC1469943F8F5A72107E0FADFA536FE40249295BE1
1063405172 11192 30281 F13587BC89FE4882C7C889302511FFD738D136129B9F5BE4C492CB4948A93A89
1063414501 31907 4859 C2CBA912D7220C8D398C74F62E4DC6FD281120193AC6582253153CC410B07D9F
1063407935 7555 16157 EA317B31E7090B7EEC8979173C83EF7F54C2235D1F87640CB3CB3D4088C09548
1063404757 34197 52244 0D1C92312C2052DCB17C9809A157D656A50B76C4108636E0ACA0DAC0EF040CED
1063411000 38602 64948 F13587BC89FE4882C7C889302511FFD738D136129B9F5BE4C492CB4948A93A89
1063408550 1716 25090 F13587BC89FE4882C7C889302511FFD738D136129B9F5BE4C492CB4948A93A89
1063388895 41088 64868 F13587BC89FE4882C7C889302511FFD738D136129B9F5BE4C492CB4948A93A89
1063407819 25476 6556 F13587BC89FE4882C7C889302511FFD738D136129B9F5BE4C492CB4948A93A89
1063404253 39045 32097 B5206D09FF07AD9BFA1399228D9F858D91B6CFE51A3EBBDBC969E5A75A09D18F

Total of 0 tasks calculated error.
