Total of 100 tasks calculated correctly, accuracy 100.00% 
1705201797 32159 36739 018DCEE8527907AD2C1741D441499F7ED7A88ADEC4EEAB7B165A0328C1D4F3B0
1705213810 29165 2730 339525D67B468A20766C987BB99367CC5B4E4E851977172E4D7BB644720E84DA
1705210616 52073 20875 4A39907139FAE9DF34460E2FB65B9AD6B85C57D2CA9B7344BCF5E72105CEA0FD
1705207944 40590 64786 F13587BC89FE4882C7C889302511FFD738D136129B9F5BE4C492CB4948A93A89
1705217994 42855 1630 E3EE5DAD3ABCF50E6E402B3182195F27DEB13F3261AF9D57C756CFE0096F10FD
1705216098 41548 21266 F13587BC89FE4882C7C889302511FFD738D136129B9F5BE4C492CB4948A93A89
1705216428 32124 3791 F13587BC89FE4882C7C889302511FFD738D136129B9F5BE4C492CB4948A93A89
1705208147 28274 43271 F13587BC89FE4882C7C889302511FFD738D136129B9F5BE4C492CB4948A93A89
1705215494 31420 7798 F13587BC89FE4882C7C889302511FFD738D136129B9F5BE4C492CB4948A93A89
1705203970 54552 57734 F13587BC89FE4882C7C889302511FFD738D136129B9F5BE4C492CB4948A93A89
1705218136 33931 9500 C98A8BE6A6BD11C0C80FE641BC3B9A467DAC9E3681648AC02E3D2DCBA96471F7
1705208766 39940 8230 F13587BC89FE4882C7C889302511FFD738D136129B9F5BE4C492CB4948A93A89
1705209922 62462 30296 F13587BC89FE4882C7C889302511FFD738D136129B9F5BE4C492CB4948A93A89
1705205341 30443 8029 1F2C3417630C497D3B12E87966122EF6441BC52B3FEEB9B300056CA91820F2F4
1705212744 36851 40523 9BC7A00CCD0F0C16557149B4F87A05432C99B372D4A84833E88C1BDBA1B034C7
1705208917 62540 44174 F13587BC89FE4882C7C889302511FFD738D136129B9F5BE4C492CB4948A93A89
1705215489 42963 8230 36FA99092D49EBA4D872C9D8A35BCBC7B5ADD58435B184D6A6A3A7DF269DCA24
1705211007 23657 28741 FC5062B569E63B87E87B7CBDDA5FA746200C28ECADF090680AE10BC6BE6BEDF6
1705217919 5413 15928 B0A33009FE431748E98153D6ED25E5BFC941B303D1502D34F04947A0DFC71D27
1705208395 58491 41968 59A8C7AFB67D0D96E251CB08D34B4C8A01484FB118A11914F386B552E83CA6C3
1705209269 54268 27995 F13587BC89FE4882C7C889302511FFD738D136129B9F5BE4C492CB4948A93A89
1705201244 16941 26942 DE0172AA0F7303F994A2E8601F005EABE9DE40919B5CAECB643BC4E0EC0D8E1E
1705216006 58051 2187 D9FA12B35A6D6BFECDDA8D0C7EFED5FA14A6DB209B3FC75A8F8D7D5CD7C6E27A
1705213295 48147 45561 AC8CE887CB4A8A316BF75BD4C3604C7D57E1434EAE5E6F67CB4D5D40A53DEEA0
1705213559 16558 57768 F13587BC89FE4882C7C889302511FFD738D136129B9F5BE4C492CB4948A93A89
1705201870 56680 22753 F13587BC89FE4882C7C889302511FFD738D136129B9F5BE4C492CB4948A93A89
1705205914 31417 63883 E0E10B85F8FEBCE01FC4A96F0DF9CD7CA82BD164B78256962818A1F43C0856F2
1705203753 44575 64339 154A3D958C8EEDDDB84C836617EA1C885533D0AC0690E5130D3B0FA01D881A87
1705203919 25283 17670 895192C75AFAA7A791C19A4D8BA6B3B0CB859D4F66340DEC0098046011C0FDA7
1705216259 24317 25706 BDCAA7516AEB553276F9CC59C0C47CD00220641EA5596B3143324FC45C72D451
1705215331 42580 48253 F13587BC89FE4882C7C889302511FFD738D136129B9F5BE4C492CB4948A93A89
1705204648 42043 35642 02F53F7E57C9EA18CC3E334FA704C8F9D5414C1124E2AD5FEA86E2AC68487BE5
1705211275 28297 54221 C6EA38B2B6D97CF4A1FAD2F94F94A9B88195612FC22553DCEE6CB0CC7ABA9DD9
1705200502 9038 49083 F13587BC89FE4882C7C889302511FFD738D136129B9F5BE4C492CB4948A93A89
1705212977 766 22334 F13587BC89FE4882C7C889302511FFD738D136129B9F5BE4C492CB4948A93A89
1705205955 44350 64561 F13587BC89FE4882C7C889302511FFD738D136129B9F5BE4C492CB4948A93A89
1705202094 61117 26868 545FD8B306F44FAE45DBC98D66F312280095D71E063BCB4C35D632845EAF8A97
1705205590 6089 14422 B33F69571DE3A0AEE422DF8A0A2B18C51FBBCE6E60D4B069C159400850854257
1705216351 56951 56445 CEDDECCF78D6E2E9A37A49E30A2E2D9D3D9574C2625585E39A73E1277D654F18
1705218367 39465 56261 3300B531160A8C65DA34F89C6E5C7B896570190ABCB15C792CA4918E9BD1D7E3
1705213173 40810 42340 F13587BC89FE4882C7C889302511FFD738D136129B9F5BE4C492CB4948A93A89
1705208747 18989 14695 DD1E35824993F0A0E87A49A7FE4268C098A8939EB2515C3F0EB1A0778C88F7F8
1705201222 23248 65169 F13587BC89FE4882C7C889302511FFD738D136129B9F5BE4C492CB4948A93A89
1705203342 39434 38912 F13587BC89FE4882C7C889302511FFD738D136129B9F5BE4C492CB4948A93A89
1705208612 48186 44782 F13587BC89FE4882C7C889302511FFD738D136129B9F5BE4C492CB4948A93A89
1705200477 44289 4059 0327A9711AFE873F27EC4494B3D2A56C0AD8F0BC4F279C04DB57FEFC30E02607
1705217719 59398 42353 F13587BC89FE4882C7C889302511FFD738D136129B9F5BE4C492CB4948A93A89
1705201438 48537 25460 AA65C2F3B0AFB22ACE0159AFC2F9B61D7A3BAB28DD40434DDCB1ACA15880BCD2
1705218228 64490 49420 F13587BC89FE4882C7C889302511FFD738D136129B9F5BE4C492CB4948A93A89
1705201386 59854 45288 F13587BC89FE4882C7C889302511FFD738D136129B9F5BE4C492CB4948A93A89
1705202850 29400 59276 F13587BC89FE4882C7C889302511FFD738D136129B9F5BE4C492CB4948A93A89
1705201381 46577 51083 E610A879E380EF4D74DC2DEBC1DAA8FCAC47FEF169348E6C66F94A8E158C2994
1705211671 5028 46009 F13587BC89FE4882C7C889302511FFD738D136129B9F5BE4C492CB4948A93A89
1705201916 36574 55673 F13587BC89FE4882C7C889302511FFD738D136129B9F5BE4C492CB4948A93A89
1705207306 38784 6416 F13587BC89FE4882C7C889302511FFD738D136129B9F5BE4C492CB4948A93A89
1705200881 4435 14014 2AAE8B628CAFD5BAB786DA70CD63CC5CA78E3877E6644D66378AEB3D49A83147
1705216672 53047 32960 83D29BC87144BFBFB07B88B5BC699057073B6408E3BA1B9CD8DCEA759D472733
1705216345 25899 36077 08DDE23D19866B063990D4639718C9CB2D00FE1166701175671DD4EC33CCB298
1705211086 55642 1707 F13587BC89FE4882C7C889302511FFD738D136129B9F5BE4C492CB4948A93A89
1705200960 19686 47280 F13587BC89FE4882C7C889302511FFD738D136129B9F5BE4C492CB4948A93A89
1705206815 38140 37481 F13587BC89FE4882C7C889302511FFD738D136129B9F5BE4C492CB4948A93A89
1705213369 13831 37380 043FC968449EB80BFAB800250000B750A3BDB2D6CEDD4AA0869618AED7629F47
1705215529 34957 4787 ECBB66FD91DE1FD81287B386746F6D42297C5F4AE17CB05FB81980F32DD91E87
1705204377 55907 19505 CA44DF1CFFBA578B543E427C5036F6F82F3D67FC8E54EBB4AC409E8C637459D9
1705211008 49377 26968 10159AC362B2A16AAC4545440C81100DE15E56B4597CA3260FBC6DAE5909AB41
1705213703 6815 55790 11594F917051A063A98F195E30D599B5C38FC5B011363F40EC9306D463A5D0DA
1705215190 31706 8915 F13587BC89FE4882C7C889302511FFD738D136129B9F5BE4C492CB4948A93A89
1705217150 63688 22710 F13587BC89FE4882C7C889302511FFD738D136129B9F5BE4C492CB4948A93A89
1705205019 34754 11558 F13587BC89FE4882C7C889302511FFD738D136129B9F5BE4C492CB4948A93A89
1705207943 901 1176 21A93B9EC72AB338796E5FF1ECDD33089AF3A74C795F54DDAF3FB34B928F415F
1705202256 2303 1622 F585DEAA099A953556FEBEA33E629B0BC5C63EA52D01B12E5A89B839E16EAF7F
1705211228 54300 18272 F13587BC89FE4882C7C889302511FFD738D136129B9F5BE4C492CB4948A93A89
1705202507 12764 7338 F13587BC89FE4882C7C889302511FFD738D136129B9F5BE4C492CB4948A93A89
1705217910 62121 65433 89F6B1065C38A0DD65EE680F49BAD455BF959B358EE68ACA46BB7DBC09EA98DE
1705200256 4745 5757 3A0D6264E93BA7B3BB7AD384E28DC343A5E0B9C6A5F0BBCA9FF1E3915A656F2E
1705209233 51709 62545 D4CAD23E7196AE5A859D36C444ECD6230996D756A5B9CE8EBFD4903FB204B6D6
1705212360 4848 59735 F13587BC89FE4882C7C889302511FFD738D136129B9F5BE4C492CB4948A93A89
1705216971 25885 36798 F420376721D19B6882A722854E9BE4CF3C06371419CD94A0F05A375DBF3ECC8A
1705214996 21351 24094 D1977FBEEC7147995656001A96C1B0AC6FFD94112BE35A847406C10891D1327B
1705210472 20310 53248 F13587BC89FE4882C7C889302511FFD738D136129B9F5BE4C492CB4948A93A89
1705205289 13112 64055 F13587BC89FE4882C7C889302511FFD738D136129B9F5BE4C492CB4948A93A89
1705213313 33129 41966 5C626785B337F6E74EDD9E278BB183F660638005E64962B5E39E63B50408C1B3
1705203683 62878 57557 F13587BC89FE4882C7C889302511FFD738D136129B9F5BE4C492CB4948A93A89
1705206360 48453 39022 21A8073A61752E6AED7733653C27F98BF1834DD0E7692E38649E2A06EEBEC696
1705216001 54662 36847 F13587BC89FE4882C7C889302511FFD738D136129B9F5BE4C492CB4948A93A89
1705201511 18317 48 FEED28672F2901AF63993E6D8F95D6BEAFC0F41F892ADB804B60600F4F7159D1
1705200851 27074 8955 F13587BC89FE4882C7C889302511FFD738D136129B9F5BE4C492CB4948A93A89
1705205555 58112 12581 F13587BC89FE4882C7C889302511FFD738D136129B9F5BE4C492CB4948A93A89
1705210080 3640 29194 F13587BC89FE4882C7C889302511FFD738D136129B9F5BE4C492CB4948A93A89
1705207812 52647 62865 5EE52F30B6094526C4BA8F25288C442638BD292A21AEEF400766599A70FF116C
1705208777 63850 49622 F13587BC89FE4882C7C889302511FFD738D136129B9F5BE4C492CB4948A93A89
1705200875 17480 10459 F13587BC89FE4882C7C889302511FFD738D136129B9F5BE4C492CB4948A93A89
1705202285 48594 28957 F13587BC89FE4882C7C889302511FFD738D136129B9F5BE4C492CB4948A93A89
1705204142 25506 10660 F13587BC89FE4882C7C889302511FFD738D136129B9F5BE4C492CB4948A93A89
1705214110 15900 23199 F13587BC89FE4882C7C889302511FFD738D136129B9F5BE4C492CB4948A93A89
1705210707 43132 40468 F13587BC89FE4882C7C889302511FFD738D136129B9F5BE4C492CB4948A93A89
1705208427 55825 2098 EE4E5698749708BB122157E193EC20C98FBB0C3EBE705D20721AE6AC0FD6F83A
1705205680 15979 17688 0D0F0DB1D70FB54DCE0D88EA2D2EFBA57C2942DAE1D25D7961055BAC8AE4211B
1705200468 6750 33830 F13587BC89FE4882C7C889302511FFD738D136129B9F5BE4C492CB4948A93A89
1705211826 28806 33181 F13587BC89FE4882C7C889302511FFD738D136129B9F5BE4C492CB4948A93A89

Total of 0 tasks calculated error.
