Total of 100 tasks calculated correctly, accuracy 100.00% 
1919258330 8472 34208 F13587BC89FE4882C7C889302511FFD738D136129B9F5BE4C492CB4948A93A89
1919271550 19001 8847 B5FE365D6DF3D847BDEC1EE4600DB4168176815E9F7B045670C05B80B3B01FDA
1919278875 25504 30584 F13587BC89FE4882C7C889302511FFD738D136129B9F5BE4C492CB4948A93A89
1919275999 65455 12996 C92794D034A00D93E2495A139EC5ED1DDF4808FBAD44AEE0F83B31671061AF20
1919259511 26118 16932 F13587BC89FE4882C7C889302511FFD738D136129B9F5BE4C492CB4948A93A89
1919267457 58592 38781 F13587BC89FE4882C7C889302511FFD738D136129B9F5BE4C492CB4948A93A89
1919272692 6341 31453 F74CE1F6D7E94F7952B249B9A046A57EB026E115585AC3682B262F877DF81E2B
1919277362 60267 43405 2040CD464BECD6420E745BEECBCBF32F929620B90BA0B94BCEDCDB898D0C41D5
1919270292 6682 52047 F13587BC89FE4882C7C889302511FFD738D136129B9F5BE4C492CB4948A93A89
1919279828 13409 41752 5E927B509B9EF3FCACB0F5F99DEF573DD281793F836DF5AECB1E7362D8130A5E
1919283105 46927 18823 274A6973214CC228CCEEC018B95C8640ADE6F681D2D40BBDE589AC146B0A2C97
1919270941 28876 20914 F13587BC89FE4882C7C889302511FFD738D136129B9F5BE4C492CB4948A93A89
1919273195 8923 4339 C8406355527424F9CF4039EE77D8B8F56D5C36E705A8D28804B6622C6AA6C0F7
1919281615 16947 38862 9BA3A1635668135858E3F952370E8A34681499119FA0E13BEB431CFEC34E8750
1919264031 60290 23795 F13587BC89FE4882C7C889302511FFD738D136129B9F5BE4C492CB4948A93A89
1919266122 44201 29752 D0F2CA5FD9E733F273BD99DD07E812BF84B3AA4AA5C5AAE3F104F1025309377D
1919280391 54824 7128 F13587BC89FE4882C7C889302511FFD738D136129B9F5BE4C492CB4948A93A89
1919271512 3574 53541 F13587BC89FE4882C7C889302511FFD738D136129B9F5BE4C492CB4948A93A89
1919276282 64825 12070 5B1F6DBFD23B691CE6C82D69A0E6C566596BCCF91E4100F7AF27092C8D951007
1919280544 31127 5414 7217005737129E73EEFC2D2340D268C1C1A6A875CF4742A3A95605374C0B6116
1919272422 41963 27082 076277FEB6AD46E026053E7124FA656849D0A90E80F2047E5B10C45942D577BF
1919282330 2129 14336 324E591DD917408747027168C5F18E665AE00115A1DD305699263B1DB535CC4C
1919273829 16809 27065 ABD1D5B93ADE5DBD9F9CBFE35506E537FD75678DDDFEE9A620D12463A0349F31
1919278348 35184 60740 F13587BC89FE4882C7C889302511FFD738D136129B9F5BE4C492CB4948A93A89
1919256378 7793 10592 3DC5FE9B521094AC84976901579515C7A5514F5A3B9FF084A2B47B45761088BF
1919282329 28881 24211 CA6D32F74F90193B7E06208B12469A856A808A48C158EB531D8C4002F68FAAA2
1919272402 5784 58576 F13587BC89FE4882C7C889302511FFD738D136129B9F5BE4C492CB4948A93A89
1919272009 14255 884 57A81914B66EBC2FA4496B7A523186271ED552943E1CA69C7B15D1432D2FAEC0
1919266229 8721 9106 60115A79F2438FE921437A3B5AAE5FA93F2266F7CD5268D70990E0390B62D438
1919268701 62457 5800 94B6F95F60236E40B95CE2DA57EBDD29015FFF39F9D9F0520AA18DA64B8332C3
1919256233 15901 2426 F2C461658FEF0C55785C054D75288134BB983B6822A5F031F74F41316CCE7961
1919268125 1410 37712 F13587BC89FE4882C7C889302511FFD738D136129B9F5BE4C492CB4948A93A89
1919270038 22635 4574 9691DF663B546A1DA40B69997D9247CECA0531FD7959C184F47D51811069D277
1919259663 21727 45968 CC2FD8BA61BFD583BB996E8A4F4F9183E0798794D0AF0CAA209F99BF370E5ABB
1919265446 52586 36886 F13587BC89FE4882C7C889302511FFD738D136129B9F5BE4C492CB4948A93A89
1919256717 52054 58035 F13587BC89FE4882C7C889302511FFD738D136129B9F5BE4C492CB4948A93A89
1919257846 20553 60829 F800B832689C1F1DE236FA43E383D0880BF5CC8566E4FB410A68EEB77451A315
1919259714 9545 6307 6A210982E9271340C8E4F7D0EAC7D60B5EB88C0C5498E292C3A121E0B42720AF
1919267208 44972 38280 F13587BC89FE4882C7C889302511FFD738D136129B9F5BE4C492CB4948A93A89
1919258079 14795 4990 B0648FD4EF4570FC689F911FC68E4E0DD6E6AA62BD3BB85B503831DF05337AA7
1919269805 9915 45847 77C3EC53E66B9CC37E6E9734BB0D374E6F19F31CB95F884FB85C6667384C7906
1919268276 25360 35031 F13587BC89FE4882C7C889302511FFD738D136129B9F5BE4C492CB4948A93A89
1919268476 1708 38760 F13587BC89FE4882C7C889302511FFD738D136129B9F5BE4C492CB4948A93A89
1919265013 35115 65254 D1414D03B0366C5B3E4804252D4E51D677BFCCBD6CE81FB8C851826556668970
1919264112 946 32090 F13587BC89FE4882C7C889302511FFD738D136129B9F5BE4C492CB4948A93A89
1919265195 56868 36849 F13587BC89FE4882C7C889302511FFD738D136129B9F5BE4C492CB4948A93A89
1919271173 51084 57533 F13587BC89FE4882C7C889302511FFD738D136129B9F5BE4C492CB4948A93A89
1919267603 40081 2570 154CFC0CEF639D75D765E9620408919DB1B869E8AF4185B38AEAD92D6A8D71D0
1919257091 37253 7765 4DD4863BE1F30B9425B55FA0B91F1B7CBDB4BDE82608612081CCB0DB813A29E1
1919256747 799 51569 06544B8B32047B49D2C5D4187DA6CD43180C3259E74D3B377EC34AE58A9C94B6
1919267708 3602 38198 F13587BC89FE4882C7C889302511FFD738D136129B9F5BE4C492CB4948A93A89
1919272995 63996 47975 F13587BC89FE4882C7C889302511FFD738D136129B9F5BE4C492CB4948A93A89
1919267422 38550 29433 F13587BC89FE4882C7C889302511FFD738D136129B9F5BE4C492CB4948A93A89
1919259201 53044 27505 F13587BC89FE4882C7C889302511FFD738D136129B9F5BE4C492CB4948A93A89
1919275534 63763 55211 10AEF54D02E09331C72D1EE9099C84DCA21CADDB5A090F0FD27F889CA199B00B
1919268799 23877 21896 D9C3B74C497350168F51F29E079CD0302A6CF22080469F6858F0C070C17326C0
1919270204 1447 10919 CADF9447C99D651DF27D09BF4A7D590A5005390A7D9BDEE5C2ED9ACD1A5F5A90
1919275963 29108 36705 F13587BC89FE4882C7C889302511FFD738D136129B9F5BE4C492CB4948A93A89
1919266014 20374 5538 F13587BC89FE4882C7C889302511FFD738D136129B9F5BE4C492CB4948A93A89
1919256002 54517 35719 2E0CE15C396524C87DD26A742069396240A9D9F78367E59C6AE3D6A2E6F36B1D
1919259977 10860 9987 F13587BC89FE4882C7C889302511FFD738D136129B9F5BE4C492CB4948A93A89
1919278180 64720 2020 F13587BC89FE4882C7C889302511FFD738D136129B9F5BE4C492CB4948A93A89
1919256499 25472 50798 F13587BC89FE4882C7C889302511FFD738D136129B9F5BE4C492CB4948A93A89
1919273823 51666 40023 F13587BC89FE4882C7C889302511FFD738D136129B9F5BE4C492CB4948A93A89
1919274009 41114 43801 F13587BC89FE4882C7C889302511FFD738D136129B9F5BE4C492CB4948A93A89
1919274404 36211 50402 55827C8203DC5944B084A8B5C4198473BEA7E08257A1201E30EDA26C7E5C91BD
1919282628 30170 27910 F13587BC89FE4882C7C889302511FFD738D136129B9F5BE4C492CB4948A93A89
1919274389 4686 54582 F13587BC89FE4882C7C889302511FFD738D136129B9F5BE4C492CB4948A93A89
1919273758 41310 64450 F13587BC89FE4882C7C889302511FFD738D136129B9F5BE4C492CB4948A93A89
1919267188 62628 32990 F13587BC89FE4882C7C889302511FFD738D136129B9F5BE4C492CB4948A93A89
1919267868 62147 24992 3FA75069908257D412AF040DED68F377193C9B0E5E90FEE5CB7C60875E521940
1919268001 35821 1132 388213936942F3B2CBA5020E9BBD785458E8D28A13EEDF6D7D5DC8429CB01DFD
1919276067 53 49706 986F4CBC20E3DB715547E472AEBCCF5DFFAE4FAA5B5FB5BBAD0F0AB966740AEE
1919258157 35973 63658 7DBDF138DCD11B7EAD6BABAA88751CC88120469C938D9A39C673D09E0B33E426
1919256909 30915 12759 2F8DD5064020E2462E37DDEBFFC2F333E2782D05C03E30B141BF6641CCB53DE4
1919282702 28177 11011 F16022DB5BCB81679BBA6CD2B0CDB85DB4609FE79C4E9002EF3A7C1F9AD0E08C
1919266930 7212 49347 F13587BC89FE4882C7C889302511FFD738D136129B9F5BE4C492CB4948A93A89
1919264065 20188 24268 F13587BC89FE4882C7C889302511FFD738D136129B9F5BE4C492CB4948A93A89
1919280101 61392 3546 F13587BC89FE4882C7C889302511FFD738D136129B9F5BE4C492CB4948A93A89
1919264440 35163 21151 571208398F2788456149B18068C0D86001B223ABC2CF1BA958AD211D5133A3BA
1919273102 12542 32107 F13587BC89FE4882C7C889302511FFD738D136129B9F5BE4C492CB4948A93A89
1919267021 37259 50651 EB92601D91CF443D76CC6B74C026FA096007C958C0057BF571757373EAA034F1
1919269934 9952 246 F13587BC89FE4882C7C889302511FFD738D136129B9F5BE4C492CB4948A93A89
1919279824 54610 57646 F13587BC89FE4882C7C889302511FFD738D136129B9F5BE4C492CB4948A93A89
1919264022 48958 1877 F13587BC89FE4882C7C889302511FFD738D136129B9F5BE4C492CB4948A93A89
1919269927 28258 13214 F13587BC89FE4882C7C889302511FFD738D136129B9F5BE4C492CB4948A93A89
1919281378 8869 17449 4DC70D01EF6D78CBE9C79813B473A2E58894CE72ACC72A77A276B5CBC6B096E2
1919273977 54587 15246 4D4860E198D4C265FA4AD73113A2BBAB703F108831BFABCC86E31F85D8D82AFF
1919280275 3646 42079 F13587BC89FE4882C7C889302511FFD738D136129B9F5BE4C492CB4948A93A89
1919281146 50218 22224 F13587BC89FE4882C7C889302511FFD738D136129B9F5BE4C492CB4948A93A89
1919277188 43932 60672 F13587BC89FE4882C7C889302511FFD738D136129B9F5BE4C492CB4948A93A89
1919278058 43203 51449 D852E56609933FA0A147DEB27AA21D5DFEEBE06950440D62B4A24682A2A83710
1919282984 54821 7849 6EF8414C13FD3AFD8A37CD6207F702DBBFAE6F7CB87771465FD6477F93C0F5F1
1919278976 50232 1844 F13587BC89FE4882C7C889302511FFD738D136129B9F5BE4C492CB4948A93A89
1919271881 56179 23613 8778D86825128DAE49807F21E1EA092FE12324EC54D360F762D008DF0185A1E0
1919272662 17237 49383 BC701BC6C0BB63ECBCF96349E5655C043BC1954E032559CDD6765E14D0569734
1919268615 46587 9337 9063B85DA94EBA176C7B3CB4B610F37CA65C7721B37AEB751715E5EC5D4451F5
1919269646 44634 30028 F13587BC89FE4882C7C889302511FFD738D136129B9F5BE4C492CB4948A93A89
1919277391 20127 29302 4AEFD7112A47EBD47EDE14D6A94422F650A1FFECE1F4EC949B3D8B0A8FCA7EF0
1919277608 498 52398 F13587BC89FE4882C7C889302511FFD738D136129B9F5BE4C492CB4948A93A89

Total of 0 tasks calculated error.
