Total of 100 tasks calculated correctly, accuracy 100.00% 
2026184123 15589 51018 5EDF605086CE6741565C8F9DF94AD9DD8954060AAD56AAAE55A0447762DD7B30
2026198009 39605 10668 B69C0B22B49FA72E129B9ED3FE37A21F8360C20FBA715A19F929C15DEA0EC90C
2026186082 6859 14018 6CB953F283D57B2DC0AE9674DFC1EA9ED50F05307C9F8671AD90D28DF2999FBD
2026186626 32305 64454 EB2B8249642856DE359AEBDEC9776C895B4C754A3A268DC9BB694AB2D4D6A160
2026181926 41771 47547 7009144139CE5E76D2A7D95A42B1400FC5103211BA1DF56DB8E0B42A4180095F
2026185142 22335 26664 2FB1283930ADB42B8BD6E5C6E82F34F1E8774AEF706DE19B450ABE2E8777325D
2026179271 44217 49282 D93F84EEDE6BD100827D8DADCD6B251325A81CCBE342EAFC97D15949ABFF444D
2026189593 23125 41942 FF37443582F44ECBAB88D8273A1FDC8E04C0A7275B6DF3C9F34990B870CB3B85
2026189011 16062 3114 F13587BC89FE4882C7C889302511FFD738D136129B9F5BE4C492CB4948A93A89
2026177143 47759 21608 1DCE4A1C1BEC9B9CA40D9B9ADF7F6DCF91D9DA40EC06C1852C77F00162309320
2026178922 28779 22013 A89EDD11176E4A2D2A4A156229B2FEF60661C0241E31D95E744562EC5358A769
2026182310 51391 41664 022510E1D6FBA08E42CE5B03A5DBDBBDEA5A97E20F0463C10D8AF306301B4531
2026187222 29174 44994 F13587BC89FE4882C7C889302511FFD738D136129B9F5BE4C492CB4948A93A89
2026197750 29705 60803 136605656FAB84490B5C52F80209345CE44D0BE7066E90F88606FC976EEF8EF4
2026196018 58988 33094 F13587BC89FE4882C7C889302511FFD738D136129B9F5BE4C492CB4948A93A89
2026182350 53218 61096 F13587BC89FE4882C7C889302511FFD738D136129B9F5BE4C492CB4948A93A89
2026187424 26229 8771 0F480F518D3786AF614CC091E80F31BABDA7C0005381DB4E41C23E0730282921
2026182197 37102 44115 F13587BC89FE4882C7C889302511FFD738D136129B9F5BE4C492CB4948A93A89
2026197075 35298 61486 F13587BC89FE4882C7C889302511FFD738D136129B9F5BE4C492CB4948A93A89
2026188594 38332 24302 F13587BC89FE4882C7C889302511FFD738D136129B9F5BE4C492CB4948A93A89
2026190318 43829 59731 CE28A2B58881740D0D75CAF6BCCAB60A4F7D8A2D16A7545537549250B65F0218
2026183853 26794 44053 F13587BC89FE4882C7C889302511FFD738D136129B9F5BE4C492CB4948A93A89
2026185123 60975 4754 F65CEA434669397F551D58CC9D5CACAF12FFE614DD572D6C21F4F17576FEECAF
2026191321 64770 39595 F13587BC89FE4882C7C889302511FFD738D136129B9F5BE4C492CB4948A93A89
2026184394 18433 54685 E4293F3C521C2FD49EB74433E47FEB2595E3147418D41821C93E42F8DCCEE4E0
2026187615 61598 33948 F13587BC89FE4882C7C889302511FFD738D136129B9F5BE4C492CB4948A93A89
2026181973 45024 35092 F13587BC89FE4882C7C889302511FFD738D136129B9F5BE4C492CB4948A93A89
2026185786 33139 6172 EA4880EFEA76BEAF84023B5BE3D67F1C212BEDA42FB6D51306EB769B25712484
2026186786 23624 61343 F13587BC89FE4882C7C889302511FFD738D136129B9F5BE4C492CB4948A93A89
2026177716 44360 9247 F13587BC89FE4882C7C889302511FFD738D136129B9F5BE4C492CB4948A93A89
2026182729 44690 37334 F13587BC89FE4882C7C889302511FFD738D136129B9F5BE4C492CB4948A93A89
2026178138 65034 13803 F13587BC89FE4882C7C889302511FFD738D136129B9F5BE4C492CB4948A93A89
2026185114 1532 58212 F13587BC89FE4882C7C889302511FFD738D136129B9F5BE4C492CB4948A93A89
2026184093 62953 65151 6FEE572A60999EE02056F02C543A5F62F81AA4F42C47356A2EC54025F3AB2C6E
2026187042 62085 54164 2CF0E63DF8529D76778FFFF43333D8DC7091E4A84790CBE4D814B0A683CCF542
2026187409 17094 52661 F13587BC89FE4882C7C889302511FFD738D136129B9F5BE4C492CB4948A93A89
2026176616 26814 27400 F13587BC89FE4882C7C889302511FFD738D136129B9F5BE4C492CB4948A93A89
2026179277 15597 33296 D7A1363224756A2F2B99223B4F86340167E7D0296E5591E9B537E63998DBEB7A
2026179788 63077 4584 EC80A8F4882C8CB14AB8EA6F99055ABD06592B0949A0AADC2E0BA9A7ED05A2B8
2026197123 45752 18892 F13587BC89FE4882C7C889302511FFD738D136129B9F5BE4C492CB4948A93A89
2026186920 57600 19875 F13587BC89FE4882C7C889302511FFD738D136129B9F5BE4C492CB4948A93A89
2026176989 37805 50856 86B97AF5EA1653BF1558090EB92347628B68B443F4B6AD63499858CE30FDF97B
2026182124 17757 14636 3B39AD22BD8345BFA079F53F66B7EA8144C7BFAE84ECD02CF5ACF7E60B7492C8
2026176270 30446 22905 F13587BC89FE4882C7C889302511FFD738D136129B9F5BE4C492CB4948A93A89
2026191443 41737 27182 FA2A790CCCBDF14A7D20D779F3AD956E5A916D6CF20A503E877CCEC9BAA02E9D
2026189503 43298 30241 F13587BC89FE4882C7C889302511FFD738D136129B9F5BE4C492CB4948A93A89
2026184043 53822 55960 F13587BC89FE4882C7C889302511FFD738D136129B9F5BE4C492CB4948A93A89
2026179129 26777 45526 8022F39821B0D02A7A381A7C6E688314A70C219025F248D6212F18D8383D3DEA
2026178530 37046 39857 F13587BC89FE4882C7C889302511FFD738D136129B9F5BE4C492CB4948A93A89
2026197184 36230 40849 F13587BC89FE4882C7C889302511FFD738D136129B9F5BE4C492CB4948A93A89
2026191405 33126 35874 F13587BC89FE4882C7C889302511FFD738D136129B9F5BE4C492CB4948A93A89
2026187585 21275 9016 B1124E6A6379CD9DBCAA07746B89DBBCDA5290A694AF51F9898A185D15F93CB4
2026189036 48241 63286 AC544B27DDBCA1F51CADC4C1F4800DF4EA33725353619A2694864E5F369C63F6
2026176129 18598 15619 F13587BC89FE4882C7C889302511FFD738D136129B9F5BE4C492CB4948A93A89
2026177554 9412 43700 F13587BC89FE4882C7C889302511FFD738D136129B9F5BE4C492CB4948A93A89
2026183456 14665 46614 C77313AFD769BF9AD4BD55DF5803C20C8DD67C488F56E95BFD8DEFAACDBEFB02
2026176560 2447 33242 B60F1BED04897AF0FB54D825CEA51E0765770476B5A8B73DFC94C236D3134C02
2026179439 64209 38617 0C7132FEC649DB6973EA238F8DD1BA7179B1C3D9C09D5C21C08ACAF41ACBB09D
2026178408 27276 19059 F13587BC89FE4882C7C889302511FFD738D136129B9F5BE4C492CB4948A93A89
2026180292 23732 63473 F13587BC89FE4882C7C889302511FFD738D136129B9F5BE4C492CB4948A93A89
2026186430 3732 7697 F13587BC89FE4882C7C889302511FFD738D136129B9F5BE4C492CB4948A93A89
2026197308 34761 34720 9A27B00A399E2922395765DC3A6868C95CFC829A4B2D4F8702FA0ECA47204ECE
2026179493 12482 63553 F13587BC89FE4882C7C889302511FFD738D136129B9F5BE4C492CB4948A93A89
2026189553 14866 4907 F13587BC89FE4882C7C889302511FFD738D136129B9F5BE4C492CB4948A93A89
2026184173 34195 19712 C28A36252A1742585054732FB011B999FC3C2ABC01B900916797CD208E6D7998
2026180774 49801 11261 DB9DEE31B5F81D60D78249B4254CA9DE794C5089365F8913DE5829EEE98CA1C1
2026179058 56366 53300 F13587BC89FE4882C7C889302511FFD738D136129B9F5BE4C492CB4948A93A89
2026176849 8213 24189 98607C82484CBEED681F48615BAB0FB6EDD960047A97B291BD806D736829E76E
2026185735 50093 22243 DF5DCB4C554E88D9773180036576BF299F12F1B853777446938DE5D2A7013BF3
2026185625 31850 4822 F13587BC89FE4882C7C889302511FFD738D136129B9F5BE4C492CB4948A93A89
2026189356 12629 18702 F337F1CF60C9B435ABED0DECE38600BA7D044FD3ABDB87BCC9E8020C4EA0BBC0
2026183541 32315 29772 26B9F59181374031F2D673C85A1A4FE30682DF136B38FE060E20B19B056602A7
2026180575 10107 26321 B7EB2F93DC052AF38E116814E19937373D63BA78770E3EF7C1B7BD729B64725A
2026189341 47504 41323 F13587BC89FE4882C7C889302511FFD738D136129B9F5BE4C492CB4948A93A89
2026183475 15792 62879 F13587BC89FE4882C7C889302511FFD738D136129B9F5BE4C492CB4948A93A89
2026198134 4279 40712 4172716E26D7800BFBF2CF0ADC8F11FE0256F69B6C839D7BB8E49C952F972643
2026180478 18039 10969 850E0AC0E0666EEEB183FA4E9A0B6FCB02461B43AA2789B841C85F9CD47CB01B
2026188596 61103 45754 B36FBB0DEB55CA223F3F8F0B66D176E27627691F294F775ABAE3CA9DDBA82CD3
2026187221 24759 61730 3A73B6E9F8E097DB082B228065EE59134FE752CD1A50F37E3C8FE4CBDB60EB6B
2026183450 25202 17800 F13587BC89FE4882C7C889302511FFD738D136129B9F5BE4C492CB4948A93A89
2026183915 43134 56460 F13587BC89FE4882C7C889302511FFD738D136129B9F5BE4C492CB4948A93A89
2026185500 15060 39077 F13587BC89FE4882C7C889302511FFD738D136129B9F5BE4C492CB4948A93A89
2026190825 14927 39995 9673B9BEEC5B0239A463560B24E1BCFD2878175CE3B29A0A9C527823A59DCA67
2026177858 14082 7708 F13587BC89FE4882C7C889302511FFD738D136129B9F5BE4C492CB4948A93A89
2026184474 59932 56139 F13587BC89FE4882C7C889302511FFD738D136129B9F5BE4C492CB4948A93A89
2026183697 45524 14812 F13587BC89FE4882C7C889302511FFD738D136129B9F5BE4C492CB4948A93A89
2026180390 48811 15210 28BA8F6810F8EE8BC7E71F0A7D0F79A202B91BC24248C9A755C9A056E5299CFC
2026188383 43169 19409 6C57216AD96DB17F39633D57B7D7CB64B1B44B38C13821F606665E08F7F5EFCB
2026181532 23219 29210 E4022A2AFFBEDC01C1DC4722BF5F20FA5E30D961CFA7D2D5840EB9B6598BFB68
2026180309 20555 35608 81718126B70E4FCBCAE6F75C8301F662B3CE8C577BE1B43E83102F2EAB84A709
2026184804 24278 61427 F13587BC89FE4882C7C889302511FFD738D136129B9F5BE4C492CB4948A93A89
2026196851 9471 47780 AC36EFF439309E59E1BECF8967C2A28BA3EA1574D26FF2024FA0965E85BC974B
2026180783 17153 56918 0DC0C48372F8DF9922480DC64D218ADE0A5084047E6C3CE2609DD8C2262E3EA3
2026187574 22829 27066 ABCE3125AEC21E49D407F13517FC3B42EC08077EF09570C82D0B449EE9B7A0AF
2026177321 55595 34612 F374BF4A29D0300F968CF7CCF884E66E9988798DEB849FD919C06831DB104197
2026188288 30663 62946 B4A5D32BB0AA0984F9978D74F580910C70C54A28A27E4C9387D5584B931E31DC
2026180816 3840 4508 F13587BC89FE4882C7C889302511FFD738D136129B9F5BE4C492CB4948A93A89
2026189633 29136 50553 F13587BC89FE4882C7C889302511FFD738D136129B9F5BE4C492CB4948A93A89
2026182610 34642 38205 F13587BC89FE4882C7C889302511FFD738D136129B9F5BE4C492CB4948A93A89
2026184531 9552 12242 F13587BC89FE4882C7C889302511FFD738D136129B9F5BE4C492CB4948A93A89

Total of 0 tasks calculated error.
