Total of 100 tasks calculated correctly, accuracy 100.00% 
2133012788 41844 34203 F13587BC89FE4882C7C889302511FFD738D136129B9F5BE4C492CB4948A93A89
2133012388 30707 24997 91FCB79296053F895584CC7AC1A9D904F5912D3DE0617ABA3866DCB341FAA1AD
2133012465 52641 10839 9E05F3736696EC796EB6C19749FD5DB38A2CC2A48ED7069216218B43E131B460
2132982896 36769 16999 62D863DED7FA0E17D021E5615002C83A58CB1F07D19E9A238E697AFCF7950412
2133002864 8673 6008 8BBB6B55178E954AC63CD45CB9934CA8D3BED9AD78B396CBC5E35279976FE717
2133011145 42337 8878 1473FAB969AAB1E0E0810523A217E4265FBB669DF3E30EAFB5D739515E00F8ED
2133010999 53452 54981 F13587BC89FE4882C7C889302511FFD738D136129B9F5BE4C492CB4948A93A89
2133002868 10236 12743 F13587BC89FE4882C7C889302511FFD738D136129B9F5BE4C492CB4948A93A89
2133013685 25309 49167 310A56AC8A84834C9E593E37D245585B9A066C0B11B2A1818B3B18CD378D4E44
2132980829 8188 64119 F13587BC89FE4882C7C889302511FFD738D136129B9F5BE4C492CB4948A93A89
2132981365 7498 35226 F13587BC89FE4882C7C889302511FFD738D136129B9F5BE4C492CB4948A93A89
2133016898 14295 776 56019FD9FFE2671BED70382D14D0DC3AC7BF3B0968530D14B6BD527190AD0815
2133005063 47052 4701 F13587BC89FE4882C7C889302511FFD738D136129B9F5BE4C492CB4948A93A89
2133008920 7516 45148 F13587BC89FE4882C7C889302511FFD738D136129B9F5BE4C492CB4948A93A89
2133015946 21949 5414 E0F701E90F692BAFC34BA92AA3FFAA66A941253855CFF9810382419AD8A51D38
2132983517 26013 19188 A77331C3991607E80703EB103E9500B5993277C7FD4100BCA206F66ECA7F9100
2133016240 51563 40359 B2140DA1DA93FAA33FF91D48C284AE357E525691E3199DFBA43548A8C2C9BD7C
2133011035 49619 12659 1FD675C11DA233C47C10C7F531E2EE86810830BAFC73A2680E62FCAC977D00BF
2133012308 38226 45231 F13587BC89FE4882C7C889302511FFD738D136129B9F5BE4C492CB4948A93A89
2133015683 50902 19467 F13587BC89FE4882C7C889302511FFD738D136129B9F5BE4C492CB4948A93A89
2132983824 28786 63783 F13587BC89FE4882C7C889302511FFD738D136129B9F5BE4C492CB4948A93A89
2133015216 22096 55680 F13587BC89FE4882C7C889302511FFD738D136129B9F5BE4C492CB4948A93A89
2133012722 42112 53389 F13587BC89FE4882C7C889302511FFD738D136129B9F5BE4C492CB4948A93A89
2133013871 26891 60493 4C985CB2DB11370660BCDFB43F1CF456EB2FF1C866AF361A196BCDD951BA4848
2133011811 11521 32724 0E0A95222BD31BB1915161288A87420BC41C1C108A511221ED3A117279D3544B
2132983672 39952 32775 F13587BC89FE4882C7C889302511FFD738D136129B9F5BE4C492CB4948A93A89
2133008017 11883 41235 5DF76E07D0A5FFD1334AD9CFB3C2C176D58AB1166D9B6C12BD34BE3CE81DD1C0
2133006888 33275 27206 6B454FFB4A9E9FE6A12C21C076D4A8B205A544B6513E156EC63DAE7FB69FC363
2133006539 23097 49725 DCDD3B0800CF8C8A87B2BD0A5899573FF4F9A01811E6CD1B8C71888C3AD712BC
2132983099 5408 15937 F13587BC89FE4882C7C889302511FFD738D136129B9F5BE4C492CB4948A93A89
2133003474 62706 25903 F13587BC89FE4882C7C889302511FFD738D136129B9F5BE4C492CB4948A93A89
2133004506 22672 33516 F13587BC89FE4882C7C889302511FFD738D136129B9F5BE4C492CB4948A93A89
2133005046 40253 22915 B726DB7480F314E5A190069674AFDD624F6B04D5F3EDCC53FF56E49E77ED30A5
2133008421 15596 33886 F13587BC89FE4882C7C889302511FFD738D136129B9F5BE4C492CB4948A93A89
2133003420 17011 3701 BE39826EFA21A76EA139C7A5721F9CB78DEDE649C40E5A1B7C6BB548B5F1FB86
2133008490 37253 35243 43B1B1EFC032731CF469F1E22B0B976E409AFC4DE0B048568FA4836A87E7E9D1
2133006852 34540 38506 F13587BC89FE4882C7C889302511FFD738D136129B9F5BE4C492CB4948A93A89
2133010761 10359 45788 D41B2AB86CB50B9FC3DB111678E543B496086378DEEC2CFBAB01086DB2D95688
2133006614 14272 19940 F13587BC89FE4882C7C889302511FFD738D136129B9F5BE4C492CB4948A93A89
2133002551 14724 14410 F13587BC89FE4882C7C889302511FFD738D136129B9F5BE4C492CB4948A93A89
2133012597 50349 35350 7A9EF72CD12199E6D4A497E74821A00D1CE7F01E8DAA8E62D5482E136EBED505
2132981510 4569 11680 E88E962B10247E49FAAA43B5E2E580C53462C0824ECBB42FA8E0D2528A68D2EB
2133010506 36420 9455 F13587BC89FE4882C7C889302511FFD738D136129B9F5BE4C492CB4948A93A89
2132982429 18380 6682 F13587BC89FE4882C7C889302511FFD738D136129B9F5BE4C492CB4948A93A89
2133010958 64211 47153 39B979D93CFFFB51BA0C6A70CAB05F8557F2267918CCA33BE4891608B064A8D8
2133009292 55451 11050 20F0986247D5458C5D58F9C0ADB7186FC48A8E120642479D5F0C22C2086078AF
2132980356 4757 59813 2EF2AEDF5FFE64A967639F96552FE8E5DC825C618BBFE90EFE5BB160627DDAC3
2133005565 29671 13057 0A1231A223FF43BE6570AF320E2B998335F3864F9286F951B524D97839CD4135
2133015525 58616 16053 F13587BC89FE4882C7C889302511FFD738D136129B9F5BE4C492CB4948A93A89
2133012175 54839 56673 65CA337C1D6DF64E26E80C9BE0C17B8401B80D3D8D989CEED6C81B3AF5E58E5A
2133010525 51618 31137 F13587BC89FE4882C7C889302511FFD738D136129B9F5BE4C492CB4948A93A89
2132983729 30346 39101 F13587BC89FE4882C7C889302511FFD738D136129B9F5BE4C492CB4948A93A89
2132981808 49558 58688 F13587BC89FE4882C7C889302511FFD738D136129B9F5BE4C492CB4948A93A89
2133008576 47679 38792 5BDEF5BEB7F4B138E8CC5250E90DA9FD8A44BAF97E1B2107B2FF8F57E6D40DF7
2132981793 55125 11988 AC626A81993A9987FACBD49383937AED5DE11D17A6300D5B8AECAC8815FF47D0
2133009535 52048 56872 F13587BC89FE4882C7C889302511FFD738D136129B9F5BE4C492CB4948A93A89
2133016090 6504 53502 F13587BC89FE4882C7C889302511FFD738D136129B9F5BE4C492CB4948A93A89
2133015995 1818 14911 F13587BC89FE4882C7C889302511FFD738D136129B9F5BE4C492CB4948A93A89
2132982791 9316 27802 F13587BC89FE4882C7C889302511FFD738D136129B9F5BE4C492CB4948A93A89
2133014425 32901 24342 BCC08629809E16FDD30C728AFE65981189A625114A219BD5781A58D83D7D7FDD
2133010002 63155 25883 415E5D6FF51EE96A17A605B27B3252AEB992E722627CD17BB5492A8379C11DC2
2132980266 51907 37636 6B40462CCED610D9725088287E6E7D4D9489BABCBCE11DE45D17D6BA290B9DD6
2132981456 18339 58597 11A5DF85327B64E1C5E41A282D71103C9E8F681946F022B4E0C8755F14BEC4D6
2133003552 56080 14934 F13587BC89FE4882C7C889302511FFD738D136129B9F5BE4C492CB4948A93A89
2133002927 47135 15200 C17F280A5E543F2F4E288DF66D2B52AF6CFC10B792D455934766768714EB9C16
2133006259 22289 24441 6C1FCC11CEC3716AF973E2FEA66C4A104041DC35D4F0BA3ECD2AD75B29C94501
2133012807 18422 21983 F13587BC89FE4882C7C889302511FFD738D136129B9F5BE4C492CB4948A93A89
2133008566 14338 31673 F13587BC89FE4882C7C889302511FFD738D136129B9F5BE4C492CB4948A93A89
2133004643 12797 28162 9E0ECEC14A962BAB8484B09BC421658E8497032D4AD0F8B95BC0E37FFA508476
2133015408 23978 65291 F13587BC89FE4882C7C889302511FFD738D136129B9F5BE4C492CB4948A93A89
2133009907 33084 62815 F13587BC89FE4882C7C889302511FFD738D136129B9F5BE4C492CB4948A93A89
2133007883 20814 17984 F13587BC89FE4882C7C889302511FFD738D136129B9F5BE4C492CB4948A93A89
2133008286 4882 64774 F13587BC89FE4882C7C889302511FFD738D136129B9F5BE4C492CB4948A93A89
2133014859 41819 15303 2A6DAD41250E9EF8A7F8760A74D27FB965479DC99491FF2C43AD5806A20105EA
2132982506 8315 34291 EF65D01610AAB1BF4DEFA83150A0735DC3656CA331C7FD23910E47AF201C17C8
2133006414 57841 31614 CCA7A56CB0CCB5574B9C667512825E0BA0C80E1C9DFC39DAD49796C65E6282F7
2133006817 49199 31652 D5BDD7F54B13B8D64162BB276E81675DE184BECA769B315D8D700694162B6BF7
2132981590 32084 39910 F13587BC89FE4882C7C889302511FFD738D136129B9F5BE4C492CB4948A93A89
2133009396 13312 2110 F13587BC89FE4882C7C889302511FFD738D136129B9F5BE4C492CB4948A93A89
2133011992 38281 51540 3BDAF0D0C18A5284C4A0F95A39FD492161D1A41F4065CEEB5B202035DAA7F108
2132982553 22299 48456 C134CD432A0799E458094A6DD110B289BCA8D7F17E6A3D6004E02DBB245A49F6
2133013963 10728 44996 F13587BC89FE4882C7C889302511FFD738D136129B9F5BE4C492CB4948A93A89
2133003734 51512 34253 F13587BC89FE4882C7C889302511FFD738D136129B9F5BE4C492CB4948A93A89
2133002344 24096 8177 F13587BC89FE4882C7C889302511FFD738D136129B9F5BE4C492CB4948A93A89
2132983183 57339 53097 1690DFCB1060624C02B1A726101584354EBF57610B1B610E2E0BCFFD596FD7B9
2132983953 31085 11127 308BFA24D57B60E1AF92D9CF5280CD310D7E7A52E8217ECCE1118453BA0C09FB
2133005713 38465 32786 384B4D3BC28D03EE960FE712BAA35B86EB7A39D5760C20F36B74D3AB6147D0D3
2133004276 46216 30216 F13587BC89FE4882C7C889302511FFD738D136129B9F5BE4C492CB4948A93A89
2133013380 42840 25661 F13587BC89FE4882C7C889302511FFD738D136129B9F5BE4C492CB4948A93A89
2133012929 34466 29051 F13587BC89FE4882C7C889302511FFD738D136129B9F5BE4C492CB4948A93A89
2132982903 7508 36822 F13587BC89FE4882C7C889302511FFD738D136129B9F5BE4C492CB4948A93A89
2133016370 5489 53527 1CAB6E1FEC248AD8E72BFA899F145E4C40CE12E11A09043B86350A1F04A2498A
2133002364 41967 8771 119D8AB99CDBEACE6B7576625220DDCC8C276E07AF3A4A9E0A094E9ADC271C13
2133006070 6113 42055 2F1AAA55FD6CB982212DEA376FF73449A49E6B026BF2694AAF48595567C37702
2133013060 60290 40695 F13587BC89FE4882C7C889302511FFD738D136129B9F5BE4C492CB4948A93A89
2132983046 15677 15029 8ECB6B41EF0C74E023F36045AA9657BB1749F53BC8CD6D43C57F92CC245BF842
2133014245 59838 1463 F13587BC89FE4882C7C889302511FFD738D136129B9F5BE4C492CB4948A93A89
2133002593 13121 63986 3776A3608375000B12CB9259A8F8B840A3CC04F864487088C698826AB4FEED5E
2133005065 2464 28651 F13587BC89FE4882C7C889302511FFD738D136129B9F5BE4C492CB4948A93A89
2133007803 19342 33736 F13587BC89FE4882C7C889302511FFD738D136129B9F5BE4C492CB4948A93A89

Total of 0 tasks calculated error.
