Total of 100 tasks calculated correctly, accuracy 100.00% 
2239630605 38271 49790 AF79750A525C314CBEB402B896A83CB25E8ED95AD1015050BCF55EDADA639A10
2239621654 27137 5560 10B3C3183023FA9517A9D8CF1B42D9506D377D80FC366208AE65279B11CB9AD4
2239627423 25830 35489 F13587BC89FE4882C7C889302511FFD738D136129B9F5BE4C492CB4948A93A89
2239617476 38246 31375 F13587BC89FE4882C7C889302511FFD738D136129B9F5BE4C492CB4948A93A89
2239631153 50972 63520 F13587BC89FE4882C7C889302511FFD738D136129B9F5BE4C492CB4948A93A89
2239629009 60536 50154 F13587BC89FE4882C7C889302511FFD738D136129B9F5BE4C492CB4948A93A89
2239616110 17438 31148 F13587BC89FE4882C7C889302511FFD738D136129B9F5BE4C492CB4948A93A89
2239622201 35950 7331 F13587BC89FE4882C7C889302511FFD738D136129B9F5BE4C492CB4948A93A89
2239632692 21948 22664 F13587BC89FE4882C7C889302511FFD738D136129B9F5BE4C492CB4948A93A89
2239624228 62065 34307 6E078425BCC98C83BF15CCCC07758CDAE536E63C5416B611F0B2ED682A3F9A04
2239633640 13523 54326 770B5E31FA1E6271EFC1C03716D72460D854000DD69142741D31FE03788F79D6
2239617006 41391 30772 672AB4A5C27436DD1D12A63B31109FAAC8F26B17E41DFDC49DE2AAD16B557D7B
2239631872 40630 13202 F13587BC89FE4882C7C889302511FFD738D136129B9F5BE4C492CB4948A93A89
2239622296 26544 7779 F13587BC89FE4882C7C889302511FFD738D136129B9F5BE4C492CB4948A93A89
2239617217 28699 26455 4489B1E10C8FAFA9F155B5F4B5F9C9BEA7A0A48587EFF7CD8DA8ED83FD395188
2239617273 27487 25852 CB5ABB031D4B676E98EAB7DF5E99D797647173F0CF3396541624B6ED01F3F4E9
2239631882 3601 13924 93AA78CB7C9D36EB8CD8A1BD4BF9D02E438AC8DF18D346A0C0C7B7D4744057BB
2239630335 55354 32138 F13587BC89FE4882C7C889302511FFD738D136129B9F5BE4C492CB4948A93A89
2239625122 40994 54433 F13587BC89FE4882C7C889302511FFD738D136129B9F5BE4C492CB4948A93A89
2239625422 27992 23881 F13587BC89FE4882C7C889302511FFD738D136129B9F5BE4C492CB4948A93A89
2239633910 7466 16770 F13587BC89FE4882C7C889302511FFD738D136129B9F5BE4C492CB4948A93A89
2239629722 50383 31419 7A463019D2EED999CE77DB26E6303EE688A4DF9E64182B862E08499A0B83D61D
2239618151 40180 50549 F13587BC89FE4882C7C889302511FFD738D136129B9F5BE4C492CB4948A93A89
2239620680 1995 4761 3380D915B8B84F8B6BE57232AF65678397DCDC4712C24B792137BD16F5AB3590
2239628882 49895 29291 091D1E32F644F3B9E707EBE41BA7BC477EA50B436237006E1214ACEC039F3DB6
2239631297 12172 52625 F13587BC89FE4882C7C889302511FFD738D136129B9F5BE4C492CB4948A93A89
2239632332 29724 23907 F13587BC89FE4882C7C889302511FFD738D136129B9F5BE4C492CB4948A93A89
2239628474 48509 27610 E64C24E2E227C1C0A6D60845A65F4C1C50BC29B8F41C46A6C7A75A012CC45AF5
2239617760 42126 12617 F13587BC89FE4882C7C889302511FFD738D136129B9F5BE4C492CB4948A93A89
2239627312 46814 10010 F13587BC89FE4882C7C889302511FFD738D136129B9F5BE4C492CB4948A93A89
2239622549 52735 28900 D5057DE6E73C1DD04A2034597D45705A8DA84AD3C10F2FCA3AC736340CA2B967
2239624732 19022 4815 F13587BC89FE4882C7C889302511FFD738D136129B9F5BE4C492CB4948A93A89
2239621567 18688 63084 F13587BC89FE4882C7C889302511FFD738D136129B9F5BE4C492CB4948A93A89
2239617672 16061 13559 912CC0E913FD2EB624D85D4FABDD1B495F2215CA9752D3AB83EE4001677A37EC
2239620926 50631 19530 F92C6D34FC56A59EE1D26AEEAA358A002510F231640BEB62FA920853DAF50F0A
2239621437 20872 57712 F13587BC89FE4882C7C889302511FFD738D136129B9F5BE4C492CB4948A93A89
2239619555 13630 65087 F13587BC89FE4882C7C889302511FFD738D136129B9F5BE4C492CB4948A93A89
2239617661 19760 36579 F13587BC89FE4882C7C889302511FFD738D136129B9F5BE4C492CB4948A93A89
2239622360 1330 15402 F13587BC89FE4882C7C889302511FFD738D136129B9F5BE4C492CB4948A93A89
2239631211 10982 34878 F13587BC89FE4882C7C889302511FFD738D136129B9F5BE4C492CB4948A93A89
2239616748 13537 37249 95F3C2F8A5B3D9A10824AF258B8931A2180B47D577009F2F3970D283BC6C8925
2239633667 6164 27232 F13587BC89FE4882C7C889302511FFD738D136129B9F5BE4C492CB4948A93A89
2239621708 28058 12703 F13587BC89FE4882C7C889302511FFD738D136129B9F5BE4C492CB4948A93A89
2239621854 7510 17728 F13587BC89FE4882C7C889302511FFD738D136129B9F5BE4C492CB4948A93A89
2239629855 27600 37656 F13587BC89FE4882C7C889302511FFD738D136129B9F5BE4C492CB4948A93A89
2239618602 60364 7850 F13587BC89FE4882C7C889302511FFD738D136129B9F5BE4C492CB4948A93A89
2239628156 49346 1170 F13587BC89FE4882C7C889302511FFD738D136129B9F5BE4C492CB4948A93A89
2239633792 9943 1206 6BB350C7F28C73CBB2E4755D44D30814F65465044850177AB6E14BC1C3926BD6
2239626246 22561 34516 AFC5F7207E4BD65E8443A46BFB573A59B01CDE261DD961FF16638079FE037FAD
2239624576 50551 48255 FD17FD1FBF7993F1830A4F2FBB451C3290DEE90B18EBFA348B6E2A453002E68F
2239630120 2078 730 F13587BC89FE4882C7C889302511FFD738D136129B9F5BE4C492CB4948A93A89
2239623925 56906 25484 F13587BC89FE4882C7C889302511FFD738D136129B9F5BE4C492CB4948A93A89
2239622715 61628 34716 F13587BC89FE4882C7C889302511FFD738D136129B9F5BE4C492CB4948A93A89
2239624124 40923 21549 8B4ADD8EE8238C908998C830A2630A904D6C39A63A104725B8E81E18F5FE3CC5
2239630317 46838 24627 F13587BC89FE4882C7C889302511FFD738D136129B9F5BE4C492CB4948A93A89
2239634928 27491 61531 667FA5D6870C45A08CAA3AC3C9987205B386A1BDD498398CF6F55F2021BB9692
2239619988 50762 50565 F13587BC89FE4882C7C889302511FFD738D136129B9F5BE4C492CB4948A93A89
2239634411 12671 25977 51B3096B536014E2D5B7C1361CF7B30E5D9B559C89BECABAB781A4934828DE55
2239632800 57124 23552 F13587BC89FE4882C7C889302511FFD738D136129B9F5BE4C492CB4948A93A89
2239627677 38497 8184 8242F786D2C6F544B71560EB1009107C9B4EC495C5F0D6A0C79ACD75D3D714E7
2239621218 52950 65232 F13587BC89FE4882C7C889302511FFD738D136129B9F5BE4C492CB4948A93A89
2239622691 63064 35986 F13587BC89FE4882C7C889302511FFD738D136129B9F5BE4C492CB4948A93A89
2239629797 19111 39261 01CBAEC471D54B8BC0BB077B6269D497C8767389A849F393E752E12FD2A40D5D
2239616622 38569 4587 6DADD6D41231AE6E3B41F8C234D674E601AFBF39A1B7D4A84FC1AFDE1A283752
2239621776 59614 447 F13587BC89FE4882C7C889302511FFD738D136129B9F5BE4C492CB4948A93A89
2239625268 64331 7147 FCBB055716D26633F3DBB7BD9C693A49671D6538794068B6DA78CEA372FA798B
2239617165 59183 54856 314C7777B433CA15EA82E725E9B5EF6CDC270244A370B32CAF09D18885955A64
2239634960 10010 8502 F13587BC89FE4882C7C889302511FFD738D136129B9F5BE4C492CB4948A93A89
2239623318 33799 20282 2AD5C641753B561BC1792AD7B0AD17940C751ADF9FDC8D2CD60E043A54AD59BA
2239632799 28244 29322 F13587BC89FE4882C7C889302511FFD738D136129B9F5BE4C492CB4948A93A89
2239628018 58802 35648 F13587BC89FE4882C7C889302511FFD738D136129B9F5BE4C492CB4948A93A89
2239617250 28323 63134 A3CBA3F0CCB0F05D65DD56FDF2C112B2FBE960569EC56588CF61ACA07285EF77
2239630392 41024 60 F13587BC89FE4882C7C889302511FFD738D136129B9F5BE4C492CB4948A93A89
2239632837 54756 13459 F13587BC89FE4882C7C889302511FFD738D136129B9F5BE4C492CB4948A93A89
2239626548 14236 34725 F13587BC89FE4882C7C889302511FFD738D136129B9F5BE4C492CB4948A93A89
2239617135 34422 52569 F13587BC89FE4882C7C889302511FFD738D136129B9F5BE4C492CB4948A93A89
2239633437 27702 25857 F13587BC89FE4882C7C889302511FFD738D136129B9F5BE4C492CB4948A93A89
2239628079 34165 39864 88EE63FB782EAF2EBC1E81554A5003AE9A773323489AB187EF9AF19717BB01B9
2239624633 14012 49128 F13587BC89FE4882C7C889302511FFD738D136129B9F5BE4C492CB4948A93A89
2239632891 37199 37313 396E065A7BAE4C5474F08E3808A7A6C1559A81A7A490080ECC3FDA21D5CD96D8
2239631955 43092 4618 F13587BC89FE4882C7C889302511FFD738D136129B9F5BE4C492CB4948A93A89
2239630853 21330 6315 F13587BC89FE4882C7C889302511FFD738D136129B9F5BE4C492CB4948A93A89
2239634317 49276 16906 F13587BC89FE4882C7C889302511FFD738D136129B9F5BE4C492CB4948A93A89
2239626589 30852 55990 F13587BC89FE4882C7C889302511FFD738D136129B9F5BE4C492CB4948A93A89
2239622240 12042 23111 F13587BC89FE4882C7C889302511FFD738D136129B9F5BE4C492CB4948A93A89
2239628818 36024 5373 F13587BC89FE4882C7C889302511FFD738D136129B9F5BE4C492CB4948A93A89
2239630230 43793 14034 722A72611E9BDFD84E3317EC4BFF58EA207348A2E0340AE236B3BC24E6D652EF
2239630500 4381 18781 5FA85EB9FF010F7C57382B23A930B498838F1F2D9ABB342E83EA69923F8E5396
2239631383 36338 18937 F13587BC89FE4882C7C889302511FFD738D136129B9F5BE4C492CB4948A93A89
2239635336 27554 21856 F13587BC89FE4882C7C889302511FFD738D136129B9F5BE4C492CB4948A93A89
2239619507 56115 39660 A111E2C21EA157327DAF88EDE41CD142CB8B1B4E6941D0D05DED374888949EDC
2239625029 52589 21827 D191A317251D2A0B99AAB192851D9E265A3EDA53A12A674B547413021622421C
2239625528 54126 12532 F13587BC89FE4882C7C889302511FFD738D136129B9F5BE4C492CB4948A93A89
2239623557 3881 20149 67ECF77BFA56284333C8350EB56CABF29AC7670BE3D2503528CCFFB8DF43B8DC
2239624679 17444 9428 F13587BC89FE4882C7C889302511FFD738D136129B9F5BE4C492CB4948A93A89
2239619674 22612 53059 F13587BC89FE4882C7C889302511FFD738D136129B9F5BE4C492CB4948A93A89
2239626286 20772 14812 F13587BC89FE4882C7C889302511FFD738D136129B9F5BE4C492CB4948A93A89
2239634150 42019 15354 B54D30C2E955F4DB45AFEFC5E264AE8D808CDFD0CD363E9203B7C539832BB018
2239623417 18013 49182 2DFA24947990FCFE2DFE398F3B74ED5AF4B57B22E5B3277AA11D26E80EECC2A9
2239626054 27039 26724 6815A8CD5F12844247BFEC132FB1BFEB9768C064C5DB6C50AE50FC26A4D53ABF

Total of 0 tasks calculated error.
