Total of 100 tasks calculated correctly, accuracy 100.00% 
2346860355 60015 13913 175B1389371BC2C650103FC3EB451553B9825B54C6EF34DDC993DBD5D474DD8F
2346864073 57829 19471 8B93321E403C1D0221235E5974DA5D6CCE403F7ED97BA2EC3233F2BE85887F14
2346868078 36982 3645 F13587BC89FE4882C7C889302511FFD738D136129B9F5BE4C492CB4948A93A89
2346876429 17593 6428 962F41A4556FAFE00043EBECB5EE05495394BD680A9B7E2E97943CFFEBD3D80F
2346868499 30224 61809 F13587BC89FE4882C7C889302511FFD738D136129B9F5BE4C492CB4948A93A89
2346878250 56742 46593 F13587BC89FE4882C7C889302511FFD738D136129B9F5BE4C492CB4948A93A89
2346864796 34865 54548 A0031E443A38667977474893CB4A41C149AA23B0AFEDFCB0D773F5F07C86FA71
2346862582 21029 39153 8DE92F8748AE602EE1DC52CA1E35022B6A3961074946C95D93448A2782D162BC
2346862893 4593 4305 14FFC3DB7A1A46DE3B2F40076D45EFF457F431E92437359EA1E0A83B4D2C0B68
2346862380 64443 19939 5579AF4DB59E2E3D37EF7E6C538D47B8D2ED149F4E71AA46A2153B951375AF0B
2346867510 24321 46745 F97DA6FD5DB6C0466512194E5F7C647D215AA1BB555606C573E29A16674A8D76
2346879121 45096 28756 F13587BC89FE4882C7C889302511FFD738D136129B9F5BE4C492CB4948A93A89
2346860473 28204 31670 F13587BC89FE4882C7C889302511FFD738D136129B9F5BE4C492CB4948A93A89
2346866598 46911 52324 7104BC5E282C172AB775177F5FB4B5801356DF68D119E553C58DDDE3B9D7072E
2346863611 45660 62102 F13587BC89FE4882C7C889302511FFD738D136129B9F5BE4C492CB4948A93A89
2346865249 20842 13773 F13587BC89FE4882C7C889302511FFD738D136129B9F5BE4C492CB4948A93A89
2346870127 60777 44402 E243AA0257E0E1B3DFFA651FC129C8B6640D128236E4EC724C4064CE3C255974
2346868140 20413 8067 EE186D16FC42D89B4500BDFE2B2836785DE55EE31A20156C6EB1F95AAEC4BF47
2346870422 61280 15147 F13587BC89FE4882C7C889302511FFD738D136129B9F5BE4C492CB4948A93A89
2346876461 58683 23692 846753C955C693E2522D2C1B43B3950576F164CF4F42DE6535F3C8FAD485FDBD
2346861544 15352 34554 F13587BC89FE4882C7C889302511FFD738D136129B9F5BE4C492CB4948A93A89
2346877279 15773 29670 A0CC98FC88223DDA33055250B92BD717079BFAE438C0C94EA256C799BD26C828
2346861375 1663 49320 57738CA0B054631090C62039DC53FDC9B99DF5BB1F6D3A19AD728F42132E9192
2346876531 49934 92 F13587BC89FE4882C7C889302511FFD738D136129B9F5BE4C492CB4948A93A89
2346860045 58145 49401 A9200250BBDEDE7F22CB6148EB41C9F6AC4D1CE36474522D40C247F2CF86C39A
2346876819 3183 59983 7DAB99CFAB521236723D96BAB4399ED4EF1EA68967329C0E7AC42A2E1F680645
2346871893 48398 25411 F13587BC89FE4882C7C889302511FFD738D136129B9F5BE4C492CB4948A93A89
2346878761 65460 23468 F13587BC89FE4882C7C889302511FFD738D136129B9F5BE4C492CB4948A93A89
2346879287 28536 19741 F13587BC89FE4882C7C889302511FFD738D136129B9F5BE4C492CB4948A93A89
2346858249 41596 57750 F13587BC89FE4882C7C889302511FFD738D136129B9F5BE4C492CB4948A93A89
2346860005 8512 58664 F13587BC89FE4882C7C889302511FFD738D136129B9F5BE4C492CB4948A93A89
2346862090 59156 64557 F13587BC89FE4882C7C889302511FFD738D136129B9F5BE4C492CB4948A93A89
2346862679 9980 64785 F13587BC89FE4882C7C889302511FFD738D136129B9F5BE4C492CB4948A93A89
2346860104 46390 12554 F13587BC89FE4882C7C889302511FFD738D136129B9F5BE4C492CB4948A93A89
2346867330 21749 1042 57D204E68CBE6C5345AACF7FAB49E5772C05ACDF2519D06380ABC06E488118C4
2346878260 10875 12348 D2807E5B46469F911E67EA7E6B40983E441C51DDC285973F7EB1E63D73F78135
2346862821 273 58009 0D6F6D60DDFFDA137260FC95ECB99C5CA05420CEA5BBD8B1660A67D0DCC62D0A
2346870120 22410 14969 F13587BC89FE4882C7C889302511FFD738D136129B9F5BE4C492CB4948A93A89
2346860881 24069 55923 12CF76EA1A393718C80C04358350A36217381CD26BE37B329705C693B01BEE39
2346863467 36689 5294 CE44D8E7D5D947367CA953D89A00AD32B2C39C54BBCDC0CE8F497202278E66AD
2346859231 16378 47703 F13587BC89FE4882C7C889302511FFD738D136129B9F5BE4C492CB4948A93A89
2346861570 15497 31788 2695447C478D781EB60D4862F669BB4CCFA80FFFB8CE92EA449771DA5DA06900
2346858874 32943 46005 45DB30CB9ED808AE21F44A52A418ABFB91830A1BE4371CD07AE2EB562CA4DCF1
2346864415 38302 4434 F13587BC89FE4882C7C889302511FFD738D136129B9F5BE4C492CB4948A93A89
2346868281 15245 52383 9878080098D49DE58A78EEE9339864D37159EF596858345B71892973D8A5FC1B
2346870809 1359 26208 462CD7C51069DA7940A24CBF500FF50395E808FD9ED8292A131DD502A91FCDC1
2346869871 9823 6145 B2872D02F5173C606CE4B4433CB76CA1E65090940D757D23DCDCDE3DDE9A0A12
2346861010 17421 60996 C21481FF5FE584C5500C6B6DD716EA856810471E758461305BC1B7B0EBDB75FD
2346860510 37149 46839 C67F497DC3F79D7A372E659D318D9665AFA43C39AD183C71C82518061CC97D1E
2346866812 4789 39691 7FA15CD23D9B768E2980D306C683A59E5EE13621AC8012F60FF044A40C2BE6A6
2346864864 65017 56884 15E6440E91E5DDED0002ECCDE6113DE95A602D85DB17E6D150EF5E8FF9A5DD6F
2346859266 39597 6176 FE1D4E84F85399650A684214D1F45ABA42C5049CDD3B66DFA8C72F3F2E275AB7
2346878507 22510 51819 F13587BC89FE4882C7C889302511FFD738D136129B9F5BE4C492CB4948A93A89
2346858492 58471 37437 4E89E0BF161E86D2BC90187D29F6CFDC923F7D1D51527B4D1881C6F092B4F6E1
2346868364 56559 9220 CAA7419127CEE62930E2954E48248A95E196D7787EF277D043D12817CD28413A
2346867142 20095 701 C5CA0062B140D453FFDF5D319484326226E666E57B4989FFE434C4AB8734CE36
2346864617 41522 29216 F13587BC89FE4882C7C889302511FFD738D136129B9F5BE4C492CB4948A93A89
2346866416 23080 17600 F13587BC89FE4882C7C889302511FFD738D136129B9F5BE4C492CB4948A93A89
2346869802 58241 2692 E8FF8AFDC9AB7E3144D6E434F12F178B260654BF8B55380BC20FC39A2F437358
2346866394 8237 24479 42569AB370B1E681431E6C2209C0B6824BB80E7D353BD0FF830A2C2BF06CADF5
2346864241 38700 35266 F13587BC89FE4882C7C889302511FFD738D136129B9F5BE4C492CB4948A93A89
2346870903 56892 21633 F13587BC89FE4882C7C889302511FFD738D136129B9F5BE4C492CB4948A93A89
2346859483 41705 40755 75D899F917ABA4E60003A54A7B5707BC675BFA1B3744772127B325E42FC141F6
2346878274 38610 1880 F13587BC89FE4882C7C889302511FFD738D136129B9F5BE4C492CB4948A93A89
2346878542 29586 51712 F13587BC89FE4882C7C889302511FFD738D136129B9F5BE4C492CB4948A93A89
2346870559 21108 44707 F13587BC89FE4882C7C889302511FFD738D136129B9F5BE4C492CB4948A93A89
2346858679 45882 46355 F13587BC89FE4882C7C889302511FFD738D136129B9F5BE4C492CB4948A93A89
2346863074 19942 49860 F13587BC89FE4882C7C889302511FFD738D136129B9F5BE4C492CB4948A93A89
2346866912 19509 36643 EAB554E03DEACD8A41585CEA9569E2F27E448AC74078AB7BD62DC56DC88D4FFD
2346861400 47461 51632 8615035561CF341F802DEE049AF6CE3B8E5B30E45A174F00476E75380CFCD946
2346862007 17504 28563 F13587BC89FE4882C7C889302511FFD738D136129B9F5BE4C492CB4948A93A89
2346876107 56434 51236 F13587BC89FE4882C7C889302511FFD738D136129B9F5BE4C492CB4948A93A89
2346864351 6436 45013 F13587BC89FE4882C7C889302511FFD738D136129B9F5BE4C492CB4948A93A89
2346862211 16372 3784 F13587BC89FE4882C7C889302511FFD738D136129B9F5BE4C492CB4948A93A89
2346863661 15323 49337 534ACCB0D2496FF1490D8304C8154D288630C7E469253583D3E0B204F3D093C4
2346868374 28975 59970 79616BC1A423D43E650455F6366FA4601EA9B8E9B01626E7266A0EBB7A4062EB
2346870925 21703 45905 70129D4173E9A559D889ECF1EB6764EC6E3C44B937435948E35E1B2CA4EB609D
2346878033 54331 65138 C5775AC77FFF35531591FC20E95758F4064F5637E386A58A81FA7D187F821BFF
2346861200 38316 17391 F13587BC89FE4882C7C889302511FFD738D136129B9F5BE4C492CB4948A93A89
2346864807 2418 20935 F13587BC89FE4882C7C889302511FFD738D136129B9F5BE4C492CB4948A93A89
2346868737 9820 32382 F13587BC89FE4882C7C889302511FFD738D136129B9F5BE4C492CB4948A93A89
2346860540 26948 20887 F13587BC89FE4882C7C889302511FFD738D136129B9F5BE4C492CB4948A93A89
2346876651 52793 41448 4B16900B0839E5E45751A88CB864397DE8488CDDDECA89A14C5B3A7F1B270873
2346861594 11750 2013 F13587BC89FE4882C7C889302511FFD738D136129B9F5BE4C492CB4948A93A89
2346865283 17163 22412 9331851D4226AE6A8D7EA72B263C68CF0A6AB99E251CBB9BD697C8B3B6093188
2346867941 18020 49503 F13587BC89FE4882C7C889302511FFD738D136129B9F5BE4C492CB4948A93A89
2346876406 29504 62094 F13587BC89FE4882C7C889302511FFD738D136129B9F5BE4C492CB4948A93A89
2346877896 59966 27897 F13587BC89FE4882C7C889302511FFD738D136129B9F5BE4C492CB4948A93A89
2346863087 38210 12116 F13587BC89FE4882C7C889302511FFD738D136129B9F5BE4C492CB4948A93A89
2346878130 29315 52552 770841848260D18A0D0EAA442682C202DA80D12136856CB2D0A21ECE14C32C43
2346879276 57652 35933 F13587BC89FE4882C7C889302511FFD738D136129B9F5BE4C492CB4948A93A89
2346877296 30058 31715 F13587BC89FE4882C7C889302511FFD738D136129B9F5BE4C492CB4948A93A89
2346879561 54375 21567 799C81009C63DB400F8EC5797AF0AE20A418A249D4BD6B58872D8097883EEB8F
2346865409 57612 52593 F13587BC89FE4882C7C889302511FFD738D136129B9F5BE4C492CB4948A93A89
2346862900 20373 43353 D75875FCD26E3CB58F83D3CED4E10E8A7363B899D86B87F9C20101D180BBA971
2346865997 51236 13814 F13587BC89FE4882C7C889302511FFD738D136129B9F5BE4C492CB4948A93A89
2346877900 58991 58565 AA84097FFFA5830E2DE0EFF4AB2DE60590A40517A7084F58E9954086FD189700
2346871501 7082 25205 F13587BC89FE4882C7C889302511FFD738D136129B9F5BE4C492CB4948A93A89
2346861404 50770 51557 F13587BC89FE4882C7C889302511FFD738D136129B9F5BE4C492CB4948A93A89
2346871522 61386 13329 F13587BC89FE4882C7C889302511FFD738D136129B9F5BE4C492CB4948A93A89

Total of 0 tasks calculated error.
