Total of 100 tasks calculated correctly, accuracy 100.00% 
2560641378 35855 53635 EDD98A2D1AF36F8841DB1BBABA1C1739E0CDF0207440AAB182EFB81A9FD9F778
2560650861 38165 40748 34AF1BF26883E20CD09D33BE671AA63CD45460BB668EB595C508AF1B3BBDCDA3
2560636793 10928 65282 F13587BC89FE4882C7C889302511FFD738D136129B9F5BE4C492CB4948A93A89
2560644693 21434 840 F13587BC89FE4882C7C889302511FFD738D136129B9F5BE4C492CB4948A93A89
2560632333 61118 39033 F13587BC89FE4882C7C889302511FFD738D136129B9F5BE4C492CB4948A93A89
2560646933 29436 56638 F13587BC89FE4882C7C889302511FFD738D136129B9F5BE4C492CB4948A93A89
2560630270 47995 5089 02DC498AFF9E5EFBD06DC806545ADD0B1B864339EBA7D5DC37AF82DF6D074EAC
2560639887 31642 5874 F13587BC89FE4882C7C889302511FFD738D136129B9F5BE4C492CB4948A93A89
2560642855 57630 14824 F13587BC89FE4882C7C889302511FFD738D136129B9F5BE4C492CB4948A93A89
2560630476 5872 64366 F13587BC89FE4882C7C889302511FFD738D136129B9F5BE4C492CB4948A93A89
2560631585 39602 37259 F13587BC89FE4882C7C889302511FFD738D136129B9F5BE4C492CB4948A93A89
2560640761 61511 22566 FE102A0CF5C72E03DE99F88DDB24E6975FEB8206C9BF8F13D319BE90F5929203
2560644675 35011 415 E3C54EF0F30CCE086EA603B4599D942AEE94E022150A463B4D2AF7F231C530EE
2560641008 19399 43957 98B3662C6802B288A03D591D8E49873C4F251000D29513CDC4B7F558255A0911
2560630517 9892 50518 F13587BC89FE4882C7C889302511FFD738D136129B9F5BE4C492CB4948A93A89
2560634658 13068 12756 F13587BC89FE4882C7C889302511FFD738D136129B9F5BE4C492CB4948A93A89
2560648462 17583 64412 665F4C617F0DCA4D0DD524A3ECCBBF0F0947481308B5C292996DDA598B10A005
2560649528 44330 60792 F13587BC89FE4882C7C889302511FFD738D136129B9F5BE4C492CB4948A93A89
2560650391 43410 62965 F13587BC89FE4882C7C889302511FFD738D136129B9F5BE4C492CB4948A93A89
2560630845 8798 61187 F13587BC89FE4882C7C889302511FFD738D136129B9F5BE4C492CB4948A93A89
2560636816 38184 40919 F13587BC89FE4882C7C889302511FFD738D136129B9F5BE4C492CB4948A93A89
2560633291 20187 35260 615E870EAD31CDF045CA253F06D8F4B8A5A99B773DA27DE060FDE25C2A8CB430
2560647831 62068 2540 F13587BC89FE4882C7C889302511FFD738D136129B9F5BE4C492CB4948A93A89
2560650133 8272 35988 F13587BC89FE4882C7C889302511FFD738D136129B9F5BE4C492CB4948A93A89
2560644528 37315 58236 78DC29DA749DD835BF9051D82723FC9CFAB2CDCD482A4CD8C4A32DF5BB09F908
2560636549 1446 19702 F13587BC89FE4882C7C889302511FFD738D136129B9F5BE4C492CB4948A93A89
2560643877 50820 19907 F13587BC89FE4882C7C889302511FFD738D136129B9F5BE4C492CB4948A93A89
2560640363 42645 26928 289A90FAA25E4A230801C54175B79FCD05EB459C6F5CF026878CD9E1BC7DFF20
2560651610 60528 21755 F13587BC89FE4882C7C889302511FFD738D136129B9F5BE4C492CB4948A93A89
2560643828 44945 10769 83917DC33D8A392E7207F6A11398DC68BA4D61CC235F0A64BD29DA4F4D15A1CC
2560649634 65209 64858 A2883140C484615548D8668608E03E60410D7B870B887604173CB67AE29A021E
2560648972 17882 45607 F13587BC89FE4882C7C889302511FFD738D136129B9F5BE4C492CB4948A93A89
2560639369 62222 55236 F13587BC89FE4882C7C889302511FFD738D136129B9F5BE4C492CB4948A93A89
2560639690 53358 716 F13587BC89FE4882C7C889302511FFD738D136129B9F5BE4C492CB4948A93A89
2560641709 39352 44343 F13587BC89FE4882C7C889302511FFD738D136129B9F5BE4C492CB4948A93A89
2560643784 50161 10182 5205A8AC13CCD0F6F378414260102C31EB93EAB5E5CE6B1A3FC78E5FA0C9C8A2
2560646199 47566 22898 F13587BC89FE4882C7C889302511FFD738D136129B9F5BE4C492CB4948A93A89
2560643018 25729 65094 03FC11B1E718A8A00422BB5514AA41B5E0BBA4521DE3E6D72E62562CB7E986CA
2560633744 61951 57630 73B284AB744E7A65B3CC1B7342F05B65E01D518F2302EDC4757A5414EE3BB274
2560647150 44182 42928 F13587BC89FE4882C7C889302511FFD738D136129B9F5BE4C492CB4948A93A89
2560641205 19623 4635 A4F4A3E38FC34CC83B6BFFC157D9346F10E5C28BE06D187F8360EDD29EE10111
2560647067 63786 1096 F13587BC89FE4882C7C889302511FFD738D136129B9F5BE4C492CB4948A93A89
2560633049 39921 19925 106B4BB25A00AAD5F09521CE4FCD10C25585349F4C1533FB3376166906C7118D
2560631578 56407 22070 E5CF41A1C4495C7D985B9BFA70FAADB7DD70A8AB0E7DC26D035209EE4BFF9E9C
2560649177 12063 21636 0BE90141654836403466DC857A1FBBA2DB1C2CB5DCFE546F86B7125DDA820D96
2560649460 45156 21802 F13587BC89FE4882C7C889302511FFD738D136129B9F5BE4C492CB4948A93A89
2560650154 15271 13244 E2C6B6E9AC57ECDB6426ECAA43F9C9B0EF5EE8D3CC790144DEC662EF34F36BA8
2560650487 58017 55434 4D055EBC48DCDE6F43AD4E209BFB258B07B209A5E21344315DF1954CDC5FD423
2560630577 3932 53580 F13587BC89FE4882C7C889302511FFD738D136129B9F5BE4C492CB4948A93A89
2560645955 54781 63891 05CBA096F616124B894F6CB0A18D766F14651151907ED42BDE11001DB8B0199E
2560643753 43455 62674 997E9E7C50B9DA09D730509605BA86FA51326BD322B6F6EF31C25C6BC8F52B74
2560631105 52823 23452 369BED5929EFA97CA448C8AF3B23F4EAE0AB3B84D66D78AB19443A547F2D9335
2560643204 39322 34275 F13587BC89FE4882C7C889302511FFD738D136129B9F5BE4C492CB4948A93A89
2560634400 19452 9884 F13587BC89FE4882C7C889302511FFD738D136129B9F5BE4C492CB4948A93A89
2560635906 54629 60814 CAEA81CE0BF63250C3A52DAC17257C468D4CCB1BE4831F5C94836539342974C5
2560633395 36855 60673 A37C85C2B2A8F5ED9D48A3B2C2EB4E385D9414456804C619A16A2B9343926817
2560635076 10513 31648 2612067D96B70D4A7EFEFC8F87CFDAFB621C79B0CE0D0B9AA45F47F0DDC59990
2560640061 31497 35307 00226D6393AB33D6192C6D94383D891FEDE2F406F6755CB248246C1EB1DD1A4E
2560642111 47063 23599 C06A124CDCEAFE33D5B6205BB9D13268F836FCB4C6A56639E2351465750526E0
2560643747 9905 25385 1B615136113F6071D135EDD6278C454F0159C434EFFCAA47E8463A32A3FBA693
2560637810 35021 22326 647A355E1F2DF6E7F70532A4C825A96C63A25AF5AFA3711ABB96BA045396ED38
2560641935 20457 7186 C79258DE552D9703C04A8AE5600FDA829BD30EA0811CE602BEDAD49D03BAA331
2560650147 1543 41052 1249BEC0D584354A6C7BB4EE56A0F12C00497F8E52675212828FE9A31CBEBC8B
2560649220 4548 14254 F13587BC89FE4882C7C889302511FFD738D136129B9F5BE4C492CB4948A93A89
2560637768 30995 32060 DEEC23C16E73AAB602B19B8290F849D50C69BACBC0BD3E428DC2FB1AC3DC6DEB
2560642893 2630 1043 F13587BC89FE4882C7C889302511FFD738D136129B9F5BE4C492CB4948A93A89
2560641419 26778 15818 F13587BC89FE4882C7C889302511FFD738D136129B9F5BE4C492CB4948A93A89
2560650022 45966 55958 F13587BC89FE4882C7C889302511FFD738D136129B9F5BE4C492CB4948A93A89
2560639184 17171 65473 EBB742AB48440D5C92899C5FE100002FA496AB1DCAC1B9908414D121A9679FA9
2560650278 9083 58801 EAACC4F84F717C861012610953DA16FF0414C97C5E9FA88C95A7C8E55B48BE40
2560639135 41847 54182 3A5818DD03197962A7FAA8DCFA4EA5FC913A1AD7D0E623D631775CFE2EACCA6A
2560641076 19795 10872 7E78128E6C8908AE18E78678EB928F72699E6AFC2312B2F0FCD950B8406339CD
2560646512 40595 10309 2C895879B12E96088F8869D8186C47BE332CCAF4F7B7D81A1056D53F51D44550
2560637054 18507 3602 A0EC1CBD04B2E783ED198955AB56FAC0F1AF3FAC8CCF625D9CD1532694216811
2560650454 26809 54879 0A4BA5072161ADB9D2EC3267303611D55578BD5D9A3BA520506E977CFD32F5BB
2560639840 5009 15192 F57EDD1BE0378EEF54F5B95988976546DEA51C7DB02AB5ADC9DC58C46A578DF8
2560640301 1308 20495 F13587BC89FE4882C7C889302511FFD738D136129B9F5BE4C492CB4948A93A89
2560648414 32214 37788 F13587BC89FE4882C7C889302511FFD738D136129B9F5BE4C492CB4948A93A89
2560641715 27495 29191 DB24969D2DE5BF06185FFACFD3877EFFC431B45F6D982BEC3F2E2873D807E59E
2560650159 31131 53981 F470AA65C8DA041641AE4B9926B3C722A9785A243A29692CEF13016AE75DBA6D
2560645225 26143 26985 9D0636333CF39BFD2D21D3189E99AC9C7CF27DCB2283D0CE6A8816B8ED1DDA9A
2560639109 58863 50072 39DCC65DC01700A9DD63E8149533932D77F773D9537A03BC911E27E9AA88C37A
2560630221 31341 15749 9308D44BA06466489AD5FB465E345277CCFE62108DE28FB28201D7DEDA21E32C
2560630966 59011 29714 BDDEA4F9A200EB92F590C4900FE7977A296CCC4C3DCEB82E795D9475E98BEA5D
2560646601 51745 53445 C2301027163F5E4D21FEEC8E419A60D01FCA95747F46268295C272750AD6F09F
2560632154 3941 62058 39E1BF9F50ACDE68FDF45A9403B26A9B278B96B57A2C38385F7D09E756DE6E9A
2560632210 15540 28235 F13587BC89FE4882C7C889302511FFD738D136129B9F5BE4C492CB4948A93A89
2560647877 50882 57543 F13587BC89FE4882C7C889302511FFD738D136129B9F5BE4C492CB4948A93A89
2560632430 28674 39746 F13587BC89FE4882C7C889302511FFD738D136129B9F5BE4C492CB4948A93A89
2560640680 7153 4461 E0FCB191AAB7399E9CC895910D65DA4AFD4791FB7B5B9B9809150BD267465C08
2560636156 26795 50397 AD0B1A023636EFC912C4A2F2022D51F2440766BDFE2250AAE04E8E247F2D0644
2560647959 23362 63213 F13587BC89FE4882C7C889302511FFD738D136129B9F5BE4C492CB4948A93A89
2560643179 18310 4884 F13587BC89FE4882C7C889302511FFD738D136129B9F5BE4C492CB4948A93A89
2560648069 61681 2912 D034574606C4A338388FCEA0C6DEFCC4CBAC9E823993B4DE4A22153B212199D0
2560637690 54964 13676 F13587BC89FE4882C7C889302511FFD738D136129B9F5BE4C492CB4948A93A89
2560638373 25148 18356 F13587BC89FE4882C7C889302511FFD738D136129B9F5BE4C492CB4948A93A89
2560649067 22967 54563 A04B6E96A822CC6AD022E3CBC07860454EE3166EB4671070FC78DB85CD20F30C
2560648700 64147 4361 1058C30EB971074633065F00162457C2BA4EEF42B31DA131511662FDDA87031E
2560637982 51494 61981 F13587BC89FE4882C7C889302511FFD738D136129B9F5BE4C492CB4948A93A89
2560640226 21711 8227 0A9803F42C7EB674C8A8CB8D7F03B9870147BA14CF01C897A380C556AAAEA870

Total of 0 tasks calculated error.
