Total of 100 tasks calculated correctly, accuracy 100.00% 
2667586742 2199 41797 72FC6AB7016449C9EC7898E058619638E353C0DBF30CA53C29DB4965359858EC
2667591125 12426 40653 F13587BC89FE4882C7C889302511FFD738D136129B9F5BE4C492CB4948A93A89
2667584948 1167 42340 665D0213201C0C2F695952D949C5FE114DFF0E28FDA13FE52445AC67A9FB7801
2667589058 8319 54716 E98AB8D9D3B7F876CC20FA64731AF1A263AEAB3CDB77889CF4E67F0DB926A7D9
2667584308 1563 55655 DF692A0EAB4ABF031A6387EEC1AA22FF67CB0A0F4E11350954CBF9BCC7FD4956
2667587586 3340 24727 F13587BC89FE4882C7C889302511FFD738D136129B9F5BE4C492CB4948A93A89
2667589618 51914 5206 F13587BC89FE4882C7C889302511FFD738D136129B9F5BE4C492CB4948A93A89
2667596109 12412 42471 F13587BC89FE4882C7C889302511FFD738D136129B9F5BE4C492CB4948A93A89
2667590419 38190 4536 F13587BC89FE4882C7C889302511FFD738D136129B9F5BE4C492CB4948A93A89
2667589353 45131 47152 B3AD95C428CE9F652B967326BF60A474ED116CDF9478A94DC763F514A6A49A28
2667590658 14365 53373 3A4B058D33CD969ADDF05238B5669A8F62266E9806FACC891E86A21558D47DB6
2667595732 46082 16442 F13587BC89FE4882C7C889302511FFD738D136129B9F5BE4C492CB4948A93A89
2667597984 35757 22990 151A74D0A08176ED8739F0ED0009CBE45EE83D7FAD99BA63256B207068546AF7
2667587334 41647 24190 A9EF6483BBB694F61DE7A0B197016F49161719FE29D99517A577C0C85FC230CE
2667590488 61997 30113 193AC96E65C650B1AD0D4A30E48C7B635886A98E00488E8232C8223C39B538A2
2667596421 32440 32175 F13587BC89FE4882C7C889302511FFD738D136129B9F5BE4C492CB4948A93A89
2667590562 63421 14410 2AE90FFB32C5F4A0428B3CF5BB4EFD1106FE80298FF814F047235C66DCA1C914
2667591601 28300 59997 F13587BC89FE4882C7C889302511FFD738D136129B9F5BE4C492CB4948A93A89
2667602839 5433 45666 C0262F9D2B1BB3C5182AA702112BDA36809979F62E7F0B3F64B9F1D0C736C6B6
2667591555 10798 26051 F13587BC89FE4882C7C889302511FFD738D136129B9F5BE4C492CB4948A93A89
2667595857 42763 24152 D3576CDCEC7C855D7523C1BCEA4DF34E5B7A697BBCF9B2A1AF507F59003DEDF1
2667600668 5334 30998 F13587BC89FE4882C7C889302511FFD738D136129B9F5BE4C492CB4948A93A89
2667588187 20513 17480 76F587828DC47AC137BFF0C07C32E862B54FD16EAA06072279DEEC0505F119D6
2667592671 26557 37272 BB28EF06538FAB66EB386B12116D5A0531FE290CA3B6F4D2341EEC16B742B699
2667602256 842 10092 F13587BC89FE4882C7C889302511FFD738D136129B9F5BE4C492CB4948A93A89
2667586064 63804 11531 F13587BC89FE4882C7C889302511FFD738D136129B9F5BE4C492CB4948A93A89
2667585478 6933 58132 D0D72732190488B3C572FF5A79DC3881628FC0C87031CD6C372933780DB02F2B
2667601072 18918 17473 F13587BC89FE4882C7C889302511FFD738D136129B9F5BE4C492CB4948A93A89
2667589779 47541 30030 1CE0C1D2C8B8B9480CDA219127D54EEDEC4DAE6758F87ECE0AA9FDA3365914AB
2667601874 24220 31039 F13587BC89FE4882C7C889302511FFD738D136129B9F5BE4C492CB4948A93A89
2667601328 43366 39484 F13587BC89FE4882C7C889302511FFD738D136129B9F5BE4C492CB4948A93A89
2667602855 2603 48516 0A6FE8BD91C5BAD7F2F5C1F0574B1478170131356E65E5BAE9E29BB16CC11C58
2667591435 40436 35120 F13587BC89FE4882C7C889302511FFD738D136129B9F5BE4C492CB4948A93A89
2667597555 16593 41946 9618706CFFD15240209A208AE97B7FF66DE108BED0AC095FC0CB5949E612655B
2667592776 16754 43911 F13587BC89FE4882C7C889302511FFD738D136129B9F5BE4C492CB4948A93A89
2667602720 15301 41495 F1B5CB30E291CB90ABB17C94DD41CF46613CE1BD7CCA60539A8ABCB1F7A15442
2667595097 59827 10754 D61C215422DC57BCBA27CF1B2633D900291206642A78BA6975EA88C380947BA4
2667603958 62329 41665 3CF67CA5E9DBFD277FE646C9690CCC87F1FB30949B2A7A53F8236C83D9F42120
2667596033 20993 14325 EB481E424CC439031F2A6FD7C5EF93A79CB9C17A4143D757483C94094E619850
2667584358 1316 42602 F13587BC89FE4882C7C889302511FFD738D136129B9F5BE4C492CB4948A93A89
2667586934 40443 19891 DBD0222043D3539C65BA2411E3B13E12F6B257C00027D444D53CADBA8A78FFFC
2667584290 13311 20946 8A4A5E0C5C8EE56ACFCC2AB34A9B408B77F108AA9BC7652CC97F186991D41949
2667585168 16031 18082 4A03E938E864258764E5FAAE956E1A2A7741BB5A591157A109CA8EA5FFAE1505
2667592984 4371 44466 1E798957B3EF75D7CFB5CE10C57055916BEFEA63E6533699B3D2AB847F38DAE0
2667602916 45383 13764 B238053C1D05963062B145ED6503F92814A147E87893BEC912FAF9C303B605CE
2667585542 51939 721 643ABE9010E31C55AFAC52C93A0A0A2A923A37576C5A2AB88B127FABA15DC20B
2667587071 13190 37937 F13587BC89FE4882C7C889302511FFD738D136129B9F5BE4C492CB4948A93A89
2667589524 40505 45743 A26E04B1B0D41BE759AA7FF749A3F7FC2BA31E7299352677FF793CE8DC3F68B9
2667584859 8556 39505 F13587BC89FE4882C7C889302511FFD738D136129B9F5BE4C492CB4948A93A89
2667584683 21999 36525 DA53C659D46ABB794EAAB79F9C219D018FA5B136ED8A9FD4535CA05171DC0B93
2667585465 21729 24692 3681250D95AA26AD73BB5172D4DDD5AA2B853D6BAEFA5D827125D54F05C77646
2667591083 34002 33465 F13587BC89FE4882C7C889302511FFD738D136129B9F5BE4C492CB4948A93A89
2667595295 18813 23215 CD590BEE820C451F75CD1CFDC621A86505EB54ECB95C93DE88FE37DFC7A02159
2667584106 5884 56785 F13587BC89FE4882C7C889302511FFD738D136129B9F5BE4C492CB4948A93A89
2667593485 55843 56513 1104D7006B93CB1675F8FB8DF048132CE2E85B719D2064AF7D7082BD15E7015F
2667584283 40332 64921 F13587BC89FE4882C7C889302511FFD738D136129B9F5BE4C492CB4948A93A89
2667601408 25980 14672 F13587BC89FE4882C7C889302511FFD738D136129B9F5BE4C492CB4948A93A89
2667593207 29506 28691 F13587BC89FE4882C7C889302511FFD738D136129B9F5BE4C492CB4948A93A89
2667591285 31798 60658 F13587BC89FE4882C7C889302511FFD738D136129B9F5BE4C492CB4948A93A89
2667592628 58594 25131 F13587BC89FE4882C7C889302511FFD738D136129B9F5BE4C492CB4948A93A89
2667602524 56035 37343 DC1A8102AF9D61F6CF22B93A95F72CE69731A27C099FE8859D7545E35FEC0DB3
2667600270 57853 44555 43594A61B281C38FDFEF63D0EF1F8AFFF3B8BCC46866925E4364CBF8D35CF3AF
2667598317 2372 59355 F13587BC89FE4882C7C889302511FFD738D136129B9F5BE4C492CB4948A93A89
2667603648 43310 20828 F13587BC89FE4882C7C889302511FFD738D136129B9F5BE4C492CB4948A93A89
2667600121 46477 55403 9838BD4C448F5D84979B73AFE33DE3FDC6EBB26ABA9078E0A4AFE273A3D60ABF
2667589019 10592 30342 F13587BC89FE4882C7C889302511FFD738D136129B9F5BE4C492CB4948A93A89
2667598313 5922 25064 F13587BC89FE4882C7C889302511FFD738D136129B9F5BE4C492CB4948A93A89
2667591116 5678 16014 F13587BC89FE4882C7C889302511FFD738D136129B9F5BE4C492CB4948A93A89
2667595371 53720 28200 F13587BC89FE4882C7C889302511FFD738D136129B9F5BE4C492CB4948A93A89
2667600256 48043 54280 825174825F6EF1B0B12C48DDC5C49FA3ABA4D147E17C5FAF2DDFC44272DB4E17
2667603025 30050 15942 F13587BC89FE4882C7C889302511FFD738D136129B9F5BE4C492CB4948A93A89
2667596603 21773 36755 CC0CCB36116D73201D4833582FF70A247E95F4FD1231D22FF84C40B127BDCD03
2667586518 37109 31474 350942D5B5A9147B68FD14533FC7439900EA5047C0FF4046226F7F5CE047BA00
2667586144 11437 20708 B5402A67220CEFC23D98FB78AD3F82BDFE3DC9DF8D43A4DF9FD8955BC84016F5
2667600403 586 52340 F13587BC89FE4882C7C889302511FFD738D136129B9F5BE4C492CB4948A93A89
2667601122 18055 2657 70660C9293234B78712934F4817AA481B7FCD917DC9D71C7CDDF75C98DFB5177
2667602891 64113 61519 A8A72522DB46C6077AAFFAFAD3F1E6868DF9C1308217F0A9A57B51A019A86791
2667588751 44959 34717 C3E17A8F9FEA55BF5293FC51DE7DD7E40D85ABDEA5230BBA33C9C8B08EB1300C
2667595965 49312 33764 F13587BC89FE4882C7C889302511FFD738D136129B9F5BE4C492CB4948A93A89
2667590118 8546 44058 F13587BC89FE4882C7C889302511FFD738D136129B9F5BE4C492CB4948A93A89
2667585908 23955 11311 F4CBF768224F28A04CD81210246333AD34884D73D21EB1478C2B565A99311C23
2667584113 62630 60325 F13587BC89FE4882C7C889302511FFD738D136129B9F5BE4C492CB4948A93A89
2667602646 25089 65080 C619B6A852B398557C78938548AF69EF41E1818606CC7EFAD6ACB314749CA643
2667594604 52776 14345 F13587BC89FE4882C7C889302511FFD738D136129B9F5BE4C492CB4948A93A89
2667591436 18040 51579 F13587BC89FE4882C7C889302511FFD738D136129B9F5BE4C492CB4948A93A89
2667585086 45131 58468 EADB48948888BD067B5A51ACCAE3FF7823E47328A8651599CE3145D3C32C97AF
2667588433 42421 38982 19FDF2F201E48143B97F04FAF62D3A3EEB19EB40FC112A392F3BEE38E139DAC9
2667590963 5332 8621 F13587BC89FE4882C7C889302511FFD738D136129B9F5BE4C492CB4948A93A89
2667603358 21440 47616 F13587BC89FE4882C7C889302511FFD738D136129B9F5BE4C492CB4948A93A89
2667598349 8832 45183 F13587BC89FE4882C7C889302511FFD738D136129B9F5BE4C492CB4948A93A89
2667595113 62325 22867 D664312F2268AF6786DFC3EBC9A43908B3FC75A0A9000BD63905D875C5294C9A
2667603118 50253 12543 A23948B59990FA1CDD3C886BEAA7D5E20142A79DEFCEDE907BB7C97C8FC0AB9E
2667585009 42473 17658 10DD3517E9F2A4536A3A4A39964F9F503F43C08361B25392BDE6C4CAA2DB2DB0
2667586489 6695 36209 3EDCAF8D8C8D6169F0EB8B77CEB8277948AB27037C508E0C69117CFB891A2F7F
2667596928 16980 55784 F13587BC89FE4882C7C889302511FFD738D136129B9F5BE4C492CB4948A93A89
2667594468 48064 28359 F13587BC89FE4882C7C889302511FFD738D136129B9F5BE4C492CB4948A93A89
2667596579 43546 57646 F13587BC89FE4882C7C889302511FFD738D136129B9F5BE4C492CB4948A93A89
2667602628 55530 57971 F13587BC89FE4882C7C889302511FFD738D136129B9F5BE4C492CB4948A93A89
2667588188 37680 64087 F13587BC89FE4882C7C889302511FFD738D136129B9F5BE4C492CB4948A93A89
2667587952 63002 32207 F13587BC89FE4882C7C889302511FFD738D136129B9F5BE4C492CB4948A93A89

Total of 0 tasks calculated error.
