Total of 100 tasks calculated correctly, accuracy 100.00% 
2774693987 16366 42294 F13587BC89FE4882C7C889302511FFD738D136129B9F5BE4C492CB4948A93A89
2774683881 45229 12682 B2776A0C9F144A5A4D37EBC25ACD935B66A8A048C09EAEA792BA8D1314B628C7
2774681264 53237 43352 2B44856D8C2CB200C96621C5CC5D96D8CAD522323CF0F8A65772850D8E89D1DB
2774698668 10872 16033 F13587BC89FE4882C7C889302511FFD738D136129B9F5BE4C492CB4948A93A89
2774689476 31352 17541 F13587BC89FE4882C7C889302511FFD738D136129B9F5BE4C492CB4948A93A89
2774691397 58243 10207 BB2435E7FAA55D558074924085E54673FB30265885EE3242B5ACAF418BCB7156
2774680056 19897 30145 D5B72508EFF2A370A9E8A2B6AD60D15E207C08C82E4D5BBD12D2DCCFE4B9FCAA
2774692590 9963 5755 CD00EE253E9520AD6EFD1137F8C1640BAC1B80F501EBA80AF50D789008D90867
2774682581 53541 17849 0E3AB3985B9A3AB7045FFD4B08E8C81BD335E95D27EF8B8BD91120AC02354E52
2774694424 18504 24157 F13587BC89FE4882C7C889302511FFD738D136129B9F5BE4C492CB4948A93A89
2774680065 34285 14170 8AD2D0D41B848A7E6BF0605DC60D192D2521644DD7627C00293A68249DDAFBC7
2774682007 19292 10685 F13587BC89FE4882C7C889302511FFD738D136129B9F5BE4C492CB4948A93A89
2774686991 4353 41 417E7B1EDF40E8C59181000672A26B03E486586B2AF1DDEBFA764573B41B8964
2774681903 5366 11528 F13587BC89FE4882C7C889302511FFD738D136129B9F5BE4C492CB4948A93A89
2774689880 17574 61705 F13587BC89FE4882C7C889302511FFD738D136129B9F5BE4C492CB4948A93A89
2774688839 1555 26353 C702D3ADD7DFAA09B6CF651DB7724408B45A4214906BD765B9C505952540B338
2774700108 59307 6985 E85F84C5951E7C6A9BB24F090C9E97FDAF221135F2E1EE5D295C6DEFAEC7F639
2774692562 1278 37848 F13587BC89FE4882C7C889302511FFD738D136129B9F5BE4C492CB4948A93A89
2774691618 63593 19494 7BB951815DC4D3F0517455E0E65D1350DFCD0968FBBED2B5AEAAB3B0FFC82AEF
2774686306 5395 44275 26D5C0BBD8ED714AB0128C8F30E7CEA89DC927EFAB03AE92335A2AF8CD2F1A09
2774687605 16130 21452 F13587BC89FE4882C7C889302511FFD738D136129B9F5BE4C492CB4948A93A89
2774681670 38860 7411 F13587BC89FE4882C7C889302511FFD738D136129B9F5BE4C492CB4948A93A89
2774692013 33558 28635 F13587BC89FE4882C7C889302511FFD738D136129B9F5BE4C492CB4948A93A89
2774696960 7931 35700 9E91AAA2446423D87BE5EEEFA330EF652EACEDE5B21EDAB1FC9F2EDF9770C579
2774683085 35355 17549 99EAEE6E7BE8A07A8F3911BBCDF27D57DF927E040EC73DB67A243C94396129B0
2774693160 52303 63508 E6A5CD5D7A6623AF91C13D36E77B3ECDF431DAD4DD82248274E26F4F819D6653
2774699972 65286 24122 F13587BC89FE4882C7C889302511FFD738D136129B9F5BE4C492CB4948A93A89
2774691713 11164 34253 F13587BC89FE4882C7C889302511FFD738D136129B9F5BE4C492CB4948A93A89
2774686583 39093 54715 CA487DB855F93CA833C39612A53971BE6C52401C3D580EE769D5C5B0A105378A
2774701465 60804 60117 F13587BC89FE4882C7C889302511FFD738D136129B9F5BE4C492CB4948A93A89
2774691641 20499 5657 1692AF8661778631F08D52B1B2C639E15E209B3EE0A77F32DBECF44076C58C0C
2774697349 44269 35742 8BC5ABCDEA1304B502E9CD0C93D0F52C46B10F46BF245EDE518FD5ADD992D3A2
2774697085 19899 33607 5A97E72399BE17A44D83BD06C52C32C71B8320A4B6D860D5AC924D3C2E7F4196
2774695094 60932 1822 F13587BC89FE4882C7C889302511FFD738D136129B9F5BE4C492CB4948A93A89
2774688332 34266 19425 F13587BC89FE4882C7C889302511FFD738D136129B9F5BE4C492CB4948A93A89
2774693605 12127 48904 6B179FB445CFEA5528F7786CFBE88648F49D1B08C60DAD4D896581EAD82A7EC7
2774680515 39772 24232 F13587BC89FE4882C7C889302511FFD738D136129B9F5BE4C492CB4948A93A89
2774693983 35595 26349 61650490E7A7B6EE8CE583B451E407EF9F82977A9073BB1A52188D17E42FC46D
2774690140 14569 32401 3FCCB734F92D5345388A89FA0B8161184A38557B2B9CE7B1372F83D0E6C8B616
2774691428 62100 35515 F13587BC89FE4882C7C889302511FFD738D136129B9F5BE4C492CB4948A93A89
2774695168 8317 21262 B5DA55F0A5EDAB49A47A0D74DE3552B9BB3E9EEAE0A81496888F165AE7522C7E
2774698353 28882 48567 F13587BC89FE4882C7C889302511FFD738D136129B9F5BE4C492CB4948A93A89
2774686994 3497 57634 1F9194EB64D02156726D40DF18B77D3B7D388578D05DE32E3A19515D6E646BC4
2774690886 50658 31967 F13587BC89FE4882C7C889302511FFD738D136129B9F5BE4C492CB4948A93A89
2774701397 31956 19482 F13587BC89FE4882C7C889302511FFD738D136129B9F5BE4C492CB4948A93A89
2774682964 30992 15652 F13587BC89FE4882C7C889302511FFD738D136129B9F5BE4C492CB4948A93A89
2774696618 52340 11607 F13587BC89FE4882C7C889302511FFD738D136129B9F5BE4C492CB4948A93A89
2774694444 51440 62010 F13587BC89FE4882C7C889302511FFD738D136129B9F5BE4C492CB4948A93A89
2774688610 11993 50699 7FA1314CC4550C0C8AFB604F9F5AF95217AF7BB0042938D03F61AF86893198E9
2774692419 45102 55678 F13587BC89FE4882C7C889302511FFD738D136129B9F5BE4C492CB4948A93A89
2774701776 9361 9549 BD9E03579E4842C8E322F37CF220178C5018070B25128677565F692D0A58DB98
2774694940 18253 62987 7C4DA44583303A3D639BC62DB3EBDE10E5A45C1837DDEBA5D3A8B06BCD8DF955
2774697757 18186 47233 F13587BC89FE4882C7C889302511FFD738D136129B9F5BE4C492CB4948A93A89
2774689510 56905 25885 6990C46121EF0B3BC0E84596BB5D83B71F73E0C0AB6CA0EA7CB42F6B21B0029F
2774689290 52979 18297 7F61C419FF33CBEA077E7E4DBEFE8A7FAA3DE282D656D2045031786C3807842C
2774695560 23479 35980 1FEDC0575610A7A2287287CD2440A7568F1506D7014DCCA4349B36CACBB80A42
2774687784 59787 61789 2F76BF987DB13EC0DE1F533844901189DD1804B34157E778D784FE116752E8A9
2774696540 55582 17732 F13587BC89FE4882C7C889302511FFD738D136129B9F5BE4C492CB4948A93A89
2774683387 28940 1308 F13587BC89FE4882C7C889302511FFD738D136129B9F5BE4C492CB4948A93A89
2774680780 8809 38354 81280307B7C2F27C7DE5D5A9D846A9F631AFA5992B872DAE498F1C4B89C16575
2774694485 48959 10931 1463284D4985F9456B1553B74B3791D0598CF796F8FDAFBC93A12A5694621728
2774692882 2648 36542 F13587BC89FE4882C7C889302511FFD738D136129B9F5BE4C492CB4948A93A89
2774688711 16779 36513 7A840F25BFFDCCC97A2FD22EAB35B95A85AAA23AA0EA98F52A211E8C6138A095
2774690382 17663 5413 C4D28D04EC25A35FC29E7F06F775728927E531447E089915500900D64675DCE1
2774681534 28887 37679 557A1B44412241EAD2B007E7F4AD68911AC4C4BEBDDB08700B8F092FFC1B2212
2774687930 21743 47329 A17DE03BD709BA0ADF2B885579D45C015E17C161DD97DC62FFBEAD8962141124
2774695551 52017 1656 F6CC394E1AF044FF5A2E41ADCA9049481292B09895225B2E2133CB23EA8B551F
2774689744 47331 63792 99E7D765C04AAD1A2A2498890393935BC6FDB1EFEE9AED614AFBC0833EF320E8
2774694897 57169 31444 9946AA8853FF363B48A82D5715304ED5674BB3F154AF417B766FCBB6F56607A5
2774680781 55260 25385 F13587BC89FE4882C7C889302511FFD738D136129B9F5BE4C492CB4948A93A89
2774682786 55634 37198 F13587BC89FE4882C7C889302511FFD738D136129B9F5BE4C492CB4948A93A89
2774698781 48808 48429 F13587BC89FE4882C7C889302511FFD738D136129B9F5BE4C492CB4948A93A89
2774688470 7741 49177 3F6BBCEDB8F9062DAE4393A4913AEEC636BC38E75C157596C204A4DCBE5BFEEF
2774694731 9249 35001 077DF06294EDD5FFB0F371D799411331065555DC6820E00BC717733922F045C0
2774702417 25556 48783 F13587BC89FE4882C7C889302511FFD738D136129B9F5BE4C492CB4948A93A89
2774695614 11382 26409 F13587BC89FE4882C7C889302511FFD738D136129B9F5BE4C492CB4948A93A89
2774692975 21888 23506 F13587BC89FE4882C7C889302511FFD738D136129B9F5BE4C492CB4948A93A89
2774689908 3524 15565 F13587BC89FE4882C7C889302511FFD738D136129B9F5BE4C492CB4948A93A89
2774699774 25688 7752 F13587BC89FE4882C7C889302511FFD738D136129B9F5BE4C492CB4948A93A89
2774699869 45740 29128 F13587BC89FE4882C7C889302511FFD738D136129B9F5BE4C492CB4948A93A89
2774696105 41589 49611 01195F4380985E7B0AE55D597A98986408ED078E06FA895E023D0F2A61BFD042
2774696650 48486 36786 F13587BC89FE4882C7C889302511FFD738D136129B9F5BE4C492CB4948A93A89
2774689085 30224 32683 F13587BC89FE4882C7C889302511FFD738D136129B9F5BE4C492CB4948A93A89
2774694997 52325 35871 A8DAB481D71864779863B82EE2CB0C6B3E41C82E03A6FB8D3A668BB96868EC84
2774681779 25599 42875 8718BB97010AA606A27AFEF74F8020D8DAB420D0E6429F58B9554649612A3130
2774698946 46384 56842 F13587BC89FE4882C7C889302511FFD738D136129B9F5BE4C492CB4948A93A89
2774680376 60777 63083 06EEA9349AACA0CB4881CE14B79F89E8F3FF3EADBB8F5D53A1036B1F6895C956
2774682603 17134 11098 F13587BC89FE4882C7C889302511FFD738D136129B9F5BE4C492CB4948A93A89
2774701421 17780 50914 F13587BC89FE4882C7C889302511FFD738D136129B9F5BE4C492CB4948A93A89
2774695742 38242 58365 F13587BC89FE4882C7C889302511FFD738D136129B9F5BE4C492CB4948A93A89
2774698858 34561 60186 F36E91195AB83994D235F81DB387920E34977698F705EE3B0413F8D1892C5AC9
2774699906 65463 28963 6E83A7A99BCAD3CE8D89C33729DD310FD88989045E04967279CD2C8DB75C76A2
2774700625 38854 4851 F13587BC89FE4882C7C889302511FFD738D136129B9F5BE4C492CB4948A93A89
2774687409 24941 46221 8F199653AA7F0CDEEC819E0E5705B43057FF2D842FD2DF4EFA9480855F2CAEC7
2774701690 42533 63053 A7B0D747DB0421C0B0DE6E1502F76F9A2CAD1EA78AF7E4F2EDA55052E1042670
2774686127 49154 24489 F13587BC89FE4882C7C889302511FFD738D136129B9F5BE4C492CB4948A93A89
2774695182 59578 27486 F13587BC89FE4882C7C889302511FFD738D136129B9F5BE4C492CB4948A93A89
2774683873 7807 17288 A52224C7BC49B6FC4375CD6221398718A822795C397504210249928B76AE7DFB
2774695919 62048 31239 F13587BC89FE4882C7C889302511FFD738D136129B9F5BE4C492CB4948A93A89
2774697223 282 44296 F13587BC89FE4882C7C889302511FFD738D136129B9F5BE4C492CB4948A93A89

Total of 0 tasks calculated error.
