Total of 100 tasks calculated correctly, accuracy 100.00% 
2881957795 47980 42408 F13587BC89FE4882C7C889302511FFD738D136129B9F5BE4C492CB4948A93A89
2881967817 5118 29203 F13587BC89FE4882C7C889302511FFD738D136129B9F5BE4C492CB4948A93A89
2881964435 49030 4926 F13587BC89FE4882C7C889302511FFD738D136129B9F5BE4C492CB4948A93A89
2881966623 44380 44634 F13587BC89FE4882C7C889302511FFD738D136129B9F5BE4C492CB4948A93A89
2881927775 61455 27907 FA847F0AE5B0CA4188019ADA0F590EED22751BAFB07E55F9F5B10C5CFDE3B915
2881962381 34740 63889 F13587BC89FE4882C7C889302511FFD738D136129B9F5BE4C492CB4948A93A89
2881969597 40729 12309 A9C55DB06FDD8BB6B27B41535B699B0EC913CC82BB77E32E10962D648BDB0C04
2881924428 63967 20823 0B1BC3D903E41C7148FF84ED50BB4178EA3E9A0229D26DC18720479DC9515C42
2881924518 33438 4311 F13587BC89FE4882C7C889302511FFD738D136129B9F5BE4C492CB4948A93A89
2881967944 38827 11219 4EBB6FA6BE8C91AF0D6F34AD97A95A2F13B8820254C0522F14C824091445A914
2881968639 57615 29537 9E73CCE3DD0B1B4A1AF0709AE608A15A70563FA30DE7104BF9F170E538E7073F
2881961513 45192 32064 F13587BC89FE4882C7C889302511FFD738D136129B9F5BE4C492CB4948A93A89
2881957737 29780 37581 F13587BC89FE4882C7C889302511FFD738D136129B9F5BE4C492CB4948A93A89
2881956240 26794 7437 F13587BC89FE4882C7C889302511FFD738D136129B9F5BE4C492CB4948A93A89
2881966546 8822 1549 F13587BC89FE4882C7C889302511FFD738D136129B9F5BE4C492CB4948A93A89
2881960092 26958 36096 F13587BC89FE4882C7C889302511FFD738D136129B9F5BE4C492CB4948A93A89
2881963608 47950 50206 F13587BC89FE4882C7C889302511FFD738D136129B9F5BE4C492CB4948A93A89
2881965321 54209 12359 580399B9477E7C0434E3A0B69A58BD793240C06FE8302890D90E5DA8CFD99A47
2881956663 35618 10190 F13587BC89FE4882C7C889302511FFD738D136129B9F5BE4C492CB4948A93A89
2881965055 14127 28928 5EBE7AFB09A29A62B1C2BCD57A4C081A5A256A670A8D40005169AA049982E72F
2881964413 8326 21007 F13587BC89FE4882C7C889302511FFD738D136129B9F5BE4C492CB4948A93A89
2881963370 40849 2712 7699EECC5098B33B778D8B0E1E333CA57E5F10E16DEFA9F1024F47AE4C729699
2881960886 27064 13144 F13587BC89FE4882C7C889302511FFD738D136129B9F5BE4C492CB4948A93A89
2881968545 54072 33619 F13587BC89FE4882C7C889302511FFD738D136129B9F5BE4C492CB4948A93A89
2881927207 7344 19913 F13587BC89FE4882C7C889302511FFD738D136129B9F5BE4C492CB4948A93A89
2881924210 63691 23231 2A9FDDFA4369CE74D8ACFB80639673B99C73E0C93A54F8C3C13ABA266B1A2F4F
2881967503 29682 37859 F13587BC89FE4882C7C889302511FFD738D136129B9F5BE4C492CB4948A93A89
2881964414 56892 27016 F13587BC89FE4882C7C889302511FFD738D136129B9F5BE4C492CB4948A93A89
2881960081 640 53611 F13587BC89FE4882C7C889302511FFD738D136129B9F5BE4C492CB4948A93A89
2881958993 43821 43362 B7E53143397969F913C5DA263912FC2B00C0A92908504578487D0FEEE00FD9C5
2881962985 63553 61591 6CFD65C32C6EAAD50A034D1FBF6A54C67317D6EBABA2071172574BE2A191EABD
2881967980 59974 39025 F13587BC89FE4882C7C889302511FFD738D136129B9F5BE4C492CB4948A93A89
2881966178 29962 47490 F13587BC89FE4882C7C889302511FFD738D136129B9F5BE4C492CB4948A93A89
2881980225 8245 21537 6FAAC29B6941268455C693AB3AD4C0197C47236AC515ABC53681227CDBD15E8B
2881968986 10633 43391 FD2F2F8C48C5C9B61A54656B20B52F5CD0C213389F3CEC3467A73909CB58DB12
2881964010 31966 17909 F13587BC89FE4882C7C889302511FFD738D136129B9F5BE4C492CB4948A93A89
2881926747 710 63446 F13587BC89FE4882C7C889302511FFD738D136129B9F5BE4C492CB4948A93A89
2881966867 48381 62359 A23DC6F5ED2DDF721E94CE9E43D2BFEC925FA8D22B2B70039EFFB5FF3A2E8248
2881968556 14570 35318 F13587BC89FE4882C7C889302511FFD738D136129B9F5BE4C492CB4948A93A89
2881969173 54327 55188 BBCBD90FA266A26FB0BF27AEEE219A3C472E0B987F0945EE9963D00F76962EF6
2881927631 54864 8867 F13587BC89FE4882C7C889302511FFD738D136129B9F5BE4C492CB4948A93A89
2881958608 41533 32646 10ECA4418FBE54131BCD20CB71A2DD3712585DADC5149154C9C9D1B24D3EBEB2
2881971479 40019 44465 E8D96B0E84FC3FABBDFC8FCA71918BB86356012AC1ED6611BA222ADAA716DBD0
2881966695 35312 7861 F13587BC89FE4882C7C889302511FFD738D136129B9F5BE4C492CB4948A93A89
2881925870 17501 28157 CF46E2ED6DF18B61E5DE5BD521821800F63A24CA480DC35433DC0EE93179E358
2881967922 15149 56741 A5C78E4B43BC460E4E546F88E55E44957E4A0D206DFB8AD47A12D015D7BD681E
2881964041 53164 36591 F13587BC89FE4882C7C889302511FFD738D136129B9F5BE4C492CB4948A93A89
2881965588 47450 15076 F13587BC89FE4882C7C889302511FFD738D136129B9F5BE4C492CB4948A93A89
2881962864 15832 19385 F13587BC89FE4882C7C889302511FFD738D136129B9F5BE4C492CB4948A93A89
2881926536 41814 37558 F13587BC89FE4882C7C889302511FFD738D136129B9F5BE4C492CB4948A93A89
2881963272 64034 37058 F13587BC89FE4882C7C889302511FFD738D136129B9F5BE4C492CB4948A93A89
2881927123 51676 19158 F13587BC89FE4882C7C889302511FFD738D136129B9F5BE4C492CB4948A93A89
2881958760 31509 42920 8A0924D2E1D3C4ADC1F216DC3AD3EE892C1F28DFA716848A9C0171DCD6E72CCC
2881926348 64106 44364 F13587BC89FE4882C7C889302511FFD738D136129B9F5BE4C492CB4948A93A89
2881926898 15987 32180 519FF580930EA68146B3A429413556242C9DEB0A8110005D1F68C20251AC9AC6
2881961555 58986 22758 F13587BC89FE4882C7C889302511FFD738D136129B9F5BE4C492CB4948A93A89
2881961717 52088 35600 F13587BC89FE4882C7C889302511FFD738D136129B9F5BE4C492CB4948A93A89
2881969795 45056 7366 F13587BC89FE4882C7C889302511FFD738D136129B9F5BE4C492CB4948A93A89
2881968742 63701 29614 2EF6598F8C267178CE5315F9891D4C34DA8E2173E357EC43B8B37BF9563710D9
2881970025 15333 36330 10F49EB54C2789C0254EB4FBB9AE32E02C14A89E169ED504CA6157CCFEBCA8AC
2881927650 55740 40643 F13587BC89FE4882C7C889302511FFD738D136129B9F5BE4C492CB4948A93A89
2881971184 54048 36388 F13587BC89FE4882C7C889302511FFD738D136129B9F5BE4C492CB4948A93A89
2881958567 56627 11577 F20E12ECF036B09F62FB99C51D02A9B53CFE1EFFF36C83A3EF563372AC504653
2881965095 21397 2998 77E878EB92F62D0EAC78FC7CE55F3896B7ECB4E0FF7DF9D255935D42BCD6A31A
2881926528 9978 60215 F13587BC89FE4882C7C889302511FFD738D136129B9F5BE4C492CB4948A93A89
2881963039 2850 57803 F13587BC89FE4882C7C889302511FFD738D136129B9F5BE4C492CB4948A93A89
2881968632 51619 64092 1AC80ABCAB026E8C974BEFFFEE8465C3621B90D8AF3AFD6BF01DF3C172B650D3
2881956002 9023 37346 593A74C20E346099BD6475A3F66856BE6F4B1C803F04DC812EF32A648848C3DE
2881956467 51422 38715 F13587BC89FE4882C7C889302511FFD738D136129B9F5BE4C492CB4948A93A89
2881926062 47477 35780 E596913076D89FAC627880927DDDB99BCD976FEED513371399EFD60CC49C0ADF
2881970356 5019 56805 9A746ACA3405F7B43F5C1B16881D9322FAE42825FAEF593234D37C746F48DB34
2881980138 1667 50987 42CDB75EDE435CC8F221E4189733E939059884E799C2E62431B4BD5CB17F8F62
2881965641 7844 62581 F13587BC89FE4882C7C889302511FFD738D136129B9F5BE4C492CB4948A93A89
2881969602 50707 5305 10454ABC38FD987E69CE0ECD6B26F238E7E23EAD76EFD80A05DDCFF30913B9F2
2881959209 57870 4813 F13587BC89FE4882C7C889302511FFD738D136129B9F5BE4C492CB4948A93A89
2881962569 21624 39751 F13587BC89FE4882C7C889302511FFD738D136129B9F5BE4C492CB4948A93A89
2881925258 21239 23891 BBD91EC6C8A7283F7B750B64D8A36D00F08F9171536CEE86A4864C653AF533EA
2881968968 12078 4431 F13587BC89FE4882C7C889302511FFD738D136129B9F5BE4C492CB4948A93A89
2881924661 20113 53390 DC5E0A8582B223866DC651E2CA3A0F98E89FB4948896431FFB45A0B2A2894328
2881924649 2301 29664 CC3103EA31D482F88C55AB86EB60487D4760E12B468ACECC9172527A5DBB58A7
2881966448 2552 47200 F13587BC89FE4882C7C889302511FFD738D136129B9F5BE4C492CB4948A93A89
2881971971 4330 2196 F13587BC89FE4882C7C889302511FFD738D136129B9F5BE4C492CB4948A93A89
2881980078 63238 36485 F13587BC89FE4882C7C889302511FFD738D136129B9F5BE4C492CB4948A93A89
2881927210 22987 5379 7CBC4C6ACA9F9E3B805CA105E3E8BE9AB813F2F720B76C3FD92A73608BD2D720
2881968845 8529 31401 75D729FEFEAEDBCB320E7316C432DB63314EF4EECBA1FFD3C82493188A010495
2881924288 4017 53422 E3A5FC881F9677746F3F1F428613FF2B78135205B050522897E77A482E33AE88
2881967322 55216 56100 F13587BC89FE4882C7C889302511FFD738D136129B9F5BE4C492CB4948A93A89
2881957108 9761 44679 7C276635D85A23C7C4023B96EC5EC819A44CC709AE50E21B1EA9484BA644F292
2881970512 13188 52245 F13587BC89FE4882C7C889302511FFD738D136129B9F5BE4C492CB4948A93A89
2881924384 52744 4355 F13587BC89FE4882C7C889302511FFD738D136129B9F5BE4C492CB4948A93A89
2881968063 47848 53170 F13587BC89FE4882C7C889302511FFD738D136129B9F5BE4C492CB4948A93A89
2881959670 21867 39765 F075298CEE7CF0B35CA55E4CA5A7FFA510A01129458E483EBEE58A477EA243A2
2881926924 30717 62480 92E85929539C7D27BFCE1C8CEF16999F38EEAC271ED3B0EF13032A8190DECED7
2881960394 15038 36123 F13587BC89FE4882C7C889302511FFD738D136129B9F5BE4C492CB4948A93A89
2881980260 58977 42124 47728855DA4EB24E827AEFC25BA97034184ED5B9A18CCB5AA605395DA8D08A09
2881964501 29359 43262 7066C70D462B4AC49CF2CF60E0EFA6EAF41ECC1F549C1BA38D57A5BD644FEB90
2881958708 5064 7089 F13587BC89FE4882C7C889302511FFD738D136129B9F5BE4C492CB4948A93A89
2881968101 52594 27054 F13587BC89FE4882C7C889302511FFD738D136129B9F5BE4C492CB4948A93A89
2881956783 18770 14360 F13587BC89FE4882C7C889302511FFD738D136129B9F5BE4C492CB4948A93A89
2881958296 33666 42805 F13587BC89FE4882C7C889302511FFD738D136129B9F5BE4C492CB4948A93A89

Total of 0 tasks calculated error.
