Total of 100 tasks calculated correctly, accuracy 100.00% 
2988665856 7566 17185 F13587BC89FE4882C7C889302511FFD738D136129B9F5BE4C492CB4948A93A89
2988678083 63168 63093 F13587BC89FE4882C7C889302511FFD738D136129B9F5BE4C492CB4948A93A89
2988668164 49815 56601 5E821676A5A97F3B7A9137ECDDC8FC5EC888A168751E112452F34B69344A5E17
2988669102 8433 40940 BFAA5788A2B8C77FBD6F56A1CEE776317065668863F989A8F6C535CCE66D5ED2
2988668850 44445 2100 83F3D0B31487420B11E98BEEDE797442356E6BFA9F3D8ED595263E0A1DA852BC
2988674391 64531 43471 8BDB498168FC3103C373E5B1A7EAB705C6CB666CB91B202D4DF4C75571749911
2988679487 63090 28473 F13587BC89FE4882C7C889302511FFD738D136129B9F5BE4C492CB4948A93A89
2988674352 35302 15718 F13587BC89FE4882C7C889302511FFD738D136129B9F5BE4C492CB4948A93A89
2988681605 57481 62862 2F85A4B3B03E50452237184E515ED5382360C7B94D3DBDEE4947AEDB2C2CD183
2988667549 5138 11931 F13587BC89FE4882C7C889302511FFD738D136129B9F5BE4C492CB4948A93A89
2988672277 52565 45082 5394AABD6F4D65A75E9E9F31D0B73C51E53030EA1D6529CF0F7C8C0B15212698
2988672841 21437 17870 C1CA56B38CB996C8EAE38F569518EF5664C7A873BE13D570BD8F72ACF8E6C989
2988680999 30074 46404 F13587BC89FE4882C7C889302511FFD738D136129B9F5BE4C492CB4948A93A89
2988672792 28016 12744 F13587BC89FE4882C7C889302511FFD738D136129B9F5BE4C492CB4948A93A89
2988674112 2821 36090 7F389CC855DA9DF87EC461ECC3DA9DE6CD8423BC649687460B21432FAFA9658C
2988671100 45615 34390 1E39CC3EACC64DF0E2F1E54242B82D536DD790D3FCC57F66EC1E7D0F0B51A3DE
2988670611 53095 10304 A7C87AF5EB7E93900AC80D4D1D7589A37289E45C89D0A5A089C42CAED96D75B1
2988671765 65078 2265 F13587BC89FE4882C7C889302511FFD738D136129B9F5BE4C492CB4948A93A89
2988672918 10246 62973 F13587BC89FE4882C7C889302511FFD738D136129B9F5BE4C492CB4948A93A89
2988675827 19539 37091 79567EB51EB933BA6D2DBE84D04ADE594988794488564ED11DA97B4CB2602B02
2988678732 13531 5474 E1B39689B72A95CAA2D1DBB0DF4E1C28D4F8B8260202312E7C4B0BBA50B1A60C
2988666386 54812 41551 F13587BC89FE4882C7C889302511FFD738D136129B9F5BE4C492CB4948A93A89
2988664482 56142 16471 F13587BC89FE4882C7C889302511FFD738D136129B9F5BE4C492CB4948A93A89
2988665354 5098 59187 F13587BC89FE4882C7C889302511FFD738D136129B9F5BE4C492CB4948A93A89
2988665750 34937 17160 E0639F7CE91738ABD3EE233BC982A59FE638F5921CCFCD13AE2447D8C584F879
2988681702 64595 18171 73089A4B3C426DABEE67E092FA503A0CBB89A26585277325C360D132D94D8EE5
2988675129 21482 11762 F13587BC89FE4882C7C889302511FFD738D136129B9F5BE4C492CB4948A93A89
2988676966 44699 51914 1B4C131E3A0DB2B35DC4AC2C3A1045C7A807CB5F8C063DE6607043225B0F528B
2988664949 52268 59535 F13587BC89FE4882C7C889302511FFD738D136129B9F5BE4C492CB4948A93A89
2988664634 55594 32891 F13587BC89FE4882C7C889302511FFD738D136129B9F5BE4C492CB4948A93A89
2988665456 8129 28097 8F03EE89B0A651D23B0B717A966175583755EBAD0A8788737E94A7D34CB86E11
2988665498 6987 61464 961060F04ECC95709854C903CB805A881683D37B8A8E419BB30B40FA16C38160
2988679289 35823 38108 BBDCD9E75A36A2860CACB04808B970E9D03767D5D09775D780740DE76D84B72E
2988672154 12510 61461 F13587BC89FE4882C7C889302511FFD738D136129B9F5BE4C492CB4948A93A89
2988679799 47546 16341 F13587BC89FE4882C7C889302511FFD738D136129B9F5BE4C492CB4948A93A89
2988668868 20380 38484 F13587BC89FE4882C7C889302511FFD738D136129B9F5BE4C492CB4948A93A89
2988674891 63462 34151 F13587BC89FE4882C7C889302511FFD738D136129B9F5BE4C492CB4948A93A89
2988666261 60397 37330 F964F174A0AFD9E5235C3C9C39591815EFAD47840A9135D8CDD08769D77AFE29
2988676139 31138 37636 F13587BC89FE4882C7C889302511FFD738D136129B9F5BE4C492CB4948A93A89
2988670825 41683 5002 C106792AA16737F862B237275AB9445C07CEA43901B38FC7A486E2BDD824D454
2988681113 57533 58125 735259235459ABECD4D85006F6A2D0CF5CFD1A11E8F9DE86223DFDBAC6F51224
2988680500 52352 26411 F13587BC89FE4882C7C889302511FFD738D136129B9F5BE4C492CB4948A93A89
2988666333 8626 13139 F13587BC89FE4882C7C889302511FFD738D136129B9F5BE4C492CB4948A93A89
2988665986 14031 7193 B94E9B144CB9AE59185BE6170F33A2B2D297DD9F8DFAB76BBEF1F96C70DFC1F6
2988666458 37253 36742 F61CC809A07FEB257A496A0A0B91736177FD9C531C72674E1A630ABA3A48BE99
2988670534 26507 26505 0D78EAFDBF7E93345C002EE9375338962BD26C906D8E31F49D69FC84767E18CC
2988677049 43568 18093 F13587BC89FE4882C7C889302511FFD738D136129B9F5BE4C492CB4948A93A89
2988667469 4913 43895 4CCB9E933DCE72110177263FA56E36E4BC10A6B7A0B9902530A4A9D2F27D6662
2988673502 54890 525 F13587BC89FE4882C7C889302511FFD738D136129B9F5BE4C492CB4948A93A89
2988667091 32793 21350 DE005EDC25557F0BA05132B2B40E82C5623A45D4DB8BF8552137AA1D1F222620
2988673661 7883 28333 CB05CF5BB94B80485936D986426C8CAEE99EC6B526AEB607D40FA474135B2186
2988671725 51028 6644 F13587BC89FE4882C7C889302511FFD738D136129B9F5BE4C492CB4948A93A89
2988677026 58209 26699 6768DBD633786BF47ED01C17B1B845E33A9683B8A5B155DDD4904676382FB271
2988671220 3279 32287 E753A6E681F66B8F4BECE0931B6601D135A7CD63150468ABC02346FD5EA25815
2988680241 58652 40803 F13587BC89FE4882C7C889302511FFD738D136129B9F5BE4C492CB4948A93A89
2988664339 18431 42432 B8FFF2AE43BA9E3867A4AF87DBF970749A4AEBB0A2B1925548AD4CA689827567
2988671607 36008 55989 F13587BC89FE4882C7C889302511FFD738D136129B9F5BE4C492CB4948A93A89
2988681564 19052 49854 F13587BC89FE4882C7C889302511FFD738D136129B9F5BE4C492CB4948A93A89
2988665994 64088 39206 F13587BC89FE4882C7C889302511FFD738D136129B9F5BE4C492CB4948A93A89
2988664958 22324 25142 F13587BC89FE4882C7C889302511FFD738D136129B9F5BE4C492CB4948A93A89
2988670870 12624 28260 F13587BC89FE4882C7C889302511FFD738D136129B9F5BE4C492CB4948A93A89
2988673573 45370 5869 F13587BC89FE4882C7C889302511FFD738D136129B9F5BE4C492CB4948A93A89
2988677826 55219 28793 440C074C1456D515AB133C6FAB5DC2631E1DD337F4AC8BB53FF7244B73262926
2988675625 12638 44103 F13587BC89FE4882C7C889302511FFD738D136129B9F5BE4C492CB4948A93A89
2988665598 31426 38384 F13587BC89FE4882C7C889302511FFD738D136129B9F5BE4C492CB4948A93A89
2988664772 44426 34268 F13587BC89FE4882C7C889302511FFD738D136129B9F5BE4C492CB4948A93A89
2988679321 52885 17910 58352BEB7E03835AC80C4187976D78E0D2A819B64C0D2B738AD16D03BEB36A05
2988679473 38200 41462 F13587BC89FE4882C7C889302511FFD738D136129B9F5BE4C492CB4948A93A89
2988674174 26243 54762 DBE0A45E0837B97D71214AB780D8DF825E6ABA522A0C2B3CBD2F73FEE9D210D9
2988680286 17083 31564 1AE1BDAE04D94E68E5C2E994CBB6EE5BCBF2F1952DC141367CCBB0898F28A379
2988670774 45120 59495 F13587BC89FE4882C7C889302511FFD738D136129B9F5BE4C492CB4948A93A89
2988668843 39426 55556 F13587BC89FE4882C7C889302511FFD738D136129B9F5BE4C492CB4948A93A89
2988674408 1318 10015 F13587BC89FE4882C7C889302511FFD738D136129B9F5BE4C492CB4948A93A89
2988670403 31464 1121 F13587BC89FE4882C7C889302511FFD738D136129B9F5BE4C492CB4948A93A89
2988664493 31757 9999 22D9D2431FBF6A390C37EEFD42551DA85FE7DED00F453D8031886DDBFCC1D708
2988677757 7196 42992 F13587BC89FE4882C7C889302511FFD738D136129B9F5BE4C492CB4948A93A89
2988664138 18533 60634 5C28AD13DC1D7706CF974F0F02FFBCCC9BBD406E619C64B0AEA94BE7B87E3EF6
2988667173 15874 53330 F13587BC89FE4882C7C889302511FFD738D136129B9F5BE4C492CB4948A93A89
2988673635 6997 9112 06AE02F7D4D07EA6F76D91268DB4BACA387D6A38228253E224F9A220F7FFCCAC
2988664936 64462 16798 F13587BC89FE4882C7C889302511FFD738D136129B9F5BE4C492CB4948A93A89
2988681431 30500 13245 F13587BC89FE4882C7C889302511FFD738D136129B9F5BE4C492CB4948A93A89
2988670305 51909 3165 F43D21A2FF7B7D58178172CAB7942E58E55F5059B0326B490209249D62182B2C
2988678154 14440 46808 F13587BC89FE4882C7C889302511FFD738D136129B9F5BE4C492CB4948A93A89
2988671967 39219 42608 E90702A572E8F8F8455A2BA2EF6BB64BA9B39B5E508E795706C772D30DA265EF
2988679695 39528 12522 F13587BC89FE4882C7C889302511FFD738D136129B9F5BE4C492CB4948A93A89
2988670971 5289 64536 A5A104A5774E329C328447D256ED101DEB5A261DDE1C937D60C2C5C5FF9E2B24
2988674760 58178 6398 F13587BC89FE4882C7C889302511FFD738D136129B9F5BE4C492CB4948A93A89
2988678302 4466 4059 F13587BC89FE4882C7C889302511FFD738D136129B9F5BE4C492CB4948A93A89
2988676864 43602 4534 F13587BC89FE4882C7C889302511FFD738D136129B9F5BE4C492CB4948A93A89
2988672123 12410 36634 F13587BC89FE4882C7C889302511FFD738D136129B9F5BE4C492CB4948A93A89
2988680943 16150 18901 F13587BC89FE4882C7C889302511FFD738D136129B9F5BE4C492CB4948A93A89
2988665954 59429 45092 76AE08BD604CC0864B9EBF245A7D5757D29423360FFB9AFAC5FEF37304FE10FF
2988675132 47047 40979 31DED3B3AA0E4B60EB5346C2B32C9C989D502B5860C8B49EF8A64D27AB39789A
2988674494 18556 12702 F13587BC89FE4882C7C889302511FFD738D136129B9F5BE4C492CB4948A93A89
2988676996 22259 61168 AE5E3EC533FED51668C85FEEAE35946BF9223E1B26E80E9C72078863AC494FED
2988677204 7203 9854 D87D55FFF446B252D0FFC23F9F74BF5B265E6D7C440EFB3968CC1595B33CDD4D
2988666720 48337 39433 17FB9CD937A22AD630125223E89BE71764EB43B9945DEAE1C35B4FADB116A388
2988670541 14780 17940 F13587BC89FE4882C7C889302511FFD738D136129B9F5BE4C492CB4948A93A89
2988669405 16163 64898 39737A5B6B5B89EE272AA60DEC65708DC5832143C7006C4EEE219F0364D3AFA3
2988669490 19936 30719 F13587BC89FE4882C7C889302511FFD738D136129B9F5BE4C492CB4948A93A89

Total of 0 tasks calculated error.
