Total of 100 tasks calculated correctly, accuracy 100.00% 
207044000 16234 35002 F13587BC89FE4882C7C889302511FFD738D136129B9F5BE4C492CB4948A93A89
207053400 53443 49711 43E410E213970E30A3B85F510179071D8E9CB6C36285853A82CD7F01AF9C38A0
207046961 29295 35730 FCD973BD1A2F5948A7D134EFD4166CCE34637D86B8ED34CCF2AA81CD9E660DE5
207045988 38554 47030 F13587BC89FE4882C7C889302511FFD738D136129B9F5BE4C492CB4948A93A89
207059713 4414 49191 F13587BC89FE4882C7C889302511FFD738D136129B9F5BE4C492CB4948A93A89
207043379 7571 45078 1E665562E46372C9F77EDB02C5A626028013FC473C1D6E809F132D0E326B955A
207048447 30978 39569 F13587BC89FE4882C7C889302511FFD738D136129B9F5BE4C492CB4948A93A89
207049125 63945 45914 9BC1BD85404BA83D34C167E41559195F3A9CFED40B72D7EE0556D8346463104D
207042096 60248 48561 F13587BC89FE4882C7C889302511FFD738D136129B9F5BE4C492CB4948A93A89
207044186 29052 16926 F13587BC89FE4882C7C889302511FFD738D136129B9F5BE4C492CB4948A93A89
207046635 30195 56019 925585970602216F7E7E0216B16437EBDAD9D3EF98CD76D6C3B4C48D71913415
207058360 48977 7917 D452C85DC4F91FD920A69C0836B3C41135D27B3A11AEA1CDD433FFA6E98D8EED
207048056 60279 22847 C289F91671189820025CDCCCFF5E3160AE976486ECAB7F0F03AACBBC693FFF9C
207051567 49438 293 F13587BC89FE4882C7C889302511FFD738D136129B9F5BE4C492CB4948A93A89
207058794 31978 21693 F13587BC89FE4882C7C889302511FFD738D136129B9F5BE4C492CB4948A93A89
207042117 30071 45620 3EFE7A8B2D1D88B40CD029A816A1C9B3F8A67B2D5CA170B19C15338312484C44
207043122 21238 11864 F13587BC89FE4882C7C889302511FFD738D136129B9F5BE4C492CB4948A93A89
207026077 57287 10153 3B7409B4EFB0F3090258F77806A42014E0ACA4BC81DA3B2F0B12117A08E7597D
207042586 62073 45631 36A22FDE0AE75C0EB2B45EB95D023877C38FC5974280ACCDCCE4DADF0208BEE5
207024682 49896 24775 F13587BC89FE4882C7C889302511FFD738D136129B9F5BE4C492CB4948A93A89
207046397 58779 44972 11CEF2FC15ACCE4924BE250994C032524B9A85834DB4A0F4142A2B4D1C0B41E2
207043466 54658 59040 F13587BC89FE4882C7C889302511FFD738D136129B9F5BE4C492CB4948A93A89
207048392 51129 65113 FA68B94DB602F54ADD4A19C0559221D884048F3A1C827B6C4ACE6A68E51B4929
207050122 29716 45447 F13587BC89FE4882C7C889302511FFD738D136129B9F5BE4C492CB4948A93A89
207046429 3496 46803 F13587BC89FE4882C7C889302511FFD738D136129B9F5BE4C492CB4948A93A89
207044063 12775 39409 EBD5215CC504274DE639544244502A2172154B4FF0FD9A4D9442DD67BDD41324
207053821 63111 36777 EAECDFD1C49D155E61D7424506965A3F2613FA7A0DBDEAECA4B24CBF525B1533
207058698 29491 41432 E3DDB7535B91D51088F6DF672769C65DA3F602BF2EAE046770CFF0391A107E88
207047979 50435 64265 09714321DCADBD1AEE2F4906D14AD1D31942DC774150F5E9EA252A26208E17B9
207042083 25314 14237 F13587BC89FE4882C7C889302511FFD738D136129B9F5BE4C492CB4948A93A89
207053274 41472 31637 F13587BC89FE4882C7C889302511FFD738D136129B9F5BE4C492CB4948A93A89
207051866 41319 51631 9BEA25AD711C70B6B6A7CA26EB8C947986111B99BFFD86B93301DDE0A9C7616C
207056982 19204 59832 F13587BC89FE4882C7C889302511FFD738D136129B9F5BE4C492CB4948A93A89
207059536 60648 12958 F13587BC89FE4882C7C889302511FFD738D136129B9F5BE4C492CB4948A93A89
207044262 31553 6952 3C042E079B89122AA9EC63D55A45CFB12D03570797C5CD56FAA2FE6FAE60C0F5
207054932 30966 31310 F13587BC89FE4882C7C889302511FFD738D136129B9F5BE4C492CB4948A93A89
207049905 19562 43811 F13587BC89FE4882C7C889302511FFD738D136129B9F5BE4C492CB4948A93A89
207048536 39128 9749 F13587BC89FE4882C7C889302511FFD738D136129B9F5BE4C492CB4948A93A89
207057346 6254 11255 F13587BC89FE4882C7C889302511FFD738D136129B9F5BE4C492CB4948A93A89
207053390 23223 4405 5FAFBD6B24A24CCEEEE25171EF7362570A6FAFB831324DD63001BAE68FF41011
207056061 56359 11794 D7E32A78BA2813E47C27351FE3B3B58D316B4A7970A49D8F3601A0B08C8C64E7
207044250 15477 56851 1E635BADE7368BF8DAB1CA747CFD0B9356DD790B74188698478BDA9D4A00F4F5
207045529 49665 14246 4C68E32DD747D9C3A7167D94EF3692051B3C119E508AD48A8C71651A2747073D
207050285 12985 55235 79753580298E4B341E9614FDBF34FF1B0CF40F43CC2311C823565A3E4791E507
207054775 2678 15841 F13587BC89FE4882C7C889302511FFD738D136129B9F5BE4C492CB4948A93A89
207044401 63234 49231 F13587BC89FE4882C7C889302511FFD738D136129B9F5BE4C492CB4948A93A89
207045752 53541 8561 194305A82461CFA9791E7886339C916850769732A63BE5AA42E0A7BF54B2CDDB
207053600 42431 48670 FDC17D400BC6654821F407669D2743FF84EABC13DA9F561C3CBE9594D79AC647
207024699 64072 34522 F13587BC89FE4882C7C889302511FFD738D136129B9F5BE4C492CB4948A93A89
207051410 4253 19482 9C13695B9E279AE7B5A480FFD54F9D15A2069E9D1A09747A4AD487D8AE80DD0A
207042497 63865 23793 ACA6E8387919C3B352EBCC30D6E501C27909A901E926BEC9536D573AC48CE2A7
207050109 6565 4217 0F1D24449DD076D9E79951337BCF70298C753B20C436DF997CEEC4218FC51021
207054762 60554 16595 F13587BC89FE4882C7C889302511FFD738D136129B9F5BE4C492CB4948A93A89
207025702 50830 42033 F13587BC89FE4882C7C889302511FFD738D136129B9F5BE4C492CB4948A93A89
207049431 46767 1882 685B4129D069DC5FF7709601A61FA5E12B70E09B109886EF199ADB60E5F31D64
207042109 51561 56133 A9703794EA4EED8643793C04146BB04B25A522812E84BBE846C86C67F9C06BE8
207057160 48757 47131 4F4A3271C99E02F1B165928AD15BDF448E0C2949C6DCA3AC0E7223E7B573D28F
207056109 62101 48439 5BDF7B7B8FE115AC47820B7378C847F48EFBCCE06F8EE0253CFD793CBD351B1D
207025979 9953 50620 82C5744F2501A5B9299247CE8A258964B1E3B1C1A4B3F6B3F3996142A87F50A5
207026061 50689 1192 8C3F34C8C7A6FC0DD82020E452E7E8038BF91EB7F134C3A7151E75E9092880AA
207043691 14839 46031 4E3336CB8012AC153804F0DB30B5ED3FA5AAA76D7FE1D57370AF5A60D823A9D7
207049798 38735 62742 82FCFE467F54083047A1E70C8A79F40A94A49C92FD26FCC5784235E53DCF571F
207051610 10542 28471 F13587BC89FE4882C7C889302511FFD738D136129B9F5BE4C492CB4948A93A89
207026475 60346 23932 F13587BC89FE4882C7C889302511FFD738D136129B9F5BE4C492CB4948A93A89
207049727 59490 52473 F13587BC89FE4882C7C889302511FFD738D136129B9F5BE4C492CB4948A93A89
207057789 27350 18415 F13587BC89FE4882C7C889302511FFD738D136129B9F5BE4C492CB4948A93A89
207055028 62742 6930 F13587BC89FE4882C7C889302511FFD738D136129B9F5BE4C492CB4948A93A89
207049752 51082 55856 F13587BC89FE4882C7C889302511FFD738D136129B9F5BE4C492CB4948A93A89
207043117 8342 60549 F13587BC89FE4882C7C889302511FFD738D136129B9F5BE4C492CB4948A93A89
207044031 47860 64068 F13587BC89FE4882C7C889302511FFD738D136129B9F5BE4C492CB4948A93A89
207059292 16330 50330 F13587BC89FE4882C7C889302511FFD738D136129B9F5BE4C492CB4948A93A89
207046506 44411 23973 6DE1E9CF9309D2D9C0EFE162B5F2DA1AFA6C8120A76C7B81EA7D387EC1583870
207058416 24919 35052 45C055C04EAA9587F8DD921EB8207904547A96A5230E1326CD4FCDFC49999F30
207054624 58478 55964 F13587BC89FE4882C7C889302511FFD738D136129B9F5BE4C492CB4948A93A89
207043581 21773 58242 AC40030AC1805671AC9E1123FF79940068706C499836393BF11D94725471D7B2
207042695 61550 64650 F13587BC89FE4882C7C889302511FFD738D136129B9F5BE4C492CB4948A93A89
207042947 43422 62731 F13587BC89FE4882C7C889302511FFD738D136129B9F5BE4C492CB4948A93A89
207047036 5021 50045 D792A3310EC1A1FE6BE571FD053B7A9CAAADB4324D2FA05C4F923437F4D64D05
207050386 44254 35885 F13587BC89FE4882C7C889302511FFD738D136129B9F5BE4C492CB4948A93A89
207026085 55568 8743 F13587BC89FE4882C7C889302511FFD738D136129B9F5BE4C492CB4948A93A89
207046052 60358 42928 F13587BC89FE4882C7C889302511FFD738D136129B9F5BE4C492CB4948A93A89
207050628 7137 29255 DDA2D52D13F3D995C44A0EF50636E25703131477A9C8240590C3C95779BC2795
207049778 36789 62959 F5C730DEFF074CD38826E081BF87F861BFF4A43A19B7B51779362E5868A598ED
207046180 35267 37681 A897EB4B1457BEDE03DF7D8E5E7039C98C39D1D8CA228CB6EF2A6C205451005E
207043037 23238 45645 F13587BC89FE4882C7C889302511FFD738D136129B9F5BE4C492CB4948A93A89
207046351 53424 18014 F13587BC89FE4882C7C889302511FFD738D136129B9F5BE4C492CB4948A93A89
207047197 32393 63983 79D021E936493F09D2189E18BA932CD295ABC1A9313E3072F19BB81A930A788D
207055011 35796 39586 F13587BC89FE4882C7C889302511FFD738D136129B9F5BE4C492CB4948A93A89
207059305 1770 39705 F13587BC89FE4882C7C889302511FFD738D136129B9F5BE4C492CB4948A93A89
207051012 1950 55094 F13587BC89FE4882C7C889302511FFD738D136129B9F5BE4C492CB4948A93A89
207055573 18848 36177 F13587BC89FE4882C7C889302511FFD738D136129B9F5BE4C492CB4948A93A89
207046473 27013 12202 A7CC16E79422E18D68990103E6AD5AD8D5330D44BF1367F4CE101FF3790C4CC8
207059558 38699 41264 8C9216FED16AFC28DCF95E62C39DB985B5AA79637D8346D35CD15AA21E256C1C
207025478 49049 30319 C06F539FD31EF65EA421CB5C78AEABC96772D9B3D65C18AE2EA7CA916B8B971D
207049487 33144 24693 F13587BC89FE4882C7C889302511FFD738D136129B9F5BE4C492CB4948A93A89
207051026 53422 23633 F13587BC89FE4882C7C889302511FFD738D136129B9F5BE4C492CB4948A93A89
207058648 20191 57509 AA65DFB5B74E33EF590B61A290DABA2D20ADDDA2BBAEDDC2F1BC9A4C1B2E8634
207056820 44556 9013 F13587BC89FE4882C7C889302511FFD738D136129B9F5BE4C492CB4948A93A89
207053030 41780 34373 F13587BC89FE4882C7C889302511FFD738D136129B9F5BE4C492CB4948A93A89
207059366 26176 34948 F13587BC89FE4882C7C889302511FFD738D136129B9F5BE4C492CB4948A93A89

Total of 0 tasks calculated error.
