Total of 100 tasks calculated correctly, accuracy 100.00% 
3095457863 42134 55986 F13587BC89FE4882C7C889302511FFD738D136129B9F5BE4C492CB4948A93A89
3095447055 987 62626 655143E3585BC8B48E782CBE98DFE281B85F88AA1F762831F15FAD5974ECCF88
3095440223 46685 39616 A22529C0E0D7111F1B3EEC2BF0B94F0DDFF4DCE5FA3580DD6802F6EB1BA88B04
3095448512 32582 40342 F13587BC89FE4882C7C889302511FFD738D136129B9F5BE4C492CB4948A93A89
3095453602 52916 16822 F13587BC89FE4882C7C889302511FFD738D136129B9F5BE4C492CB4948A93A89
3095453751 43552 21626 F13587BC89FE4882C7C889302511FFD738D136129B9F5BE4C492CB4948A93A89
3095451657 34333 52424 959A60BA219D93574E1EEB72707341FAC07F8F3F3B55832C13F311D66102E181
3095457590 25277 31449 0782927EC3466FE30CB6D6B832DABAD08BC650474C31380E9B679E6E9405B3FB
3095452015 40561 29001 B2E91313D5208AFD1536DBE60C069F27A8C373C937E36D7DBB1F671438543536
3095452458 12363 21639 629046FB45321288B58D0659BCCA5CC7B684393D4E7070EC2B8B9339AC8065BA
3095448495 2158 13693 F13587BC89FE4882C7C889302511FFD738D136129B9F5BE4C492CB4948A93A89
3095455873 40634 18714 F13587BC89FE4882C7C889302511FFD738D136129B9F5BE4C492CB4948A93A89
3095453501 34871 6162 C9B79BB20D93099B1BEAEE8DC17F1CDE06C54140313DAB8BBF2E38481972D4F3
3095451013 2855 31819 EE0D66970B66FE969F1790D0D139EA9427D2C3A88C142152F31E5E5995CF0A79
3095444516 18035 5352 BDC0A735BB0874C90E998ADF079A5357CB550C04EABDF95547537EDA8B04D6A8
3095441385 61570 41004 F13587BC89FE4882C7C889302511FFD738D136129B9F5BE4C492CB4948A93A89
3095441462 21351 42767 3788A6955D1387D676B3CF1D8C9B4E1459AEFE807B694CF7D745063D334D8155
3095456296 27917 61332 931EE818EF3D2D01A35B5A834753AE30B28ABAE39C35189FC5847FE7BB83AE65
3095447143 12318 37809 F13587BC89FE4882C7C889302511FFD738D136129B9F5BE4C492CB4948A93A89
3095451614 3116 7593 F13587BC89FE4882C7C889302511FFD738D136129B9F5BE4C492CB4948A93A89
3095451835 34642 12081 F13587BC89FE4882C7C889302511FFD738D136129B9F5BE4C492CB4948A93A89
3095459990 37548 16772 F13587BC89FE4882C7C889302511FFD738D136129B9F5BE4C492CB4948A93A89
3095454023 48085 3074 CF53FBBADAAFB5B68EB8BC85C604FACEAE8A3C754E67B93A058F750102FD2AD6
3095458578 28025 22385 8350C4ADFDC714BAE559E4599545C3577148CEE4061F8CF59870099B1D7687AF
3095451593 21554 41347 F13587BC89FE4882C7C889302511FFD738D136129B9F5BE4C492CB4948A93A89
3095459213 51827 62400 2A9F158AF3BB5FB9B043E5C7A3202AD75374D5B6B09DB0A7096AE2E101C9C623
3095451628 54892 8577 F13587BC89FE4882C7C889302511FFD738D136129B9F5BE4C492CB4948A93A89
3095451978 24092 25699 F13587BC89FE4882C7C889302511FFD738D136129B9F5BE4C492CB4948A93A89
3095444329 13341 22803 93CC9F87668BC3265EC3288B45C1BA0716BF83435BE50BC14F9F6058612AB37A
3095459858 55694 61815 F13587BC89FE4882C7C889302511FFD738D136129B9F5BE4C492CB4948A93A89
3095440539 18409 14576 22F970128116FF7A1FBDF1B8D4B9FC9342A08B6FE0498697E3A6708D827B6589
3095447686 38420 59709 F13587BC89FE4882C7C889302511FFD738D136129B9F5BE4C492CB4948A93A89
3095448482 31609 7786 BB7E2CA00F4A395E94723450CC326DE1F3AF03B077EF6DE1AEB353A04096E3FE
3095452802 50616 18218 F13587BC89FE4882C7C889302511FFD738D136129B9F5BE4C492CB4948A93A89
3095451559 32573 33133 325EB5A336BEE96933360F2F86A766EEC31DC64FDE48B5D27F7D9D9FE795204F
3095449666 31511 11866 B0DB66F797070E00FAB9E36D2A71252A3F1C03EBF19D3F9183CD05426953E0CE
3095457465 7142 59813 F13587BC89FE4882C7C889302511FFD738D136129B9F5BE4C492CB4948A93A89
3095457389 35667 30891 1CCB8145E9E387EA07A0186A0ED7460DAB17E70FC0C7BE05C6A69DAD66B15123
3095458986 50387 22199 857319086C84869E3BFE73E0CDCDC5FCD3C292287DDCE96F3B26E09DAD0146BE
3095440009 10394 47389 F13587BC89FE4882C7C889302511FFD738D136129B9F5BE4C492CB4948A93A89
3095457983 58287 62777 65750FD711651E570EB1BC4CF9C7544B2465542CA5028CC8C232C86C4D4F0068
3095458659 2655 49444 83AAE9E388A805299D090D4517E16D622E5F038312ED170CD26F665234778B74
3095459938 43614 48033 F13587BC89FE4882C7C889302511FFD738D136129B9F5BE4C492CB4948A93A89
3095452956 39572 6203 F13587BC89FE4882C7C889302511FFD738D136129B9F5BE4C492CB4948A93A89
3095459583 11096 24444 F13587BC89FE4882C7C889302511FFD738D136129B9F5BE4C492CB4948A93A89
3095453316 21738 25945 F13587BC89FE4882C7C889302511FFD738D136129B9F5BE4C492CB4948A93A89
3095446113 29994 55325 F13587BC89FE4882C7C889302511FFD738D136129B9F5BE4C492CB4948A93A89
3095446700 34958 61220 F13587BC89FE4882C7C889302511FFD738D136129B9F5BE4C492CB4948A93A89
3095453113 21509 11935 7EE5AD326978F9D023E03566275BD1BC9A9F4CF135C8D70D1116912407574C4B
3095453009 59705 24273 1E90F491C69FC16846BFA3F3E69DC720CA4CA7D5D72C09A76B3568BF851E0251
3095447622 6740 19405 F13587BC89FE4882C7C889302511FFD738D136129B9F5BE4C492CB4948A93A89
3095448368 17243 25103 601D6585E620CAF0B7CB8143EC8407115A5A3F8365336DD790A37627A51BCCC2
3095444035 45754 27860 F13587BC89FE4882C7C889302511FFD738D136129B9F5BE4C492CB4948A93A89
3095458669 8209 16162 C0ADBD40533DD49CB9B885E24FE6F8A35BA6522DDCC629523FCC584760FB73BD
3095448406 27691 31757 609F4EC37D906539A0210A1D0C0EE9553ABFD46F7C21100538C0B28C8CAECCD3
3095446827 227 31033 86820BB1F493770451CAFADEFDAC5AC4F03376CA40366793604CDCB284AA92AB
3095458912 15180 1077 F13587BC89FE4882C7C889302511FFD738D136129B9F5BE4C492CB4948A93A89
3095450893 8371 54898 C2FEFB55099FAD9FE3C80358A9019CE1D133006F2238139B2340609017C90ADA
3095451029 44503 47851 5ACA660D6789B051A4C291FDAEFD7E1075753131F8005DCA8B3754C2A1D87614
3095455352 2127 55441 B39F5831920C735329927AAF38F2443E2CE4DA478DE123FF0849BBA84F1FAD88
3095449983 35955 46163 C2D3FB50E2D5CEBF7EFDBB81CB47AC1210297CB26E71895400DB4F4A283D516E
3095450703 52012 58919 F13587BC89FE4882C7C889302511FFD738D136129B9F5BE4C492CB4948A93A89
3095447672 43087 38011 B20391B8FE29C93DF3F3F1EFD157C1775CB40055A0F9155192B66CE878ECF135
3095440371 13204 62832 F13587BC89FE4882C7C889302511FFD738D136129B9F5BE4C492CB4948A93A89
3095447464 45938 19475 F13587BC89FE4882C7C889302511FFD738D136129B9F5BE4C492CB4948A93A89
3095440911 56819 64920 691BF628518E3D2B2066C875F315B00FF9B6C750FCA2E5049C069EE793592D24
3095449194 23960 39307 F13587BC89FE4882C7C889302511FFD738D136129B9F5BE4C492CB4948A93A89
3095441151 57669 20210 1B4D3F018EE88602EF76BCD5C8AA1C572CAF8E68B8DE4E815E14156B01FE9AC3
3095452740 35530 65264 F13587BC89FE4882C7C889302511FFD738D136129B9F5BE4C492CB4948A93A89
3095448384 37105 56175 56576764AB22AA4E596A8DE0EC2D18FB35036619F0D3E6E3876CE1067235B09B
3095455935 14083 38320 BD5775D09DEFEE355C2F61E4230AC6122AE1FCEF8EAAF0D85012451A5F1F1991
3095457718 20850 32803 F13587BC89FE4882C7C889302511FFD738D136129B9F5BE4C492CB4948A93A89
3095456748 57378 51192 F13587BC89FE4882C7C889302511FFD738D136129B9F5BE4C492CB4948A93A89
3095452235 5096 19707 F13587BC89FE4882C7C889302511FFD738D136129B9F5BE4C492CB4948A93A89
3095447451 26960 59858 F13587BC89FE4882C7C889302511FFD738D136129B9F5BE4C492CB4948A93A89
3095456538 53399 56687 92DF1B2203B3DF62F0A3306075147E9217936726D64BE6D25B53A9F6AB7457BA
3095455491 39465 35149 34501EF8F9E1ED6E9148FDA41684B6D7DC53BFDB6B6E1EF6AAB9B733036D3B5B
3095440209 16121 60697 451A006635243D177BE26C258FD718DA01D812CBECFD912188DD964AF426B7EF
3095459428 28238 40554 F13587BC89FE4882C7C889302511FFD738D136129B9F5BE4C492CB4948A93A89
3095444030 1379 2273 8FC811BBF91B1BA2435D2C24D2C5D5CD1E1262762CDA64350FE47F263DEBCD29
3095450036 12482 7245 F13587BC89FE4882C7C889302511FFD738D136129B9F5BE4C492CB4948A93A89
3095459730 5002 49807 F13587BC89FE4882C7C889302511FFD738D136129B9F5BE4C492CB4948A93A89
3095459047 31558 13835 F13587BC89FE4882C7C889302511FFD738D136129B9F5BE4C492CB4948A93A89
3095455123 10385 55900 C8AC75CA7B386AF728330613E510B3DD954E9AF0268E6170786747E435FC6870
3095453070 22547 17286 305DD88C736277FB17E6194D0B5F42AAE89E381862F337F5651EBEEA7344E285
3095446173 35664 31571 F13587BC89FE4882C7C889302511FFD738D136129B9F5BE4C492CB4948A93A89
3095448823 53438 56483 F13587BC89FE4882C7C889302511FFD738D136129B9F5BE4C492CB4948A93A89
3095446493 11740 57861 F13587BC89FE4882C7C889302511FFD738D136129B9F5BE4C492CB4948A93A89
3095450964 62814 62735 F13587BC89FE4882C7C889302511FFD738D136129B9F5BE4C492CB4948A93A89
3095456152 34009 24892 D9A399517835A74C164AC9C172108ECFE4B46C398A417097AF6AC37EB12EC9ED
3095445472 64177 54647 8BCDBF9CB9F2F4D68911484909DB65CE9BEA8C45AA4E03FAA7D0D12668F85975
3095451347 50695 13248 C7901162C348CEFE80FAB98E97466023613F8E519822E0D90BA9FAAB32897DC1
3095456103 56052 652 F13587BC89FE4882C7C889302511FFD738D136129B9F5BE4C492CB4948A93A89
3095459511 49132 54446 F13587BC89FE4882C7C889302511FFD738D136129B9F5BE4C492CB4948A93A89
3095449563 5272 10677 F13587BC89FE4882C7C889302511FFD738D136129B9F5BE4C492CB4948A93A89
3095457764 17072 58383 F13587BC89FE4882C7C889302511FFD738D136129B9F5BE4C492CB4948A93A89
3095444065 16751 56879 9D97BA45B0799F78909DC309AEC0FA14AA8DE221DDA5D139E1238E9C3B1618A5
3095445158 18522 37829 F13587BC89FE4882C7C889302511FFD738D136129B9F5BE4C492CB4948A93A89
3095445041 55563 9674 243FEB610735633800ADD6D0542D17EF629F88301BFD38E4115A9C224EB84B48
3095454988 18888 27491 F13587BC89FE4882C7C889302511FFD738D136129B9F5BE4C492CB4948A93A89

Total of 0 tasks calculated error.
