Total of 100 tasks calculated correctly, accuracy 100.00% 
3309165357 12185 54335 E798ADF7A55C896C6751E432BF136421B9160D4804A1773ED5BAFC3B8DE1D559
3309167342 33803 45982 C71F8F27875C277390D2C769AEA918CE7E21200807ABE93082BE7B0E1189AF4D
3309148556 9823 841 3634BC099CE26FFE1CA18F907D56598FF7DFDBBD8993324939235F02346130CC
3309161717 59022 42882 F13587BC89FE4882C7C889302511FFD738D136129B9F5BE4C492CB4948A93A89
3309153060 4493 48878 6D3C93BC0D26F62266A42E982A1BFFF44574A012D0221A0EFF8EB00E4192D634
3309154295 6414 11969 F13587BC89FE4882C7C889302511FFD738D136129B9F5BE4C492CB4948A93A89
3309152314 48556 41851 F13587BC89FE4882C7C889302511FFD738D136129B9F5BE4C492CB4948A93A89
3309159709 52331 45730 EFA94C35BCD710C1051FAF454793F1675BBFA094E120C3B3FBE857D66EA25590
3309165555 9371 38392 DE4533B6ABF711B4FD254DC3B2EA0E4EDD0EBEEFBC57609F7FF18E36FA538132
3309154164 30296 29611 F13587BC89FE4882C7C889302511FFD738D136129B9F5BE4C492CB4948A93A89
3309158357 21898 40236 F13587BC89FE4882C7C889302511FFD738D136129B9F5BE4C492CB4948A93A89
3309163974 48727 27196 92F867CDF0FAD608CDFA0F6B0249758C3FDCED7915F6641C1706927D8EF6A549
3309161489 50566 41859 F13587BC89FE4882C7C889302511FFD738D136129B9F5BE4C492CB4948A93A89
3309162451 17762 23821 F13587BC89FE4882C7C889302511FFD738D136129B9F5BE4C492CB4948A93A89
3309152195 22984 8276 F13587BC89FE4882C7C889302511FFD738D136129B9F5BE4C492CB4948A93A89
3309154314 27200 33330 F13587BC89FE4882C7C889302511FFD738D136129B9F5BE4C492CB4948A93A89
3309162112 44568 54516 F13587BC89FE4882C7C889302511FFD738D136129B9F5BE4C492CB4948A93A89
3309167951 22600 20104 F13587BC89FE4882C7C889302511FFD738D136129B9F5BE4C492CB4948A93A89
3309157025 2258 30604 F13587BC89FE4882C7C889302511FFD738D136129B9F5BE4C492CB4948A93A89
3309146826 23733 59892 B27D81E566FFF32E7353B12410E04EAAA9304DF6ECCCF7708BE3A7BC479EDF1C
3309148708 41217 29065 6B6F736B24338F468F1789F79E164D23B1F364120A2D078263FBECBEED249400
3309153622 37357 62587 B6C4E1F803A2DF72A3A8F9F9DC4C2F9D5EF26F25AC310C5DFD597E8C52F267EA
3309167962 31061 7339 A6756B48EC2431E641AC44B564DC93851C549CA6947BD246129408B0DAED18D7
3309150131 28746 9329 F13587BC89FE4882C7C889302511FFD738D136129B9F5BE4C492CB4948A93A89
3309150183 11630 1361 F13587BC89FE4882C7C889302511FFD738D136129B9F5BE4C492CB4948A93A89
3309157224 28079 42187 909D4F6F73EDA595939890A9BB5D57577CD74253CE4C7234E2CEFAAA181C69D9
3309165093 9433 1137 248D92BD536D1D9078A5EE9B3EE3ABB8C3981EB67779A59506EDABA844E24092
3309158918 10967 29681 C0BDE5E51DFC3403C4B5D999B980F0D3062C40FFEEF35AF890C1410FC222A987
3309162491 16599 52874 794D752C989C9237D3058A8F698F3D5E8F14E1174C054B6240DCE8B7DB3113DC
3309159189 36329 64179 05133042ABEEE10EC616400C69E1B61FFBB65B70316526C59205B53E16720C5C
3309159784 58569 14254 7B895C04E3B8ACA6C7F4E489E21A40A76791B24C7A0B3C818C21772CA7E10E6D
3309156973 42885 20410 72D0181588365790D704983F0638BE8424CD3A9E284FD1105404D0C4FB978A84
3309151759 25793 2861 17B314A7107BE29D79BF4D77E13F1385BA747B9CAC26C8398B172540559B5525
3309144523 38514 11914 F13587BC89FE4882C7C889302511FFD738D136129B9F5BE4C492CB4948A93A89
3309156715 5966 3137 F13587BC89FE4882C7C889302511FFD738D136129B9F5BE4C492CB4948A93A89
3309153451 15861 41947 205433A9885F48E25825B3A93B480D782877B315226C0998B145A96A2F9C7C4E
3309166327 23656 58809 F13587BC89FE4882C7C889302511FFD738D136129B9F5BE4C492CB4948A93A89
3309148367 7499 51652 B0A1F866B17112C5C3CFDC8B320CE1A2C149DE594A771EEBB735B4620F63BB10
3309159940 36220 62480 F13587BC89FE4882C7C889302511FFD738D136129B9F5BE4C492CB4948A93A89
3309163635 23071 60139 94FE6078D5B96EE7D1CEA78542836A35B945CEB7A23E14A75B6C6600D3B23FFD
3309164391 44869 20765 258923CFFC47B2D34C65029A7A3D4AD0A40C7510FAD356324E799A70BA69A394
3309168153 37048 50917 F13587BC89FE4882C7C889302511FFD738D136129B9F5BE4C492CB4948A93A89
3309162436 64475 64200 ED56F744FBC325B2E51F738ADD7D63900A5048579D7B7D1868767E9D4C9ED30D
3309159436 51496 2623 F13587BC89FE4882C7C889302511FFD738D136129B9F5BE4C492CB4948A93A89
3309166889 60619 61914 6A7F93CFFE45EEBFA8B4CFEE4BA95E5F7CE767D195E915AC6BB4DEBBEFC5A4A7
3309154345 31413 57363 48FA63959A533266E2D52F332CE5D029CF9EF7EAD85D9CDF6A4628B238FFB02D
3309151848 39035 10757 7E940A121568A651FB82A6EE63376EDF035AA03C45738DD9BE52208EC365EECE
3309148060 46846 45082 F13587BC89FE4882C7C889302511FFD738D136129B9F5BE4C492CB4948A93A89
3309157061 48279 59856 4FE3B90F2352C852773FA3482413CE8D3E75C7690D849A5125BE05D470600481
3309154190 41320 63514 F13587BC89FE4882C7C889302511FFD738D136129B9F5BE4C492CB4948A93A89
3309164586 24134 19777 F13587BC89FE4882C7C889302511FFD738D136129B9F5BE4C492CB4948A93A89
3309165602 43142 63268 F13587BC89FE4882C7C889302511FFD738D136129B9F5BE4C492CB4948A93A89
3309156180 56564 39389 F13587BC89FE4882C7C889302511FFD738D136129B9F5BE4C492CB4948A93A89
3309156816 34088 8529 F13587BC89FE4882C7C889302511FFD738D136129B9F5BE4C492CB4948A93A89
3309164497 31692 63165 F13587BC89FE4882C7C889302511FFD738D136129B9F5BE4C492CB4948A93A89
3309167701 47486 26007 F13587BC89FE4882C7C889302511FFD738D136129B9F5BE4C492CB4948A93A89
3309147223 12055 17270 0460337560FE41C0B8A8426983C7A3981D27A7C629F4B524035E7FF5AF5C1AA1
3309155769 41351 47348 40259DEA02C27C8A1C95F4DA36A5338AC82C85E1136709768DAD715A7B0FB556
3309166057 24512 10871 F13587BC89FE4882C7C889302511FFD738D136129B9F5BE4C492CB4948A93A89
3309154947 54181 17011 E9D5E293EC94F0771D0FFC2F540AE23386AE59D5CED482460709777D31C2DA3F
3309148981 45427 40246 504B8EDA7C2717A0FAAD085421BA745F5CF181FBFC4A21CBE6DF99807EF24C8B
3309156073 46182 48595 F13587BC89FE4882C7C889302511FFD738D136129B9F5BE4C492CB4948A93A89
3309159758 18000 44861 F13587BC89FE4882C7C889302511FFD738D136129B9F5BE4C492CB4948A93A89
3309161534 55792 872 F13587BC89FE4882C7C889302511FFD738D136129B9F5BE4C492CB4948A93A89
3309144918 18379 7683 EBAAD522B9F1587161700DBEA6205314BCD383BA8F112AF1EC0A87136292B211
3309166326 58090 45536 F13587BC89FE4882C7C889302511FFD738D136129B9F5BE4C492CB4948A93A89
3309156383 63736 63225 F13587BC89FE4882C7C889302511FFD738D136129B9F5BE4C492CB4948A93A89
3309164401 7027 48766 22852F16539CCDEB71D707556B78388410420F0E7504D4E48472E5F6182A46CA
3309156833 58954 55661 F13587BC89FE4882C7C889302511FFD738D136129B9F5BE4C492CB4948A93A89
3309156755 14325 15525 A9BFBD400D04309EC300455786A85AF44D969A1ED1AD34D393DD37C7063F82EB
3309146916 59758 56717 F13587BC89FE4882C7C889302511FFD738D136129B9F5BE4C492CB4948A93A89
3309149664 1529 38242 7870A3FBDAE0F78AA5CBBE9232B4C338AF4391E5E341FFD9353159589D3DCB00
3309156572 60853 1911 ED2539D271D9922ABFF80DAEFDB367D799B76742C663E2F9B84D1609FECC21C7
3309151736 27858 7655 F13587BC89FE4882C7C889302511FFD738D136129B9F5BE4C492CB4948A93A89
3309145395 33639 59273 00629724A8E40D44BA7334BF8C67AB3C79884DF83D932AF9F28CA7A83181A278
3309151356 41846 48210 F13587BC89FE4882C7C889302511FFD738D136129B9F5BE4C492CB4948A93A89
3309155276 47141 47570 932F22EC803CB8B67814061E6DCB3B9D461D3ECB6F73FBBC85BF04379F9E4594
3309163533 51439 31959 2F7FB55502F64722C291030CE122CBDC41043400845667841CFAB1D84FE83ABC
3309147054 43325 34134 153E0C4DDED64BDF7619E0511C5158C30D4A6038FBC192F8082569B100A7A6B3
3309155858 3099 51221 EC31F621E684837ED2E638790DCE09EACC28BCF8D3BFC51D6AB716DCA589098C
3309160017 10684 10425 F13587BC89FE4882C7C889302511FFD738D136129B9F5BE4C492CB4948A93A89
3309144210 1504 64480 F13587BC89FE4882C7C889302511FFD738D136129B9F5BE4C492CB4948A93A89
3309168264 47740 53725 F13587BC89FE4882C7C889302511FFD738D136129B9F5BE4C492CB4948A93A89
3309156601 46207 40002 11B8FCE34C6B53033704092119912336AA41D277C97572D98646E18F71BB17EB
3309156664 14139 23535 3C455C8B73090377F804A6F944F34221E9ADC52EB5F7C4A54B0B40E7F2817274
3309164752 56845 51338 BE0D7AB342F25959DCAEED3A628FB983AA1DA73E5C324B58264094EB38D93F2A
3309145559 20990 24557 F13587BC89FE4882C7C889302511FFD738D136129B9F5BE4C492CB4948A93A89
3309148913 64244 63550 F13587BC89FE4882C7C889302511FFD738D136129B9F5BE4C492CB4948A93A89
3309150238 37934 47018 F13587BC89FE4882C7C889302511FFD738D136129B9F5BE4C492CB4948A93A89
3309156288 51325 5448 622B6FDE649902F535860411568176612B3C4F7F05A15CA33FB13F8F06B7A283
3309162307 7790 3082 F13587BC89FE4882C7C889302511FFD738D136129B9F5BE4C492CB4948A93A89
3309159718 64887 33803 3CA6245BED09C6DCA64DF096D1CE1B49506B551FB7379997087F4F5737EDCBCB
3309168667 52721 12543 B763D1A3DC42CABF3C35C3107AC15602C076DB384E28E107C3D07295BBF813DA
3309157595 17931 24630 BA4D1696655630927B4FE936EC74C0F0C9F7E6C1D69A0D505E86A1A7C0A78616
3309151425 20394 53467 F13587BC89FE4882C7C889302511FFD738D136129B9F5BE4C492CB4948A93A89
3309161898 54913 34987 3B3CA5ADFD0F69D09BC26368C6A33E8EFFDB3884F27DA9892165787AA1211F58
3309145561 36380 19232 F13587BC89FE4882C7C889302511FFD738D136129B9F5BE4C492CB4948A93A89
3309168188 1717 27122 CE07E4D69C0D0DCB36E4290E5A46F29966406E6165E9B7E5A3D1A000DA4A9FD5
3309153310 51331 26698 6B46B7399F3B9C552469BCA5BB0C0342CC1388476F934C58D91D8A9E59CD9220
3309157854 32429 50925 C27D9CD2394E0CB04721A18EA21C36E7531E3E8683B235DA87F0B3FCBF6A82F0

Total of 0 tasks calculated error.
