Total of 100 tasks calculated correctly, accuracy 100.00% 
3415930465 36032 4940 F13587BC89FE4882C7C889302511FFD738D136129B9F5BE4C492CB4948A93A89
3415926766 51401 58342 569E4BC1DD5886E2963DB4DB3FD5880B3A2D62F471CA496255F90B6F95EFD237
3415940910 30011 60107 619C6025F5E2EE2C1A9E513F23CD655D190999721E652CCCD94CCB8BDB769977
3415937875 21589 9485 13347597F91158F45A5A15514C957D0BED0321EBF1C47EC254D143F51C38B0AC
3415928822 15786 59609 F13587BC89FE4882C7C889302511FFD738D136129B9F5BE4C492CB4948A93A89
3415932515 41954 36761 F13587BC89FE4882C7C889302511FFD738D136129B9F5BE4C492CB4948A93A89
3415937156 50440 13645 F13587BC89FE4882C7C889302511FFD738D136129B9F5BE4C492CB4948A93A89
3415940949 47861 13530 93B42BBC25BE32A435E7B184942B60E4CC5F560DF02C026353689F8D578940CC
3415930895 5775 2928 2625567430D61FF50ED9D7A2F2F06D2306BC53C6CE52F36ABD554DACCEAAF423
3415933960 57802 44767 F13587BC89FE4882C7C889302511FFD738D136129B9F5BE4C492CB4948A93A89
3415940311 42316 24129 F13587BC89FE4882C7C889302511FFD738D136129B9F5BE4C492CB4948A93A89
3415932890 13340 56834 F13587BC89FE4882C7C889302511FFD738D136129B9F5BE4C492CB4948A93A89
3415937381 63991 38220 6447BC8B52BF70F678082F41027C1C5C36EDD5D227C6318441B73034BF74B857
3415930244 21000 26589 F13587BC89FE4882C7C889302511FFD738D136129B9F5BE4C492CB4948A93A89
3415938688 2272 52693 F13587BC89FE4882C7C889302511FFD738D136129B9F5BE4C492CB4948A93A89
3415931230 46336 37653 F13587BC89FE4882C7C889302511FFD738D136129B9F5BE4C492CB4948A93A89
3415937383 53469 37011 FC262BFE0B80A3CB7F923628204DC4E467A4F595C06E093D7D85FEBCBFF7E6AE
3415928339 20089 32467 C93BAD94E2F9E439B42926575190B9D77C76AA24A0147FA29400B6C431A90BEF
3415946581 8050 38969 F13587BC89FE4882C7C889302511FFD738D136129B9F5BE4C492CB4948A93A89
3415938321 53015 25354 3526FBD458E9269210845E6502CC09E1EF9D120BDCCAD98F83B04AC638EBA2E8
3415935986 55794 39314 F13587BC89FE4882C7C889302511FFD738D136129B9F5BE4C492CB4948A93A89
3415937741 14404 42591 F13587BC89FE4882C7C889302511FFD738D136129B9F5BE4C492CB4948A93A89
3415927683 13886 56910 F13587BC89FE4882C7C889302511FFD738D136129B9F5BE4C492CB4948A93A89
3415946837 14892 58875 F13587BC89FE4882C7C889302511FFD738D136129B9F5BE4C492CB4948A93A89
3415927785 15883 55469 E25C83922D49E82900748BEA118F3E9A7B1A93D7B7BBCCEDE85489A61B3B2263
3415942485 53705 21825 84F912C14574DE0C6DF02B9E6013E3E17BC6E472EA5E48B3A327E9945BD2988D
3415938178 62275 24915 56B0746F637FC98F86312B0CF5A831D796C8E93A844D3D4091C9FD25F83D44E8
3415944515 35276 10637 F13587BC89FE4882C7C889302511FFD738D136129B9F5BE4C492CB4948A93A89
3415936457 51475 53049 8B1C58A23E2A199A93441B8134167E627051FECA71D5DCCC25BE383AD8D458EA
3415942546 52021 38548 4CE875437306ABC28232F59615234ECDEFD4E7CA10D25B17EC3081AD1BDE80B2
3415933922 55945 64799 52F0BB93971DA59D5CA3F526031E53A38B3F81DBF4B981E2D834BD00247CE02D
3415930871 49607 59433 DCAA6A4E710012AF8FB0F6F0525ED06E3B85F4FCE9C331A1451A2B20B9A6C281
3415937398 4926 40147 F13587BC89FE4882C7C889302511FFD738D136129B9F5BE4C492CB4948A93A89
3415934945 25398 64245 F13587BC89FE4882C7C889302511FFD738D136129B9F5BE4C492CB4948A93A89
3415935528 48483 4157 5CD6BF2945043E3E3A59308BCABA8E14708C23854587D106F96230F12BD7BCB9
3415941950 54667 53317 2DE7C6D53955C7A6CF4C1F01D4C38ABDBC26DDC862EA17DD20D6D412858E3F9E
3415936608 7861 55266 886F50DC9822C1A543D9A8F77799AC6A22C333E94526BC12B43948CA9C8BF070
3415934862 61284 55378 F13587BC89FE4882C7C889302511FFD738D136129B9F5BE4C492CB4948A93A89
3415927335 4931 44705 7719356F6777602B480F00898F78496509D80F4662C69789433A71B7C1B01A17
3415926293 3507 64974 04EE457263A8A43499B1DF4986272B70760728C0859E31157F7F43465879B121
3415943845 16066 18367 F13587BC89FE4882C7C889302511FFD738D136129B9F5BE4C492CB4948A93A89
3415934100 33786 26860 F13587BC89FE4882C7C889302511FFD738D136129B9F5BE4C492CB4948A93A89
3415932580 32034 25514 F13587BC89FE4882C7C889302511FFD738D136129B9F5BE4C492CB4948A93A89
3415925831 17772 43458 F13587BC89FE4882C7C889302511FFD738D136129B9F5BE4C492CB4948A93A89
3415935789 38750 37180 F13587BC89FE4882C7C889302511FFD738D136129B9F5BE4C492CB4948A93A89
3415931742 24342 23672 F13587BC89FE4882C7C889302511FFD738D136129B9F5BE4C492CB4948A93A89
3415943193 33423 45406 1D104ABA3D695E182D0B5F331996C13CD69DEDB9A50912CD45B1962C1CE9660B
3415944534 21052 47983 F13587BC89FE4882C7C889302511FFD738D136129B9F5BE4C492CB4948A93A89
3415928316 26233 40510 62312AC35C60B86AD75ACB713BD985EFB7A290E230C0F29A91467BD4D917C070
3415935141 33760 34752 F13587BC89FE4882C7C889302511FFD738D136129B9F5BE4C492CB4948A93A89
3415926814 18501 51635 324C1AF94D3733041220422D402781EE3608CD63C92C4809AAFCD42FA38C26FA
3415943093 61774 31672 F13587BC89FE4882C7C889302511FFD738D136129B9F5BE4C492CB4948A93A89
3415931860 46851 57490 2B0E374665687E059203207DEC7F76F4417AB7D2B0680987D9074EC25A1EB23A
3415942865 60861 8643 7A997AEBE1D5F851A5C55708F5E379D1C489A0E2BEF4B1F4437257D1AAD7BFA3
3415928266 53174 55665 F13587BC89FE4882C7C889302511FFD738D136129B9F5BE4C492CB4948A93A89
3415940147 16671 41011 1D6733351E60392B681CA21F2779EDE00B85EFB67A809891E3A7AE0A6E067793
3415935798 28865 29313 4C3AC8ECA937A2B7EB8E33E85F53D1B7D57030285DACE09290A7B6426D97288B
3415926955 6269 34387 F2176BB016C23EFE2FBBF6E2CCF35599DF9824865AA908B10F34C4EA382945D6
3415941633 4404 40898 F13587BC89FE4882C7C889302511FFD738D136129B9F5BE4C492CB4948A93A89
3415932086 34633 16634 EA6CBECC1F769CB7483E2020C0093818FECCAB0752C9F4F3533FC6298AEBE2EC
3415929495 63960 17458 F13587BC89FE4882C7C889302511FFD738D136129B9F5BE4C492CB4948A93A89
3415945599 8836 25714 F13587BC89FE4882C7C889302511FFD738D136129B9F5BE4C492CB4948A93A89
3415925233 5229 11097 BD351546817AF3931B1DD0882D10E18A0669D6A49024125CED7EEFB389BF91D7
3415926129 7777 61720 229CBF3C8177E0282B21537BBD63369FB9142F796EEBBDB8A1A682518E4410FE
3415932571 48993 53625 FC8103755E7B0A952113BB95AE609FE03BE860E08C6983E97ADA20A8C34698DC
3415939187 12705 61133 2CCDA357BAB1C479800D4DAFE6E049C534DCB28E5F587BF50C95ACCAB8B6A923
3415926394 17020 36525 F13587BC89FE4882C7C889302511FFD738D136129B9F5BE4C492CB4948A93A89
3415945906 34189 46449 0E7C74235FC15E1D69BD3C542B5C90DAAA52C17DDB0A6882B40E54A94248C6F0
3415946138 49063 427 2530C5556D523BACF54CF21DC325B0B4EF0BB041B9103F1F0C2491831A0F8125
3415946728 52204 37207 F13587BC89FE4882C7C889302511FFD738D136129B9F5BE4C492CB4948A93A89
3415924596 27150 58332 F13587BC89FE4882C7C889302511FFD738D136129B9F5BE4C492CB4948A93A89
3415928487 14590 56196 F13587BC89FE4882C7C889302511FFD738D136129B9F5BE4C492CB4948A93A89
3415934444 13025 4675 081DFBEF526B41CCEB009D20E466D3A0EB5A1D2B239DBB73A314190F38E86399
3415938947 46238 26181 F13587BC89FE4882C7C889302511FFD738D136129B9F5BE4C492CB4948A93A89
3415941158 33703 14869 45A3CFFE6FDB10CC6D00B9F6BE2464C49653C1E3B086E5B625859357EB1CF788
3415942326 48484 21098 F13587BC89FE4882C7C889302511FFD738D136129B9F5BE4C492CB4948A93A89
3415940278 40525 23708 E87F755B7E956784D0C970560D63CA9D3F903C6DACC5ED86F155852A63C69DD2
3415945205 65314 11838 F13587BC89FE4882C7C889302511FFD738D136129B9F5BE4C492CB4948A93A89
3415928724 35746 55521 F13587BC89FE4882C7C889302511FFD738D136129B9F5BE4C492CB4948A93A89
3415941849 12715 54958 F0A832BD64D921CCEB29FA6D63EBDC39594D51966F9797676E3A901D763B325D
3415944730 1531 26683 69C6C04E13251EC00F9275595C66606EC339632F17A58AE42CA4519C35EE25E3
3415932655 58018 58493 F13587BC89FE4882C7C889302511FFD738D136129B9F5BE4C492CB4948A93A89
3415943156 29704 19953 F13587BC89FE4882C7C889302511FFD738D136129B9F5BE4C492CB4948A93A89
3415929619 31194 42636 F13587BC89FE4882C7C889302511FFD738D136129B9F5BE4C492CB4948A93A89
3415929316 8474 39317 F13587BC89FE4882C7C889302511FFD738D136129B9F5BE4C492CB4948A93A89
3415928735 22659 34007 C9A6A92CB05104BB5C8D9E2C7C5512ADA9C7D08932CEFA9C2392987C9D7737A2
3415933859 47268 14804 F13587BC89FE4882C7C889302511FFD738D136129B9F5BE4C492CB4948A93A89
3415935233 11133 24881 6754B63F9A4A4B106306CCB71E9CEF6FAAA866E08F34C7D87051DF7B8EAEF905
3415931810 20781 39422 FC64A6EA546772AC1F13239BE77F03FE250ABF9A7F786E45FEC055031096FCD5
3415945316 10214 42302 F13587BC89FE4882C7C889302511FFD738D136129B9F5BE4C492CB4948A93A89
3415941762 53185 34987 742A2A6385F532DEC802DE4D3E41481D1165F10119CB46733232114D772A9E37
3415940413 29175 22903 1CB035B34B31B2EEBEEEBF7EF8DE5894F6EA4D784D60CFC31928F8A7D1A11F36
3415925221 22505 51799 45358BE013BB7F8F0B61A47A9A29F3E11C85B8EA452AB5F378E7AE119A7FC2A1
3415924994 37862 13042 F13587BC89FE4882C7C889302511FFD738D136129B9F5BE4C492CB4948A93A89
3415928334 21548 43403 F13587BC89FE4882C7C889302511FFD738D136129B9F5BE4C492CB4948A93A89
3415941861 63079 16516 A187297567E8CD68EE97EFA1C18BDF3C2A04F5F7FCBD9A0B9B2F1BC5C45C292E
3415945002 30858 55622 F13587BC89FE4882C7C889302511FFD738D136129B9F5BE4C492CB4948A93A89
3415938654 64647 32402 BD26522843DBCD79A17E3BAB25F8E7BA264A5EE86E159B1A02B02CF3C1AFBD6A
3415933113 6399 48330 9D726C55CB062277023B042747CDF5B9859E4A1CB8BB6A5703EC14CD995783E3
3415933365 16747 38124 49DF22C137BD63480CD45F6CF9DE983BD26BF0AE0FCA9F1B7274BA6F59B611A9

Total of 0 tasks calculated error.
