Total of 100 tasks calculated correctly, accuracy 100.00% 
3950221086 22344 33048 F13587BC89FE4882C7C889302511FFD738D136129B9F5BE4C492CB4948A93A89
3950240422 39621 3569 4C034A252CA75C280AF18DA08C9219F8BEF41B422174C68CEC26203F859D1175
3950224849 45165 34004 58DE0F1EDA04948A18592252120FA521091DB29B007FD9E26753961EA23EBC97
3950226594 14383 16334 FC60F041486CE6CF295DD60B16E62D281C22F022C0EC8C7C892302889103F1AA
3950225546 21345 23025 430BB6FBB6A140190AA3C9E17CF700D33C9A425080121E2646F933E202F87188
3950245430 44687 31238 4092BA465017DFC09DE358D31797759F34F16AA2B28D2B4B67C6BE8AE4DFCAA6
3950245282 60548 5954 F13587BC89FE4882C7C889302511FFD738D136129B9F5BE4C492CB4948A93A89
3950223065 65216 21052 F13587BC89FE4882C7C889302511FFD738D136129B9F5BE4C492CB4948A93A89
3950239431 19892 1878 F13587BC89FE4882C7C889302511FFD738D136129B9F5BE4C492CB4948A93A89
3950239451 60862 13200 F13587BC89FE4882C7C889302511FFD738D136129B9F5BE4C492CB4948A93A89
3950239875 8390 47304 F13587BC89FE4882C7C889302511FFD738D136129B9F5BE4C492CB4948A93A89
3950229351 48695 21410 BBC9812846E07606854F12B540673D125451EC4857B3EA91DAA389D208833AD8
3950227751 62384 26527 F13587BC89FE4882C7C889302511FFD738D136129B9F5BE4C492CB4948A93A89
3950236018 47376 44042 F13587BC89FE4882C7C889302511FFD738D136129B9F5BE4C492CB4948A93A89
3950224025 20415 30463 D2602B01BAEC96C6987410643B2B2C56F59F89E1E6180F915004094FA1D3607C
3950237728 56303 64755 0A8E1A3706223CEE77651A40C4503426A626B80F5A9770B97F050D165D61038A
3950242519 43682 30244 F13587BC89FE4882C7C889302511FFD738D136129B9F5BE4C492CB4948A93A89
3950236428 11900 9824 F13587BC89FE4882C7C889302511FFD738D136129B9F5BE4C492CB4948A93A89
3950244492 15261 40825 8B5AF45F5253AA81D8EA086EF227428A2A58E5DB7DC94CF2E8CDA5A75B395344
3950221962 59991 24472 81F7336DDCEE53E6C4B288208DBE769960257A71F7626647279C64C1D977E8B8
3950222197 20565 19603 8217439E9D618C2DAE9588522FA7FDFC6FC8D56F2C95169627C4C56BE8B18BFD
3950223596 58968 25151 F13587BC89FE4882C7C889302511FFD738D136129B9F5BE4C492CB4948A93A89
3950238806 39830 34161 F13587BC89FE4882C7C889302511FFD738D136129B9F5BE4C492CB4948A93A89
3950220444 41724 62821 F13587BC89FE4882C7C889302511FFD738D136129B9F5BE4C492CB4948A93A89
3950243808 35725 3855 55F813E987919F7AE44EB6C3C6FDF16F628BE88F55FAEC9367A6D8E4E7D758C9
3950229559 33626 36 4996D410BA6AFCBE7F11B92DE0EAF661EB8044B5B0DD2DE492A3D4CE4B3035CF
3950244411 6535 3983 D03A0656DE6281E194A3D0C5A179E6B44BC21EF70A834A1A91F49DBA2CCD5435
3950240052 27625 28153 DFFBE1905DAB52B13C7BCFB7204A4BEE6B3C09033C1DAC6BCD44D0A6E1849BF7
3950237246 11627 25603 42298C4271E98240754C9F4296EB744CB0D47630AC034251D3EF17D090052D79
3950225112 8306 41334 F13587BC89FE4882C7C889302511FFD738D136129B9F5BE4C492CB4948A93A89
3950227868 54508 17537 F13587BC89FE4882C7C889302511FFD738D136129B9F5BE4C492CB4948A93A89
3950223716 7061 23125 2A6B00F1B2439456F339FF151862C26E512681034145F88107C79BDC8E6B914E
3950241138 29054 43370 F13587BC89FE4882C7C889302511FFD738D136129B9F5BE4C492CB4948A93A89
3950230130 9782 53497 F13587BC89FE4882C7C889302511FFD738D136129B9F5BE4C492CB4948A93A89
3950228430 56401 61139 3C419012774D25C1BF72F1737A58700FD9EEB8C2652539CBBE6D83ACCFC0881E
3950238665 58639 20489 04DB2A7D3D1DDF980EC7B153958EFFAD28F0FAF2DC7E75D4023BDF286170AF67
3950229120 48605 2150 92DA04EC42865A9565C17006DC86F1A40DF26DD5A8D1306565972D92FC79C31B
3950241948 4296 20919 F13587BC89FE4882C7C889302511FFD738D136129B9F5BE4C492CB4948A93A89
3950223203 60024 22175 F13587BC89FE4882C7C889302511FFD738D136129B9F5BE4C492CB4948A93A89
3950231547 61549 39039 55ED1F1D0DC3E0CB810CEA42D275F1B6B8DCABA2285B13504C5FB11B8E8E78ED
3950244656 26781 11363 F8F831EE3E8F5C937022F990510958F72ECF88E368B7087B1D452F183F11B866
3950220215 4568 3296 F13587BC89FE4882C7C889302511FFD738D136129B9F5BE4C492CB4948A93A89
3950241593 18524 46018 F13587BC89FE4882C7C889302511FFD738D136129B9F5BE4C492CB4948A93A89
3950236927 56051 7645 5F0CB85867F02547F7CB9F47D0B32436FF93317964A544737A026F130D7CDD95
3950246281 48462 39548 F13587BC89FE4882C7C889302511FFD738D136129B9F5BE4C492CB4948A93A89
3950243191 44965 39482 8F7CC1834360FE77CEEBF14B0EA6F71D619D7443CEAE4FC87517FBCFA47E3EA4
3950222335 30102 44256 F13587BC89FE4882C7C889302511FFD738D136129B9F5BE4C492CB4948A93A89
3950228890 426 28330 F13587BC89FE4882C7C889302511FFD738D136129B9F5BE4C492CB4948A93A89
3950240706 58892 8684 F13587BC89FE4882C7C889302511FFD738D136129B9F5BE4C492CB4948A93A89
3950225538 60255 13487 7AE287AFC1CA8791869ED8B8C77985A2A611F8B57D3AB3639D316E80971B733D
3950226079 40649 62015 EE0BD1C67C2337BD6A351ADEAB91C6813A714FFC5E923132492ABAF27AEFC2B5
3950244824 63816 46458 F13587BC89FE4882C7C889302511FFD738D136129B9F5BE4C492CB4948A93A89
3950221337 8109 63371 0F87A3E7F8C552CBC7F28B6933216DDDA9817C134BCBE54C6654AD2B8B0EBCA0
3950245302 27800 38121 F13587BC89FE4882C7C889302511FFD738D136129B9F5BE4C492CB4948A93A89
3950222939 46399 47055 50BB99956E1DCC170B11559981B45F7E5CC721403AE2A5783285013E172D178B
3950237249 45619 48141 9BDF030BBDB00FA89D89E47D2E220FED4DF9EAE98A4A693FE9BC182DAFE920FA
3950230231 37336 38774 F13587BC89FE4882C7C889302511FFD738D136129B9F5BE4C492CB4948A93A89
3950245207 34888 16391 F13587BC89FE4882C7C889302511FFD738D136129B9F5BE4C492CB4948A93A89
3950237042 48901 7834 B6A29F1507892F907C38C2B793D609CBD3717A3B480514A4A005A7860ED8FBC5
3950237094 23075 59490 48B3DEE9974C4C4240C5687675F4BBB4BB42CB2F5CB75B0F9CE1B659A325F1DD
3950222852 40562 61391 F13587BC89FE4882C7C889302511FFD738D136129B9F5BE4C492CB4948A93A89
3950221606 9015 54542 EE57808C50FCCB4C25B5825A7AEE140E18C31896C9889BDFF38CD7D8FD340774
3950220462 21912 19887 F13587BC89FE4882C7C889302511FFD738D136129B9F5BE4C492CB4948A93A89
3950222579 57875 57158 FA609C3FC5598E8BD4FB17523EBBF7EE35CF1CDF545C737B9A8B6C77C40961A7
3950226212 27853 7455 26144D391E65E1CAA04E828B212A39B1111269E7D9D372A12FB90513B6863C04
3950224912 57684 2688 F13587BC89FE4882C7C889302511FFD738D136129B9F5BE4C492CB4948A93A89
3950236946 47986 59209 F13587BC89FE4882C7C889302511FFD738D136129B9F5BE4C492CB4948A93A89
3950244672 41317 30592 7BF150643902FFC8A801A011C7BB0B33DF22B0E4482A3F751C323E2A965F41E6
3950223020 5316 42255 F13587BC89FE4882C7C889302511FFD738D136129B9F5BE4C492CB4948A93A89
3950221311 3949 37344 92FEB37763CA08D64502E149D5417EBE38457566861BEDB71DAF089FFACBF4CC
3950231043 62882 32202 F13587BC89FE4882C7C889302511FFD738D136129B9F5BE4C492CB4948A93A89
3950225528 19429 16468 EFBF849C0CC090C3FBE1C014ACBA8450294F9B174BD29A6C438E05E564F4B205
3950239487 3654 62406 F13587BC89FE4882C7C889302511FFD738D136129B9F5BE4C492CB4948A93A89
3950240180 28468 725 F13587BC89FE4882C7C889302511FFD738D136129B9F5BE4C492CB4948A93A89
3950220146 54552 27365 F13587BC89FE4882C7C889302511FFD738D136129B9F5BE4C492CB4948A93A89
3950225596 14334 14916 F13587BC89FE4882C7C889302511FFD738D136129B9F5BE4C492CB4948A93A89
3950220120 40642 49085 F13587BC89FE4882C7C889302511FFD738D136129B9F5BE4C492CB4948A93A89
3950228093 56631 62088 38F6CE23ECC9F633377F81B2E52C7969DFB2E62FFE7ABA1C4383A1C1CA05EB27
3950220994 31710 46108 F13587BC89FE4882C7C889302511FFD738D136129B9F5BE4C492CB4948A93A89
3950236497 24197 35878 1F3F672FE52399F7C0ECB0415700EA71409A4EDA3CFA2F44E1965CD321B50636
3950242489 24209 18572 4B285BBF015BE83E52880C8214F2BE72D2D9ECF473F9A30129BCA0875D9898AF
3950227933 32381 3041 4460F24A9062B8E3FD2009F469AFBBFE0FCA1F7C4A65F3C8AA6E26E27206D92F
3950230207 22626 65033 F13587BC89FE4882C7C889302511FFD738D136129B9F5BE4C492CB4948A93A89
3950243315 7757 51170 BED8B5BA0BF252D6DDA165841051EE49FECEF323C468B1F43EF49547A7E53FFA
3950238365 62939 34012 C548B36507107B1FEDBA06EBD3C134A4C51F31774D4438337B38688220DB89DE
3950241182 59981 3317 D9E0434E260135F011BE0080817B790116CE143B0CA0DFC1E4FBBDE2429A1017
3950245570 50316 31899 F13587BC89FE4882C7C889302511FFD738D136129B9F5BE4C492CB4948A93A89
3950240844 55927 25512 155B68B88E3D68934C89A5781DB5376EEA599A16A2180F27D69C17FD367D73E6
3950228318 2205 60335 5CF6B0C481D38708651179DCAA32F1923F980AEAC4A39252AE039AE77D836675
3950229761 56782 19895 F13587BC89FE4882C7C889302511FFD738D136129B9F5BE4C492CB4948A93A89
3950236276 52847 53134 DF321BD08070634BCB777D1D854589072531846976D3A3E7AC58368888B20EA6
3950224734 58753 49772 CB32DF39A1D8A11536F7EFFC0C00FF26CE9E264FBB8D9D72921C2D8AFFD6FF5D
3950221903 52846 6983 F13587BC89FE4882C7C889302511FFD738D136129B9F5BE4C492CB4948A93A89
3950220219 9366 55113 F13587BC89FE4882C7C889302511FFD738D136129B9F5BE4C492CB4948A93A89
3950227314 59718 57387 F13587BC89FE4882C7C889302511FFD738D136129B9F5BE4C492CB4948A93A89
3950237353 52737 60384 6A9B477715961662F9396CB56D7ECEFA69241CF8851F30A2ED8AD9BC91C1D72D
3950223909 64565 47006 490826D8B837C96D46C2180248023EF69CC71FDF5747BEBECD1E9C6949FD5F03
3950224581 41707 32871 40F89697C1F11AFDC3AB1342A86F616ABAE2343A85124149924F734CCD0186D8
3950220139 4928 1085 F13587BC89FE4882C7C889302511FFD738D136129B9F5BE4C492CB4948A93A89
3950239051 11746 25328 F13587BC89FE4882C7C889302511FFD738D136129B9F5BE4C492CB4948A93A89

Total of 0 tasks calculated error.
