Total of 100 tasks calculated correctly, accuracy 100.00% 
4165052586 19586 50430 F13587BC89FE4882C7C889302511FFD738D136129B9F5BE4C492CB4948A93A89
4165055285 34887 52226 266C7C0E8079067B03615A5033A6BF348518979E71F826342D82C829AEA403D2
4165050713 1832 33604 F13587BC89FE4882C7C889302511FFD738D136129B9F5BE4C492CB4948A93A89
4165050897 30516 47977 F13587BC89FE4882C7C889302511FFD738D136129B9F5BE4C492CB4948A93A89
4165030962 53211 38755 29F1CD3EDB47EEFA8CDF8D31BED9D1DF8929F32C0E063DDD7AB66CF3D08A51FC
4165045887 5126 60731 F13587BC89FE4882C7C889302511FFD738D136129B9F5BE4C492CB4948A93A89
4165046822 39102 38432 F13587BC89FE4882C7C889302511FFD738D136129B9F5BE4C492CB4948A93A89
4165046557 63443 19212 FF02A46D2FE8E2ACD862571109CD2AF7F046EA1333A14C100D52D1D60F0F0C8D
4165046530 49714 3837 F13587BC89FE4882C7C889302511FFD738D136129B9F5BE4C492CB4948A93A89
4165047310 62023 7249 D61BA7334545E9FAFC092C1800F74AE727E8906F09E3F025B8EEAC34D7D2A7ED
4165055989 7639 45181 13C7E32409499D88B399FA9DAC0EFB5E221FD3DDAE4D89BEB5D9F5C1D960036B
4165061619 21632 48822 F13587BC89FE4882C7C889302511FFD738D136129B9F5BE4C492CB4948A93A89
4165052980 13418 34936 F13587BC89FE4882C7C889302511FFD738D136129B9F5BE4C492CB4948A93A89
4165029708 2752 17860 F13587BC89FE4882C7C889302511FFD738D136129B9F5BE4C492CB4948A93A89
4165055113 3094 13311 F13587BC89FE4882C7C889302511FFD738D136129B9F5BE4C492CB4948A93A89
4165051307 57488 19319 F13587BC89FE4882C7C889302511FFD738D136129B9F5BE4C492CB4948A93A89
4165055372 42539 56060 7E82B7F176653BF41C7183820B72B44783A24E71C69D57E0525379180ED8D027
4165044252 9525 61226 A32D32EF384153A209CEF540325202440CABCE71D949917157900663ED82D586
4165047940 18671 19483 2381517CED267573A90B95936D843234F31109F6EED8A32B3F5CA8C7DDA37E2E
4165061788 6129 8505 78436633B27AA6A6FD3D76E5B7B4B1D3A4E9E7D939F80D8A78959BF2814CEF07
4165031315 62177 23051 363FBF2CE634DCE6230C0B82020CF6E643B32837E29749556CF31365441620FA
4165048522 44598 31459 F13587BC89FE4882C7C889302511FFD738D136129B9F5BE4C492CB4948A93A89
4165060916 53402 15136 F13587BC89FE4882C7C889302511FFD738D136129B9F5BE4C492CB4948A93A89
4165047022 34073 61780 0EAD7DD37418FC0B76155F39677BC8C88CF0D49267FDAF8FE5E80A9BB37DACE7
4165060627 42095 702 FF2337AE34121EE0A83335066B9018F6DCBE05C336A632C9D2973B4153331593
4165047382 3288 16008 F13587BC89FE4882C7C889302511FFD738D136129B9F5BE4C492CB4948A93A89
4165047216 26737 30654 F0EC0920AF9F00754E47E3156E2B7A6D17146C96911DEF3BBF8B29D5BB3564A2
4165030824 44237 12770 0E5B0E5288575866DEEDC07CA15FB4B1A402220A2E18B5ABD7E36C9317A9A9C6
4165031072 63682 31897 F13587BC89FE4882C7C889302511FFD738D136129B9F5BE4C492CB4948A93A89
4165051012 64158 1637 F13587BC89FE4882C7C889302511FFD738D136129B9F5BE4C492CB4948A93A89
4165061474 36598 59078 F13587BC89FE4882C7C889302511FFD738D136129B9F5BE4C492CB4948A93A89
4165049739 23074 21422 F13587BC89FE4882C7C889302511FFD738D136129B9F5BE4C492CB4948A93A89
4165046549 60324 54098 F13587BC89FE4882C7C889302511FFD738D136129B9F5BE4C492CB4948A93A89
4165053792 26446 2441 F13587BC89FE4882C7C889302511FFD738D136129B9F5BE4C492CB4948A93A89
4165050387 6820 8738 F13587BC89FE4882C7C889302511FFD738D136129B9F5BE4C492CB4948A93A89
4165051518 61554 53149 F13587BC89FE4882C7C889302511FFD738D136129B9F5BE4C492CB4948A93A89
4165051573 23101 520 9E03047A1381525F7F0726B77981ECD419B476A64BE2E7A7A790727D039C1F7E
4165062031 23034 29532 F13587BC89FE4882C7C889302511FFD738D136129B9F5BE4C492CB4948A93A89
4165047964 60149 15285 313E5FA255D9AE8B66B8D3D91984FF4FF7734452A2D490FDE5F1D40A2DFD8135
4165054061 25354 47191 F13587BC89FE4882C7C889302511FFD738D136129B9F5BE4C492CB4948A93A89
4165052027 8701 65150 9451D5B8A8A40D233EA9D944E5D54D22D28E37CFF5CC646481A6C77036F0BA69
4165053644 25220 13080 F13587BC89FE4882C7C889302511FFD738D136129B9F5BE4C492CB4948A93A89
4165048344 42783 29956 87008F14326E0630096896A0CA568226A0850B3B0903223BB1B12F9FCC9CB5C6
4165049269 38532 57472 F13587BC89FE4882C7C889302511FFD738D136129B9F5BE4C492CB4948A93A89
4165048682 57737 16311 129BF6E2C41CD8350FBAF77EE0EE61A4F0B71236EC361B4E2B7769FB5E9A825D
4165055968 25087 45415 D113E2838930D2DBB3970DA7A68769153A811A30967D6431134242E689E68FB3
4165047293 11634 50963 F13587BC89FE4882C7C889302511FFD738D136129B9F5BE4C492CB4948A93A89
4165047297 9803 59560 A36E21EC2430E3C79F11E60DD2B29AC08E8926C1C94D2159C617042C6D5B1D0B
4165028602 32566 39791 F13587BC89FE4882C7C889302511FFD738D136129B9F5BE4C492CB4948A93A89
4165028974 59483 58052 E391C22AF20CC28FFFD99E7F6E78558E8F9E1FAD637392BB934B93B36A7A98BC
4165051805 43346 50994 F13587BC89FE4882C7C889302511FFD738D136129B9F5BE4C492CB4948A93A89
4165060893 34057 62347 CF54C19DBCC7AFF7B825859A9F0046DC78B63B8944399DC5F0D25E771724D6CA
4165061832 32304 51945 F13587BC89FE4882C7C889302511FFD738D136129B9F5BE4C492CB4948A93A89
4165030870 55264 46970 F13587BC89FE4882C7C889302511FFD738D136129B9F5BE4C492CB4948A93A89
4165045330 56719 21709 86C46410F86B7E247DCE4D69199E2DFF8EF8A395573E68D1D0DB85DDA871F54B
4165048259 29942 49178 F13587BC89FE4882C7C889302511FFD738D136129B9F5BE4C492CB4948A93A89
4165050570 11029 42778 631F11154A339B64721F5A760422FCB01D3099509DFC7903316C93231CF1EA84
4165028634 28798 59643 F13587BC89FE4882C7C889302511FFD738D136129B9F5BE4C492CB4948A93A89
4165031357 31004 43961 F13587BC89FE4882C7C889302511FFD738D136129B9F5BE4C492CB4948A93A89
4165049736 6645 50148 57027873A954D75D849BC8705F46B5AE4C8BC82E21EC7781F6D4E56B03D61205
4165047488 35872 30229 F13587BC89FE4882C7C889302511FFD738D136129B9F5BE4C492CB4948A93A89
4165050971 27159 51247 19493A4718B33D6A7AE176D1BF10F6EA0F9956E7E0A24B54E077271D46CF9112
4165055877 50156 47564 F13587BC89FE4882C7C889302511FFD738D136129B9F5BE4C492CB4948A93A89
4165050603 8690 51475 F13587BC89FE4882C7C889302511FFD738D136129B9F5BE4C492CB4948A93A89
4165050823 46114 39129 F13587BC89FE4882C7C889302511FFD738D136129B9F5BE4C492CB4948A93A89
4165055950 23074 49413 F13587BC89FE4882C7C889302511FFD738D136129B9F5BE4C492CB4948A93A89
4165031271 2436 30792 F13587BC89FE4882C7C889302511FFD738D136129B9F5BE4C492CB4948A93A89
4165050124 55527 20546 58219460BFB42EA4DCC2E3028EC719B5E271C70773BED9A75169152E1F41F4FD
4165051558 14118 55479 F13587BC89FE4882C7C889302511FFD738D136129B9F5BE4C492CB4948A93A89
4165052677 26274 24471 F13587BC89FE4882C7C889302511FFD738D136129B9F5BE4C492CB4948A93A89
4165060040 9106 53936 F13587BC89FE4882C7C889302511FFD738D136129B9F5BE4C492CB4948A93A89
4165055979 44880 35563 F13587BC89FE4882C7C889302511FFD738D136129B9F5BE4C492CB4948A93A89
4165060302 2242 64435 F13587BC89FE4882C7C889302511FFD738D136129B9F5BE4C492CB4948A93A89
4165050207 48516 44980 F13587BC89FE4882C7C889302511FFD738D136129B9F5BE4C492CB4948A93A89
4165055176 29813 30033 AF65F9BDBF7F9E587F26EE4D2DDB69F44C8E2B9BA2D3F34099B62CEC9E2C551D
4165044731 22528 4179 F13587BC89FE4882C7C889302511FFD738D136129B9F5BE4C492CB4948A93A89
4165053787 55409 52660 256367333BBA4BE8620D74EB2C63BFB3EA630F8FA63D65669184A2636AE0F950
4165060915 57175 2031 3D29ECB39D1CE4A676C158BA92D51B9E548FAF7913B9C624C5A3EAB8B3918A73
4165030096 43858 31491 F13587BC89FE4882C7C889302511FFD738D136129B9F5BE4C492CB4948A93A89
4165051954 16425 63841 F8B40B6D8398EEF1185498F7FEB689A149858A656677181D2E8578CD2D7A6CC4
4165062052 19415 37668 715F80D4B31342C5DF4F1C5991A0A9C2EBE669AE7D927A6FB3E5B3AB8DD63415
4165028877 25375 23878 84F103A763557BC1CCE292556B1327D4C6442104A95FB853A8620EC6E81B0E6B
4165048012 21820 53599 F13587BC89FE4882C7C889302511FFD738D136129B9F5BE4C492CB4948A93A89
4165031102 44294 5934 F13587BC89FE4882C7C889302511FFD738D136129B9F5BE4C492CB4948A93A89
4165031413 17095 36607 AF7CD1E26F86420402E928470507F9391286F01F9FC5410FC1BCA3D4DA1CFA36
4165060926 21830 51448 F13587BC89FE4882C7C889302511FFD738D136129B9F5BE4C492CB4948A93A89
4165050540 16569 13903 A9B64E6C50E88387613E32737E4F11D548D60BF2DE9AB30F90823F07976EBDCD
4165055945 16488 53002 F13587BC89FE4882C7C889302511FFD738D136129B9F5BE4C492CB4948A93A89
4165031017 7908 57219 F13587BC89FE4882C7C889302511FFD738D136129B9F5BE4C492CB4948A93A89
4165030183 12472 44626 F13587BC89FE4882C7C889302511FFD738D136129B9F5BE4C492CB4948A93A89
4165054368 57465 26710 9B1D418E6B4177D7C5B0C40CEC37DA7ABDDE55BF51D02488C95037A2FE2F38D8
4165054174 60892 65191 F13587BC89FE4882C7C889302511FFD738D136129B9F5BE4C492CB4948A93A89
4165050587 29401 29384 C670731B2B29AFBB831E70DCC2EE13727AB28D03277AB745F7F1CFB30AF2DB81
4165050271 17192 23588 F13587BC89FE4882C7C889302511FFD738D136129B9F5BE4C492CB4948A93A89
4165050089 45076 35245 F13587BC89FE4882C7C889302511FFD738D136129B9F5BE4C492CB4948A93A89
4165044840 57484 9135 F13587BC89FE4882C7C889302511FFD738D136129B9F5BE4C492CB4948A93A89
4165049994 60621 25321 1F384745B37548CB94337BEF31B77C83E77AF4CEFC641ADB164634F949BD2083
4165047112 24979 40015 FBAE9C8312E833541C82F4E67FEF1BA8DD3CE6835AB9B884E033F845D4E58093
4165052500 2841 9655 9A89729704C3246D16C7AEAFC76DEB37C0860C06694D5F76DD954722E56D3258
4165055553 51919 27024 BEC6CC4442E8718992C73DEC8D875E2E449153AAB166F0C1C82BD1E0080FB387

Total of 0 tasks calculated error.
