Total of 100 tasks calculated correctly, accuracy 100.00% 
4700717141 32264 52336 F13587BC89FE4882C7C889302511FFD738D136129B9F5BE4C492CB4948A93A89
4700711948 42462 6277 F13587BC89FE4882C7C889302511FFD738D136129B9F5BE4C492CB4948A93A89
4700716764 15572 49853 F13587BC89FE4882C7C889302511FFD738D136129B9F5BE4C492CB4948A93A89
4700706231 27245 57137 4A35743CFD279C7C6485D89051F43288D1875AE3486B9235141A2A1DE4747AF3
4700680714 9339 18942 34BCF9C5E405FAFBF088CA6EA962ECAFE98D07469A022C27E4CB23479B3C5438
4700716973 29358 28683 F13587BC89FE4882C7C889302511FFD738D136129B9F5BE4C492CB4948A93A89
4700707262 35383 21008 181DE83D47ABC8077CAF6093548D01245B2B0216F4AD20297A3FF64DC6EE33AB
4700722676 14544 55946 F13587BC89FE4882C7C889302511FFD738D136129B9F5BE4C492CB4948A93A89
4700717910 2607 33079 9043ACAF4CC56AC7CBE702F83ABC673E656376D60BC96D15B1047DAEA73752FD
4700706415 50466 48568 F13587BC89FE4882C7C889302511FFD738D136129B9F5BE4C492CB4948A93A89
4700680837 13995 60563 7F1AB7E61F757F573C0D66AD328C96755C7E7567475CEE456EAB3BB39C1B3F75
4700680236 9984 57692 F13587BC89FE4882C7C889302511FFD738D136129B9F5BE4C492CB4948A93A89
4700683466 13213 42375 E02B199E0AD4457D3139C9D25B2116E372E7F3C0FC6F2EC102261DCB0629A707
4700719048 36255 63772 01B97F6B6B05659281B093E4FC0CB938FB2BD20AC5229C0F5C1791E81B9C0BBF
4700721920 12818 60559 F13587BC89FE4882C7C889302511FFD738D136129B9F5BE4C492CB4948A93A89
4700682030 53409 51808 3238B936E85B1A9017665F14FECE7B095C8633D6EC8A8686D2B2FD565F0089D0
4700708127 43008 47885 F13587BC89FE4882C7C889302511FFD738D136129B9F5BE4C492CB4948A93A89
4700682641 32562 32619 F13587BC89FE4882C7C889302511FFD738D136129B9F5BE4C492CB4948A93A89
4700707834 33534 5617 F13587BC89FE4882C7C889302511FFD738D136129B9F5BE4C492CB4948A93A89
4700720727 3332 63922 F13587BC89FE4882C7C889302511FFD738D136129B9F5BE4C492CB4948A93A89
4700706494 10775 24963 B5CCB280204D11C7E2A6D0FEF985A15BB402DBFE0B1A078515654C78F60DAA64
4700710370 47857 15996 627B0A107B41D7957267177D9B9774A1B35F9F422B2BF9DC964FF9E75F0861D4
4700720023 23152 10955 F13587BC89FE4882C7C889302511FFD738D136129B9F5BE4C492CB4948A93A89
4700708000 25431 40015 F062CF67EF6106D4BD6A213886E9B963411BA5F52AED8DE78F61DC6450AD6337
4700711318 47823 30316 05508AD348910A5DF9360BA5D05978E3C905DAD0DD95A5CAE51F07560253FB7A
4700683059 19311 65430 FE933E1A733EDEB5A63ED3DD58838E9F5AE985374CE3081D18941BAE98B67446
4700719067 39623 35665 E8A49BEBF27042F9C2A9559BF138B0204829E1D3652E01003C94087E9695222E
4700682254 28613 36452 3E8C11B186E0D4599ADE309EC22301824AC8EFECD15619E900BD83B2AF2A9A8F
4700680915 2187 59005 74E5478D203AAF0D6B43FEC3D8EBC2A6E827EEBA18F860ACA3514445783DA5EB
4700720933 8681 56619 A30D6C6EC409A4D16CBFD43574377140D873D78CA29DDEADD465C3CD0FD86C4C
4700711914 47713 43042 9E3713F49773C4C07D05DC48A918F964488A2B90A10E2C8BCD31F5C1C5000412
4700682817 59239 12448 DE171F19FFD5FBB83363E04735D8A2D3E37B3C4DF65E6EC7B552FEB544E5A542
4700681284 46050 53229 F13587BC89FE4882C7C889302511FFD738D136129B9F5BE4C492CB4948A93A89
4700712328 64329 37672 3926D686141498E4B19EEC10A706815A611E1AFF39A2F343BAC48E1CDAC96A6A
4700718125 50367 28363 DF272A1F1DA5EBDFCF0861C11125B61527EFC28F889C9762EF521BB841F93DFE
4700721929 51597 64842 23B66F3376F427568F9E3A1CEC1A2125C6E9C4F79E8806C5993BFA6A12937F84
4700681905 8105 21906 39D529CF0683F92DE91D7C5F54CCEED726B0D28F4C7F054970B4DD65B3E0DEB9
4700682141 24060 34076 F13587BC89FE4882C7C889302511FFD738D136129B9F5BE4C492CB4948A93A89
4700719418 57214 455 F13587BC89FE4882C7C889302511FFD738D136129B9F5BE4C492CB4948A93A89
4700683167 34475 61550 AAFC25666C39CF594AE1428CBD2BFFD3E27E48C673469F2907AB952961BC3510
4700680276 63154 40212 F13587BC89FE4882C7C889302511FFD738D136129B9F5BE4C492CB4948A93A89
4700708532 32072 61795 F13587BC89FE4882C7C889302511FFD738D136129B9F5BE4C492CB4948A93A89
4700722435 63352 14457 F13587BC89FE4882C7C889302511FFD738D136129B9F5BE4C492CB4948A93A89
4700714833 24936 24768 F13587BC89FE4882C7C889302511FFD738D136129B9F5BE4C492CB4948A93A89
4700682956 39685 33248 D44728D2316E23751DB29953A04182EF6A23975E23576AD72D562BE6B769CA2D
4700706896 20724 55639 F13587BC89FE4882C7C889302511FFD738D136129B9F5BE4C492CB4948A93A89
4700711074 5563 48971 96990EB99F2764DFEB39B2471160304CB4741CA42DD6B0BC1FEA089517E543CF
4700681068 52625 5154 914D1D05333CCD4283BD1DE0F9544F79BF38EC73BE8DA5DC81AFD6B9790FDAC9
4700721759 7324 54520 F13587BC89FE4882C7C889302511FFD738D136129B9F5BE4C492CB4948A93A89
4700683021 18053 7574 2520D74A3B6F4327A11D1FE58F133B2B776417A8B0DEC3C8C6CA8591EAAA7067
4700716547 15731 9903 8B4893CA8260CE8684AE32C88ABFE5C3349C53A30825A63569D1C46D1B4E75A7
4700709379 32645 35791 B3B4E2C59BD8269F788D38CDD3E53CCA3873B5B6F010EAE2F7A115EFC523BE6E
4700710051 9584 60645 F13587BC89FE4882C7C889302511FFD738D136129B9F5BE4C492CB4948A93A89
4700719177 65105 4731 E4198CA502E8336B7FFB5548F0B76A861C81182859B2CC8CFC27B7CCFAC9A942
4700714752 56284 20762 F13587BC89FE4882C7C889302511FFD738D136129B9F5BE4C492CB4948A93A89
4700718936 27985 26609 806E61A099AFF0BE040356716305719BB2BAAEEA96678775994C6AB882E60F3B
4700707427 18704 42384 F13587BC89FE4882C7C889302511FFD738D136129B9F5BE4C492CB4948A93A89
4700719251 11598 45100 F13587BC89FE4882C7C889302511FFD738D136129B9F5BE4C492CB4948A93A89
4700707698 19944 20964 F13587BC89FE4882C7C889302511FFD738D136129B9F5BE4C492CB4948A93A89
4700713206 10647 37711 40B23B1ACA847F48CC8C0864012A445DB88FDAA175802131792AED1AD4F9BA32
4700708621 30335 20267 A2F43D305EB748624C42F70A90114CCC61B3189E3BBE0CB78D0D0D931F100D92
4700711266 50862 28316 F13587BC89FE4882C7C889302511FFD738D136129B9F5BE4C492CB4948A93A89
4700714748 19149 20502 EEEFA65E118523ADB542922F7B7C8C3CED11D7445F859091FD5C0ACC1EC11E02
4700715298 19133 33080 9365D702533A022AB9E4A003B7AA443735CDA36FD2382965CC97E67626AAB4E6
4700712590 10257 51373 0D5195A8095F56385EC1D55F26BC3A8013E24AFF8B36613A4E5FE0FD83AD236C
4700718345 28023 35295 857B6FA5D944FD2F5DF52439BB8DF5A1513329148B8D4BA43AEAB1E99D4FA8C7
4700715918 39952 59470 F13587BC89FE4882C7C889302511FFD738D136129B9F5BE4C492CB4948A93A89
4700717092 5058 1861 F13587BC89FE4882C7C889302511FFD738D136129B9F5BE4C492CB4948A93A89
4700708895 6483 49059 B764C535C088B53A1D0B40596408F3BB405AB5300AEFD8A8D9D6669F89AD7E2D
4700708266 19870 47594 F13587BC89FE4882C7C889302511FFD738D136129B9F5BE4C492CB4948A93A89
4700715614 54737 17635 D644B6A28B610BF06854AEC3644935C4D62A7BDCFCFF2E8192583788EFBB2B31
4700707893 20514 28656 F13587BC89FE4882C7C889302511FFD738D136129B9F5BE4C492CB4948A93A89
4700714882 17746 18927 F13587BC89FE4882C7C889302511FFD738D136129B9F5BE4C492CB4948A93A89
4700682493 26194 30982 F13587BC89FE4882C7C889302511FFD738D136129B9F5BE4C492CB4948A93A89
4700710103 22705 2369 FABBCC291EACF164D92CB41A9006C3A7A9970BF30614BEBB2A9A7EC88B57BBEB
4700713070 20839 32863 AA1B812612A1C9C159F5DE755E04071C0882CE65DB7C9FA4052DBDE5850F35EB
4700706438 123 42425 19958CE5DF940DFE1A7A6F3D54376DADBD119D3D9F98585B48AF25A006B01A4B
4700683017 4973 12188 C7440968D4ADC935787D3251AD8B4128450EED1CF741EF48A5B223A752467CE6
4700683111 4429 45131 BE69A1F8631A53294B3E6F5894946F67CC0C6EB36E25E28EA9116CC6F4BAD4BD
4700713514 40586 62428 F13587BC89FE4882C7C889302511FFD738D136129B9F5BE4C492CB4948A93A89
4700720998 48304 49841 F13587BC89FE4882C7C889302511FFD738D136129B9F5BE4C492CB4948A93A89
4700710719 7484 45680 F13587BC89FE4882C7C889302511FFD738D136129B9F5BE4C492CB4948A93A89
4700717427 63827 52510 124ED62FF98516A395641776BF1F4A8F9EDEB6BF1FEA467E240BF6DBBC37CDC1
4700683122 20085 29732 A8318F9499EA1569BFDAF678F47DD21A95289A09FE241A08ED58F122ABAFABFC
4700708511 45192 1910 F13587BC89FE4882C7C889302511FFD738D136129B9F5BE4C492CB4948A93A89
4700680947 49369 20202 D56316D0ABA7E0FE21945872134A2FF7EF5D39D80BAA6A97F341AF9A4DFABE66
4700714847 51538 28294 F13587BC89FE4882C7C889302511FFD738D136129B9F5BE4C492CB4948A93A89
4700715129 30945 10170 4C2725DFC5475134688A965EB229B2515705B67F32FD41D4F7EA98979E578287
4700683786 28016 40149 F13587BC89FE4882C7C889302511FFD738D136129B9F5BE4C492CB4948A93A89
4700707342 20680 40907 F13587BC89FE4882C7C889302511FFD738D136129B9F5BE4C492CB4948A93A89
4700682418 61884 26685 F13587BC89FE4882C7C889302511FFD738D136129B9F5BE4C492CB4948A93A89
4700720141 49852 44075 F13587BC89FE4882C7C889302511FFD738D136129B9F5BE4C492CB4948A93A89
4700721903 26377 54397 51A723B6E00CB27667386E6DD64BD99668E0D60ECC96AABA62CBB1B19D01FAB3
4700714923 1082 22602 F13587BC89FE4882C7C889302511FFD738D136129B9F5BE4C492CB4948A93A89
4700711468 48682 50666 F13587BC89FE4882C7C889302511FFD738D136129B9F5BE4C492CB4948A93A89
4700710555 808 60384 F13587BC89FE4882C7C889302511FFD738D136129B9F5BE4C492CB4948A93A89
4700714795 4860 494 F13587BC89FE4882C7C889302511FFD738D136129B9F5BE4C492CB4948A93A89
4700681045 38269 36067 9100C68ADD1DE0B5224F6E360CE9A6B994CEC75B29CBA6666C3DB3D1C2085C4B
4700706742 8724 62406 F13587BC89FE4882C7C889302511FFD738D136129B9F5BE4C492CB4948A93A89
4700714937 30822 48308 F13587BC89FE4882C7C889302511FFD738D136129B9F5BE4C492CB4948A93A89

Total of 0 tasks calculated error.
