Total of 100 tasks calculated correctly, accuracy 100.00% 
4808002086 46734 33343 F13587BC89FE4882C7C889302511FFD738D136129B9F5BE4C492CB4948A93A89
4808008292 4568 57788 F13587BC89FE4882C7C889302511FFD738D136129B9F5BE4C492CB4948A93A89
4808020046 7965 59847 BAFE22D4570306703BF93691D1BE0C66B11320107856F4D966B3B1957BB00FB5
4808014564 52161 12339 4914260DDB7B3F52A4095E3113A1306D213A2010EA3DA62152A0B8407591A5BA
4808006859 60498 56471 F13587BC89FE4882C7C889302511FFD738D136129B9F5BE4C492CB4948A93A89
4808009085 28680 18802 F13587BC89FE4882C7C889302511FFD738D136129B9F5BE4C492CB4948A93A89
4808013855 56668 63305 F13587BC89FE4882C7C889302511FFD738D136129B9F5BE4C492CB4948A93A89
4808005715 30060 4218 F13587BC89FE4882C7C889302511FFD738D136129B9F5BE4C492CB4948A93A89
4808004329 24717 15636 4B05589EEA9C735814EF6B67BC45727C9ACDB6BBFE3A2F3FBC14B6E3848D369F
4808020376 27954 38477 F13587BC89FE4882C7C889302511FFD738D136129B9F5BE4C492CB4948A93A89
4808004244 11954 1303 F13587BC89FE4882C7C889302511FFD738D136129B9F5BE4C492CB4948A93A89
4808023139 55938 41962 F13587BC89FE4882C7C889302511FFD738D136129B9F5BE4C492CB4948A93A89
4808007587 11092 23724 F13587BC89FE4882C7C889302511FFD738D136129B9F5BE4C492CB4948A93A89
4808003654 50839 37154 6B32DBF833BC68583A5CE00F674B940319DCA32B816624F5AE5B447C2F28BC9A
4808006914 33903 20258 2A1A15C6A93885371A036C6748AEBD37E0680F944B6D3175F1B8DAB229F48666
4808008293 13232 12803 F13587BC89FE4882C7C889302511FFD738D136129B9F5BE4C492CB4948A93A89
4808020610 241 3163 5D05BBCFBD96B2C373295CC9E5EA30628D4A2D45A628F809CD269A55023D09D9
4808008729 47753 9445 DF2D870A200FFD35B9D4663758D9E56EB16E318A3B14DD0A2B0A90322DCDBE5A
4808009404 34244 55102 F13587BC89FE4882C7C889302511FFD738D136129B9F5BE4C492CB4948A93A89
4808004970 32811 57972 AE7BB2555D6CAF0B4DA4166E44FF350BD1F9802426B55574685B0F9CB86CD9D5
4808003249 11855 42142 DCD839A7A16BD4077236132CE789C11A2D0F12D233B183B48E207B531E4AF499
4808022438 65397 5608 D8754317A299507AEB1D503A605A496CB8A929DEF05EFF19877BD4234DFD5D52
4808012313 51879 10 8CE8963387118DD87E5AC02123C71699B23253CDB604ED0DB6CD9629D6AADBEB
4808004549 52434 53467 F13587BC89FE4882C7C889302511FFD738D136129B9F5BE4C492CB4948A93A89
4808006348 20576 49008 F13587BC89FE4882C7C889302511FFD738D136129B9F5BE4C492CB4948A93A89
4808020109 44065 21745 D058B99070640D2AB5862BD240E51DD014DE4B7366593C336AFC836B769FA136
4808000363 54920 18102 F13587BC89FE4882C7C889302511FFD738D136129B9F5BE4C492CB4948A93A89
4808009123 11631 22397 5E2B33624F9EFE96F31A7FD41D225055C0DD74EE15B3F04929CD50E390CC087E
4808001170 9926 59348 F13587BC89FE4882C7C889302511FFD738D136129B9F5BE4C492CB4948A93A89
4808011126 8695 59419 B0659F9D5263EBD6ECF727B76598ABCCF9BF5DB62CE250F56005C81746B7DD1D
4808012167 49840 60993 F13587BC89FE4882C7C889302511FFD738D136129B9F5BE4C492CB4948A93A89
4808001224 46404 14596 F13587BC89FE4882C7C889302511FFD738D136129B9F5BE4C492CB4948A93A89
4808006292 3650 31342 F13587BC89FE4882C7C889302511FFD738D136129B9F5BE4C492CB4948A93A89
4808020274 5207 48257 291A4CC9E82184B3BCC7DDEF2E24FB267FD37A37BD1539C013A8D306B635EAB7
4808000529 5382 41202 F13587BC89FE4882C7C889302511FFD738D136129B9F5BE4C492CB4948A93A89
4808023522 26174 23766 F13587BC89FE4882C7C889302511FFD738D136129B9F5BE4C492CB4948A93A89
4808013143 9616 21265 F13587BC89FE4882C7C889302511FFD738D136129B9F5BE4C492CB4948A93A89
4808015301 4299 56032 5EB2FB2C48981B16A7C714B0AE00BECC1EAB7A1D9FA845EB020FFF4D02479B79
4808004425 331 31640 3BA5CF45D0605C0AAA3265D8A7450563041BE9E7D8349786BE4C716FF4988DF4
4808014433 60747 43739 FFD8BA18A37475BEFC72ABF518DBDA013DF1B4267CE1AF2D9930A38025698119
4808010571 60714 28681 F13587BC89FE4882C7C889302511FFD738D136129B9F5BE4C492CB4948A93A89
4808000132 42531 48314 88671FF8970F712759CED7674EED09EDF3EAFE40C5D575140FBF9D689AC21A34
4808009353 51375 63693 4008AD5306FFD414266CFF8B24DB98E53296552348D5C1CEA16B548E97A15894
4808015547 20089 29733 744423792B547164E88D7AFDBD1D22CDB8F534004CD519E9837D1BA2A54773EB
4808012379 34843 15821 E91DFC8E746FFCA7F9C25489BB8DE2587BC53EDDCC8F8EE8237E25B71D301DED
4808005102 16988 30164 F13587BC89FE4882C7C889302511FFD738D136129B9F5BE4C492CB4948A93A89
4808004221 57679 58023 EF8346ACA0F6D0189100D5570C667076C9FFBEE2693C1EDCE3F36D8EF32DDEA7
4808000922 33931 44052 3B66A66B5077EBF1902548F28B72C6A9E576E9A7241227E4AE2DDB9ED39AE02A
4808013037 38214 11463 F13587BC89FE4882C7C889302511FFD738D136129B9F5BE4C492CB4948A93A89
4808010632 54612 1972 F13587BC89FE4882C7C889302511FFD738D136129B9F5BE4C492CB4948A93A89
4808023602 53443 16137 27DF6C7C064975AB79C49A3D2E4AFE32CDB8CA9EC62C175600AE6C7DE329698D
4808023693 39630 64381 F13587BC89FE4882C7C889302511FFD738D136129B9F5BE4C492CB4948A93A89
4808001256 39789 24223 05BCED498F912EC365E7CB34EA132045418EB0FAFEF162AC4F1CD92046C28F74
4808021696 57714 25069 F13587BC89FE4882C7C889302511FFD738D136129B9F5BE4C492CB4948A93A89
4808004403 63648 28903 F13587BC89FE4882C7C889302511FFD738D136129B9F5BE4C492CB4948A93A89
4808021073 19271 60821 D8263F8B653ACD01735745DA1DBB19B931309B7756DEADC1E52D8E845F8F0683
4808022930 26229 17221 717876EBC09441ACA4E6CC5A7157F7A887BDA0620CD9DF5D7D311F719F7FD201
4808013684 43994 31371 F13587BC89FE4882C7C889302511FFD738D136129B9F5BE4C492CB4948A93A89
4808021749 41878 47030 F13587BC89FE4882C7C889302511FFD738D136129B9F5BE4C492CB4948A93A89
4808005310 11019 56282 DE471426247C3BD8CC7B4737EE5BB4349D87540C4D64219FBAAFD35084E25258
4808021690 52059 53589 C6D15B4BC155497B73D835A943F3E7F6434C6B9FDAB3D472D560914FB3888477
4808005086 18021 63668 0AE10040343A0E9B9E9F2CCC0C32514F13CD188BAE0DC310CF97A80E5792193C
4808001482 49350 34272 F13587BC89FE4882C7C889302511FFD738D136129B9F5BE4C492CB4948A93A89
4808002451 13303 25133 8A2CA905BFE72860A7375CFEA36D553591F62BE31AC1EA2075A2A47467CB1CC7
4808002583 38955 51559 CE722D537D07352FC0641ECC0F03C098EF61331FF25AF8F49EE73B8FA60882CF
4808005802 40438 64672 F13587BC89FE4882C7C889302511FFD738D136129B9F5BE4C492CB4948A93A89
4808021922 8917 16188 BA48E9161ECD503D8B36C0A4003E51275BBBB061B59D40D5870F320E11950314
4808021594 23735 44777 29BCC5443D438DF4B0CBC2D47ABCC96FB794612299EB5666DA1E4FFF969111E8
4808014974 48459 39646 A6A74F30C73CF8830C743B38FD17D0E27AB607992A9838A83AE7D61AB7642FCD
4808023521 22196 34815 F13587BC89FE4882C7C889302511FFD738D136129B9F5BE4C492CB4948A93A89
4808004305 64172 4245 F13587BC89FE4882C7C889302511FFD738D136129B9F5BE4C492CB4948A93A89
4808014902 31239 41384 92C466B7DDA2F1D81B0F1142AC890C5829F8F6BCB598AA81040F545E02AF88CB
4808002825 57202 52045 F13587BC89FE4882C7C889302511FFD738D136129B9F5BE4C492CB4948A93A89
4808013164 52874 54324 F13587BC89FE4882C7C889302511FFD738D136129B9F5BE4C492CB4948A93A89
4808023267 30821 62002 F0BCFF633D32A6F7FFB40B7CFE147D04E87042B3D40FE3EA0632C4F72A3F8660
4808008176 17111 50528 0E9F1E6A9DE427176182CAB19C2AB63E819A5C12E72A39652B442E451BB29E33
4808003303 15218 12846 F13587BC89FE4882C7C889302511FFD738D136129B9F5BE4C492CB4948A93A89
4808006059 36301 28882 B7DC532EAFBD258FF06266ED5A3628C28EFEBC636D100FFA6A81BAC138B78E4A
4808022269 1555 20682 4C499420899C56D14FE238BED22FB793C7D5F4E24ABADBFE9301163F578712FB
4808023205 40899 31923 CFC1BA1E631FEE49E63187C91BF8EF3082317B87393EDDA09C1466E1E319E29D
4808007060 20742 54256 F13587BC89FE4882C7C889302511FFD738D136129B9F5BE4C492CB4948A93A89
4808007700 61604 54922 F13587BC89FE4882C7C889302511FFD738D136129B9F5BE4C492CB4948A93A89
4808010086 48474 6786 F13587BC89FE4882C7C889302511FFD738D136129B9F5BE4C492CB4948A93A89
4808006937 17539 60456 A78A2CFB68DC6A05D29DE9EA1779DB5A8B6C29DED6D24D5AD4EC9A5B2508E6D5
4808008510 11457 56386 5CEDA898E65EF74E5A45CD47A80B5539946142E82CA270086F53A68A35919117
4808012935 1732 52350 F13587BC89FE4882C7C889302511FFD738D136129B9F5BE4C492CB4948A93A89
4808010558 22018 44818 F13587BC89FE4882C7C889302511FFD738D136129B9F5BE4C492CB4948A93A89
4808002769 55217 19338 5C4C737ECBB22D3EBEC9816F9E9D91F3A58A5419C7BD021D30A711C5E1C672CF
4808008429 10463 18728 115147A9915864DAC2857C3C048274F94B15CAF87FEE26850B443845FD661905
4808020185 22912 52937 F13587BC89FE4882C7C889302511FFD738D136129B9F5BE4C492CB4948A93A89
4808015158 58755 3165 1BA567E3C97B38A1CDD74E9523BCCBB2C0D54FDC93117C4931F3C80F4EC29FC8
4808011208 24923 49168 E3EFBA5E0C503B2647A0CF032CEA516AED6A12DA478864272EF7321E90F62795
4808005637 47675 52346 6BB6A7B8AA5B8E1F16B48FFEAF69C26FBD2C4B62B514BBD956ADCB4BB8EB48E5
4808014348 40845 60807 C0110D5DADF6529B20CD5221E11AF55B9DC14E7F3BF0EF0C392AC97EE7E70D32
4808020677 17530 53262 F13587BC89FE4882C7C889302511FFD738D136129B9F5BE4C492CB4948A93A89
4808002128 61749 23875 42F49238F0153F42523B844C41086BEAC83B75D58DB60727B39C41D9B732E5A8
4808010592 21428 6377 F13587BC89FE4882C7C889302511FFD738D136129B9F5BE4C492CB4948A93A89
4808022804 17466 61115 F13587BC89FE4882C7C889302511FFD738D136129B9F5BE4C492CB4948A93A89
4808022934 31771 2506 25EB1F8E5BA27E1D5F7B0FF6FBCAD402A5F88AB05104AEBABB2537EEC7750BB4
4808001058 23053 39925 1016613738565629E02A463587808B0A52FADF37A52B167D4F82091EB7FCEBB3

Total of 0 tasks calculated error.
