Total of 100 tasks calculated correctly, accuracy 100.00% 
4915121824 12892 59454 F13587BC89FE4882C7C889302511FFD738D136129B9F5BE4C492CB4948A93A89
4915114769 19538 57834 F13587BC89FE4882C7C889302511FFD738D136129B9F5BE4C492CB4948A93A89
4915101494 57980 23566 F13587BC89FE4882C7C889302511FFD738D136129B9F5BE4C492CB4948A93A89
4915115055 10789 57153 EB22F7B77872DDB81A162E1B4718AF0F6BB460AF36907BB2246219F90CB8CBFB
4915100509 62630 41050 F13587BC89FE4882C7C889302511FFD738D136129B9F5BE4C492CB4948A93A89
4915113365 21227 18767 DF420FFB07B5DF9F693CCBB3C441894E33698AAB5FBFE695377ED1CE28BD1553
4915122636 38253 16215 39D681EEE76D5A94CC7EDA05E309FE23BF40F082467F82DEE51C57CBEADDE8F0
4915116427 21175 4842 C48DD9BE48845EF1DD5A5B34FC71A7F02A856CDDD818B1A40BBA3D579676B791
4915100127 56451 41676 71EBF03FC325AD6AAC450B63C64D72C5D61EF677B11AEB5977FAE90675BEC080
4915102279 45138 56693 F13587BC89FE4882C7C889302511FFD738D136129B9F5BE4C492CB4948A93A89
4915115129 63366 13740 F13587BC89FE4882C7C889302511FFD738D136129B9F5BE4C492CB4948A93A89
4915115481 7260 22602 F13587BC89FE4882C7C889302511FFD738D136129B9F5BE4C492CB4948A93A89
4915112212 3411 12033 9137DC07A69EA627DB036A33C83463B9947A75647C369817438A8258DC403975
4915113942 10382 35013 F13587BC89FE4882C7C889302511FFD738D136129B9F5BE4C492CB4948A93A89
4915103840 5112 2209 F13587BC89FE4882C7C889302511FFD738D136129B9F5BE4C492CB4948A93A89
4915113307 34097 17247 2010DE65D18FD1BB73205462FEDCA354EB3E9A2A5FC1CA8B90FA0098A0D2E888
4915121806 24187 65351 A3BEFFFD6A6D1E5312B9D3F7F59AFC3E59CC284434363FB7C0522A08187BD73B
4915120630 28627 5445 03CC5A1FA3FB5B334890C89EB3FFA5B4962350960D3160ABA03FA3EA9F1AC223
4915113782 38768 13664 F13587BC89FE4882C7C889302511FFD738D136129B9F5BE4C492CB4948A93A89
4915106019 20587 50547 2296BF65DFCAE882E47D2661CB1A8685FB942B148C7C53D60886E164F4AA6392
4915120168 65062 42991 F13587BC89FE4882C7C889302511FFD738D136129B9F5BE4C492CB4948A93A89
4915107728 38627 36626 E5246AF595622C88AEBC72A3532620D80796DC060D80D21A7CF272ED351A7421
4915101723 23426 42707 F13587BC89FE4882C7C889302511FFD738D136129B9F5BE4C492CB4948A93A89
4915100830 8890 17342 F13587BC89FE4882C7C889302511FFD738D136129B9F5BE4C492CB4948A93A89
4915102717 26867 31025 4EA0A6996C33F2F26561BB1F57CDBFCAD13A18BF72DE68389A3F4295F287A1E9
4915107371 38296 25226 F13587BC89FE4882C7C889302511FFD738D136129B9F5BE4C492CB4948A93A89
4915105856 11572 33931 F13587BC89FE4882C7C889302511FFD738D136129B9F5BE4C492CB4948A93A89
4915112393 23725 14480 FB64CDE47B7F10D059B64FA860FE42D377C52E0B85310FC6C9A3D0AC21696294
4915117305 40394 46725 F13587BC89FE4882C7C889302511FFD738D136129B9F5BE4C492CB4948A93A89
4915106295 12371 24950 A05297F4291E0FAE1D01F543FA3129E72CA202851635B773BCF5FDECA484DEC0
4915112371 9124 32957 F13587BC89FE4882C7C889302511FFD738D136129B9F5BE4C492CB4948A93A89
4915116525 12996 12818 F13587BC89FE4882C7C889302511FFD738D136129B9F5BE4C492CB4948A93A89
4915103819 5417 45050 BBC2FC1D2C29ED1C272728E7B19E0906BA68AB05B256BC3F214BEE0256D3A2A0
4915114251 50989 13591 BA562274D88C805DC9AD90EBD9C5F7098E35F84F5AD8D53641D08B34C4042DBF
4915123240 23149 11582 D8689C4DBB86AA9DF6D3F9DBEBA391B72C1372E5B2B02167996F1AA6518E9592
4915102408 53278 8833 F13587BC89FE4882C7C889302511FFD738D136129B9F5BE4C492CB4948A93A89
4915120543 39456 3989 F13587BC89FE4882C7C889302511FFD738D136129B9F5BE4C492CB4948A93A89
4915102449 42646 13596 F13587BC89FE4882C7C889302511FFD738D136129B9F5BE4C492CB4948A93A89
4915107117 41256 43942 F13587BC89FE4882C7C889302511FFD738D136129B9F5BE4C492CB4948A93A89
4915120005 32765 43003 FEBF6F0AB4518BE16352B1E4B8F1AFF2485F8DE512E9F01D2772D6B2FB52EF54
4915100680 51028 37316 F13587BC89FE4882C7C889302511FFD738D136129B9F5BE4C492CB4948A93A89
4915107191 50835 60023 A9CE3B4A5773575F7FC5B686BAB207974581137265CB800D7D37436D8D2D6C41
4915117742 53323 1308 E8D32162DCFB00FD83A0DE91571DFD84F68D57B44FA891558629AD6A5DF1512F
4915105254 39671 40090 2E5A72447E98D63AFF5E2AD1B899BD16646CF49F89A8D7C8893E1F21611B6E17
4915114504 5913 42637 439EEC997290FAABA4C043747A7C28EC6B645A6DFE22D9DB65B5A381A7C1EA56
4915107652 54139 57955 9F59CECFDA5DDCE2A41C2DF1B4C4F8B7BD80FA311798A7CD508AD925D12657C2
4915123543 1141 26813 2948284C1EF18068E16439C43780507ACD48DC57AE7F14500E1D2576A6516BD1
4915105554 58191 27528 28C17194A2E6069FD84F32380D652FB7143D6C8849D841EA2448A80C4C6151EA
4915113762 31415 39015 C8A1A3D1D8F0833B06CD5479A045C51F37FE3FC6F20ACBA62F283B1069BAE79D
4915103310 17658 28275 F13587BC89FE4882C7C889302511FFD738D136129B9F5BE4C492CB4948A93A89
4915112076 36426 33807 F13587BC89FE4882C7C889302511FFD738D136129B9F5BE4C492CB4948A93A89
4915106677 60346 37646 F13587BC89FE4882C7C889302511FFD738D136129B9F5BE4C492CB4948A93A89
4915106953 45718 30049 F13587BC89FE4882C7C889302511FFD738D136129B9F5BE4C492CB4948A93A89
4915113423 21752 39296 F13587BC89FE4882C7C889302511FFD738D136129B9F5BE4C492CB4948A93A89
4915115226 5686 33568 F13587BC89FE4882C7C889302511FFD738D136129B9F5BE4C492CB4948A93A89
4915101985 14109 32246 F6ECF3B02A435F96A0E72C6F2EFE1BAE23E9204BE096ECA8D9433FF8771CBCE7
4915101167 31834 33644 F13587BC89FE4882C7C889302511FFD738D136129B9F5BE4C492CB4948A93A89
4915106134 30564 41931 F13587BC89FE4882C7C889302511FFD738D136129B9F5BE4C492CB4948A93A89
4915116737 17475 47289 2439094F1FFE502A4A3E45364A9F60C12C8F6D52FBF63D5A4A35DDB1AF68B6AC
4915123675 60927 44970 A13B218895AEF34FEBFEF918332D7608F2F17B7520AECF308AC20DA50D9897B7
4915107835 18832 18830 F13587BC89FE4882C7C889302511FFD738D136129B9F5BE4C492CB4948A93A89
4915112188 55146 6824 F13587BC89FE4882C7C889302511FFD738D136129B9F5BE4C492CB4948A93A89
4915113303 62669 44029 5E089C5E6D1F55A5FBC25BA29C83628A813B41D9A777A381BDB16B62852C796F
4915115497 4122 47340 F13587BC89FE4882C7C889302511FFD738D136129B9F5BE4C492CB4948A93A89
4915113171 1076 37011 F13587BC89FE4882C7C889302511FFD738D136129B9F5BE4C492CB4948A93A89
4915123143 7392 30781 F13587BC89FE4882C7C889302511FFD738D136129B9F5BE4C492CB4948A93A89
4915102563 16990 6423 F13587BC89FE4882C7C889302511FFD738D136129B9F5BE4C492CB4948A93A89
4915121957 22667 50047 56601697ABBCE002C4178612A528A2DDCE8A70DA7FEE46D9B8F4434D24882154
4915120089 43035 4247 BD8428D77D8C9AD44A33E475D5F6C8601BE2ADED8D7AF39550450E4C35955721
4915103512 27529 33366 27BA612961EB0BC6B85DD240E38550D84069652E82156291D913CA44FB6982D9
4915104223 16168 41141 F13587BC89FE4882C7C889302511FFD738D136129B9F5BE4C492CB4948A93A89
4915123412 48868 41218 F13587BC89FE4882C7C889302511FFD738D136129B9F5BE4C492CB4948A93A89
4915116889 23345 25147 08F855A91EE41D3CEBC6C7D06B3C9E32F29B650EA69E57B90E45591AB3BD6B6C
4915114962 33715 41954 F61B6B07B74B7F99D5E84DFEC9E53E444EC88DD1930F4A41913DB2C8328FFE6D
4915120880 45523 3772 803EFC9B4B02343BDE1CCA7E0DD53AB8DC1729E1ECFD2E34B56FC04F14354A45
4915107448 30764 5157 F13587BC89FE4882C7C889302511FFD738D136129B9F5BE4C492CB4948A93A89
4915113476 14206 14987 F13587BC89FE4882C7C889302511FFD738D136129B9F5BE4C492CB4948A93A89
4915106719 46531 40080 FBCCC7D349D80D664A84B6092F17B689DE913CFB870A4C073DB4665E9C2C1CAD
4915102934 5741 31563 DDB82EDA078CB575774C390C36B0697467832F1ABF05360C4C4024F43D5E63C7
4915106181 27785 58906 A7E41C8685429C301B7F2E1BA44B756C498642B75B520606C834FE2D9FE3E8EA
4915120638 23884 49067 F13587BC89FE4882C7C889302511FFD738D136129B9F5BE4C492CB4948A93A89
4915112361 43391 63303 E26CB72DD2FE9BF28A31AE7D8118C583B1938FAE9B7167EB6FC8CE9755D8721E
4915122645 28832 58312 F13587BC89FE4882C7C889302511FFD738D136129B9F5BE4C492CB4948A93A89
4915122955 32314 52144 F13587BC89FE4882C7C889302511FFD738D136129B9F5BE4C492CB4948A93A89
4915101770 39573 37446 FA955D9A722FC14C138FB5FE29C038062F369B4526511A3B3B742588083AE58F
4915122936 5326 35139 F13587BC89FE4882C7C889302511FFD738D136129B9F5BE4C492CB4948A93A89
4915121932 44639 42714 CB6995C0E7CD5972B9A36532E72845A63A15E74967BA3178C8308442985674D3
4915116930 13695 7042 02818F4463F999D86223DA21D2EB9D5EEC673BD9F11FF67EE7A7E61392AB52B3
4915104374 48945 53051 E6A6B590E15824ECCF312CACD4F9B508A1504C2867CECF9E419A4C29E38F31B5
4915117784 27803 43206 0D33857C263F5CFE9984BDC434AD6589A084040B349B99C2E735060E86E7FCB4
4915120879 54685 19033 C01813E15D812E07A77CC36E0D1D9FB37F5B43F109E6C062321CA1F0DD619602
4915123091 10059 9606 B4BF687D6216E4180995933E42366C134BFF3910BFA6D513163BBEB051AF82C6
4915107816 56481 1462 5CDEF91BB207F6CE93A61395D085F260F170A1E9C6EB4DCE93F5DDFFA602E6B9
4915105861 1798 14232 F13587BC89FE4882C7C889302511FFD738D136129B9F5BE4C492CB4948A93A89
4915122899 35567 6245 87F886D6C758F37116286BE2BA20B03212FC3BC36BC52458D2AFCC697C1924A7
4915103009 52848 22605 F13587BC89FE4882C7C889302511FFD738D136129B9F5BE4C492CB4948A93A89
4915103694 23376 36717 F13587BC89FE4882C7C889302511FFD738D136129B9F5BE4C492CB4948A93A89
4915117838 12877 4001 CCFD925D7A4EA156910F015D3D081A9CBD27D1EFB137CA675E635D52ABC8D4A1
4915105664 52127 9275 25055A1321DBFB043B13F244D9CC83C976F0C6139E2CE77C49E8A8DF480D7201
4915106534 61368 24890 F13587BC89FE4882C7C889302511FFD738D136129B9F5BE4C492CB4948A93A89

Total of 0 tasks calculated error.
