Total of 100 tasks calculated correctly, accuracy 100.00% 
5128808568 7653 43500 C4FB9AC489023807A16B012921BDB42D1BB8F26D8331DB2F844AF951E548F21E
5128815336 15443 8056 B35B6F2B057675B2C9096C5E50145054A7FB9EC08BB87F5E3CC2ECAE88C1921D
5128819199 8382 53185 F13587BC89FE4882C7C889302511FFD738D136129B9F5BE4C492CB4948A93A89
5128816927 19375 3127 BE0A043B79B9C3E280B41F4F19FD22EED2EB7521CC0BBF35795562CC1B84F1C4
5128816999 11196 54965 F13587BC89FE4882C7C889302511FFD738D136129B9F5BE4C492CB4948A93A89
5128813295 48854 24579 F13587BC89FE4882C7C889302511FFD738D136129B9F5BE4C492CB4948A93A89
5128819062 45765 26402 B96B256176455A87186DF302F36C2CD6E5385C1EA1FD641A5A2928D0A72E4A39
5128816230 26121 23134 296C0F1B87ABE1768CC7E6329ACBC109771811B9EFFB8851855562671DA13701
5128816672 24851 14816 C993C63ACD2B97C32DF33765A0353D29B43115572EE45C2BA26D674B8084EFB6
5128818822 26448 56193 F13587BC89FE4882C7C889302511FFD738D136129B9F5BE4C492CB4948A93A89
5128805175 17696 19897 F13587BC89FE4882C7C889302511FFD738D136129B9F5BE4C492CB4948A93A89
5128814440 58375 58481 FD8EA816EC99F4E09766C5B6EC631C8732E2C1D41023DBC37B94820A99F196CE
5128818652 47612 30293 F13587BC89FE4882C7C889302511FFD738D136129B9F5BE4C492CB4948A93A89
5128820766 22179 46756 9F025D6573B803BCAD9772036E2D68090B1F8EAE1DC95DB805CF2F3A2732F49B
5128815802 6787 10055 FA56C309D9FFABE3D2848745D75546D5DFCC8DE4D94253479D99F5B0D7BA5A8C
5128811958 20674 61983 F13587BC89FE4882C7C889302511FFD738D136129B9F5BE4C492CB4948A93A89
5128810663 30596 28351 F13587BC89FE4882C7C889302511FFD738D136129B9F5BE4C492CB4948A93A89
5128813386 51444 52548 F13587BC89FE4882C7C889302511FFD738D136129B9F5BE4C492CB4948A93A89
5128813150 17821 45786 CEB61051E1F22F6F3FE870F2058F8A30AE87A32659E70CC348316FA650CD0A0C
5128803275 26394 8509 F13587BC89FE4882C7C889302511FFD738D136129B9F5BE4C492CB4948A93A89
5128809544 59875 12224 D354702E187329C693794C55CF912CC490C0278034EFB013570EC686E6000B72
5128810933 44001 64299 A283C9A8443EB76BC4A2A9D873910002F68B96B204AE7D0F0DF23C115AE68EB1
5128812642 60894 36360 F13587BC89FE4882C7C889302511FFD738D136129B9F5BE4C492CB4948A93A89
5128814635 53153 10518 8DACAD225D827E862D5F642B85D89349E678C6D0752A938D5399A5EBF60D2E60
5128820246 28535 48707 A80336BF13A3A69603B72BB4360F727F3A669EEEBB6B07FBD13B778A7837BA8E
5128803852 39563 31640 DCAE15FBEB36B14038FB4725DC071158079135A7A63367C8879DAD34E3595330
5128804134 32443 28273 8A7A5C8F4574EF4837D06ED58C08FFD3556C66D7E1069302A0F09A4F38F61509
5128804516 52 32727 F13587BC89FE4882C7C889302511FFD738D136129B9F5BE4C492CB4948A93A89
5128808508 16651 47756 FE6A472953726F9620133056AB4D0B500C50EA9CFAC936F3E44CAF282D8DA3D9
5128806577 1252 60505 F13587BC89FE4882C7C889302511FFD738D136129B9F5BE4C492CB4948A93A89
5128821349 43738 23242 F13587BC89FE4882C7C889302511FFD738D136129B9F5BE4C492CB4948A93A89
5128809241 41901 61653 DFEB2DA9647BC66B5C94C76573D4E5B301418038759580F139304AC5CE1C11C2
5128803365 59172 50950 F13587BC89FE4882C7C889302511FFD738D136129B9F5BE4C492CB4948A93A89
5128805061 59628 30680 F13587BC89FE4882C7C889302511FFD738D136129B9F5BE4C492CB4948A93A89
5128820614 24540 1595 F13587BC89FE4882C7C889302511FFD738D136129B9F5BE4C492CB4948A93A89
5128809025 3727 53496 B4F532191A94E7868A06D331A9B8DE10E9112F9A00907B149BAEF7EC539B53FF
5128815841 47545 45923 C0263E00CCC29D51631F20CE54889D9671F785960F7424485287D9BE91FB47F1
5128816345 13806 31162 F13587BC89FE4882C7C889302511FFD738D136129B9F5BE4C492CB4948A93A89
5128810832 25849 48800 B413008F5BE58955787C641575C8550F7B05BF611AEDC0D46FB2529B8C1571FD
5128821199 40164 36538 F13587BC89FE4882C7C889302511FFD738D136129B9F5BE4C492CB4948A93A89
5128806122 2632 12329 F13587BC89FE4882C7C889302511FFD738D136129B9F5BE4C492CB4948A93A89
5128814618 40432 12365 F13587BC89FE4882C7C889302511FFD738D136129B9F5BE4C492CB4948A93A89
5128808074 24407 35852 2626F4783E1FC66377E66B1B1112A2EE35A4452C9A3443230CFF5BFAAF40C436
5128815636 54995 4753 00156F7E6F5F6F2988192FAD7BE150A98D881F2EC1F18141507FB90C1E255EE9
5128803400 28755 64233 7FEB6EBA0C8400C182D513A92A03B4543ECBC766E14B36C29070ACB4D986F639
5128821632 10588 51637 F13587BC89FE4882C7C889302511FFD738D136129B9F5BE4C492CB4948A93A89
5128806014 28144 48450 F13587BC89FE4882C7C889302511FFD738D136129B9F5BE4C492CB4948A93A89
5128811031 41220 8961 F13587BC89FE4882C7C889302511FFD738D136129B9F5BE4C492CB4948A93A89
5128808510 34256 39489 F13587BC89FE4882C7C889302511FFD738D136129B9F5BE4C492CB4948A93A89
5128815027 36760 10011 F13587BC89FE4882C7C889302511FFD738D136129B9F5BE4C492CB4948A93A89
5128807458 46093 50384 01789B0E585E14092A46BBEA0064CE3945EF7E8E98940FECF619534B48CDB801
5128819854 31654 26846 F13587BC89FE4882C7C889302511FFD738D136129B9F5BE4C492CB4948A93A89
5128807178 18667 33186 1F3812D9B2FA754D9BDA50C95E5C57F153447B649FB64421E4E0101FA50AE19E
5128802719 64705 10558 8E1B5ACF11519D9D468AC2B368C2E705342C8D0977046F352F47E0283C8AE9B7
5128808269 62664 2748 F13587BC89FE4882C7C889302511FFD738D136129B9F5BE4C492CB4948A93A89
5128811129 4559 51647 B620B8475F4B13DEB2168CDADC8477EEE1EE059A8A071CE158BD436C7D6CBBF7
5128810299 57535 34839 B48581B90EB37063A5434D91D64F5493E48EEEF8C7980F9559FAF35BF9B46536
5128818077 64568 13413 F13587BC89FE4882C7C889302511FFD738D136129B9F5BE4C492CB4948A93A89
5128814214 44741 39859 E88F68561B77BC6ABCB15F4C705590F799FCA60A8D786AF3F08EFAB3F1A76AC0
5128814515 65177 60381 7C82F812237F4DDE06597FB1F7894FE1816E8778124CD4DBF912DAD9DAF855E0
5128805994 22216 9333 F13587BC89FE4882C7C889302511FFD738D136129B9F5BE4C492CB4948A93A89
5128810708 25019 11628 BE61BD7C719AB725314A4F109317D2A76D8726733F1D4F738F924A9EFB592146
5128807682 61934 58238 F13587BC89FE4882C7C889302511FFD738D136129B9F5BE4C492CB4948A93A89
5128810261 22252 7855 F13587BC89FE4882C7C889302511FFD738D136129B9F5BE4C492CB4948A93A89
5128814969 18463 35201 2070A62E4B9F1C26B150107BB0387CF4EA07764B90445AB9FDD08286A20F71CC
5128810317 15855 41732 7F27229738D8B5D603D60D82FAFDB7A06ED077C97B79D5E9853BD011ACC24F32
5128818966 62839 24979 DB4A358FB553EA974DA1E157F6372D7F7726BD471456CA5E8D543811CB959076
5128811853 19488 7727 F13587BC89FE4882C7C889302511FFD738D136129B9F5BE4C492CB4948A93A89
5128812350 25834 8639 F13587BC89FE4882C7C889302511FFD738D136129B9F5BE4C492CB4948A93A89
5128811615 13882 56281 F13587BC89FE4882C7C889302511FFD738D136129B9F5BE4C492CB4948A93A89
5128807087 41598 21500 F13587BC89FE4882C7C889302511FFD738D136129B9F5BE4C492CB4948A93A89
5128818956 4029 23875 CCE18900F01D88D532877E081EADFF6E17B3B225129126A80CE0F17CF7A4735E
5128818772 63839 39943 130BF042B6154BC77DF7E7E96A461CC3D5E911D02A33EBC0AFF71279AE32B831
5128817433 21596 19548 F13587BC89FE4882C7C889302511FFD738D136129B9F5BE4C492CB4948A93A89
5128820439 9998 62734 F13587BC89FE4882C7C889302511FFD738D136129B9F5BE4C492CB4948A93A89
5128804851 18977 28263 24111975B3D607F040F443E27867A3D7CBCD52E82A620BFD59A5B09B6669078C
5128812152 46084 53038 F13587BC89FE4882C7C889302511FFD738D136129B9F5BE4C492CB4948A93A89
5128820946 15675 5716 9EBD307A2B389252015D727621FE785DD23289D813990E49B4D547174FECE4B9
5128804153 34697 11683 82C1F127F4DD5D9D986FA1A032C54A9254639762CDF124A39577932D6798302D
5128804013 2337 61240 2F95D36F02EFA869F0F82D8C5449BAE73141281CD7BE1EBE607D087A26D439D7
5128815068 19719 39220 91575BD743B5942840AF4EA264C1395BBADD9F1BCCAA7512E4A4B6267B429C0C
5128819033 52013 44746 86E1EB3452D83B9D24741B1784424678693CA5753A56B8DB0D72DDC02604E143
5128819027 2659 14909 34E9356F2352B939EF7CCDF4248EC6F3278CA1FFD7E58E143F99D3566F0068C6
5128818315 20589 20068 8FBDFFECA984209AD387AC614A2AA9604DB94142F12B71AA66DF741F9AAFD92C
5128808050 55927 23421 24A559A2D22D99EB53CBF71C273FD39F2EAC0311ADC5CE80EA5F0749209C5C32
5128811226 62278 1850 F13587BC89FE4882C7C889302511FFD738D136129B9F5BE4C492CB4948A93A89
5128808379 41258 13893 F13587BC89FE4882C7C889302511FFD738D136129B9F5BE4C492CB4948A93A89
5128808487 56425 62335 AF82B7CD1139292E49DEEADEBB7DBDD39BBB43734A4E348C79BEA680D429101B
5128806782 39625 10721 9E5C713DE187FFAF28283FDC9C470DCA3E139D58D52B984A78E4B1F4241A9E92
5128813669 16636 10690 F13587BC89FE4882C7C889302511FFD738D136129B9F5BE4C492CB4948A93A89
5128806834 59776 60713 F13587BC89FE4882C7C889302511FFD738D136129B9F5BE4C492CB4948A93A89
5128802247 43600 24977 F13587BC89FE4882C7C889302511FFD738D136129B9F5BE4C492CB4948A93A89
5128818723 26320 20699 F13587BC89FE4882C7C889302511FFD738D136129B9F5BE4C492CB4948A93A89
5128808427 41112 59393 F13587BC89FE4882C7C889302511FFD738D136129B9F5BE4C492CB4948A93A89
5128809640 5486 33188 F13587BC89FE4882C7C889302511FFD738D136129B9F5BE4C492CB4948A93A89
5128820929 10392 60683 F13587BC89FE4882C7C889302511FFD738D136129B9F5BE4C492CB4948A93A89
5128805698 48097 29309 572FCF886C1E126D993ABAC7163032316029631536FB0A60DEC19D0C4EA9B575
5128815923 17496 2542 F13587BC89FE4882C7C889302511FFD738D136129B9F5BE4C492CB4948A93A89
5128815771 778 5939 F13587BC89FE4882C7C889302511FFD738D136129B9F5BE4C492CB4948A93A89
5128804369 16162 38194 F13587BC89FE4882C7C889302511FFD738D136129B9F5BE4C492CB4948A93A89

Total of 0 tasks calculated error.
