Total of 100 tasks calculated correctly, accuracy 100.00% 
5236258981 1755 21046 BDCC47F1EB15D5E7B7A224D22476196AC4A2C27B469725E1EEC0205B73AA0D28
5236263839 11519 51609 E923C5DC812A3966918E4DC7AB4086B88C10541728CA909A286F30A101F5FB81
5236274393 49569 63910 2B1C1C98C747AD4DFAAC98991A798040A25C1E86483E122AC5B9712421829FD9
5236254198 21927 14718 AC7A7385C50981870095E6825B7D452103B7970225C763A04597E856CC475A84
5236258157 59993 65198 2C813D632823FA1B8A2AF6C4747FB3E401491EB9FB885AAF21B03C7FDF394FF3
5236260894 46123 52866 E3E8161E249A8F15F38D84F191768BCA2C220F8EAF969D693A19E5A8166330AF
5236255881 50031 50902 7D3D2D1FC2B3794C5F46202522D23C828D6EE6705C1D386E7CF3A24EA5561DBB
5236255676 1312 5635 F13587BC89FE4882C7C889302511FFD738D136129B9F5BE4C492CB4948A93A89
5236262107 15909 26771 16F63462269A1BDBD66186789695A0C4358D0BD0723BB7E5632212F9D05EBFA1
5236265442 54125 63231 B9823F6B555E2F2F1EE3E2678ABBD44804C00B021C40AB8CB3F8DF3C75672174
5236254695 48257 21852 92A54FDAD80F2262FDAEC0EE9A8C2A1778476830E29C0F763E95B63D821F6BB9
5236263351 20218 59329 F13587BC89FE4882C7C889302511FFD738D136129B9F5BE4C492CB4948A93A89
5236273836 58449 32306 F420222516C4CF32557F866DB288B2058DF77F3CF5DE51F47FDF3BDD0904039C
5236275615 55494 18088 F13587BC89FE4882C7C889302511FFD738D136129B9F5BE4C492CB4948A93A89
5236260760 60307 11931 4BAF12905C8BD0F4261AA89DC04BF4CBEF748582E41898A153EF76C002782434
5236254043 20624 16363 F13587BC89FE4882C7C889302511FFD738D136129B9F5BE4C492CB4948A93A89
5236259294 1098 14227 F13587BC89FE4882C7C889302511FFD738D136129B9F5BE4C492CB4948A93A89
5236264717 2666 38623 F13587BC89FE4882C7C889302511FFD738D136129B9F5BE4C492CB4948A93A89
5236256909 22689 17098 25209A61A9C49B64443B65B344DD4E0588F4C585988458E3E28AF670CFAECD9F
5236275748 56866 46129 F13587BC89FE4882C7C889302511FFD738D136129B9F5BE4C492CB4948A93A89
5236256984 15645 16012 235314D9D130BE3AA5C1FBFA8691A08F57C94DFCFD5C8ABF8B610964545765A8
5236263304 1099 59754 6AD0C3321D4E1C46132DF1CD9C6DAB726D951EFA0B8C6151489DC61558009DA2
5236262026 64198 3742 F13587BC89FE4882C7C889302511FFD738D136129B9F5BE4C492CB4948A93A89
5236256848 46673 32663 9CED1EA140DF5F17E905669CECAC1B0C523BA8DB02894D1469C28ED053E3ABD4
5236272712 13516 15909 F13587BC89FE4882C7C889302511FFD738D136129B9F5BE4C492CB4948A93A89
5236254408 55934 7425 F13587BC89FE4882C7C889302511FFD738D136129B9F5BE4C492CB4948A93A89
5236264031 2238 57207 F13587BC89FE4882C7C889302511FFD738D136129B9F5BE4C492CB4948A93A89
5236258098 39372 2735 F13587BC89FE4882C7C889302511FFD738D136129B9F5BE4C492CB4948A93A89
5236258538 52262 64817 F13587BC89FE4882C7C889302511FFD738D136129B9F5BE4C492CB4948A93A89
5236254714 51578 38682 F13587BC89FE4882C7C889302511FFD738D136129B9F5BE4C492CB4948A93A89
5236257014 64700 35032 F13587BC89FE4882C7C889302511FFD738D136129B9F5BE4C492CB4948A93A89
5236273476 7284 58934 F13587BC89FE4882C7C889302511FFD738D136129B9F5BE4C492CB4948A93A89
5236262706 55269 11768 A6C7D7031C8A7495DDDE2500F2C2CADFA79CD250ECA26F9FD3B22501CF76D75A
5236272223 20046 59817 F13587BC89FE4882C7C889302511FFD738D136129B9F5BE4C492CB4948A93A89
5236274263 9824 21571 F13587BC89FE4882C7C889302511FFD738D136129B9F5BE4C492CB4948A93A89
5236265024 13247 47608 6ADB5368CDC49A8017AB7AC980B9E6169284DF0B478AF8ADAFA23DCCD0173A6B
5236265301 51975 10413 662C19740828887FF0205C00CFE9BBBEFD58345C8E9A69ADB78E154523DE5C12
5236261592 57902 59185 F13587BC89FE4882C7C889302511FFD738D136129B9F5BE4C492CB4948A93A89
5236275554 26507 26227 D87FF824A51B2334E6534C8090B864ED4F7E8B4F6678E0F91AE85D2C3DA8943A
5236265109 22497 7909 99AC524AE3A6965CEF0F622C542D6AB24C6A9BC359F7FDD139FFCDC13D0A3969
5236263190 33212 55631 F13587BC89FE4882C7C889302511FFD738D136129B9F5BE4C492CB4948A93A89
5236266942 51419 26272 17CCD33BC3C1040EE2D8A761AFBC9E99E9EB042716463C34A2E1BA68C7D73B40
5236273050 33759 19733 3994E41543EEA745642B0E9F4AE922E873A2F80E189492EF418B2E495A980CAB
5236255478 46931 15277 2A42F292182CC1D692FE67E2500E6065A28B88E6D5183A6CE1737931BEFAC915
5236260932 23667 49674 E19599FA648DE0CE1B482F4606DE7718CB368F8535DBD9BEAD274218F5CF5C6C
5236263792 16399 24646 00201C6BD24ABA162392CD3DCF1DF99730F3088352F888DE7B09DDBF5AD621BF
5236272458 15989 22665 3EC9E3B46EEDD97F41BCB809F73AEC44D57B98E8E4E78F3F9E842BC2F783FB14
5236254825 21665 34713 F3A3830E31FAF55C6E6C9D23D5047A3AA886D7BC665933149EFCE55ED4871479
5236274667 45362 38704 F13587BC89FE4882C7C889302511FFD738D136129B9F5BE4C492CB4948A93A89
5236260505 47262 9633 F13587BC89FE4882C7C889302511FFD738D136129B9F5BE4C492CB4948A93A89
5236256614 49789 25879 B1A8F470D36AC1448F518AD2A0D6A389FDD1E7550CB7D54D6E8CAC023C9F6380
5236258913 64066 26831 F13587BC89FE4882C7C889302511FFD738D136129B9F5BE4C492CB4948A93A89
5236263511 36707 35836 F03443F00C9F5F5AD666C2D3E471A1590598DF7FB99D68540588DF3E20B5F5FA
5236274703 14983 44491 5ED4EBC0F980650F2B96D503651C70C3A125A33488EDDA306F7FA08CC4E92D82
5236264848 431 18171 44582386AB4D2C183D6A2FB69478DDA92D6664BE43D9AAC415739EA1E0C311C9
5236264201 41657 12092 EC2350546F7747C3F3D5E953779B5ED1F5F02FAA5CEFF213BF126684D8025DD9
5236264455 12869 8038 AC959CEEC5B2F790E5D2FA9AC109F85D9BC4DFA6DF0537C06966F4DF79A69FBF
5236259618 8177 32937 519866AC3FF8B4CC191ABF3827259296C1DEEF4E0F398F32DBEAF8805174B13F
5236259992 15914 62306 F13587BC89FE4882C7C889302511FFD738D136129B9F5BE4C492CB4948A93A89
5236274870 6945 4575 87FBC53A4C4A6CAE570A37CECAB5DF5FD32F9758110E87856EFF29F48E1D6D40
5236272748 15706 28290 F13587BC89FE4882C7C889302511FFD738D136129B9F5BE4C492CB4948A93A89
5236254227 29523 46028 B31171D6EA187EF28EA5408F6F784F8D466A7FA1633C85791E9DE6D7D97B671C
5236259069 19276 30688 F13587BC89FE4882C7C889302511FFD738D136129B9F5BE4C492CB4948A93A89
5236267471 151 51020 9406C072EA6514E2B6DB84ECC147152DE29D205708D1DEB7743A6406664EF5F1
5236256255 57398 28433 F13587BC89FE4882C7C889302511FFD738D136129B9F5BE4C492CB4948A93A89
5236267825 52182 9376 F13587BC89FE4882C7C889302511FFD738D136129B9F5BE4C492CB4948A93A89
5236275584 15224 47165 F13587BC89FE4882C7C889302511FFD738D136129B9F5BE4C492CB4948A93A89
5236266605 13248 5488 F13587BC89FE4882C7C889302511FFD738D136129B9F5BE4C492CB4948A93A89
5236257484 42670 59817 F13587BC89FE4882C7C889302511FFD738D136129B9F5BE4C492CB4948A93A89
5236260204 9837 33073 C962ADB6A72B1C39CE31FBCA24841A1D5EFEECCD30782A2C71C9CC56DFAD651E
5236264420 39290 53049 F13587BC89FE4882C7C889302511FFD738D136129B9F5BE4C492CB4948A93A89
5236264834 33339 16639 A9123FD32C63CD6E3F1A249BC2C38123DB6E7974DC92FD31966C5FF6A03A656A
5236255983 46690 30037 F13587BC89FE4882C7C889302511FFD738D136129B9F5BE4C492CB4948A93A89
5236262306 24088 41915 F13587BC89FE4882C7C889302511FFD738D136129B9F5BE4C492CB4948A93A89
5236266448 20957 20451 5D660B397DD5AEDD2DBDD9A7FDBA335FEF5EF3A09895AE2D8D411C955403FF1F
5236254105 47169 24962 67D704B3CCEAC7F5953C1E96673950BC1A1F9D171D203849BEEFAC84ABBB4A1D
5236266410 35941 63358 4F07ECD6F2DB311334BED4F670BDAF6B2D89E9DA61C2B6CB93DC596F031E6C17
5236264045 9073 51269 F882F117A6D1D82A33486572505B1A3729914CAC18C21A1C78FAE3B1F6258BF5
5236274541 31144 46898 F13587BC89FE4882C7C889302511FFD738D136129B9F5BE4C492CB4948A93A89
5236259935 12965 14501 F2A41CBA430A1F21146E9DF3E0E8A961D1095645134E2BCC6D07B61C250A5076
5236258984 26413 10318 8C6E2079947819F1752D0955C28DCF998B362E8B035FFE26094A9732D247830A
5236267790 24407 34147 4D5440A7B887DF1CBE400C24CF57E01402556A52696D245FFAE990D080774E49
5236267991 11800 63951 F13587BC89FE4882C7C889302511FFD738D136129B9F5BE4C492CB4948A93A89
5236265077 31005 50921 D2A6596FDA5F691191AEA8E1B4D77270F0E433FC9843928C0F5D4D21F804A150
5236262934 13907 11091 6B04D9E8E7B8C4341A9C5C28DD9C2043114C7C0BEA720BA92E30E0705C6C31D9
5236267383 10714 22959 F13587BC89FE4882C7C889302511FFD738D136129B9F5BE4C492CB4948A93A89
5236256870 17219 54413 5627CAFFA043B458F7AB39DBC7C0383856DE481231AB68A537D621E1760AA174
5236258309 44390 18418 F13587BC89FE4882C7C889302511FFD738D136129B9F5BE4C492CB4948A93A89
5236262717 27077 18949 34AE356BFAE9D4260FB9717643786E4286D1811EA865ED69062597E33D4A37F3
5236254633 3172 21648 F13587BC89FE4882C7C889302511FFD738D136129B9F5BE4C492CB4948A93A89
5236260865 51418 1738 F13587BC89FE4882C7C889302511FFD738D136129B9F5BE4C492CB4948A93A89
5236261359 47402 9230 F13587BC89FE4882C7C889302511FFD738D136129B9F5BE4C492CB4948A93A89
5236262117 4851 54971 7E4C3A7F0CD60282A0802A90EACCC1134DFE048EF80F0B4F5E9309E68DBB386E
5236264274 18511 49161 D4BFCCE8A14E06E925CED90E7F0AE5CC2AC27A61707B7E045D9328A8D7FCC2E7
5236260898 63191 178 FB8BDD0E732E6CDF4CE4F09D1DC4FC88C1BEEFFF171725821F7EAD5AF1926856
5236262917 21645 54195 5A396960E071C8FAD75F8D5FA11064D15752434563ACEE56F9C46A0C2894543E
5236262289 55691 56503 E994D6A2610991F310BC0195B30EA85C00D3CB3D5C86A8093C0F7B14E8B79F9F
5236254090 7590 41815 F13587BC89FE4882C7C889302511FFD738D136129B9F5BE4C492CB4948A93A89
5236259099 2758 1629 F13587BC89FE4882C7C889302511FFD738D136129B9F5BE4C492CB4948A93A89
5236265224 62869 7422 A4C22E69210627F7ABC069FE0547DAE14B71E62AA449124C73C1EAC2A836410A

Total of 0 tasks calculated error.
