Total of 100 tasks calculated correctly, accuracy 100.00% 
5771113305 44720 42619 F13587BC89FE4882C7C889302511FFD738D136129B9F5BE4C492CB4948A93A89
5771116601 34349 37503 4ED48C3ADE21216FD2C8002929894331A92FFD92DBD1318EB6070981EBEA3DFF
5771110081 5822 35505 F13587BC89FE4882C7C889302511FFD738D136129B9F5BE4C492CB4948A93A89
5771111522 17663 42182 D879FE27E3527087EAD85792E7070AC8C205D73722147ABD98EBF4C7B1374C1A
5771115312 32242 24483 F13587BC89FE4882C7C889302511FFD738D136129B9F5BE4C492CB4948A93A89
5771109989 32560 13478 F13587BC89FE4882C7C889302511FFD738D136129B9F5BE4C492CB4948A93A89
5771077548 14474 38193 F13587BC89FE4882C7C889302511FFD738D136129B9F5BE4C492CB4948A93A89
5771078509 22918 61282 F13587BC89FE4882C7C889302511FFD738D136129B9F5BE4C492CB4948A93A89
5771117175 30762 11811 F13587BC89FE4882C7C889302511FFD738D136129B9F5BE4C492CB4948A93A89
5771077487 50665 52730 B11CDB824FB78830908D825DC6563A2469D8533657A2355D68E233860977DB3E
5771117147 22455 35716 521371410B06F4A071CE3DC898B791C3529FBAF4ECF621235099799366F1CE2A
5771123406 59597 62082 46CB062DAE4774AEB2C330A5137A66E364F73892ED4C97B51B7A4FA5A85A9FEE
5771076661 31843 43908 DB57EFBDBE845A42C277E7E555F1B6FA86FE5978DA5719A0D09E293D92A3807F
5771121078 63810 17054 F13587BC89FE4882C7C889302511FFD738D136129B9F5BE4C492CB4948A93A89
5771118770 45532 5112 F13587BC89FE4882C7C889302511FFD738D136129B9F5BE4C492CB4948A93A89
5771078983 61001 35549 EA358BE46A5406885B25BB0A4621109BFF8BA4E8341FF0FB4A01AF2F1E4C7DF0
5771119438 59467 51188 AA5B962308760D2B1F733778B55B80B04E8EAC247446623A1398071866B68F68
5771122539 37951 32865 C4097039F592342A924439F451CFCF5C77581DDDA667E06250817379E7FF2402
5771114162 23414 61722 F13587BC89FE4882C7C889302511FFD738D136129B9F5BE4C492CB4948A93A89
5771116234 14872 62247 F13587BC89FE4882C7C889302511FFD738D136129B9F5BE4C492CB4948A93A89
5771113068 42696 1857 F13587BC89FE4882C7C889302511FFD738D136129B9F5BE4C492CB4948A93A89
5771121624 38305 34466 744DEF677D1CEF6A5B314C99806576EC908AFFA1DDC5412F387C87DA4F0032E3
5771076104 36083 6748 E7152A89E05555384BE98E5955A4F7BCAC7D21A19F8419E9A56A6D9C7E5B22FD
5771108099 45971 9661 4871F5B124F7B19994B9854E181581EE1C4CB41F91DBCADE46F44DFFE7D3696D
5771117808 4579 16650 9BFD3C664D5B0EB46A77BE64694A51B5BE570147F856D3CDD8F5B6216CF9C442
5771111026 12608 48767 F13587BC89FE4882C7C889302511FFD738D136129B9F5BE4C492CB4948A93A89
5771118914 61960 57593 F13587BC89FE4882C7C889302511FFD738D136129B9F5BE4C492CB4948A93A89
5771113142 41761 22465 A16A9E4381EAC2A035528F6C8B6BCC7B84359788604EBBB3F4B08EA67EF56990
5771076054 61177 50561 883269B99FF79F3593933B95ED74FDBF79EE1B4D7BCACACF4B0970905CD6FFF8
5771076687 64554 34872 F13587BC89FE4882C7C889302511FFD738D136129B9F5BE4C492CB4948A93A89
5771121187 624 60671 F13587BC89FE4882C7C889302511FFD738D136129B9F5BE4C492CB4948A93A89
5771112215 26868 15010 F13587BC89FE4882C7C889302511FFD738D136129B9F5BE4C492CB4948A93A89
5771109236 28071 30921 03ECACD7F67FC49BD4FD7B2CECB04DC67E6C6CA769BBD3E09A1F780C09EAC95B
5771079564 45175 35720 A705A8E41667E78ED8669752F85CCE1374D317A90B64671469821B98552B8FF2
5771123343 53092 33414 F13587BC89FE4882C7C889302511FFD738D136129B9F5BE4C492CB4948A93A89
5771112770 57069 15814 37F41180063F960FD51E1E45A5A74654AA170E9AD0B07DA45A7B36C4315D1054
5771112112 39561 5147 B501F819CCDAA2A9F2DB45196C7252A4702F0008B31992462417A7127C19FDF7
5771117158 15352 46236 F13587BC89FE4882C7C889302511FFD738D136129B9F5BE4C492CB4948A93A89
5771115473 32289 56476 EEBC7B64E52EF72F7D0DC1C415C8FEE693C031DFE52472944E3BDB114991A959
5771078384 38919 3041 EFBD00918F9E19EDB83A35F80D0ADA887B914B74D0949043495BDC6E02CD7FDC
5771118016 14247 19527 EEB030C24CB69F44587273E221D54D3E89894D08964F603B0070ED4EBB0E6FDE
5771122164 33946 41939 F13587BC89FE4882C7C889302511FFD738D136129B9F5BE4C492CB4948A93A89
5771123485 12310 39384 F13587BC89FE4882C7C889302511FFD738D136129B9F5BE4C492CB4948A93A89
5771114810 19193 58240 624A411BEA858ED15EAC38C3B82195CFBB75586190C9D2915C90F87D04E86376
5771077003 28942 6311 F13587BC89FE4882C7C889302511FFD738D136129B9F5BE4C492CB4948A93A89
5771121280 31910 27709 F13587BC89FE4882C7C889302511FFD738D136129B9F5BE4C492CB4948A93A89
5771116515 18514 2343 F13587BC89FE4882C7C889302511FFD738D136129B9F5BE4C492CB4948A93A89
5771116372 32805 2496 AFF79BDAADCFC046CC798C6BA96F05E38600BCD338E2CB11EEFC30444C69653D
5771118633 24946 24656 F13587BC89FE4882C7C889302511FFD738D136129B9F5BE4C492CB4948A93A89
5771122688 49633 35678 F8152D45B274530B6144AA966ACB03A6088855F186946CC840F417B4328B18B9
5771123318 55151 42677 DEBFEFE62BF2A92D8732A7172467D79E2906ABDA924569FDCACD3A8053690F2C
5771114412 49825 27337 EA8D34B3DCA022886604072958ABAA02206E9DC40D1938EF55A4C8BF1C7807D5
5771114883 64694 42862 F13587BC89FE4882C7C889302511FFD738D136129B9F5BE4C492CB4948A93A89
5771118369 6484 19757 F13587BC89FE4882C7C889302511FFD738D136129B9F5BE4C492CB4948A93A89
5771078472 62238 60498 F13587BC89FE4882C7C889302511FFD738D136129B9F5BE4C492CB4948A93A89
5771112641 27969 11720 11E8CA485D79DCAFC5F8F7321C69B235A7E02534E461DD8C7F84924757FB80F0
5771079060 64679 34770 BFEBA5B63DE3CA1659322037D0F75BF6D9D145D161D078CE9664043A2A4C3BBA
5771123804 63227 49166 106AAF9C49D4FFC80F4D4193F73A32EF9B273DA18CBA6BF2E30F5F760C6E8F3F
5771120016 23832 10838 F13587BC89FE4882C7C889302511FFD738D136129B9F5BE4C492CB4948A93A89
5771108321 385 13749 98F1F84CAD66A2ED8B887C07FAECFE93DFE0870C8C9B284102F4E2F6CE8FFB75
5771118556 41066 60974 F13587BC89FE4882C7C889302511FFD738D136129B9F5BE4C492CB4948A93A89
5771122112 28402 13195 F13587BC89FE4882C7C889302511FFD738D136129B9F5BE4C492CB4948A93A89
5771109014 50799 54656 D695569E603DB652270241378D23E672021D601121F448FF58B4332B5A4A688A
5771077255 54367 48310 70E09DDD19A32E086400503827218497B20F6AA900C8B5D026EAF58A60EFBE0D
5771078938 62221 928 A41A3C5AA8CB343AA6E668426679FD3CA6BA11A91FD3C5D763BBB988A73762C9
5771123841 43389 7012 9219978BC2E09864FAAB35CF77E270FADE11D77F49BE8F901ABC4C3B7C65A2AC
5771114155 49227 21667 8B467E6377011C3A78340310A3C7C190DE36B0A40720F23C3EA32A4DA5C104F8
5771117138 7864 3982 F13587BC89FE4882C7C889302511FFD738D136129B9F5BE4C492CB4948A93A89
5771115368 34555 31967 D4DF7AFD9D4A9D0FF989E8F19A194C9B1BB40B983C97C79361616770E43982E7
5771115034 541 19031 5781EE81526C149EF3D3A606EFFFF32669E6D8E70E6F70F491EE5F4924D7E4E9
5771122631 25617 16192 830AFE40E1187B541D32EE4DAAABBFC85C953C9C8149F91B8D21D3852A9993C6
5771079671 4620 32403 F13587BC89FE4882C7C889302511FFD738D136129B9F5BE4C492CB4948A93A89
5771111039 18958 60431 F13587BC89FE4882C7C889302511FFD738D136129B9F5BE4C492CB4948A93A89
5771079265 35519 28688 D386F182A845ADC67537A755F54B2F0FC3F56DBF2FE07E676A89705EE1A476FF
5771115348 55955 45549 4B8F8DFFA60CC7CD6819FB9BD6933F7DEC1E6B207402067F378185C0A13AC929
5771112417 65440 10232 F13587BC89FE4882C7C889302511FFD738D136129B9F5BE4C492CB4948A93A89
5771113447 52792 18109 F13587BC89FE4882C7C889302511FFD738D136129B9F5BE4C492CB4948A93A89
5771116524 1640 41794 F13587BC89FE4882C7C889302511FFD738D136129B9F5BE4C492CB4948A93A89
5771122871 25292 22233 F13587BC89FE4882C7C889302511FFD738D136129B9F5BE4C492CB4948A93A89
5771120323 47737 30811 2ADFE918D538D86D601651F8536309B4D82584F17AFA0E948BA60A3A5413F294
5771121858 53742 42826 F13587BC89FE4882C7C889302511FFD738D136129B9F5BE4C492CB4948A93A89
5771108152 12433 48568 701A18E9158E7E91C5E1880075D6EB4AA540EF971F6854C6FBC31E6398938093
5771110663 28340 19264 F13587BC89FE4882C7C889302511FFD738D136129B9F5BE4C492CB4948A93A89
5771123250 20672 22143 F13587BC89FE4882C7C889302511FFD738D136129B9F5BE4C492CB4948A93A89
5771078018 65464 50193 F13587BC89FE4882C7C889302511FFD738D136129B9F5BE4C492CB4948A93A89
5771112987 1275 11603 4B1022968C11A57FF2356B42FEB68E60A7F8680F5CFA087F6FF1FF8895DFC41D
5771110273 11403 14651 5933C0D0482C43623DBDC0E587C53D845B2191A5EEF264BC5AB0BB1F147DF5AB
5771108720 27810 24376 F13587BC89FE4882C7C889302511FFD738D136129B9F5BE4C492CB4948A93A89
5771119859 39014 27021 F13587BC89FE4882C7C889302511FFD738D136129B9F5BE4C492CB4948A93A89
5771112821 52957 11559 5CEA254D2B4F10C05D897CA712B79B43268986B10BB2DCBE93ABDA9D6E2DA014
5771109319 28860 41016 F13587BC89FE4882C7C889302511FFD738D136129B9F5BE4C492CB4948A93A89
5771118284 48002 39311 F13587BC89FE4882C7C889302511FFD738D136129B9F5BE4C492CB4948A93A89
5771076145 55183 1764 092BA0739E367B8DECF1E59E1D6CF0BED0D3A7AAE760ED67ABE6A777E4EAD26E
5771119881 19133 58042 771650785DAB19994F77B22046130568714DF083682AEF89F29449E8838E1834
5771076986 65252 1604 F13587BC89FE4882C7C889302511FFD738D136129B9F5BE4C492CB4948A93A89
5771116992 56703 10177 D348712DADDA87B660AC058A62811BC0E1C3978E82F5FF7E8CDD3D36D30FCE03
5771121687 52055 64491 1BF2051DEC2FDF64543D8FB2DA062CA6C52DA3A6A04922319B3FCF64A3705952
5771123569 16476 23539 F13587BC89FE4882C7C889302511FFD738D136129B9F5BE4C492CB4948A93A89
5771079613 40672 34994 F13587BC89FE4882C7C889302511FFD738D136129B9F5BE4C492CB4948A93A89
5771108371 37291 30869 1AA7D77E3D9CE3B1AF3092806CC818FD60320C9F9FA4A4415AC7EA6CB66D7F74

Total of 0 tasks calculated error.
