Total of 100 tasks calculated correctly, accuracy 100.00% 
5878112260 42791 55011 68A0D0762E3917D4A63AC9DEB0B8F0166CF95E9F54C385E6AA37EEF30EFCB57F
5878123707 20164 16022 F13587BC89FE4882C7C889302511FFD738D136129B9F5BE4C492CB4948A93A89
5878104803 23392 55448 F13587BC89FE4882C7C889302511FFD738D136129B9F5BE4C492CB4948A93A89
5878102584 51318 14385 F13587BC89FE4882C7C889302511FFD738D136129B9F5BE4C492CB4948A93A89
5878110845 26431 61682 4F341E62090A34CCB240D0966C5886E7F2A44191321AA8ABF0E6ED3FD3BED4A8
5878100334 42592 17803 F13587BC89FE4882C7C889302511FFD738D136129B9F5BE4C492CB4948A93A89
5878120372 29082 15620 F13587BC89FE4882C7C889302511FFD738D136129B9F5BE4C492CB4948A93A89
5878113935 48642 16881 F13587BC89FE4882C7C889302511FFD738D136129B9F5BE4C492CB4948A93A89
5878121044 14042 53744 F13587BC89FE4882C7C889302511FFD738D136129B9F5BE4C492CB4948A93A89
5878114673 29954 52164 F13587BC89FE4882C7C889302511FFD738D136129B9F5BE4C492CB4948A93A89
5878102516 23856 11109 F13587BC89FE4882C7C889302511FFD738D136129B9F5BE4C492CB4948A93A89
5878113175 34441 14113 D58E13913F2D8851BA7AD70CAA86439417D6CBD65640BDFDCBA4E81F7AD64F9D
5878104748 19498 53740 F13587BC89FE4882C7C889302511FFD738D136129B9F5BE4C492CB4948A93A89
5878107547 1999 57262 4377BE06B8479E6B433BD1A119277A5C84670CFE48FF0FFAF9C2CA2CA4A5E105
5878105363 59333 25474 9139D0CB9868BBB5516361C7EE94BC4DB23BAB3E82FCF9A7CA3C341A51775122
5878121629 13689 19833 ABF3A56954E79198C816985CB5D249B79731E2FC48C2CB87251CBA5E8B99F958
5878104327 25553 32214 9DA4D5552211F28D0BFE326A2FECFF7257027866556EC5C9355B3B8438225C34
5878106734 337 55248 8875100DA70F1594E72E25CCE88DD51454B568FB55D45643814428E92C3545D2
5878100076 36046 14308 F13587BC89FE4882C7C889302511FFD738D136129B9F5BE4C492CB4948A93A89
5878105127 38414 11546 F13587BC89FE4882C7C889302511FFD738D136129B9F5BE4C492CB4948A93A89
5878102086 13572 262 F13587BC89FE4882C7C889302511FFD738D136129B9F5BE4C492CB4948A93A89
5878114033 52382 22061 F13587BC89FE4882C7C889302511FFD738D136129B9F5BE4C492CB4948A93A89
5878113635 57799 444 93E6F006746A8B77A9A3936444902D78FE54B66FF90913A29F1C96A0FA53A60E
5878100456 32931 41326 5EA2A499BE3C9B4E9D9744E55D8F0C5D697B9B8B97349D0CA0E870BD39B43055
5878109437 32379 6738 3A19E11A636E09132789B505A1FE517D3229D5AF3F24964E9191F0409D14329E
5878105508 62548 6066 F13587BC89FE4882C7C889302511FFD738D136129B9F5BE4C492CB4948A93A89
5878103676 34150 16316 F13587BC89FE4882C7C889302511FFD738D136129B9F5BE4C492CB4948A93A89
5878109995 12251 37766 13622C3733B97B813A1615B296C809E0335AE84C8BF646C5176F35C2D5937D2A
5878108287 13799 18010 EB8216B03018148ED8839435C8C19A012C55D6CCBC3FAA2222E96A4E495E13BD
5878100218 3786 54236 F13587BC89FE4882C7C889302511FFD738D136129B9F5BE4C492CB4948A93A89
5878111022 38684 39005 F13587BC89FE4882C7C889302511FFD738D136129B9F5BE4C492CB4948A93A89
5878104851 26845 58003 F917F65C814F62427F36BBD1922CBC1A6E54371B358BE1ECD89B95C9D2001C88
5878123580 18851 20492 CDC283F4339132340BFA96BF082E1F89F9E33DCEE0406B64BEBC0292DDFF98EC
5878113406 60364 43513 F13587BC89FE4882C7C889302511FFD738D136129B9F5BE4C492CB4948A93A89
5878115432 28551 61240 028C8A6F4009C9394832AA42E44EAA5929213DAEB8F888466EA73D3CC9E620D5
5878112632 50526 60564 F13587BC89FE4882C7C889302511FFD738D136129B9F5BE4C492CB4948A93A89
5878103888 53478 7536 F13587BC89FE4882C7C889302511FFD738D136129B9F5BE4C492CB4948A93A89
5878104743 59115 40409 1497D57A508002399354DE05D69943E6C59F498F849CB9F7A172B953B04AACD1
5878107676 5128 30587 F13587BC89FE4882C7C889302511FFD738D136129B9F5BE4C492CB4948A93A89
5878115923 28796 28301 F13587BC89FE4882C7C889302511FFD738D136129B9F5BE4C492CB4948A93A89
5878104138 43960 63064 F13587BC89FE4882C7C889302511FFD738D136129B9F5BE4C492CB4948A93A89
5878109566 49005 54444 CE11941E3C34EB4FD3BCE0D3983EA1D5E351759C4BF9AB089D4DA4A14358EB55
5878121683 49408 31722 F13587BC89FE4882C7C889302511FFD738D136129B9F5BE4C492CB4948A93A89
5878113052 12721 17111 43D7562F9D4FCD10B485EF415D2C6F5229CE7965FFC8BF1798D53478DFCFE045
5878106106 59036 34319 F13587BC89FE4882C7C889302511FFD738D136129B9F5BE4C492CB4948A93A89
5878101534 14803 58707 7956C24CAB464FFBB7CE27F7AF90324E73994877EE2168BA95A0BFC6F7B63CCF
5878104900 3135 2681 C24A57941FBEA07F51337FE61D8B6CCA2FA45BC28982164F6FDD7FF2C1854062
5878104977 62006 47184 F13587BC89FE4882C7C889302511FFD738D136129B9F5BE4C492CB4948A93A89
5878107886 17552 6830 F13587BC89FE4882C7C889302511FFD738D136129B9F5BE4C492CB4948A93A89
5878110714 12758 16962 F13587BC89FE4882C7C889302511FFD738D136129B9F5BE4C492CB4948A93A89
5878103267 49971 63610 F517B454AEEBD53DC867676E46E211391DC766CC05C2FD6354DC03BD5A54011B
5878109579 20552 14170 F13587BC89FE4882C7C889302511FFD738D136129B9F5BE4C492CB4948A93A89
5878113178 2683 40488 9B19D87BAB62D5E0396AE1061589C71CAF551A1E48858049F4C7B9FE30B83A38
5878114844 62946 43948 F13587BC89FE4882C7C889302511FFD738D136129B9F5BE4C492CB4948A93A89
5878109216 8293 48449 3DD4B0E3F207B871BB738DA7550871CEE068B51DB5D6164BB4869DB55318FBC6
5878109577 27635 35578 5F6E7B6662F00A15F62FEF3054296A9128DDFB2EC6D57A831B5843D524889E25
5878103155 62759 29419 3E931EF62336CAB727F47E71ECAB7DF3E8BBC4E0301E462E8C85306290C0E5F8
5878103724 18172 11726 F13587BC89FE4882C7C889302511FFD738D136129B9F5BE4C492CB4948A93A89
5878120807 5341 49953 EAF72680C5BD28E45BC77B81C6DCEB919F46CEDFB899B7E5685F57B159E11FD2
5878110415 63457 23078 DEFCB9821910A9D1BCAC094E1F73C6526F625AB6C53860E9D40D198C488E2911
5878112571 29410 1611 F13587BC89FE4882C7C889302511FFD738D136129B9F5BE4C492CB4948A93A89
5878109860 13911 10700 569044CEF73AA957D9337B20F5B5BBCB41EB821936510AB54A246377DAD0679D
5878100938 21881 28373 B68AA8B3539BE6E7797AC7AF8F958705BF473D2015B50923407DA77AFC6DBD8D
5878111813 21942 39829 F13587BC89FE4882C7C889302511FFD738D136129B9F5BE4C492CB4948A93A89
5878108329 63210 7563 F13587BC89FE4882C7C889302511FFD738D136129B9F5BE4C492CB4948A93A89
5878107752 10322 52002 F13587BC89FE4882C7C889302511FFD738D136129B9F5BE4C492CB4948A93A89
5878114784 55776 255 F13587BC89FE4882C7C889302511FFD738D136129B9F5BE4C492CB4948A93A89
5878102366 46766 39249 F13587BC89FE4882C7C889302511FFD738D136129B9F5BE4C492CB4948A93A89
5878109662 23841 26164 729FEA67126EB610133F0883CF5B6FC486BD089C77F757173F78ED29776844D0
5878115990 7900 2967 F13587BC89FE4882C7C889302511FFD738D136129B9F5BE4C492CB4948A93A89
5878115880 60181 53742 579702B04215BA43E0C151924D7C7CE8C0FC07F4132AAB88406DE9DB25EE274A
5878103534 17489 45349 4DC6E664E905F5858A6896C60A9D6F23F65E24FFBB57731FFCB8F9DD897834A0
5878107916 54385 27599 BEA553FFBFB04E2300856FF8B235FA0BC9032DB7FE8F33FDE7BF0E605DB13179
5878103448 25554 18500 F13587BC89FE4882C7C889302511FFD738D136129B9F5BE4C492CB4948A93A89
5878103017 36833 10124 B634929D7235B001577B6F7D26C24317241EA2ABCB8E838F8233A0949EF6BA10
5878109253 8138 48437 F13587BC89FE4882C7C889302511FFD738D136129B9F5BE4C492CB4948A93A89
5878108855 6834 52452 F13587BC89FE4882C7C889302511FFD738D136129B9F5BE4C492CB4948A93A89
5878106318 30600 15299 F13587BC89FE4882C7C889302511FFD738D136129B9F5BE4C492CB4948A93A89
5878120399 37011 45462 55F723510AE412FADC6900E7522527DCC1E6B6BC50EA5C907E6807D3EF72C4AB
5878102183 40735 3107 2E10838ADB4929836695AEF25441BD02BA4C6D4918BD1097E910E0F84C9270FB
5878121208 29456 14075 F13587BC89FE4882C7C889302511FFD738D136129B9F5BE4C492CB4948A93A89
5878101440 1127 10432 7FB7763648BB1FFC5931C0F8A2254D2DE9919791DC8D2C67A38AC4FD9CA97D8C
5878103755 18782 59355 F13587BC89FE4882C7C889302511FFD738D136129B9F5BE4C492CB4948A93A89
5878114001 17361 44346 196A8F9245FD8AA5B4D8A5BD0D68B1A5A2231A9F7AD6103831A70A0F2521E832
5878114523 24998 33232 F13587BC89FE4882C7C889302511FFD738D136129B9F5BE4C492CB4948A93A89
5878122817 33707 7002 94760E023819473586D7DFE02BDD7BED1013CED006D838E5DB7156FA9BA0E320
5878120350 15467 26767 D85C48E1625918C02D7FF0D9A89B4EAA6A8897F39725379792C75E072573EEA3
5878111305 26288 58822 F13587BC89FE4882C7C889302511FFD738D136129B9F5BE4C492CB4948A93A89
5878113015 5207 18517 717CBD92C3071635BBCF8F7E138D548BE6555620285FD11D24DC7241233153DA
5878109691 35156 13438 F13587BC89FE4882C7C889302511FFD738D136129B9F5BE4C492CB4948A93A89
5878110980 12986 64749 F13587BC89FE4882C7C889302511FFD738D136129B9F5BE4C492CB4948A93A89
5878122096 23207 59408 1B7EDAAE9C45CD8FC9568A93CAAB7B2DCE5231F93E9E4D25A3A690109E658ED7
5878110525 22037 62374 4DEE42D6F4B80C844AFEE15DAC81F47DBC24DA1B5E16E246469C7C1FE5B85FBD
5878109623 41713 6491 0D59519133C4AC6B63EFABDBCB79EBBCFF900978A124B17FCE94C7BC8EA69563
5878101755 33443 24756 59543E1802616FDAFB0FA6ADDDCB960D5CC2C7D5C961F3659E0AE9DFC8EDAD1D
5878105212 60150 22384 F13587BC89FE4882C7C889302511FFD738D136129B9F5BE4C492CB4948A93A89
5878100829 14387 3873 D420BBA1CF7BED36D8885DA1A67F142B443B13E69F89D18CB3475443CBC04B92
5878102003 31900 64559 F13587BC89FE4882C7C889302511FFD738D136129B9F5BE4C492CB4948A93A89
5878107466 23502 60992 F13587BC89FE4882C7C889302511FFD738D136129B9F5BE4C492CB4948A93A89
5878113430 32732 40450 F13587BC89FE4882C7C889302511FFD738D136129B9F5BE4C492CB4948A93A89

Total of 0 tasks calculated error.
