Total of 100 tasks calculated correctly, accuracy 100.00% 
527640666 4753 13466 08E5E98713EEEF5BC4C53CC9A50F67AE33AF524CD79E06C1085178172A9F56A0
527635349 35670 28151 F13587BC89FE4882C7C889302511FFD738D136129B9F5BE4C492CB4948A93A89
527628548 59007 14069 3C0D614F86BBB5A41D26AD931F5E03852649B84B4C88EFDB7C260CCC64B69B0E
527628905 56707 30801 BC7ED43FA888004B94D1E19161B477BFCFD8579C5DDCCD3357C2DF0BB2EEA1CA
527627580 28014 22585 F13587BC89FE4882C7C889302511FFD738D136129B9F5BE4C492CB4948A93A89
527624444 31451 12571 625025709891A13B56B6FD16CF9E66814809A4F95864A28801A3D955B5427457
527623982 27379 60534 779C24019EB46FF22C9799EE0EA57C9D5695BB6219B608B95E6FF49AAC461A05
527641164 1971 33543 65D29B39EE56D94CDC4562B7726CE8584187F08DED21BA1C92AE84D06D489881
527634630 50600 8007 F13587BC89FE4882C7C889302511FFD738D136129B9F5BE4C492CB4948A93A89
527634203 17246 42786 F13587BC89FE4882C7C889302511FFD738D136129B9F5BE4C492CB4948A93A89
527633438 33964 8132 F13587BC89FE4882C7C889302511FFD738D136129B9F5BE4C492CB4948A93A89
527622143 44494 27350 F13587BC89FE4882C7C889302511FFD738D136129B9F5BE4C492CB4948A93A89
527620012 48677 28355 654B4F8D09E57051DA3C3467B23F81D320C99C101AC9F27FF4DF79DE4C6DA0D8
527633754 35360 27089 F13587BC89FE4882C7C889302511FFD738D136129B9F5BE4C492CB4948A93A89
527623926 10174 27623 F13587BC89FE4882C7C889302511FFD738D136129B9F5BE4C492CB4948A93A89
527624213 4463 58785 7BA89CE533FBFCEA63B475B9C9B8C5798056083B8E23B779708F0314197DB318
527631915 15611 45186 1C40C644913868207A150B35C9C2AECF54FA78948C81181071853CC8066EAD57
527628668 6869 7661 24926E5827F1E284641E661BAB4505875CBD7DA9117811EA8B2CD8C07A16DCFA
527630663 39700 51547 F13587BC89FE4882C7C889302511FFD738D136129B9F5BE4C492CB4948A93A89
527625080 41518 17372 F13587BC89FE4882C7C889302511FFD738D136129B9F5BE4C492CB4948A93A89
527631647 33096 14648 F13587BC89FE4882C7C889302511FFD738D136129B9F5BE4C492CB4948A93A89
527633833 17253 33070 A5BCD6F6B99EFD2F3C5D0CFA14F23090336237109C171399E544498486B0A26B
527633793 35143 58967 467CD3AB4F3CD66A61AADD7AB76FFE537C20F15D11F180826F746E92F9D72A53
527626640 6179 55750 5F9C28F975E974C93C5198FF79627B6B8293EE2DD100D3A7916C79918F075A1C
527631255 4271 63744 9ED699DB10A39CBF81E73C98C5507CC0B61D6F45CC6EF147999E06A9FB46420B
527640352 3786 15729 F13587BC89FE4882C7C889302511FFD738D136129B9F5BE4C492CB4948A93A89
527631872 58375 63221 98BA196CA3357472F67EC922E338BBB1A5C729C315150134EE69DA3DC9AA1DA7
527628745 52212 46585 F13587BC89FE4882C7C889302511FFD738D136129B9F5BE4C492CB4948A93A89
527620030 7592 56538 F13587BC89FE4882C7C889302511FFD738D136129B9F5BE4C492CB4948A93A89
527624610 4196 22755 F13587BC89FE4882C7C889302511FFD738D136129B9F5BE4C492CB4948A93A89
527633126 16465 48252 C408E01F27AD7238C86E7637C37F9DB657467174903E98BD4152B11A62C954E0
527626670 49613 39648 3F26D882A22257483C144AFDAC7C78BCEE9F1AFB90FC8D034C81C59A30C86B0B
527630229 38269 4410 1BD012F2A5C9F16BF6097C70CD3BD569D4730AEC4845F44A0EDCABD82DEE4B8A
527627791 46860 53544 F13587BC89FE4882C7C889302511FFD738D136129B9F5BE4C492CB4948A93A89
527631308 34362 56898 F13587BC89FE4882C7C889302511FFD738D136129B9F5BE4C492CB4948A93A89
527641006 42309 21082 E06F972654D99D93B911B70AF6346596BFB28D99532864D39B45BF0C1382CB62
527629433 14877 54772 4765B210985344BA1BCB2010D7C3FC679BDE5282F135616E8EEED3F3301D60E1
527620719 42840 11536 F13587BC89FE4882C7C889302511FFD738D136129B9F5BE4C492CB4948A93A89
527630583 53883 59448 83998226AE1A47CB377B570937016B19967FC49A94801DF0DE4E612FD9A9A408
527628503 3130 64444 F13587BC89FE4882C7C889302511FFD738D136129B9F5BE4C492CB4948A93A89
527625673 56428 42655 F13587BC89FE4882C7C889302511FFD738D136129B9F5BE4C492CB4948A93A89
527620664 2757 30760 A1C17A554443B85A16FC361F2FC11A97DEB7564072085786BD7C17E80EA68928
527623731 20853 30887 EFD3DD92DDD1A1D4D1698B7996566C76159B55D68EBC701972A0B6D9F2035657
527635747 29335 17712 706A5AFC29A754548DE37350357913B19A54E930D75A90F4994136112783EACB
527622149 2823 40404 66B87B3B023018446DC6022B19F85182F69DA090C44EBEA2BEB8C006E2AE950B
527627579 45341 39382 8FF99D73CDFD6DEABE43587B154BBEA403475A57C3167E85219C35E521AD87A6
527622229 37492 27656 F13587BC89FE4882C7C889302511FFD738D136129B9F5BE4C492CB4948A93A89
527628091 63474 19932 F13587BC89FE4882C7C889302511FFD738D136129B9F5BE4C492CB4948A93A89
527628111 21281 51665 56A099A1E8902850B1C5E50B0631CB9409036D943ADC43F207B66CA70696A0A1
527630528 31776 18986 F13587BC89FE4882C7C889302511FFD738D136129B9F5BE4C492CB4948A93A89
527631134 17835 51719 8BD079771007CBF711F844C44C73EA447B0D379A5D2844A6F0311B31CAABDFD3
527626121 26820 16928 F13587BC89FE4882C7C889302511FFD738D136129B9F5BE4C492CB4948A93A89
527633983 30712 54879 F13587BC89FE4882C7C889302511FFD738D136129B9F5BE4C492CB4948A93A89
527624820 51598 55381 F13587BC89FE4882C7C889302511FFD738D136129B9F5BE4C492CB4948A93A89
527622769 44572 57645 F13587BC89FE4882C7C889302511FFD738D136129B9F5BE4C492CB4948A93A89
527634453 5487 39273 F1F6DB06F4538FE5E11019515A4807FEF29A49F5E703958D34F889A475F7BA60
527623374 1539 14229 C515DDE830A5C9258DA2BE8F524CF72A16CA4CCD31223B2907287FA294719806
527640900 5791 49279 E5AB164218AE85B0BE1049FFE1575C68436F3835A5BC457241A184C3C6B9B00F
527623713 28776 44839 F13587BC89FE4882C7C889302511FFD738D136129B9F5BE4C492CB4948A93A89
527630573 63571 4240 7F1134DB45196CD61E9C08E95B538EF08B41A1C06AED4B71A883075405DE70AB
527634366 56739 6221 B39E9D81B38347D231BF9C3DA05756EC7CD8A272BC6E683B9E7CFFE19E8A3FBD
527630914 41035 33457 971B7794631061E2398C71A7EE5DAF3B90EF11E31D3FE8F8C1CEFBB9C097039C
527620670 19016 17731 F13587BC89FE4882C7C889302511FFD738D136129B9F5BE4C492CB4948A93A89
527628628 9933 47759 F42FAD6060A141BE7AE13F28834D0B19CBB43B50CB64722E2FC1CC9958819D2B
527624535 46213 27249 02D54539D929489D37D57D526205BA0D255611C03D71FA2C753F927E99142B10
527629497 32325 17432 4C6C0D2BD437E40762D42815AC22C297973B045AA10048BE719DF4460792F937
527632523 40181 9870 FEB388C636818207C5F266BC1D44C90B78FB6E4FA4A82592359327F875750EAD
527630452 1635 37346 E8AB9302A67D1B69195AB58010783B065912EBF157B34F0FAA274848523BE283
527624028 13791 30250 4EE7085CEDDA6FB668A4DE5B80E4B539AE9E6B334989DD72DA7A68BE66471565
527626429 10161 15970 2D2DA98EEB2A02D73316C1724224B3D9D5E21A2D71E5F88454339769E5E1DB01
527630400 51720 11205 F13587BC89FE4882C7C889302511FFD738D136129B9F5BE4C492CB4948A93A89
527624992 2065 35285 2393954AC75318BF7821DD01A7DE5A3DEE13EEEAF7D24A1F4AABBC68972E754A
527629339 27524 64099 F13587BC89FE4882C7C889302511FFD738D136129B9F5BE4C492CB4948A93A89
527628577 13473 47782 8659EEEDA98C6EA06B40E4E6E5D3062038266CEEF5488D73790B09D84C1E45FC
527641013 283 11682 21150E9D5D472394092F57C0F031EE73ED012C4AFE3971EC8562577E7218FEF6
527641005 54116 35037 F13587BC89FE4882C7C889302511FFD738D136129B9F5BE4C492CB4948A93A89
527623131 45898 28758 F13587BC89FE4882C7C889302511FFD738D136129B9F5BE4C492CB4948A93A89
527625638 35296 38037 F13587BC89FE4882C7C889302511FFD738D136129B9F5BE4C492CB4948A93A89
527627763 37917 14734 F624BDA8FC984BED7443CF8E9232E933C52E80D838ADECBDFB5E9E449858357E
527628925 45457 22276 16B1C8BFA4625029B69C0CE1E3CB5D242F8B621566DA6F77EB9392A8F9EB6E1F
527630060 20028 13013 F13587BC89FE4882C7C889302511FFD738D136129B9F5BE4C492CB4948A93A89
527624832 27537 1989 E4E00F0AD257753FD4A8A7B4E376724A80D44A4351B254FE5C4DE1794F16A150
527620163 59412 20437 F13587BC89FE4882C7C889302511FFD738D136129B9F5BE4C492CB4948A93A89
527629843 17873 51088 28CCB8AB269C839271A93DFC1E0995066C60A1EC93C5CC848B9BDB4CACBE8CA9
527624896 28408 47506 F13587BC89FE4882C7C889302511FFD738D136129B9F5BE4C492CB4948A93A89
527632737 11195 52373 AD40848FA8F1E2177A7C9A467B7DC2994F6B5CB2C0E4A3A022634FE84B7EBCF8
527627416 6114 12339 F13587BC89FE4882C7C889302511FFD738D136129B9F5BE4C492CB4948A93A89
527635164 25876 40982 F13587BC89FE4882C7C889302511FFD738D136129B9F5BE4C492CB4948A93A89
527629427 7003 31035 0EE94165D76958950BC7564AC997581925980FD6991FBB15D624491F6EE1DBDE
527621689 17005 50427 A6299FC5EB5A6A133CE024A4E5659001ECA9EC9B05A8B7BCF574EEC211192DCF
527622382 5852 11483 F13587BC89FE4882C7C889302511FFD738D136129B9F5BE4C492CB4948A93A89
527631998 26758 60750 F13587BC89FE4882C7C889302511FFD738D136129B9F5BE4C492CB4948A93A89
527626578 62282 59375 F13587BC89FE4882C7C889302511FFD738D136129B9F5BE4C492CB4948A93A89
527632943 59053 14355 E4137317ECD85970461B761BE687AA15FDA46C3A8595597D431DBBEA0ECFAA75
527623393 55553 2916 A9001886088F2C3E654CDABF7E76262E2CCFB9155718EAE1C8BB0A5F10CE0FA8
527621541 47275 32257 FBAFB9FA080DD94C5D6E6C5A7E50AA79666B589049D84F9195C34D257E787E63
527631098 47431 43693 5E2D7DF9BB0BC1000B660ED7DA9329B3EBF2B8AC107698CD9C6F44281445FB96
527620196 14710 2098 F13587BC89FE4882C7C889302511FFD738D136129B9F5BE4C492CB4948A93A89
527633006 29715 2847 66AFA1FE52371055CE9BF1798970C590DDAA75E52025348CC4F97DB1E1C07428
527629551 8771 37172 50A1E49CB0CE73E59BC891E9D67A5A87013886F5FA44105ECAA26F6FFEE4A387

Total of 0 tasks calculated error.
