Total of 100 tasks calculated correctly, accuracy 100.00% 
741774710 34842 61364 F13587BC89FE4882C7C889302511FFD738D136129B9F5BE4C492CB4948A93A89
741768519 51260 55357 F13587BC89FE4882C7C889302511FFD738D136129B9F5BE4C492CB4948A93A89
741772005 10534 42268 F13587BC89FE4882C7C889302511FFD738D136129B9F5BE4C492CB4948A93A89
741773626 24283 52806 34564F1316BBD5FA2751907FEF8C368819192D35A8B11BC86047D00FE9CBE6E3
741774935 34590 2026 F13587BC89FE4882C7C889302511FFD738D136129B9F5BE4C492CB4948A93A89
741781929 54126 16288 F13587BC89FE4882C7C889302511FFD738D136129B9F5BE4C492CB4948A93A89
741768842 47199 5396 E44123B551FD194D867927624ECC45D6C59DFC3F6F534D49EA8D66F1466B0519
741768888 38561 8187 DFB85C503D4A53998245B391048F568C675A4A1FE204563C6E92AE10636F6F44
741772318 34026 57357 F13587BC89FE4882C7C889302511FFD738D136129B9F5BE4C492CB4948A93A89
741783838 33001 13735 CEE79957655D61A30A8C1E66068215EB1B8751366AE472F3350C166852111DF1
741777266 44623 29393 69F77FE9C145AE72730D1B35475D05937ADE012D71C725D0A7EAA95D7D00486B
741768391 65197 39528 1F0A7E8F0AC40E2E6BD85313BF9B22ABA32A239D6F6D19F00CDA443156FBCED5
741782641 14235 40611 CC1D4BA993189D2E14C1C21EB6FCA1CB5261F0DC50B1CDAF60414DE61724DD80
741762614 63469 53347 4DDF56EBB7462433DD71C2B74CAC8B3969C38BEA7CC081DA896DBB857E65FD48
741769421 52820 33710 F13587BC89FE4882C7C889302511FFD738D136129B9F5BE4C492CB4948A93A89
741770971 45627 8465 9B1B56FE8C7D4881061D8897C9CCD0705D7E771C30846D00E7C3F7D2A740DC0D
741779591 12458 21811 F13587BC89FE4882C7C889302511FFD738D136129B9F5BE4C492CB4948A93A89
741780898 11829 64120 42BA524C06CD962CCE8E7E0DED78591B89E306A8541B198D8B24C0EB05C2CAFC
741772474 62153 44078 389180E5D8A9FB84DC979D5069DE4C6C0BB5829A248E77E81AE42D6F6367C66A
741768971 17740 54975 F13587BC89FE4882C7C889302511FFD738D136129B9F5BE4C492CB4948A93A89
741777868 9960 16806 F13587BC89FE4882C7C889302511FFD738D136129B9F5BE4C492CB4948A93A89
741764709 42433 14589 8C2458CA40F079F5B9F58CC49D96045E71D600A79C32280A0E37BACC9CBE444D
741778385 26700 28360 F13587BC89FE4882C7C889302511FFD738D136129B9F5BE4C492CB4948A93A89
741780231 51823 59080 38D730731FF85DE82F56371FF853793ECA2E70AB91D15009193184363BB8BC45
741764484 30011 49726 E476ADBA15E92B1092B7D9AFD8489A2B148645E816C38B91F836C47DE6CFA4DD
741780958 37783 1010 DE666A2D067427E0D3DECFAD2C1D5046266C08D0BAD619036781050C8B949E14
741773384 3359 48423 985F72178AF89C4F36CDA2A2FF37A7BD93BCF1C6A00B85468CB7F1FAD0851B81
741768811 48668 50998 F13587BC89FE4882C7C889302511FFD738D136129B9F5BE4C492CB4948A93A89
741769396 4690 47679 F13587BC89FE4882C7C889302511FFD738D136129B9F5BE4C492CB4948A93A89
741763497 55544 15596 F13587BC89FE4882C7C889302511FFD738D136129B9F5BE4C492CB4948A93A89
741765044 38856 17214 F13587BC89FE4882C7C889302511FFD738D136129B9F5BE4C492CB4948A93A89
741769220 6596 58709 F13587BC89FE4882C7C889302511FFD738D136129B9F5BE4C492CB4948A93A89
741762000 47141 14804 F6A0BD7D2DB47E0B3450A17545EBD707C6E6F033E8F4DDB13231295959207AE0
741781785 53779 7847 1D81B2E1686FD2B7339B7CD6DA32310E044ACE20DDCD2A7525829F3D80E320AF
741775466 9691 20229 15DBBA4884B92859D356B2C518DF36C9CEEB870861C5336871776FCAA892C8B8
741782232 62422 60362 F13587BC89FE4882C7C889302511FFD738D136129B9F5BE4C492CB4948A93A89
741776949 52606 47416 F13587BC89FE4882C7C889302511FFD738D136129B9F5BE4C492CB4948A93A89
741765856 26977 46149 48432B930BE9A4FC6D3FAFC278600EF4E85C0673CBD1F959C5D8D5501ECC0C15
741766583 45862 52066 F13587BC89FE4882C7C889302511FFD738D136129B9F5BE4C492CB4948A93A89
741781154 43218 52576 F13587BC89FE4882C7C889302511FFD738D136129B9F5BE4C492CB4948A93A89
741773996 36168 16551 F13587BC89FE4882C7C889302511FFD738D136129B9F5BE4C492CB4948A93A89
741766093 5771 65358 228885068CBD24A8E40021ADF0B9E1E2A0A8EFF59DA8681A12B177C6455E12F9
741765066 37507 57413 2FBFA18CF5C66795F200FEBBC22637B6BFC04792D39ECBA402E617BCA8EB06BA
741774293 13976 11041 F13587BC89FE4882C7C889302511FFD738D136129B9F5BE4C492CB4948A93A89
741766681 21908 63638 F13587BC89FE4882C7C889302511FFD738D136129B9F5BE4C492CB4948A93A89
741765360 62815 43469 E27D3E748631EFF35A1B66331966BE3F64CA00E67EBBC3F2540F7A4DBB8EB503
741774235 50815 61846 9367C49C953E3CC23C1D93257B9600C3087368467050113D30FF0681D7B88D32
741769837 32028 26871 F13587BC89FE4882C7C889302511FFD738D136129B9F5BE4C492CB4948A93A89
741774003 332 2442 F13587BC89FE4882C7C889302511FFD738D136129B9F5BE4C492CB4948A93A89
741769682 44587 38628 D24B7C23E2E197CC3FDA9F00E573E97A8BE92741DF7B8B2E0A96885BD91FF8C6
741775146 26541 25395 9DAA8A5162EEDF28F66ECC166A3CF972ACB42669A12B9E794907A3D1DF7B63EC
741782470 40859 63052 BF64C9B97434C389489E6776970110AD4E087C1829B1131B997A1B0637EE8A79
741780596 3393 39752 C2C1F7D2A87A60D52D357D3868D90CFB43464C75970945108AC51CDA28A39171
741768282 20712 39175 F13587BC89FE4882C7C889302511FFD738D136129B9F5BE4C492CB4948A93A89
741762747 48874 40721 F13587BC89FE4882C7C889302511FFD738D136129B9F5BE4C492CB4948A93A89
741770879 14327 47384 C262955CC13A72011E3856229A55B1E2239C86807DB2652AB8CD06B953FF51F3
741775907 55418 20059 F13587BC89FE4882C7C889302511FFD738D136129B9F5BE4C492CB4948A93A89
741764026 6646 30882 F13587BC89FE4882C7C889302511FFD738D136129B9F5BE4C492CB4948A93A89
741774462 93 37056 B81CE85F624549D8A7868A3DA7458541A248D07AA3C4997731E46FF6DBF161A3
741762307 45619 1824 7B31F3B8094E9991A74842D34F402596EF8A67BD4116245AEF868EE62E3F5807
741770356 48466 39817 F13587BC89FE4882C7C889302511FFD738D136129B9F5BE4C492CB4948A93A89
741769036 16315 2686 3C21927894F040F6E9DCEB3272F31225D405A49F92EB7BBF3146D7B09C23196B
741776199 3763 6617 0C98D8E764C6D776CB1F8965AB2DA43F7CA212F2EA0ED42206AA2F68B5B9C516
741781475 31760 1082 F13587BC89FE4882C7C889302511FFD738D136129B9F5BE4C492CB4948A93A89
741776802 24730 34854 F13587BC89FE4882C7C889302511FFD738D136129B9F5BE4C492CB4948A93A89
741764742 45161 46176 6E209E5AFD95F6B566FA288CA470060FBAE163F16D5D317F404124267696CF52
741762203 11639 12314 0BA89328C5F1F81B5C94679417AC4A547D07C1BB1734EA420EFDD9224E79C6E9
741775633 52144 39860 F13587BC89FE4882C7C889302511FFD738D136129B9F5BE4C492CB4948A93A89
741776264 18269 32553 6C7A8122A7D217C1D28819A17FA9F042F8731D9FE9A0322DA0C4C90F206717B4
741765821 58398 41584 F13587BC89FE4882C7C889302511FFD738D136129B9F5BE4C492CB4948A93A89
741764160 46796 38492 F13587BC89FE4882C7C889302511FFD738D136129B9F5BE4C492CB4948A93A89
741768450 9722 48816 F13587BC89FE4882C7C889302511FFD738D136129B9F5BE4C492CB4948A93A89
741763031 42393 48860 F3DD384E7195F534F29F04DD35B252A9E4FD9DD9B335264EEF55F6496E0D5C91
741778345 25353 53111 E5D6DAEA9272420C879648A90580AF87F38099FD346BD346AB030FE1E4540374
741781790 35412 37274 F13587BC89FE4882C7C889302511FFD738D136129B9F5BE4C492CB4948A93A89
741780266 5762 3192 F13587BC89FE4882C7C889302511FFD738D136129B9F5BE4C492CB4948A93A89
741768736 21877 37931 64D3549BAB8F2567738F5CAFEEA190C604C7A47B04B48631F71131783922A808
741770563 30603 13551 715EBB81DDA9A05F4753413604783CE55042C8913069D4D8000610474F39675D
741762478 62996 26552 F13587BC89FE4882C7C889302511FFD738D136129B9F5BE4C492CB4948A93A89
741777853 41453 23185 10ACA64261AE4178F7BD9C35E44EC5AB305F9B573A8E6A394142D4A0DC6D1E49
741763560 52215 23420 B2F4511160ADDB43D7DFD2830DB3AE94A9AB697FB75D1D5E2383634B6CD47839
741765534 52257 61015 403D4C2A61F6A9C6E715D55287754F58A07744BC0B1156DA03ACA19A05772408
741776294 58035 23231 BC2C5CEAC5AFB7E55CDA0D49C3CCEE644DDC21773712588F44A17926A6AE9BB7
741775126 4649 15131 4B635418DCB31EFE41D3EDF77B23501FAA21535B5B6F348C169527A92BB27557
741781979 9647 16720 C04A655982BE2B415CA0DE2CA3D0B64B2D94DB2069FE31B4DFA47B546E114B60
741767505 8896 10352 F13587BC89FE4882C7C889302511FFD738D136129B9F5BE4C492CB4948A93A89
741773819 39871 12034 6EBF5553CF50BF402F6BA2E602DA900EE17280F9AA4D335A2DFB34E2BF134EC9
741783617 54755 56094 4ABBFB4992F56419BB6C5554EB454D78202A54C48A60F8386037D80B4D8EFE68
741769992 54613 41977 E51090F204BC5FCBC7060E0908F3207138D0DA862DCC4BE36C84869E6C9FBC2A
741782648 12500 60383 F13587BC89FE4882C7C889302511FFD738D136129B9F5BE4C492CB4948A93A89
741769106 53852 63925 F13587BC89FE4882C7C889302511FFD738D136129B9F5BE4C492CB4948A93A89
741764068 60353 50239 534D552A1A9BF69B79935CDED46E4FEEFA36752ED4AB42C561A9FC725C286E05
741774237 3206 13782 F13587BC89FE4882C7C889302511FFD738D136129B9F5BE4C492CB4948A93A89
741778824 39495 37195 74D30016B80F29B752D8749BCD6E9A7839D8B535CE897A74AE115C93B38B199A
741765880 8346 26001 F13587BC89FE4882C7C889302511FFD738D136129B9F5BE4C492CB4948A93A89
741768587 40607 24287 5D0F7ACC5375FED684B4C7BD8ABDB9DE48CFA7253BA8F3FD015253CBCCC71913
741771491 12178 15079 F13587BC89FE4882C7C889302511FFD738D136129B9F5BE4C492CB4948A93A89
741769534 26032 26740 F13587BC89FE4882C7C889302511FFD738D136129B9F5BE4C492CB4948A93A89
741779584 21816 26837 F13587BC89FE4882C7C889302511FFD738D136129B9F5BE4C492CB4948A93A89
741782209 62539 55848 BCA8B9BD3EB28133514B5EA3675BB21B9C849346973E7D68FD193EA9F552BA80

Total of 0 tasks calculated error.
