Total of 100 tasks calculated correctly, accuracy 100.00% 
848859330 42446 61203 F13587BC89FE4882C7C889302511FFD738D136129B9F5BE4C492CB4948A93A89
848849359 7259 44132 2AADC0625944EDF4E5542582DAA016CF7E61D5D292D1A67D173EFD9F8EC347D0
848845483 30095 25372 79879BCB1B107E0C3E972CD12C46C6B761974B1B27A6EFE95659F5769CA11465
848847280 34984 33638 F13587BC89FE4882C7C889302511FFD738D136129B9F5BE4C492CB4948A93A89
848858129 51496 46042 F13587BC89FE4882C7C889302511FFD738D136129B9F5BE4C492CB4948A93A89
848854602 49945 35069 A4ECFC8F82CC98A8BB99321E9B5C2628E5FD7CB88520887B6A799786554370DB
848857254 20828 41292 F13587BC89FE4882C7C889302511FFD738D136129B9F5BE4C492CB4948A93A89
848845296 44698 64808 F13587BC89FE4882C7C889302511FFD738D136129B9F5BE4C492CB4948A93A89
848849182 43843 63285 8E5E343564921BA57B55D5398FD9F1E4B5B11A13CE8B6680028B231AC4D728C1
848854859 24220 51691 F13587BC89FE4882C7C889302511FFD738D136129B9F5BE4C492CB4948A93A89
848849853 21875 47370 ED872FB1172B94A300DFBB865F6B176DEBB90ADF1861A61F537B791A274C7AE8
848851085 53300 27774 F13587BC89FE4882C7C889302511FFD738D136129B9F5BE4C492CB4948A93A89
848848941 57777 12273 07CC2432B17EE3B244B34722F5D0470744573DDACC60CB52293076CD5A82FD58
848862730 44494 54523 F13587BC89FE4882C7C889302511FFD738D136129B9F5BE4C492CB4948A93A89
848850126 1302 34374 F13587BC89FE4882C7C889302511FFD738D136129B9F5BE4C492CB4948A93A89
848860438 2462 11298 F13587BC89FE4882C7C889302511FFD738D136129B9F5BE4C492CB4948A93A89
848868343 29825 43384 69518FCF1AC6F63463F900414C8DB8D045DD274B9882C400E9C999FA88A7AA4C
848858901 42199 18334 940AF2E7A2E54E78BFC8FFF753AAE262EBEC1ECF17F8F7FFAA06C711BBA9EE1B
848846768 23819 20073 D40547ED62ECB1C55D7DACC94A7677C46FCFA322E634A29BB8A9291C65A0149E
848846017 56863 19990 CC769308B4895671F82387999B344A9727A2BC087EAF1FED2149E36FBF2C3233
848852588 33551 52892 7B51B86E81A4800B8B901C1CC99D1C07B2D3C2EFE835545B6BC12D77CC811A06
848854913 57092 30372 F13587BC89FE4882C7C889302511FFD738D136129B9F5BE4C492CB4948A93A89
848860686 16873 24019 8E07A5DD8827F70CDA1BEBE40DEAFBF99FFE26E4226B05D699B81C622C9DA478
848852175 28986 25181 F13587BC89FE4882C7C889302511FFD738D136129B9F5BE4C492CB4948A93A89
848846457 37068 64510 F13587BC89FE4882C7C889302511FFD738D136129B9F5BE4C492CB4948A93A89
848845455 26761 12497 F9D71B397C924CD4809DD07E04787885FE3AADA0DF997B7CF4AC7B65ED9B8C52
848847775 26238 52382 F13587BC89FE4882C7C889302511FFD738D136129B9F5BE4C492CB4948A93A89
848846590 35641 38747 144774FC4C19995841E91015D8906418F3F373D4438D50046F6E85486B32184A
848863445 48539 8102 4A7C2C84360EA0E9A5360FD73DEAF902206C6A624CA867F6FD2EAB81FE51CE3F
848853268 50264 19340 F13587BC89FE4882C7C889302511FFD738D136129B9F5BE4C492CB4948A93A89
848846010 20718 18962 F13587BC89FE4882C7C889302511FFD738D136129B9F5BE4C492CB4948A93A89
848853130 31025 9938 B7B32740C29326DE35030475012F560A4816BFADE1BAB685066F38995C6C5DF6
848868501 8836 21853 F13587BC89FE4882C7C889302511FFD738D136129B9F5BE4C492CB4948A93A89
848855810 23925 26960 30CF5AB4EAC1FB9434B56F31FF6A31EFC344A7649467905A5BFF07ADA06462C4
848858177 31390 2004 F13587BC89FE4882C7C889302511FFD738D136129B9F5BE4C492CB4948A93A89
848862396 8241 60896 012FC70962B900DF63B161282662D71CAEEE45ADA44ECED2405B9B110465E24E
848861271 18215 31872 E28323C48086593D1DFFA363762E5AAC3F43872D976A6FFA381CF9D589143A87
848850188 56177 41610 FE85B619D21A335069D9536F150A82AD9E82DAA5B7584E4E50083227F9A0480F
848852306 345 3736 C26CC983CC6F19097D9703886ACCEA73A37F6EB084C7A889462A587D20355FCA
848855073 53517 44852 FEA7F33AB39117E8E0246D9E365B28756178A9FABD1C399C22F46550D45A7DD6
848857978 21457 50646 60A3C2FAB7BD45AC30FBF55212387757BD6568129EF6692B442C29B9AF5911C0
848862549 13608 57624 F13587BC89FE4882C7C889302511FFD738D136129B9F5BE4C492CB4948A93A89
848860445 35208 2114 F13587BC89FE4882C7C889302511FFD738D136129B9F5BE4C492CB4948A93A89
848857494 63606 5785 F13587BC89FE4882C7C889302511FFD738D136129B9F5BE4C492CB4948A93A89
848850825 40424 29607 F13587BC89FE4882C7C889302511FFD738D136129B9F5BE4C492CB4948A93A89
848848376 12664 59632 F13587BC89FE4882C7C889302511FFD738D136129B9F5BE4C492CB4948A93A89
848853669 58587 42233 C24C49CA1C3E48D038C5485B8C08DADA7229CF35CEF9DA95794E35E63C00E948
848853196 44103 25530 9641FD9D113C20FB6DDD71ED0DD28C85C6D1D7974F74016BC917637514863457
848855438 47192 7252 F13587BC89FE4882C7C889302511FFD738D136129B9F5BE4C492CB4948A93A89
848858749 16096 33883 F13587BC89FE4882C7C889302511FFD738D136129B9F5BE4C492CB4948A93A89
848844728 3670 59252 F13587BC89FE4882C7C889302511FFD738D136129B9F5BE4C492CB4948A93A89
848860233 26117 25730 B75228854E889EC462A7A5A7B9109B1D279A5FA30E2A08F21532568AD6D69C54
848868514 2109 30376 A8EF21A436D45A81F425C6F616BAE1D4261A76FDE1C8CD0C1AE8EB8EE9A7D677
848845219 35474 56326 F13587BC89FE4882C7C889302511FFD738D136129B9F5BE4C492CB4948A93A89
848847609 6002 589 F13587BC89FE4882C7C889302511FFD738D136129B9F5BE4C492CB4948A93A89
848855550 61690 6930 F13587BC89FE4882C7C889302511FFD738D136129B9F5BE4C492CB4948A93A89
848849287 27694 26632 F13587BC89FE4882C7C889302511FFD738D136129B9F5BE4C492CB4948A93A89
848860451 1477 23343 0288869FE5C9B2EA459FABF67F179B49A6E81652369D756288EE58E420F32036
848851722 39621 19474 82366A8E82855EBE986B338F89E4341C3B35BA764B5D09E16C4FEDC186C637CC
848848215 36149 29095 B085CB2F43D8F2E6AB0DC97C29631E2F3887C523EB4AEF81FDFEF6B9D6E0352E
848848943 1731 12228 6606E542C2D9DBD7AD6C3A8AA32D317DB064D962E87FF7757DA930393DAC63DF
848850851 2476 9200 F13587BC89FE4882C7C889302511FFD738D136129B9F5BE4C492CB4948A93A89
848853324 35300 58338 F13587BC89FE4882C7C889302511FFD738D136129B9F5BE4C492CB4948A93A89
848845716 11606 53534 F13587BC89FE4882C7C889302511FFD738D136129B9F5BE4C492CB4948A93A89
848855513 59463 7049 B1CCD1A8273FC90DD352EBE2C27103CA0C83AB80BD09466B6AFF8F0BCF054A83
848851159 578 27409 F13587BC89FE4882C7C889302511FFD738D136129B9F5BE4C492CB4948A93A89
848857472 28731 25104 71BD3C96A0BDC4303665510F9411BA8BDD72AB40DF892E69D800C719747798B7
848853333 34931 29917 2AFB810CD51115DA71068D24386D90D6695EAF12A8F416B8666F1186E20902CB
848859498 13092 1019 F13587BC89FE4882C7C889302511FFD738D136129B9F5BE4C492CB4948A93A89
848855279 61671 55005 B38E41A1C9B4A8783C638A893ED05E4A06AC79CE26DAEA174AEA91745D899CEB
848861452 51344 15669 F13587BC89FE4882C7C889302511FFD738D136129B9F5BE4C492CB4948A93A89
848845139 45427 29700 34B088FDE972F169F3396A36CA4DE3DD26A9082540A52C222AE2EA0D45E11782
848844762 62675 187 6AFEA810932009DAA7C4E4AE6DCF9C2B753994F2FC8B12728556E72433610CCB
848854858 45467 42852 074D3A1BAAA90F756D097B4B59FDFBDE527A00BDCFDEF81DA8E223CD590BEF31
848856643 9808 46578 F13587BC89FE4882C7C889302511FFD738D136129B9F5BE4C492CB4948A93A89
848853661 24578 57252 F13587BC89FE4882C7C889302511FFD738D136129B9F5BE4C492CB4948A93A89
848862891 42290 47748 F13587BC89FE4882C7C889302511FFD738D136129B9F5BE4C492CB4948A93A89
848863749 62151 58419 3B461AB025D8297D9F8D21DBB741CA1ED7855EBC3A1115F79C3130BBEF2E2EF3
848868060 13140 19 4000C56284C50132DD48DC630A8A376A2B86C438A166396DB5ABC8218271D5D4
848855970 42682 38604 F13587BC89FE4882C7C889302511FFD738D136129B9F5BE4C492CB4948A93A89
848845522 47576 38616 F13587BC89FE4882C7C889302511FFD738D136129B9F5BE4C492CB4948A93A89
848847526 444 64146 F13587BC89FE4882C7C889302511FFD738D136129B9F5BE4C492CB4948A93A89
848862195 12927 20725 88A1E486DD0793CF2BD360C4B7A181FEA5E6241F80CB19A03F12486DE0C320CE
848850901 25661 37204 243BA4054E48D3A6FF918A8E13EA6BC1AEC2C56F0A8E1ACB6763E18B2E881FE5
848860774 34303 16919 074387F30FFC9C2D58288686B3D415D73EA977DC7D1A3E37F6C2F09A8F78092E
848848620 26240 54265 F13587BC89FE4882C7C889302511FFD738D136129B9F5BE4C492CB4948A93A89
848861388 54346 5138 F13587BC89FE4882C7C889302511FFD738D136129B9F5BE4C492CB4948A93A89
848852876 13866 64179 F13587BC89FE4882C7C889302511FFD738D136129B9F5BE4C492CB4948A93A89
848844297 11054 27298 F13587BC89FE4882C7C889302511FFD738D136129B9F5BE4C492CB4948A93A89
848858547 33890 35063 F13587BC89FE4882C7C889302511FFD738D136129B9F5BE4C492CB4948A93A89
848868456 47498 20743 F13587BC89FE4882C7C889302511FFD738D136129B9F5BE4C492CB4948A93A89
848860757 10997 14393 EA6C10EA6279575686BB5B8910040658428F1FBFFC9362BD3B86B2BC4845C2A7
848857447 13282 57627 F13587BC89FE4882C7C889302511FFD738D136129B9F5BE4C492CB4948A93A89
848850818 38568 14200 F13587BC89FE4882C7C889302511FFD738D136129B9F5BE4C492CB4948A93A89
848856594 23540 33137 F13587BC89FE4882C7C889302511FFD738D136129B9F5BE4C492CB4948A93A89
848844898 49822 32943 F13587BC89FE4882C7C889302511FFD738D136129B9F5BE4C492CB4948A93A89
848845521 12650 42047 F13587BC89FE4882C7C889302511FFD738D136129B9F5BE4C492CB4948A93A89
848868034 21234 35489 F13587BC89FE4882C7C889302511FFD738D136129B9F5BE4C492CB4948A93A89
848848594 36144 7657 F13587BC89FE4882C7C889302511FFD738D136129B9F5BE4C492CB4948A93A89
848848864 5103 42559 0997C6A87D7E9BE6ADD2671BFCEEE634EE6A90CCAF23F6F814B325B7DE1AF0E2

Total of 0 tasks calculated error.
